5 0.00 0.67 0.16 0.83 0.432108
4 0.79 0.44 0.86 0.55 0.521872
4 0.69 0.67 0.76 0.84 0.497737
4 0.91 0.70 0.99 0.85 0.519308
3 0.97 0.22 0.99 0.25 0.428988
4 0.83 0.30 0.88 0.37 0.525084
4 0.82 0.14 0.86 0.19 0.448753
4 0.71 0.43 0.77 0.53 0.518093
4 0.87 0.08 0.90 0.12 0.459311
4 0.85 0.20 0.89 0.25 0.438998
4 0.98 0.03 1.00 0.05 0.388429
4 0.86 0.16 0.90 0.20 0.403788
5 0.02 0.67 0.16 0.78 0.367081
1 0.54 0.46 0.56 0.50 0.345332
1 0.48 0.78 0.50 0.85 0.405266
4 0.98 0.00 1.00 0.03 0.345767
1 0.79 0.15 0.80 0.19 0.374052
2 0.58 0.21 0.60 0.25 0.285573
6 0.77 0.11 0.79 0.15 0.290932
1 0.82 0.09 0.83 0.12 0.336809
1 0.74 0.31 0.75 0.35 0.292427
1 0.90 -0.00 0.91 0.02 0.300826
4 0.14 0.78 0.24 0.93 0.267928
3 0.88 0.00 0.89 0.03 0.350466
1 0.43 0.47 0.45 0.51 0.291187
6 0.73 0.16 0.77 0.21 0.244528
5 0.80 0.02 0.83 0.06 0.332241
3 0.77 0.14 0.78 0.16 0.225016
1 0.96 0.08 0.97 0.11 0.315335
1 0.97 0.21 0.99 0.25 0.299044
4 0.76 0.09 0.79 0.13 0.308387
4 0.80 0.05 0.82 0.08 0.313196
4 0.37 0.17 0.43 0.21 0.312960
2 0.37 0.22 0.38 0.25 0.238292
7 0.45 0.43 0.54 0.50 0.234529
2 0.79 0.09 0.81 0.11 0.223621
2 0.57 0.14 0.58 0.17 0.209701
2 0.74 0.30 0.76 0.35 0.278330
4 0.31 0.10 0.35 0.12 0.209279
6 0.14 0.72 0.28 0.93 0.267348
2 0.85 0.00 0.86 0.02 0.206145
7 0.36 0.42 0.43 0.50 0.201279
2 0.97 0.21 0.99 0.23 0.202068
4 0.99 0.10 1.00 0.13 0.288936
6 0.14 0.71 0.52 0.93 0.222753
9 0.81 0.00 0.84 0.05 0.225509
3 0.96 0.09 0.97 0.11 0.206142
4 464.19 0.43 464.25 0.53 0.534501
4 464.39 0.70 464.47 0.85 0.562432
4 464.28 0.44 464.34 0.55 0.528790
4 464.30 0.14 464.34 0.19 0.460520
4 464.35 0.08 464.39 0.12 0.475407
4 464.17 0.67 464.24 0.84 0.493997
7 464.65 0.62 464.71 0.67 0.428456
4 464.31 0.30 464.36 0.37 0.538047
4 464.33 0.20 464.37 0.25 0.459021
4 464.48 0.09 464.51 0.13 0.438204
1 464.72 0.61 464.74 0.69 0.442367
4 464.34 0.16 464.38 0.20 0.437155
1 464.27 0.15 464.28 0.19 0.383599
4 464.46 0.03 464.48 0.05 0.394904
2 464.30 0.09 464.31 0.12 0.357808
4 464.46 0.00 464.48 0.03 0.347160
3 464.52 0.54 464.54 0.60 0.295339
1 464.64 0.06 464.65 0.10 0.303573
1 464.22 0.31 464.23 0.35 0.262180
7 464.71 0.17 464.73 0.20 0.292950
4 464.28 0.05 464.30 0.08 0.351754
1 464.67 0.61 464.69 0.66 0.381097
1 464.02 0.46 464.04 0.50 0.269037
1 464.07 0.22 464.08 0.25 0.292951
1 464.44 0.08 464.45 0.11 0.302544
5 464.28 0.02 464.32 0.06 0.268315
3 464.45 0.22 464.47 0.25 0.331614
6 464.22 0.18 464.25 0.21 0.206570
2 464.45 0.21 464.47 0.25 0.304262
6 464.25 0.11 464.27 0.14 0.220561
3 464.69 0.14 464.70 0.17 0.246279
3 464.09 0.35 464.12 0.40 0.212031
2 464.83 0.26 464.85 0.32 0.250466
4 464.24 0.09 464.27 0.13 0.203399
7 464.75 0.25 464.78 0.28 0.272913
2 464.80 0.31 464.81 0.33 0.212331
3 464.36 0.00 464.37 0.03 0.303350
6 464.25 0.12 464.27 0.16 0.235536
2 464.45 0.21 464.47 0.23 0.220054
4 464.24 0.11 464.25 0.13 0.215999
2 464.84 0.29 464.85 0.32 0.203517
2 464.76 0.25 464.78 0.28 0.210205
6 464.28 0.00 464.32 0.06 0.270892
2 464.38 0.00 464.39 0.02 0.261952
4 464.60 0.35 464.63 0.39 0.253598
2 464.28 0.09 464.29 0.11 0.200346
3 464.44 0.09 464.45 0.11 0.219489
2 464.05 0.14 464.06 0.17 0.201981
2 464.33 0.00 464.34 0.02 0.207845
4 464.62 0.00 464.64 0.02 0.225162
2 464.52 0.54 464.54 0.58 0.273554
2 464.01 0.45 464.04 0.50 0.201146
1 464.72 0.61 464.74 0.69 0.200672
2 464.22 0.30 464.24 0.35 0.259333
6 464.22 0.16 464.25 0.21 0.252129
5 0.00 0.67 0.16 0.83 0.432108
4 0.79 0.44 0.86 0.55 0.521872
4 0.69 0.67 0.76 0.84 0.497737
4 0.91 0.70 0.99 0.85 0.519308
3 0.97 0.22 0.99 0.25 0.428988
4 0.83 0.30 0.88 0.37 0.525084
4 0.82 0.14 0.86 0.19 0.448753
4 0.71 0.43 0.77 0.53 0.518093
4 0.87 0.08 0.90 0.12 0.459311
4 0.85 0.20 0.89 0.25 0.438998
4 0.98 0.03 1.00 0.05 0.388429
4 0.86 0.16 0.90 0.20 0.403788
5 0.02 0.67 0.16 0.78 0.367081
1 0.54 0.46 0.56 0.50 0.345332
1 0.48 0.78 0.50 0.85 0.405266
4 0.98 0.00 1.00 0.03 0.345767
1 0.79 0.15 0.80 0.19 0.374052
2 0.58 0.21 0.60 0.25 0.285573
6 0.77 0.11 0.79 0.15 0.290932
1 0.82 0.09 0.83 0.12 0.336809
1 0.74 0.31 0.75 0.35 0.292427
1 0.90 -0.00 0.91 0.02 0.300826
4 0.14 0.78 0.24 0.93 0.267928
3 0.88 0.00 0.89 0.03 0.350466
1 0.43 0.47 0.45 0.51 0.291187
6 0.73 0.16 0.77 0.21 0.244528
5 0.80 0.02 0.83 0.06 0.332241
3 0.77 0.14 0.78 0.16 0.225016
1 0.96 0.08 0.97 0.11 0.315335
1 0.97 0.21 0.99 0.25 0.299044
4 0.76 0.09 0.79 0.13 0.308387
4 0.80 0.05 0.82 0.08 0.313196
4 0.37 0.17 0.43 0.21 0.312960
2 0.37 0.22 0.38 0.25 0.238292
7 0.45 0.43 0.54 0.50 0.234529
2 0.79 0.09 0.81 0.11 0.223621
2 0.57 0.14 0.58 0.17 0.209701
2 0.74 0.30 0.76 0.35 0.278330
4 0.31 0.10 0.35 0.12 0.209279
6 0.14 0.72 0.28 0.93 0.267348
2 0.85 0.00 0.86 0.02 0.206145
7 0.36 0.42 0.43 0.50 0.201279
2 0.97 0.21 0.99 0.23 0.202068
4 0.99 0.10 1.00 0.13 0.288936
6 0.14 0.71 0.52 0.93 0.222753
9 0.81 0.00 0.84 0.05 0.225509
3 0.96 0.09 0.97 0.11 0.206142
4 464.19 0.43 464.25 0.53 0.534501
4 464.39 0.70 464.47 0.85 0.562432
4 464.28 0.44 464.34 0.55 0.528790
4 464.30 0.14 464.34 0.19 0.460520
4 464.35 0.08 464.39 0.12 0.475407
4 464.17 0.67 464.24 0.84 0.493997
7 464.65 0.62 464.71 0.67 0.428456
4 464.31 0.30 464.36 0.37 0.538047
4 464.33 0.20 464.37 0.25 0.459021
4 464.48 0.09 464.51 0.13 0.438204
1 464.72 0.61 464.74 0.69 0.442367
4 464.34 0.16 464.38 0.20 0.437155
1 464.27 0.15 464.28 0.19 0.383599
4 464.46 0.03 464.48 0.05 0.394904
2 464.30 0.09 464.31 0.12 0.357808
4 464.46 0.00 464.48 0.03 0.347160
3 464.52 0.54 464.54 0.60 0.295339
1 464.64 0.06 464.65 0.10 0.303573
1 464.22 0.31 464.23 0.35 0.262180
7 464.71 0.17 464.73 0.20 0.292950
4 464.28 0.05 464.30 0.08 0.351754
1 464.67 0.61 464.69 0.66 0.381097
1 464.02 0.46 464.04 0.50 0.269037
1 464.07 0.22 464.08 0.25 0.292951
1 464.44 0.08 464.45 0.11 0.302544
5 464.28 0.02 464.32 0.06 0.268315
3 464.45 0.22 464.47 0.25 0.331614
6 464.22 0.18 464.25 0.21 0.206570
2 464.45 0.21 464.47 0.25 0.304262
6 464.25 0.11 464.27 0.14 0.220561
3 464.69 0.14 464.70 0.17 0.246279
3 464.09 0.35 464.12 0.40 0.212031
2 464.83 0.26 464.85 0.32 0.250466
4 464.24 0.09 464.27 0.13 0.203399
7 464.75 0.25 464.78 0.28 0.272913
2 464.80 0.31 464.81 0.33 0.212331
3 464.36 0.00 464.37 0.03 0.303350
6 464.25 0.12 464.27 0.16 0.235536
2 464.45 0.21 464.47 0.23 0.220054
4 464.24 0.11 464.25 0.13 0.215999
2 464.84 0.29 464.85 0.32 0.203517
2 464.76 0.25 464.78 0.28 0.210205
6 464.28 0.00 464.32 0.06 0.270892
2 464.38 0.00 464.39 0.02 0.261952
4 464.60 0.35 464.63 0.39 0.253598
2 464.28 0.09 464.29 0.11 0.200346
3 464.44 0.09 464.45 0.11 0.219489
2 464.05 0.14 464.06 0.17 0.201981
2 464.33 0.00 464.34 0.02 0.207845
4 464.62 0.00 464.64 0.02 0.225162
2 464.52 0.54 464.54 0.58 0.273554
2 464.01 0.45 464.04 0.50 0.201146
1 464.72 0.61 464.74 0.69 0.200672
2 464.22 0.30 464.24 0.35 0.259333
6 464.22 0.16 464.25 0.21 0.252129
