4 0.71 0.50 0.76 0.55 0.464260
1 0.43 0.83 0.45 0.88 0.531699
4 0.42 0.75 0.54 0.81 0.472842
4 0.73 0.71 0.85 0.80 0.405981
4 0.47 0.55 0.52 0.61 0.380995
4 0.83 0.29 0.87 0.32 0.412855
4 0.75 0.43 0.79 0.48 0.429831
4 0.95 0.78 1.00 0.84 0.499997
4 0.16 0.97 0.23 1.00 0.335061
4 0.86 0.24 0.89 0.27 0.402472
4 0.62 0.53 0.68 0.59 0.441873
4 0.90 0.20 0.92 0.23 0.394607
4 0.59 0.64 0.63 0.73 0.425796
4 0.67 0.59 0.72 0.67 0.383257
4 0.08 0.95 0.16 1.00 0.325468
4 0.80 0.35 0.83 0.39 0.393869
3 0.63 0.63 0.64 0.66 0.312560
4 0.00 0.93 0.03 0.99 0.329101
4 0.95 0.04 0.98 0.05 0.374501
4 0.41 0.43 0.46 0.47 0.347273
4 0.93 0.16 0.95 0.18 0.343435
4 0.45 0.43 0.50 0.48 0.337754
4 0.56 0.23 0.60 0.26 0.274422
4 0.96 0.10 0.98 0.12 0.358679
4 0.67 0.13 0.70 0.15 0.276139
4 0.49 0.68 0.56 0.75 0.358267
4 0.82 0.03 0.85 0.05 0.324335
4 0.00 0.94 0.10 1.00 0.327586
4 0.56 0.39 0.60 0.43 0.290277
4 0.94 0.13 0.97 0.15 0.331094
4 0.72 0.31 0.75 0.33 0.318376
6 0.34 0.36 0.38 0.39 0.321822
2 0.80 0.64 0.86 0.70 0.249485
4 0.36 0.55 0.42 0.61 0.309171
2 0.91 0.66 0.93 0.71 0.321016
4 0.58 0.44 0.62 0.49 0.316069
4 0.57 0.32 0.61 0.36 0.280489
4 0.52 0.38 0.57 0.43 0.310006
4 0.41 0.54 0.47 0.61 0.311026
4 0.32 0.54 0.38 0.60 0.281737
4 0.60 0.41 0.63 0.45 0.308064
2 0.93 0.67 0.95 0.71 0.303384
4 0.77 0.17 0.79 0.20 0.244910
4 0.48 0.38 0.53 0.43 0.293300
4 0.72 0.17 0.74 0.20 0.249579
4 0.58 0.20 0.61 0.23 0.261913
4 0.52 0.28 0.56 0.31 0.255486
4 0.49 0.43 0.54 0.49 0.309187
4 0.69 0.29 0.72 0.31 0.270729
4 0.59 0.29 0.62 0.32 0.276573
4 0.44 0.93 0.49 0.98 0.209587
4 0.68 0.24 0.71 0.27 0.260926
4 0.79 0.12 0.81 0.15 0.253968
4 0.70 0.02 0.73 0.04 0.307628
4 0.74 0.17 0.76 0.20 0.249197
4 0.77 0.12 0.79 0.15 0.252086
4 0.79 0.04 0.83 0.06 0.236334
4 0.54 0.04 0.57 0.06 0.224641
4 0.73 0.21 0.75 0.23 0.259045
4 0.70 0.21 0.72 0.24 0.256902
3 0.30 0.39 0.33 0.41 0.229866
4 0.60 0.23 0.62 0.26 0.274977
2 0.38 0.38 0.39 0.41 0.235400
2 0.62 0.61 0.64 0.65 0.268945
4 0.81 0.13 0.83 0.15 0.259780
4 0.72 0.23 0.74 0.27 0.245036
4 0.76 0.04 0.78 0.06 0.240155
4 0.80 0.16 0.82 0.18 0.235788
4 0.69 0.17 0.71 0.20 0.229337
3 0.71 0.95 0.73 1.00 0.235943
4 0.61 0.16 0.64 0.19 0.229721
4 0.64 0.14 0.66 0.15 0.227534
4 0.66 0.29 0.69 0.33 0.254635
4 0.62 0.29 0.66 0.32 0.267046
4 0.75 0.07 0.77 0.09 0.216302
4 0.61 0.32 0.65 0.36 0.275574
4 0.87 0.05 0.91 0.06 0.246800
4 0.67 0.21 0.69 0.24 0.245525
4 0.69 0.15 0.71 0.17 0.236779
4 0.61 0.21 0.64 0.23 0.246938
4 0.66 0.23 0.68 0.27 0.255967
2 0.84 0.65 0.86 0.70 0.289570
4 0.99 0.08 1.00 0.10 0.289236
4 0.64 0.32 0.67 0.36 0.244998
4 0.73 0.16 0.75 0.18 0.246456
4 0.53 0.31 0.58 0.35 0.239731
4 0.66 0.15 0.69 0.18 0.203361
4 0.56 0.29 0.59 0.32 0.244077
4 0.54 0.44 0.58 0.47 0.214252
4 0.50 0.30 0.54 0.35 0.241579
4 0.75 0.22 0.77 0.25 0.229691
2 0.87 0.89 0.89 0.93 0.225360
2 0.82 0.65 0.84 0.69 0.259073
2 0.57 0.16 0.58 0.19 0.212637
4 0.55 0.03 0.58 0.05 0.229502
2 0.81 0.65 0.82 0.69 0.260518
4 0.64 0.17 0.66 0.19 0.214671
4 0.75 0.16 0.77 0.18 0.221332
6 0.62 0.01 0.63 0.03 0.208493
2 0.45 0.81 0.47 0.84 0.208817
4 0.44 0.39 0.48 0.42 0.200076
1 0.85 0.34 0.86 0.37 0.221021
3 0.80 0.66 0.82 0.69 0.205717
4 464.43 0.78 464.55 0.86 0.502908
4 464.50 0.88 464.64 0.98 0.535779
4 464.72 0.63 464.77 0.71 0.433170
4 464.21 0.71 464.33 0.80 0.401441
4 464.19 0.50 464.24 0.55 0.461517
4 464.32 0.29 464.35 0.32 0.372378
4 464.62 0.72 464.71 0.82 0.426952
4 464.84 0.90 464.92 1.00 0.441583
4 464.10 0.53 464.16 0.59 0.434596
4 464.23 0.43 464.27 0.48 0.415608
4 464.74 0.54 464.79 0.61 0.382950
4 464.86 0.62 464.93 0.69 0.394831
4 464.38 0.20 464.40 0.23 0.373000
3 464.68 0.92 464.70 0.96 0.350299
1 464.89 0.50 464.91 0.53 0.359472
4 464.00 0.68 464.04 0.75 0.380980
4 464.28 0.35 464.32 0.39 0.383994
4 464.34 0.24 464.38 0.27 0.377096
1 464.73 0.89 464.75 0.95 0.387797
1 464.11 0.61 464.13 0.66 0.362992
4 464.07 0.64 464.12 0.73 0.382518
4 464.93 0.51 464.98 0.57 0.399631
1 464.39 0.66 464.41 0.71 0.350138
4 464.15 0.59 464.20 0.67 0.359296
4 464.82 0.54 464.87 0.60 0.356603
6 464.76 0.21 464.82 0.29 0.357270
4 464.98 0.66 465.00 0.73 0.383739
1 464.42 0.67 464.43 0.71 0.329054
1 464.69 0.90 464.71 0.95 0.377496
3 464.73 0.91 464.74 0.95 0.435567
4 464.41 0.16 464.43 0.18 0.336735
4 464.00 0.76 464.02 0.81 0.345630
3 464.89 0.51 464.91 0.53 0.312124
4 464.80 0.42 464.84 0.47 0.297275
4 464.44 0.10 464.46 0.12 0.349000
4 464.71 0.32 464.75 0.36 0.293568
4 464.81 0.48 464.86 0.53 0.325981
3 464.11 0.63 464.13 0.66 0.321079
4 464.75 0.38 464.79 0.43 0.299628
4 464.68 0.35 464.71 0.39 0.294219
4 464.73 0.42 464.77 0.47 0.309483
1 464.32 0.65 464.34 0.69 0.324797
4 464.78 0.13 464.81 0.16 0.244900
4 464.44 0.04 464.46 0.05 0.305005
4 464.04 0.39 464.08 0.43 0.276268
4 464.80 0.37 464.83 0.41 0.288464
4 464.78 0.33 464.82 0.37 0.277845
4 464.42 0.13 464.45 0.15 0.297199
4 464.82 0.28 464.86 0.32 0.264407
4 464.20 0.31 464.23 0.33 0.277970
4 464.47 0.08 464.49 0.10 0.312886
1 464.33 0.34 464.34 0.37 0.282121
4 464.05 0.23 464.08 0.26 0.244354
4 464.89 0.72 464.95 0.81 0.333095
4 464.71 0.15 464.73 0.18 0.257951
4 464.06 0.44 464.10 0.49 0.304582
4 464.71 0.07 464.73 0.09 0.240459
4 464.06 0.32 464.09 0.36 0.253830
4 464.72 0.19 464.74 0.22 0.258094
1 464.19 0.94 464.21 1.00 0.249280
4 464.30 0.03 464.34 0.05 0.270754
4 464.67 0.49 464.74 0.56 0.259964
4 464.25 0.17 464.28 0.20 0.244364
4 464.78 0.07 464.80 0.10 0.202708
4 464.00 0.38 464.01 0.42 0.232854
4 464.69 0.04 464.71 0.06 0.247015
4 464.67 0.55 464.71 0.62 0.344260
4 464.15 0.13 464.18 0.15 0.228412
4 464.74 0.29 464.76 0.33 0.271448
1 464.35 0.89 464.37 0.93 0.282751
4 464.27 0.12 464.29 0.15 0.243251
4 464.77 0.11 464.79 0.13 0.227240
4 464.72 0.22 464.75 0.26 0.265946
3 464.29 0.66 464.31 0.69 0.276154
6 464.76 0.02 464.77 0.06 0.264517
4 464.74 0.26 464.77 0.29 0.259569
4 464.25 0.12 464.27 0.15 0.245016
4 464.76 0.18 464.79 0.21 0.262363
4 464.70 0.12 464.73 0.15 0.218295
4 464.20 0.17 464.22 0.20 0.228427
4 464.07 0.29 464.10 0.32 0.258609
4 464.30 0.13 464.31 0.15 0.243891
4 464.08 0.23 464.11 0.26 0.241782
4 464.80 0.18 464.83 0.20 0.226510
1 464.29 0.65 464.30 0.69 0.311154
4 464.17 0.24 464.19 0.27 0.217423
4 464.01 0.39 464.05 0.43 0.270018
4 464.20 0.23 464.23 0.27 0.233637
4 464.70 0.10 464.72 0.12 0.236653
4 464.78 0.29 464.82 0.32 0.264497
4 464.78 0.03 464.79 0.04 0.204273
4 464.01 0.28 464.04 0.31 0.250598
4 464.21 0.21 464.23 0.24 0.237101
4 464.08 0.41 464.11 0.45 0.278383
4 464.22 0.17 464.25 0.20 0.228850
4 464.21 0.16 464.23 0.18 0.227217
4 464.12 0.14 464.14 0.15 0.200781
4 464.00 0.43 464.02 0.48 0.258464
3 464.19 0.96 464.21 1.00 0.248276
7 464.23 0.07 464.26 0.09 0.221799
4 464.24 0.04 464.27 0.06 0.217679
4 464.68 0.03 464.70 0.04 0.208854
4 464.17 0.29 464.20 0.31 0.213252
4 464.76 0.15 464.78 0.18 0.225990
4 464.27 0.04 464.31 0.06 0.218481
4 464.11 0.29 464.14 0.32 0.237612
4 464.18 0.03 464.21 0.04 0.249503
4 464.12 0.17 464.14 0.19 0.220769
4 464.14 0.23 464.16 0.27 0.228665
4 464.09 0.16 464.12 0.19 0.216492
4 464.68 0.20 464.69 0.22 0.213656
4 464.09 0.32 464.13 0.36 0.238798
4 464.85 0.23 464.86 0.25 0.209838
4 464.17 0.17 464.19 0.20 0.207785
5 464.95 0.83 465.00 1.00 0.228239
4 464.15 0.21 464.18 0.24 0.228080
2 464.31 0.65 464.32 0.69 0.277630
4 464.18 0.21 464.21 0.24 0.234940
4 464.92 0.79 465.00 0.89 0.278004
2 464.29 0.64 464.34 0.69 0.224318
4 464.14 0.29 464.17 0.33 0.231300
6 464.68 0.43 464.73 0.49 0.212487
4 464.00 0.30 464.02 0.34 0.213466
4 464.82 0.25 464.85 0.28 0.233685
4 464.10 0.21 464.12 0.23 0.212998
4 464.13 0.33 464.15 0.36 0.204872
4 464.68 0.41 464.72 0.44 0.239860
4 464.07 0.20 464.09 0.23 0.221077
4 464.82 0.23 464.84 0.25 0.206183
4 464.80 0.20 464.83 0.22 0.200959
6 464.73 0.03 464.76 0.07 0.243649
6 464.72 0.01 464.74 0.03 0.230937
3 464.67 0.92 464.70 0.96 0.242947
4 464.03 0.29 464.07 0.32 0.215034
4 0.71 0.50 0.76 0.55 0.464260
1 0.43 0.83 0.45 0.88 0.531699
4 0.42 0.75 0.54 0.81 0.472842
4 0.73 0.71 0.85 0.80 0.405981
4 0.47 0.55 0.52 0.61 0.380995
4 0.83 0.29 0.87 0.32 0.412855
4 0.75 0.43 0.79 0.48 0.429831
4 0.95 0.78 1.00 0.84 0.499997
4 0.16 0.97 0.23 1.00 0.335061
4 0.86 0.24 0.89 0.27 0.402472
4 0.62 0.53 0.68 0.59 0.441873
4 0.90 0.20 0.92 0.23 0.394607
4 0.59 0.64 0.63 0.73 0.425796
4 0.67 0.59 0.72 0.67 0.383257
4 0.08 0.95 0.16 1.00 0.325468
4 0.80 0.35 0.83 0.39 0.393869
3 0.63 0.63 0.64 0.66 0.312560
4 0.00 0.93 0.03 0.99 0.329101
4 0.95 0.04 0.98 0.05 0.374501
4 0.41 0.43 0.46 0.47 0.347273
4 0.93 0.16 0.95 0.18 0.343435
4 0.45 0.43 0.50 0.48 0.337754
4 0.56 0.23 0.60 0.26 0.274422
4 0.96 0.10 0.98 0.12 0.358679
4 0.67 0.13 0.70 0.15 0.276139
4 0.49 0.68 0.56 0.75 0.358267
4 0.82 0.03 0.85 0.05 0.324335
4 0.00 0.94 0.10 1.00 0.327586
4 0.56 0.39 0.60 0.43 0.290277
4 0.94 0.13 0.97 0.15 0.331094
4 0.72 0.31 0.75 0.33 0.318376
6 0.34 0.36 0.38 0.39 0.321822
2 0.80 0.64 0.86 0.70 0.249485
4 0.36 0.55 0.42 0.61 0.309171
2 0.91 0.66 0.93 0.71 0.321016
4 0.58 0.44 0.62 0.49 0.316069
4 0.57 0.32 0.61 0.36 0.280489
4 0.52 0.38 0.57 0.43 0.310006
4 0.41 0.54 0.47 0.61 0.311026
4 0.32 0.54 0.38 0.60 0.281737
4 0.60 0.41 0.63 0.45 0.308064
2 0.93 0.67 0.95 0.71 0.303384
4 0.77 0.17 0.79 0.20 0.244910
4 0.48 0.38 0.53 0.43 0.293300
4 0.72 0.17 0.74 0.20 0.249579
4 0.58 0.20 0.61 0.23 0.261913
4 0.52 0.28 0.56 0.31 0.255486
4 0.49 0.43 0.54 0.49 0.309187
4 0.69 0.29 0.72 0.31 0.270729
4 0.59 0.29 0.62 0.32 0.276573
4 0.44 0.93 0.49 0.98 0.209587
4 0.68 0.24 0.71 0.27 0.260926
4 0.79 0.12 0.81 0.15 0.253968
4 0.70 0.02 0.73 0.04 0.307628
4 0.74 0.17 0.76 0.20 0.249197
4 0.77 0.12 0.79 0.15 0.252086
4 0.79 0.04 0.83 0.06 0.236334
4 0.54 0.04 0.57 0.06 0.224641
4 0.73 0.21 0.75 0.23 0.259045
4 0.70 0.21 0.72 0.24 0.256902
3 0.30 0.39 0.33 0.41 0.229866
4 0.60 0.23 0.62 0.26 0.274977
2 0.38 0.38 0.39 0.41 0.235400
2 0.62 0.61 0.64 0.65 0.268945
4 0.81 0.13 0.83 0.15 0.259780
4 0.72 0.23 0.74 0.27 0.245036
4 0.76 0.04 0.78 0.06 0.240155
4 0.80 0.16 0.82 0.18 0.235788
4 0.69 0.17 0.71 0.20 0.229337
3 0.71 0.95 0.73 1.00 0.235943
4 0.61 0.16 0.64 0.19 0.229721
4 0.64 0.14 0.66 0.15 0.227534
4 0.66 0.29 0.69 0.33 0.254635
4 0.62 0.29 0.66 0.32 0.267046
4 0.75 0.07 0.77 0.09 0.216302
4 0.61 0.32 0.65 0.36 0.275574
4 0.87 0.05 0.91 0.06 0.246800
4 0.67 0.21 0.69 0.24 0.245525
4 0.69 0.15 0.71 0.17 0.236779
4 0.61 0.21 0.64 0.23 0.246938
4 0.66 0.23 0.68 0.27 0.255967
2 0.84 0.65 0.86 0.70 0.289570
4 0.99 0.08 1.00 0.10 0.289236
4 0.64 0.32 0.67 0.36 0.244998
4 0.73 0.16 0.75 0.18 0.246456
4 0.53 0.31 0.58 0.35 0.239731
4 0.66 0.15 0.69 0.18 0.203361
4 0.56 0.29 0.59 0.32 0.244077
4 0.54 0.44 0.58 0.47 0.214252
4 0.50 0.30 0.54 0.35 0.241579
4 0.75 0.22 0.77 0.25 0.229691
2 0.87 0.89 0.89 0.93 0.225360
2 0.82 0.65 0.84 0.69 0.259073
2 0.57 0.16 0.58 0.19 0.212637
4 0.55 0.03 0.58 0.05 0.229502
2 0.81 0.65 0.82 0.69 0.260518
4 0.64 0.17 0.66 0.19 0.214671
4 0.75 0.16 0.77 0.18 0.221332
6 0.62 0.01 0.63 0.03 0.208493
2 0.45 0.81 0.47 0.84 0.208817
4 0.44 0.39 0.48 0.42 0.200076
1 0.85 0.34 0.86 0.37 0.221021
3 0.80 0.66 0.82 0.69 0.205717
4 464.43 0.78 464.55 0.86 0.502908
4 464.50 0.88 464.64 0.98 0.535779
4 464.72 0.63 464.77 0.71 0.433170
4 464.21 0.71 464.33 0.80 0.401441
4 464.19 0.50 464.24 0.55 0.461517
4 464.32 0.29 464.35 0.32 0.372378
4 464.62 0.72 464.71 0.82 0.426952
4 464.84 0.90 464.92 1.00 0.441583
4 464.10 0.53 464.16 0.59 0.434596
4 464.23 0.43 464.27 0.48 0.415608
4 464.74 0.54 464.79 0.61 0.382950
4 464.86 0.62 464.93 0.69 0.394831
4 464.38 0.20 464.40 0.23 0.373000
3 464.68 0.92 464.70 0.96 0.350299
1 464.89 0.50 464.91 0.53 0.359472
4 464.00 0.68 464.04 0.75 0.380980
4 464.28 0.35 464.32 0.39 0.383994
4 464.34 0.24 464.38 0.27 0.377096
1 464.73 0.89 464.75 0.95 0.387797
1 464.11 0.61 464.13 0.66 0.362992
4 464.07 0.64 464.12 0.73 0.382518
4 464.93 0.51 464.98 0.57 0.399631
1 464.39 0.66 464.41 0.71 0.350138
4 464.15 0.59 464.20 0.67 0.359296
4 464.82 0.54 464.87 0.60 0.356603
6 464.76 0.21 464.82 0.29 0.357270
4 464.98 0.66 465.00 0.73 0.383739
1 464.42 0.67 464.43 0.71 0.329054
1 464.69 0.90 464.71 0.95 0.377496
3 464.73 0.91 464.74 0.95 0.435567
4 464.41 0.16 464.43 0.18 0.336735
4 464.00 0.76 464.02 0.81 0.345630
3 464.89 0.51 464.91 0.53 0.312124
4 464.80 0.42 464.84 0.47 0.297275
4 464.44 0.10 464.46 0.12 0.349000
4 464.71 0.32 464.75 0.36 0.293568
4 464.81 0.48 464.86 0.53 0.325981
3 464.11 0.63 464.13 0.66 0.321079
4 464.75 0.38 464.79 0.43 0.299628
4 464.68 0.35 464.71 0.39 0.294219
4 464.73 0.42 464.77 0.47 0.309483
1 464.32 0.65 464.34 0.69 0.324797
4 464.78 0.13 464.81 0.16 0.244900
4 464.44 0.04 464.46 0.05 0.305005
4 464.04 0.39 464.08 0.43 0.276268
4 464.80 0.37 464.83 0.41 0.288464
4 464.78 0.33 464.82 0.37 0.277845
4 464.42 0.13 464.45 0.15 0.297199
4 464.82 0.28 464.86 0.32 0.264407
4 464.20 0.31 464.23 0.33 0.277970
4 464.47 0.08 464.49 0.10 0.312886
1 464.33 0.34 464.34 0.37 0.282121
4 464.05 0.23 464.08 0.26 0.244354
4 464.89 0.72 464.95 0.81 0.333095
4 464.71 0.15 464.73 0.18 0.257951
4 464.06 0.44 464.10 0.49 0.304582
4 464.71 0.07 464.73 0.09 0.240459
4 464.06 0.32 464.09 0.36 0.253830
4 464.72 0.19 464.74 0.22 0.258094
1 464.19 0.94 464.21 1.00 0.249280
4 464.30 0.03 464.34 0.05 0.270754
4 464.67 0.49 464.74 0.56 0.259964
4 464.25 0.17 464.28 0.20 0.244364
4 464.78 0.07 464.80 0.10 0.202708
4 464.00 0.38 464.01 0.42 0.232854
4 464.69 0.04 464.71 0.06 0.247015
4 464.67 0.55 464.71 0.62 0.344260
4 464.15 0.13 464.18 0.15 0.228412
4 464.74 0.29 464.76 0.33 0.271448
1 464.35 0.89 464.37 0.93 0.282751
4 464.27 0.12 464.29 0.15 0.243251
4 464.77 0.11 464.79 0.13 0.227240
4 464.72 0.22 464.75 0.26 0.265946
3 464.29 0.66 464.31 0.69 0.276154
6 464.76 0.02 464.77 0.06 0.264517
4 464.74 0.26 464.77 0.29 0.259569
4 464.25 0.12 464.27 0.15 0.245016
4 464.76 0.18 464.79 0.21 0.262363
4 464.70 0.12 464.73 0.15 0.218295
4 464.20 0.17 464.22 0.20 0.228427
4 464.07 0.29 464.10 0.32 0.258609
4 464.30 0.13 464.31 0.15 0.243891
4 464.08 0.23 464.11 0.26 0.241782
4 464.80 0.18 464.83 0.20 0.226510
1 464.29 0.65 464.30 0.69 0.311154
4 464.17 0.24 464.19 0.27 0.217423
4 464.01 0.39 464.05 0.43 0.270018
4 464.20 0.23 464.23 0.27 0.233637
4 464.70 0.10 464.72 0.12 0.236653
4 464.78 0.29 464.82 0.32 0.264497
4 464.78 0.03 464.79 0.04 0.204273
4 464.01 0.28 464.04 0.31 0.250598
4 464.21 0.21 464.23 0.24 0.237101
4 464.08 0.41 464.11 0.45 0.278383
4 464.22 0.17 464.25 0.20 0.228850
4 464.21 0.16 464.23 0.18 0.227217
4 464.12 0.14 464.14 0.15 0.200781
4 464.00 0.43 464.02 0.48 0.258464
3 464.19 0.96 464.21 1.00 0.248276
7 464.23 0.07 464.26 0.09 0.221799
4 464.24 0.04 464.27 0.06 0.217679
4 464.68 0.03 464.70 0.04 0.208854
4 464.17 0.29 464.20 0.31 0.213252
4 464.76 0.15 464.78 0.18 0.225990
4 464.27 0.04 464.31 0.06 0.218481
4 464.11 0.29 464.14 0.32 0.237612
4 464.18 0.03 464.21 0.04 0.249503
4 464.12 0.17 464.14 0.19 0.220769
4 464.14 0.23 464.16 0.27 0.228665
4 464.09 0.16 464.12 0.19 0.216492
4 464.68 0.20 464.69 0.22 0.213656
4 464.09 0.32 464.13 0.36 0.238798
4 464.85 0.23 464.86 0.25 0.209838
4 464.17 0.17 464.19 0.20 0.207785
5 464.95 0.83 465.00 1.00 0.228239
4 464.15 0.21 464.18 0.24 0.228080
2 464.31 0.65 464.32 0.69 0.277630
4 464.18 0.21 464.21 0.24 0.234940
4 464.92 0.79 465.00 0.89 0.278004
2 464.29 0.64 464.34 0.69 0.224318
4 464.14 0.29 464.17 0.33 0.231300
6 464.68 0.43 464.73 0.49 0.212487
4 464.00 0.30 464.02 0.34 0.213466
4 464.82 0.25 464.85 0.28 0.233685
4 464.10 0.21 464.12 0.23 0.212998
4 464.13 0.33 464.15 0.36 0.204872
4 464.68 0.41 464.72 0.44 0.239860
4 464.07 0.20 464.09 0.23 0.221077
4 464.82 0.23 464.84 0.25 0.206183
4 464.80 0.20 464.83 0.22 0.200959
6 464.73 0.03 464.76 0.07 0.243649
6 464.72 0.01 464.74 0.03 0.230937
3 464.67 0.92 464.70 0.96 0.242947
4 464.03 0.29 464.07 0.32 0.215034
