9 0.16 0.30 0.31 0.36 0.492668
4 0.37 0.60 0.44 0.65 0.595401
4 0.36 0.51 0.42 0.54 0.540929
6 0.30 0.29 0.46 0.37 0.425790
4 0.89 0.01 0.92 0.04 0.468064
4 0.82 0.21 0.85 0.26 0.456485
4 0.98 0.63 1.00 0.68 0.420783
4 0.12 0.31 0.16 0.34 0.430555
4 0.58 0.87 0.61 0.96 0.520128
4 0.85 0.05 0.87 0.08 0.465863
4 0.55 0.29 0.58 0.33 0.365309
6 0.07 0.56 0.22 0.63 0.328805
1 0.50 0.28 0.51 0.30 0.313999
1 0.52 0.28 0.53 0.30 0.306243
1 0.47 0.20 0.48 0.23 0.277165
1 0.89 0.28 0.91 0.32 0.311741
4 0.78 0.61 0.80 0.68 0.415942
4 0.00 0.45 0.04 0.50 0.278168
6 0.33 0.27 0.40 0.30 0.296949
6 0.86 0.78 0.89 0.80 0.248332
6 0.16 0.27 0.46 0.38 0.200290
1 0.65 0.26 0.66 0.28 0.263734
6 0.91 0.32 0.98 0.39 0.273626
4 0.56 0.75 0.59 0.76 0.230515
4 0.21 0.36 0.30 0.40 0.268151
4 0.21 0.36 0.27 0.38 0.239595
4 0.74 0.07 0.76 0.09 0.201090
4 0.08 0.28 0.09 0.30 0.231282
2 0.58 0.26 0.59 0.30 0.210540
1 0.59 0.43 0.60 0.46 0.254408
3 0.89 0.30 0.91 0.32 0.214992
6 0.16 0.27 0.47 0.40 0.207635
2 0.68 0.25 0.69 0.27 0.245490
2 0.65 0.09 0.65 0.11 0.201550
5 504.55 0.27 504.65 0.35 0.405468
4 504.33 0.00 504.35 0.04 0.429910
4 504.26 0.21 504.29 0.27 0.403281
4 504.29 0.05 504.31 0.08 0.414088
6 504.50 0.15 504.54 0.18 0.311360
6 504.35 0.32 504.42 0.39 0.365019
1 504.09 0.26 504.10 0.28 0.254916
4 504.00 0.29 504.02 0.34 0.274516
6 504.55 0.14 504.60 0.18 0.281138
1 504.33 0.28 504.34 0.32 0.283903
4 504.01 0.87 504.05 0.96 0.418299
9 504.30 0.78 504.32 0.81 0.262019
4 504.21 0.61 504.24 0.68 0.394097
4 504.42 0.62 504.46 0.68 0.358440
1 504.03 0.43 504.04 0.47 0.230464
6 504.37 0.01 504.39 0.03 0.207007
6 504.37 -0.00 504.42 0.04 0.200450
4 504.67 0.00 504.69 0.02 0.248447
4 504.79 0.07 504.83 0.10 0.209270
4 504.18 0.07 504.20 0.09 0.206661
2 504.12 0.25 504.13 0.27 0.209533
2 504.63 0.14 504.70 0.18 0.251881
6 504.55 0.14 504.62 0.18 0.253253
6 504.50 0.15 504.55 0.18 0.227098
4 504.43 0.62 504.46 0.67 0.225935
9 0.16 0.30 0.31 0.36 0.492668
4 0.37 0.60 0.44 0.65 0.595401
4 0.36 0.51 0.42 0.54 0.540929
6 0.30 0.29 0.46 0.37 0.425790
4 0.89 0.01 0.92 0.04 0.468064
4 0.82 0.21 0.85 0.26 0.456485
4 0.98 0.63 1.00 0.68 0.420783
4 0.12 0.31 0.16 0.34 0.430555
4 0.58 0.87 0.61 0.96 0.520128
4 0.85 0.05 0.87 0.08 0.465863
4 0.55 0.29 0.58 0.33 0.365309
6 0.07 0.56 0.22 0.63 0.328805
1 0.50 0.28 0.51 0.30 0.313999
1 0.52 0.28 0.53 0.30 0.306243
1 0.47 0.20 0.48 0.23 0.277165
1 0.89 0.28 0.91 0.32 0.311741
4 0.78 0.61 0.80 0.68 0.415942
4 0.00 0.45 0.04 0.50 0.278168
6 0.33 0.27 0.40 0.30 0.296949
6 0.86 0.78 0.89 0.80 0.248332
6 0.16 0.27 0.46 0.38 0.200290
1 0.65 0.26 0.66 0.28 0.263734
6 0.91 0.32 0.98 0.39 0.273626
4 0.56 0.75 0.59 0.76 0.230515
4 0.21 0.36 0.30 0.40 0.268151
4 0.21 0.36 0.27 0.38 0.239595
4 0.74 0.07 0.76 0.09 0.201090
4 0.08 0.28 0.09 0.30 0.231282
2 0.58 0.26 0.59 0.30 0.210540
1 0.59 0.43 0.60 0.46 0.254408
3 0.89 0.30 0.91 0.32 0.214992
6 0.16 0.27 0.47 0.40 0.207635
2 0.68 0.25 0.69 0.27 0.245490
2 0.65 0.09 0.65 0.11 0.201550
5 504.55 0.27 504.65 0.35 0.405468
4 504.33 0.00 504.35 0.04 0.429910
4 504.26 0.21 504.29 0.27 0.403281
4 504.29 0.05 504.31 0.08 0.414088
6 504.50 0.15 504.54 0.18 0.311360
6 504.35 0.32 504.42 0.39 0.365019
1 504.09 0.26 504.10 0.28 0.254916
4 504.00 0.29 504.02 0.34 0.274516
6 504.55 0.14 504.60 0.18 0.281138
1 504.33 0.28 504.34 0.32 0.283903
4 504.01 0.87 504.05 0.96 0.418299
9 504.30 0.78 504.32 0.81 0.262019
4 504.21 0.61 504.24 0.68 0.394097
4 504.42 0.62 504.46 0.68 0.358440
1 504.03 0.43 504.04 0.47 0.230464
6 504.37 0.01 504.39 0.03 0.207007
6 504.37 -0.00 504.42 0.04 0.200450
4 504.67 0.00 504.69 0.02 0.248447
4 504.79 0.07 504.83 0.10 0.209270
4 504.18 0.07 504.20 0.09 0.206661
2 504.12 0.25 504.13 0.27 0.209533
2 504.63 0.14 504.70 0.18 0.251881
6 504.55 0.14 504.62 0.18 0.253253
6 504.50 0.15 504.55 0.18 0.227098
4 504.43 0.62 504.46 0.67 0.225935
