1 0.67 0.14 0.68 0.17 0.425682
4 0.93 0.40 1.00 0.49 0.447565
4 0.78 0.84 0.88 0.99 0.527610
4 0.68 0.52 0.77 0.58 0.402061
4 0.00 0.75 0.08 0.88 0.458675
1 0.58 0.12 0.61 0.17 0.375203
1 0.39 0.22 0.41 0.25 0.284076
4 0.00 0.18 0.07 0.28 0.329689
3 0.38 0.24 0.40 0.27 0.314216
1 0.75 0.10 0.76 0.15 0.289182
1 0.52 0.05 0.55 0.12 0.310052
3 0.38 0.24 0.41 0.27 0.243841
1 0.58 0.08 0.60 0.11 0.290157
1 0.79 0.06 0.80 0.09 0.236045
1 0.34 0.70 0.38 0.72 0.203337
2 0.52 0.05 0.61 0.17 0.204842
4 0.97 0.86 1.00 0.94 0.224661
1 0.67 0.14 0.68 0.17 0.218428
1 504.10 0.14 504.12 0.17 0.440901
4 504.21 0.84 504.32 0.99 0.587866
4 504.12 0.52 504.21 0.58 0.570388
4 504.91 0.77 505.00 0.92 0.515596
4 504.94 0.00 505.00 0.06 0.533660
4 504.37 0.39 504.47 0.49 0.637443
5 504.73 0.63 504.94 0.89 0.422446
4 504.62 0.13 504.71 0.23 0.613193
1 504.01 0.12 504.05 0.17 0.379121
4 504.41 0.74 504.42 0.76 0.239401
1 504.18 0.10 504.20 0.15 0.272022
1 504.23 0.06 504.24 0.10 0.274804
1 504.02 0.08 504.03 0.11 0.292686
4 504.41 0.88 504.50 0.98 0.314270
2 504.00 0.08 504.02 0.12 0.206220
1 504.10 0.14 504.12 0.17 0.302188
4 504.00 0.86 504.02 0.90 0.206692
1 0.67 0.14 0.68 0.17 0.425682
4 0.93 0.40 1.00 0.49 0.447565
4 0.78 0.84 0.88 0.99 0.527610
4 0.68 0.52 0.77 0.58 0.402061
4 0.00 0.75 0.08 0.88 0.458675
1 0.58 0.12 0.61 0.17 0.375203
1 0.39 0.22 0.41 0.25 0.284076
4 0.00 0.18 0.07 0.28 0.329689
3 0.38 0.24 0.40 0.27 0.314216
1 0.75 0.10 0.76 0.15 0.289182
1 0.52 0.05 0.55 0.12 0.310052
3 0.38 0.24 0.41 0.27 0.243841
1 0.58 0.08 0.60 0.11 0.290157
1 0.79 0.06 0.80 0.09 0.236045
1 0.34 0.70 0.38 0.72 0.203337
2 0.52 0.05 0.61 0.17 0.204842
4 0.97 0.86 1.00 0.94 0.224661
1 0.67 0.14 0.68 0.17 0.218428
1 504.10 0.14 504.12 0.17 0.440901
4 504.21 0.84 504.32 0.99 0.587866
4 504.12 0.52 504.21 0.58 0.570388
4 504.91 0.77 505.00 0.92 0.515596
4 504.94 0.00 505.00 0.06 0.533660
4 504.37 0.39 504.47 0.49 0.637443
5 504.73 0.63 504.94 0.89 0.422446
4 504.62 0.13 504.71 0.23 0.613193
1 504.01 0.12 504.05 0.17 0.379121
4 504.41 0.74 504.42 0.76 0.239401
1 504.18 0.10 504.20 0.15 0.272022
1 504.23 0.06 504.24 0.10 0.274804
1 504.02 0.08 504.03 0.11 0.292686
4 504.41 0.88 504.50 0.98 0.314270
2 504.00 0.08 504.02 0.12 0.206220
1 504.10 0.14 504.12 0.17 0.302188
4 504.00 0.86 504.02 0.90 0.206692
