4 0.54 0.08 0.57 0.13 0.542059
4 0.43 0.19 0.46 0.22 0.446287
4 0.03 0.49 0.20 0.64 0.343693
4 0.09 0.64 0.17 0.74 0.286062
4 0.84 0.51 0.89 0.59 0.366020
4 0.79 0.00 0.81 0.03 0.223177
4 0.79 0.00 0.81 0.04 0.200760
4 504.28 0.51 504.33 0.59 0.375895
4 504.23 0.00 504.25 0.04 0.313002
4 0.54 0.08 0.57 0.13 0.542059
4 0.43 0.19 0.46 0.22 0.446287
4 0.03 0.49 0.20 0.64 0.343693
4 0.09 0.64 0.17 0.74 0.286062
4 0.84 0.51 0.89 0.59 0.366020
4 0.79 0.00 0.81 0.03 0.223177
4 0.79 0.00 0.81 0.04 0.200760
4 504.28 0.51 504.33 0.59 0.375895
4 504.23 0.00 504.25 0.04 0.313002
