4 0.67 0.61 0.71 0.68 0.504497
7 0.65 0.75 0.69 0.83 0.446545
1 0.55 0.82 0.58 0.87 0.565691
4 0.57 0.51 0.61 0.57 0.436715
4 0.61 0.28 0.63 0.30 0.404405
4 0.62 0.38 0.65 0.41 0.396468
2 0.53 0.92 0.56 0.96 0.396213
4 0.74 0.76 0.78 0.81 0.328963
4 0.77 0.91 0.91 0.99 0.412442
4 0.61 0.19 0.63 0.21 0.359423
4 0.70 0.53 0.77 0.57 0.305399
4 0.68 0.33 0.70 0.35 0.309836
4 0.72 0.57 0.80 0.61 0.281508
4 0.76 0.82 0.79 0.86 0.316729
4 0.56 0.48 0.61 0.53 0.360076
4 0.69 0.36 0.71 0.39 0.354849
4 0.61 0.23 0.63 0.25 0.309885
4 0.67 0.30 0.69 0.32 0.295083
4 0.67 0.27 0.69 0.30 0.290746
2 0.65 0.34 0.66 0.37 0.281057
4 0.65 0.19 0.67 0.21 0.326130
4 0.50 0.26 0.54 0.29 0.224989
5 0.65 0.21 0.71 0.25 0.308740
2 0.50 0.79 0.53 0.83 0.257624
3 0.50 0.93 0.53 1.00 0.233165
4 0.62 0.31 0.63 0.33 0.292862
1 0.55 0.82 0.58 0.87 0.200750
4 0.74 0.75 0.86 0.81 0.268264
4 0.61 0.21 0.63 0.23 0.276779
4 0.67 0.23 0.69 0.25 0.245151
4 0.66 0.27 0.67 0.28 0.259572
4 0.74 0.66 0.76 0.68 0.211103
4 0.74 0.64 0.84 0.69 0.237466
4 0.72 0.46 0.76 0.48 0.206965
3 0.65 0.35 0.66 0.37 0.263474
4 0.66 0.23 0.68 0.25 0.218732
4 0.72 0.55 0.80 0.59 0.217673
4 0.80 0.97 0.94 1.00 0.368852
4 504.10 0.61 504.15 0.68 0.483943
7 504.09 0.75 504.13 0.83 0.418767
4 504.21 0.91 504.35 0.99 0.418165
4 504.01 0.51 504.05 0.57 0.427400
4 504.05 0.28 504.07 0.30 0.356071
4 504.19 0.82 504.23 0.86 0.335165
4 504.06 0.38 504.08 0.41 0.368708
4 504.18 0.76 504.22 0.80 0.293952
4 504.05 0.19 504.06 0.21 0.345194
4 504.11 0.33 504.14 0.36 0.291294
4 504.00 0.48 504.04 0.53 0.347930
4 504.14 0.53 504.21 0.57 0.315633
4 504.16 0.58 504.24 0.61 0.251133
4 504.12 0.36 504.15 0.39 0.308073
4 504.09 0.19 504.10 0.21 0.312045
2 504.00 0.83 504.02 0.87 0.269625
4 504.05 0.31 504.07 0.33 0.316472
4 504.05 0.23 504.07 0.25 0.325594
4 504.11 0.30 504.13 0.32 0.279093
4 504.11 0.28 504.13 0.30 0.273343
4 504.18 0.66 504.20 0.68 0.205639
9 504.89 0.00 505.00 0.08 0.225921
4 504.18 0.75 504.30 0.81 0.290765
4 504.28 0.75 504.30 0.80 0.221499
4 504.11 0.23 504.13 0.25 0.238341
2 504.09 0.34 504.10 0.37 0.233090
4 504.05 0.21 504.06 0.23 0.241729
4 504.24 0.97 504.38 1.00 0.338791
4 504.14 0.27 504.16 0.28 0.201190
2 504.00 0.82 504.02 0.88 0.213328
4 504.16 0.46 504.20 0.48 0.239160
4 504.17 0.69 504.28 0.76 0.210844
6 504.09 0.21 504.14 0.25 0.227430
4 504.16 0.55 504.24 0.59 0.210692
9 504.89 0.00 505.00 0.06 0.201186
4 0.67 154.44 0.71 154.51 0.474564
7 0.65 154.58 0.69 154.66 0.418920
2 0.55 154.65 0.58 154.70 0.500328
4 0.57 154.34 0.61 154.40 0.409758
2 0.53 154.74 0.56 154.79 0.417614
4 0.61 154.11 0.63 154.13 0.379731
4 0.56 154.31 0.61 154.36 0.394224
4 0.74 154.59 0.79 154.64 0.370052
4 0.77 154.74 0.91 154.81 0.408400
4 0.79 154.79 0.94 154.88 0.436110
4 0.62 154.20 0.65 154.23 0.389029
4 0.61 154.02 0.63 154.03 0.349888
4 0.68 154.16 0.70 154.19 0.327728
4 0.68 154.18 0.71 154.21 0.350146
4 0.79 154.91 0.85 154.98 0.348242
4 0.61 154.06 0.63 154.08 0.337561
4 0.72 154.40 0.80 154.44 0.311685
4 0.65 154.02 0.67 154.04 0.333559
4 0.70 154.36 0.78 154.40 0.313312
2 0.65 154.17 0.66 154.19 0.293427
4 0.50 154.08 0.54 154.11 0.289820
4 0.72 154.38 0.80 154.42 0.282627
2 0.50 154.61 0.53 154.65 0.285523
4 0.67 154.10 0.69 154.13 0.292194
6 0.65 154.03 0.71 154.08 0.311491
4 0.76 154.65 0.79 154.69 0.307470
4 0.78 154.44 0.86 154.48 0.224022
4 0.62 154.14 0.63 154.16 0.275504
4 0.73 154.28 0.76 154.31 0.208558
2 0.76 154.26 0.77 154.29 0.239584
4 0.61 154.04 0.63 154.06 0.279729
4 0.74 154.47 0.82 154.51 0.207681
4 0.74 154.58 0.86 154.64 0.215446
2 0.54 154.75 0.56 154.79 0.271431
3 0.65 154.18 0.66 154.20 0.241408
4 0.75 154.69 0.84 154.75 0.227892
4 0.56 154.10 0.59 154.13 0.204718
2 0.53 154.74 0.54 154.78 0.244226
4 0.67 154.13 0.69 154.15 0.286682
7 504.09 154.58 504.13 154.66 0.432175
4 504.23 154.79 504.37 154.88 0.414705
4 504.01 154.34 504.05 154.40 0.410340
4 504.10 154.44 504.15 154.51 0.459227
4 504.21 154.74 504.35 154.81 0.396814
4 504.05 154.11 504.07 154.13 0.358587
2 504.00 154.65 504.02 154.70 0.404268
4 504.18 154.59 504.23 154.63 0.302057
4 504.05 154.06 504.07 154.08 0.314029
4 504.14 154.36 504.21 154.40 0.311185
4 504.11 154.16 504.14 154.19 0.302597
4 504.05 154.02 504.06 154.03 0.349101
4 504.09 154.02 504.11 154.04 0.345604
4 504.12 154.18 504.15 154.21 0.307323
4 504.16 154.40 504.24 154.44 0.288707
4 504.19 154.65 504.23 154.69 0.306194
3 504.00 154.67 504.01 154.71 0.312067
4 504.06 154.20 504.08 154.23 0.323443
4 504.00 154.31 504.04 154.36 0.332848
4 504.16 154.38 504.24 154.42 0.253585
4 504.11 154.10 504.13 154.13 0.278453
4 504.18 154.49 504.20 154.51 0.204203
6 504.09 154.04 504.14 154.08 0.344212
4 504.23 154.91 504.29 154.98 0.335160
4 504.40 154.39 504.43 154.43 0.235425
2 504.09 154.17 504.10 154.19 0.297278
4 504.22 154.44 504.30 154.48 0.228122
4 504.05 154.04 504.06 154.06 0.263800
2 504.19 154.26 504.21 154.29 0.229556
4 504.18 154.68 504.28 154.75 0.230029
4 504.17 154.47 504.26 154.51 0.220064
2 504.17 154.27 504.19 154.29 0.208585
4 504.11 154.13 504.13 154.15 0.272162
4 504.05 154.14 504.07 154.16 0.297019
6 504.00 154.00 504.05 154.19 0.201631
4 504.00 154.12 504.03 154.13 0.247635
4 504.09 154.09 504.11 154.11 0.225207
2 504.17 154.26 504.21 154.29 0.242158
4 504.18 154.58 504.30 154.64 0.269960
3 504.09 154.18 504.10 154.20 0.202966
3 504.00 154.66 504.03 154.71 0.303850
