4 0.97 0.31 1.00 0.34 0.549747
4 0.98 0.44 1.00 0.48 0.374433
4 0.84 0.40 0.87 0.43 0.278676
4 0.80 0.77 0.85 0.86 0.236163
4 0.83 0.16 0.85 0.17 0.289164
9 0.51 0.21 0.56 0.25 0.215584
4 0.84 0.36 0.87 0.38 0.258381
9 0.90 0.24 0.96 0.26 0.246712
9 0.89 0.23 0.96 0.27 0.209298
4 0.84 0.36 0.89 0.38 0.214177
4 504.40 0.31 504.43 0.34 0.568024
4 504.59 0.17 504.61 0.19 0.477308
4 504.47 0.26 504.50 0.28 0.504537
4 504.59 0.52 504.64 0.59 0.362092
4 504.42 0.44 504.45 0.48 0.394546
6 504.65 0.65 504.75 0.73 0.335038
4 504.61 0.27 504.63 0.29 0.407850
4 504.23 0.77 504.29 0.86 0.289821
4 504.56 0.29 504.60 0.34 0.257614
9 504.33 0.24 504.39 0.26 0.264878
4 504.28 0.40 504.31 0.43 0.266562
4 504.28 0.36 504.30 0.38 0.337039
4 504.96 0.50 505.00 0.54 0.231959
4 504.87 0.71 504.89 0.73 0.242645
4 504.56 0.31 504.59 0.34 0.302636
4 504.65 0.62 504.66 0.65 0.229740
4 504.49 0.18 504.52 0.20 0.207969
5 504.65 0.65 504.70 0.70 0.274289
4 504.27 0.16 504.29 0.17 0.274127
4 504.64 0.32 504.66 0.35 0.209197
4 0.97 0.31 1.00 0.34 0.549747
4 0.98 0.44 1.00 0.48 0.374433
4 0.84 0.40 0.87 0.43 0.278676
4 0.80 0.77 0.85 0.86 0.236163
4 0.83 0.16 0.85 0.17 0.289164
9 0.51 0.21 0.56 0.25 0.215584
4 0.84 0.36 0.87 0.38 0.258381
9 0.90 0.24 0.96 0.26 0.246712
9 0.89 0.23 0.96 0.27 0.209298
4 0.84 0.36 0.89 0.38 0.214177
4 504.40 0.31 504.43 0.34 0.568024
4 504.59 0.17 504.61 0.19 0.477308
4 504.47 0.26 504.50 0.28 0.504537
4 504.59 0.52 504.64 0.59 0.362092
4 504.42 0.44 504.45 0.48 0.394546
6 504.65 0.65 504.75 0.73 0.335038
4 504.61 0.27 504.63 0.29 0.407850
4 504.23 0.77 504.29 0.86 0.289821
4 504.56 0.29 504.60 0.34 0.257614
9 504.33 0.24 504.39 0.26 0.264878
4 504.28 0.40 504.31 0.43 0.266562
4 504.28 0.36 504.30 0.38 0.337039
4 504.96 0.50 505.00 0.54 0.231959
4 504.87 0.71 504.89 0.73 0.242645
4 504.56 0.31 504.59 0.34 0.302636
4 504.65 0.62 504.66 0.65 0.229740
4 504.49 0.18 504.52 0.20 0.207969
5 504.65 0.65 504.70 0.70 0.274289
4 504.27 0.16 504.29 0.17 0.274127
4 504.64 0.32 504.66 0.35 0.209197
