4 0.48 0.27 0.54 0.36 0.418199
4 0.29 0.70 0.36 0.80 0.428891
4 0.39 0.48 0.45 0.58 0.448083
4 0.55 0.23 0.58 0.26 0.373622
4 0.06 0.83 0.17 0.91 0.403823
4 0.57 0.09 0.62 0.16 0.382307
4 0.43 0.37 0.49 0.46 0.375814
1 0.46 0.13 0.48 0.15 0.316813
4 0.68 0.05 0.73 0.11 0.380184
1 0.43 0.12 0.44 0.15 0.329957
1 0.50 0.14 0.52 0.18 0.307956
3 0.48 0.25 0.50 0.28 0.212564
3 0.47 0.23 0.51 0.28 0.221252
3 0.65 0.20 0.67 0.23 0.275280
3 0.55 0.26 0.56 0.28 0.210924
4 0.31 0.61 0.33 0.64 0.203548
4 0.05 0.83 0.07 0.86 0.218306
4 0.55 0.04 0.57 0.07 0.200849
3 0.52 0.13 0.53 0.15 0.200673
4 0.28 0.61 0.30 0.65 0.202399
4 504.00 0.23 504.02 0.26 0.446682
4 504.12 0.05 504.16 0.11 0.390044
4 504.01 0.09 504.05 0.16 0.332180
5 504.34 0.63 504.37 0.67 0.222345
4 0.48 0.27 0.54 0.36 0.418199
4 0.29 0.70 0.36 0.80 0.428891
4 0.39 0.48 0.45 0.58 0.448083
4 0.55 0.23 0.58 0.26 0.373622
4 0.06 0.83 0.17 0.91 0.403823
4 0.57 0.09 0.62 0.16 0.382307
4 0.43 0.37 0.49 0.46 0.375814
1 0.46 0.13 0.48 0.15 0.316813
4 0.68 0.05 0.73 0.11 0.380184
1 0.43 0.12 0.44 0.15 0.329957
1 0.50 0.14 0.52 0.18 0.307956
3 0.48 0.25 0.50 0.28 0.212564
3 0.47 0.23 0.51 0.28 0.221252
3 0.65 0.20 0.67 0.23 0.275280
3 0.55 0.26 0.56 0.28 0.210924
4 0.31 0.61 0.33 0.64 0.203548
4 0.05 0.83 0.07 0.86 0.218306
4 0.55 0.04 0.57 0.07 0.200849
3 0.52 0.13 0.53 0.15 0.200673
4 0.28 0.61 0.30 0.65 0.202399
4 504.00 0.23 504.02 0.26 0.446682
4 504.12 0.05 504.16 0.11 0.390044
4 504.01 0.09 504.05 0.16 0.332180
5 504.34 0.63 504.37 0.67 0.222345
