1 280.53 463.52 299.95 504.30 0.467987
1 265.02 461.91 282.76 501.00 0.452909
1 518.97 553.44 539.95 605.33 0.416610
1 753.97 409.61 771.26 442.98 0.415956
1 566.75 295.58 580.05 323.40 0.411742
1 262.72 459.45 302.44 506.15 0.399826
1 615.70 321.60 630.19 350.36 0.381938
1 725.12 232.72 734.95 255.42 0.363418
4 682.98 319.16 717.38 354.08 0.362986
7 860.29 594.17 1024.55 763.37 0.362204
7 482.22 360.52 523.67 408.81 0.360692
4 572.10 222.07 597.42 248.42 0.360623
1 703.01 230.32 714.39 253.69 0.358211
3 494.91 439.56 513.68 468.81 0.351179
2 426.05 134.42 523.72 179.32 0.345676
7 668.38 230.71 694.93 255.72 0.343946
4 701.03 470.56 750.22 528.50 0.331393
7 495.14 331.74 537.07 387.80 0.318748
1 940.69 463.67 958.00 498.89 0.318537
7 355.02 492.51 476.82 544.45 0.318378
4 835.20 339.85 898.63 373.63 0.315882
7 890.81 351.78 930.84 387.28 0.312922
4 793.06 243.07 849.97 272.19 0.310650
4 595.31 420.64 638.92 478.58 0.304073
1 441.84 413.23 451.44 437.98 0.303040
4 696.71 182.54 714.90 200.62 0.294453
3 520.68 575.64 537.99 606.74 0.286068
4 654.78 184.33 675.76 204.52 0.279749
7 482.01 331.18 537.15 410.05 0.279594
4 670.10 199.62 690.45 220.05 0.279051
7 473.67 253.83 529.08 284.02 0.276197
1 544.32 217.00 552.78 237.66 0.275992
7 725.02 703.97 799.80 763.54 0.272132
4 590.43 143.57 604.86 159.39 0.270416
4 546.84 191.66 568.38 212.71 0.268292
4 455.94 132.30 490.37 149.85 0.262858
3 617.00 330.68 629.01 352.69 0.258305
4 493.73 131.25 532.87 151.90 0.257802
3 755.11 423.21 769.31 444.63 0.256646
3 491.23 436.25 517.75 471.08 0.253847
4 355.08 492.42 476.87 544.61 0.246240
4 618.47 137.17 635.37 149.90 0.242511
4 695.37 464.60 756.08 534.63 0.234602
4 677.08 174.12 696.20 193.91 0.234316
2 262.12 458.49 303.52 507.40 0.230054
9 750.01 82.17 814.40 216.02 0.229741
1 951.35 485.85 970.37 514.45 0.224836
7 475.22 323.59 548.37 430.38 0.223328
2 700.99 228.00 736.76 257.53 0.222699
7 342.46 722.15 436.95 763.64 0.221677
7 475.94 354.33 530.34 415.68 0.219253
3 485.53 429.77 525.72 476.56 0.219116
4 636.06 130.28 652.45 143.25 0.218720
4 700.84 470.15 750.65 528.82 0.218255
4 561.79 45.40 578.26 62.85 0.217130
4 587.02 413.16 646.94 486.46 0.216789
2 254.99 453.06 310.47 513.00 0.215181
4 595.10 420.32 639.46 478.62 0.208573
7 291.45 669.06 389.61 761.68 0.205914
1 520.00 553.86 539.01 590.51 0.203922
7 482.67 288.07 532.03 435.57 0.202443
4 607.12 85.62 622.39 99.12 0.199743
4 585.07 83.38 598.12 94.60 0.197685
4 683.11 319.11 717.46 354.24 0.197276
1 613.71 319.58 632.57 353.22 0.192535
2 416.62 125.86 538.66 200.46 0.192535
6 455.26 129.58 532.98 152.56 0.190640
4 595.65 114.23 611.28 127.46 0.189169
4 679.72 162.64 696.19 174.93 0.188656
4 493.61 101.75 520.69 113.52 0.186577
1 372.28 253.74 380.49 266.60 0.185098
1 951.74 469.29 965.85 495.28 0.184325
4 505.99 85.33 533.82 100.82 0.181947
7 14.26 701.13 80.79 743.53 0.181938
7 290.90 669.51 437.28 763.38 0.180103
2 421.98 129.12 532.34 196.30 0.179228
4 548.61 177.82 576.35 194.95 0.178705
4 476.30 109.61 516.90 127.43 0.176321
5 841.13 571.83 1043.43 764.62 0.175956
1 514.76 550.53 544.56 609.52 0.175524
4 608.17 125.13 623.48 137.75 0.172671
4 865.37 321.01 922.80 360.92 0.171980
4 735.35 121.56 754.74 136.29 0.165462
1 698.60 160.58 709.26 177.94 0.164895
3 514.33 571.66 547.08 611.23 0.164809
1 476.03 160.02 486.70 178.19 0.164734
4 668.57 230.76 695.04 256.15 0.163458
6 474.16 41.76 505.76 61.52 0.163243
3 701.59 237.19 716.47 255.45 0.163193
2 471.07 143.48 516.58 179.18 0.162331
1 429.44 153.86 436.83 166.22 0.161159
4 803.18 243.16 848.73 262.83 0.158833
9 749.22 81.30 873.03 224.00 0.157724
4 352.08 482.77 482.02 551.89 0.156422
1 465.35 144.87 476.38 161.93 0.156122
4 647.84 167.85 666.59 185.58 0.151260
1 939.02 461.36 971.00 513.64 0.150384
3 533.32 369.53 552.22 413.55 0.150202
4 572.17 222.02 597.22 248.63 0.150032
1 750.34 406.50 775.18 446.85 0.149414
4 835.20 339.74 898.00 373.60 0.149231
1 561.34 215.64 572.88 233.85 0.148491
1 703.12 230.48 714.26 253.53 0.147978
4 473.50 255.39 498.39 280.47 0.147563
1 444.08 146.62 452.95 165.60 0.147281
5 482.30 360.37 524.11 409.06 0.146996
1 615.62 321.29 630.51 350.63 0.146291
7 481.93 288.04 530.45 410.34 0.145943
1 495.76 147.45 507.00 167.89 0.145334
1 510.37 148.47 519.10 162.82 0.145169
4 724.19 118.98 755.02 136.22 0.144350
4 646.89 155.52 668.45 185.15 0.143629
2 455.27 139.13 519.16 176.59 0.143326
1 434.49 176.65 445.73 192.59 0.142729
2 243.12 444.76 328.19 526.56 0.142364
4 646.94 144.54 666.15 159.95 0.141677
6 495.78 331.95 537.35 387.61 0.140459
4 675.89 311.46 724.39 362.24 0.139782
1 508.82 546.16 550.68 613.94 0.139765
2 427.93 138.84 521.57 177.41 0.138235
7 492.72 615.02 512.94 647.99 0.137854
1 265.00 461.93 282.76 500.96 0.136315
4 356.18 491.87 477.42 544.59 0.135797
1 563.36 292.35 584.01 326.59 0.135760
7 496.77 331.95 536.07 361.16 0.135491
7 644.89 142.40 676.08 207.13 0.134633
7 480.90 285.72 535.77 467.15 0.134172
4 592.75 68.12 609.72 80.66 0.133980
4 686.16 457.90 764.66 545.98 0.132898
4 650.52 173.09 666.53 186.39 0.132009
4 569.53 218.96 600.16 251.02 0.131152
4 719.77 150.79 743.42 164.99 0.130303
4 474.19 68.09 489.93 86.36 0.130042
4 834.49 320.21 923.28 374.59 0.129999
1 454.74 146.12 464.75 161.24 0.129771
7 834.18 336.89 931.15 388.49 0.129589
4 687.36 104.58 723.98 121.23 0.129324
2 931.88 455.38 977.31 519.61 0.128844
7 481.35 327.15 537.26 438.28 0.126318
7 542.21 176.05 577.36 213.71 0.125823
4 397.08 493.29 477.02 543.90 0.125714
3 567.70 304.12 578.44 324.10 0.125458
6 308.87 720.95 437.54 763.60 0.125371
1 492.15 146.24 505.68 167.18 0.125365
6 482.13 331.51 536.67 408.95 0.122978
4 709.23 136.99 749.30 166.18 0.122841
2 263.93 460.71 301.57 506.48 0.122027
4 670.86 235.91 693.58 255.05 0.121925
4 890.93 352.12 930.58 387.25 0.121337
1 479.55 145.72 488.81 162.69 0.121235
1 566.91 295.56 579.86 323.24 0.121089
1 519.20 553.75 540.02 603.78 0.121085
7 833.34 319.27 931.76 388.84 0.120717
10 499.72 443.14 512.88 468.34 0.119793
7 649.09 153.41 715.83 223.77 0.119087
9 633.24 86.47 661.93 109.38 0.119009
4 516.72 133.12 532.89 151.17 0.118997
4 654.43 101.87 666.69 114.21 0.118947
1 753.91 409.59 771.59 443.21 0.118429
4 489.06 57.88 513.37 70.43 0.118429
4 575.94 405.56 658.86 500.29 0.118217
3 494.87 439.77 513.65 468.91 0.117620
1 355.46 254.02 366.61 269.53 0.117342
2 701.65 228.60 736.22 257.33 0.117077
4 457.16 42.93 473.55 54.00 0.116889
4 648.32 143.95 664.64 155.61 0.116852
2 666.97 227.11 736.43 259.90 0.116721
1 352.77 231.97 366.15 268.22 0.116604
4 640.07 97.57 658.53 110.38 0.115701
4 521.14 113.36 535.93 128.93 0.115322
9 970.23 65.42 1004.18 84.16 0.115147
1 940.56 463.00 964.33 500.18 0.114957
9 970.32 69.66 1004.12 83.78 0.114523
2 400.78 122.55 542.13 236.06 0.113852
6 711.86 53.04 804.18 97.05 0.112891
1 725.53 232.94 734.88 255.30 0.112542
4 723.47 120.38 740.16 132.40 0.112188
4 713.54 106.35 753.20 126.95 0.111726
7 473.92 286.91 555.74 465.28 0.111170
4 503.10 70.71 526.90 83.87 0.110996
1 478.76 89.01 487.79 103.76 0.110448
1 280.60 463.55 299.97 504.28 0.109899
4 859.82 594.42 1024.31 763.42 0.109301
4 648.28 149.61 668.11 167.70 0.108858
4 843.97 309.54 886.41 339.26 0.107323
1 681.18 137.77 689.56 152.79 0.106396
3 534.14 380.53 550.65 413.77 0.105594
2 644.50 129.20 736.10 259.93 0.105422
2 939.55 461.74 970.93 514.31 0.105183
3 641.72 117.80 662.34 137.71 0.105065
4 564.10 179.47 576.97 194.30 0.104529
6 710.68 51.80 804.71 109.96 0.104254
1 1113.54 208.61 1128.44 238.90 0.102737
1 693.07 136.86 702.41 153.28 0.102185
3 283.09 478.73 297.05 503.70 0.102144
4 654.88 183.51 675.85 204.93 0.101696
4 786.05 194.95 807.02 215.71 0.100677
