4 958.72 108.36 976.74 124.49 0.407865
4 584.39 71.74 600.04 88.42 0.406018
7 755.65 5.73 789.22 71.47 0.328839
4 948.10 103.36 964.10 117.20 0.328300
7 1074.38 79.75 1128.39 110.20 0.308316
4 1024.98 86.26 1045.67 101.17 0.292802
7 919.63 128.70 940.76 148.74 0.289078
7 1074.63 80.31 1128.23 109.81 0.276700
7 1062.76 76.00 1148.98 120.37 0.258534
4 916.74 100.36 978.94 152.46 0.249591
7 917.87 125.80 942.97 151.15 0.241259
4 584.34 71.92 600.04 88.33 0.237021
7 846.90 128.01 983.27 762.58 0.233975
4 947.35 101.52 978.03 125.98 0.233533
7 598.23 143.29 622.93 167.12 0.224772
7 1072.89 78.51 1148.17 117.79 0.213762
1 1052.54 71.93 1068.86 106.82 0.213016
4 958.72 108.48 976.90 124.32 0.211010
4 582.80 69.88 602.31 89.69 0.204542
7 595.73 140.52 627.08 169.37 0.200710
5 1072.00 78.28 1147.99 118.59 0.191871
4 579.63 66.58 605.73 93.51 0.191785
1 875.62 442.97 896.61 495.51 0.191312
7 598.63 143.63 622.05 166.94 0.188522
4 596.07 140.87 625.86 169.23 0.187413
7 919.81 128.67 940.63 148.69 0.186110
7 848.14 101.76 1357.40 762.44 0.185398
7 360.00 0.38 548.86 39.95 0.183822
7 917.13 125.25 943.64 151.81 0.178015
4 957.53 107.45 977.46 125.20 0.175744
7 591.54 137.59 630.90 173.67 0.174772
1 757.28 33.37 779.67 70.00 0.169511
4 950.81 88.27 966.36 99.62 0.168953
7 429.72 45.89 978.24 762.55 0.167742
4 1306.35 77.46 1326.78 97.94 0.164689
4 1023.86 84.62 1063.08 103.68 0.160453
7 1282.63 1.67 1359.38 77.33 0.152056
7 1216.63 1.05 1289.99 68.46 0.151097
1 755.78 5.70 788.96 71.21 0.146486
4 633.68 92.44 647.56 104.48 0.146021
7 876.79 438.69 982.56 762.88 0.144748
3 843.55 543.09 920.99 582.14 0.141977
3 911.49 121.64 949.32 157.18 0.141899
7 428.57 52.59 929.38 762.68 0.139714
3 847.02 545.43 902.25 580.12 0.132713
7 360.37 -0.00 548.58 157.43 0.130718
1 454.19 625.81 472.94 666.38 0.130401
6 1052.33 66.63 1157.56 132.06 0.125683
1 1294.48 3.91 1321.81 38.31 0.125674
4 1025.01 86.45 1045.53 101.06 0.125035
4 947.32 102.19 965.33 118.12 0.123562
6 1024.24 75.19 1149.77 119.51 0.123473
10 752.21 30.01 784.56 73.10 0.121784
9 1106.94 79.86 1130.54 107.96 0.119139
1 890.21 484.35 905.38 513.85 0.118921
1 1122.41 79.80 1137.00 106.56 0.117931
3 901.06 545.87 921.20 581.39 0.116317
4 955.25 105.26 978.41 126.24 0.114567
4 587.04 133.18 636.42 181.11 0.111533
7 830.26 433.64 981.68 763.13 0.110860
4 948.17 102.25 977.14 124.91 0.110483
4 918.02 126.50 942.75 150.76 0.108941
1 908.78 596.44 932.26 624.87 0.108892
5 1075.77 89.09 1123.48 108.88 0.106984
3 756.76 42.01 779.42 72.48 0.105835
1 894.87 512.64 912.04 546.55 0.102857
1 908.16 590.26 933.26 625.46 0.100805
