1 964.05 177.06 990.10 225.45 0.528445
1 914.31 166.93 936.27 211.46 0.510629
1 879.07 132.76 898.85 178.41 0.481676
1 971.51 76.37 990.36 119.84 0.473186
7 1.47 271.46 509.26 426.45 0.435500
4 471.32 102.19 575.94 153.46 0.416363
7 342.79 81.78 467.30 134.02 0.410328
3 968.85 90.83 987.93 127.05 0.398563
4 101.15 0.02 233.41 52.00 0.373438
2 868.20 128.88 995.23 238.42 0.362004
4 1172.89 242.74 1262.20 331.51 0.354657
3 904.58 183.54 933.41 217.94 0.334434
7 1222.44 0.16 1265.26 18.81 0.321290
3 869.64 146.50 898.50 184.01 0.319147
7 995.68 13.53 1048.79 81.31 0.315962
7 1065.35 26.33 1120.69 86.76 0.309957
7 294.22 28.69 364.37 77.58 0.308397
4 1172.68 242.58 1262.39 331.62 0.297125
1 132.34 0.17 151.60 40.43 0.294013
3 963.71 197.90 988.35 235.72 0.292668
2 903.29 162.98 993.62 237.37 0.291301
7 990.86 5.59 1124.42 90.31 0.287261
4 137.67 329.47 276.42 435.36 0.268331
7 1067.92 0.07 1119.07 37.57 0.257300
7 404.01 45.17 474.34 96.00 0.254358
2 868.58 129.66 994.26 238.21 0.252119
3 956.16 193.26 999.31 240.23 0.251806
4 1165.31 231.92 1269.57 341.54 0.243606
6 519.55 47.95 606.42 110.45 0.241154
7 2.09 276.76 277.28 436.59 0.234595
3 903.77 181.56 935.63 218.75 0.227268
4 342.96 81.56 466.99 133.69 0.224041
1 871.20 131.43 900.84 183.77 0.223210
3 871.26 69.23 894.32 90.80 0.222972
2 859.42 124.96 1014.67 260.59 0.220222
4 1157.08 225.51 1275.41 350.45 0.219762
4 470.97 100.87 609.75 165.33 0.216458
7 1117.06 0.98 1178.05 121.16 0.211557
4 101.83 0.27 154.67 40.70 0.207852
7 67.06 314.85 277.42 435.80 0.205942
1 968.56 75.44 991.98 126.32 0.205835
4 472.68 106.28 518.29 131.08 0.198962
4 995.85 13.52 1048.69 81.22 0.198844
7 542.68 13.97 671.57 170.45 0.196565
6 1220.68 0.06 1359.15 23.98 0.196547
7 1065.35 26.31 1120.53 86.73 0.192823
1 904.29 165.61 938.01 218.43 0.191995
1 869.13 131.20 901.08 184.60 0.191109
6 518.00 46.78 614.85 163.68 0.187419
1 958.83 174.35 993.49 236.86 0.185747
3 856.96 66.94 894.94 91.22 0.184821
4 144.68 0.07 233.17 51.49 0.181051
2 854.37 109.07 1025.42 272.95 0.180822
6 1.48 276.65 277.75 437.19 0.177345
4 101.43 0.19 169.14 40.79 0.177142
2 865.94 74.23 1001.95 239.94 0.176167
4 139.09 331.05 276.17 435.49 0.175822
4 56.30 299.48 278.72 438.03 0.175301
1 904.53 165.69 938.01 218.03 0.169548
1 973.77 76.70 989.79 100.85 0.168668
4 100.98 0.07 233.67 51.87 0.168144
3 855.19 58.05 909.99 105.41 0.167306
3 966.69 89.28 989.69 127.46 0.162652
3 853.41 63.37 897.88 93.54 0.161085
1 962.52 72.14 998.41 130.24 0.160303
4 989.29 7.91 1053.29 87.51 0.157798
3 959.40 86.53 998.40 130.92 0.155408
3 868.96 66.47 896.46 92.52 0.152537
1 915.02 166.82 936.47 211.13 0.151539
1 972.56 76.35 990.15 117.44 0.151173
6 1291.20 0.08 1359.29 21.14 0.149025
7 1063.41 0.34 1124.53 88.84 0.144433
1 879.24 132.49 899.21 179.19 0.144086
3 969.17 90.62 988.21 127.16 0.143699
3 869.89 152.61 886.51 183.98 0.141293
3 963.72 197.98 988.53 235.69 0.138621
1 964.38 176.93 990.13 226.13 0.137028
1 967.43 75.05 992.29 126.49 0.136856
3 860.59 125.28 908.89 192.28 0.136756
6 1258.28 -0.03 1359.11 22.30 0.136164
4 213.30 -0.02 243.10 10.74 0.135448
4 334.93 67.30 475.59 147.66 0.133301
4 471.67 105.66 519.94 149.05 0.133028
1 968.26 177.54 988.71 207.54 0.132709
7 341.06 44.99 476.05 136.13 0.132315
3 945.29 166.97 1017.37 257.14 0.131978
7 0.39 273.32 509.22 426.41 0.130928
6 516.95 45.72 617.61 132.29 0.130762
3 872.56 130.90 900.28 173.01 0.130450
3 890.34 162.88 944.88 230.50 0.129522
6 767.39 89.86 814.15 162.37 0.128570
4 295.09 45.26 356.73 76.98 0.128293
2 864.91 124.73 1268.26 342.91 0.127136
4 1172.91 242.07 1262.66 331.94 0.126819
4 1067.79 0.04 1118.82 37.17 0.126761
4 471.47 104.45 564.12 152.63 0.125492
4 407.53 59.01 473.45 94.54 0.123949
2 869.54 130.67 994.41 237.24 0.123869
9 1059.07 19.03 1128.85 94.75 0.122023
7 338.54 65.21 581.04 161.43 0.120654
2 840.64 67.41 1284.68 369.51 0.119215
4 157.27 0.07 242.05 11.08 0.118430
9 86.95 300.15 295.60 460.36 0.116470
2 530.94 78.46 586.34 100.85 0.115881
1 126.66 0.28 163.41 42.29 0.114395
4 1139.85 211.86 1287.65 370.07 0.112028
9 33.81 269.55 314.63 471.19 0.111868
7 966.55 6.58 1123.95 127.51 0.109878
6 539.55 12.71 672.26 241.57 0.109812
4 1222.63 0.18 1265.24 18.67 0.109696
1 869.66 131.29 900.92 183.59 0.109659
2 892.45 151.45 1010.63 252.00 0.109310
4 342.79 81.46 466.71 134.05 0.109184
2 904.35 164.03 992.69 236.50 0.106398
10 871.29 73.24 891.76 90.57 0.106336
2 838.01 16.25 1280.51 363.60 0.105242
4 73.55 316.19 278.00 435.44 0.104705
1 132.68 0.12 151.54 39.86 0.104391
1 959.99 175.71 992.39 236.28 0.103431
1 916.87 167.23 935.22 194.71 0.102773
10 968.41 202.07 984.57 234.51 0.101979
7 134.45 307.83 509.18 424.92 0.101328
10 871.42 71.41 891.54 90.20 0.101070
1 880.65 133.09 897.33 157.45 0.100888
2 840.72 70.58 1048.02 296.26 0.100402
