7 579.34 874.97 680.17 1009.05 0.468160
4 878.91 522.51 918.20 558.86 0.421525
7 1713.93 330.93 1821.22 409.72 0.411222
1 843.80 1011.01 874.15 1077.87 0.392857
4 854.38 624.35 910.60 681.17 0.375419
7 980.56 1043.24 1074.91 1078.05 0.366942
1 993.62 738.31 1026.97 790.33 0.361495
3 1026.14 832.01 1059.33 876.28 0.348370
7 853.50 624.50 910.74 681.04 0.341565
7 888.05 943.18 972.87 1055.26 0.335366
1 968.92 653.21 993.86 692.15 0.319152
1 803.09 705.87 827.29 750.11 0.313778
7 888.48 943.33 972.91 1054.76 0.313592
1 850.55 873.96 874.85 896.80 0.305528
1 1027.89 821.93 1056.82 858.87 0.301093
7 930.77 610.00 960.75 660.25 0.287601
1 492.61 942.96 518.02 984.71 0.280299
3 847.77 1038.72 872.88 1078.53 0.279550
4 848.30 617.96 917.01 687.66 0.278794
3 1028.18 891.89 1097.22 940.58 0.276816
1 803.42 767.93 831.96 810.71 0.276555
4 693.59 716.11 766.66 796.06 0.275467
1 556.40 1024.42 589.06 1076.83 0.267759
1 788.44 689.42 837.18 812.39 0.257379
7 484.67 920.73 550.45 966.92 0.252180
4 945.89 437.24 976.18 463.27 0.244177
1 489.79 942.18 518.96 1003.56 0.239917
6 119.83 646.12 468.82 1027.45 0.235448
7 829.30 890.60 881.21 954.72 0.235385
1 684.68 855.22 712.95 918.78 0.232736
4 979.06 550.04 1021.66 577.00 0.230688
3 982.80 758.27 1034.60 807.24 0.225065
1 647.71 797.88 672.39 834.68 0.224670
4 694.29 715.99 766.41 796.06 0.220174
4 876.77 930.79 987.53 1065.15 0.219801
4 879.20 522.52 918.11 558.93 0.217985
1 615.90 972.91 671.29 1054.02 0.216833
3 1023.93 825.87 1061.59 878.12 0.211784
1 315.28 1007.26 347.34 1051.13 0.211037
1 530.11 1022.96 590.15 1077.96 0.210578
7 928.92 608.13 962.51 662.63 0.209811
1 903.43 558.41 923.37 593.96 0.208750
1 828.41 874.25 882.06 956.03 0.204924
1 691.80 766.25 713.96 812.32 0.204650
1 693.04 766.25 712.11 804.09 0.203891
2 470.50 918.87 554.23 1010.97 0.202213
4 842.01 612.65 924.83 696.21 0.200866
1 611.79 920.65 646.41 949.91 0.198945
7 485.03 920.65 549.83 950.99 0.197852
2 463.26 388.76 1083.01 1074.24 0.196460
7 1244.45 674.28 1353.65 853.62 0.192063
7 579.24 874.79 680.19 1009.79 0.189644
1 531.20 1048.16 567.81 1078.72 0.186740
7 483.84 920.70 552.62 1009.65 0.185341
1 789.31 685.44 813.17 742.19 0.183194
7 681.67 803.04 751.16 916.27 0.182611
3 636.15 760.30 672.57 791.54 0.180088
1 746.63 625.73 774.84 661.00 0.179211
7 745.74 637.35 790.55 725.38 0.178620
10 904.14 490.82 918.59 511.45 0.173934
2 982.88 707.58 1042.74 807.57 0.172614
1 470.61 969.31 503.44 1008.91 0.172170
1 1175.17 759.29 1200.20 808.33 0.171890
4 980.62 1043.11 1075.58 1078.06 0.171285
1 1086.83 766.12 1111.75 812.27 0.171108
7 120.22 710.95 406.32 1023.32 0.170981
1 843.87 428.05 869.21 467.88 0.170865
1 789.92 702.24 810.21 744.81 0.170695
1 1176.30 759.18 1195.06 787.68 0.169591
1 933.30 544.37 948.93 577.53 0.168673
3 1031.36 848.12 1052.71 877.09 0.166075
3 314.51 993.93 355.83 1051.70 0.165221
1 795.86 745.19 835.79 811.20 0.164736
1 470.52 942.82 517.75 1008.76 0.164562
7 751.89 665.20 787.14 724.62 0.163441
1 804.00 766.88 824.80 800.12 0.161279
1 543.17 1023.76 566.80 1052.04 0.160996
3 982.20 753.95 1075.09 809.12 0.158668
1 752.79 707.21 774.70 758.21 0.158318
1 683.99 766.96 714.82 825.82 0.158182
6 825.38 872.30 976.69 1063.06 0.153503
1 603.98 919.93 628.08 951.65 0.153195
1 1006.21 730.93 1030.69 768.86 0.151465
1 531.71 1024.26 568.19 1077.55 0.149991
1 647.50 795.67 713.87 836.04 0.149844
7 483.56 920.10 550.88 973.81 0.146525
1 680.40 796.50 714.20 831.94 0.146251
4 969.51 427.39 987.49 442.88 0.145843
7 930.89 609.73 960.75 659.92 0.143681
1 905.55 980.45 947.25 1005.00 0.142916
1 1006.84 706.96 1039.38 752.52 0.142671
1 688.72 855.23 714.29 904.35 0.142149
1 904.15 982.25 926.93 1004.01 0.142020
1 1168.23 976.91 1186.91 1020.36 0.141269
1 1000.56 707.19 1040.67 768.24 0.138323
2 442.59 385.08 1214.92 1073.89 0.136995
3 1049.61 768.38 1076.12 795.92 0.136330
3 683.37 872.92 707.81 919.71 0.136067
2 761.09 394.80 1061.16 1065.72 0.135209
7 1713.08 300.84 1827.68 411.08 0.135021
4 820.55 502.29 867.12 532.23 0.133626
7 1713.45 330.95 1821.20 409.49 0.133621
4 854.71 624.39 909.89 681.21 0.133592
1 983.42 735.95 1038.70 807.54 0.132523
1 941.98 500.47 957.52 527.73 0.128638
1 923.86 499.85 939.54 528.59 0.128601
6 1233.40 671.82 1452.01 924.78 0.127743
2 937.93 523.39 1034.38 692.82 0.127613
2 927.52 500.95 1048.16 806.60 0.126124
7 622.96 972.90 671.44 1016.02 0.125859
1 893.65 411.06 905.27 430.45 0.124633
10 1010.55 781.79 1033.48 807.50 0.124416
1 1096.99 707.40 1123.45 745.85 0.123498
1 902.67 478.91 921.61 510.52 0.122647
4 796.89 582.62 828.13 609.46 0.122605
2 786.47 685.41 837.22 813.27 0.122527
4 829.24 890.78 881.25 954.92 0.122378
3 308.01 981.45 359.69 1054.01 0.122277
1 1026.77 822.39 1057.91 870.39 0.121545
1 794.02 683.97 812.72 714.88 0.121352
1 845.06 1011.93 871.70 1054.31 0.121302
3 905.03 575.51 922.44 594.90 0.119581
2 824.30 422.35 890.50 553.24 0.118862
2 924.10 490.20 1040.59 701.29 0.118678
7 212.11 771.56 331.96 849.92 0.116902
1 1007.71 643.65 1039.57 688.38 0.116267
1 609.19 919.06 647.50 954.15 0.115982
1 862.51 505.89 877.81 533.04 0.114454
4 416.42 1063.40 458.69 1079.27 0.113607
1 843.96 1011.08 874.41 1078.10 0.112787
4 964.11 393.35 985.34 412.83 0.112762
6 1244.59 673.70 1353.19 852.31 0.112106
1 690.60 854.59 711.67 885.04 0.111652
1 922.33 982.88 949.53 1004.47 0.111102
1 1035.05 896.86 1068.80 934.34 0.110695
4 888.19 943.19 972.49 1055.40 0.109395
2 303.70 389.70 1090.44 1073.73 0.107273
1 1169.42 977.35 1185.56 1003.26 0.107059
1 965.10 649.51 997.38 696.73 0.106591
7 1087.95 962.67 1124.38 1009.97 0.106405
1 615.81 998.49 653.34 1053.56 0.105949
10 785.71 600.95 822.32 636.20 0.105178
4 986.96 622.99 1027.95 655.96 0.105126
1 796.73 743.84 834.62 784.84 0.104779
1 1028.01 821.97 1056.06 856.57 0.104320
2 850.88 392.49 1029.70 696.29 0.103827
1 1057.20 525.43 1074.18 552.38 0.103459
1 953.64 547.77 968.79 574.46 0.103176
7 472.89 969.27 552.73 1010.06 0.103164
10 902.61 567.15 924.28 595.42 0.103027
1 834.63 519.55 859.51 552.90 0.102769
1 834.15 523.13 850.73 550.53 0.102320
9 846.20 914.01 1009.60 1072.66 0.101266
1 913.07 403.93 929.54 421.15 0.101249
10 805.12 777.34 830.68 812.01 0.101053
9 1264.51 233.66 1354.47 288.78 0.101013
1 945.38 541.49 962.55 575.81 0.100700
