5 362.00 232.40 440.83 299.95 0.599722
1 329.69 670.49 358.12 719.89 0.588673
1 313.05 800.90 352.97 862.97 0.535099
1 284.93 815.33 322.05 883.34 0.523593
1 1075.37 665.08 1101.80 722.84 0.516848
1 280.98 798.14 356.71 885.41 0.488900
2 1042.89 643.02 1134.56 742.91 0.412175
1 1103.02 689.71 1129.77 738.17 0.402076
3 222.46 1014.98 301.09 1049.60 0.401622
3 332.00 695.48 360.83 735.82 0.395452
4 0.71 884.79 225.20 1032.99 0.394913
1 1048.97 669.43 1072.25 721.85 0.375630
4 1357.07 558.18 1399.49 620.35 0.372095
1 1198.68 418.22 1217.24 459.54 0.370070
4 1167.77 381.81 1247.63 426.78 0.357231
3 249.02 1015.67 300.25 1049.45 0.356947
7 990.15 490.76 1043.54 570.10 0.355552
4 280.33 214.35 304.49 235.65 0.351249
1 1049.34 643.35 1069.58 678.42 0.343698
4 912.88 286.51 962.34 324.05 0.342522
4 1310.53 414.75 1394.50 464.08 0.341055
7 529.84 310.03 578.84 339.53 0.339874
1 1047.88 643.36 1070.06 694.48 0.333378
4 319.25 212.87 344.21 232.76 0.331532
4 268.50 171.66 288.96 187.45 0.329777
4 368.18 212.11 393.64 230.57 0.325657
4 744.02 377.76 810.52 421.48 0.324496
4 1110.75 435.14 1198.80 486.90 0.323735
3 1099.63 709.07 1124.14 739.45 0.321510
4 1046.93 529.38 1170.57 604.72 0.321141
4 241.93 172.86 260.64 187.94 0.317063
4 1231.68 479.13 1322.64 542.80 0.316828
4 1377.16 431.73 1399.69 474.04 0.310323
4 1288.94 507.20 1395.24 578.44 0.300037
4 868.69 285.17 920.52 318.55 0.298396
4 34.20 427.58 100.79 472.06 0.289819
4 221.32 160.08 240.04 174.85 0.288914
2 282.26 799.11 355.91 885.03 0.287988
7 225.23 200.54 276.35 251.98 0.284355
4 781.90 324.04 827.79 354.22 0.273247
4 535.20 280.94 588.92 309.31 0.266450
1 319.43 663.19 370.35 741.80 0.260705
6 166.73 108.61 187.40 131.86 0.260488
2 272.61 791.39 365.97 891.73 0.260066
2 1044.02 643.22 1133.19 742.21 0.259749
7 810.66 418.63 889.77 465.32 0.255120
4 28.95 493.70 89.38 551.20 0.254420
4 141.16 124.46 157.28 137.75 0.252715
2 1022.05 631.81 1152.95 761.55 0.240811
4 724.47 258.94 770.73 283.44 0.239955
1 326.17 668.10 364.00 734.29 0.239923
7 663.69 341.75 727.94 376.76 0.234370
4 201.64 286.13 228.16 303.39 0.229302
4 154.18 254.02 179.93 272.83 0.226799
4 429.14 213.95 452.63 232.73 0.216059
4 884.92 345.06 926.86 364.81 0.214474
7 916.88 463.33 988.58 506.97 0.211263
1 186.21 288.85 200.15 314.94 0.210690
4 906.84 376.20 966.52 416.17 0.209597
4 897.02 364.25 958.71 396.29 0.206966
4 184.41 129.62 197.53 141.03 0.205941
1 48.12 287.49 61.27 313.07 0.202277
7 527.14 265.87 586.73 341.36 0.202140
4 797.84 344.34 832.32 372.71 0.201767
7 530.00 265.72 589.38 311.10 0.201100
7 916.46 455.97 1002.50 531.09 0.198136
1 313.25 800.99 353.27 862.35 0.195928
7 150.48 217.87 261.72 273.89 0.195835
4 18.58 537.14 93.24 582.05 0.194035
3 1044.98 666.16 1073.86 720.77 0.190336
7 530.29 266.51 565.94 293.79 0.189655
2 964.13 274.21 995.33 312.88 0.187370
7 362.33 232.79 440.74 299.78 0.186949
4 1231.42 478.98 1322.83 542.81 0.186265
3 77.62 1009.87 302.08 1049.68 0.185615
1 979.83 275.75 993.96 311.94 0.184023
3 798.06 328.72 879.23 372.75 0.180914
4 34.29 376.78 65.56 404.37 0.180801
4 1064.37 410.53 1134.57 456.67 0.180526
4 1042.79 519.09 1177.14 613.76 0.179875
6 152.23 239.24 180.70 273.55 0.178858
4 1046.69 529.24 1170.51 604.51 0.178734
3 212.59 1005.15 316.57 1048.96 0.176469
7 917.21 466.58 971.12 506.42 0.175954
4 78.63 1010.48 217.74 1049.51 0.174993
1 284.69 815.07 322.05 883.10 0.174406
4 950.20 404.91 1029.70 440.15 0.173390
2 260.20 779.86 386.53 907.84 0.171974
3 835.67 329.28 878.76 356.88 0.170706
4 786.42 309.29 856.41 334.14 0.170661
1 329.94 670.43 357.41 715.14 0.170519
4 573.72 252.72 589.20 269.49 0.169987
1 947.64 462.27 969.53 510.47 0.169540
4 56.16 352.98 94.99 372.75 0.168852
2 1047.66 665.53 1130.11 739.34 0.165253
4 412.24 207.29 429.27 222.48 0.164816
4 1110.53 435.11 1198.34 486.85 0.163783
4 1288.96 507.21 1395.25 578.15 0.163282
3 318.72 692.16 381.77 752.44 0.162440
4 1310.83 414.51 1394.18 463.84 0.162341
4 1167.81 381.60 1247.40 426.44 0.161752
4 65.21 308.76 92.42 330.20 0.159382
1 313.98 801.03 352.53 861.17 0.159179
6 217.02 193.43 286.38 267.61 0.159175
4 259.03 235.43 275.54 251.26 0.158443
1 964.09 280.83 979.00 310.87 0.156585
7 1055.43 286.02 1159.58 320.34 0.156411
4 896.19 363.51 934.90 389.56 0.155986
7 149.86 200.30 276.44 275.04 0.155529
7 467.48 230.06 495.92 257.70 0.154362
1 1207.81 364.53 1224.28 384.70 0.154054
2 278.41 666.17 370.49 886.74 0.151933
1 285.03 815.39 322.02 883.16 0.151450
4 815.29 310.07 856.94 332.96 0.150611
10 41.71 389.14 79.95 426.65 0.150361
4 0.32 885.07 225.28 1032.79 0.149810
4 743.96 377.82 810.05 421.32 0.149285
4 137.82 116.11 153.13 128.10 0.147907
4 58.98 251.90 84.65 278.99 0.146362
4 57.97 240.35 92.23 278.88 0.146176
7 581.14 299.93 619.10 328.49 0.145819
6 351.04 215.59 454.81 316.30 0.145139
4 73.85 267.42 93.35 285.62 0.143616
1 1098.62 688.94 1131.92 741.25 0.142456
1 1075.39 665.01 1101.69 722.50 0.142456
7 1230.43 477.13 1395.54 581.20 0.140042
4 203.85 118.03 220.64 129.96 0.139773
7 916.90 450.14 989.32 507.89 0.139761
4 619.35 318.27 675.56 352.06 0.139535
1 1020.99 492.05 1042.59 543.67 0.139205
7 241.51 340.91 264.96 373.23 0.138182
1 35.13 491.22 64.04 522.46 0.137467
4 48.89 343.09 95.32 372.36 0.136696
4 257.05 145.24 272.85 159.31 0.136606
4 1357.03 558.25 1399.33 619.73 0.136329
10 27.78 476.66 51.00 504.95 0.136132
4 117.25 84.76 131.18 101.02 0.132601
4 474.83 233.72 494.64 256.88 0.132583
1 1198.59 418.16 1217.32 459.54 0.132012
4 160.25 85.80 178.37 98.85 0.131990
7 895.46 362.95 965.70 417.49 0.131772
7 506.14 258.02 538.33 282.17 0.131579
4 530.07 310.31 578.78 339.57 0.130981
4 139.95 106.55 156.09 119.64 0.130412
1 256.79 1021.43 276.81 1047.79 0.130312
7 242.23 752.92 272.91 787.66 0.130275
1 1194.45 414.69 1221.66 462.94 0.129787
4 56.72 296.31 85.48 318.21 0.128296
4 881.57 344.77 928.33 381.47 0.128104
4 284.58 157.75 302.33 173.17 0.127655
4 1220.69 360.60 1293.70 397.98 0.126563
2 261.02 779.75 386.45 907.92 0.125977
7 781.64 309.81 879.73 374.07 0.125298
7 1028.91 438.05 1064.02 485.86 0.125235
6 165.56 106.95 197.44 142.13 0.123919
5 255.83 217.87 275.86 251.42 0.123412
1 1109.17 689.66 1129.78 724.12 0.123217
4 784.20 312.66 821.19 329.17 0.122901
1 943.97 461.47 970.21 526.58 0.121898
1 1104.75 689.87 1129.85 737.79 0.121348
3 1198.07 435.15 1216.20 460.38 0.120700
7 990.02 526.16 1023.52 570.62 0.120256
4 60.57 297.92 83.23 315.28 0.120201
7 990.96 493.57 1028.22 567.82 0.119630
4 1238.15 365.47 1293.28 395.57 0.119351
9 559.02 160.48 600.20 185.55 0.118651
4 49.03 343.01 72.20 361.28 0.117962
7 225.46 200.73 272.42 224.47 0.117421
3 303.54 653.69 395.08 762.42 0.117210
7 34.14 377.01 80.74 426.93 0.117060
1 328.36 669.34 361.80 734.28 0.116612
4 59.83 297.36 90.74 321.70 0.116390
3 332.12 695.32 354.44 723.82 0.115490
4 1100.46 412.41 1134.80 455.78 0.115189
4 268.54 171.86 288.75 187.54 0.114715
7 127.75 217.22 262.08 276.78 0.114550
4 842.14 415.26 869.83 434.35 0.113660
4 124.73 105.27 143.30 118.06 0.113432
4 868.80 295.88 894.23 318.49 0.112846
2 1048.32 663.44 1102.88 725.15 0.112792
1 1222.25 332.72 1242.65 371.34 0.112278
4 993.79 411.85 1030.39 439.51 0.111436
1 1046.70 643.71 1072.15 719.83 0.111407
7 247.47 333.96 429.89 374.01 0.110583
4 280.62 214.70 303.96 235.50 0.110409
4 193.32 115.03 218.64 130.06 0.110045
4 220.78 259.38 247.19 272.15 0.109929
4 896.26 364.11 959.01 402.05 0.109638
7 494.81 250.82 538.91 283.34 0.109142
4 316.88 162.22 333.07 181.23 0.108678
3 332.08 695.25 360.88 735.96 0.108403
1 659.26 322.88 676.08 350.21 0.107908
4 319.53 213.23 343.96 232.55 0.107755
4 907.73 215.86 947.43 238.18 0.107003
4 59.88 221.97 82.49 242.14 0.106848
4 241.98 173.05 260.55 187.97 0.105372
7 988.78 438.54 1066.80 572.11 0.104210
4 229.94 125.99 245.80 140.27 0.104058
4 221.50 260.46 246.57 271.58 0.103260
3 1047.69 658.46 1072.12 697.60 0.102732
4 75.30 236.47 93.28 251.06 0.102150
1 283.33 799.45 355.14 884.49 0.101807
3 1099.42 714.42 1115.42 736.09 0.101462
2 322.33 646.14 1140.33 750.32 0.101145
4 912.71 286.29 962.40 323.96 0.100388
4 255.14 140.62 273.74 159.03 0.100323
4 557.42 236.35 577.22 253.29 0.100122
