1 671.85 700.11 685.78 726.58 0.499676
5 637.47 599.94 721.01 647.16 0.489753
4 191.18 356.23 279.46 399.61 0.469126
4 588.35 373.37 669.38 407.22 0.452163
4 46.80 442.45 141.10 483.92 0.436906
1 1160.94 583.32 1178.34 611.59 0.425481
1 747.96 716.60 765.58 748.80 0.419035
4 1330.49 344.63 1399.27 377.61 0.403712
4 329.35 339.14 407.64 372.06 0.400508
5 472.02 74.64 579.42 120.65 0.398647
4 1241.77 405.49 1318.34 445.07 0.395167
7 379.88 564.16 511.93 632.27 0.393144
1 1122.46 577.94 1143.95 614.05 0.388169
1 587.83 564.53 601.04 592.66 0.384633
1 659.49 567.46 675.39 591.98 0.382628
4 937.63 372.33 1017.81 408.55 0.379851
4 604.70 59.68 645.18 79.04 0.374378
4 524.11 593.59 610.21 640.81 0.366066
4 1061.72 451.12 1157.45 491.77 0.361518
4 1008.95 419.23 1099.58 457.10 0.353352
1 1119.80 575.76 1180.50 616.62 0.340425
5 501.97 48.21 600.52 87.21 0.321454
3 1107.71 36.09 1137.31 61.35 0.318198
7 152.09 626.36 255.42 680.02 0.315915
1 595.94 165.83 608.84 200.91 0.315044
4 686.44 128.83 731.23 148.36 0.311862
4 959.21 251.64 1018.41 278.59 0.306438
4 1154.41 8.19 1182.48 26.01 0.304160
2 667.38 697.96 769.03 752.32 0.300425
5 458.10 18.89 533.34 50.28 0.300057
4 765.45 131.55 806.81 151.58 0.299542
4 1210.80 103.88 1247.28 146.23 0.296978
4 768.91 112.06 807.17 130.41 0.295142
3 1105.24 21.29 1139.54 61.44 0.289750
4 1165.76 347.36 1245.32 385.04 0.284699
7 545.28 113.70 607.46 140.56 0.284194
4 647.78 127.49 686.84 146.31 0.278664
7 702.83 57.34 747.67 100.83 0.276136
4 885.93 228.77 908.96 255.94 0.274329
7 1023.86 242.28 1111.29 286.76 0.272448
7 1268.46 133.53 1329.39 201.54 0.271622
6 526.33 24.06 605.56 54.95 0.270378
4 886.92 47.37 918.32 62.84 0.264899
7 1195.33 574.94 1399.14 729.13 0.263468
7 370.96 22.61 419.64 44.17 0.262443
4 780.51 42.94 814.37 58.33 0.258770
4 692.80 104.83 732.81 126.59 0.258376
1 492.29 737.28 507.53 767.23 0.256562
4 713.70 163.27 734.30 184.16 0.252120
3 748.60 729.21 765.11 750.41 0.250314
4 650.66 111.12 690.99 130.97 0.249274
4 838.48 188.15 860.51 214.79 0.248226
5 1006.81 173.75 1071.51 209.00 0.244156
4 1184.85 49.82 1207.59 71.85 0.240424
4 1138.34 142.49 1186.03 165.94 0.236574
4 881.89 171.73 904.00 195.71 0.234412
3 491.77 735.78 514.69 768.06 0.230691
4 524.85 609.00 607.96 640.26 0.229991
6 457.79 18.70 606.18 54.12 0.229523
4 657.93 171.25 682.71 187.40 0.228656
4 950.74 204.44 996.98 223.66 0.227130
4 861.43 172.23 880.11 193.75 0.226365
6 368.68 550.49 523.23 646.54 0.224135
1 584.65 561.84 604.28 595.19 0.222354
1 491.61 719.27 511.53 765.69 0.222297
5 1011.67 205.58 1093.85 251.24 0.222171
4 1061.62 451.17 1157.36 491.79 0.222091
4 676.48 270.60 710.43 301.19 0.219295
4 756.26 318.37 791.33 334.94 0.219093
1 666.36 696.41 690.33 730.41 0.216432
4 1023.77 146.84 1059.51 168.26 0.215523
7 882.33 81.37 977.18 163.51 0.212689
4 730.64 177.79 749.39 200.75 0.212142
4 808.43 123.99 853.93 153.98 0.212014
7 955.34 215.78 1011.94 252.64 0.210880
4 588.44 373.32 669.46 407.41 0.209417
1 142.07 533.81 163.87 563.85 0.208634
1 170.59 649.50 190.89 678.98 0.208031
4 811.80 68.87 849.79 94.08 0.207362
4 949.89 172.78 998.86 204.81 0.207117
4 1143.60 182.54 1224.81 217.16 0.205385
4 1310.23 61.76 1348.33 79.32 0.204829
4 932.31 137.13 975.86 162.16 0.201630
4 922.88 54.43 952.23 69.48 0.198400
4 886.05 135.55 932.82 160.40 0.198398
7 1157.79 204.94 1252.59 254.45 0.196335
4 1128.74 17.53 1147.40 34.32 0.195122
2 1120.54 576.33 1180.07 616.33 0.190905
4 950.69 186.38 995.15 206.96 0.190233
6 1199.19 241.57 1287.07 313.17 0.188651
4 1008.77 419.12 1099.48 457.07 0.187264
1 745.57 715.61 767.43 750.72 0.186208
5 144.25 613.71 265.85 689.44 0.185915
4 1338.76 55.59 1373.97 75.94 0.185177
4 1185.85 231.09 1260.22 268.64 0.184702
4 1111.34 2.53 1133.10 18.34 0.184165
1 506.49 680.93 521.68 703.07 0.183921
4 655.30 99.49 693.35 117.84 0.182244
4 688.23 153.68 712.86 182.68 0.181470
4 329.21 339.05 407.34 372.13 0.178797
6 469.02 21.57 609.17 140.30 0.178785
4 859.96 218.93 882.95 255.65 0.178778
4 886.27 76.76 922.59 91.63 0.178120
7 1157.19 203.21 1294.70 315.81 0.176859
4 813.46 98.95 846.74 119.20 0.174693
1 260.15 207.98 275.76 234.91 0.173845
5 187.28 348.48 290.85 406.70 0.172797
4 1226.05 51.85 1267.78 75.97 0.172336
4 46.80 442.42 141.26 483.89 0.172312
4 777.06 163.10 794.97 178.33 0.171950
1 671.86 700.08 685.67 726.57 0.171819
4 1241.66 405.42 1318.42 445.08 0.171391
5 839.23 163.12 859.58 196.27 0.171176
6 392.75 587.83 509.41 631.64 0.171082
4 726.43 248.00 772.72 271.14 0.169342
4 895.63 296.59 922.04 325.78 0.169334
6 841.98 58.52 874.54 76.05 0.166266
4 937.59 372.03 1017.86 408.56 0.165674
4 741.79 549.06 769.21 572.06 0.165474
4 1286.80 76.62 1337.39 106.59 0.164275
7 859.25 218.15 910.31 258.47 0.163982
3 0.55 517.94 36.14 559.79 0.163906
9 1059.79 11.67 1114.76 58.81 0.162664
4 750.59 172.00 773.55 206.20 0.162369
4 684.85 253.19 720.80 273.51 0.162297
2 1106.67 566.15 1190.85 630.57 0.161297
4 890.62 101.73 925.27 124.41 0.160945
3 1123.94 587.81 1142.99 613.77 0.160397
7 476.88 211.78 547.93 290.69 0.158324
7 157.10 165.82 254.66 259.62 0.157153
4 882.99 90.13 923.57 114.86 0.156793
4 795.00 187.29 816.10 210.11 0.155813
1 585.65 173.77 597.13 200.89 0.155083
4 728.22 224.39 774.47 242.80 0.154966
1 493.60 718.85 509.85 739.43 0.154557
1 747.92 716.58 765.49 748.93 0.153760
4 1330.57 344.63 1399.12 377.47 0.152270
3 44.06 519.99 90.69 554.48 0.151274
6 1057.66 10.55 1116.95 59.11 0.151203
6 1011.66 205.26 1111.31 287.05 0.151117
2 489.38 682.39 773.31 768.49 0.150603
7 648.16 98.63 734.25 150.42 0.150491
7 114.89 205.44 200.69 261.81 0.150392
1 586.17 164.75 609.88 201.99 0.149310
7 502.84 742.50 528.58 767.03 0.149089
1 687.67 157.12 698.63 181.40 0.148782
7 502.93 747.44 516.17 767.06 0.148650
1 1122.42 578.05 1144.00 614.13 0.147244
1 1109.31 24.20 1129.39 58.89 0.147079
1 490.94 680.16 532.50 768.97 0.147024
7 323.41 193.04 391.66 275.36 0.146856
4 730.64 211.03 774.96 227.40 0.146538
4 734.55 40.45 756.07 58.53 0.146437
1 489.78 718.65 529.43 768.72 0.146394
4 1294.25 50.40 1328.10 69.25 0.146335
1 505.13 680.48 531.34 766.41 0.146321
4 729.47 237.62 772.74 255.97 0.145281
6 1372.25 112.97 1399.60 183.13 0.144438
4 931.22 118.59 975.17 143.76 0.144287
2 584.75 562.42 679.02 595.56 0.143986
4 807.86 111.69 848.80 133.52 0.143494
4 924.92 87.99 964.21 106.80 0.142489
4 685.21 238.87 720.67 258.90 0.142362
5 838.22 162.65 861.03 214.57 0.142123
4 729.88 200.82 776.72 226.36 0.140619
7 381.20 564.42 511.08 631.49 0.140279
1 574.14 38.13 587.59 52.03 0.140157
2 668.36 698.14 768.73 752.04 0.139589
4 885.97 120.06 928.52 141.43 0.139194
4 956.94 56.13 991.40 71.27 0.138432
4 1014.89 137.71 1056.27 157.77 0.137646
4 728.23 224.66 774.94 248.91 0.137313
1 739.83 711.60 773.48 755.42 0.136500
4 1012.61 134.00 1056.02 156.25 0.136265
4 370.36 27.82 402.89 44.34 0.136028
4 1040.84 100.12 1070.04 123.14 0.135449
3 1110.42 42.04 1130.41 60.68 0.135399
6 795.07 165.39 817.99 210.58 0.135266
7 948.93 172.05 1011.78 254.87 0.134560
4 430.65 17.41 458.94 33.18 0.134043
6 1143.02 181.61 1295.48 317.09 0.132041
4 1232.44 396.83 1328.71 454.42 0.131676
4 190.90 356.13 279.70 399.73 0.131285
4 772.99 175.59 793.76 209.00 0.131272
7 765.56 97.77 855.75 154.81 0.130427
6 441.29 1.62 491.10 26.42 0.130198
4 1386.54 53.85 1399.51 68.68 0.129710
4 989.51 75.27 1013.89 89.90 0.129589
6 1006.32 173.46 1111.64 287.40 0.129447
7 413.40 198.76 474.41 280.99 0.129260
3 0.92 516.21 92.75 562.37 0.128826
4 861.18 234.43 881.73 255.33 0.128136
4 929.52 102.18 967.38 120.68 0.126508
6 643.67 26.05 674.78 49.82 0.125851
4 993.86 77.63 1034.37 107.02 0.125781
4 651.59 99.15 693.77 129.36 0.124816
1 1161.09 583.24 1178.40 611.52 0.124096
4 1090.00 12.27 1111.87 28.05 0.123391
1 1346.02 122.62 1361.49 143.99 0.122715
4 679.82 226.00 722.24 248.85 0.122668
6 471.16 73.22 607.94 140.41 0.122094
4 840.21 177.37 858.64 195.85 0.121896
4 727.84 263.75 769.99 289.64 0.121448
5 637.47 599.82 721.03 647.15 0.120844
4 41.49 431.94 153.06 494.48 0.120224
7 117.94 165.30 256.48 261.27 0.120222
1 389.39 340.43 405.27 352.25 0.119226
4 799.48 165.45 817.88 181.27 0.118915
4 389.58 22.68 419.70 40.20 0.118384
4 885.22 122.08 905.71 140.71 0.118299
4 808.44 98.48 848.48 129.74 0.118109
4 600.64 535.82 629.65 553.29 0.117903
7 582.78 534.88 643.38 566.94 0.117201
6 471.92 45.45 602.98 123.98 0.116528
4 782.97 553.88 807.18 571.24 0.115688
5 518.94 584.65 619.39 650.83 0.115158
4 925.30 88.01 955.54 102.30 0.115063
7 950.66 203.70 1011.46 253.66 0.114589
1 1172.02 99.16 1183.74 118.37 0.114427
4 804.45 51.30 819.17 63.69 0.113955
4 1075.41 148.19 1108.61 174.86 0.113018
4 604.93 59.95 645.00 78.76 0.112928
4 1165.77 347.29 1245.02 384.82 0.112804
1 544.54 40.49 556.66 50.96 0.112173
10 135.86 527.77 170.57 569.44 0.112036
7 1.55 464.10 1394.61 560.88 0.111839
4 607.01 33.01 636.38 50.54 0.111487
1 1106.37 19.04 1131.42 50.30 0.110530
7 308.68 117.38 540.07 145.09 0.110375
1 587.85 564.40 600.94 592.76 0.109898
1 667.75 697.63 688.97 729.29 0.109221
4 954.22 49.58 991.91 71.50 0.109148
1 660.04 567.55 674.87 592.11 0.108166
1 585.85 223.91 596.55 255.21 0.107149
4 1006.28 417.39 1160.33 493.56 0.105786
1 1106.14 18.32 1122.66 45.15 0.105439
4 1067.21 17.97 1092.73 34.78 0.105091
6 522.74 592.11 722.65 649.20 0.104843
1 385.60 340.29 408.01 368.53 0.103236
2 489.07 679.13 858.32 769.43 0.102776
4 686.64 128.86 731.07 148.21 0.101621
4 681.00 226.36 723.98 256.92 0.100961
1 679.84 179.49 692.72 198.92 0.100667
6 1331.99 113.19 1399.38 226.02 0.100024
