4 72.85 499.90 320.69 659.28 0.498354
4 326.12 248.96 455.45 370.57 0.495392
4 529.67 309.28 753.20 448.87 0.467372
4 99.61 50.10 286.76 163.17 0.457789
4 1885.07 817.01 1998.46 976.82 0.457101
4 257.80 829.74 579.74 1056.41 0.454577
1 959.94 299.02 996.38 388.02 0.452826
4 36.84 163.84 149.88 277.29 0.441591
4 362.52 694.02 650.69 890.79 0.437005
7 408.88 401.50 642.21 554.01 0.422062
4 174.30 200.12 296.16 325.25 0.417680
4 1172.62 1059.14 1591.78 1362.51 0.402563
1 1521.85 548.37 1578.17 638.86 0.395009
1 1665.46 665.54 1719.00 733.08 0.379836
3 1356.96 369.54 1395.50 416.19 0.366760
3 1233.38 326.07 1322.49 395.39 0.365758
7 1374.94 664.51 1652.80 963.27 0.363083
4 783.92 394.64 1063.13 569.87 0.362697
1 1000.12 256.08 1028.93 324.65 0.344922
7 1087.84 517.10 1305.95 751.68 0.334192
7 18.15 0.59 209.40 101.82 0.332287
3 1016.80 279.13 1089.16 346.28 0.317712
1 1147.50 307.03 1210.78 373.62 0.307147
3 942.42 385.72 1022.85 461.12 0.305799
7 1595.65 706.90 1867.39 979.51 0.295850
3 448.99 79.37 553.43 146.47 0.292781
7 252.88 688.89 656.24 1061.90 0.292406
1 1022.55 137.10 1049.35 220.08 0.288201
1 528.27 761.83 591.52 820.48 0.283086
1 1153.16 307.58 1200.20 358.34 0.277125
1 970.34 145.76 999.85 224.34 0.272215
3 452.02 82.79 521.37 144.78 0.271013
7 1409.10 293.91 1508.92 405.90 0.268535
1 1519.37 547.49 1579.26 670.00 0.266781
1 1460.88 354.02 1512.12 423.92 0.259143
2 1431.66 332.89 1569.41 452.47 0.258591
1 1867.45 679.15 1936.87 773.40 0.255790
3 1015.70 293.19 1052.96 346.45 0.254460
1 1866.53 411.79 1900.05 472.67 0.248761
1 1459.49 353.40 1513.19 447.45 0.244258
7 1370.01 660.07 1870.91 984.07 0.241254
7 1679.18 297.90 1963.87 557.60 0.236075
2 943.03 247.77 1087.56 458.80 0.235686
1 1873.71 678.56 1933.28 742.91 0.232380
1 1813.29 675.99 1965.21 795.48 0.231780
6 384.59 377.50 677.63 583.50 0.228375
4 1131.02 1003.56 1641.20 1400.19 0.226985
7 1683.25 299.15 1962.51 551.61 0.226400
1 1546.24 340.98 1567.15 385.51 0.225911
1 1547.36 341.11 1567.12 385.94 0.224477
7 1832.29 461.90 1995.54 581.82 0.224381
3 1470.27 588.66 1567.56 674.56 0.224097
1 550.64 45.21 598.26 111.84 0.220282
1 1608.04 364.52 1634.96 444.30 0.218549
7 1374.68 665.10 1553.12 771.46 0.217926
3 1470.14 589.40 1530.43 654.21 0.217000
1 1916.76 514.03 1965.84 578.28 0.216151
2 954.91 248.49 1084.30 391.01 0.215108
1 553.05 762.89 591.15 812.61 0.210983
1 1811.58 729.51 1845.52 769.23 0.210716
1 1809.57 729.17 1864.76 793.57 0.210265
3 541.26 63.83 638.71 126.24 0.209704
2 998.30 250.91 1087.13 347.27 0.209589
7 1810.48 628.77 1997.12 796.50 0.207492
1 1119.62 222.89 1151.58 284.18 0.206862
1 1469.57 544.63 1582.34 675.75 0.205375
3 932.97 374.64 1033.81 471.55 0.202598
7 1219.28 304.34 1324.32 398.69 0.200903
1 1532.22 337.53 1567.59 386.22 0.200330
1 1205.66 260.66 1244.85 333.32 0.198873
1 1844.27 679.81 1964.72 793.68 0.198288
1 1761.29 380.18 1796.19 442.64 0.196781
4 553.49 37.14 629.35 89.50 0.192461
3 981.79 400.45 1022.50 459.86 0.190578
3 1350.83 362.46 1402.84 423.32 0.183649
1 942.84 387.22 980.14 439.82 0.180967
1 1258.56 319.73 1291.14 365.95 0.179540
3 536.85 39.86 637.04 125.69 0.177212
3 1411.82 352.47 1474.44 404.72 0.176938
1 1875.78 679.44 1911.93 733.61 0.175901
7 1864.69 457.51 1995.75 579.81 0.173165
1 951.49 291.68 1004.66 393.85 0.172943
3 1148.16 325.04 1207.42 373.80 0.172555
1 1434.04 350.18 1516.81 452.17 0.172247
7 1873.15 471.26 1994.32 579.18 0.171552
3 544.41 64.48 608.18 119.93 0.167862
7 1590.36 664.07 1868.71 981.41 0.167642
1 1604.93 663.24 1717.78 734.40 0.165592
1 539.47 457.45 592.70 504.10 0.162970
4 61.66 470.78 349.00 691.26 0.162783
1 1907.93 686.92 1941.06 741.46 0.162419
1 1868.65 489.83 1902.75 555.62 0.161370
4 1172.56 1059.34 1592.07 1362.10 0.160066
1 1434.72 393.47 1466.22 430.35 0.160011
1 1913.25 441.05 1976.31 505.70 0.158790
3 1235.30 352.78 1284.38 396.00 0.158285
2 950.27 245.17 1572.53 465.09 0.158072
1 1531.47 340.30 1551.49 381.82 0.157294
3 1525.79 621.40 1574.88 680.90 0.157167
1 559.20 763.06 589.45 800.33 0.156555
7 1409.91 294.89 1470.37 402.68 0.155624
3 1020.50 250.78 1088.90 327.27 0.155257
1 1483.94 354.36 1511.14 385.73 0.155082
1 1332.35 261.97 1361.08 316.54 0.154142
1 1258.97 320.44 1301.65 381.91 0.153927
1 1787.41 726.51 1864.57 796.44 0.153025
1 1873.88 678.40 1959.99 745.29 0.152248
1 1789.28 727.08 1847.98 771.79 0.152128
1 1178.46 307.11 1205.45 350.43 0.151745
1 1518.32 567.29 1537.24 607.30 0.150183
2 966.90 136.64 1055.72 227.04 0.149978
3 1227.53 318.76 1293.69 369.12 0.149400
3 1910.73 508.25 1976.58 581.75 0.149397
3 999.09 253.83 1053.11 345.22 0.148551
7 1874.79 627.00 1997.99 694.17 0.146321
3 1883.15 686.13 1965.78 792.65 0.144627
1 968.34 147.02 989.55 223.85 0.144303
3 0.38 0.34 67.50 39.01 0.144099
1 1516.24 566.88 1539.57 637.65 0.140184
1 1276.21 335.01 1306.48 382.72 0.139587
1 1733.37 356.75 1764.95 391.55 0.139045
4 73.39 500.28 319.96 657.96 0.138399
1 1760.42 374.75 1815.52 444.09 0.136183
4 343.96 670.61 674.62 923.65 0.134942
3 1047.97 285.65 1088.74 327.39 0.134503
1 1260.24 319.55 1288.19 353.74 0.133969
2 941.82 237.39 1654.84 514.44 0.133445
3 1135.64 292.28 1233.50 383.91 0.133103
7 1815.12 459.70 1891.03 540.86 0.132435
4 754.44 366.88 1093.83 612.01 0.132419
2 1468.30 544.58 1584.31 679.99 0.132346
1 1851.25 408.15 1904.38 475.20 0.131815
2 944.99 254.14 1047.84 455.18 0.130658
2 21.67 14.76 1984.48 1413.24 0.130420
4 83.38 0.06 210.45 54.89 0.130406
4 326.52 249.23 454.64 369.56 0.129921
1 1600.16 361.33 1653.71 456.81 0.127624
3 1026.48 269.30 1081.71 325.05 0.127416
1 1000.09 147.35 1030.45 210.48 0.125694
7 70.38 491.16 657.52 1064.54 0.124737
7 1832.29 382.37 1998.05 578.37 0.124328
1 201.03 561.12 239.11 596.99 0.123660
6 1868.24 472.52 1956.49 562.42 0.123176
7 1810.83 679.10 1924.25 795.00 0.122553
1 1192.80 224.03 1220.19 295.24 0.121893
5 509.21 277.88 786.58 482.53 0.121830
1 1813.34 677.55 1933.69 771.81 0.121510
1 1015.38 252.85 1041.01 320.47 0.119948
1 1146.97 306.46 1212.11 373.33 0.118749
3 453.38 104.42 512.57 145.78 0.118679
3 1411.95 348.41 1515.44 409.67 0.118462
4 38.01 164.22 148.70 275.78 0.118278
2 899.53 132.87 1066.93 265.15 0.117914
4 310.97 229.27 477.90 390.10 0.117291
4 363.17 693.91 649.44 889.74 0.116862
1 1930.38 514.41 1963.92 558.68 0.116839
1 1816.24 402.74 1852.00 454.90 0.116803
4 258.99 829.68 578.87 1055.33 0.116651
3 444.71 42.14 629.59 148.15 0.115959
1 1507.27 339.89 1533.64 383.88 0.115892
4 1088.53 517.92 1305.20 750.30 0.115881
4 141.60 0.57 210.11 53.90 0.115767
1 1652.37 664.75 1719.38 733.66 0.114519
4 99.74 49.64 304.98 162.98 0.114113
3 745.35 132.97 822.00 195.97 0.113622
7 1594.64 664.95 1692.32 806.86 0.112788
3 1179.89 493.95 1263.20 605.70 0.112406
1 903.86 223.39 935.68 262.21 0.112112
6 29.67 7.93 307.01 333.08 0.111967
1 1804.38 725.21 1916.04 794.51 0.111383
1 1488.68 353.88 1515.28 421.45 0.110774
10 439.69 46.73 555.78 148.23 0.110631
2 40.76 23.78 1974.77 1367.74 0.109816
7 1913.03 481.91 1996.78 580.35 0.109578
4 174.67 200.23 295.20 324.16 0.109137
7 1900.71 388.47 1998.47 504.90 0.109103
1 1535.37 548.52 1559.46 582.31 0.108635
3 1190.30 297.22 1230.56 343.25 0.108503
1 1129.93 224.41 1152.51 282.09 0.107674
3 1842.96 717.25 1922.50 793.78 0.107561
4 18.29 0.59 209.31 101.11 0.107461
7 1830.48 432.80 1995.41 582.00 0.107454
10 1833.75 538.28 1865.95 584.91 0.107438
10 1276.79 331.05 1321.96 385.27 0.106724
6 1410.42 261.01 1684.39 457.17 0.105990
7 1829.33 385.84 1998.14 553.12 0.105555
2 941.33 293.56 1026.90 459.97 0.105262
4 327.07 657.71 703.24 960.89 0.105174
1 1854.94 418.95 1880.45 468.10 0.104949
3 586.75 67.92 641.49 126.48 0.104418
4 1885.51 817.03 1997.91 973.92 0.104139
6 1810.88 692.90 1871.43 765.42 0.103885
1 1497.18 342.97 1527.12 405.91 0.103570
2 915.38 225.76 1132.29 491.37 0.102974
1 479.75 83.13 518.87 125.25 0.102652
1 228.71 543.09 270.86 588.94 0.102345
1 1939.73 441.85 1969.50 494.27 0.102186
1 901.71 214.84 953.53 262.69 0.102100
1 1972.61 428.38 1999.82 495.69 0.102038
1 1258.22 329.25 1313.41 384.04 0.100963
1 1900.21 438.29 1933.90 477.58 0.100774
3 1154.90 228.27 1197.72 295.25 0.100346
