4 447.28 548.16 493.97 613.01 0.475052
9 420.07 37.24 514.45 67.28 0.450709
4 556.43 395.82 586.15 431.77 0.396548
4 647.18 239.91 668.07 267.67 0.395645
3 888.84 434.32 905.33 459.26 0.377428
4 647.37 176.08 667.44 201.94 0.369183
2 938.15 182.11 971.42 215.22 0.348571
7 554.07 248.24 575.61 271.02 0.347202
4 573.20 160.76 592.43 185.49 0.344752
7 639.54 55.44 655.69 74.66 0.331429
7 941.41 416.79 1247.18 714.60 0.331092
4 640.07 8.49 652.44 21.17 0.329155
10 883.50 208.25 900.79 226.12 0.304396
4 577.15 15.43 588.95 27.62 0.298310
7 662.20 75.94 684.85 110.92 0.281622
3 532.47 54.01 548.46 76.28 0.279472
4 677.72 169.69 697.43 199.79 0.276442
4 439.54 130.71 476.08 146.92 0.263966
4 529.51 81.36 542.15 95.31 0.261077
4 594.24 4.67 605.03 17.24 0.258018
4 438.06 539.25 503.25 622.49 0.251825
4 556.41 395.72 586.38 432.04 0.247186
4 678.48 179.09 696.77 199.52 0.244561
1 832.65 541.79 869.51 579.88 0.244188
1 834.85 542.94 850.67 573.87 0.242417
1 531.85 119.16 540.21 133.42 0.242132
7 115.91 109.09 179.18 135.31 0.239821
9 420.14 36.36 515.47 83.35 0.237129
7 375.62 37.08 420.80 72.72 0.236281
9 515.44 33.57 540.11 57.96 0.235288
4 647.07 239.87 668.29 267.92 0.234562
6 262.82 22.68 324.79 67.51 0.233813
3 886.20 431.65 908.10 461.52 0.233442
3 883.61 226.94 911.88 255.53 0.232619
7 425.66 84.68 495.28 122.40 0.228439
7 713.04 30.53 741.53 61.70 0.228416
4 693.74 61.11 706.74 75.28 0.222529
4 698.39 44.25 709.28 56.11 0.219757
4 680.55 13.12 693.82 26.23 0.219047
2 238.83 89.93 271.60 119.07 0.216219
7 940.79 389.95 1247.13 716.59 0.210200
3 883.06 428.74 911.41 464.03 0.208638
4 447.31 548.35 494.00 612.84 0.205715
7 57.13 28.55 108.12 65.31 0.204826
7 184.36 94.75 241.54 138.31 0.203904
1 850.51 546.65 867.86 578.98 0.202200
6 107.92 0.50 164.68 22.06 0.199570
5 377.51 40.21 403.37 71.23 0.197700
3 878.15 424.36 917.63 468.98 0.191623
6 172.95 35.59 262.09 76.62 0.190052
3 528.92 50.77 551.85 79.08 0.185419
4 573.05 160.85 592.53 185.59 0.183136
4 554.04 248.01 575.89 271.39 0.179520
4 667.11 89.33 683.07 110.19 0.177591
7 221.03 259.23 280.96 312.77 0.177309
4 647.43 176.19 667.40 201.87 0.174142
6 199.01 80.59 233.18 102.64 0.170938
7 2.69 16.97 116.85 66.30 0.170033
6 115.77 99.02 179.30 135.60 0.169654
4 549.20 388.31 592.65 438.32 0.164716
7 132.71 82.55 181.27 110.76 0.164238
4 642.72 235.28 673.74 271.82 0.164032
4 718.50 43.26 736.31 61.50 0.162165
6 425.55 17.07 497.52 40.05 0.160638
4 550.53 243.87 579.03 274.90 0.160533
4 459.73 770.33 502.10 787.24 0.159838
4 272.24 6.28 299.15 23.45 0.156442
1 444.53 63.04 456.07 85.76 0.156132
7 942.64 422.51 1041.10 476.12 0.155764
4 300.11 12.52 318.29 24.93 0.154696
6 751.04 0.12 794.13 17.91 0.154400
6 64.67 15.19 124.59 41.47 0.154351
1 508.84 113.07 518.15 141.67 0.153679
6 226.07 0.60 268.96 21.95 0.153301
7 494.73 85.29 521.45 106.79 0.151358
6 279.87 24.27 321.05 55.73 0.150736
7 646.28 167.70 698.79 203.72 0.150619
7 98.52 106.76 179.50 135.81 0.149856
1 1291.31 345.66 1306.28 372.35 0.148045
4 262.58 50.34 279.00 69.23 0.145354
4 502.71 12.73 518.17 25.84 0.144828
4 308.21 2.05 326.93 13.27 0.144551
4 1348.18 395.57 1398.68 426.10 0.143504
6 373.85 29.76 430.28 73.19 0.143407
4 677.82 169.95 697.36 199.71 0.142138
3 888.57 434.04 906.06 459.63 0.141559
4 271.44 11.91 294.60 23.53 0.141462
1 939.60 183.80 952.24 203.36 0.141415
6 226.54 17.64 275.15 40.99 0.141271
6 375.45 30.07 518.88 80.85 0.140487
6 82.38 16.49 124.91 40.19 0.139600
2 938.29 182.69 970.96 215.05 0.138500
6 218.11 37.49 262.15 67.51 0.138019
7 33.41 631.40 86.90 694.96 0.136593
7 57.28 43.97 87.69 66.04 0.135497
2 507.76 112.64 542.51 141.60 0.132807
6 33.95 653.80 78.36 694.95 0.131613
7 1.75 629.51 103.36 698.42 0.131515
6 943.64 422.84 992.52 473.30 0.130854
6 765.68 260.97 801.04 296.69 0.129589
6 429.59 1.60 516.95 23.48 0.129351
1 485.07 59.55 498.54 84.90 0.128193
4 661.59 75.97 684.85 111.00 0.128000
6 944.35 422.79 990.71 461.50 0.127584
7 402.03 53.13 419.29 72.57 0.126881
4 776.97 435.77 791.85 448.03 0.126693
4 666.14 87.31 683.76 110.28 0.126624
1 457.42 242.06 468.55 257.86 0.125175
1 1334.42 296.84 1344.77 317.05 0.124964
4 369.89 77.75 380.43 89.65 0.124910
4 639.68 55.39 655.63 74.51 0.121854
1 493.05 21.05 503.73 39.10 0.121851
7 941.67 419.02 1246.79 714.73 0.121559
4 133.55 97.21 163.12 112.41 0.121400
7 2.32 630.56 93.11 697.13 0.121206
1 1197.92 667.01 1211.26 683.06 0.121186
1 280.52 280.85 291.53 309.25 0.121165
4 149.43 84.25 181.09 102.35 0.119997
3 259.08 101.21 271.52 117.86 0.119924
10 883.57 234.07 903.42 254.94 0.119642
6 99.00 88.85 242.22 139.40 0.118789
6 184.35 94.96 221.81 134.79 0.118176
7 922.62 450.90 944.71 475.67 0.117799
4 263.63 50.03 277.65 64.12 0.117738
1 489.68 60.10 498.72 84.39 0.117062
1 488.76 59.85 498.87 84.35 0.117001
6 423.81 2.93 518.54 38.99 0.116988
4 207.98 19.76 226.86 33.64 0.116930
6 714.11 29.99 739.94 48.62 0.116063
1 1195.23 666.93 1213.02 697.66 0.115506
2 439.00 235.70 481.55 261.59 0.115181
5 417.24 524.80 529.41 645.16 0.114500
6 172.14 17.59 274.94 76.96 0.113333
4 425.05 529.88 521.27 641.88 0.113198
4 640.90 61.09 655.34 74.14 0.113144
6 375.46 9.27 522.67 83.85 0.112906
4 463.84 31.14 478.96 39.18 0.112702
1 93.69 117.99 102.71 137.12 0.112577
7 213.47 115.53 241.18 138.98 0.112459
1 242.32 91.53 260.53 110.80 0.111844
1 957.37 193.38 969.75 211.62 0.111637
4 640.20 8.87 652.21 20.84 0.111553
4 744.91 161.44 768.93 179.00 0.111246
2 413.18 203.14 482.52 260.65 0.109882
10 890.78 436.72 905.08 459.35 0.109676
4 697.09 87.08 718.04 114.54 0.108376
4 399.74 0.04 430.20 19.66 0.108282
1 500.02 203.83 509.61 220.25 0.108137
1 216.18 120.49 228.83 138.65 0.108090
1 245.09 93.24 260.46 113.45 0.108017
9 443.09 1.74 512.14 19.58 0.107663
6 943.03 422.05 1006.34 475.51 0.107310
1 479.74 66.31 491.19 85.02 0.107007
6 148.99 18.38 202.06 35.46 0.106986
4 636.94 5.08 655.55 23.53 0.105725
4 111.34 38.59 139.75 55.21 0.105609
6 426.59 18.69 463.38 38.54 0.105226
6 448.67 191.48 477.29 219.11 0.104950
6 428.39 19.91 466.48 40.27 0.104672
4 782.00 453.05 805.72 476.94 0.104590
1 446.01 225.96 457.61 246.93 0.103755
6 21.57 0.70 59.60 20.95 0.103754
4 699.82 96.63 714.75 113.47 0.103713
4 406.36 108.73 426.52 121.97 0.103166
4 1325.15 376.86 1398.62 426.70 0.102975
3 262.25 102.81 271.50 117.70 0.102140
4 558.00 404.87 580.87 430.39 0.101695
2 237.94 90.08 271.49 118.94 0.101309
4 829.65 383.59 848.68 399.86 0.101051
6 15.73 22.53 73.68 55.92 0.100361
