4 842.57 701.81 871.03 752.89 0.366831
4 737.16 575.88 765.42 630.50 0.338023
1 1104.31 752.05 1121.96 773.89 0.326818
4 730.95 124.24 756.87 176.30 0.299072
7 449.50 215.36 471.73 259.11 0.284901
7 659.12 148.04 704.67 261.20 0.274036
7 1038.57 741.68 1085.14 786.39 0.254327
7 579.53 163.20 603.45 210.06 0.253336
7 876.28 413.64 906.98 460.44 0.249184
4 328.67 541.77 355.41 575.19 0.236782
7 1170.04 645.43 1398.24 771.14 0.234624
4 710.77 634.46 739.81 691.46 0.231403
3 3.79 545.19 41.94 568.32 0.230201
4 498.86 363.07 520.99 401.97 0.219741
7 920.46 508.18 970.72 585.38 0.219176
4 938.32 746.17 980.22 786.12 0.216720
7 507.82 218.98 531.64 264.40 0.215661
7 870.78 411.31 920.14 477.62 0.215274
3 511.32 245.97 529.63 265.28 0.211096
4 783.47 418.48 810.39 469.74 0.210907
4 1039.17 694.33 1073.27 726.40 0.208512
4 411.20 14.64 441.31 40.07 0.201136
7 807.89 288.12 859.53 360.37 0.200422
7 915.59 751.92 941.83 786.17 0.196954
4 979.72 743.27 1037.03 786.76 0.196713
4 647.97 31.55 671.03 76.72 0.196507
4 1101.61 751.26 1145.82 786.54 0.192729
7 658.01 316.87 690.04 371.04 0.190225
7 1018.49 83.00 1056.94 109.42 0.186922
3 723.98 305.65 749.34 338.50 0.185054
4 842.56 701.62 871.10 752.92 0.183535
1 710.37 633.74 742.27 726.96 0.182546
7 610.46 279.09 635.28 325.38 0.177045
4 757.06 44.78 782.43 92.16 0.174692
4 952.50 765.90 977.84 786.24 0.172256
7 841.26 410.59 920.09 482.92 0.168503
7 809.39 312.33 835.86 359.40 0.168438
6 389.46 365.30 425.21 438.00 0.165241
7 855.79 487.04 894.11 566.84 0.164651
7 854.51 486.53 901.66 594.60 0.159156
4 451.04 238.38 470.58 258.71 0.158953
7 830.76 290.23 857.44 337.53 0.157189
7 450.63 749.81 474.27 772.31 0.156341
4 449.36 214.91 472.08 259.31 0.156171
1 1013.77 523.56 1033.88 544.65 0.150691
4 403.66 0.81 442.00 40.83 0.150265
4 508.73 219.36 529.24 248.35 0.150219
3 3.89 544.65 46.77 586.11 0.149844
3 581.94 190.74 602.25 211.23 0.149553
1 1126.75 769.56 1142.16 786.75 0.147177
4 494.14 358.35 526.25 406.20 0.142377
4 876.12 413.44 907.07 460.63 0.142013
7 447.53 211.64 534.74 269.24 0.139552
6 1063.81 627.14 1398.45 771.96 0.138925
7 873.62 411.38 911.66 463.70 0.133596
1 1024.97 610.91 1051.26 634.36 0.133171
4 368.67 597.01 392.38 623.42 0.133080
4 657.50 316.22 690.79 371.71 0.133066
7 392.62 491.16 425.86 543.43 0.132534
4 737.37 575.93 765.08 630.52 0.132089
7 0.91 1.01 308.70 609.03 0.131737
7 1015.32 447.42 1043.93 534.20 0.131074
7 1142.55 485.96 1185.77 640.65 0.130699
10 692.66 313.46 713.71 344.31 0.129483
9 602.73 275.23 640.71 329.13 0.126171
4 732.01 570.89 770.36 633.28 0.125448
2 914.42 722.64 1158.90 787.00 0.124180
7 447.30 712.08 493.12 786.42 0.123775
4 730.89 124.03 756.79 176.37 0.122290
3 3.43 540.02 78.52 583.52 0.122015
1 1095.45 606.46 1117.64 633.17 0.121287
7 875.67 412.85 919.64 466.76 0.121245
1 417.84 295.90 434.92 321.83 0.120822
4 579.84 163.43 603.08 209.65 0.118839
7 866.79 408.29 921.77 480.68 0.117329
4 741.19 600.28 763.75 629.72 0.116746
4 651.34 54.64 670.02 76.00 0.115772
7 70.75 648.99 262.06 785.89 0.114651
7 1116.23 71.36 1186.61 140.03 0.112092
7 1142.62 486.72 1183.10 561.61 0.109573
5 447.44 736.37 489.02 786.63 0.107831
4 839.24 697.49 874.59 755.12 0.107401
4 659.30 147.79 704.94 261.35 0.106472
9 571.46 153.47 610.96 216.99 0.106281
1 364.05 659.13 380.91 696.02 0.105182
1 1325.47 704.42 1342.77 738.47 0.104517
4 675.25 236.35 703.75 260.59 0.104472
4 735.67 150.78 755.78 175.75 0.103941
4 1038.59 741.97 1085.28 786.43 0.102376
1 52.23 547.58 66.71 572.88 0.101991
4 725.53 118.60 762.78 181.01 0.101279
4 508.16 219.10 531.12 263.41 0.101108
4 1057.81 710.06 1072.59 725.65 0.100892
