3 889.31 353.77 932.87 382.70 0.434115
4 521.29 849.21 614.58 990.67 0.362959
4 309.54 71.06 351.52 121.25 0.357554
1 877.81 452.97 907.78 487.56 0.338094
4 953.47 784.08 1081.61 876.17 0.336326
4 363.93 286.26 422.28 356.50 0.331480
4 1038.68 863.33 1166.77 971.68 0.330848
1 984.80 427.87 1010.51 463.18 0.328096
1 891.68 454.37 906.37 486.30 0.319672
4 1075.36 942.56 1209.07 1047.59 0.318027
4 811.03 544.05 917.50 620.38 0.308715
4 829.85 592.96 940.53 678.57 0.308333
4 100.65 613.88 212.27 690.88 0.308006
4 686.09 955.69 781.83 1048.32 0.306841
4 3.69 384.40 108.44 452.11 0.304521
3 885.40 346.04 938.91 388.82 0.304038
4 746.60 473.51 844.83 543.87 0.301400
4 846.29 992.13 925.21 1048.63 0.300920
4 913.44 695.65 1031.80 782.73 0.300562
7 730.80 429.73 821.74 492.90 0.297077
4 292.47 277.19 349.56 356.17 0.296299
4 380.40 153.04 434.37 212.46 0.295898
7 480.59 56.08 564.61 145.63 0.292635
1 878.78 459.25 894.07 484.34 0.292588
7 576.28 597.60 655.92 700.14 0.291892
4 83.38 507.44 176.20 577.50 0.291413
4 530.64 150.58 612.62 207.75 0.291014
4 610.09 266.82 700.47 330.50 0.289800
7 434.74 -0.08 517.25 31.63 0.289317
4 666.69 664.70 762.30 780.26 0.288857
4 571.19 210.14 662.57 264.41 0.286978
4 533.71 661.45 620.34 781.30 0.286124
4 672.75 369.48 767.68 436.15 0.278671
4 291.69 517.04 374.52 620.50 0.278053
4 864.69 636.87 979.43 719.02 0.277841
4 0.41 255.00 85.13 316.25 0.274217
4 413.24 210.44 470.91 274.01 0.273012
4 77.79 569.90 196.90 646.80 0.272514
4 148.45 139.56 198.88 207.61 0.269007
4 751.86 812.10 848.80 938.61 0.265472
4 657.98 324.34 752.00 387.42 0.264050
4 431.59 425.35 504.26 522.25 0.261323
4 189.27 41.35 240.77 101.11 0.261294
4 639.81 300.36 722.63 355.51 0.259821
7 308.84 169.19 359.25 231.91 0.256329
4 509.35 388.34 582.14 462.79 0.255408
7 380.28 478.68 448.93 576.63 0.248011
4 28.75 435.36 122.51 498.12 0.246162
4 584.03 508.63 660.10 598.83 0.244372
4 784.83 505.16 880.95 583.44 0.242774
4 554.07 178.49 637.16 227.66 0.239539
7 485.34 91.55 562.90 144.46 0.236534
4 113.53 29.92 160.36 88.30 0.235903
7 175.70 886.24 305.85 986.95 0.235897
4 0.17 166.35 64.46 216.69 0.232602
4 191.07 41.25 220.55 73.25 0.232203
4 0.23 96.60 42.38 127.37 0.230799
3 525.31 315.06 569.45 366.77 0.230758
4 194.24 268.96 252.01 342.09 0.230642
7 267.49 657.37 356.21 778.35 0.229300
4 0.40 121.05 59.32 155.51 0.228243
4 466.73 301.83 522.36 364.74 0.226648
4 463.27 44.00 543.99 86.23 0.226569
3 889.43 354.05 932.69 382.41 0.224419
7 484.19 61.88 559.50 108.81 0.223749
4 166.33 972.34 312.03 1048.17 0.218222
4 456.40 994.60 529.49 1048.64 0.217934
2 1136.08 506.33 1216.35 589.22 0.207386
4 412.22 850.00 499.84 986.33 0.204095
2 696.00 22.32 759.30 103.77 0.203295
2 1160.37 522.33 1214.87 585.56 0.203220
7 464.15 43.85 563.85 146.03 0.201463
4 378.38 994.18 529.65 1048.75 0.199624
1 873.02 448.64 914.07 493.37 0.197218
4 199.83 175.92 235.05 227.30 0.196756
7 6.83 382.61 216.97 692.07 0.194936
1 672.21 69.68 705.24 104.08 0.186417
7 1000.97 447.39 1039.16 483.37 0.183798
1 709.92 36.13 727.07 69.02 0.176746
4 132.05 85.23 174.31 138.64 0.172567
1 981.41 424.37 1014.58 465.47 0.167950
4 521.49 849.18 614.53 990.46 0.167530
1 985.39 429.99 1001.33 462.14 0.167006
2 841.97 179.26 922.20 271.35 0.165444
4 197.04 887.21 304.63 970.68 0.165419
3 672.26 79.76 705.32 104.43 0.165347
4 666.72 664.40 762.00 780.12 0.165172
9 1279.12 643.95 1398.84 843.03 0.162909
4 533.90 661.45 620.35 781.30 0.160497
4 192.68 267.20 257.07 358.45 0.160305
1 1163.72 525.29 1182.76 552.71 0.159723
4 87.68 533.93 170.16 577.14 0.159084
4 751.68 811.90 848.73 938.58 0.158686
4 309.52 169.13 346.82 202.77 0.158369
4 576.55 597.53 655.88 699.97 0.158010
7 980.98 372.72 1018.37 416.28 0.154876
1 1180.45 542.43 1198.50 566.54 0.154759
2 878.07 453.21 907.54 487.55 0.153168
4 193.59 62.43 240.27 100.35 0.151807
1 1206.57 681.67 1259.99 755.50 0.151008
4 497.98 356.88 538.43 388.75 0.149933
1 697.10 23.88 712.25 57.86 0.149212
7 381.96 120.50 1221.52 1046.42 0.148276
4 29.63 430.69 156.85 499.32 0.147573
7 132.60 477.96 238.60 631.13 0.146346
4 223.18 333.77 264.38 369.95 0.143057
7 697.12 496.08 733.79 631.18 0.142597
4 197.34 69.38 240.20 100.19 0.141921
1 817.18 224.48 834.41 245.54 0.141396
7 984.54 250.06 1126.89 461.54 0.140830
2 1125.42 501.44 1229.72 616.55 0.139055
4 100.67 614.29 212.50 690.82 0.137881
3 671.48 68.93 718.60 125.00 0.137818
3 515.99 291.70 570.44 367.70 0.137797
4 0.61 143.33 57.90 176.35 0.137745
2 874.66 424.62 1013.84 491.91 0.137611
7 133.37 477.79 190.43 537.48 0.137035
7 77.70 567.54 213.51 691.66 0.136851
4 890.60 639.10 977.00 701.91 0.136641
9 1277.79 645.31 1399.10 880.07 0.136427
4 0.15 0.63 22.56 52.33 0.136358
1 725.78 49.38 741.05 75.26 0.135906
7 292.46 741.39 355.78 778.28 0.133610
4 246.37 365.30 290.50 436.70 0.133156
4 414.27 850.59 481.85 936.40 0.131778
7 528.97 149.02 662.66 265.02 0.131399
4 0.26 195.31 62.12 244.44 0.130917
1 763.20 80.97 778.29 108.62 0.129175
4 364.17 286.08 422.09 356.23 0.129082
2 855.88 192.06 921.46 269.65 0.128615
6 425.06 128.98 465.56 175.48 0.126489
7 974.61 99.17 1397.54 496.17 0.125745
4 380.40 478.39 448.97 576.64 0.125694
3 909.25 355.13 932.46 376.38 0.124487
1 984.43 427.61 1010.86 463.52 0.124068
1 739.89 66.58 756.89 103.18 0.123588
2 876.61 452.56 909.20 488.81 0.123453
4 61.57 451.39 120.86 485.96 0.123423
4 95.34 0.11 129.20 20.90 0.123045
4 431.50 424.95 504.40 522.36 0.121919
4 176.31 218.35 225.61 276.54 0.121779
9 1279.51 572.42 1399.02 845.47 0.120757
4 0.06 23.40 18.42 52.63 0.120171
4 247.00 392.31 290.40 438.98 0.118804
4 953.35 783.76 1081.09 875.69 0.118792
7 1338.67 794.08 1381.20 833.14 0.118574
4 1038.79 863.04 1166.32 971.26 0.117758
9 1280.03 672.84 1398.58 836.85 0.117231
4 77.82 569.86 196.67 646.84 0.116840
7 400.10 34.66 463.16 179.55 0.116055
4 584.48 508.48 659.78 598.72 0.114666
3 888.63 352.49 933.72 383.95 0.114002
4 174.99 886.08 305.90 986.86 0.113352
4 292.42 516.54 374.36 620.69 0.113075
6 266.09 617.64 310.17 661.13 0.111845
2 866.53 443.27 923.17 501.95 0.111671
4 309.69 71.23 351.28 120.96 0.110356
4 1075.26 942.73 1209.04 1047.67 0.110157
4 256.94 364.70 284.10 398.85 0.110071
9 1010.30 350.72 1398.47 856.70 0.109266
3 1207.64 709.05 1255.89 755.67 0.109171
7 981.03 251.36 1126.07 419.78 0.108891
4 190.37 264.63 263.31 368.49 0.108743
4 4.16 384.35 107.99 451.40 0.107392
4 846.29 992.07 925.18 1048.76 0.106579
6 692.37 1.54 770.67 118.52 0.103523
1 1162.47 524.46 1186.34 560.06 0.102897
3 672.70 80.92 718.40 124.90 0.102544
4 829.94 592.76 939.85 677.62 0.101683
4 292.57 277.02 349.58 356.06 0.101414
4 312.12 1.62 364.99 57.91 0.100417
