1 1574.34 1170.45 1608.39 1223.03 0.402510
1 1157.45 851.78 1178.19 896.69 0.386480
4 439.77 778.52 501.67 823.27 0.384885
4 937.80 880.64 1032.01 965.63 0.374313
1 346.68 883.20 369.08 921.87 0.372320
4 395.21 840.53 496.75 912.17 0.357665
4 675.50 877.66 730.28 939.59 0.357664
4 860.34 805.09 914.37 859.52 0.357015
3 735.74 841.32 774.80 900.65 0.356221
1 722.83 691.31 740.41 725.02 0.356180
1 425.56 716.72 444.13 750.53 0.353853
4 793.13 665.88 838.26 706.61 0.352979
4 454.99 747.68 521.02 782.57 0.349472
4 907.13 718.94 953.82 757.58 0.341092
2 1043.37 745.32 1098.15 795.58 0.337810
7 1347.87 1165.44 1539.77 1281.41 0.335028
4 673.98 724.89 713.49 767.62 0.316403
3 1500.20 1384.00 1526.17 1423.33 0.308093
4 684.22 971.43 755.03 1063.44 0.307931
4 688.56 1077.39 794.61 1198.68 0.306006
4 1087.53 903.39 1168.40 976.70 0.300600
4 899.82 659.20 941.38 695.69 0.300078
4 858.30 622.55 910.58 653.61 0.298452
7 945.28 761.64 1008.69 807.94 0.295049
3 1243.86 971.33 1292.34 1017.38 0.293687
3 1311.98 1064.17 1364.94 1107.01 0.285746
1 1046.27 754.91 1064.33 791.41 0.279683
7 747.44 491.51 915.56 659.22 0.272586
7 1021.56 645.74 1065.16 677.35 0.272538
4 1085.70 1375.10 1230.62 1497.77 0.272388
4 698.64 1358.00 814.12 1498.81 0.271764
1 1314.25 1167.05 1336.59 1200.22 0.271590
1 1510.48 1120.20 1561.21 1182.94 0.271067
4 713.33 474.80 739.96 493.61 0.263871
3 1022.77 792.82 1058.48 819.99 0.262593
3 1223.12 969.29 1292.67 1017.88 0.260797
4 677.87 808.45 726.66 867.44 0.258940
4 841.35 613.09 889.25 641.26 0.257791
4 680.67 828.36 724.82 867.03 0.257551
7 972.27 675.52 1039.36 710.46 0.256444
4 660.94 536.83 683.91 558.05 0.255017
1 766.61 593.68 781.05 619.89 0.251927
1 1081.82 726.29 1098.74 754.77 0.248835
4 662.57 499.58 691.91 520.56 0.247366
4 668.64 655.15 704.07 686.10 0.247342
1 1232.50 1080.94 1253.49 1110.21 0.246749
4 660.55 627.86 695.47 655.78 0.241835
7 966.11 711.52 1002.70 758.76 0.233265
1 1273.36 1123.95 1292.48 1154.69 0.232912
4 670.80 685.16 705.09 719.12 0.229336
3 728.66 835.16 784.24 906.22 0.227802
3 1222.48 979.92 1256.20 1011.41 0.226130
4 529.78 583.93 578.54 612.22 0.226000
1 1075.80 748.49 1096.41 792.99 0.222615
1 706.00 582.52 721.36 605.40 0.216150
4 659.87 567.21 684.86 587.07 0.216039
7 968.92 674.73 1040.28 757.48 0.215918
3 1304.55 1054.45 1376.73 1114.44 0.215135
7 789.46 539.13 911.78 655.30 0.213632
4 529.85 610.70 563.09 639.10 0.211616
4 791.79 541.37 833.78 570.76 0.209607
4 527.95 594.37 561.96 618.22 0.209171
3 1491.73 1375.67 1536.95 1430.74 0.207058
2 1020.43 723.64 1105.79 821.17 0.206115
4 761.42 521.67 806.43 547.26 0.205450
4 760.80 523.68 789.57 545.65 0.204527
1 331.76 872.18 384.09 936.61 0.203348
1 1078.81 746.90 1096.65 788.84 0.202599
4 480.78 556.52 512.42 579.71 0.200693
3 1247.15 984.89 1291.80 1015.98 0.194899
1 418.58 709.69 451.31 755.70 0.193844
2 1120.98 773.08 1187.50 831.17 0.193600
4 925.01 865.76 1045.32 981.50 0.192199
7 906.03 584.65 948.78 612.05 0.191595
1 1571.21 1166.64 1612.24 1225.84 0.191151
7 971.03 675.16 1068.85 722.26 0.190131
1 342.24 878.26 373.66 927.31 0.188597
3 1413.02 1032.64 1447.47 1076.48 0.184173
7 745.84 488.15 961.89 756.29 0.182103
7 969.63 673.92 1069.67 746.00 0.181480
4 750.37 494.91 795.89 527.92 0.181382
4 1330.72 1138.15 1559.60 1304.22 0.181175
2 1040.59 724.44 1104.02 796.82 0.181153
1 1150.55 845.11 1186.20 902.96 0.180387
4 676.76 713.10 710.67 738.32 0.179631
7 438.96 746.25 522.82 823.97 0.177770
4 658.87 497.99 692.63 521.27 0.177682
4 676.99 707.95 709.71 732.35 0.176604
4 661.39 468.17 678.22 485.45 0.176364
4 603.60 706.06 627.57 740.41 0.175007
4 681.84 1068.00 809.82 1210.84 0.174882
4 814.99 609.29 852.32 637.79 0.174409
3 1503.69 1111.20 1568.18 1190.54 0.172939
3 1292.57 1045.24 1397.41 1129.77 0.171966
4 1078.19 890.03 1179.21 988.71 0.171454
4 853.83 798.51 922.14 865.49 0.170805
1 1266.56 1116.33 1300.53 1161.07 0.165565
1 1586.33 1171.13 1608.13 1198.19 0.165103
1 1586.92 1171.62 1608.60 1219.45 0.164509
4 545.12 583.07 577.67 599.75 0.164276
4 817.48 599.41 891.91 639.31 0.163613
1 717.03 682.87 749.01 731.93 0.162778
1 995.86 750.22 1027.94 778.25 0.162252
1 956.66 723.42 971.57 756.06 0.161443
4 822.96 582.14 868.73 609.68 0.160763
3 1208.80 955.50 1302.30 1028.90 0.159252
4 708.15 454.29 730.27 471.29 0.158858
7 964.31 691.55 1002.90 759.63 0.158293
2 1044.25 747.44 1097.43 794.59 0.157348
2 957.13 671.55 1110.42 819.75 0.156374
3 1241.52 964.35 1299.00 1026.04 0.155657
4 860.41 582.15 882.45 600.94 0.153575
4 790.41 525.29 815.96 542.53 0.153552
4 799.09 553.64 836.22 577.69 0.153039
3 1018.71 783.20 1064.98 825.58 0.152773
4 815.89 585.97 896.25 640.44 0.152472
2 944.49 716.90 1105.51 818.64 0.151010
4 662.47 611.70 695.91 638.58 0.150226
4 791.74 529.75 819.01 547.88 0.149996
4 805.86 562.73 858.62 600.79 0.147875
7 972.48 724.00 1001.69 757.50 0.146493
7 1404.55 988.17 1449.32 1039.45 0.146481
1 974.32 607.05 991.38 645.06 0.144496
4 661.24 635.75 694.69 660.40 0.144023
3 996.54 753.56 1029.30 778.87 0.141737
4 840.65 617.11 870.21 640.52 0.140278
3 743.39 859.36 772.51 901.51 0.139163
7 1200.84 943.88 1234.66 974.70 0.138846
4 667.53 868.79 739.80 947.95 0.137268
4 660.24 567.49 684.37 585.07 0.137026
7 1035.85 693.45 1070.57 720.93 0.136712
3 1324.42 946.80 1353.87 986.87 0.135177
1 1226.13 1074.89 1260.53 1116.48 0.134867
1 1267.45 862.25 1285.90 899.56 0.134786
2 957.43 591.62 993.01 652.71 0.134350
4 722.50 425.34 745.52 443.16 0.131736
6 630.85 564.38 688.38 628.41 0.131736
4 654.84 583.65 687.33 616.80 0.131099
7 1379.10 953.35 1450.34 1041.60 0.130815
2 1023.64 721.58 1185.19 840.46 0.130162
1 1074.94 763.56 1093.18 794.14 0.130138
1 996.22 706.94 1016.89 754.62 0.129899
4 512.20 630.43 550.61 667.43 0.129514
1 882.06 583.88 896.73 612.85 0.128746
1 1522.07 951.57 1561.96 1002.12 0.128313
4 734.73 455.68 761.69 481.39 0.127949
4 927.32 505.97 954.79 523.14 0.127500
4 901.88 660.07 940.72 695.13 0.127494
4 712.25 470.50 741.34 493.65 0.127426
4 716.83 420.50 744.92 442.16 0.127163
2 1044.19 750.65 1083.16 792.21 0.126480
4 397.17 841.61 492.22 899.45 0.125242
7 904.94 582.44 949.61 625.00 0.124944
4 813.57 495.60 850.62 525.82 0.124658
3 736.86 840.68 772.66 880.82 0.124462
4 669.45 656.39 703.23 682.25 0.123999
1 1253.70 970.30 1276.92 1005.84 0.123795
1 177.78 1120.55 348.23 1315.41 0.123210
4 940.27 752.59 1014.37 815.20 0.123140
7 1411.28 1012.18 1446.21 1041.28 0.122842
5 440.67 745.25 522.54 796.12 0.122672
3 1223.70 982.79 1290.24 1015.31 0.122536
1 1447.17 1034.13 1468.61 1074.39 0.122250
2 1124.13 775.84 1168.15 822.55 0.122240
4 666.65 1057.13 833.67 1235.01 0.122004
6 653.60 566.39 687.73 617.41 0.121196
1 1265.18 849.09 1288.04 899.99 0.120946
7 710.21 410.53 934.61 698.90 0.120749
4 642.52 493.49 668.80 516.11 0.120536
4 693.75 462.29 707.83 478.07 0.120496
7 1460.54 981.88 1565.45 1124.10 0.120495
1 1301.16 907.33 1318.09 944.77 0.119648
2 1021.48 719.61 1193.18 902.59 0.119518
1 734.22 1376.42 779.20 1396.38 0.119469
1 1044.41 755.86 1059.56 789.99 0.119349
7 1246.46 637.97 1277.95 669.55 0.118702
1 1410.12 1016.68 1450.04 1076.88 0.118530
6 1379.10 951.74 1443.18 1010.61 0.118276
2 1508.66 1115.36 1611.69 1226.22 0.117033
1 1298.10 894.91 1319.21 945.41 0.116889
3 1574.57 1186.07 1603.91 1222.58 0.116430
4 907.81 719.09 952.07 756.72 0.116348
4 1065.10 1351.61 1252.39 1497.64 0.116265
7 656.24 620.48 718.21 770.57 0.115024
1 1177.16 824.13 1194.85 850.77 0.114876
1 1042.71 755.07 1064.95 804.86 0.113770
7 707.78 404.84 960.00 757.14 0.111949
4 526.60 581.95 579.72 639.91 0.111926
1 1574.66 1179.15 1596.21 1219.95 0.111349
4 725.08 430.79 748.69 449.47 0.110885
4 802.62 563.69 833.50 592.98 0.110359
4 795.28 667.54 836.57 705.22 0.109569
4 750.96 501.29 778.55 525.07 0.108740
1 1880.20 1200.96 1927.96 1265.52 0.107845
4 854.72 614.97 891.80 637.75 0.107387
9 484.36 513.81 539.77 571.79 0.107131
4 805.14 560.30 855.32 588.52 0.107044
4 695.03 995.93 751.90 1059.17 0.106537
1 1411.34 1023.79 1433.62 1074.37 0.106252
4 904.03 607.65 926.75 631.12 0.105085
2 1227.91 1075.09 1298.23 1157.90 0.104861
4 1056.99 652.37 1088.75 677.68 0.104568
1 1139.17 876.59 1156.84 907.08 0.103365
1 1091.80 833.15 1106.44 854.41 0.102885
4 1114.66 1413.26 1228.39 1497.40 0.102295
2 941.29 581.06 1003.50 671.33 0.101595
4 738.55 462.01 760.89 483.30 0.101458
4 395.87 853.10 424.16 889.14 0.101454
4 862.33 578.66 885.90 601.25 0.101375
4 816.34 562.66 853.59 584.89 0.101312
4 659.15 595.29 687.66 617.47 0.101200
4 1347.80 1165.44 1539.00 1280.99 0.100914
4 754.62 494.26 793.00 515.68 0.100658
1 634.69 566.50 649.22 593.32 0.100575
1 1639.87 1073.49 1673.35 1117.36 0.100523
1 1521.17 953.34 1541.46 992.92 0.100462
1 955.20 595.78 976.38 658.26 0.100459
4 861.52 805.82 913.23 858.74 0.100333
