4 911.09 170.44 1077.05 267.62 0.482763
4 680.21 1.41 809.60 74.05 0.474212
4 761.18 200.46 907.43 291.69 0.433336
4 448.45 140.07 600.29 259.50 0.425793
1 989.46 476.35 1019.79 527.06 0.388809
4 851.22 0.17 963.92 25.07 0.376011
3 0.50 173.30 59.77 259.10 0.354504
1 1125.42 943.36 1198.08 987.78 0.339716
7 970.20 665.62 1150.92 876.09 0.330670
1 71.56 845.46 131.94 951.66 0.328817
1 1031.01 300.97 1062.24 352.16 0.320535
1 753.39 404.93 784.00 448.02 0.313317
1 839.30 461.97 871.74 504.48 0.311624
1 1093.11 304.54 1127.13 348.44 0.310585
7 688.43 245.19 801.95 360.11 0.308253
7 576.98 718.62 735.98 953.06 0.301563
4 690.31 961.30 808.43 1048.42 0.298101
4 891.53 301.11 1015.27 370.29 0.297346
7 326.41 804.90 499.73 1047.57 0.296955
4 626.54 109.73 835.47 277.87 0.294432
7 736.78 678.91 860.43 821.00 0.289144
7 161.66 794.70 320.60 1034.54 0.286109
7 661.65 543.46 861.41 821.44 0.286034
1 531.37 568.04 631.87 667.59 0.279845
1 28.70 845.96 69.82 895.92 0.278932
2 791.01 303.81 902.39 404.45 0.272810
1 271.51 772.38 332.58 919.88 0.271509
1 843.91 348.90 873.18 394.85 0.271087
1 979.73 321.75 1010.04 367.23 0.268620
4 866.42 268.29 1005.24 337.95 0.268481
1 1064.96 297.82 1090.82 344.52 0.263198
3 1051.28 318.99 1111.36 366.00 0.257489
4 688.60 960.74 842.74 1048.34 0.257440
7 860.01 267.47 1015.54 367.09 0.254426
1 354.82 839.90 381.46 869.59 0.252712
1 194.29 8.92 218.42 55.84 0.250367
1 525.79 528.74 558.72 572.08 0.243341
1 766.64 851.80 877.24 942.95 0.241840
1 1030.16 295.81 1128.62 366.81 0.241765
7 736.52 334.28 817.25 448.52 0.231493
7 2.65 495.25 303.01 809.53 0.230970
4 911.06 170.21 1076.30 267.01 0.230859
4 419.43 131.76 613.57 267.64 0.230137
1 606.01 390.74 636.71 429.87 0.226932
1 803.44 323.38 828.80 361.83 0.226345
1 500.61 528.48 563.87 605.15 0.223487
4 911.06 170.22 1076.40 267.04 0.222877
1 499.20 526.53 632.34 668.26 0.222395
7 1.61 495.14 336.15 937.95 0.219924
3 643.71 521.07 757.23 598.45 0.218625
1 28.16 845.46 79.13 969.85 0.218166
1 192.05 722.78 334.16 925.99 0.217147
1 940.59 488.09 993.29 546.42 0.211432
7 674.35 522.62 757.13 565.94 0.210128
1 836.27 327.62 864.44 373.05 0.209389
1 961.00 337.38 987.68 373.78 0.209046
4 680.14 1.64 809.55 73.76 0.208483
1 523.43 529.15 566.44 597.09 0.208274
4 0.43 0.57 101.97 68.57 0.205370
3 0.52 116.41 60.33 259.33 0.205232
4 949.19 644.31 1180.94 904.42 0.204248
7 664.57 546.68 820.48 743.01 0.202761
1 27.45 841.23 132.64 958.44 0.200977
3 909.57 486.61 994.43 547.46 0.200860
7 717.20 246.03 800.76 349.50 0.200716
4 898.15 154.00 1094.47 288.54 0.200486
7 160.54 723.72 335.07 1035.50 0.199202
1 963.56 321.60 1010.54 372.00 0.198637
3 0.97 164.73 85.71 260.26 0.197895
2 909.02 475.62 1020.41 549.17 0.195830
3 0.56 191.57 58.17 258.50 0.195559
1 499.81 530.89 541.38 601.23 0.195363
7 2.98 498.09 260.13 729.42 0.192944
1 648.20 587.92 681.75 630.43 0.192790
7 1002.89 460.63 1397.63 1046.67 0.192382
3 688.04 303.18 743.18 359.66 0.187598
7 880.61 302.03 1051.36 427.54 0.186116
1 74.05 846.40 120.90 896.68 0.183243
1 866.21 329.76 903.98 402.01 0.182528
7 673.21 390.84 696.59 423.85 0.179849
1 0.11 116.91 22.94 163.38 0.178896
3 1.23 129.07 173.40 260.62 0.178767
4 1189.21 170.46 1252.50 261.50 0.178375
3 262.93 769.55 336.89 947.89 0.176528
1 28.06 845.56 75.97 919.21 0.176488
1 793.14 322.41 835.80 400.71 0.176162
1 812.63 303.86 836.25 340.41 0.173942
1 791.59 323.07 829.71 377.35 0.172681
2 791.57 279.82 1051.39 427.60 0.172251
2 787.38 301.00 918.94 424.80 0.169459
2 499.40 527.39 632.00 668.11 0.169053
1 227.76 1.99 246.41 47.00 0.168009
7 565.88 355.40 863.05 821.55 0.166879
3 643.12 547.63 678.35 598.03 0.163263
7 573.53 715.86 773.85 967.70 0.163071
1 342.06 829.26 397.78 876.61 0.163051
2 1030.57 296.99 1128.14 365.43 0.162052
3 771.63 391.17 817.30 450.68 0.162015
1 1215.35 223.06 1244.61 252.39 0.161668
7 741.49 333.94 805.77 407.27 0.161405
7 603.07 341.47 676.93 436.66 0.161331
7 586.52 340.76 695.95 445.02 0.160882
1 500.39 528.73 595.47 635.71 0.159779
4 1264.34 73.76 1320.55 102.07 0.159611
7 2.33 494.91 334.49 1035.85 0.157082
6 721.26 664.27 879.14 832.89 0.156820
6 1003.33 369.93 1397.79 996.84 0.156720
4 761.40 200.58 907.13 291.05 0.156071
1 592.86 387.79 638.89 436.14 0.156061
2 736.26 302.44 914.10 448.04 0.155801
2 721.58 176.37 1132.00 450.68 0.155525
2 729.68 262.16 1130.30 547.78 0.154984
3 779.19 404.47 816.08 446.50 0.154373
1 905.43 321.61 1010.27 409.25 0.154081
3 561.65 341.17 699.03 491.02 0.153536
4 325.88 804.72 499.83 1048.16 0.151521
2 781.31 272.74 1129.73 435.41 0.150953
6 997.13 369.23 1397.36 1046.12 0.150495
7 947.62 513.31 976.50 547.29 0.148990
2 22.27 835.20 139.18 972.17 0.148767
4 574.47 716.91 811.28 1047.69 0.148562
3 561.83 368.67 698.91 490.77 0.148414
1 166.22 430.47 209.01 479.41 0.148138
4 131.53 28.80 167.32 53.16 0.147878
1 524.26 529.27 580.13 615.60 0.147729
3 82.64 136.66 173.97 220.38 0.147003
3 190.28 672.45 335.28 931.72 0.146252
1 1064.94 298.04 1090.38 344.15 0.146232
1 812.89 303.27 830.36 331.20 0.146112
2 791.49 303.81 899.13 401.37 0.145604
4 630.35 111.15 786.83 273.42 0.145216
1 1174.45 315.01 1223.18 372.93 0.144654
7 1124.22 932.46 1231.25 990.35 0.143410
4 884.73 330.43 1050.66 428.33 0.143063
1 186.31 926.37 221.97 966.01 0.142395
2 489.11 516.22 643.35 679.15 0.142371
4 637.98 111.86 786.23 225.63 0.141769
7 739.18 333.73 810.41 419.24 0.141644
7 681.88 720.51 729.16 772.48 0.141559
1 1029.87 300.00 1074.47 363.63 0.140634
3 758.61 387.82 817.50 453.44 0.140031
1 27.74 846.37 71.63 969.55 0.139926
1 1032.52 299.33 1084.63 354.16 0.139793
4 441.25 106.00 831.43 278.30 0.138795
1 940.88 491.05 962.09 516.55 0.138038
7 850.39 400.29 880.80 427.73 0.137284
9 944.50 640.46 1214.69 939.96 0.136893
1 959.67 321.37 1012.12 406.47 0.136048
2 497.69 523.21 671.96 670.74 0.135521
1 874.71 357.78 898.74 402.74 0.135427
3 735.48 362.19 816.62 451.10 0.134715
3 796.90 347.99 836.59 402.91 0.134452
3 753.05 396.39 815.79 452.85 0.134151
6 665.18 549.43 815.11 708.97 0.133785
7 564.70 363.43 678.46 630.32 0.133178
7 856.22 267.50 1051.10 426.54 0.133000
4 857.76 268.39 1018.85 398.43 0.132877
6 1215.22 478.42 1398.81 902.77 0.132776
1 1343.65 662.28 1368.80 692.66 0.131937
1 525.59 530.31 599.18 633.58 0.131921
1 76.51 846.42 106.83 889.13 0.131778
1 647.43 581.45 682.60 630.85 0.131732
7 642.72 520.90 869.08 824.90 0.131089
2 902.95 459.34 1038.08 567.58 0.130569
2 499.46 526.87 632.03 668.36 0.130486
4 449.79 140.16 599.08 259.17 0.129949
1 27.68 845.21 89.74 920.09 0.129810
1 345.84 833.42 393.64 873.74 0.129763
1 191.50 750.64 210.39 776.95 0.129689
1 534.02 569.90 597.01 638.63 0.129603
3 768.31 852.17 825.27 913.05 0.129457
3 909.57 492.40 960.19 534.44 0.129389
1 1343.79 655.50 1383.06 692.91 0.129049
1 1208.00 339.23 1263.11 411.74 0.128728
4 1233.29 65.52 1323.92 122.31 0.127948
1 1214.04 339.94 1260.81 392.61 0.127380
2 737.64 269.64 1054.17 442.28 0.126709
7 160.60 662.41 335.94 1035.50 0.126484
3 856.18 303.84 925.95 402.61 0.126165
3 120.16 150.44 173.64 219.71 0.125666
3 834.25 646.63 913.84 691.01 0.124323
7 668.64 383.98 702.45 428.02 0.124188
1 533.08 569.83 579.17 618.88 0.124091
2 733.53 297.17 1049.07 550.07 0.123545
7 2.08 498.94 138.26 1046.53 0.123537
4 969.59 665.24 1151.18 876.09 0.123210
4 690.19 961.24 808.49 1048.51 0.123132
1 500.53 530.66 528.47 568.22 0.123114
7 637.71 520.05 759.30 628.28 0.122772
1 831.98 309.83 866.51 371.74 0.122625
1 689.83 617.79 813.45 703.86 0.122413
5 547.22 693.45 784.09 993.49 0.122409
6 678.12 236.27 817.20 373.99 0.121761
2 724.42 245.74 1057.31 551.34 0.121597
2 27.29 841.85 132.60 957.41 0.121289
7 563.91 341.79 700.44 622.13 0.119512
1 954.62 337.61 990.27 402.60 0.118430
7 3.30 494.93 503.18 1047.27 0.117623
1 999.97 476.36 1019.19 505.44 0.117141
1 834.78 327.93 873.97 394.93 0.116341
7 0.59 471.23 283.08 739.43 0.116187
1 943.26 475.03 1020.95 547.38 0.115779
1 190.51 745.34 234.31 801.14 0.115163
6 1005.70 461.48 1397.36 968.88 0.114652
3 876.18 348.43 926.53 404.27 0.114537
10 0.99 114.75 174.06 260.33 0.114118
1 661.65 545.00 861.05 821.10 0.114088
1 191.68 747.60 279.82 811.01 0.113156
1 807.25 303.12 836.96 343.07 0.112115
4 161.25 795.38 317.81 1034.24 0.112055
1 244.93 763.37 282.10 810.42 0.111471
1 1021.62 515.36 1040.96 549.01 0.110923
3 0.76 99.03 175.41 263.67 0.110806
3 866.13 329.54 924.86 403.84 0.110304
1 820.66 317.74 838.57 342.02 0.109850
1 186.33 928.02 205.59 963.99 0.109637
2 17.13 155.85 1155.35 1040.24 0.109245
3 561.24 447.45 616.33 492.00 0.109078
1 789.17 334.02 812.77 376.44 0.108717
4 709.54 1004.63 800.12 1048.40 0.108254
1 682.18 0.21 710.84 14.42 0.107424
1 189.44 5.74 223.76 59.63 0.107402
4 758.93 167.54 1078.58 296.12 0.107286
6 1216.75 520.09 1398.58 826.88 0.107052
2 759.06 300.07 1045.45 432.62 0.106793
6 605.82 341.12 668.63 408.68 0.106411
2 742.20 302.46 1047.26 445.72 0.106321
1 875.48 328.01 901.04 361.81 0.106004
1 0.39 1001.90 28.06 1045.70 0.105951
1 525.94 529.98 586.96 616.52 0.105705
1 1343.72 1009.33 1394.90 1048.31 0.105567
1 642.37 547.89 684.50 629.62 0.105344
4 1344.54 665.28 1399.08 756.08 0.104903
6 737.54 679.27 860.23 820.43 0.104616
1 715.96 528.58 737.97 557.26 0.104536
4 1192.68 170.46 1248.07 231.56 0.104312
6 1220.48 899.41 1397.31 1048.09 0.104112
1 1214.82 158.98 1230.52 175.52 0.103971
4 570.67 714.86 847.28 1047.66 0.102985
3 534.55 589.73 632.00 667.81 0.102741
4 1193.41 170.15 1247.62 216.22 0.102668
7 688.44 245.41 823.24 447.25 0.102500
1 1372.48 153.83 1399.52 202.76 0.102343
4 873.58 301.84 1019.13 411.05 0.102274
1 241.97 761.97 287.53 847.63 0.101438
2 989.86 476.32 1019.63 526.27 0.100877
4 1233.67 63.66 1323.29 104.07 0.100689
