4 860.01 117.68 937.22 195.73 0.999260
4 610.15 376.28 696.61 464.06 0.999215
4 189.09 661.84 316.52 778.13 0.998746
6 820.94 16.41 880.32 72.96 0.925620
5 749.69 531.52 924.92 730.30 0.905935
5 239.56 447.30 501.15 589.78 0.835908
2 638.10 112.47 650.34 133.36 0.758241
2 625.07 109.68 638.81 134.21 0.678839
2 585.92 208.31 605.61 239.16 0.580904
2 494.82 301.61 512.93 335.49 0.554957
1 110.02 236.20 146.92 288.44 0.508265
2 510.75 294.78 527.60 316.14 0.474089
2 465.39 301.36 482.01 326.14 0.467899
2 550.44 202.18 564.33 224.14 0.444324
2 465.27 301.46 493.30 349.47 0.418769
5 0.59 585.08 279.20 787.34 0.414058
2 465.41 284.75 543.42 351.28 0.402354
2 574.24 199.51 594.82 224.83 0.390637
2 638.98 148.40 650.80 176.14 0.388122
1 706.91 593.66 723.28 614.08 0.369570
2 551.67 182.94 606.59 241.29 0.355274
2 624.97 108.99 662.10 178.17 0.355026
1 763.95 596.63 779.67 616.39 0.347883
