4 125.50 552.95 253.78 607.45 0.999068
4 274.34 561.66 406.61 616.22 0.998364
4 659.21 585.05 721.24 686.59 0.997080
4 480.18 634.03 568.10 745.14 0.995566
1 919.06 599.08 934.21 637.14 0.905240
5 139.86 631.52 266.19 757.53 0.888674
3 930.42 581.03 981.55 615.39 0.697082
6 666.46 450.27 704.43 494.70 0.690419
3 1242.00 559.73 1282.78 619.90 0.635543
1 946.41 580.38 964.15 606.87 0.614951
4 1128.52 514.34 1169.05 543.53 0.516801
2 1119.60 528.31 1135.76 561.81 0.478638
7 563.14 454.67 588.98 488.21 0.462240
2 1316.59 525.87 1344.58 557.77 0.457021
3 0.37 556.27 49.19 591.59 0.433933
2 942.25 580.71 979.76 613.46 0.429613
2 1133.07 542.19 1147.56 564.63 0.403637
2 471.69 467.58 493.05 508.59 0.386826
