4 424.84 317.18 479.44 365.32 0.998885
4 614.98 256.70 659.96 315.62 0.998183
4 726.00 266.34 767.96 324.39 0.997804
4 743.48 137.09 778.90 176.77 0.997549
4 530.63 202.28 578.16 239.66 0.996785
4 748.25 66.29 778.57 104.55 0.995657
4 812.91 23.06 838.89 49.78 0.994234
4 1249.26 262.19 1305.07 288.18 0.993768
4 471.22 211.35 521.56 252.64 0.991884
4 460.66 461.99 531.36 546.22 0.990375
4 536.86 476.84 599.69 558.42 0.988942
4 1210.39 562.84 1255.68 624.56 0.970430
4 1050.60 72.18 1071.46 91.47 0.945595
4 827.63 196.90 855.83 228.27 0.933536
4 1036.17 46.21 1055.06 64.43 0.887173
4 1097.42 23.13 1112.01 42.59 0.879986
4 174.54 436.73 299.34 546.71 0.870521
4 541.75 551.29 638.25 703.46 0.861315
5 969.87 283.96 998.84 330.05 0.788049
4 934.23 288.10 949.98 309.15 0.773979
5 1164.43 308.10 1208.22 370.21 0.768790
4 1012.48 27.47 1027.80 43.86 0.745977
4 1100.70 64.83 1124.33 86.20 0.740223
4 953.74 119.16 992.94 143.08 0.664807
4 921.98 389.33 936.05 412.00 0.631929
4 933.25 316.43 946.94 333.00 0.630839
4 1017.09 318.54 1036.28 342.36 0.592896
4 931.60 343.04 942.88 357.25 0.506418
4 928.27 368.23 940.02 383.31 0.498772
4 920.54 427.02 932.68 443.88 0.489927
4 906.40 484.42 922.29 512.46 0.472056
4 913.63 459.13 926.41 475.72 0.468499
