4 690.32 337.53 732.86 361.64 0.997975
4 383.35 181.82 410.96 203.20 0.994044
4 430.39 232.30 460.08 255.86 0.991466
5 1250.92 384.46 1332.17 456.08 0.937640
4 482.79 232.84 511.61 252.47 0.837608
4 919.34 0.05 1019.29 21.24 0.747728
4 1355.31 168.90 1385.55 195.86 0.719436
4 1151.43 231.71 1177.87 250.36 0.716610
5 551.34 414.60 594.10 483.14 0.704350
4 1326.36 317.96 1362.40 350.01 0.650282
4 441.34 212.40 476.01 239.17 0.646787
4 1009.06 355.48 1076.86 397.02 0.628458
4 508.50 216.82 543.34 243.05 0.587466
6 1026.83 113.97 1182.71 184.87 0.572219
4 936.05 290.81 955.86 303.25 0.550919
4 425.03 84.83 451.88 106.22 0.550905
4 1320.43 267.29 1343.76 285.48 0.517930
4 1342.51 283.15 1373.08 315.35 0.504983
4 80.47 18.58 129.92 44.42 0.302353
