4 1058.04 101.66 1141.42 183.37 0.999332
4 834.77 311.67 925.99 382.65 0.999225
4 695.16 664.59 790.03 776.15 0.999042
4 613.32 411.13 689.33 454.11 0.998577
4 0.22 589.20 67.54 697.54 0.997316
4 1344.01 0.10 1399.50 44.29 0.991063
4 1316.82 610.16 1399.34 723.37 0.976884
1 596.78 111.49 612.19 137.29 0.975201
5 1160.00 498.25 1350.26 703.00 0.945532
4 873.11 690.84 954.58 771.32 0.578335
1 669.18 81.21 686.73 119.50 0.521445
3 339.03 189.16 356.57 209.33 0.517006
2 516.08 96.33 548.85 132.90 0.485816
2 519.19 65.97 533.50 86.14 0.483903
4 0.20 142.75 60.31 220.74 0.447769
4 180.06 78.31 195.44 91.68 0.414260
1 467.14 242.71 481.73 261.61 0.404229
4 219.44 132.34 249.63 159.14 0.396297
2 345.67 170.13 368.08 194.89 0.335905
1 307.37 549.94 337.74 566.94 0.303536
2 461.40 38.90 550.28 134.01 0.245599
