4 0.00 682.00 103.00 763.00
4 247.00 481.00 386.00 553.00
4 474.00 487.00 609.00 564.00
4 608.00 415.00 733.00 479.00
4 851.00 434.00 974.00 505.00
4 1075.00 416.00 1201.00 472.00
5 1229.00 391.00 1334.00 451.00
5 685.00 320.00 739.00 387.00
6 785.00 284.00 825.00 338.00
4 534.00 286.00 577.00 349.00
4 407.00 187.00 476.00 234.00
3 635.00 315.00 672.00 337.00
2 671.00 282.00 685.00 306.00
1 894.00 247.00 903.00 280.00
2 907.00 251.00 919.00 271.00
3 898.00 294.00 915.00 324.00
3 956.00 284.00 980.00 314.00
3 997.00 288.00 1015.00 318.00
3 1016.00 277.00 1037.00 309.00
3 1066.00 281.00 1094.00 314.00
1 929.00 277.00 944.00 313.00
1 908.00 281.00 916.00 302.00
3 838.00 382.00 875.00 408.00
3 1007.00 399.00 1044.00 423.00
2 848.00 372.00 863.00 404.00
2 1022.00 388.00 1038.00 422.00
3 1284.00 295.00 1325.00 326.00
1 1288.00 258.00 1307.00 293.00
3 1279.00 255.00 1311.00 279.00
3 1336.00 266.00 1360.00 287.00
3 454.00 737.00 519.00 765.00
2 464.00 733.00 493.00 765.00
3 50.00 522.00 107.00 555.00
2 59.00 512.00 91.00 548.00
4 92.00 161.00 179.00 201.00
3 242.00 162.00 255.00 192.00
2 242.00 158.00 254.00 182.00
7 28.00 197.00 62.00 234.00
3 62.00 166.00 91.00 187.00
3 61.00 165.00 90.00 184.00
3 153.00 26.00 176.00 39.00
3 164.00 19.00 184.00 36.00
4 169.00 32.00 235.00 61.00
4 152.00 61.00 219.00 83.00
4 151.00 72.00 214.00 98.00
4 152.00 97.00 226.00 126.00
5 268.00 1.00 306.00 42.00
3 303.00 45.00 314.00 68.00
3 331.00 5.00 339.00 22.00
3 314.00 3.00 320.00 17.00
2 303.00 41.00 311.00 60.00
2 330.00 0.00 338.00 17.00
2 312.00 1.00 316.00 14.00
5 490.00 162.00 566.00 208.00
6 457.00 241.00 523.00 291.00
4 482.00 147.00 571.00 185.00
4 487.00 114.00 534.00 162.00
