1 1037.00 48.00 1046.00 74.00
2 861.00 62.00 871.00 79.00
10 858.00 74.00 876.00 85.00
2 874.00 164.00 881.00 176.00
2 872.00 156.00 883.00 181.00
2 867.00 159.00 877.00 183.00
10 871.00 175.00 885.00 193.00
1 731.00 71.00 742.00 96.00
1 706.00 116.00 717.00 145.00
1 658.00 235.00 670.00 275.00
1 666.00 231.00 679.00 267.00
4 721.00 0.00 749.00 42.00
4 783.00 63.00 807.00 93.00
4 734.00 109.00 765.00 144.00
4 774.00 121.00 805.00 154.00
4 762.00 151.00 797.00 190.00
4 747.00 232.00 784.00 281.00
4 714.00 338.00 768.00 417.00
4 638.00 330.00 689.00 403.00
2 933.00 408.00 951.00 438.00
10 927.00 430.00 952.00 455.00
5 877.00 2.00 896.00 20.00
4 876.00 20.00 897.00 41.00
4 890.00 71.00 919.00 99.00
2 1069.00 466.00 1086.00 505.00
10 1045.00 486.00 1093.00 512.00
4 819.00 540.00 880.00 645.00
4 618.00 509.00 682.00 636.00
1 1108.00 470.00 1128.00 529.00
1 430.00 594.00 453.00 653.00
6 0.00 510.00 139.00 614.00
6 130.00 540.00 326.00 697.00
2 388.00 358.00 406.00 374.00
2 388.00 367.00 408.00 393.00
1 482.00 349.00 500.00 384.00
2 460.00 241.00 475.00 266.00
1 1212.00 218.00 1227.00 246.00
1 1177.00 233.00 1193.00 255.00
10 1127.00 189.00 1164.00 213.00
10 1079.00 106.00 1090.00 126.00
8 1097.00 125.00 1118.00 152.00
2 1103.00 95.00 1114.00 116.00
