6 242.00 52.00 317.00 84.00
4 449.00 20.00 488.00 34.00
4 204.00 125.00 252.00 151.00
1 232.00 151.00 237.00 165.00
1 225.00 148.00 230.00 163.00
4 181.00 152.00 227.00 172.00
4 116.00 198.00 157.00 219.00
4 118.00 188.00 174.00 210.00
4 4.00 286.00 77.00 312.00
4 24.00 270.00 98.00 294.00
4 48.00 240.00 120.00 264.00
4 67.00 226.00 134.00 248.00
1 103.00 299.00 117.00 322.00
10 134.00 311.00 159.00 326.00
10 160.00 303.00 169.00 314.00
10 161.00 294.00 174.00 308.00
10 173.00 284.00 185.00 299.00
10 180.00 275.00 191.00 287.00
10 192.00 269.00 201.00 277.00
10 205.00 249.00 214.00 263.00
10 216.00 233.00 227.00 246.00
10 249.00 203.00 259.00 212.00
10 275.00 163.00 284.00 179.00
10 289.00 152.00 297.00 163.00
10 288.00 184.00 297.00 198.00
2 286.00 176.00 295.00 193.00
1 344.00 164.00 350.00 183.00
4 117.00 355.00 193.00 397.00
4 284.00 311.00 324.00 346.00
5 326.00 312.00 387.00 341.00
4 352.00 283.00 412.00 309.00
4 353.00 268.00 419.00 289.00
4 370.00 225.00 432.00 249.00
4 545.00 171.00 570.00 198.00
4 510.00 201.00 563.00 224.00
4 505.00 228.00 561.00 251.00
4 488.00 257.00 553.00 280.00
1 531.00 417.00 541.00 442.00
5 689.00 376.00 747.00 407.00
4 651.00 828.00 691.00 872.00
4 1162.00 871.00 1271.00 963.00
4 1140.00 950.00 1260.00 1021.00
4 1459.00 880.00 1559.00 950.00
4 1499.00 925.00 1597.00 1009.00
4 1550.00 965.00 1659.00 1046.00
4 1589.00 261.00 1647.00 292.00
4 1614.00 290.00 1650.00 316.00
4 1371.00 301.00 1407.00 336.00
4 1365.00 359.00 1427.00 388.00
6 1385.00 388.00 1469.00 451.00
5 1535.00 479.00 1604.00 527.00
6 1589.00 439.00 1673.00 496.00
5 1477.00 566.00 1515.00 633.00
4 1608.00 614.00 1654.00 671.00
4 1445.00 694.00 1489.00 772.00
4 1432.00 769.00 1492.00 839.00
4 1188.00 209.00 1215.00 233.00
10 1204.00 262.00 1224.00 274.00
4 1190.00 302.00 1234.00 325.00
10 1233.00 212.00 1254.00 228.00
