4 934.79 316.33 1048.06 375.25 0.997346
4 951.26 279.62 1056.74 327.29 0.997230
4 346.19 201.69 400.00 259.80 0.976712
4 549.88 181.07 623.75 218.92 0.968597
4 505.92 569.53 624.74 723.82 0.963255
4 0.30 330.04 89.11 382.04 0.950632
4 386.03 65.45 411.79 91.42 0.950297
4 315.32 142.16 355.94 181.62 0.943882
4 425.62 84.74 448.07 103.56 0.923970
4 1241.91 273.69 1306.87 310.46 0.915772
4 282.30 84.52 314.94 115.98 0.899168
4 616.09 196.49 682.82 241.58 0.881802
4 503.96 130.04 532.36 153.75 0.845885
4 250.52 2.45 277.31 26.98 0.842760
1 785.42 289.72 801.06 321.52 0.831866
4 1321.94 215.45 1359.79 248.81 0.819839
4 266.08 47.29 291.15 64.37 0.793405
4 138.74 95.86 203.24 131.37 0.791532
4 311.56 32.11 335.72 58.53 0.775762
4 132.79 60.02 160.21 80.94 0.769615
4 264.06 39.27 291.56 64.57 0.765909
4 123.30 55.83 143.03 71.54 0.761969
4 259.56 115.16 284.24 152.04 0.734233
1 285.11 215.53 301.84 243.28 0.728949
4 519.62 142.34 541.82 165.32 0.700112
5 1117.27 269.24 1232.78 335.13 0.684931
1 571.75 207.59 586.03 239.57 0.672528
1 253.66 566.15 289.16 607.58 0.659399
7 797.21 251.09 861.78 286.01 0.653543
7 240.45 600.56 309.38 655.56 0.643009
4 1319.16 253.80 1359.75 297.04 0.637300
4 200.86 63.20 231.92 98.81 0.634564
4 141.42 294.05 195.62 336.21 0.631310
4 334.80 -0.02 359.50 10.17 0.624859
3 299.64 331.16 318.72 362.13 0.601994
2 284.89 216.88 302.23 253.72 0.595431
3 284.73 230.66 301.78 254.67 0.591194
4 141.57 292.22 225.23 336.11 0.590311
1 295.86 313.44 316.72 345.55 0.582690
2 769.76 352.74 792.91 391.34 0.558588
3 572.71 220.14 586.27 240.38 0.556243
3 792.92 239.77 816.76 262.75 0.543350
4 1194.77 176.49 1218.70 195.92 0.542438
2 770.25 352.60 790.01 379.62 0.533488
3 805.66 325.97 850.78 353.96 0.523815
3 278.24 573.33 306.76 604.74 0.521426
2 181.97 140.37 198.24 166.99 0.518498
3 232.20 343.48 274.07 381.20 0.513885
6 214.78 102.08 240.49 135.99 0.513380
3 751.28 318.13 799.47 347.89 0.507194
3 248.90 600.82 309.51 639.77 0.506725
3 230.22 350.79 254.94 381.60 0.505962
2 137.54 120.20 153.13 151.21 0.502591
3 1147.90 208.47 1171.38 231.16 0.498989
2 1104.02 250.68 1120.31 273.64 0.497155
3 720.19 319.63 768.13 347.89 0.496027
6 0.14 349.81 30.47 420.17 0.493548
3 798.79 305.91 814.51 329.14 0.489482
3 710.75 335.59 750.62 362.89 0.478932
3 941.21 229.68 966.44 257.45 0.473907
3 1092.85 264.57 1143.36 289.42 0.471773
3 930.52 221.67 967.06 244.64 0.470191
3 756.65 364.84 794.98 396.37 0.468789
7 77.39 107.72 97.42 130.56 0.460525
7 239.83 571.52 309.58 656.16 0.415040
7 1295.59 194.71 1344.79 216.30 0.405892
2 819.82 314.31 840.88 344.24 0.303130
1 1249.92 210.84 1260.93 227.38 0.281250
2 1256.30 272.54 1276.82 300.22 0.259669
2 242.18 332.29 262.77 371.09 0.235554
2 241.67 331.99 270.10 371.22 0.235040
7 793.41 237.29 862.39 285.53 0.228898
2 1102.09 250.39 1120.84 282.55 0.227497
2 767.97 307.41 789.24 332.06 0.224213
2 158.97 120.72 176.00 149.55 0.212504
4 547.13 160.95 569.46 185.07 0.193483
3 94.10 67.58 119.36 82.99 0.043764
1 295.50 313.12 318.64 361.43 0.042346
3 1243.21 273.35 1279.36 308.07 0.029895
