4 403.12 943.12 478.37 1049.39 0.978129
4 580.76 683.34 673.81 735.44 0.976549
4 635.40 525.08 735.38 574.32 0.945429
4 1059.10 -0.27 1131.45 24.18 0.938408
1 824.14 157.90 835.75 184.47 0.936239
4 1299.43 72.10 1369.64 106.86 0.930315
1 502.43 241.09 518.53 281.88 0.909724
4 558.21 466.02 615.80 556.48 0.899957
4 529.99 896.72 653.17 968.55 0.898376
1 785.52 321.08 801.39 346.96 0.897209
1 790.34 236.90 804.51 268.08 0.894490
4 585.14 777.18 672.62 860.22 0.890518
4 377.62 652.36 446.88 759.19 0.866074
4 338.28 529.94 418.76 613.01 0.863141
1 812.16 222.49 828.59 254.03 0.858622
4 1203.25 65.38 1275.74 95.80 0.854694
4 613.18 580.96 715.18 644.87 0.803662
4 591.26 370.64 640.44 445.11 0.803481
1 727.30 161.08 738.66 185.76 0.788059
1 61.34 961.23 78.64 998.28 0.725874
6 489.63 434.64 560.99 555.63 0.717834
1 762.71 550.64 778.17 581.76 0.707958
4 612.68 288.60 657.91 361.20 0.698778
5 630.54 108.77 678.34 163.86 0.674534
1 332.10 735.22 354.93 761.80 0.661296
4 594.85 -0.20 623.08 21.32 0.658783
4 350.88 298.50 386.38 343.82 0.653737
4 591.82 388.80 633.04 445.06 0.625867
4 515.06 980.32 629.98 1041.08 0.604364
6 679.62 95.40 729.20 162.90 0.595776
7 710.73 346.37 748.34 378.37 0.502437
3 233.36 473.71 262.36 515.44 0.498993
3 703.15 452.86 730.47 485.97 0.495652
3 500.30 368.68 523.89 401.54 0.488672
2 663.94 440.21 678.08 462.56 0.481504
3 684.49 413.59 721.24 443.59 0.478112
4 0.41 1015.59 31.91 1047.18 0.476621
4 431.14 679.89 499.50 774.61 0.476584
6 734.25 451.88 767.32 500.10 0.474278
3 477.10 167.23 505.70 201.85 0.452280
7 722.87 309.27 765.34 339.46 0.450403
4 998.91 -0.14 1052.73 9.70 0.436625
3 373.30 882.81 395.39 912.27 0.428618
2 802.71 93.82 815.45 117.83 0.417713
3 713.06 507.38 751.32 542.39 0.414093
7 531.14 196.06 572.99 232.01 0.413626
9 1179.32 -0.01 1399.32 57.94 0.389595
3 327.56 941.16 366.24 997.47 0.389554
2 554.04 119.32 568.60 148.66 0.357194
2 551.52 169.80 566.20 197.81 0.342727
2 317.03 892.54 366.16 925.69 0.307780
1 733.34 93.28 746.25 121.36 0.278788
1 1169.48 42.16 1184.02 61.95 0.224936
1 650.54 75.05 662.72 99.86 0.220807
2 597.13 126.86 608.74 153.56 0.216560
4 671.30 370.20 690.63 404.43 0.212362
2 442.63 175.64 456.97 201.55 0.208719
4 326.68 297.14 353.64 316.93 0.199950
3 1152.69 0.23 1186.34 27.28 0.197562
4 615.90 38.94 643.82 72.19 0.196905
3 735.57 -0.16 759.31 21.07 0.195343
2 831.25 220.73 846.10 249.59 0.195090
1 698.76 628.90 710.36 652.75 0.195047
3 223.50 440.21 259.89 464.22 0.194083
7 789.97 134.85 811.53 164.73 0.193998
7 441.32 775.23 550.94 870.78 0.184990
3 792.31 751.67 815.54 792.76 0.184163
2 373.53 867.79 396.34 910.80 0.182216
7 513.48 794.35 551.22 869.46 0.182211
3 674.12 452.96 706.91 483.25 0.038743
3 520.74 312.48 555.45 342.85 0.038046
3 737.41 731.29 804.01 762.12 0.026716
