4 1144.62 330.33 1184.26 352.93 0.955687
4 1109.34 313.16 1143.47 333.55 0.954930
4 985.27 254.57 1009.97 269.46 0.944085
4 1012.13 267.85 1043.79 286.74 0.936751
4 844.36 187.86 865.89 200.87 0.912985
4 954.98 241.21 984.84 258.44 0.898448
4 1195.36 351.05 1230.38 372.86 0.764426
4 1079.27 363.81 1097.32 377.11 0.700335
4 732.69 134.21 752.62 147.14 0.675529
4 1056.55 362.76 1073.54 375.14 0.662844
4 1002.52 209.44 1017.56 220.54 0.662706
4 913.71 240.42 929.14 253.35 0.657517
4 1137.27 260.87 1150.97 272.89 0.631060
4 1245.23 244.07 1269.54 264.51 0.602854
4 913.61 219.21 932.38 233.39 0.602534
4 894.01 216.63 911.66 230.75 0.553401
4 967.25 230.17 985.07 238.93 0.552648
4 909.37 296.85 923.93 309.15 0.544275
4 872.75 198.11 885.77 208.39 0.534379
4 1060.81 349.62 1077.92 362.64 0.497526
6 688.00 137.97 723.96 155.32 0.495066
4 923.90 256.91 950.33 273.78 0.493827
4 1126.73 408.93 1140.90 424.06 0.438098
4 1077.23 380.95 1099.97 392.06 0.435687
6 0.36 84.40 278.75 288.64 0.403641
4 980.56 321.47 994.82 332.01 0.196563
4 1164.46 339.10 1183.84 352.22 0.196220
4 792.15 161.39 812.24 174.70 0.192623
4 779.54 120.84 811.76 138.57 0.189611
4 1012.82 321.34 1025.77 330.87 0.189551
4 965.12 244.63 984.63 258.16 0.184990
4 798.56 121.20 812.32 134.06 0.180012
