4 859.00 614.56 949.57 679.30 0.955975
4 846.20 713.50 926.64 769.04 0.953060
4 634.91 960.76 711.58 1049.01 0.946891
4 829.60 792.50 891.88 904.85 0.944577
4 220.38 264.26 310.00 313.34 0.939615
4 180.06 346.55 269.66 394.46 0.939391
4 930.26 262.08 1012.10 303.77 0.936657
4 205.22 302.03 292.53 346.85 0.919645
4 920.88 508.54 1009.81 572.08 0.918439
4 907.22 415.38 978.30 455.35 0.910309
4 861.67 0.49 933.73 39.88 0.909575
4 349.90 42.96 425.32 85.22 0.891211
4 317.09 105.94 394.83 147.56 0.871236
4 299.41 136.99 380.45 182.24 0.864495
4 274.91 168.88 358.17 206.39 0.861719
4 838.32 412.63 862.61 436.15 0.849875
4 159.08 382.65 252.34 430.66 0.848379
4 370.29 15.51 444.82 52.19 0.837796
4 337.74 75.68 413.08 117.26 0.822742
4 121.18 461.72 209.39 511.83 0.812565
4 733.06 506.18 768.71 537.01 0.737308
4 0.07 755.59 58.99 867.84 0.732296
4 259.92 198.70 341.39 246.63 0.670466
1 150.03 298.32 169.20 325.33 0.653239
4 259.94 167.99 358.80 246.93 0.605699
4 0.19 684.61 116.51 767.24 0.588962
4 204.61 264.08 310.51 346.64 0.577226
1 397.22 382.94 413.66 412.26 0.564050
1 396.11 447.08 415.81 475.51 0.557909
7 504.94 198.49 527.84 236.24 0.537893
7 503.99 187.13 535.69 236.03 0.537055
3 395.83 390.81 413.02 413.03 0.512655
4 1055.34 435.34 1121.61 472.32 0.485274
3 888.66 97.89 908.09 134.23 0.471627
3 87.14 287.91 108.20 309.61 0.464326
3 0.37 459.49 52.15 515.11 0.459065
2 884.29 65.89 907.88 131.13 0.417192
2 992.59 484.60 1008.55 526.88 0.368301
3 1001.42 129.89 1040.42 160.78 0.262401
2 764.51 429.51 781.91 457.27 0.242724
4 1027.98 -0.20 1057.22 14.82 0.196484
4 1030.67 83.01 1063.99 105.05 0.189919
6 1006.39 1.38 1161.18 459.77 0.188872
6 0.31 684.14 117.80 869.16 0.187005
2 911.50 56.00 920.64 73.54 0.182254
3 1000.28 36.28 1028.31 66.52 0.040387
