4 638.67 825.88 921.26 1049.16 0.990152
4 390.19 439.44 544.66 565.66 0.960092
1 305.77 433.90 344.35 499.50 0.957404
1 275.71 432.20 308.87 499.03 0.928551
1 253.95 437.08 281.11 505.32 0.902789
4 0.25 82.71 49.37 133.97 0.901163
4 265.76 215.38 338.33 280.09 0.886216
4 302.35 276.66 399.47 350.28 0.837869
4 339.41 345.88 461.63 443.50 0.785796
4 145.62 15.21 184.64 48.69 0.772103
4 83.66 29.70 123.72 62.50 0.726654
4 0.01 117.98 28.32 162.28 0.678250
4 255.63 171.85 330.45 230.44 0.638774
4 233.42 89.88 276.01 130.66 0.612890
4 277.00 47.07 320.09 84.75 0.581407
4 214.96 122.91 309.05 189.80 0.573926
4 185.05 52.95 260.62 93.07 0.535342
4 244.07 28.11 316.85 69.46 0.510208
5 475.35 517.78 709.03 798.63 0.496796
2 254.56 431.55 345.68 503.48 0.410048
4 340.31 346.89 439.56 436.49 0.223071
4 29.53 45.32 72.73 77.93 0.198754
4 0.16 81.75 49.59 161.62 0.191622
