4 770.27 326.44 794.43 355.56 0.984547
4 680.00 95.36 694.05 110.29 0.973045
4 782.62 282.70 804.53 309.02 0.960776
4 764.09 240.00 782.39 262.70 0.954261
4 721.84 143.80 738.34 160.95 0.946281
4 573.01 129.25 585.73 142.83 0.934798
4 585.86 30.36 595.46 41.13 0.929731
4 618.91 244.81 636.48 267.92 0.873769
4 820.73 201.50 835.59 215.34 0.786556
9 785.90 205.93 840.83 275.82 0.785577
9 837.27 282.41 895.25 360.96 0.777935
4 599.05 24.05 610.83 35.21 0.718150
4 871.01 478.18 886.56 493.20 0.702343
1 507.05 490.61 520.98 527.99 0.695728
5 698.25 203.48 726.32 264.42 0.657336
4 616.31 27.75 628.73 42.36 0.624089
4 550.67 80.47 560.94 92.52 0.618608
6 810.20 444.48 894.50 549.28 0.618065
1 1248.17 734.12 1263.65 763.15 0.608104
1 1204.93 670.36 1218.42 690.73 0.588257
5 929.80 453.07 980.62 535.79 0.581153
5 708.83 331.77 744.46 420.98 0.577291
4 140.76 151.75 192.82 186.29 0.571319
2 486.11 536.89 523.78 575.22 0.543529
1 781.66 702.85 795.00 731.56 0.540099
4 514.95 144.19 526.05 162.61 0.504198
2 908.79 341.83 923.36 371.01 0.495068
4 665.17 226.81 677.08 241.87 0.482963
2 843.05 245.12 867.22 275.70 0.461815
2 500.70 545.65 515.43 573.51 0.429599
2 510.67 537.45 523.07 568.32 0.424314
2 876.17 281.73 916.57 309.68 0.422304
2 963.18 410.12 976.23 441.43 0.397492
6 826.72 448.21 894.27 547.86 0.262987
4 283.63 196.12 335.69 223.85 0.197638
4 728.54 137.82 739.18 148.68 0.189850
1 1260.31 661.46 1277.53 684.85 0.186345
