4 861.95 1029.53 898.41 1071.06 0.969763
4 1069.91 959.65 1119.92 985.56 0.963909
4 1116.53 1011.65 1192.28 1047.71 0.945598
4 840.18 1164.04 892.24 1229.98 0.941656
4 852.30 1101.59 896.99 1155.72 0.927818
4 906.52 1188.03 979.49 1260.74 0.922670
4 1294.46 1373.78 1394.24 1455.75 0.909862
4 979.43 855.92 999.56 874.86 0.898483
4 991.67 1132.22 1039.15 1204.57 0.895399
4 1312.66 1274.08 1456.43 1337.50 0.895177
4 1305.09 1327.49 1399.11 1385.26 0.882812
4 955.34 824.50 971.09 839.37 0.882670
4 886.35 989.88 915.62 1016.34 0.881742
4 909.67 858.07 928.73 873.34 0.866970
4 929.34 850.13 949.15 865.16 0.862017
1 1402.16 1212.71 1421.89 1272.45 0.860289
4 878.68 984.73 915.24 1016.67 0.832916
4 1023.72 855.35 1059.37 878.17 0.819272
4 38.05 1190.46 164.15 1276.20 0.816354
4 1155.05 1084.94 1230.16 1125.51 0.810685
4 1155.42 1083.37 1265.46 1128.54 0.810326
4 922.71 813.98 938.11 827.17 0.793050
4 1034.42 901.49 1055.58 924.20 0.792925
4 882.24 964.62 910.34 988.45 0.792429
4 1304.60 1327.40 1460.03 1387.18 0.790665
4 1085.22 1180.96 1189.45 1254.15 0.785276
4 1179.33 1115.87 1282.87 1166.71 0.758799
4 1009.40 822.08 1041.56 840.20 0.751818
4 1046.77 877.97 1066.02 895.35 0.738112
4 1173.28 1096.20 1244.87 1141.52 0.731410
1 748.11 1451.38 780.58 1499.05 0.730113
4 888.65 940.98 911.24 963.35 0.719170
4 1010.00 816.84 1034.64 832.40 0.711708
4 1050.90 915.36 1071.64 934.72 0.670315
4 757.23 1112.47 799.98 1156.69 0.660249
4 0.27 1193.62 17.71 1225.54 0.646211
1 1065.67 1121.28 1083.78 1159.16 0.641600
4 891.36 921.23 918.66 947.35 0.641443
4 1202.42 1085.48 1269.45 1123.54 0.637962
4 902.83 886.66 923.56 912.77 0.621505
4 920.01 933.29 939.55 955.09 0.607927
6 755.03 1055.43 813.50 1158.20 0.606066
1 1244.82 1141.28 1268.27 1196.30 0.595144
4 965.05 799.62 979.72 813.15 0.591934
4 893.72 921.30 917.65 940.36 0.588720
4 931.78 792.06 952.39 806.42 0.576141
4 859.42 887.24 884.29 912.99 0.568491
4 1.70 1336.92 88.27 1390.31 0.560228
3 962.85 966.75 985.05 991.65 0.549694
3 1196.08 1156.48 1234.27 1206.77 0.530347
3 1066.25 1136.73 1083.39 1159.89 0.523875
3 986.98 873.08 999.45 892.61 0.497310
3 1195.18 1169.16 1218.17 1206.43 0.471113
7 1497.55 1336.56 1600.78 1498.09 0.469422
3 1074.43 923.35 1096.35 945.12 0.467450
4 1232.60 1196.40 1351.35 1259.13 0.447553
7 708.81 1114.73 770.31 1218.42 0.440868
4 1063.95 895.77 1084.69 918.38 0.437321
4 1064.90 839.35 1087.65 856.70 0.436372
1 1330.39 1443.25 1370.46 1498.09 0.427496
4 604.62 1454.71 680.28 1499.45 0.378251
6 687.69 1114.27 770.68 1246.22 0.349985
6 755.98 1087.41 813.52 1157.55 0.315814
4 879.51 964.05 910.78 994.47 0.285938
2 1196.52 1145.04 1266.71 1205.01 0.210641
3 1216.03 1159.11 1234.63 1199.84 0.199530
1 1239.37 1165.74 1258.72 1200.67 0.199401
4 1009.07 850.28 1027.34 868.61 0.197267
9 1063.01 771.08 1105.16 801.82 0.196510
2 946.72 940.74 958.91 964.08 0.195502
4 1010.35 844.98 1031.77 866.09 0.185838
2 1318.68 1138.23 1350.29 1197.03 0.185055
3 1328.27 1456.63 1368.00 1498.03 0.185044
4 930.00 790.86 951.93 807.43 0.183333
4 936.37 885.94 946.55 903.86 0.182403
