4 699.43 708.49 726.53 761.06 0.974031
4 727.39 284.83 743.61 300.36 0.944812
4 674.51 424.90 695.90 447.29 0.939437
4 739.85 453.81 758.83 480.80 0.929156
4 787.35 543.83 809.98 579.35 0.926994
4 742.84 640.73 768.97 689.14 0.908381
4 755.63 304.62 771.73 322.66 0.905074
4 723.15 548.50 742.93 583.51 0.892608
4 804.00 199.35 814.82 213.14 0.858032
4 1047.16 528.18 1096.11 551.44 0.835180
4 638.97 179.98 660.48 191.34 0.826603
4 600.59 178.59 626.16 189.88 0.811118
4 786.12 229.60 798.10 244.60 0.802616
4 769.28 248.45 784.43 269.66 0.792739
4 754.64 138.36 766.07 150.76 0.788649
4 796.41 87.99 805.63 98.26 0.743837
4 787.93 176.57 798.95 191.08 0.735813
4 746.32 204.64 757.17 217.55 0.713212
4 763.29 95.27 772.53 105.14 0.707957
4 805.61 179.85 817.04 193.28 0.707652
4 771.18 172.32 783.36 184.94 0.700561
4 808.66 101.33 816.80 111.45 0.698272
4 777.86 213.36 789.77 228.19 0.698050
4 774.35 159.84 785.57 173.67 0.668248
4 783.63 86.99 791.89 96.47 0.631052
4 1030.95 554.32 1052.91 569.76 0.609275
1 1053.91 732.94 1064.29 751.75 0.597769
4 1071.75 554.61 1110.31 579.41 0.577209
4 804.52 148.76 815.95 159.59 0.576470
4 794.32 105.46 803.92 119.35 0.572159
4 790.29 154.90 803.55 166.43 0.553109
4 754.85 81.05 762.53 90.46 0.547980
4 857.44 252.98 881.26 271.65 0.524089
4 794.67 318.69 813.97 346.43 0.521016
4 801.38 233.08 812.52 247.55 0.504919
6 793.72 285.59 815.68 346.49 0.485331
4 940.42 526.97 966.26 539.87 0.464294
5 701.43 295.60 721.48 324.57 0.426354
3 762.45 198.72 771.85 215.70 0.197157
4 938.57 526.84 981.11 548.09 0.193921
4 1015.57 550.66 1033.85 564.57 0.193239
4 767.64 84.46 776.27 92.66 0.192392
6 870.31 490.07 910.07 509.30 0.187154
5 475.09 349.56 505.39 378.87 0.184938
4 838.34 123.08 850.30 133.32 0.183383
