4 1403.33 667.51 1566.43 942.16 0.988598
4 1620.52 623.73 1796.21 875.54 0.986885
4 780.04 373.50 890.76 528.56 0.971096
5 749.51 640.16 927.44 849.59 0.854876
1 940.01 915.13 990.17 1009.52 0.844869
1 1018.02 889.79 1062.02 973.62 0.737368
7 1319.44 332.93 1529.81 642.71 0.623210
7 1144.04 314.15 1310.74 703.58 0.483445
4 1017.47 788.16 1191.25 959.54 0.448051
2 939.04 888.89 1062.87 1010.42 0.430859
10 880.89 310.99 1108.90 666.35 0.428904
3 1731.93 412.58 1796.33 505.07 0.423396
3 468.15 179.75 537.00 243.22 0.414156
