4 1285.40 450.49 1348.72 487.81 0.995441
4 1090.44 400.00 1147.81 437.39 0.993994
4 359.62 332.50 399.49 356.76 0.987620
4 257.59 274.23 308.45 299.81 0.984307
4 609.18 402.17 654.75 428.55 0.982252
4 770.24 303.40 819.63 332.20 0.977716
4 936.18 474.26 990.57 507.23 0.954558
4 7.37 288.80 58.39 314.34 0.949743
4 767.04 239.10 798.23 254.31 0.894847
4 987.16 59.40 1032.10 82.00 0.858741
4 1198.27 23.28 1231.85 60.14 0.849634
4 1147.29 47.86 1199.12 74.17 0.828977
4 1181.22 98.05 1229.75 121.79 0.825723
4 1035.62 34.18 1085.11 61.27 0.799132
4 319.05 326.15 399.43 357.18 0.785436
4 1190.02 634.67 1259.52 674.75 0.768492
4 857.18 288.56 887.14 308.00 0.735077
4 1086.84 44.52 1141.69 72.57 0.733017
5 918.89 381.25 1022.70 449.92 0.720494
4 1215.07 0.27 1238.43 21.46 0.674117
4 339.66 297.89 373.84 317.75 0.669127
4 705.72 217.81 726.55 233.46 0.596422
4 754.92 475.54 776.77 493.69 0.593494
5 1265.95 48.54 1296.46 87.43 0.584671
4 1308.56 762.82 1375.21 787.56 0.579004
4 1123.51 71.94 1176.07 99.99 0.570986
4 1232.50 91.91 1263.97 114.41 0.537361
6 311.10 491.48 405.82 581.92 0.491846
4 14.04 324.95 55.92 380.42 0.458674
6 0.84 489.03 249.04 734.63 0.407912
2 935.35 252.16 945.99 271.51 0.405973
4 0.14 431.62 19.47 461.97 0.394457
4 195.32 525.54 249.38 568.64 0.375729
5 1270.87 7.99 1296.52 48.38 0.371181
9 298.68 537.07 442.26 699.83 0.351905
9 314.68 492.05 403.69 557.23 0.336024
9 254.48 536.03 443.08 786.50 0.326485
4 241.16 272.01 308.89 300.16 0.323420
2 1066.38 134.06 1178.92 173.95 0.278590
4 1192.15 97.90 1229.00 118.98 0.257482
1 1148.47 150.47 1157.47 168.30 0.232098
2 1029.10 285.48 1042.93 304.47 0.224795
9 299.30 537.37 419.68 697.30 0.221207
2 1128.16 150.10 1137.35 164.79 0.218319
2 990.92 272.54 1001.20 288.78 0.216226
1 1064.40 314.90 1074.00 332.71 0.201329
4 430.86 240.68 443.56 254.31 0.201132
2 1067.32 138.39 1076.39 152.30 0.200913
2 1028.21 668.26 1038.84 686.23 0.200573
4 1133.37 96.10 1172.51 113.41 0.199209
4 246.95 694.92 275.71 726.62 0.195593
6 804.86 15.62 919.19 103.66 0.192244
2 1165.15 158.86 1174.85 173.23 0.188528
2 1116.10 299.14 1127.45 319.06 0.185551
4 1232.44 84.55 1282.11 114.56 0.184405
2 1017.35 656.39 1029.96 679.54 0.181735
4 88.54 237.95 122.66 256.52 0.180467
