4 245.76 480.74 386.26 556.80 0.578351
4 849.28 432.81 979.15 505.11 0.547856
4 606.42 413.85 735.07 477.82 0.485293
4 404.79 188.31 479.48 237.93 0.518675
4 1225.07 387.67 1354.54 452.86 0.537046
4 0.18 681.20 105.19 760.04 0.609910
4 474.17 485.63 610.31 566.73 0.437696
4 1070.56 412.80 1198.34 475.06 0.538057
6 457.64 243.69 524.26 290.87 0.392285
5 682.71 319.33 739.48 387.77 0.456964
4 482.15 148.12 571.76 181.68 0.392023
3 49.25 527.11 108.52 555.72 0.600205
3 1065.94 289.29 1096.55 313.21 0.448804
4 359.86 0.00 386.03 16.06 0.435355
4 164.33 32.45 234.46 60.63 0.454037
3 633.23 315.24 672.02 337.63 0.403820
3 897.76 288.68 916.43 325.49 0.409548
4 487.72 161.43 566.80 210.13 0.419454
4 530.70 283.87 579.05 349.94 0.431835
3 954.12 283.44 979.77 314.78 0.365710
4 487.26 113.71 534.79 156.80 0.352315
1 928.28 275.58 944.27 313.68 0.380670
3 1007.37 397.93 1044.23 424.29 0.461866
4 196.48 95.83 225.55 119.85 0.322276
1 59.44 511.22 89.12 542.78 0.382369
3 1000.64 300.40 1015.05 319.36 0.296905
3 456.38 734.57 517.29 764.69 0.533281
6 786.79 282.85 827.91 339.28 0.383843
3 1283.18 294.41 1326.27 327.57 0.414520
4 270.79 0.43 306.94 42.90 0.375978
4 172.74 1.24 190.56 17.54 0.319818
1 1073.82 280.39 1089.07 305.94 0.332138
3 1016.52 279.95 1037.03 308.21 0.335007
7 676.40 304.69 708.72 339.42 0.246738
4 90.37 163.74 180.30 201.70 0.357434
2 1289.31 257.41 1311.47 293.84 0.315545
3 941.62 256.18 958.10 274.10 0.276241
4 166.94 61.13 220.49 87.19 0.380892
1 466.15 731.58 492.65 763.85 0.305700
1 846.77 371.58 862.89 403.67 0.350115
3 836.53 380.39 877.79 408.85 0.473131
7 144.41 202.07 183.12 239.95 0.256074
4 60.49 165.41 91.24 188.97 0.213264
2 893.41 245.62 905.73 280.02 0.261357
3 242.46 169.88 256.55 191.95 0.317326
1 240.75 158.41 256.04 187.69 0.265900
2 997.67 287.27 1014.77 317.98 0.258067
3 1166.66 305.11 1226.57 352.38 0.327239
2 767.32 262.99 778.65 287.36 0.225891
2 906.31 249.93 922.05 275.72 0.210642
1 1025.06 388.67 1041.98 414.55 0.257064
3 485.67 72.31 517.27 96.79 0.215049
2 300.74 40.10 314.60 67.47 0.241068
6 395.26 256.64 423.32 299.13 0.245961
2 329.37 0.67 339.14 20.81 0.202624
2 1020.54 388.55 1042.80 418.92 0.221768
3 1166.52 305.19 1199.18 338.51 0.240916
2 1062.20 246.86 1073.71 271.25 0.210564
3 1335.48 267.95 1359.30 287.31 0.230542
3 301.70 51.01 314.80 68.86 0.256632
