4 1024.22 642.50 1117.23 712.24 0.456994
4 1800.47 597.04 1893.52 649.31 0.519417
4 323.08 245.50 359.24 274.89 0.429090
4 448.21 257.52 483.74 285.16 0.450030
4 940.14 594.83 1011.63 646.12 0.432808
4 254.06 258.05 278.03 279.14 0.380959
4 1184.86 754.86 1272.17 821.09 0.446770
4 1276.76 817.91 1372.01 888.28 0.443609
4 982.28 895.27 1043.01 956.80 0.425372
4 579.07 546.37 648.77 606.13 0.398624
4 1403.13 899.00 1504.63 978.14 0.477483
6 1516.67 966.16 1699.46 1077.35 0.336164
4 707.50 651.24 776.84 721.14 0.352426
6 1431.50 204.79 1533.96 264.12 0.334172
3 1662.66 710.82 1690.49 742.45 0.237693
4 1110.62 942.99 1212.72 1037.00 0.379787
4 251.10 119.47 277.12 139.99 0.223429
7 903.21 915.99 982.95 981.68 0.322607
1 847.26 964.15 868.28 1024.35 0.342537
4 887.96 806.70 938.60 841.31 0.278067
4 1117.72 703.35 1192.50 756.84 0.212265
3 847.46 985.03 867.80 1025.05 0.253642
4 265.73 145.46 292.71 167.40 0.247888
6 1424.50 327.06 1577.25 429.00 0.219430
4 1826.44 49.06 1860.65 65.24 0.272122
4 341.04 187.45 365.60 209.23 0.267887
4 369.59 201.14 398.75 223.62 0.267391
4 305.90 156.64 335.91 178.81 0.225146
4 198.22 209.44 230.06 227.47 0.235834
4 887.10 806.56 972.73 889.97 0.327910
4 661.46 602.54 718.26 666.46 0.309103
4 1570.72 615.83 1602.38 638.56 0.239087
2 315.07 189.05 327.53 209.56 0.236038
2 954.91 982.15 996.33 1036.29 0.257271
4 805.94 736.75 889.31 814.98 0.226803
1 244.24 333.25 261.91 359.27 0.244859
4 327.62 172.43 356.40 190.13 0.210706
4 533.19 499.70 572.78 541.63 0.255567
4 1870.49 47.81 1899.88 63.65 0.203181
3 338.58 976.89 382.96 1053.69 0.241221
4 1720.43 653.63 1753.29 684.54 0.210061
2 973.65 983.64 993.04 1023.68 0.221745
