1 496.60 738.50 519.57 778.18 0.352073
4 597.20 544.06 633.82 608.31 0.405849
4 511.75 459.72 547.83 509.65 0.379851
4 705.98 865.46 840.07 946.20 0.416151
4 691.05 816.98 817.33 882.19 0.386828
4 549.41 249.10 567.72 267.87 0.374816
4 663.33 681.20 700.57 720.21 0.328937
4 613.80 319.22 639.38 345.94 0.316379
4 582.79 169.41 597.43 186.06 0.339631
4 628.30 479.30 693.60 512.39 0.321375
4 711.42 968.09 759.22 1038.84 0.335556
4 677.65 736.27 706.02 770.32 0.293555
4 600.27 270.55 620.71 290.96 0.301628
2 471.34 816.42 497.96 857.75 0.298379
4 553.52 335.89 578.99 362.60 0.336789
4 545.78 170.83 560.55 184.76 0.342115
4 601.08 246.36 622.12 269.91 0.306309
4 505.06 429.30 543.27 476.54 0.335017
4 949.42 559.31 991.68 584.71 0.249694
4 606.28 295.12 630.03 318.96 0.314409
2 581.53 307.52 592.43 329.12 0.288121
2 486.04 737.96 524.56 791.91 0.319417
4 644.51 496.63 720.11 545.57 0.217759
4 861.37 501.08 889.34 545.87 0.261126
4 699.96 551.87 770.83 588.97 0.242196
4 586.41 185.46 635.09 226.36 0.234682
4 553.18 279.52 567.86 300.38 0.308093
2 446.85 700.87 471.81 739.95 0.214044
4 587.32 673.84 619.21 744.52 0.299298
4 548.30 204.15 565.39 224.01 0.293398
4 546.32 192.03 561.47 206.95 0.241912
5 514.32 316.88 578.59 364.54 0.244060
4 662.67 671.77 774.73 721.56 0.251357
2 661.16 586.20 683.23 612.85 0.228928
4 587.51 238.77 598.86 254.67 0.229838
4 656.29 616.54 759.47 681.88 0.212383
4 667.55 734.39 797.49 826.60 0.205127
