4 879.49 523.68 917.21 558.31 0.990321
4 855.26 626.18 908.81 679.81 0.983626
4 946.98 439.00 974.39 462.36 0.954330
4 983.42 1044.78 1073.82 1079.10 0.933341
4 694.52 717.45 764.97 795.00 0.910074
4 890.04 945.35 971.47 1053.34 0.809898
4 979.42 550.40 1020.55 577.13 0.684132
1 620.97 974.00 670.64 1053.62 0.604163
5 581.11 876.76 679.04 1007.72 0.598383
1 492.96 943.81 517.40 985.11 0.594904
6 931.76 611.58 959.63 659.46 0.594708
2 852.18 875.64 873.71 896.26 0.550412
1 844.53 1012.34 873.17 1078.70 0.539706
4 904.07 480.10 920.92 509.59 0.531827
2 804.22 766.20 830.21 810.80 0.525269
2 802.93 706.49 825.86 750.39 0.510843
2 557.13 1025.17 587.76 1077.28 0.499756
2 470.54 969.94 502.23 1008.52 0.494920
3 848.13 1039.70 871.99 1079.05 0.476065
3 984.03 758.91 1033.44 806.59 0.462642
3 804.68 778.47 829.97 812.83 0.455962
10 578.80 874.54 680.44 1009.36 0.447085
2 465.49 388.06 1054.42 1075.17 0.445014
10 1713.29 330.25 1821.39 410.31 0.440173
3 1028.73 893.39 1096.73 940.02 0.434867
2 532.16 1024.09 587.96 1078.24 0.421811
7 478.93 922.31 552.60 1009.32 0.419900
10 1244.70 676.13 1353.86 855.04 0.405183
7 486.36 921.99 549.55 971.69 0.404302
3 1027.72 833.06 1059.16 876.10 0.402182
3 316.68 1007.43 347.46 1051.36 0.393900
3 637.03 761.83 671.67 790.95 0.385021
1 843.57 1010.87 874.32 1077.66 0.369259
7 852.98 623.90 911.20 681.42 0.362034
3 316.75 992.34 356.42 1051.34 0.354543
1 993.38 737.96 1027.25 790.58 0.350639
4 878.49 521.64 918.92 559.40 0.337736
9 122.49 647.57 470.73 1026.98 0.336653
4 853.99 623.93 910.79 681.35 0.332157
7 887.75 942.66 973.34 1055.32 0.324075
1 802.94 705.63 827.40 749.99 0.306804
1 968.76 652.89 994.05 692.31 0.304959
7 930.68 609.50 961.06 660.30 0.302988
10 887.76 942.67 973.13 1055.61 0.295947
1 850.33 873.70 875.26 897.08 0.290833
10 693.21 715.78 766.98 796.40 0.289318
1 1027.66 821.72 1056.99 858.98 0.282942
4 829.99 891.41 880.32 954.45 0.277420
1 803.22 767.47 832.21 810.75 0.274793
4 848.09 618.46 916.84 686.57 0.264721
3 847.54 1038.38 873.02 1078.17 0.257778
1 787.98 689.50 837.59 812.59 0.252766
4 845.44 615.39 919.44 690.14 0.248938
6 1244.94 676.46 1353.84 854.90 0.238882
4 874.10 928.60 989.96 1065.76 0.235709
7 828.98 890.41 881.41 955.04 0.231957
1 684.39 855.00 713.33 918.51 0.224548
7 978.84 1042.72 1075.77 1077.54 0.223922
1 487.83 942.17 519.03 1004.50 0.222222
4 752.84 667.06 785.72 724.08 0.221973
10 484.01 920.18 550.70 967.07 0.219973
1 469.77 918.45 554.96 1011.50 0.219468
4 945.35 436.16 976.37 463.69 0.216159
2 995.84 740.54 1024.33 792.02 0.213199
1 1023.20 824.53 1061.87 878.15 0.213021
1 314.90 1006.56 347.37 1051.03 0.211268
1 647.35 797.45 672.51 834.70 0.210119
1 529.61 1022.72 590.68 1077.59 0.210063
1 827.70 873.94 882.62 956.43 0.208790
10 681.48 802.93 751.44 916.29 0.204005
10 484.27 920.02 550.00 952.04 0.202173
1 610.36 920.14 647.09 950.38 0.201278
1 691.41 766.12 714.16 812.65 0.197182
3 807.16 788.24 828.35 812.81 0.194805
4 567.76 863.71 694.73 1027.55 0.194498
1 902.87 557.90 923.80 594.01 0.194475
10 745.27 637.52 790.88 725.21 0.193310
7 824.40 871.31 977.53 1061.93 0.192435
4 417.82 1064.77 457.91 1079.52 0.192327
1 692.96 766.05 712.40 804.27 0.190830
3 685.32 874.62 705.93 919.64 0.190224
1 615.28 972.81 672.17 1053.95 0.184308
3 903.55 489.66 919.09 511.49 0.183742
2 1028.17 823.40 1055.81 855.89 0.182777
3 636.04 759.90 672.59 791.51 0.181572
2 531.82 1049.15 568.24 1079.24 0.181047
1 789.48 685.42 813.29 742.77 0.178470
3 982.02 754.23 1075.65 809.14 0.177976
10 751.49 664.66 787.36 724.53 0.175049
1 795.72 744.26 836.00 811.56 0.174643
3 313.52 991.79 356.87 1051.91 0.171827
1 683.41 766.91 715.11 826.63 0.171634
1 746.38 625.32 775.09 661.28 0.169579
1 1175.06 759.11 1200.51 808.65 0.169119
3 1020.34 823.20 1065.36 880.05 0.167572
1 1086.67 765.97 1112.03 812.50 0.166813
3 982.21 707.41 1043.59 808.05 0.163619
2 778.01 679.07 846.15 819.51 0.162433
4 836.85 609.70 930.65 700.71 0.161513
1 789.97 701.62 810.16 745.44 0.160054
1 470.75 969.01 503.75 1008.70 0.158989
1 933.10 543.98 949.08 577.70 0.158845
1 543.53 1023.64 566.91 1052.02 0.156634
1 804.32 766.59 827.11 799.46 0.156235
1 603.45 919.26 628.12 951.96 0.155919
1 1176.13 759.06 1195.24 788.18 0.155044
1 843.59 427.55 869.53 468.44 0.153159
10 930.59 609.30 961.05 660.04 0.150229
1 905.15 979.41 947.83 1005.48 0.149533
10 482.95 920.21 553.27 1009.88 0.148419
1 647.30 794.81 714.01 836.17 0.147240
2 455.30 387.65 1213.02 1072.97 0.146590
7 1049.46 767.78 1076.32 796.22 0.145932
1 983.26 736.16 1038.62 807.59 0.144286
1 904.19 981.49 927.25 1004.24 0.142298
1 1000.94 706.84 1041.14 769.22 0.139732
1 752.46 706.41 775.28 758.10 0.139180
7 646.55 797.60 703.15 835.81 0.137443
1 1006.74 706.61 1039.54 753.73 0.132252
1 680.20 796.28 714.42 831.96 0.131122
1 1006.46 730.53 1030.99 767.99 0.129235
2 761.25 398.23 1062.75 1065.70 0.128643
1 1167.77 976.67 1187.29 1020.47 0.128251
10 119.83 712.50 408.39 1022.51 0.126187
3 904.70 575.27 922.85 595.12 0.125883
7 1010.25 781.83 1033.71 807.62 0.125296
1 845.06 1011.91 872.29 1055.06 0.125082
3 683.58 871.85 709.30 919.40 0.124346
1 1007.34 643.12 1039.64 688.19 0.122326
2 934.25 521.79 1038.62 693.48 0.121832
10 482.84 919.54 551.08 973.61 0.121047
1 616.03 998.35 653.16 1053.34 0.119633
1 923.74 499.61 939.80 528.58 0.119313
3 1029.03 842.35 1053.98 876.79 0.119215
4 977.91 1042.42 1076.08 1077.65 0.118851
3 1019.82 878.01 1117.03 968.13 0.118832
1 1026.15 821.95 1058.32 870.62 0.118444
1 902.23 478.21 921.75 511.30 0.118092
6 1225.85 659.56 1369.63 881.72 0.117783
1 1096.39 706.49 1123.99 746.53 0.117023
1 941.58 499.63 957.95 527.74 0.115177
2 769.98 558.31 846.56 638.46 0.115126
2 909.43 474.86 1041.61 696.38 0.114843
3 786.80 745.53 847.52 823.22 0.114414
3 979.28 705.03 1074.07 810.16 0.113718
3 804.80 775.49 831.08 811.58 0.113173
2 823.10 422.09 892.07 553.75 0.111858
10 785.45 600.22 822.49 636.48 0.111720
6 829.28 890.60 881.37 954.92 0.110191
1 963.41 648.60 998.69 698.14 0.108878
1 690.08 854.33 712.17 886.04 0.106138
1 893.16 410.82 905.48 430.53 0.104722
3 302.88 974.91 360.14 1054.81 0.103703
1 862.14 505.42 878.20 532.98 0.103441
1 646.77 765.95 715.10 836.31 0.102418
4 979.00 548.58 1022.37 578.25 0.102300
1 1034.11 897.03 1070.44 935.42 0.101249
1 969.70 653.73 992.37 691.13 0.046271
1 649.25 799.69 671.18 834.40 0.045923
3 1031.28 847.42 1052.19 877.32 0.044975
1 531.80 1049.11 566.95 1078.82 0.042855
1 686.43 857.21 711.42 920.16 0.039922
1 557.13 1025.17 587.76 1077.28 0.039023
1 491.05 943.08 518.18 1005.07 0.038434
1 532.36 1025.86 568.83 1078.12 0.036874
1 470.89 942.59 517.22 1007.90 0.029160
