1 1466.57 794.42 1525.80 956.97 0.983716
1 1259.94 827.21 1308.94 987.76 0.977955
1 787.90 734.01 825.45 852.81 0.864310
1 708.68 741.77 747.10 862.73 0.787135
6 212.19 566.02 390.62 633.83 0.678333
2 607.19 702.54 632.49 764.69 0.629920
7 902.00 597.84 987.03 657.53 0.563967
2 254.90 671.30 290.63 763.45 0.522050
2 930.64 719.93 984.04 843.14 0.499351
2 181.39 617.83 205.61 683.87 0.495503
2 611.90 603.58 630.88 656.35 0.479725
2 327.13 595.30 347.84 651.51 0.478631
2 695.42 649.04 718.57 699.84 0.476730
3 342.66 613.72 375.46 637.20 0.476045
2 730.74 658.00 759.27 735.20 0.464984
2 309.61 676.14 343.86 760.34 0.462401
2 914.09 692.47 950.16 796.33 0.459384
2 1256.72 667.07 1285.09 748.37 0.456596
2 598.32 605.11 616.78 661.85 0.443914
2 534.98 616.40 557.93 673.70 0.443517
2 656.74 669.31 687.99 760.95 0.439570
2 1174.55 780.13 1213.20 911.25 0.439215
2 556.76 610.96 578.08 674.47 0.439100
3 1096.85 607.10 1111.51 639.27 0.438070
2 254.33 545.25 1526.07 987.65 0.432123
2 511.01 614.83 532.65 672.42 0.431238
3 1188.59 648.89 1228.09 689.78 0.430061
2 655.41 620.78 677.73 679.13 0.428205
2 282.89 638.63 315.12 715.15 0.425156
2 880.20 729.58 909.26 834.05 0.410842
2 20.85 785.16 92.47 929.55 0.403167
2 354.25 638.58 385.64 716.80 0.399315
2 779.70 546.31 1046.21 698.52 0.394883
2 1132.35 777.07 1170.41 910.36 0.388858
1 181.39 617.04 206.50 684.13 0.387195
1 1081.03 771.78 1217.26 916.84 0.382586
2 388.55 641.93 413.63 716.51 0.380985
1 90.21 630.69 115.61 704.04 0.366184
2 1140.40 666.01 1169.28 747.91 0.365645
7 1132.63 570.40 1223.83 638.66 0.347743
2 51.47 773.87 93.69 925.21 0.345781
1 146.51 12.47 175.33 91.21 0.344435
2 1084.35 779.11 1133.20 910.86 0.342009
1 1256.58 667.15 1287.13 749.08 0.330971
7 1187.00 647.34 1229.29 690.16 0.329540
1 1174.85 779.28 1214.32 911.79 0.315599
1 1132.53 776.01 1171.71 910.28 0.313295
2 91.70 632.03 114.24 704.15 0.308852
1 249.42 629.90 420.00 768.97 0.305207
2 847.19 622.27 868.97 690.13 0.303348
1 1139.74 664.44 1170.86 748.40 0.295575
1 879.05 728.36 910.86 835.05 0.290801
1 21.13 784.31 92.03 930.17 0.290074
2 863.68 628.87 880.02 693.16 0.289749
1 932.12 719.53 984.67 843.75 0.288916
2 0.06 744.29 28.11 899.96 0.282880
2 1873.37 726.55 1919.86 889.92 0.276952
1 1146.20 471.61 1172.50 516.31 0.261877
10 215.88 561.09 392.52 635.93 0.240317
1 1888.79 726.94 1919.78 890.40 0.239885
1 1530.00 601.91 1599.86 740.49 0.238374
3 1186.73 647.17 1229.29 690.19 0.237547
1 644.24 789.09 693.03 879.20 0.235816
1 509.66 614.49 533.31 673.25 0.232190
7 1135.11 572.38 1211.62 619.66 0.231819
1 875.86 689.42 987.88 847.09 0.231784
1 326.01 594.24 349.08 651.31 0.227146
1 49.61 772.53 93.97 927.63 0.224526
1 556.03 610.42 579.31 675.16 0.224147
3 1173.11 639.58 1235.59 696.52 0.223944
10 237.46 578.96 304.53 630.82 0.223859
3 403.51 605.27 432.76 626.68 0.223296
2 937.21 627.68 958.57 693.03 0.221788
2 606.66 547.70 1318.80 989.59 0.221434
1 534.89 616.03 558.22 674.53 0.217957
3 1094.03 603.15 1140.57 643.62 0.217504
1 1094.50 605.69 1112.13 639.33 0.208576
1 1501.27 191.24 1570.53 383.90 0.206217
1 611.43 603.50 631.68 656.33 0.204785
7 1559.62 674.87 1612.47 741.61 0.202550
10 900.16 594.06 975.61 624.41 0.200997
1 598.22 604.78 617.03 662.17 0.200522
6 631.14 782.37 704.34 898.01 0.200277
1 863.24 627.93 881.67 693.73 0.200030
6 302.29 569.09 390.07 633.72 0.197009
1 695.58 628.54 720.73 700.86 0.196697
1 936.40 626.51 960.05 692.88 0.196482
2 1884.96 728.63 1919.90 889.92 0.196365
1 1866.67 724.97 1919.47 890.21 0.194499
1 847.72 622.12 869.57 689.00 0.193705
2 504.73 601.53 636.56 678.00 0.187833
3 326.73 607.67 374.77 638.97 0.185158
6 211.51 546.32 390.82 633.41 0.183562
3 341.68 613.06 375.97 638.24 0.182866
3 325.00 606.61 376.11 640.54 0.179886
1 1119.36 605.61 1139.97 644.16 0.177581
1 734.95 571.64 758.69 599.64 0.176983
1 1166.14 643.18 1185.86 697.50 0.176627
7 1132.52 551.68 1217.99 639.28 0.170637
1 654.86 620.04 678.22 678.01 0.170127
1 55.87 772.17 93.88 865.18 0.168575
1 903.50 631.66 933.80 716.44 0.168119
10 300.95 567.89 390.95 633.95 0.167329
3 323.36 595.43 376.02 644.36 0.163083
5 216.15 566.95 308.94 634.64 0.159062
2 247.26 547.11 1316.27 989.45 0.157703
1 1497.66 676.73 1539.17 749.97 0.156865
1 1217.56 498.47 1234.01 533.68 0.156195
1 1199.03 217.66 1237.21 292.75 0.155289
10 215.28 546.10 311.67 632.49 0.154605
2 10.63 547.41 1321.93 992.89 0.152733
2 605.75 548.02 1530.42 995.66 0.151639
1 1035.60 454.90 1066.56 521.47 0.147388
2 681.30 550.11 1318.72 988.38 0.146389
2 1078.17 769.50 1316.88 991.04 0.146149
1 1517.05 0.59 1568.88 95.82 0.145506
1 785.50 616.41 801.69 673.27 0.144365
7 1167.17 666.58 1186.81 698.21 0.144364
1 11.86 649.90 42.26 704.13 0.143640
7 1091.56 569.88 1227.29 644.63 0.143501
2 982.48 584.76 1049.70 650.62 0.143009
2 598.57 558.84 1001.08 877.46 0.140916
1 1250.54 691.00 1271.04 744.94 0.139951
1 576.34 571.81 592.75 611.33 0.139391
1 342.11 595.96 360.53 640.23 0.138734
7 953.87 619.73 989.13 653.92 0.138671
2 504.39 551.32 1000.56 881.38 0.138437
1 0.19 744.45 97.88 933.75 0.137438
1 1336.68 578.29 1361.08 617.30 0.137261
10 1527.69 735.65 1610.32 825.40 0.137123
10 340.27 599.49 376.37 637.84 0.136418
1 343.76 595.39 366.01 635.60 0.136098
1 668.17 598.85 685.01 647.75 0.134686
2 250.61 632.15 419.09 767.86 0.132601
2 242.60 598.04 644.09 771.91 0.131637
10 234.55 547.27 310.36 630.91 0.131398
7 905.47 610.39 950.03 659.80 0.130290
2 1081.82 772.86 1216.66 916.14 0.129787
2 783.10 600.63 887.75 698.65 0.128693
7 1134.79 552.36 1213.51 621.88 0.128279
10 1864.39 651.76 1919.26 893.46 0.126572
10 1003.72 616.08 1031.34 652.56 0.125372
10 950.92 610.35 989.15 654.06 0.124451
1 1189.98 217.54 1240.97 343.27 0.124008
2 7.07 587.39 1533.49 1003.07 0.123028
10 254.59 545.75 310.84 576.92 0.121660
1 1249.61 669.89 1272.16 744.89 0.118457
5 162.43 601.14 199.10 653.07 0.118372
1 870.21 584.49 889.66 628.52 0.117673
10 396.42 597.47 445.88 634.26 0.117582
1 1199.73 218.10 1236.51 268.51 0.116914
4 900.91 596.48 986.92 659.41 0.115825
10 351.43 675.81 386.01 718.09 0.115338
1 1004.45 596.79 1030.68 651.31 0.114085
5 1870.09 699.96 1919.03 780.97 0.114035
3 1089.51 601.37 1116.49 643.03 0.112291
1 1254.34 667.62 1284.70 747.55 0.112269
1 1030.08 592.32 1049.11 639.63 0.111985
1 1142.46 353.83 1258.79 537.38 0.111283
2 698.51 593.10 996.10 870.34 0.110387
1 845.55 589.86 860.64 626.58 0.110010
1 1149.28 631.41 1168.86 661.66 0.109701
1 918.21 619.23 940.16 662.62 0.108591
2 897.36 553.96 1049.47 657.23 0.108095
2 770.70 548.49 1040.81 853.68 0.107872
3 1145.99 636.71 1229.65 695.24 0.107709
1 1257.99 985.23 1327.65 1077.53 0.107630
1 1148.53 635.58 1172.69 676.14 0.107521
1 10.65 649.68 41.59 686.10 0.106316
1 1018.41 593.72 1036.31 645.59 0.106000
4 236.89 579.55 305.63 631.21 0.105910
10 1250.86 691.08 1303.41 724.93 0.104586
2 664.37 541.25 1024.25 879.73 0.104281
1 584.73 571.36 601.21 609.28 0.104272
1 1504.15 192.07 1556.93 359.21 0.103286
1 611.26 307.71 632.60 336.00 0.103109
1 1167.50 357.90 1257.05 536.41 0.101882
1 1388.12 6.99 1418.67 108.05 0.101712
5 481.38 553.06 588.44 617.94 0.101556
1 1033.72 431.97 1072.00 526.64 0.101300
1 563.03 201.97 589.36 256.70 0.100713
2 501.93 534.57 1018.41 886.28 0.100150
1 1491.11 600.80 1599.54 767.56 0.100148
1 607.19 702.54 632.49 764.69 0.043221
1 793.28 619.30 814.92 673.07 0.041985
1 388.55 641.93 413.63 716.51 0.038021
1 732.05 659.55 759.37 735.31 0.035748
1 355.37 639.87 385.52 716.94 0.033997
1 283.46 637.53 315.17 713.92 0.033322
1 657.86 671.83 687.66 760.87 0.031721
1 1141.25 360.16 1180.21 428.28 0.031714
1 309.61 676.14 343.86 760.34 0.031208
1 254.90 671.30 290.63 763.45 0.027565
1 1084.35 779.11 1133.20 910.86 0.027493
1 915.14 694.25 950.57 796.42 0.025076
1 0.10 744.69 26.84 899.63 0.021457
