4 1119.74 1261.87 1193.84 1364.13 0.985725
4 1057.53 1063.18 1140.63 1117.83 0.981861
4 1116.01 1145.24 1160.17 1229.31 0.978083
4 1282.67 606.21 1302.09 625.86 0.976960
4 1123.55 867.00 1181.50 898.89 0.970643
4 1393.83 1207.74 1478.37 1256.86 0.966728
4 1156.24 780.93 1204.26 817.28 0.966095
4 1392.66 1163.54 1481.23 1208.34 0.965584
4 1166.50 705.23 1210.23 730.01 0.964532
4 1400.13 1257.98 1462.09 1324.83 0.961090
4 1369.45 960.55 1443.65 999.33 0.960429
4 1317.85 902.52 1375.19 941.45 0.959795
4 1177.50 669.93 1220.23 693.15 0.959743
4 1308.70 1403.39 1403.94 1498.90 0.959585
4 1097.93 881.11 1162.85 919.80 0.958580
4 1366.33 1111.70 1454.75 1157.04 0.956632
4 1380.64 1039.08 1465.57 1075.40 0.956290
4 1318.70 858.43 1381.55 883.54 0.956222
4 1317.50 883.19 1391.19 912.39 0.954607
4 1280.33 793.51 1331.34 822.60 0.953225
4 210.17 808.79 270.76 834.76 0.951421
4 1270.25 858.98 1303.01 901.13 0.950366
4 358.98 667.06 399.67 693.72 0.950267
4 1276.76 763.98 1328.37 793.04 0.949146
4 1355.94 1007.34 1436.25 1043.80 0.944810
4 1278.91 647.28 1309.71 669.33 0.940587
4 1182.11 608.61 1202.31 630.91 0.936146
4 1282.40 673.47 1317.39 697.96 0.933644
4 1300.61 725.50 1324.39 751.81 0.933272
4 1376.08 1077.34 1454.51 1113.42 0.929310
4 1148.63 823.47 1206.92 869.96 0.927969
4 1296.20 817.10 1341.82 847.48 0.927715
4 239.71 1029.38 334.53 1110.70 0.927155
4 1203.11 473.02 1218.82 487.53 0.927099
4 1185.55 585.63 1217.71 604.66 0.925019
1 346.34 932.78 362.12 967.80 0.923202
4 1197.34 492.71 1221.54 508.80 0.916501
4 397.70 824.23 447.94 855.07 0.916125
4 1285.93 695.09 1312.41 717.25 0.913840
4 204.33 756.04 256.78 787.07 0.912358
4 1176.76 675.03 1218.70 696.71 0.910000
4 340.20 971.05 414.64 1004.92 0.903103
4 854.67 755.33 875.80 777.90 0.902604
4 342.18 766.66 375.11 802.41 0.901583
4 1160.11 759.39 1209.52 786.91 0.900875
4 1165.85 712.58 1208.98 737.41 0.894260
4 441.65 696.72 469.53 727.45 0.887668
4 1168.51 686.32 1212.93 706.84 0.860931
1 688.77 897.41 704.34 924.13 0.860923
4 194.36 1030.62 279.28 1100.19 0.847354
4 1271.57 582.99 1299.94 605.58 0.824538
4 318.66 687.00 360.42 717.87 0.824498
4 251.55 720.27 304.93 755.86 0.805871
4 1195.29 511.29 1214.70 529.99 0.800223
4 876.11 696.50 896.01 714.10 0.753782
6 1349.63 911.58 1438.36 959.86 0.751383
4 663.04 946.83 689.25 969.21 0.750217
4 1278.15 490.69 1293.73 508.85 0.749026
4 1267.82 565.88 1296.53 585.77 0.743693
1 548.67 1106.20 567.60 1140.13 0.741203
4 1614.10 991.04 1682.19 1046.29 0.727562
1 413.76 917.40 430.08 948.88 0.721384
1 611.94 1019.65 628.09 1049.26 0.713898
4 398.96 643.91 427.59 667.87 0.710693
1 922.27 1456.83 939.74 1495.02 0.691346
4 1267.98 566.70 1299.23 594.36 0.685421
9 1708.51 1062.10 1845.78 1318.81 0.672491
4 425.28 619.81 450.79 640.85 0.663637
1 445.70 915.10 462.37 944.57 0.649066
4 1403.11 682.56 1429.45 706.00 0.645754
4 1268.77 519.49 1292.24 538.16 0.637816
9 302.41 1186.44 532.52 1498.77 0.637224
4 1296.40 438.89 1309.01 452.80 0.631337
4 1698.75 1000.16 1730.16 1022.90 0.623278
10 1708.51 1062.10 1845.78 1318.81 0.622208
4 1269.34 520.84 1294.30 548.47 0.612487
5 1312.34 1292.17 1432.13 1397.04 0.577469
10 1598.56 849.93 1698.78 1048.80 0.540556
6 896.43 1095.79 982.70 1134.80 0.536193
9 1598.56 849.93 1698.78 1048.80 0.534696
3 517.33 966.92 569.04 1001.63 0.528199
4 946.35 1436.31 978.05 1479.63 0.519445
4 103.22 790.50 145.19 818.16 0.497663
3 597.56 1020.89 629.48 1070.29 0.488679
1 1021.26 1416.40 1040.00 1460.07 0.472876
4 0.35 769.48 37.87 792.01 0.435243
4 318.55 696.68 344.31 717.59 0.391385
1 344.88 931.21 362.93 968.16 0.384846
4 1376.89 1486.64 1423.86 1499.65 0.368447
4 1056.10 1059.40 1142.23 1119.23 0.358726
6 1021.78 1209.57 1094.35 1297.80 0.345582
7 1096.67 584.76 1225.24 928.29 0.331127
2 835.38 522.31 993.09 754.25 0.322193
1 547.22 1104.74 569.59 1140.81 0.309748
1 412.08 915.51 431.07 949.67 0.302615
10 1611.94 375.56 1801.94 604.23 0.298170
3 516.17 963.65 570.62 1002.66 0.293595
1 687.86 895.43 704.86 924.13 0.289788
10 1311.69 1291.24 1432.63 1396.94 0.286777
1 444.07 913.44 468.94 947.48 0.280669
1 984.25 850.17 1001.02 880.12 0.277685
1 1020.74 1413.80 1041.21 1460.06 0.275932
4 1390.38 1160.85 1482.46 1209.89 0.272892
1 406.86 911.15 474.38 953.63 0.268642
3 660.30 942.83 690.10 970.82 0.251500
7 1095.81 819.42 1209.82 924.59 0.249330
10 1671.74 375.87 1801.07 602.50 0.242938
1 595.80 1017.65 630.51 1069.66 0.240602
1 732.05 955.29 751.12 979.39 0.238505
2 508.93 1100.87 573.72 1176.43 0.235294
4 396.33 821.51 449.34 855.79 0.232875
3 1612.14 987.67 1684.51 1053.87 0.231809
4 1113.56 1143.09 1162.28 1230.24 0.229415
5 1349.77 912.05 1382.32 957.14 0.226164
10 1347.89 908.14 1439.79 960.54 0.223340
4 1354.65 1005.04 1437.33 1044.53 0.222859
1 611.22 976.35 627.29 1010.81 0.221581
4 1374.71 1075.24 1455.33 1115.01 0.216192
10 1020.51 1207.99 1095.27 1302.99 0.215629
4 1179.35 637.36 1216.16 662.91 0.211980
4 1276.53 585.57 1299.95 604.50 0.211339
1 442.74 914.77 457.91 939.27 0.208821
2 445.78 914.71 471.32 949.18 0.207872
1 609.95 1018.56 629.08 1049.86 0.206030
1 338.76 925.71 368.73 972.95 0.205683
1 654.77 844.40 676.89 882.61 0.204977
4 1180.39 629.24 1213.09 653.24 0.203507
2 902.28 1208.91 1098.00 1493.20 0.202966
4 1161.07 733.90 1210.73 760.81 0.200292
4 1277.60 534.54 1293.23 552.23 0.199971
2 339.79 910.28 477.07 971.58 0.199706
3 597.00 1032.46 629.48 1070.53 0.198547
4 1178.58 657.52 1218.60 680.13 0.197048
4 208.91 806.18 271.64 836.66 0.195881
3 773.08 951.66 803.80 980.20 0.194805
4 1161.93 731.31 1208.39 753.40 0.193781
10 1303.56 1282.00 1442.00 1403.44 0.189770
7 1096.90 861.30 1182.90 922.99 0.189413
1 945.26 1434.56 978.46 1480.99 0.189252
1 986.00 852.03 999.41 878.80 0.188701
4 960.49 678.76 977.60 696.01 0.188007
1 980.49 1380.47 1003.35 1419.71 0.187673
5 1028.12 1209.51 1075.08 1285.37 0.187197
4 404.26 631.39 432.00 649.91 0.186702
4 1268.78 856.82 1304.96 902.36 0.185760
1 857.93 1356.59 877.48 1395.92 0.185635
2 656.51 845.19 676.98 883.08 0.185567
4 1457.87 912.79 1502.50 937.83 0.184864
9 289.57 1062.38 533.92 1498.13 0.184720
1 682.56 890.67 708.86 926.77 0.184527
1 919.69 1440.88 941.11 1494.85 0.184353
1 1018.54 1248.49 1039.42 1293.10 0.183103
4 553.64 762.67 573.52 782.60 0.182434
4 970.45 526.41 989.84 548.37 0.181041
1 689.13 934.92 704.96 959.60 0.178874
1 516.59 1115.93 541.49 1150.85 0.177624
7 1146.98 604.14 1220.99 884.29 0.175628
1 985.95 1295.91 1011.98 1334.41 0.175569
4 1294.50 815.40 1343.20 848.71 0.174895
1 944.83 1434.27 965.21 1478.22 0.174150
7 339.34 968.27 415.38 1006.23 0.173641
4 250.00 717.74 305.81 756.88 0.172478
2 915.88 1301.21 1066.96 1493.93 0.170784
1 982.18 1231.13 1004.09 1264.90 0.166688
4 1316.32 897.78 1380.18 943.17 0.165547
4 340.54 764.31 376.63 803.63 0.165426
4 1045.52 1045.97 1153.17 1130.06 0.163157
6 895.03 1092.08 980.50 1137.32 0.162981
1 356.16 886.59 373.40 911.73 0.161000
10 1710.22 375.59 1800.31 597.62 0.160947
3 657.97 927.59 695.24 972.49 0.160689
4 203.08 754.44 257.93 787.74 0.158055
7 1357.34 956.26 1480.84 1328.58 0.157341
2 916.84 1380.90 1062.54 1495.03 0.157090
1 510.16 1116.92 539.15 1179.36 0.157023
4 1275.57 760.68 1329.41 793.27 0.156367
3 1610.89 985.45 1690.11 1065.35 0.156068
4 191.92 1021.50 337.76 1113.80 0.153891
2 918.43 1430.83 979.74 1492.62 0.153267
3 584.50 1010.57 642.57 1078.35 0.152588
7 1096.89 462.12 1228.80 930.31 0.150398
1 275.23 838.09 291.92 864.28 0.150038
7 1263.89 525.29 1347.68 892.41 0.149374
1 1040.96 1402.74 1058.59 1432.80 0.146957
7 741.40 1310.41 768.12 1338.98 0.146902
4 318.21 684.20 361.30 719.48 0.146251
7 969.69 1413.93 993.63 1442.34 0.144087
1 850.03 1354.30 878.67 1397.27 0.143654
7 1095.09 474.44 1347.40 935.24 0.142262
1 1641.65 1002.68 1680.25 1053.36 0.142064
4 1276.93 644.82 1311.83 670.44 0.141791
1 549.61 973.08 570.66 1000.95 0.141046
4 1104.87 1248.36 1210.79 1375.64 0.140844
1 839.78 716.24 857.06 750.44 0.140783
2 916.51 1364.02 1066.70 1493.40 0.140617
4 1317.77 856.25 1383.15 884.63 0.139121
7 448.07 1343.47 480.64 1380.05 0.138178
7 1312.71 934.59 1482.27 1399.45 0.137793
2 394.39 903.78 485.60 965.74 0.137329
10 712.84 746.48 837.39 807.84 0.136583
2 506.62 1017.42 635.08 1179.66 0.135884
3 1282.49 693.36 1313.31 718.68 0.135561
4 1347.34 911.45 1383.89 958.01 0.135204
4 439.55 695.14 470.93 728.28 0.134472
1 626.67 893.21 639.67 914.17 0.133944
7 1355.72 955.77 1483.50 1258.30 0.133303
3 1280.78 682.32 1317.70 718.26 0.132927
1 952.11 1342.93 973.06 1377.12 0.132831
1 1797.34 1122.34 1825.33 1158.93 0.132533
4 1154.33 777.77 1205.85 819.48 0.130196
6 1594.17 846.30 1849.21 1318.97 0.128522
1 613.50 891.41 639.02 914.56 0.128297
4 1381.98 1151.66 1490.33 1218.70 0.127599
1 452.74 923.58 472.88 948.90 0.127430
1 951.35 1325.40 987.20 1377.50 0.127176
3 1640.41 1004.02 1682.26 1070.69 0.127174
3 510.17 955.15 577.84 1009.45 0.126989
1 1018.60 1412.45 1043.21 1481.28 0.126949
10 595.22 962.30 632.38 1006.76 0.126523
1 661.67 926.63 681.89 952.86 0.126499
7 1146.59 820.75 1208.28 874.46 0.123511
3 595.50 1034.31 617.66 1068.25 0.123038
4 1298.99 724.05 1327.16 752.32 0.122720
5 181.73 1002.31 362.80 1135.34 0.122497
7 1094.01 554.45 1338.82 931.80 0.122083
10 559.73 908.57 676.37 1003.34 0.120011
7 1355.89 957.46 1463.44 1163.87 0.119559
4 398.37 632.24 436.93 669.12 0.119460
4 357.04 665.46 400.07 694.74 0.119455
1 846.35 1359.57 865.94 1396.36 0.118479
2 916.77 1234.46 1035.14 1489.72 0.118185
10 1649.35 1022.38 1679.48 1066.03 0.118036
10 885.22 1131.10 919.55 1167.65 0.117856
3 729.43 947.08 806.45 999.15 0.116671
2 1015.67 1394.85 1058.61 1465.43 0.115442
1 1028.08 1376.57 1048.06 1412.40 0.115296
6 705.66 893.38 740.38 923.73 0.115133
6 1586.92 838.35 1735.92 1083.41 0.114891
4 1316.99 880.81 1391.40 913.34 0.111852
2 1010.30 1370.22 1066.68 1480.17 0.111559
10 1267.41 517.55 1296.39 553.44 0.111265
10 918.26 1337.28 993.06 1431.78 0.110284
1 518.67 965.30 548.06 996.86 0.110214
4 1123.81 863.30 1181.95 899.87 0.109235
1 967.77 1324.11 990.74 1366.14 0.103655
4 1183.67 582.41 1219.19 606.91 0.103042
1 851.82 704.39 868.39 740.42 0.102513
1 916.50 610.79 932.22 642.27 0.101008
3 663.04 946.83 689.25 969.21 0.046751
10 1400.13 1257.98 1462.09 1324.83 0.030274
