4 461.22 850.61 520.92 988.87 0.951664
4 704.33 135.91 758.30 246.87 0.897164
1 386.12 57.80 408.05 93.17 0.867014
4 554.19 936.40 613.01 1049.40 0.847186
1 407.88 48.00 431.10 86.68 0.776467
4 345.24 945.34 414.22 1049.09 0.731648
4 523.40 2.16 572.00 84.94 0.710030
4 426.06 53.42 475.38 153.06 0.673426
4 473.09 683.30 533.16 834.38 0.649971
4 1022.71 995.08 1055.75 1049.28 0.608651
4 721.80 958.63 779.83 1049.13 0.607219
4 1019.75 839.55 1073.82 877.31 0.530831
7 461.21 850.03 520.73 988.66 0.442291
7 340.31 846.71 526.30 1046.79 0.436484
1 381.26 44.70 433.68 95.03 0.427910
2 386.07 47.63 431.91 93.71 0.399066
1 384.58 56.50 408.33 93.20 0.365221
2 349.14 -0.16 390.86 19.91 0.334004
10 283.24 20.50 323.65 49.58 0.314075
7 551.86 933.84 614.48 1047.15 0.287661
10 281.17 5.39 324.78 51.20 0.276028
7 343.64 943.22 415.22 1046.35 0.258270
10 439.91 356.08 545.42 573.96 0.257717
3 374.48 701.53 457.60 917.08 0.253239
10 470.16 681.73 535.09 834.95 0.247329
4 344.45 944.12 447.46 1049.14 0.243381
7 340.71 558.09 535.54 1044.93 0.241183
3 372.87 583.90 473.92 917.39 0.240373
2 383.11 45.47 432.72 94.27 0.232455
3 341.73 920.71 462.37 1047.25 0.224846
4 691.14 124.61 775.02 256.86 0.220412
7 337.99 846.50 617.56 1047.02 0.210365
1 370.93 38.14 444.31 104.95 0.208433
10 703.70 386.31 779.24 508.16 0.205906
10 448.58 842.10 535.18 996.30 0.203153
10 440.11 248.60 545.73 574.11 0.199138
2 374.64 -0.02 392.06 19.99 0.197532
4 709.52 719.90 777.40 841.84 0.195227
4 722.37 0.04 770.70 17.55 0.195098
10 243.19 204.86 365.56 273.87 0.193685
4 541.54 925.68 626.03 1046.96 0.189200
4 344.69 918.69 463.06 1048.93 0.184335
1 424.66 51.15 476.61 151.08 0.181575
7 1021.35 992.83 1057.33 1047.91 0.179766
10 28.76 1.99 203.97 810.16 0.179140
3 378.32 584.93 477.79 759.50 0.178284
1 372.90 0.08 392.97 19.71 0.175431
10 272.51 2.15 333.92 61.64 0.170825
1 474.28 587.84 514.84 701.83 0.170468
2 378.10 40.78 482.29 154.23 0.170336
4 706.70 718.41 779.23 842.50 0.162405
2 369.05 31.72 499.63 164.11 0.159212
7 337.91 557.28 616.33 1046.12 0.158908
7 375.98 735.71 452.24 916.79 0.158613
3 370.66 566.70 534.26 916.80 0.156694
10 445.10 380.72 543.51 570.19 0.153700
4 679.42 116.51 789.43 271.26 0.152500
3 380.49 585.49 476.43 720.07 0.150806
10 380.93 583.10 474.46 658.24 0.150202
10 382.24 584.95 447.51 631.34 0.146067
2 282.47 1.19 577.14 159.80 0.144338
1 420.79 590.45 445.62 628.58 0.141171
3 356.22 688.04 475.84 923.63 0.139384
2 282.77 10.27 806.44 1044.22 0.136327
10 371.97 358.63 542.74 917.73 0.134350
7 418.41 47.05 484.15 158.94 0.132935
5 693.21 371.78 794.10 521.56 0.130274
10 45.80 3.18 165.80 809.31 0.128576
4 431.16 832.82 554.05 1006.17 0.127475
10 372.68 249.59 546.04 916.65 0.127005
10 789.33 889.40 845.96 919.12 0.124832
6 414.27 337.27 572.87 591.69 0.123978
7 340.07 925.65 617.54 1047.14 0.122444
2 369.06 4.00 577.48 160.38 0.122026
1 404.01 734.83 421.42 756.92 0.121874
10 2.28 783.14 226.02 1047.12 0.121527
10 424.15 243.26 587.97 578.73 0.119862
1 402.90 733.87 421.51 757.88 0.119824
10 667.51 535.90 714.38 641.95 0.118840
10 381.97 584.41 449.11 647.88 0.118439
1 443.07 585.71 516.01 718.35 0.118123
10 239.46 199.05 408.04 308.54 0.117610
10 540.47 249.87 590.27 359.42 0.117396
4 450.49 673.03 554.33 842.44 0.117021
7 341.21 359.40 542.13 1045.07 0.116966
1 469.69 586.06 534.43 834.83 0.114549
5 720.40 552.96 782.78 687.01 0.114334
10 375.24 801.59 452.44 917.44 0.111938
4 719.86 952.90 852.03 1047.89 0.111274
3 407.36 47.02 431.09 86.16 0.109955
10 374.80 572.29 484.14 670.41 0.105954
10 10.19 1.12 258.29 813.69 0.104710
1 418.38 737.54 435.50 761.73 0.104373
10 340.26 247.61 548.43 1044.62 0.103930
1 470.95 587.45 517.19 778.20 0.103115
10 380.39 700.73 458.58 764.83 0.102312
3 383.08 45.92 433.03 94.19 0.100932
1 349.14 -0.16 390.86 19.91 0.041864
