2 130.33 465.02 152.48 515.85 0.999841
3 314.57 407.42 332.25 450.45 0.999754
3 1013.92 643.69 1085.70 686.87 0.999606
4 422.40 530.67 517.94 664.99 0.999461
3 699.31 360.85 716.33 388.85 0.999408
4 407.08 446.24 474.48 558.00 0.999407
4 285.42 180.08 362.56 222.00 0.999254
4 798.26 414.30 880.14 500.27 0.999167
4 579.49 681.05 664.79 764.39 0.999006
4 331.55 132.48 373.59 165.17 0.998400
4 586.93 116.02 621.43 146.57 0.998245
4 478.08 98.51 502.29 129.22 0.997886
3 1074.46 430.69 1125.86 467.79 0.997871
4 430.60 293.31 485.05 357.26 0.997838
4 674.89 159.14 714.25 193.72 0.997821
1 399.87 679.22 426.88 737.46 0.997759
1 823.48 321.31 841.42 361.56 0.997713
1 1066.64 456.57 1091.19 514.63 0.997405
1 77.26 443.32 103.60 496.12 0.997116
4 928.20 688.56 1058.26 764.38 0.996967
4 0.39 651.54 113.24 754.60 0.996929
4 411.57 365.23 476.85 449.61 0.996808
4 1116.08 590.80 1227.17 685.23 0.996575
1 698.80 342.58 718.22 379.02 0.996568
4 518.24 80.72 544.63 109.40 0.996566
4 459.06 187.93 498.26 231.95 0.996237
4 399.75 215.57 481.78 265.36 0.995585
1 814.15 183.14 826.63 215.27 0.995512
3 904.84 238.67 935.43 255.73 0.994722
4 653.62 105.02 685.33 133.49 0.993375
4 525.02 49.15 548.66 74.00 0.992814
4 566.08 65.54 593.28 92.41 0.991752
4 473.08 54.30 495.88 78.51 0.990475
1 641.05 117.51 651.32 145.76 0.989485
6 1002.21 469.64 1054.93 530.17 0.988628
1 187.37 556.37 207.97 586.18 0.987503
4 604.44 13.29 624.62 30.07 0.986513
4 367.08 370.88 405.51 393.22 0.986466
3 838.90 172.27 864.38 197.93 0.985580
4 571.90 40.23 595.02 61.39 0.981715
3 685.49 214.09 704.27 235.65 0.981573
4 638.62 81.27 668.98 106.84 0.979417
4 1198.17 540.59 1356.52 602.75 0.976206
1 0.15 580.59 23.54 635.04 0.975721
1 794.65 143.55 805.13 171.70 0.975146
4 715.00 138.28 777.20 168.19 0.973772
4 675.95 73.21 706.82 100.10 0.972122
1 834.23 144.12 845.33 174.72 0.971992
4 1230.71 584.08 1334.00 665.11 0.970796
4 634.27 68.32 657.80 87.14 0.963043
1 805.55 141.43 817.77 170.87 0.961676
3 147.84 374.91 194.98 409.63 0.958704
4 616.08 39.59 640.92 62.25 0.958545
1 686.20 201.80 703.72 232.86 0.952912
2 1177.05 735.77 1208.35 764.37 0.951183
1 819.15 139.16 830.38 170.02 0.943432
3 844.21 348.91 879.63 385.08 0.941194
2 901.40 430.95 922.27 471.98 0.936173
3 751.95 255.72 796.35 311.93 0.932549
1 354.43 203.16 365.68 228.84 0.921219
3 887.11 167.07 907.64 191.52 0.920594
1 613.37 61.48 621.28 81.85 0.920241
4 1215.61 480.62 1321.33 541.63 0.916806
3 400.25 700.26 423.44 737.46 0.916639
4 472.10 19.66 499.77 44.17 0.915724
6 165.48 579.78 224.83 629.99 0.915645
4 616.64 31.64 634.12 44.06 0.915560
4 730.97 127.51 779.32 147.58 0.912315
3 838.47 173.57 850.22 195.74 0.899979
4 752.81 255.42 814.73 300.13 0.899047
3 588.17 2.59 597.76 19.12 0.889379
3 869.23 348.41 880.56 371.45 0.886345
4 451.14 40.32 491.57 61.02 0.886052
4 592.43 0.24 612.61 12.87 0.875846
6 1100.06 494.29 1207.61 559.45 0.870625
4 318.03 737.10 435.30 764.56 0.868220
2 435.27 262.45 457.25 288.74 0.866275
1 918.01 504.91 939.42 547.46 0.858390
4 731.18 97.98 751.50 116.74 0.855583
1 447.24 269.00 457.40 288.74 0.848603
3 1009.43 215.82 1023.06 233.13 0.830576
4 689.71 98.77 704.73 115.25 0.828726
6 62.89 510.36 118.03 562.21 0.826378
3 136.14 484.04 151.63 515.84 0.821203
1 1199.42 485.87 1220.49 532.26 0.821047
4 721.11 29.11 736.94 44.57 0.812439
3 148.17 375.79 165.50 409.39 0.792412
4 450.18 40.56 464.79 55.45 0.787355
3 694.95 218.16 704.37 235.80 0.785514
3 778.72 294.18 797.02 313.80 0.784605
4 791.70 269.76 814.91 296.00 0.777189
2 793.37 137.68 846.66 214.26 0.774987
6 182.17 484.21 285.18 539.33 0.770981
3 760.90 286.97 796.57 312.80 0.766334
3 1171.81 499.52 1208.08 549.70 0.758593
1 1042.36 467.20 1060.52 504.75 0.752596
7 843.23 257.60 920.23 330.38 0.751559
2 354.03 196.87 372.03 229.34 0.742356
1 264.63 740.97 290.93 764.54 0.739165
4 633.09 6.09 650.59 18.13 0.734229
6 170.80 417.53 305.76 541.45 0.730454
4 676.67 50.12 708.14 66.44 0.723622
1 1303.19 486.88 1327.38 526.79 0.714637
4 1268.50 388.66 1334.87 402.26 0.713395
4 1325.00 318.61 1359.63 348.06 0.704807
1 1100.90 494.56 1128.97 528.74 0.703973
4 636.63 77.70 659.13 95.30 0.701830
1 1176.22 476.54 1192.21 510.06 0.692626
4 1320.53 597.32 1359.75 682.55 0.684019
3 776.64 269.15 815.04 296.52 0.671811
3 880.89 492.98 915.28 529.50 0.669750
3 750.36 273.73 766.46 296.64 0.657795
3 814.88 193.82 825.05 214.98 0.654117
3 900.12 475.28 967.37 514.72 0.648473
1 814.14 137.50 825.79 169.91 0.644467
4 383.23 273.22 398.93 301.89 0.635717
1 1161.96 485.76 1184.88 529.30 0.635099
7 165.20 572.32 276.67 636.45 0.631001
2 1171.47 422.56 1190.07 462.53 0.628656
2 1218.54 488.10 1238.40 518.22 0.621967
3 881.08 443.41 922.43 472.73 0.612745
3 357.89 414.27 372.09 448.18 0.609672
3 1326.63 499.18 1359.82 533.93 0.601981
3 734.22 113.28 757.18 131.20 0.594311
7 291.97 538.52 331.20 586.66 0.592340
4 619.01 0.45 652.45 16.23 0.590621
2 590.21 25.99 598.31 44.03 0.585713
3 1177.01 747.44 1208.52 764.42 0.582222
3 877.25 440.96 905.70 464.03 0.581045
4 1325.32 318.49 1355.34 328.78 0.579713
3 904.42 451.49 922.27 472.20 0.575142
3 915.21 528.21 950.79 562.20 0.561854
4 690.05 96.15 751.50 116.59 0.561497
4 1307.68 306.60 1321.27 325.56 0.559787
1 907.39 274.46 920.19 295.35 0.557325
4 731.65 124.93 760.30 137.67 0.539503
4 701.48 60.39 732.14 71.34 0.535230
3 1298.38 449.79 1331.28 469.49 0.534145
2 1167.36 481.61 1236.74 535.43 0.523823
3 379.23 225.03 396.53 249.04 0.523544
4 1268.91 356.03 1335.50 401.64 0.522783
1 382.00 15.74 391.74 31.72 0.518794
2 1032.84 467.55 1060.49 491.92 0.516120
3 1101.09 506.76 1128.16 531.80 0.512816
6 1231.25 612.20 1324.27 665.01 0.510336
2 1326.08 582.44 1346.57 619.36 0.506333
7 223.40 572.53 276.60 623.84 0.505991
2 794.70 143.73 804.74 171.25 0.500676
1 434.94 259.39 449.14 281.83 0.499925
2 1201.24 485.72 1217.63 509.12 0.496616
2 251.58 232.29 267.17 261.29 0.495036
1 240.79 733.77 264.87 764.34 0.493320
7 44.84 509.93 117.93 562.31 0.487045
1 252.22 232.08 264.36 251.30 0.485995
4 1325.99 499.24 1359.51 523.30 0.474273
1 44.63 443.53 75.49 482.34 0.474162
1 1327.13 582.78 1344.06 606.58 0.473579
3 233.70 242.37 271.16 267.00 0.453315
6 1213.06 271.06 1359.38 411.60 0.449303
7 316.28 385.53 372.24 452.05 0.444858
7 311.89 323.15 382.42 450.00 0.438541
1 689.17 202.03 699.49 219.63 0.437185
3 217.20 487.58 257.89 517.41 0.435281
7 1100.90 511.05 1176.19 559.31 0.428194
2 223.07 734.08 305.17 764.54 0.422051
4 424.57 0.19 461.97 10.40 0.420713
3 130.60 464.78 150.23 483.50 0.419463
1 44.31 512.66 73.74 548.66 0.412603
3 18.52 407.40 43.69 430.87 0.412323
2 313.82 540.82 330.29 562.53 0.410604
3 256.46 232.99 284.42 261.85 0.408787
3 252.62 246.09 270.96 264.17 0.406198
2 233.47 230.86 284.22 267.31 0.403686
2 58.81 680.86 89.47 714.58 0.401548
4 17.31 407.20 44.89 440.04 0.383841
7 1291.42 449.28 1341.84 482.92 0.375452
3 41.86 455.25 76.47 493.08 0.351612
2 251.69 231.22 284.11 252.39 0.345844
1 265.19 232.44 284.17 251.63 0.343210
2 42.55 441.64 103.71 496.66 0.337579
2 54.88 443.30 71.98 462.43 0.330378
2 55.16 517.28 73.55 547.73 0.327961
2 71.44 681.02 88.07 700.06 0.311445
9 1228.36 481.12 1315.39 514.35 0.310053
1 50.45 557.57 102.48 594.89 0.295009
3 34.25 189.17 55.56 205.23 0.287985
10 207.26 602.47 223.31 626.34 0.199338
10 1084.29 693.56 1093.80 711.20 0.122630
