4 964.73 352.15 1103.71 414.60 0.999793
4 386.95 23.53 443.10 53.46 0.999743
4 669.29 375.66 791.62 430.64 0.999729
4 746.91 435.30 877.00 494.12 0.999689
4 1314.45 568.78 1359.77 641.81 0.999665
4 621.87 27.84 658.75 56.15 0.999611
4 664.36 666.48 745.22 764.42 0.999609
4 530.98 434.15 661.15 500.78 0.999177
3 201.66 709.01 241.55 763.92 0.998950
1 765.04 240.09 778.55 273.52 0.998528
1 614.18 291.55 626.40 325.21 0.998434
1 324.89 339.23 342.48 378.27 0.998295
1 595.83 291.62 609.12 327.67 0.997716
4 120.09 457.72 266.10 524.55 0.997684
1 581.32 299.04 598.04 338.40 0.996765
4 7.86 271.48 66.26 330.38 0.996523
1 725.23 183.87 737.42 215.79 0.994654
1 1005.95 330.26 1022.22 360.40 0.994650
1 717.35 184.12 728.64 215.69 0.994491
1 343.39 163.22 358.75 193.47 0.992947
3 583.12 314.88 597.40 339.14 0.991180
1 374.55 109.47 385.24 138.54 0.990194
1 696.59 180.30 710.56 208.10 0.988396
1 714.82 141.25 727.56 173.08 0.983236
3 696.30 192.35 711.91 213.69 0.982525
3 171.68 717.83 221.51 764.22 0.981066
4 1086.54 15.57 1117.02 34.79 0.975989
4 929.24 169.90 962.32 202.17 0.972863
1 389.81 105.10 402.26 136.93 0.965528
3 1006.10 341.09 1019.64 361.08 0.954197
6 457.37 222.48 540.26 303.81 0.946332
4 477.01 293.06 540.73 334.00 0.944538
1 171.98 702.73 197.58 762.68 0.943563
1 296.45 274.67 311.18 311.40 0.936644
3 394.02 127.91 406.93 152.89 0.936321
3 714.57 156.13 727.99 174.10 0.936249
4 620.01 13.76 627.50 23.30 0.892533
4 1251.97 158.99 1298.30 231.94 0.885816
4 296.83 241.00 343.21 299.29 0.883470
3 343.05 175.32 357.74 194.74 0.880475
4 981.74 213.51 1008.26 242.31 0.878736
3 375.79 120.71 386.10 139.07 0.873046
2 392.81 644.13 522.45 764.19 0.872620
1 460.15 694.51 468.18 710.97 0.867966
4 621.72 29.59 636.77 48.87 0.851456
4 928.46 177.92 939.36 194.79 0.834654
1 434.78 672.34 443.16 690.61 0.822689
1 495.98 733.45 503.72 750.11 0.820657
1 413.59 657.02 423.45 679.28 0.819380
4 768.41 0.00 780.47 9.17 0.814618
4 718.15 130.98 738.35 156.81 0.802329
3 291.30 288.49 310.36 317.37 0.801707
4 1010.47 166.18 1092.34 199.91 0.795768
4 1241.61 112.25 1293.60 131.90 0.789688
4 969.80 264.52 1001.65 294.42 0.783619
4 769.30 215.15 795.77 240.57 0.779876
4 150.41 283.43 239.53 351.01 0.779667
5 461.50 243.19 516.77 292.83 0.764758
2 581.73 290.10 627.20 338.04 0.762937
4 1345.11 270.73 1359.81 317.08 0.762608
4 516.67 285.73 539.30 307.34 0.754646
4 451.98 273.35 467.20 287.75 0.752677
1 481.22 717.33 489.32 732.71 0.751341
1 511.95 750.52 520.10 764.59 0.738037
4 770.26 212.12 826.37 250.01 0.728814
3 596.55 318.95 608.15 333.82 0.701306
4 507.25 271.05 539.99 305.74 0.690753
4 1261.24 162.14 1293.87 195.05 0.684531
1 393.89 644.05 404.76 664.16 0.683879
3 1326.64 289.27 1345.80 313.23 0.672157
4 1241.42 112.14 1315.89 151.20 0.670228
4 1252.70 194.82 1286.88 231.36 0.667071
6 346.06 0.00 391.18 28.38 0.664026
3 201.22 733.20 223.18 764.13 0.663805
4 618.71 10.52 638.83 23.89 0.663435
6 336.07 146.85 363.76 182.91 0.654320
6 492.22 247.48 516.33 290.30 0.651543
6 943.32 119.54 1178.07 244.37 0.650666
3 727.02 196.58 737.21 215.57 0.643358
3 595.67 306.81 608.48 329.42 0.636046
1 877.04 80.58 892.27 109.99 0.635944
4 1169.51 266.06 1209.05 287.33 0.624157
4 1030.74 121.95 1055.73 132.40 0.620051
3 326.07 357.10 342.55 378.84 0.615947
3 788.76 243.12 808.15 260.01 0.614310
7 814.01 235.35 851.12 282.19 0.614031
3 728.83 259.36 755.04 281.07 0.608126
6 969.85 263.77 1050.52 295.79 0.607593
3 972.00 45.81 1008.48 70.56 0.602982
6 454.44 272.90 541.71 334.63 0.599075
3 615.91 310.70 625.02 325.00 0.598853
4 665.89 732.13 744.99 764.62 0.580538
1 1075.30 273.57 1088.29 294.09 0.580428
7 772.54 212.00 851.95 285.88 0.578805
1 1270.03 214.43 1281.95 235.97 0.578637
2 696.29 179.99 737.63 217.09 0.565108
6 1243.47 115.70 1316.93 234.21 0.564694
4 721.94 0.00 753.46 12.70 0.549525
2 511.57 283.35 523.38 304.57 0.546452
7 477.03 292.83 507.15 320.67 0.545904
1 622.41 32.64 635.75 60.80 0.543660
4 310.05 240.84 342.70 264.45 0.528549
6 148.26 126.92 187.89 181.95 0.516619
4 451.89 272.97 499.84 292.76 0.506666
3 7.30 185.57 23.78 214.44 0.483989
7 1169.87 265.05 1327.29 315.71 0.482827
7 980.92 266.57 1055.04 311.80 0.472800
2 788.25 233.69 800.95 258.74 0.466222
1 46.87 634.51 56.58 652.74 0.466169
2 171.83 703.54 241.31 764.22 0.462700
4 150.46 270.57 183.48 313.64 0.457165
2 968.33 271.58 976.68 290.09 0.450187
4 568.59 0.00 583.93 4.63 0.447223
1 965.83 112.26 978.28 131.78 0.435763
4 225.62 144.93 240.94 157.14 0.434765
1 16.97 635.37 29.00 653.48 0.433963
1 751.51 201.69 764.10 228.86 0.409896
2 180.23 703.13 194.09 723.36 0.378979
4 156.59 160.82 187.41 182.33 0.367712
2 254.32 620.20 263.54 640.13 0.365812
2 374.53 105.06 401.93 142.06 0.361485
3 1.01 684.03 31.30 716.56 0.359431
2 13.47 691.63 28.59 715.59 0.300887
