4 390.47 597.76 488.69 673.43 0.999749
4 470.16 454.93 516.54 518.13 0.999584
4 485.94 383.86 525.02 432.85 0.999575
4 849.34 536.09 951.12 594.90 0.997963
4 649.95 194.25 673.13 216.97 0.997878
1 532.80 598.55 547.72 636.45 0.997848
4 465.33 126.39 508.56 143.05 0.997802
4 849.31 490.77 930.49 543.87 0.996877
4 840.12 244.14 899.85 267.10 0.996347
4 431.68 327.24 493.81 364.82 0.995976
1 880.80 354.53 892.02 383.90 0.994441
4 590.44 87.86 604.31 106.39 0.994223
4 897.05 696.65 1027.53 763.80 0.993456
4 799.32 158.54 818.77 176.16 0.992535
4 875.17 599.71 994.64 661.55 0.992118
4 915.55 637.29 1043.16 701.08 0.989894
2 217.78 602.19 244.18 642.15 0.989497
4 565.78 92.36 579.69 106.95 0.989157
4 815.27 212.33 829.34 234.79 0.989056
1 796.06 422.06 808.90 451.11 0.988218
4 576.73 44.42 588.26 56.18 0.986650
4 815.64 392.41 896.79 426.03 0.986472
1 871.75 321.71 881.00 347.52 0.986090
1 883.71 321.55 893.49 346.62 0.985343
2 917.11 308.05 933.94 330.28 0.984980
4 746.22 175.75 778.09 198.87 0.983793
4 541.47 82.70 553.22 97.56 0.979804
1 432.86 280.40 443.03 305.45 0.979652
4 809.15 427.22 837.40 457.14 0.973229
1 894.19 322.01 903.72 346.49 0.972123
4 411.09 693.32 454.88 758.88 0.969963
1 251.38 484.92 268.37 524.20 0.969432
4 590.09 27.34 601.13 36.60 0.968449
1 811.04 225.87 819.20 249.76 0.964382
1 286.06 499.79 302.08 532.98 0.964040
3 968.28 331.29 999.92 350.88 0.962990
4 782.54 268.84 830.08 292.97 0.962850
4 559.76 31.70 571.80 45.31 0.962633
1 283.72 537.28 296.23 568.95 0.962344
4 779.17 325.61 825.45 349.56 0.962256
4 583.44 9.42 592.25 18.66 0.960277
4 808.71 424.72 900.93 457.37 0.957837
3 1039.04 448.36 1070.54 469.28 0.956663
1 265.67 302.47 280.51 328.86 0.951484
1 704.00 159.92 711.83 178.22 0.949385
1 314.51 557.31 334.27 606.76 0.948805
5 442.34 535.46 480.76 600.95 0.948157
4 604.61 21.70 614.59 31.21 0.947571
4 548.85 50.71 560.39 62.69 0.944823
2 872.22 319.25 915.48 383.92 0.944756
4 599.65 6.86 610.01 17.72 0.941692
2 826.48 463.44 856.37 498.25 0.940831
4 464.71 106.60 495.21 123.34 0.937045
1 421.99 281.75 430.60 304.20 0.936616
4 662.65 83.04 682.62 99.47 0.936287
4 762.47 195.36 809.93 216.67 0.935905
4 524.92 69.82 539.56 83.98 0.934889
1 458.95 429.25 480.93 468.24 0.931191
3 950.20 311.83 976.20 336.21 0.926649
3 1114.36 578.26 1149.70 604.21 0.920774
4 811.65 134.74 828.12 152.68 0.916841
4 694.01 105.82 707.63 120.56 0.910867
3 1113.97 578.11 1181.02 619.45 0.893200
2 553.27 175.87 568.01 191.44 0.888547
4 541.55 63.63 556.36 75.86 0.887919
3 277.46 514.93 302.38 540.95 0.884139
4 969.02 183.38 1019.61 217.23 0.879001
4 680.03 99.79 696.66 118.16 0.873442
1 777.56 231.68 786.55 250.37 0.873332
4 993.19 194.40 1019.13 216.77 0.869825
6 523.72 24.10 551.75 46.98 0.869509
4 892.26 38.22 908.94 54.27 0.866842
4 580.96 33.19 589.92 42.98 0.866346
1 572.51 173.55 580.47 189.73 0.863201
3 1199.75 640.42 1245.14 665.71 0.860571
4 772.17 294.45 842.83 323.87 0.852307
4 629.39 41.15 642.46 54.04 0.850854
4 818.18 113.02 827.59 126.48 0.848796
4 356.80 703.96 402.25 764.48 0.841378
3 1230.14 655.26 1277.79 691.45 0.838678
4 798.13 104.95 817.77 125.40 0.835188
3 892.63 338.66 915.87 360.78 0.830005
1 698.00 160.42 704.80 177.71 0.829675
4 520.89 93.43 540.18 114.17 0.823651
4 166.85 390.74 196.15 417.40 0.820056
1 666.17 163.45 676.93 189.67 0.819968
3 1076.44 524.77 1119.38 568.67 0.814808
4 674.15 89.07 687.70 101.02 0.813424
3 1015.15 477.64 1058.47 510.71 0.813192
3 842.14 336.06 857.33 352.91 0.812598
4 646.67 103.32 681.80 122.86 0.811553
2 639.49 200.96 651.98 222.16 0.809753
4 665.09 57.06 686.42 72.22 0.806364
3 1032.09 531.07 1057.90 572.51 0.804510
4 717.07 109.17 746.92 124.27 0.804080
4 626.10 21.26 642.10 36.16 0.798806
3 1286.27 742.59 1352.37 764.64 0.797324
3 297.65 296.45 324.53 311.70 0.795097
1 360.88 152.61 369.17 170.99 0.790272
4 160.59 76.53 184.61 88.47 0.789968
4 878.34 28.54 909.03 55.30 0.789078
4 536.48 43.37 550.91 53.15 0.788299
4 563.54 19.79 576.10 31.57 0.788061
4 493.28 106.27 509.10 118.84 0.787028
4 540.96 10.11 555.33 21.07 0.786507
4 535.65 62.33 546.66 75.19 0.784964
5 676.21 88.83 708.92 115.85 0.782662
3 1335.72 640.88 1359.57 685.22 0.781123
4 840.24 244.15 859.71 264.35 0.780747
3 1215.20 591.16 1238.36 621.96 0.779683
4 760.62 307.62 776.22 336.50 0.778612
4 551.62 19.67 572.24 40.24 0.776912
4 1265.93 308.77 1316.79 333.11 0.773871
3 242.26 349.35 265.24 367.64 0.773463
2 545.22 148.07 560.17 164.08 0.772768
6 554.70 0.37 569.59 15.89 0.771248
1 424.95 115.56 431.60 130.06 0.770483
4 815.70 398.50 838.51 424.16 0.770130
3 1006.05 360.06 1036.44 424.85 0.763268
4 639.53 55.69 659.12 70.84 0.762663
3 446.00 562.95 479.15 599.25 0.762469
3 329.52 350.41 360.18 378.31 0.762298
1 778.01 158.99 785.02 176.56 0.758712
1 903.79 338.45 915.71 357.02 0.748660
4 751.48 113.02 767.17 125.30 0.748343
6 327.38 532.71 480.64 606.60 0.745378
3 274.28 427.19 308.07 450.79 0.743127
3 341.02 190.83 358.63 210.26 0.735098
1 644.90 118.52 652.38 135.12 0.734123
4 529.80 57.88 545.71 70.36 0.732791
3 985.14 297.44 998.19 313.68 0.729377
4 769.16 114.36 784.77 125.67 0.724603
1 676.32 174.21 684.46 192.97 0.724428
3 296.22 429.12 346.48 457.09 0.722631
3 1009.14 384.88 1034.38 399.57 0.721814
2 1123.02 531.80 1165.88 557.12 0.721459
4 683.79 198.83 693.30 207.24 0.719377
3 152.08 93.11 164.77 114.16 0.716303
6 969.49 160.98 1020.86 217.84 0.708448
6 488.17 93.53 509.85 116.40 0.708399
4 768.46 287.92 787.41 304.10 0.702146
6 662.42 83.33 709.19 113.42 0.699924
4 679.36 89.19 707.28 105.41 0.699349
4 789.09 212.17 829.55 235.84 0.698068
4 391.89 83.74 413.18 100.95 0.693123
4 521.52 89.61 541.17 103.00 0.691596
4 644.58 14.95 664.92 26.67 0.690753
4 715.67 111.46 730.51 122.64 0.690666
7 410.07 95.81 428.61 112.72 0.676646
4 333.89 100.46 364.54 119.65 0.674333
4 352.64 105.35 364.83 118.68 0.671073
3 1020.23 476.81 1165.89 575.80 0.670507
2 1252.40 700.83 1299.17 730.00 0.670191
4 820.18 326.57 857.33 352.42 0.668585
4 443.86 195.70 461.72 211.95 0.668511
4 646.79 10.25 661.58 20.37 0.666452
4 769.17 284.84 837.28 307.21 0.666006
3 917.07 308.10 933.96 329.97 0.663255
3 354.77 288.72 379.40 302.39 0.663242
4 772.17 299.70 804.99 322.86 0.660387
4 1264.67 316.20 1290.58 332.61 0.658596
3 321.87 272.36 349.69 291.28 0.657475
3 193.33 705.80 252.96 763.62 0.653811
1 375.05 154.46 383.31 170.79 0.650411
3 568.03 100.98 579.29 112.96 0.647199
7 320.23 245.49 347.51 263.51 0.645329
4 514.84 102.46 536.71 116.98 0.642203
4 1187.60 303.25 1269.57 333.95 0.640477
3 827.80 462.26 853.65 480.03 0.640451
4 905.95 244.44 949.92 271.88 0.638064
5 390.52 597.52 488.78 673.27 0.636573
4 751.09 110.73 785.02 125.59 0.633839
4 522.62 81.07 540.32 93.06 0.631643
4 529.27 54.38 557.71 76.93 0.630168
1 395.85 153.04 403.82 167.89 0.628355
7 385.49 318.04 422.01 357.15 0.628252
3 1025.21 515.07 1059.15 542.55 0.628151
1 668.94 123.55 676.08 136.81 0.627134
9 638.89 25.04 686.64 54.78 0.626685
3 1071.57 505.20 1128.04 532.73 0.625474
3 1044.33 481.92 1094.16 507.95 0.625407
3 311.89 380.74 374.07 406.42 0.623551
4 414.41 238.71 435.06 261.18 0.623021
7 276.36 669.00 366.34 763.89 0.620556
7 409.68 254.28 432.65 276.07 0.616960
7 443.22 103.83 469.09 120.66 0.616665
3 827.56 475.46 854.86 498.39 0.613915
4 628.46 0.24 655.89 16.68 0.612845
3 1289.84 450.14 1317.53 477.97 0.606520
4 1135.11 305.09 1159.60 332.41 0.605752
3 1039.03 478.79 1059.20 507.86 0.604898
4 796.20 291.05 842.05 312.74 0.602254
4 459.95 273.46 510.48 297.73 0.601062
3 907.48 258.56 949.10 272.10 0.599893
3 1042.69 518.73 1081.11 554.30 0.598017
9 676.48 32.73 689.22 49.33 0.597490
3 793.96 218.86 814.37 235.45 0.596519
3 416.36 197.66 432.07 212.39 0.595175
3 397.41 181.07 417.32 199.98 0.594021
4 676.10 69.40 706.56 86.56 0.593626
3 247.52 376.04 279.96 399.41 0.593302
7 378.68 253.84 411.81 276.46 0.591380
4 1200.68 301.88 1260.87 318.51 0.589662
3 510.18 281.64 525.42 301.71 0.587974
7 364.11 204.71 398.71 224.67 0.586223
3 347.00 330.78 378.43 353.99 0.585129
3 1014.95 477.04 1124.27 513.29 0.582678
4 241.43 74.14 258.65 87.25 0.582436
1 638.86 100.39 644.84 112.94 0.582335
1 892.67 342.75 903.58 363.74 0.582119
3 788.31 238.14 808.31 251.46 0.579034
9 638.29 42.12 684.54 70.49 0.575786
3 222.22 327.25 246.54 345.46 0.573218
3 419.55 154.26 450.43 171.76 0.570783
4 275.02 744.25 302.17 764.15 0.568544
3 1289.74 450.25 1359.38 515.57 0.567218
7 347.75 217.21 392.31 243.84 0.566273
6 433.39 327.26 493.91 364.36 0.562698
3 1076.90 484.54 1125.43 511.38 0.561310
7 475.08 275.49 508.63 309.83 0.559348
2 422.00 278.21 443.36 306.24 0.557213
7 412.88 266.93 431.56 283.61 0.556040
3 475.35 288.36 504.82 309.83 0.555494
3 275.43 322.67 310.26 350.28 0.551973
2 510.54 104.00 519.31 117.68 0.551171
3 386.09 330.29 421.52 357.30 0.550758
9 662.88 44.75 682.01 58.22 0.548625
3 301.89 260.72 327.18 276.12 0.548069
6 1184.83 301.86 1316.89 334.72 0.546450
3 156.77 710.84 224.87 764.22 0.544340
3 638.80 614.75 653.94 630.48 0.543748
4 1239.80 305.26 1260.68 315.54 0.543113
2 449.17 72.02 457.41 89.87 0.542435
5 915.57 637.47 1037.51 700.78 0.541305
3 375.48 296.53 408.06 317.87 0.538221
4 1269.85 302.46 1298.87 318.88 0.536205
2 372.82 177.75 382.56 199.58 0.536188
1 816.98 195.71 827.81 211.46 0.534760
3 748.64 224.47 768.28 235.42 0.530591
3 285.06 351.13 318.79 368.17 0.529778
3 416.46 189.46 442.93 212.06 0.528303
1 262.99 96.86 270.39 109.22 0.527812
4 1076.97 389.72 1091.79 408.36 0.527671
4 300.36 76.88 311.52 86.98 0.525287
3 330.00 314.15 367.80 342.09 0.523046
3 370.71 181.77 388.68 201.01 0.522312
3 402.35 217.16 428.07 232.43 0.516969
4 416.29 92.75 443.42 103.91 0.514338
3 391.49 270.76 417.10 289.42 0.513072
2 787.00 219.54 821.01 251.32 0.512755
3 347.61 246.10 375.23 263.72 0.510686
3 1097.24 510.70 1136.29 532.39 0.507787
1 547.53 148.04 557.24 162.41 0.506764
4 410.46 253.55 432.23 267.08 0.501815
3 217.08 705.62 253.08 740.16 0.500453
3 347.75 382.85 374.11 405.85 0.499295
3 1134.66 578.16 1148.71 602.44 0.498386
3 325.36 429.67 346.72 450.76 0.497447
9 336.00 50.20 386.27 82.00 0.497109
3 1199.79 536.97 1221.61 566.85 0.495064
4 334.03 114.02 360.38 133.30 0.494115
3 192.15 552.44 212.89 578.34 0.491116
2 664.97 158.79 712.75 192.66 0.485020
3 443.20 108.03 457.46 119.96 0.484708
3 248.93 322.39 274.68 347.74 0.484341
3 853.84 634.97 867.93 654.43 0.484338
7 315.96 676.06 364.48 739.15 0.479903
1 373.16 180.81 381.36 199.54 0.479352
3 201.75 348.19 264.93 368.68 0.478363
4 128.32 305.18 145.30 327.25 0.477844
9 337.73 66.70 361.18 79.24 0.477416
9 211.74 56.27 260.48 86.97 0.477161
2 422.42 282.45 430.18 304.01 0.467551
3 337.26 306.18 365.16 323.97 0.467345
3 346.18 343.57 362.89 356.91 0.466343
1 935.62 257.18 947.35 271.41 0.465427
3 1250.13 603.68 1297.00 645.33 0.459105
3 378.82 99.07 396.21 111.63 0.456923
3 80.55 736.77 123.60 762.73 0.456627
3 444.05 199.33 460.87 211.90 0.455554
4 260.11 75.50 288.14 87.22 0.454016
3 208.26 332.03 227.35 350.00 0.454016
3 389.13 363.99 416.85 379.86 0.453782
3 365.05 314.99 396.89 335.06 0.448913
7 72.59 720.88 126.89 762.52 0.447903
1 270.52 480.19 285.11 510.33 0.444350
3 43.52 484.03 65.47 508.39 0.440730
7 216.95 546.60 282.85 642.38 0.440577
3 272.38 328.66 293.12 348.42 0.433494
1 638.30 601.27 654.54 630.31 0.431290
9 203.08 47.25 387.12 91.38 0.426123
3 250.58 557.09 276.29 586.81 0.424589
1 338.21 305.83 352.74 322.14 0.420065
2 278.48 536.00 335.70 607.54 0.419004
3 217.80 602.52 243.98 641.60 0.416341
3 1230.30 669.79 1253.66 691.04 0.414385
1 642.47 201.42 651.30 222.01 0.413883
1 464.34 61.19 474.00 101.09 0.412198
4 1281.02 586.66 1304.84 614.93 0.406974
3 1284.47 625.59 1299.68 647.20 0.398384
3 253.46 313.31 285.04 330.18 0.395952
4 163.93 64.64 189.79 81.28 0.379053
1 267.04 544.31 283.32 568.97 0.376594
1 789.83 758.00 806.90 764.98 0.372937
1 774.93 353.56 782.56 373.69 0.369999
1 307.10 556.18 320.62 603.53 0.349041
2 245.16 94.77 270.20 109.09 0.279756
10 308.40 708.56 331.16 742.03 0.200558
