4 674.09 46.50 757.30 95.04 0.999927
3 534.09 398.86 572.89 450.65 0.999927
4 1279.14 357.31 1359.74 460.00 0.999922
4 1148.13 182.63 1232.18 246.53 0.999699
4 1194.44 248.13 1294.46 334.71 0.999491
1 671.27 652.67 696.54 712.47 0.999305
4 474.63 276.38 544.85 400.68 0.999225
4 959.70 6.24 1034.33 96.52 0.999197
4 1044.47 167.27 1118.26 243.78 0.998915
1 670.14 480.43 690.88 535.01 0.998723
1 550.94 299.91 570.24 348.44 0.998354
1 816.40 388.63 833.92 443.23 0.997973
1 959.75 195.75 977.83 241.61 0.997955
3 737.32 550.55 777.24 646.03 0.997670
1 679.53 429.21 703.53 485.23 0.997037
1 781.47 166.33 794.82 208.32 0.997001
4 859.52 571.49 962.46 764.32 0.996855
1 495.98 426.44 518.23 482.79 0.996251
1 776.65 363.89 792.75 402.69 0.995857
2 737.73 201.60 758.07 236.46 0.995605
1 502.51 178.44 513.41 206.46 0.994596
1 481.75 436.14 500.61 480.33 0.993825
1 755.17 350.51 776.68 402.78 0.993367
3 630.16 243.24 667.06 307.23 0.993304
1 465.75 174.89 485.44 220.31 0.992928
1 372.42 576.21 405.00 610.22 0.992829
3 740.74 599.33 772.56 646.26 0.991509
2 644.79 211.06 660.08 236.47 0.990766
1 698.41 448.48 713.83 482.29 0.989249
1 522.44 267.12 540.31 299.67 0.988661
1 331.62 83.02 348.81 121.42 0.986849
1 757.95 170.87 776.15 214.49 0.986452
3 869.05 407.36 887.46 441.75 0.982965
1 741.12 571.62 775.06 610.48 0.981513
1 665.87 218.01 686.33 263.43 0.981232
1 827.57 479.51 848.03 542.40 0.979876
1 585.63 430.48 612.74 463.71 0.978916
4 787.43 209.71 844.63 283.33 0.978297
3 751.66 228.13 776.52 268.63 0.975540
1 734.38 189.55 753.44 232.56 0.975513
1 604.34 332.87 626.60 381.08 0.975223
3 584.77 182.36 634.66 236.15 0.975142
1 595.74 303.82 614.22 348.20 0.970734
3 754.36 366.08 775.27 399.64 0.968254
1 821.98 539.26 851.71 572.55 0.967195
1 605.27 239.51 617.68 270.31 0.967190
1 772.71 278.91 792.00 317.46 0.964677
6 832.59 346.80 891.48 440.32 0.964230
6 544.66 554.72 604.93 638.91 0.962436
1 572.82 532.08 606.96 562.00 0.962339
2 454.20 191.78 477.31 225.49 0.961774
3 852.70 375.99 890.85 440.39 0.961610
2 677.68 236.85 688.60 263.12 0.961009
1 654.94 201.17 670.60 244.79 0.960137
3 757.83 198.86 771.48 215.78 0.957144
1 858.49 448.74 877.15 483.01 0.953747
1 591.21 195.69 608.61 236.30 0.946937
6 615.28 407.86 662.53 485.44 0.946609
6 807.26 287.05 874.27 355.85 0.942261
1 536.12 747.27 560.70 764.58 0.937395
3 1338.47 125.81 1359.78 158.16 0.934166
6 612.18 513.28 662.08 692.10 0.929591
2 826.78 447.92 886.65 545.07 0.923608
3 586.29 441.91 602.42 464.29 0.916941
7 839.75 537.67 875.51 653.76 0.903402
1 617.50 245.14 633.99 285.77 0.873579
7 780.05 312.85 811.25 354.08 0.863979
4 600.77 193.42 634.32 233.40 0.844041
3 645.21 270.13 666.86 307.74 0.838566
4 457.24 3.43 469.69 19.82 0.834189
7 767.79 205.95 797.69 270.27 0.830087
5 487.35 276.55 541.52 345.27 0.797508
1 791.41 292.17 813.72 333.01 0.794546
6 768.10 201.55 825.42 271.61 0.794299
3 330.86 94.73 349.57 122.99 0.785242
3 909.67 528.29 932.02 575.18 0.784384
3 485.65 457.74 500.96 480.45 0.779328
1 614.20 223.96 631.27 251.14 0.774030
2 669.14 428.45 713.69 535.52 0.768765
6 886.01 437.73 983.68 578.14 0.757276
3 645.06 204.05 670.45 239.74 0.754549
3 830.82 560.88 846.97 582.95 0.753388
7 844.17 452.84 887.45 543.56 0.749431
3 854.70 451.64 887.18 492.97 0.746872
4 230.34 63.00 335.68 129.34 0.744572
2 786.79 293.14 802.48 327.23 0.738713
2 754.51 350.13 792.72 404.33 0.719505
7 544.89 532.12 607.69 638.37 0.713397
3 772.60 292.25 797.37 319.40 0.705074
3 596.73 303.49 611.78 321.63 0.702908
6 839.92 536.81 962.90 763.97 0.671142
2 800.63 291.86 815.23 332.96 0.668855
3 603.46 194.97 632.96 229.65 0.664082
3 644.79 222.02 658.80 236.40 0.655656
7 832.36 357.89 861.57 409.16 0.654304
7 752.30 202.84 827.55 269.37 0.652039
1 993.96 342.75 1039.57 382.22 0.651444
3 604.52 349.92 626.99 381.68 0.648859
2 835.65 464.45 851.81 494.58 0.647188
7 834.21 432.21 887.69 494.25 0.642454
3 587.83 326.67 603.02 347.08 0.632254
3 736.67 210.00 751.27 235.28 0.631241
7 850.78 347.15 890.96 440.53 0.628828
7 751.82 226.46 790.57 271.01 0.627916
2 864.03 481.08 885.66 528.98 0.618377
7 737.67 551.17 776.86 607.71 0.609627
3 584.89 182.21 612.09 205.18 0.603851
3 588.83 321.37 620.52 349.68 0.603177
2 857.98 448.39 879.39 477.67 0.601050
6 937.49 459.36 983.67 519.53 0.598456
2 840.07 287.81 854.76 308.55 0.586258
3 857.79 462.07 878.72 484.73 0.584979
6 959.84 6.17 1034.31 96.52 0.580381
3 676.25 238.97 705.78 263.17 0.578325
2 621.43 458.76 637.76 478.80 0.577722
2 849.55 327.24 876.33 352.04 0.569844
5 488.36 276.42 532.96 300.97 0.564586
3 868.72 452.51 886.45 470.20 0.560598
7 584.97 182.55 634.79 235.95 0.558858
2 481.94 426.36 517.77 483.08 0.558307
2 804.38 290.82 816.30 309.85 0.557441
4 612.70 663.85 629.93 689.47 0.554689
7 772.22 294.34 800.97 329.00 0.552294
3 485.13 438.36 518.24 481.76 0.551531
2 863.51 479.13 880.65 500.57 0.545715
3 588.13 549.13 607.43 562.34 0.537852
7 825.56 321.22 876.58 357.54 0.536563
7 617.87 441.17 658.81 483.89 0.533859
2 1331.55 0.05 1359.20 12.60 0.533459
2 671.46 652.93 696.52 712.45 0.533078
2 870.63 348.94 886.70 375.66 0.529051
2 835.94 454.61 875.56 494.91 0.525505
3 663.50 493.13 676.99 519.61 0.522415
3 390.53 598.80 408.33 619.42 0.521876
2 595.76 303.36 627.64 381.33 0.518016
2 807.40 194.49 823.93 211.00 0.510984
2 843.27 485.08 860.66 523.02 0.508928
3 390.75 599.88 425.57 624.38 0.507095
2 631.40 240.23 664.53 287.35 0.501276
1 616.39 562.22 634.96 592.68 0.499541
2 608.04 196.32 625.57 215.42 0.497657
2 743.72 189.63 754.55 213.37 0.484793
2 596.26 194.13 688.44 307.23 0.480403
2 604.29 329.51 619.94 359.74 0.480177
2 645.85 200.35 688.49 264.10 0.477714
3 371.85 593.21 406.98 612.68 0.476998
3 493.16 200.89 528.18 220.55 0.462611
2 605.51 332.70 626.22 379.80 0.451721
2 286.56 291.21 303.29 317.32 0.435945
2 535.14 747.09 587.68 764.60 0.431984
7 853.61 390.04 889.27 424.01 0.424188
1 492.52 178.36 527.68 219.47 0.405047
1 575.99 760.31 588.98 765.16 0.391971
10 933.96 338.16 962.77 395.36 0.384750
2 455.08 174.26 525.08 222.33 0.364574
2 383.74 169.21 961.64 761.78 0.145535
