4 0.27 519.74 117.62 665.35 0.999871
4 112.41 426.08 275.01 560.47 0.999859
3 1200.32 374.56 1264.45 419.15 0.999622
1 1321.12 367.98 1359.58 425.88 0.999528
4 777.80 289.44 876.56 394.68 0.999501
4 652.97 0.00 693.18 22.12 0.999124
1 955.75 70.79 973.60 115.97 0.998562
1 824.58 40.92 840.34 80.49 0.998095
4 522.57 252.63 599.12 362.50 0.997888
4 1005.35 219.17 1048.41 279.96 0.995601
4 951.41 222.94 983.63 275.32 0.993144
1 924.85 70.71 940.80 104.85 0.993105
2 386.10 285.13 410.53 314.47 0.972214
3 880.92 95.35 935.24 128.83 0.964943
4 640.11 218.86 701.45 293.14 0.954187
1 976.36 74.34 994.05 113.84 0.912906
2 793.66 0.00 809.92 17.43 0.894171
4 1146.00 211.03 1183.88 266.12 0.873171
2 848.19 30.10 881.11 66.76 0.864102
3 848.60 31.05 880.01 53.24 0.855835
5 976.96 70.02 1110.98 202.32 0.854207
1 777.47 0.00 786.91 14.71 0.849284
4 1262.63 192.92 1359.45 277.90 0.847628
4 984.00 1.09 1005.37 28.70 0.830459
4 1108.48 158.49 1165.62 216.23 0.821119
4 1288.65 193.35 1322.70 224.23 0.810042
6 1260.27 139.76 1359.64 280.01 0.787468
4 457.18 187.71 484.71 238.53 0.777728
4 1155.49 0.00 1216.87 30.99 0.770180
1 861.19 28.76 877.27 67.22 0.768920
3 920.49 29.14 974.46 67.21 0.749082
3 917.88 98.21 936.16 123.13 0.746653
4 1280.54 194.26 1322.72 258.78 0.745143
3 865.12 37.78 880.36 67.11 0.739583
4 983.64 0.83 1043.10 43.52 0.725989
4 1155.42 149.53 1196.05 183.59 0.721729
2 824.33 27.12 993.61 128.21 0.708120
4 368.58 9.19 392.67 32.48 0.641159
2 1264.08 216.79 1291.32 264.56 0.636335
6 1110.45 78.27 1170.78 163.80 0.627930
3 816.43 3.03 838.84 14.57 0.627553
4 1068.68 227.12 1115.30 257.38 0.608778
2 896.10 32.07 911.76 58.67 0.602935
2 943.88 41.64 973.77 65.20 0.596809
1 564.79 0.00 576.92 18.00 0.591138
4 340.31 357.28 359.34 381.28 0.585365
4 385.22 278.13 423.29 316.12 0.584595
3 781.20 0.00 837.95 16.57 0.569267
1 896.57 55.93 911.02 93.02 0.564395
2 924.44 66.89 992.81 117.84 0.543365
4 418.79 249.12 451.71 273.90 0.536341
4 385.77 274.04 479.09 352.80 0.506818
2 924.20 70.54 941.22 120.58 0.501962
6 1034.30 0.90 1186.13 166.66 0.485725
2 895.23 31.30 913.74 90.84 0.454803
6 975.51 69.78 1165.26 215.21 0.440799
1 537.60 290.65 560.96 314.12 0.433184
4 245.96 31.24 290.12 50.21 0.379018
4 0.22 336.60 37.95 393.41 0.311813
3 74.09 175.72 111.08 212.75 0.305426
1 230.03 0.51 250.54 67.24 0.299304
2 220.55 0.26 252.11 70.20 0.267340
10 1149.72 385.28 1204.16 453.99 0.233969
6 0.53 0.71 297.61 374.50 0.194059
