4 863.56 414.67 960.68 510.89 0.999484
4 323.07 442.20 420.52 546.12 0.999412
4 251.91 563.89 366.84 691.11 0.999382
4 577.12 332.34 636.30 409.25 0.999278
4 869.99 505.95 993.72 604.83 0.999154
4 948.08 584.37 1085.13 713.49 0.999140
1 61.95 707.45 100.80 764.08 0.997334
4 647.82 194.96 679.84 225.39 0.996145
4 319.92 336.64 456.77 389.99 0.996013
4 795.41 385.80 939.87 443.29 0.995685
4 643.99 103.81 663.48 122.07 0.995498
4 465.49 280.28 513.56 334.21 0.995262
4 695.08 193.97 722.95 230.23 0.994980
4 189.18 402.43 332.60 477.92 0.994736
1 524.09 332.56 541.47 382.07 0.994461
4 172.83 717.64 296.05 764.15 0.994161
1 448.67 334.75 465.68 382.75 0.993605
1 513.45 323.46 527.38 367.03 0.993138
1 573.45 213.43 584.77 246.91 0.992241
4 851.55 349.99 964.97 403.56 0.992231
4 267.66 319.40 314.50 361.00 0.991556
3 1341.39 701.63 1359.78 763.76 0.990896
4 843.26 295.90 964.96 339.18 0.984457
4 820.83 327.85 954.09 376.92 0.984223
4 1015.51 725.54 1130.43 764.33 0.983760
1 675.89 108.90 684.60 127.23 0.978241
4 742.31 95.63 761.78 112.02 0.978173
3 310.68 277.88 348.10 300.76 0.975917
4 327.11 310.40 444.00 355.18 0.972679
1 578.97 184.90 592.87 212.51 0.971034
2 513.30 322.35 542.71 382.50 0.968427
3 424.79 194.74 446.15 212.71 0.967441
3 1146.58 440.58 1173.94 489.38 0.965086
4 685.92 75.42 709.01 89.35 0.963632
4 486.46 177.46 504.42 194.57 0.963237
4 778.22 87.49 788.07 102.13 0.962567
4 229.77 352.48 288.38 390.40 0.958481
4 458.19 260.64 560.51 297.95 0.958001
4 517.33 202.18 564.22 238.64 0.956456
4 494.92 222.27 558.21 256.27 0.954273
4 852.63 256.52 925.90 291.07 0.952871
4 541.14 102.12 558.51 119.19 0.952836
4 801.50 266.79 904.43 304.12 0.951870
4 751.29 247.14 843.61 282.10 0.947698
4 761.40 89.64 776.26 103.60 0.923292
4 942.19 268.61 1026.13 319.78 0.916846
1 621.61 127.85 630.85 148.19 0.914387
3 578.24 194.81 592.48 213.21 0.911448
1 611.60 113.12 618.72 130.62 0.908264
4 811.69 283.10 888.00 322.03 0.905599
3 981.11 305.94 1034.51 359.32 0.901962
4 740.97 233.13 821.01 264.82 0.898310
4 704.78 90.39 726.33 105.73 0.894812
4 766.97 147.09 783.69 162.06 0.887144
4 715.55 75.95 742.42 89.05 0.879761
4 712.97 162.38 797.29 193.79 0.879439
1 1123.90 319.58 1230.70 694.96 0.875939
1 669.40 80.74 675.87 96.46 0.864357
4 735.47 88.75 749.46 102.35 0.859223
4 475.22 242.79 533.51 272.82 0.847793
4 739.51 205.82 806.93 234.61 0.843093
4 713.89 105.29 733.32 120.54 0.834071
4 507.04 186.71 572.65 216.37 0.824469
4 837.80 218.29 857.10 239.08 0.811406
4 521.41 140.22 530.94 153.37 0.806847
4 720.86 184.74 783.35 216.20 0.805198
2 310.33 264.72 347.96 300.25 0.805092
3 981.03 338.68 1010.02 359.84 0.800513
4 405.44 191.32 422.57 207.03 0.792887
4 569.44 75.42 594.39 88.56 0.786606
3 762.30 112.26 790.31 138.20 0.779741
6 766.36 47.07 799.14 102.66 0.762210
4 743.32 218.81 818.71 248.53 0.760345
4 615.11 74.36 628.22 83.88 0.757430
6 1054.31 507.59 1099.45 553.04 0.752960
4 579.57 109.69 604.11 126.51 0.750920
4 888.69 208.35 911.17 224.62 0.743888
1 525.51 324.07 542.24 355.27 0.742739
4 826.82 205.91 857.69 232.69 0.736627
4 516.66 106.25 543.48 125.15 0.735300
3 447.10 288.60 470.39 313.01 0.723859
4 596.81 77.92 611.76 88.15 0.710019
4 803.22 158.31 825.20 173.56 0.703720
1 535.32 119.07 544.22 142.42 0.697552
4 519.32 169.23 539.45 185.25 0.694487
3 453.83 173.13 468.06 193.88 0.693574
4 263.23 357.41 288.12 389.33 0.691114
4 703.66 139.85 755.37 167.65 0.689395
4 527.50 105.29 544.17 119.48 0.678455
4 715.03 110.57 757.27 130.78 0.678152
4 736.03 84.47 756.49 97.42 0.674220
4 525.63 171.66 584.26 195.43 0.672983
4 542.74 129.37 604.74 155.41 0.669980
6 800.10 32.06 832.74 58.24 0.668116
1 318.52 264.59 330.84 290.45 0.667949
3 858.66 221.85 892.77 244.58 0.662477
1 438.53 327.68 452.76 357.76 0.661936
4 943.57 135.50 963.54 148.65 0.661560
4 537.47 90.55 552.37 102.48 0.653017
4 575.72 83.50 593.34 94.13 0.649929
3 759.27 125.66 774.46 140.32 0.648692
2 793.83 112.07 802.79 134.73 0.647348
3 500.42 199.67 521.63 216.11 0.647184
7 421.08 221.88 437.51 253.54 0.644226
4 558.20 96.68 593.38 115.34 0.642730
4 821.24 201.06 851.13 215.53 0.638390
4 698.34 124.01 748.35 145.43 0.638145
6 942.62 269.88 998.11 318.38 0.635810
4 510.07 42.77 526.45 54.61 0.624106
3 837.34 204.95 894.14 247.06 0.615592
4 754.28 165.84 796.72 187.09 0.611022
4 819.70 185.73 839.33 197.45 0.608624
3 507.70 192.31 526.14 215.46 0.608134
7 822.34 201.22 858.81 238.38 0.606614
4 563.28 119.54 606.90 139.09 0.599024
3 310.52 283.24 323.90 300.48 0.583643
4 558.39 147.06 603.89 168.35 0.581524
4 540.44 154.41 593.19 176.34 0.580181
3 1018.98 432.01 1081.01 466.20 0.576861
9 706.04 45.74 739.28 86.88 0.574446
7 849.48 227.79 933.20 274.58 0.569047
9 669.87 44.65 796.71 99.67 0.565963
3 968.43 311.91 983.59 323.52 0.561027
3 1127.87 381.79 1170.09 419.16 0.559433
4 546.79 93.46 566.68 105.39 0.549493
4 556.87 78.39 593.28 95.49 0.541076
7 998.61 304.70 1033.93 345.88 0.540139
1 796.09 140.20 805.33 164.75 0.539557
2 863.51 207.09 877.26 227.23 0.538790
4 1118.69 430.38 1156.44 464.46 0.537200
4 525.72 87.70 551.08 100.72 0.536010
7 849.67 233.21 897.04 261.31 0.531288
3 431.61 171.78 468.06 193.93 0.524964
2 430.81 326.07 465.86 383.16 0.524053
3 777.41 153.27 825.58 174.18 0.519772
4 528.77 163.15 584.22 183.19 0.511916
4 103.59 313.32 288.64 390.61 0.511817
1 807.36 139.49 817.45 155.77 0.496884
7 1018.17 427.81 1159.17 472.31 0.485930
9 601.17 43.34 634.40 54.38 0.484064
3 355.54 237.97 392.27 266.80 0.473963
4 306.32 190.18 339.34 216.50 0.467209
3 330.73 280.08 348.00 298.21 0.463475
2 315.56 264.40 331.17 298.70 0.451052
6 782.72 64.97 969.49 273.10 0.440338
4 208.34 188.37 342.04 264.75 0.422588
3 73.08 186.00 102.53 215.41 0.408176
4 693.56 77.60 1089.40 729.75 0.351935
1 462.30 87.67 502.80 239.84 0.279169
6 20.39 209.59 291.86 360.92 0.277851
