3 611.30 585.92 675.54 703.71 0.999986
1 903.00 433.70 967.69 596.68 0.999967
1 1024.16 348.37 1073.47 482.04 0.999965
1 993.67 511.88 1061.61 694.28 0.999962
1 603.60 537.80 672.98 658.70 0.999927
1 749.38 510.38 813.68 675.92 0.999899
1 737.10 487.96 785.38 627.03 0.999883
1 768.93 379.38 812.35 468.28 0.999831
1 754.17 334.82 794.18 450.32 0.999813
2 1044.13 5.29 1071.49 41.80 0.999745
1 599.31 14.74 615.39 68.38 0.999714
1 726.83 65.14 743.32 135.37 0.999676
1 1163.27 14.32 1185.52 68.92 0.999521
1 736.29 78.50 758.31 138.98 0.999505
1 484.93 93.00 528.64 175.27 0.999482
1 1206.99 18.30 1231.93 72.39 0.999448
1 1189.64 18.82 1211.48 70.65 0.999353
1 450.06 113.91 487.86 182.31 0.999301
1 1321.66 687.27 1359.50 764.44 0.999062
1 511.29 25.95 531.35 82.67 0.998192
1 434.38 18.16 455.68 80.08 0.996313
1 491.59 15.82 510.07 68.82 0.993424
1 446.70 42.29 470.85 108.58 0.993321
1 468.53 62.79 489.99 105.65 0.990407
1 475.77 21.85 498.05 80.10 0.989670
1 94.42 29.62 115.52 72.30 0.987105
1 115.32 28.04 144.35 70.75 0.956202
1 452.54 12.91 470.48 59.71 0.953596
3 511.27 161.30 528.14 177.32 0.899578
3 736.58 100.98 756.55 139.48 0.894970
4 1343.70 58.10 1359.82 93.86 0.882010
1 1339.16 360.09 1359.83 392.94 0.876276
2 993.38 511.54 1061.48 694.68 0.876196
2 902.60 433.71 967.05 596.73 0.823069
3 490.05 44.84 515.34 69.65 0.810580
2 1023.81 348.38 1073.32 482.09 0.799547
3 457.70 164.80 477.40 182.49 0.744188
2 1162.98 14.35 1231.72 72.71 0.738029
4 564.77 13.32 600.38 44.93 0.711578
4 1243.24 33.00 1359.71 91.95 0.701367
2 754.24 335.10 794.26 449.98 0.659402
6 537.11 0.19 957.13 67.45 0.609512
2 1123.40 0.00 1142.46 14.11 0.563285
6 0.21 1.18 275.03 72.46 0.560082
3 475.00 38.03 502.86 79.52 0.506454
2 112.14 29.43 130.02 71.11 0.488921
2 435.04 12.09 533.99 183.20 0.474496
4 0.00 0.27 34.86 30.78 0.452326
2 602.07 336.98 1075.55 697.55 0.421575
6 0.50 0.83 178.13 38.52 0.415948
4 72.19 6.44 177.03 38.16 0.345826
6 92.85 8.99 207.99 69.22 0.343962
2 94.26 27.60 143.88 72.23 0.257311
10 394.89 670.07 424.95 751.40 0.185166
