4 169.46 619.08 274.67 696.80 0.999540
4 521.73 360.05 550.52 386.67 0.998869
4 708.22 664.53 769.79 747.01 0.998827
4 557.55 316.91 577.03 338.03 0.997802
4 784.45 633.47 838.01 697.17 0.996960
4 909.68 625.33 969.24 691.62 0.995963
4 709.02 574.96 754.79 631.25 0.995741
4 662.22 353.45 705.44 425.95 0.994658
4 776.94 569.20 827.58 627.62 0.993958
6 934.48 260.04 995.35 293.22 0.993516
2 54.64 571.08 91.71 609.85 0.992993
4 661.31 429.77 693.83 462.13 0.992506
4 801.47 718.31 870.55 764.62 0.989770
4 839.50 588.63 895.54 641.11 0.989171
4 899.48 738.24 967.95 764.59 0.988880
3 1096.80 538.60 1111.51 562.51 0.988656
4 720.75 531.23 765.63 584.02 0.988240
2 1147.16 590.53 1159.50 614.60 0.986966
5 918.67 330.50 953.04 371.47 0.985677
4 779.06 525.04 824.97 571.70 0.985221
4 1019.24 673.07 1146.26 733.65 0.984742
4 829.81 539.59 877.30 587.37 0.982900
4 955.89 533.10 1060.75 579.00 0.982229
2 998.49 446.20 1009.77 472.50 0.981894
4 690.35 294.52 718.28 340.29 0.980184
4 986.88 604.14 1096.77 666.33 0.979555
1 1229.53 598.09 1248.77 646.63 0.978156
1 1204.24 599.84 1225.47 647.23 0.976576
4 719.22 460.10 752.80 494.94 0.975346
4 769.83 482.93 809.65 523.05 0.975321
4 968.47 569.63 1082.72 619.81 0.972843
4 830.99 499.85 875.81 543.36 0.972601
4 712.41 491.76 747.90 529.10 0.971237
1 243.79 481.15 256.20 514.67 0.966724
4 628.77 279.50 645.97 297.17 0.963023
1 1197.09 502.23 1212.64 537.69 0.961758
3 205.65 558.57 231.28 588.09 0.960885
4 814.01 457.61 851.34 492.65 0.958063
3 1170.80 629.59 1190.24 659.39 0.956523
1 1113.09 504.10 1126.47 537.45 0.956137
4 1013.17 347.31 1047.71 368.79 0.955706
1 1142.44 569.49 1160.56 612.28 0.955500
4 586.69 269.88 601.59 285.36 0.955447
4 556.68 255.58 567.81 267.63 0.955312
3 969.67 447.52 985.55 465.96 0.952284
1 45.23 616.40 64.13 652.05 0.952026
4 763.05 425.81 791.83 453.53 0.939805
4 808.35 430.05 841.14 458.94 0.935126
4 766.24 451.27 800.26 484.02 0.934501
1 913.73 465.95 928.46 491.85 0.931393
4 720.25 421.97 751.09 453.47 0.930618
1 1214.87 494.08 1229.04 526.79 0.928650
1 1207.52 553.80 1223.92 593.13 0.928144
4 942.14 512.40 1038.43 546.87 0.927198
4 792.34 352.93 813.80 373.15 0.926429
4 720.56 397.02 748.07 422.89 0.923361
4 724.46 325.18 746.03 360.54 0.915098
1 1198.13 554.66 1211.50 593.40 0.913883
4 942.13 386.73 973.99 413.78 0.913598
4 762.59 403.08 787.99 428.73 0.910995
4 943.83 492.28 1032.95 525.23 0.909901
1 337.21 436.92 346.07 464.90 0.904830
3 243.85 496.12 256.58 515.71 0.904139
4 801.12 406.84 829.65 434.54 0.903409
4 829.81 362.97 853.10 384.82 0.898457
1 1170.70 617.11 1193.17 659.05 0.897136
4 761.17 380.22 784.33 404.31 0.897105
4 712.96 214.41 721.78 223.70 0.895582
4 802.04 367.67 827.44 390.21 0.891161
3 1030.59 461.59 1046.60 485.95 0.890390
4 785.28 332.96 805.62 352.90 0.886663
1 1096.85 526.45 1113.25 560.86 0.886473
4 1060.29 731.90 1214.34 764.54 0.881881
4 632.22 188.59 640.92 196.46 0.875677
4 723.21 364.19 745.61 386.99 0.875221
6 542.18 228.54 575.91 254.20 0.872952
4 754.29 311.26 771.33 327.87 0.869142
4 340.66 318.58 378.32 338.60 0.866430
4 802.87 388.43 829.44 413.16 0.864868
4 686.68 334.02 711.27 353.53 0.862246
4 702.25 202.23 712.14 211.77 0.857602
4 929.62 387.40 951.61 408.63 0.856937
4 735.62 221.93 744.62 232.76 0.855775
6 697.42 181.80 719.67 196.19 0.851331
4 429.95 295.41 463.27 313.21 0.851157
1 1106.80 472.34 1120.04 504.70 0.849799
4 726.49 380.31 749.26 398.55 0.849665
4 287.15 374.67 347.24 427.50 0.847893
4 758.93 363.02 783.01 382.96 0.847436
1 61.87 540.09 84.64 593.22 0.838558
1 243.75 557.73 262.46 604.22 0.837523
2 961.65 303.04 1051.82 485.05 0.834639
3 916.63 474.96 928.18 492.43 0.832418
4 674.89 229.19 684.63 237.80 0.830429
4 533.29 266.96 548.94 280.56 0.829320
4 685.34 345.80 707.48 365.28 0.828335
4 816.51 334.32 836.88 351.89 0.827277
4 811.06 299.83 837.89 321.68 0.824251
4 726.01 303.41 744.68 323.13 0.816315
4 679.22 283.72 698.65 302.02 0.811683
4 824.07 348.63 845.85 366.24 0.810751
4 752.12 228.98 764.57 240.71 0.810347
4 781.94 312.49 800.86 331.51 0.806275
4 740.08 246.79 751.26 255.91 0.800186
4 626.07 495.19 637.54 520.04 0.797204
1 1098.48 475.19 1110.34 506.16 0.795350
4 594.67 251.47 603.91 259.99 0.793538
1 1064.51 404.10 1076.92 431.07 0.788725
1 1037.34 452.07 1049.90 483.26 0.786681
4 1049.02 536.83 1087.62 572.79 0.786101
1 1024.19 425.78 1036.31 453.25 0.785648
3 1096.39 447.09 1111.08 466.93 0.781851
3 1096.32 432.52 1120.97 466.25 0.779994
6 643.06 232.18 663.29 257.56 0.775895
4 603.98 276.67 624.41 290.94 0.766754
4 630.76 240.06 640.91 250.02 0.765036
6 880.37 371.07 936.31 442.35 0.764901
1 1114.22 415.28 1126.17 444.93 0.762385
2 704.47 272.37 880.81 762.67 0.761312
4 682.59 237.32 695.37 250.05 0.760039
4 726.70 325.83 744.44 339.32 0.758821
4 663.68 239.81 677.96 252.13 0.757923
4 681.84 242.70 695.82 255.64 0.757780
4 707.45 260.96 718.46 272.46 0.757632
4 614.51 215.51 625.01 224.52 0.756751
4 755.55 348.52 775.69 366.00 0.755063
2 1198.04 553.15 1223.93 594.26 0.752607
4 397.68 319.57 434.09 339.99 0.750517
4 756.74 333.24 776.40 349.41 0.747235
4 674.66 190.77 686.45 201.03 0.745500
4 350.50 336.68 411.21 360.96 0.739230
4 752.75 298.73 771.37 313.47 0.737777
4 664.30 191.64 673.98 200.42 0.735185
4 654.78 264.11 665.92 274.14 0.734858
1 1107.12 416.36 1117.35 444.96 0.734474
6 375.24 245.75 386.71 262.64 0.731158
4 619.99 184.14 630.46 192.60 0.726723
4 778.33 301.31 796.86 314.38 0.722943
4 708.17 204.97 718.82 214.58 0.720209
5 955.34 533.71 1088.46 581.85 0.714150
4 696.17 199.19 705.53 206.85 0.712691
4 617.26 200.00 632.57 211.35 0.712135
2 1140.04 552.41 1250.77 657.40 0.709329
4 320.80 354.38 375.57 383.43 0.707973
1 969.82 437.77 985.56 464.46 0.707367
1 300.14 513.46 310.74 531.72 0.706064
4 482.88 282.10 496.81 293.93 0.704973
4 1154.71 279.12 1182.65 299.30 0.704353
3 923.59 294.78 933.30 312.65 0.703926
4 724.01 345.06 744.90 361.66 0.693894
4 777.84 247.16 791.77 258.47 0.691475
4 847.28 269.67 876.07 287.73 0.690842
3 337.90 444.20 346.32 465.90 0.682931
2 845.79 287.70 914.91 363.69 0.681272
4 945.78 282.86 982.96 303.94 0.677282
6 279.01 265.19 298.34 292.08 0.676120
1 1069.92 549.15 1088.30 585.75 0.675309
4 1208.13 311.79 1240.48 340.22 0.674393
4 800.81 262.09 833.79 281.56 0.670967
4 756.34 251.31 777.53 267.23 0.669902
4 1301.45 258.89 1334.47 305.81 0.669883
3 1097.69 483.68 1118.06 507.93 0.666820
4 631.49 253.97 648.20 265.44 0.664066
4 415.07 250.07 429.36 262.97 0.662968
6 574.77 227.47 615.75 256.26 0.662523
4 514.84 239.67 526.35 249.13 0.660877
3 1047.82 355.71 1073.28 376.15 0.658209
4 734.92 264.35 748.22 274.05 0.658176
3 988.28 384.42 1007.74 408.51 0.653005
4 881.18 272.41 918.73 290.49 0.652125
4 517.61 267.10 537.00 284.69 0.649183
1 1096.34 435.05 1111.67 465.79 0.649084
4 897.70 271.02 918.51 285.06 0.647164
3 85.27 576.65 107.71 607.21 0.647131
4 947.82 287.99 966.85 304.29 0.647060
3 983.41 394.31 1000.08 409.73 0.645601
2 1095.98 415.24 1124.59 465.74 0.643935
4 175.29 551.51 192.99 571.26 0.641487
4 638.25 260.75 665.37 273.43 0.641156
3 394.68 358.29 407.89 374.28 0.639012
4 867.00 269.38 888.02 284.02 0.638223
4 1305.93 523.25 1321.90 553.51 0.637580
3 588.63 279.77 602.22 293.39 0.636650
4 291.60 371.11 352.45 398.22 0.636588
3 1000.73 354.12 1010.41 366.35 0.636195
4 772.80 268.19 800.52 281.61 0.635882
4 530.25 244.58 549.31 259.33 0.635002
3 993.90 412.27 1005.67 431.89 0.629757
4 376.69 328.25 419.46 349.19 0.627344
4 919.56 322.90 931.57 334.47 0.626136
4 786.44 257.59 802.53 269.02 0.625823
4 451.17 285.39 485.30 303.34 0.624278
6 1192.43 420.97 1216.20 478.05 0.623814
4 661.19 258.27 689.11 271.96 0.622624
4 965.41 284.52 982.56 297.67 0.620973
4 980.86 280.34 996.15 292.02 0.617853
4 439.44 246.39 454.82 259.43 0.617595
4 1036.59 302.42 1065.72 320.45 0.617585
3 870.48 325.50 883.50 340.27 0.616473
3 217.97 570.16 230.64 602.63 0.616254
3 299.85 518.72 311.43 532.66 0.609218
1 1059.20 549.07 1071.88 582.41 0.607722
4 1321.40 309.00 1359.53 356.58 0.604997
7 589.43 275.50 627.66 300.28 0.603683
4 1034.25 341.43 1049.26 354.83 0.602989
3 1255.66 385.16 1269.73 412.91 0.601685
3 611.75 286.24 626.29 300.30 0.598227
4 450.24 234.36 470.78 246.24 0.595239
4 899.92 385.19 950.37 409.35 0.595116
4 972.05 295.46 996.52 308.39 0.594451
4 709.53 261.99 747.34 276.15 0.594038
4 747.92 262.64 767.15 274.04 0.593589
3 0.27 738.49 28.87 764.31 0.587289
4 259.86 289.17 279.67 303.24 0.584691
6 662.34 353.42 705.66 425.78 0.584197
3 559.51 280.53 574.37 293.80 0.584092
4 689.91 255.94 714.95 266.80 0.580562
4 1207.82 313.65 1222.84 334.73 0.576281
4 562.92 251.49 576.34 261.24 0.575875
3 992.49 395.28 1005.98 410.89 0.575708
3 989.43 368.56 999.62 381.48 0.574800
4 554.84 243.75 575.24 256.03 0.574762
2 156.30 550.02 193.14 574.82 0.571047
4 577.23 251.17 603.10 261.55 0.569569
2 1196.49 493.82 1229.18 538.38 0.569433
3 205.00 564.44 217.16 587.33 0.568532
2 883.33 335.70 905.55 363.60 0.567433
4 1272.92 280.31 1301.44 306.74 0.565688
2 1062.66 547.97 1087.90 587.34 0.564434
3 1047.47 356.06 1058.91 371.98 0.560551
4 1175.37 319.10 1199.16 337.25 0.555519
4 476.85 269.72 517.56 292.97 0.554638
2 927.91 302.48 1013.16 378.91 0.552204
4 846.87 136.56 881.52 145.78 0.548604
4 348.34 350.28 380.10 367.35 0.548237
4 539.63 252.51 567.68 268.10 0.545248
4 1183.85 312.40 1220.22 333.75 0.544180
1 1070.92 399.24 1081.89 428.23 0.543837
3 1336.67 421.63 1352.12 454.80 0.543753
1 1029.65 398.42 1042.93 424.52 0.543599
3 1023.62 440.48 1039.00 456.00 0.539988
3 1255.96 388.37 1286.72 416.58 0.539736
1 972.36 357.50 983.12 378.42 0.538981
4 267.64 380.37 306.48 401.30 0.538252
9 596.10 201.24 627.30 215.19 0.537563
4 655.14 191.63 671.53 200.98 0.534861
2 982.99 309.40 1004.66 331.39 0.533785
4 1301.26 296.94 1334.54 321.05 0.531795
4 466.01 283.91 486.81 296.51 0.531774
1 201.26 19.69 258.73 122.05 0.531676
1 988.94 359.71 999.05 380.57 0.530764
4 469.73 236.84 488.26 249.47 0.530623
1 241.62 539.50 260.78 567.85 0.526935
3 1064.94 567.26 1083.30 591.29 0.526924
1 371.17 306.87 379.52 324.09 0.526623
1 230.92 473.64 241.91 503.30 0.524530
3 1056.58 559.72 1075.67 588.08 0.523745
4 381.37 262.88 396.69 272.89 0.523564
3 1199.03 568.34 1221.13 594.01 0.523468
4 472.05 235.43 510.29 255.87 0.520965
6 1126.53 367.47 1144.65 401.01 0.518386
1 392.17 282.22 401.76 299.04 0.517106
4 500.93 260.21 527.09 273.82 0.516669
4 360.35 265.33 380.76 277.92 0.514619
3 1110.86 431.08 1123.55 446.78 0.514378
1 65.94 680.64 87.68 720.92 0.513357
4 482.07 252.28 511.16 267.38 0.510756
1 972.67 384.32 981.94 406.21 0.509029
4 321.22 352.75 343.84 364.99 0.508038
1 205.48 539.00 213.89 572.55 0.507071
2 993.49 401.51 1007.45 428.64 0.506574
3 521.79 279.49 547.34 295.96 0.502802
1 853.55 336.28 861.29 355.10 0.496669
3 1097.60 490.18 1107.66 507.24 0.496350
1 983.54 339.89 990.32 354.76 0.495831
9 542.98 228.42 575.80 245.02 0.495299
4 296.12 277.70 321.64 294.39 0.494710
4 1328.46 344.58 1348.36 358.25 0.494592
4 488.10 244.57 510.41 256.65 0.493655
1 997.67 426.99 1008.90 449.71 0.492905
9 612.60 202.77 624.26 216.16 0.491477
4 399.15 247.56 428.89 263.60 0.488225
1 292.93 355.89 302.61 377.27 0.486742
3 358.96 430.87 392.02 460.83 0.478868
4 270.49 248.09 300.40 261.83 0.477123
3 1196.67 518.77 1211.45 537.94 0.475253
9 530.85 237.19 575.61 257.66 0.474354
3 359.08 442.59 372.67 460.14 0.474190
1 411.65 279.98 418.40 294.80 0.473935
4 1192.06 456.67 1208.49 478.94 0.471738
9 935.72 259.91 991.93 279.24 0.468708
1 285.14 355.27 301.14 380.97 0.467116
2 461.21 259.74 470.56 281.21 0.466707
9 443.35 233.23 470.94 246.22 0.464651
9 371.36 234.31 405.50 262.85 0.458238
3 358.69 392.78 430.84 459.56 0.457122
1 1013.84 335.17 1021.98 348.58 0.456190
1 998.41 329.78 1009.00 361.81 0.454755
2 350.57 275.65 364.82 304.70 0.452738
1 1170.41 624.80 1180.10 653.03 0.452429
1 169.47 551.32 178.98 571.02 0.442299
1 928.05 366.40 938.54 385.64 0.439030
1 1141.04 579.68 1150.87 604.42 0.438974
1 999.68 383.32 1008.32 401.93 0.438696
9 417.98 233.96 451.96 257.86 0.438672
2 962.58 323.42 971.33 344.31 0.437235
2 678.75 259.18 1249.26 762.71 0.430326
1 322.56 476.04 336.11 505.93 0.425843
3 1179.29 640.10 1190.24 659.51 0.424415
9 480.20 258.52 528.74 289.92 0.415940
3 157.21 559.18 192.81 574.62 0.410630
1 895.90 341.47 904.28 356.54 0.404146
3 47.56 629.78 66.03 655.49 0.396309
3 252.74 569.90 262.66 597.87 0.390428
1 930.98 173.40 945.44 208.26 0.385563
1 953.04 311.72 961.21 328.68 0.377873
1 929.06 400.91 937.31 423.04 0.372239
1 966.79 305.87 976.38 328.71 0.372092
3 45.37 634.52 67.07 684.50 0.368039
1 9.40 526.83 28.00 575.47 0.360462
1 56.87 529.49 70.58 560.06 0.347539
2 270.36 233.45 523.18 428.76 0.346213
3 8.54 537.11 47.56 575.96 0.340539
3 7.17 549.18 29.32 577.65 0.322112
1 12.07 527.09 24.68 553.31 0.315115
6 0.47 419.01 110.34 573.02 0.300417
1 451.09 106.48 517.56 146.81 0.286419
1 55.29 630.34 64.91 647.15 0.282514
