4 724.11 97.90 740.68 119.57 0.999859
4 669.24 123.37 689.90 146.41 0.999741
4 635.22 119.27 655.06 140.04 0.999650
4 640.18 69.67 658.12 88.48 0.999646
4 600.74 548.09 702.02 647.64 0.999565
4 679.18 612.57 749.70 740.13 0.998860
4 613.86 17.65 628.71 32.90 0.996148
4 721.61 0.00 731.75 8.46 0.989962
4 619.19 0.07 628.87 7.61 0.971923
4 596.40 0.45 611.13 18.15 0.807821
4 604.87 0.82 620.06 20.61 0.807092
6 604.84 1.12 629.65 33.14 0.805285
4 1255.05 2.63 1275.60 19.95 0.792776
4 655.56 16.80 671.97 31.16 0.782290
4 754.57 50.74 769.41 61.86 0.727604
5 679.72 611.94 735.01 683.32 0.657278
4 679.36 611.85 734.28 668.94 0.639364
2 693.36 664.85 734.87 688.95 0.508923
3 219.50 595.37 249.23 684.41 0.485889
3 227.74 639.32 249.15 684.74 0.463822
4 1352.31 499.61 1359.95 529.83 0.440850
10 678.83 611.62 749.71 740.17 0.201781
