9 468.75 354.80 704.66 470.23 0.999997
4 758.12 299.12 853.98 359.38 0.999920
4 111.48 425.14 262.59 492.53 0.999866
4 0.16 351.76 59.24 417.66 0.999698
4 897.84 384.47 1021.57 442.29 0.999590
4 871.33 292.66 971.94 341.47 0.999582
4 879.28 230.60 972.19 269.42 0.999558
4 1101.44 346.30 1172.02 398.04 0.999167
1 381.06 618.14 402.01 674.98 0.999091
4 995.59 241.90 1085.02 282.22 0.998504
4 986.29 277.16 1087.37 325.30 0.998340
1 711.76 449.61 731.00 500.94 0.998250
4 1033.88 366.06 1120.68 450.04 0.998166
4 809.22 452.56 937.63 528.27 0.997924
4 0.09 128.76 31.91 160.51 0.997387
4 1157.03 201.18 1212.44 230.25 0.997325
5 431.90 534.21 508.05 604.31 0.997130
4 33.21 206.11 78.96 245.61 0.996933
4 1081.09 207.97 1171.71 243.66 0.996653
1 368.08 292.84 383.21 331.40 0.995512
4 1111.16 245.97 1195.87 284.60 0.995368
4 575.27 329.62 691.14 370.38 0.994505
4 78.25 157.85 116.27 186.98 0.994444
6 930.48 614.75 1012.37 708.96 0.993282
3 509.53 615.19 575.04 688.72 0.993067
1 922.69 627.90 948.93 686.19 0.992678
1 494.58 560.61 514.48 615.23 0.991941
3 424.41 492.44 476.13 529.26 0.991605
3 1045.87 421.52 1080.60 461.38 0.991589
4 95.48 6.18 135.85 42.75 0.991142
1 309.35 380.02 333.25 419.45 0.990542
1 433.90 477.99 461.50 516.44 0.990114
1 891.13 276.24 904.34 306.67 0.989016
4 123.78 35.74 143.84 58.30 0.986466
3 986.44 709.24 1010.94 763.83 0.986050
1 128.29 221.07 144.15 256.56 0.984526
4 56.98 19.16 79.12 37.76 0.979766
4 85.72 98.94 117.41 127.48 0.977683
1 102.05 220.01 123.00 255.07 0.976485
1 121.82 137.67 133.00 166.91 0.976179
1 402.45 355.45 417.52 391.01 0.974344
4 126.42 97.63 151.62 123.84 0.971946
3 46.26 468.55 91.01 507.26 0.971677
1 73.23 263.98 91.05 297.33 0.967767
4 37.66 38.30 65.97 63.97 0.964310
1 273.01 106.95 286.50 132.17 0.963936
3 594.45 653.49 661.58 701.74 0.962668
4 12.80 80.02 45.47 106.64 0.958498
1 24.62 313.14 45.57 347.29 0.958346
1 154.85 314.11 175.93 353.61 0.958342
6 431.63 533.91 515.98 616.04 0.952893
3 298.49 396.12 342.08 426.66 0.948585
1 214.68 148.17 227.04 176.59 0.945259
6 513.70 465.12 656.31 585.32 0.940176
1 53.32 456.72 82.09 497.93 0.938426
1 367.54 347.18 387.33 385.87 0.934111
4 151.70 21.76 170.52 38.66 0.930794
4 894.24 182.99 917.90 202.61 0.927492
4 26.34 60.59 55.14 83.31 0.923590
3 353.60 359.75 393.63 391.48 0.919519
4 108.66 80.53 142.10 103.03 0.918282
1 912.01 259.70 931.60 283.69 0.917731
4 210.77 101.35 246.03 125.80 0.915913
1 44.10 460.14 58.18 494.34 0.913807
1 248.18 86.04 258.76 107.03 0.912829
4 78.08 72.37 106.72 97.38 0.907021
3 340.19 315.59 362.54 335.20 0.905329
1 339.89 305.88 355.97 325.91 0.893493
3 889.60 287.08 904.02 309.06 0.877426
3 25.63 326.17 49.19 357.65 0.876905
4 0.15 1.60 20.22 28.12 0.876355
2 997.89 653.66 1025.10 700.83 0.865380
3 382.39 365.46 426.54 395.80 0.861040
1 384.93 346.23 399.70 380.39 0.860183
4 646.84 329.69 691.11 370.05 0.859630
3 152.42 229.44 176.06 256.89 0.853140
4 232.29 2.81 248.99 18.58 0.851521
1 0.01 224.40 11.14 256.74 0.850199
3 146.57 326.18 186.60 354.64 0.839598
4 389.22 192.46 405.70 210.06 0.836676
3 76.67 276.05 91.21 298.80 0.836483
1 152.47 218.64 170.50 252.94 0.809660
1 498.49 443.70 518.04 466.44 0.809084
4 80.73 61.15 109.13 80.77 0.800712
6 233.63 148.22 296.12 226.32 0.785427
4 85.29 35.03 112.00 54.61 0.775297
3 0.13 235.52 10.54 258.31 0.759097
3 237.88 118.04 266.08 143.82 0.750512
3 637.06 654.51 661.18 697.31 0.727382
4 10.72 178.00 34.50 211.73 0.726068
1 223.47 150.97 234.94 178.27 0.721760
3 1174.66 263.09 1193.96 287.29 0.691436
4 1077.05 207.12 1119.35 232.53 0.672803
4 221.15 74.91 235.21 90.13 0.670532
1 137.71 145.42 154.20 166.95 0.642760
3 1191.54 150.25 1206.06 168.41 0.636512
3 1076.76 212.77 1096.63 233.47 0.635357
1 608.29 399.22 622.40 417.03 0.635220
2 354.18 345.90 425.03 394.04 0.632878
4 1046.55 145.37 1101.68 164.14 0.632754
1 516.07 440.08 528.01 461.66 0.623760
4 1003.89 175.03 1034.14 188.94 0.619699
4 1075.60 147.69 1094.64 159.50 0.618357
3 495.12 580.52 514.20 615.33 0.609859
4 639.72 226.65 659.31 240.16 0.603973
3 104.07 158.31 117.12 179.86 0.602636
2 247.05 32.81 257.72 53.26 0.602516
6 720.56 234.27 786.60 282.90 0.600064
4 754.24 261.23 776.73 274.34 0.598735
3 253.44 121.34 266.48 143.25 0.598664
3 890.35 258.67 931.45 285.01 0.585569
3 509.32 651.04 541.71 688.48 0.583234
4 83.62 46.90 108.10 63.05 0.578897
3 541.58 633.24 574.38 677.00 0.578214
6 1161.34 120.24 1222.96 170.11 0.576774
2 1131.06 243.94 1169.82 263.84 0.571942
4 490.47 231.93 540.79 251.14 0.570923
2 645.41 391.30 660.60 410.43 0.569471
2 238.88 108.57 252.96 134.47 0.566466
3 1063.98 237.77 1089.18 252.34 0.559830
6 54.13 174.12 76.03 208.00 0.558929
3 406.47 374.93 426.55 392.25 0.558689
2 227.28 92.39 241.01 112.41 0.556849
2 279.65 109.31 289.16 131.71 0.552094
2 386.19 345.94 398.51 367.01 0.545321
3 1060.77 434.74 1080.31 461.53 0.545159
7 92.96 158.95 119.12 195.10 0.541803
2 137.03 145.40 147.61 164.64 0.539619
2 725.67 254.56 740.83 277.15 0.536208
3 146.60 326.76 165.03 350.66 0.524672
2 152.86 218.59 170.10 242.68 0.523674
3 123.03 148.98 134.02 167.01 0.512925
2 498.79 440.72 527.64 465.98 0.511880
4 199.78 9.65 218.30 23.35 0.510881
3 175.47 144.15 190.20 160.91 0.503274
2 160.88 219.61 173.98 248.13 0.502598
2 911.71 266.63 922.90 284.46 0.499938
3 977.09 653.35 1024.45 701.37 0.498190
1 27.61 27.88 37.57 45.78 0.491652
2 545.33 409.60 560.89 425.78 0.488662
3 386.53 666.61 400.38 692.08 0.486454
2 424.95 477.97 475.66 527.56 0.484045
2 44.55 457.09 84.84 498.81 0.480127
2 330.98 183.80 344.88 212.40 0.479828
1 1207.45 145.98 1216.92 167.75 0.476282
6 1101.46 0.03 1359.45 764.67 0.469185
6 468.53 354.98 704.90 470.79 0.466117
4 265.18 40.39 279.15 51.00 0.459507
2 163.23 156.28 181.04 177.69 0.456177
2 214.65 147.96 224.88 165.07 0.453746
2 494.80 560.55 514.52 614.96 0.446935
6 91.93 5.81 136.11 42.96 0.443052
1 659.74 337.13 672.29 362.20 0.436670
7 944.94 614.88 998.22 683.64 0.435717
2 130.81 81.28 142.21 99.10 0.427724
1 1075.68 213.04 1090.33 247.39 0.427152
1 1076.53 213.77 1085.65 230.36 0.423797
3 137.46 153.57 155.21 170.00 0.399309
4 181.52 0.47 219.07 24.90 0.381815
2 298.66 379.84 342.26 426.31 0.381740
4 34.39 205.73 68.42 221.13 0.379141
2 146.75 314.71 184.94 353.96 0.378590
2 339.63 292.14 383.72 333.39 0.378381
3 162.73 145.13 191.11 175.21 0.377866
4 200.25 74.89 235.67 100.97 0.364669
4 102.90 24.55 123.98 41.93 0.362095
2 75.31 264.45 89.58 289.87 0.348941
2 72.20 469.28 89.17 493.87 0.347350
3 162.76 160.42 182.00 179.61 0.339676
4 185.58 19.78 224.00 37.96 0.333461
3 208.41 28.70 248.46 51.08 0.301243
2 101.30 218.17 172.89 257.38 0.284102
1 336.83 86.28 391.00 332.72 0.254005
10 931.93 676.17 970.81 709.12 0.163807
