4 1268.99 625.19 1359.66 730.95 0.999785
4 684.74 198.87 714.66 237.37 0.999411
2 1049.15 297.79 1064.09 318.01 0.999236
4 1034.90 359.36 1098.29 403.88 0.999168
4 701.95 258.07 742.33 315.97 0.998972
4 849.50 240.93 889.27 271.41 0.998948
4 595.54 143.87 646.27 166.08 0.998921
3 1026.23 296.39 1042.90 317.26 0.998866
4 951.92 342.46 1007.60 386.77 0.998799
5 387.49 137.32 487.51 185.77 0.998665
4 698.91 94.22 722.42 116.42 0.998658
4 885.57 226.58 922.70 254.36 0.998422
4 1112.32 455.31 1196.87 518.04 0.998251
4 853.18 485.66 919.00 567.99 0.998124
4 842.47 166.66 871.79 191.65 0.998108
4 794.99 97.21 843.69 150.25 0.997911
4 282.76 138.39 330.50 158.93 0.997794
5 1202.40 137.58 1293.58 185.29 0.996682
4 88.37 125.62 138.02 144.59 0.996019
4 622.74 24.22 635.74 39.87 0.995216
4 729.94 50.84 746.93 65.65 0.995177
1 465.68 169.53 475.39 191.69 0.994683
6 1060.59 517.71 1194.19 652.85 0.992636
4 810.17 166.80 844.62 200.34 0.992250
4 1072.24 317.61 1114.13 363.41 0.991753
4 761.60 53.58 775.12 67.47 0.988195
4 1292.63 160.62 1351.39 186.68 0.986634
4 0.04 249.59 22.53 279.91 0.984953
4 623.50 0.61 635.33 11.24 0.983956
4 653.30 9.74 664.44 21.74 0.982645
1 1030.36 286.99 1043.04 314.95 0.982001
4 95.80 154.09 142.25 172.12 0.981498
4 646.22 33.49 661.09 47.73 0.979113
1 491.12 171.65 500.71 192.70 0.977203
4 755.52 72.52 781.18 97.28 0.974762
4 1060.20 517.43 1131.40 569.19 0.973515
1 624.23 89.39 633.34 120.55 0.973426
4 661.14 0.12 673.52 9.00 0.973315
1 500.19 168.58 510.31 190.72 0.971906
1 1050.23 288.44 1064.16 316.32 0.970618
4 777.29 29.21 788.32 39.91 0.939552
1 518.28 164.53 528.03 187.34 0.888916
4 279.57 122.50 310.10 138.37 0.886329
5 96.37 217.85 168.64 276.27 0.871182
5 168.87 208.47 255.64 276.72 0.860730
4 646.35 25.19 657.78 36.64 0.860566
4 536.45 175.12 549.83 189.63 0.858026
4 1176.25 44.54 1205.03 59.66 0.852109
4 950.73 4.20 963.87 14.04 0.842721
4 389.13 146.68 406.77 161.49 0.836220
4 1026.19 0.57 1048.16 18.89 0.832615
4 0.62 132.59 65.53 160.16 0.829967
3 938.96 181.83 947.89 201.25 0.829246
4 732.64 22.09 741.93 30.96 0.823391
4 547.45 168.13 591.55 194.87 0.817822
4 987.50 15.19 1001.74 27.44 0.816034
4 84.38 216.08 121.68 241.58 0.808850
4 538.83 174.25 558.18 196.38 0.806296
4 1112.86 29.91 1125.61 42.28 0.774600
4 989.48 15.17 1021.69 29.22 0.769730
4 750.55 32.61 765.28 43.55 0.765848
4 1187.24 1.78 1206.79 16.68 0.749434
4 1259.77 6.79 1287.20 32.24 0.749353
6 493.16 105.87 520.89 127.91 0.739889
6 0.20 166.68 77.57 210.78 0.737336
4 1040.35 10.37 1074.26 25.48 0.733082
4 922.92 83.32 941.32 97.81 0.730477
4 835.86 0.47 855.39 11.39 0.727755
4 1141.74 38.27 1157.71 49.98 0.726646
4 1206.29 75.29 1239.53 93.20 0.726516
4 1113.93 56.51 1132.57 69.03 0.719413
4 1204.83 53.79 1220.20 66.08 0.715309
4 1074.72 41.73 1096.34 55.15 0.713537
4 1266.28 70.15 1309.98 88.68 0.713420
3 1050.31 298.59 1064.05 317.68 0.710521
4 1113.81 28.87 1148.50 45.56 0.707937
4 1029.13 27.98 1047.75 39.14 0.707532
4 1333.02 136.92 1359.64 157.80 0.705585
4 410.67 36.67 434.81 50.56 0.703388
4 1318.61 83.76 1359.51 105.39 0.702388
6 1275.53 140.96 1293.88 176.86 0.698780
4 1214.11 55.34 1236.16 69.32 0.695067
4 1052.46 37.98 1074.41 51.60 0.691461
4 1250.09 44.82 1275.15 64.77 0.688962
4 1230.46 58.55 1257.10 75.85 0.686921
4 1270.56 113.33 1310.26 134.67 0.686241
4 949.01 168.56 974.17 188.58 0.681557
4 1093.40 46.03 1127.82 62.59 0.681319
4 396.96 33.94 412.78 44.11 0.680287
4 1250.57 66.54 1273.94 79.21 0.678504
4 1031.07 29.13 1073.99 50.95 0.667107
4 1211.18 95.23 1239.27 115.11 0.666371
4 1319.61 129.92 1359.46 151.66 0.662417
4 1201.50 124.30 1253.72 141.41 0.661332
1 387.47 157.62 399.07 181.52 0.656916
4 1243.83 105.39 1288.73 126.25 0.646363
6 26.48 167.90 248.29 229.06 0.646256
4 1227.70 100.92 1264.29 120.01 0.638325
4 1213.84 87.24 1256.04 104.10 0.637688
6 1201.68 137.20 1352.12 188.51 0.634505
6 1061.28 0.51 1115.96 26.38 0.633395
4 1272.88 99.38 1319.19 115.36 0.629665
1 399.24 156.21 409.23 181.31 0.628614
4 1247.81 94.14 1276.72 108.49 0.627960
2 1026.23 286.77 1064.03 317.28 0.618193
4 835.93 0.41 878.08 13.56 0.617719
6 11.78 55.34 56.27 86.08 0.615078
4 1297.91 124.16 1336.09 142.69 0.613919
4 1309.84 114.95 1358.13 130.29 0.610031
4 110.54 206.16 140.31 221.95 0.584435
4 53.57 239.94 100.86 276.20 0.578323
6 53.30 215.04 169.16 277.10 0.576633
6 387.84 137.47 487.22 186.25 0.563360
1 491.68 165.36 527.87 192.88 0.555299
2 465.34 166.42 526.92 193.95 0.537111
3 1144.99 354.49 1153.38 365.22 0.524426
4 32.69 243.09 56.38 265.74 0.510991
6 199.24 182.06 241.00 211.43 0.506573
3 1092.16 553.80 1133.16 592.21 0.499527
6 210.16 170.72 331.90 230.15 0.496468
3 389.05 161.30 410.85 185.62 0.492677
4 202.74 155.36 231.90 173.35 0.462515
6 1187.60 329.76 1212.17 353.79 0.461482
6 145.05 178.65 208.02 228.41 0.459539
4 0.21 197.20 18.87 214.30 0.446991
2 387.51 155.71 409.12 183.58 0.441728
3 202.53 149.34 232.06 173.66 0.440650
1 546.72 174.61 558.79 196.54 0.438229
6 0.20 121.16 37.06 158.46 0.426245
7 0.29 203.28 51.98 245.99 0.419417
4 358.28 125.91 396.88 140.44 0.418773
4 138.71 213.03 169.35 227.81 0.403251
1 1334.51 65.79 1345.33 84.76 0.396123
4 98.60 33.37 135.69 46.27 0.394869
4 287.79 58.52 335.52 80.86 0.390984
4 220.97 99.19 240.30 110.01 0.383559
4 21.57 204.94 51.97 228.56 0.378349
4 10.91 26.80 73.44 54.20 0.377520
3 49.89 221.66 66.61 247.11 0.371994
6 169.00 170.49 389.47 282.00 0.358085
1 187.27 136.33 200.44 157.27 0.353950
4 131.33 45.00 166.74 62.73 0.319900
4 41.08 131.76 64.63 145.91 0.305044
4 0.70 147.58 33.53 159.83 0.299458
3 0.13 217.36 37.90 246.93 0.253072
4 13.72 56.61 51.64 72.36 0.252812
