6 0.05 352.13 71.58 463.40 0.999136
4 917.63 602.55 1007.74 659.89 0.997805
4 620.43 476.09 667.98 507.46 0.996658
4 748.08 412.22 788.59 436.38 0.985361
4 648.14 429.33 665.56 444.43 0.976885
4 733.37 443.07 768.19 463.96 0.965511
4 999.97 400.57 1035.10 419.47 0.931909
4 881.80 408.69 901.10 425.32 0.922526
6 255.45 387.47 273.40 423.99 0.884445
4 966.42 402.05 986.93 420.39 0.867077
6 796.99 481.32 880.25 519.31 0.847878
5 108.48 387.49 146.80 426.61 0.801429
4 648.91 423.38 703.40 445.64 0.783072
4 912.56 411.82 928.65 425.08 0.782481
4 840.99 415.19 863.27 430.18 0.775413
6 694.74 408.10 711.34 437.21 0.735428
6 536.29 396.83 618.36 424.78 0.730616
6 584.02 399.67 616.08 420.95 0.715971
6 356.75 378.83 368.84 408.15 0.702411
6 634.96 393.21 708.02 418.98 0.700168
4 694.55 417.35 710.22 435.35 0.682454
6 299.39 361.86 311.93 388.70 0.675744
4 839.87 507.80 857.15 519.44 0.653024
4 1254.22 382.93 1275.77 396.42 0.643084
5 1214.05 385.79 1242.74 403.85 0.637757
6 674.73 395.09 707.29 412.00 0.631308
4 1040.47 399.16 1065.72 413.28 0.628270
4 805.45 441.72 838.69 451.91 0.593711
6 535.65 392.60 709.24 426.01 0.588271
6 91.80 383.94 147.30 427.81 0.565219
4 915.12 407.64 961.16 423.40 0.552828
4 726.72 490.43 772.19 515.99 0.550838
4 943.76 408.91 969.66 420.94 0.535727
4 744.57 443.62 767.30 455.03 0.527603
4 209.05 373.12 220.90 387.53 0.526752
4 178.87 438.19 190.29 453.97 0.505541
4 151.02 433.22 190.25 456.61 0.500489
1 394.59 400.55 409.24 434.44 0.491046
4 1903.86 747.55 1919.63 779.35 0.424237
4 129.70 419.09 151.47 438.23 0.417144
9 1213.42 382.99 1275.79 403.94 0.414852
9 914.38 407.03 977.36 424.09 0.406365
4 0.00 429.07 24.47 468.30 0.364847
9 161.60 327.76 254.81 346.74 0.313946
