5 610.04 327.74 765.77 419.44 0.999437
4 5.39 505.61 155.74 581.48 0.998945
1 599.76 328.26 614.27 361.25 0.998663
4 135.28 210.24 178.97 265.92 0.998567
4 42.35 463.32 187.15 526.25 0.997133
4 320.16 640.14 479.59 716.71 0.996886
4 372.66 520.57 518.65 585.93 0.995789
4 429.09 90.24 471.46 140.31 0.995714
4 266.99 702.47 462.80 764.09 0.995680
4 651.64 316.59 744.06 344.17 0.994321
4 97.55 422.95 227.72 484.11 0.994149
4 441.02 358.92 557.37 407.23 0.993910
4 291.30 232.93 384.43 279.66 0.993351
4 393.12 469.96 532.11 530.00 0.993116
4 134.84 392.14 256.09 446.89 0.992935
4 612.38 57.85 680.29 102.61 0.992701
3 677.99 116.54 755.38 182.20 0.992378
4 408.91 429.63 534.06 481.06 0.992307
4 166.60 360.68 284.68 412.24 0.992079
4 347.80 583.19 493.47 653.00 0.991334
3 0.15 444.79 13.78 483.61 0.990166
4 438.12 397.73 554.17 446.00 0.987748
5 700.16 28.09 774.22 102.71 0.987501
4 147.18 299.18 183.68 343.56 0.985483
4 203.61 333.11 294.17 381.49 0.984957
4 489.61 60.75 542.89 84.97 0.982682
4 479.54 322.63 585.44 368.60 0.979863
4 700.08 52.79 769.42 102.48 0.979711
4 384.31 192.82 455.87 229.49 0.978563
4 387.26 157.15 447.36 185.92 0.976644
4 581.19 105.02 661.65 156.96 0.976631
4 345.09 204.77 428.69 245.15 0.974160
4 521.34 10.92 543.85 31.43 0.973757
4 534.01 48.42 564.29 73.64 0.973508
4 483.79 295.54 597.59 337.42 0.968568
4 718.59 114.72 762.18 153.64 0.963824
4 213.54 300.65 336.89 350.50 0.956293
4 519.54 237.68 604.41 274.78 0.954739
4 742.63 16.03 759.77 30.66 0.952533
4 362.64 164.47 439.15 198.89 0.947636
4 567.42 13.48 589.58 34.50 0.947456
4 499.32 278.68 594.43 311.07 0.945052
4 501.65 10.85 519.31 29.18 0.944051
4 545.46 43.19 573.82 64.41 0.942388
4 504.83 42.16 537.15 62.38 0.937656
4 319.22 206.82 350.50 232.90 0.935127
4 91.61 265.72 115.22 290.62 0.930599
4 42.88 289.54 72.62 323.76 0.916611
4 523.27 221.22 615.50 255.03 0.914416
4 67.51 269.27 95.89 307.94 0.899298
4 542.50 200.96 615.42 232.00 0.898631
1 503.41 269.44 514.94 290.22 0.896983
4 552.91 165.30 625.70 197.14 0.892780
4 429.75 110.55 458.04 139.81 0.891292
4 636.74 8.14 696.75 58.92 0.884610
3 596.83 342.03 614.87 376.66 0.871622
4 582.30 0.36 602.06 22.85 0.842476
4 1350.52 191.78 1359.87 222.21 0.831969
4 1349.52 276.51 1359.84 304.17 0.829006
6 612.02 5.82 698.80 102.56 0.821925
4 546.61 12.52 567.16 33.43 0.819152
4 959.80 319.96 984.19 355.59 0.801128
4 572.98 149.51 636.38 172.10 0.790476
4 501.72 10.91 533.95 46.04 0.777360
4 648.61 0.08 672.21 13.95 0.764712
4 689.24 117.60 722.05 144.34 0.759080
5 732.66 118.97 762.25 152.63 0.752674
4 280.72 292.53 340.84 347.10 0.749333
4 546.33 0.37 601.74 34.86 0.749029
6 546.11 3.40 572.74 33.01 0.735606
6 740.71 70.27 765.33 102.68 0.734059
4 726.74 0.00 756.85 10.71 0.728011
4 417.37 95.76 435.00 118.83 0.724465
4 97.00 426.38 128.90 462.44 0.709687
4 301.41 111.29 318.20 141.04 0.696381
6 721.43 28.19 762.06 57.73 0.689023
6 700.29 53.54 749.47 101.65 0.681829
5 610.08 108.03 661.60 155.49 0.678352
6 711.05 0.02 758.68 24.11 0.645956
4 0.17 297.38 26.09 365.93 0.633702
7 678.63 117.23 722.47 161.30 0.625843
4 180.33 291.96 195.47 310.95 0.614975
4 505.50 254.13 595.31 296.35 0.610931
6 428.92 90.04 471.68 140.43 0.594131
1 176.73 338.68 192.61 366.67 0.588533
4 281.74 290.75 306.11 312.10 0.582466
7 686.60 137.40 753.57 181.62 0.563793
1 524.34 342.59 538.08 367.42 0.556384
4 106.96 298.02 129.40 318.51 0.550381
4 213.34 241.25 232.42 258.37 0.533536
4 587.91 133.77 638.81 155.49 0.530448
4 282.55 291.41 332.76 315.22 0.512371
4 319.39 204.42 392.92 233.40 0.506527
4 43.06 265.50 115.55 324.50 0.489853
4 216.70 300.34 298.42 326.66 0.488935
4 153.72 361.12 167.13 384.92 0.485159
4 646.88 0.23 703.73 15.97 0.484567
1 311.74 211.77 322.05 233.43 0.476795
4 250.30 255.98 282.79 284.23 0.475964
1 320.16 634.66 334.61 658.43 0.439902
4 180.86 287.09 240.85 313.97 0.434790
4 202.71 174.23 246.07 212.37 0.427175
1 337.64 561.88 350.44 582.36 0.423217
2 266.48 101.45 655.82 763.37 0.408004
4 172.45 96.48 204.49 115.60 0.399994
4 117.03 121.11 153.30 144.21 0.358992
4 57.41 151.39 98.60 175.30 0.352002
1 79.91 523.34 105.03 546.45 0.347732
4 0.00 186.49 27.87 210.62 0.296398
10 366.36 510.29 383.37 528.34 0.224215
4 4.36 229.17 387.16 582.35 0.185760
