4 1037.14 545.43 1148.27 620.50 0.999661
4 883.87 484.62 967.63 545.01 0.999370
5 655.54 199.50 684.49 231.21 0.999361
3 1288.60 523.87 1324.02 561.15 0.999320
4 609.51 506.39 680.10 601.83 0.999083
4 500.14 516.20 576.34 620.99 0.998370
3 196.88 694.81 259.48 745.42 0.998092
1 15.55 589.46 43.78 654.51 0.998028
4 935.01 398.92 998.42 438.66 0.997906
4 753.53 400.38 807.03 447.01 0.997847
3 1325.32 566.35 1359.77 614.83 0.997678
4 458.56 338.87 498.66 374.05 0.997574
4 596.53 405.40 648.65 467.67 0.996653
4 792.96 373.71 844.52 411.80 0.996078
4 603.54 364.06 644.46 404.19 0.995999
4 748.47 326.64 788.33 356.27 0.995968
4 516.08 385.21 558.50 428.04 0.995918
4 952.90 714.54 1068.65 764.47 0.994905
4 593.09 304.27 622.00 333.17 0.993911
4 635.16 317.12 667.92 359.95 0.992345
4 1347.23 491.27 1359.82 519.13 0.992237
4 758.38 290.29 790.76 317.26 0.990059
1 859.73 301.40 870.76 325.22 0.989478
4 716.49 286.94 741.03 309.30 0.989418
4 702.80 310.02 735.02 343.36 0.988944
4 517.99 277.42 544.33 301.16 0.988733
4 544.27 349.14 585.80 391.26 0.988405
4 507.82 304.18 534.62 331.51 0.987774
3 1095.60 401.24 1110.21 421.24 0.985084
4 522.93 329.41 559.20 362.41 0.984974
4 543.19 310.80 575.86 342.07 0.982614
4 594.90 229.40 613.31 246.77 0.980885
4 582.92 255.09 604.33 275.61 0.980019
3 1123.13 410.62 1144.57 436.88 0.978213
4 565.70 214.75 581.93 227.64 0.977604
4 1220.63 419.08 1243.84 449.14 0.977531
4 1282.34 432.80 1359.87 474.36 0.977090
1 1333.49 552.33 1359.86 604.18 0.976284
4 607.60 250.69 627.84 269.05 0.975711
4 550.97 262.44 571.91 283.88 0.975566
4 689.58 258.49 712.70 278.81 0.971082
1 121.37 563.05 145.24 587.64 0.967680
4 643.65 224.11 659.52 239.08 0.964540
1 1095.31 382.83 1109.41 415.95 0.961497
4 653.19 249.43 674.20 267.46 0.959723
4 611.86 207.11 625.38 219.68 0.959350
4 634.88 218.34 647.65 231.01 0.958480
4 1050.71 342.79 1108.12 372.37 0.958410
4 480.37 256.63 500.29 271.67 0.957531
4 562.28 196.48 574.95 207.04 0.957263
4 1055.77 385.16 1083.21 415.25 0.955398
4 354.91 237.11 364.61 249.83 0.955318
4 544.18 194.66 555.14 207.46 0.954616
1 315.94 339.13 327.16 368.31 0.949231
4 573.89 190.31 584.47 200.72 0.945187
4 660.60 235.49 676.21 248.85 0.944753
4 673.81 243.28 694.29 260.68 0.943907
3 1015.09 384.39 1036.60 408.51 0.936990
4 724.16 264.90 750.27 283.27 0.935070
4 549.33 250.00 568.15 267.20 0.933224
3 141.02 288.76 160.17 304.87 0.928040
4 603.28 193.29 613.78 205.66 0.924767
4 703.65 233.55 722.51 248.26 0.922412
3 859.74 309.48 870.09 325.31 0.921293
4 593.25 181.45 603.69 195.98 0.915165
4 645.44 199.98 656.78 212.76 0.913207
3 1070.52 416.47 1080.51 434.13 0.911918
2 1200.30 379.55 1223.50 415.25 0.910799
4 409.95 239.98 426.54 254.30 0.901139
4 554.76 184.58 564.68 193.58 0.894488
4 392.48 242.58 402.16 255.20 0.890274
4 681.22 367.92 727.03 406.10 0.885019
4 552.03 239.53 566.24 251.69 0.883843
3 426.14 286.38 435.70 300.02 0.883336
1 440.81 265.46 449.66 279.95 0.882913
4 684.48 234.91 702.76 251.10 0.882206
4 627.49 206.02 641.79 217.86 0.882073
1 884.12 289.70 892.74 307.06 0.867703
3 966.88 328.27 983.04 345.71 0.866530
1 968.57 320.96 981.38 344.04 0.853674
6 418.87 210.01 442.81 234.31 0.853324
3 184.85 737.54 241.25 764.07 0.844177
3 982.09 337.42 995.73 354.81 0.832952
4 573.91 158.47 583.50 168.37 0.831618
4 646.53 273.63 661.99 288.85 0.831447
4 194.48 209.96 219.27 226.68 0.827713
4 693.09 355.53 705.72 371.72 0.824793
4 617.94 194.51 629.43 204.54 0.823250
3 1006.58 332.88 1022.76 351.63 0.816941
6 372.54 304.84 415.10 350.96 0.807415
4 638.57 190.06 648.35 199.41 0.803469
4 590.49 170.72 602.18 183.07 0.801757
3 940.99 353.75 968.99 378.19 0.800756
5 519.97 229.70 544.62 263.57 0.794264
3 934.94 319.50 958.46 337.83 0.760342
1 1070.49 399.00 1082.76 433.64 0.760178
3 956.22 358.78 969.32 377.62 0.758158
4 501.06 754.93 563.41 764.73 0.752861
6 576.68 103.90 591.76 121.34 0.748487
3 963.64 296.42 977.85 306.38 0.742483
3 1017.41 311.86 1031.14 325.77 0.735722
4 1268.08 348.66 1285.47 368.93 0.732130
4 334.72 239.05 346.77 252.81 0.728941
4 575.32 173.22 589.57 185.30 0.728501
1 1116.94 352.35 1125.94 374.20 0.727535
6 633.83 155.09 669.13 176.25 0.719177
4 609.26 178.85 622.48 190.45 0.718119
1 220.43 279.65 230.32 307.32 0.706717
3 982.62 327.67 1022.58 354.42 0.700408
2 220.24 278.76 255.16 308.94 0.692307
6 398.09 234.69 442.82 255.72 0.692131
1 1123.54 403.22 1143.38 434.58 0.690238
1 1288.96 512.46 1324.49 560.54 0.689388
6 466.21 215.09 499.82 242.45 0.688041
3 823.79 287.69 835.64 307.50 0.685176
4 398.47 240.94 413.20 253.42 0.682252
6 655.27 199.37 684.57 231.13 0.680801
4 424.03 234.55 442.45 248.54 0.667867
4 549.90 345.07 581.50 365.39 0.657194
2 1007.62 326.08 1021.85 350.62 0.655946
4 1118.78 344.29 1135.82 359.09 0.648825
6 576.10 102.02 610.64 122.18 0.648048
3 1220.88 427.60 1239.82 450.21 0.643494
3 233.57 288.26 256.79 310.56 0.636257
4 1095.65 350.18 1108.40 370.88 0.617465
3 1173.11 391.18 1189.39 410.05 0.616287
3 929.89 302.83 949.42 317.58 0.615965
6 681.14 368.09 729.23 432.44 0.614712
2 1199.65 380.82 1211.53 408.90 0.613077
3 899.37 291.65 912.04 305.42 0.613046
4 949.99 432.20 1007.98 456.95 0.612247
1 946.51 337.03 961.28 361.61 0.611638
1 425.85 279.88 436.33 299.64 0.611463
1 237.62 280.74 252.46 304.96 0.611098
4 985.41 328.87 995.03 341.56 0.610223
1 945.99 315.64 958.59 337.14 0.609743
4 528.11 197.00 542.22 206.56 0.601349
2 935.56 313.89 958.52 337.60 0.597484
4 1268.33 344.11 1351.29 372.20 0.590917
3 1040.88 592.74 1064.99 619.78 0.588768
3 993.63 359.45 1007.83 377.38 0.583498
6 396.62 208.18 459.55 254.12 0.582369
2 944.76 339.19 961.82 375.83 0.581705
2 935.42 312.59 1022.90 353.36 0.574640
1 1021.10 374.07 1036.20 397.85 0.567530
3 427.57 250.25 436.48 260.70 0.566867
4 1242.31 391.84 1300.88 418.53 0.563124
3 1324.64 566.99 1345.26 600.40 0.557066
4 1101.20 340.96 1135.73 359.75 0.555626
4 1187.98 356.73 1206.29 373.33 0.554112
1 277.88 352.56 288.29 368.52 0.552157
1 340.30 281.26 348.20 304.40 0.551774
4 1173.26 380.81 1208.57 409.61 0.544035
1 1256.36 414.09 1269.32 447.55 0.541995
1 318.28 291.38 326.13 315.71 0.538095
3 1259.38 424.59 1276.66 447.11 0.534368
2 936.27 313.44 982.63 343.42 0.533852
3 466.21 228.32 483.43 241.67 0.531900
1 185.91 367.86 193.51 382.41 0.522940
3 221.13 289.70 234.21 308.57 0.521849
4 1297.93 396.55 1356.93 421.87 0.519787
1 936.00 315.38 947.87 336.04 0.514015
4 213.85 247.87 226.46 256.55 0.512543
1 256.88 352.43 263.61 364.81 0.511806
4 179.19 202.12 219.96 225.37 0.507802
1 226.61 284.28 235.69 308.13 0.507594
1 1212.97 392.01 1223.31 414.24 0.502233
4 336.00 234.50 364.56 252.26 0.502028
1 1008.63 325.78 1017.88 340.44 0.500750
2 255.84 338.44 327.85 369.08 0.495317
4 526.37 255.46 543.17 264.06 0.490712
4 1258.95 413.06 1272.12 429.68 0.489884
1 204.24 352.70 210.04 365.11 0.487149
4 1283.26 398.45 1301.19 417.39 0.485679
1 983.28 329.11 995.89 354.14 0.483629
4 1331.35 398.89 1359.53 419.73 0.470822
2 758.29 289.72 771.64 314.15 0.467407
1 309.18 352.16 314.67 364.03 0.465851
3 119.63 577.08 155.24 593.94 0.464091
3 237.25 299.00 246.36 312.05 0.457982
2 220.60 279.42 228.20 294.19 0.457379
2 283.96 305.65 289.30 315.84 0.445522
1 925.67 290.73 935.98 313.22 0.435480
3 244.20 291.63 257.32 304.22 0.415848
1 240.50 280.43 249.93 295.41 0.383124
4 183.15 264.28 206.71 272.52 0.370155
3 142.69 366.31 171.07 392.17 0.366842
2 85.75 387.13 96.68 408.70 0.364491
9 214.33 246.81 306.31 258.85 0.364261
1 33.91 409.53 45.21 424.81 0.320415
