4 779.92 17.92 1087.72 192.06 0.999843
1 688.75 360.94 767.40 563.16 0.999777
1 188.47 0.36 222.22 46.48 0.985179
4 0.24 167.10 246.70 393.08 0.979415
4 872.43 0.16 967.57 22.81 0.772470
10 320.11 120.27 351.76 170.86 0.651218
10 317.43 41.27 411.00 168.54 0.598561
4 0.78 441.71 220.63 521.50 0.492979
5 0.36 213.53 577.66 675.35 0.362631
10 430.61 413.05 533.33 502.59 0.358918
3 268.69 0.00 309.24 10.24 0.357804
2 188.53 0.30 222.25 46.46 0.310047
1 109.96 187.66 139.34 230.31 0.298270
6 0.82 213.12 582.74 762.70 0.247224
10 398.27 348.17 576.03 626.51 0.229879
10 184.51 411.96 368.71 672.44 0.147392
10 0.68 341.76 370.99 674.23 0.143217
