5 466.61 101.35 492.98 115.94 0.999727
4 461.23 430.81 500.74 496.19 0.999491
4 308.60 286.47 341.24 320.71 0.999481
4 357.38 230.76 379.33 258.01 0.999190
3 312.62 355.05 325.04 375.96 0.999118
4 493.80 296.74 521.94 334.56 0.998810
4 557.19 355.27 591.84 397.08 0.998618
3 540.14 342.28 550.40 358.72 0.998074
4 281.02 216.71 305.95 239.10 0.997998
1 311.93 343.78 323.86 374.60 0.997383
4 405.97 148.97 419.71 162.62 0.997368
4 0.07 445.57 24.15 478.56 0.997240
1 539.55 332.02 549.74 355.57 0.997176
4 166.78 406.75 219.57 463.66 0.997072
4 110.14 470.91 176.04 539.20 0.997027
4 324.19 367.44 351.66 411.94 0.996871
4 465.59 133.71 477.99 146.22 0.996757
4 326.88 202.22 348.59 222.97 0.996105
4 131.78 279.78 189.50 307.09 0.992952
4 384.36 152.80 398.45 170.88 0.991233
1 401.47 123.89 406.54 135.02 0.985731
4 408.53 107.39 427.34 116.33 0.984682
1 133.74 429.80 148.72 465.09 0.982958
4 0.36 399.51 71.58 440.31 0.981709
4 96.20 307.57 165.18 339.37 0.980287
4 341.77 187.91 360.19 205.67 0.980141
4 74.33 331.53 140.78 361.73 0.977224
2 71.49 495.23 115.05 526.48 0.975849
4 438.67 62.28 444.02 67.68 0.974188
4 352.44 165.29 369.32 183.46 0.966245
4 20.17 376.85 105.18 411.32 0.960882
4 373.67 133.03 387.94 150.17 0.957752
4 488.15 84.76 495.58 94.69 0.956587
4 465.71 127.56 475.72 134.73 0.952469
4 476.86 111.75 484.66 119.30 0.944690
4 43.90 354.96 104.45 382.85 0.934752
4 401.98 96.22 411.01 105.94 0.929138
1 437.02 114.11 443.83 122.74 0.920074
1 469.15 73.60 473.58 82.11 0.910404
4 412.14 81.22 421.37 90.08 0.908811
4 480.52 108.34 498.44 117.91 0.885963
4 486.11 135.25 496.67 148.56 0.876033
4 492.22 120.33 504.32 131.18 0.875965
4 465.94 50.71 470.71 54.28 0.868134
4 436.91 43.86 441.91 51.53 0.867995
4 418.53 73.11 426.70 79.91 0.860278
4 424.72 65.10 430.05 70.52 0.853319
4 468.50 176.00 480.98 189.13 0.847288
5 577.87 110.34 621.76 144.07 0.819700
4 496.43 108.40 504.41 115.81 0.812947
4 420.29 69.89 428.14 78.12 0.798508
4 376.27 130.92 387.06 139.46 0.792623
4 569.28 87.94 578.97 96.72 0.789090
4 124.15 407.31 179.18 434.20 0.782418
4 389.39 117.51 397.09 125.05 0.768737
6 465.08 128.57 478.32 146.01 0.752298
4 387.67 119.82 397.21 129.18 0.742309
3 384.81 159.03 395.69 170.95 0.738283
6 384.14 139.81 402.92 170.13 0.733686
1 416.09 98.09 421.01 107.55 0.725901
5 385.82 139.59 403.16 152.22 0.725203
4 591.08 103.52 607.10 110.45 0.712074
4 606.75 104.82 621.95 113.44 0.702960
4 614.43 104.66 622.29 110.56 0.702374
3 330.65 402.42 340.69 418.31 0.694659
4 539.27 73.98 550.41 81.70 0.685595
6 466.72 101.11 493.18 115.83 0.667080
2 159.47 409.09 181.06 431.47 0.659353
4 249.77 215.84 283.01 241.20 0.651020
4 503.59 67.63 520.17 75.67 0.651006
4 375.99 122.95 388.85 130.99 0.642645
4 402.06 47.58 410.21 52.85 0.631918
3 397.14 259.93 405.36 274.36 0.631641
1 398.26 256.27 405.07 273.70 0.628295
2 485.19 75.86 491.06 86.04 0.610291
4 560.65 130.45 581.65 141.37 0.603884
7 124.29 407.07 180.67 465.07 0.584010
1 467.77 63.55 471.77 69.37 0.580807
4 342.37 181.10 355.69 191.36 0.568549
3 431.07 199.74 440.19 216.92 0.567379
4 480.58 25.82 497.22 34.60 0.564439
3 134.16 440.33 146.26 465.06 0.541656
1 398.27 141.23 403.60 151.23 0.518173
2 477.46 75.18 484.15 83.05 0.517050
9 363.82 60.57 389.97 74.38 0.481944
2 385.06 152.96 398.22 170.22 0.478892
4 122.92 274.16 132.29 288.30 0.478676
2 170.55 411.51 183.55 430.02 0.470977
2 475.57 70.85 491.90 85.59 0.460979
2 468.37 66.92 496.62 97.09 0.460504
3 92.40 495.38 113.89 515.77 0.445717
1 472.43 91.51 478.05 98.86 0.431729
3 94.85 290.37 110.90 307.99 0.354765
4 0.65 279.16 191.16 479.60 0.325063
