3 44.43 633.84 102.75 680.38 0.999911
3 761.06 390.63 781.23 415.15 0.999736
4 542.92 391.33 634.58 436.28 0.999730
4 377.33 537.86 500.52 618.71 0.999730
4 771.02 527.97 870.77 622.64 0.999696
4 891.54 395.60 946.88 461.53 0.999502
4 151.64 457.36 268.90 516.10 0.999426
4 130.42 522.30 248.41 595.11 0.999423
4 501.70 263.35 546.99 297.69 0.999256
4 651.97 626.68 777.41 761.70 0.999172
4 1014.97 281.01 1049.10 309.51 0.999051
4 979.14 262.73 1011.74 288.09 0.998948
4 1263.93 387.68 1322.07 430.78 0.998857
4 229.06 359.65 317.88 404.55 0.998478
5 1088.23 235.07 1099.43 257.78 0.998132
3 528.55 351.98 562.91 374.58 0.996964
4 355.71 712.67 449.30 764.46 0.996944
4 479.87 305.47 534.63 334.54 0.996233
4 434.74 314.49 501.01 345.63 0.995921
1 47.65 616.29 86.43 680.59 0.995300
4 1102.12 263.93 1129.19 286.07 0.995095
3 680.37 336.58 701.28 358.61 0.994990
1 846.60 254.08 856.61 276.06 0.993999
4 1050.26 381.63 1104.11 432.81 0.991550
4 1015.49 235.66 1038.11 258.48 0.990693
1 765.99 376.48 780.66 406.65 0.987700
4 810.45 224.51 829.00 239.54 0.987455
4 994.81 234.90 1001.85 245.71 0.982397
4 1109.48 167.70 1122.27 179.56 0.980444
4 1185.97 244.68 1197.85 269.03 0.970500
3 993.86 421.11 1012.86 447.59 0.970028
3 316.34 366.85 344.36 388.75 0.969591
3 256.52 342.50 272.96 359.76 0.962425
1 537.11 343.27 553.00 369.99 0.962311
1 996.38 407.89 1013.07 447.71 0.961477
4 1173.80 237.57 1191.04 257.02 0.959817
4 1126.81 183.70 1140.62 198.14 0.956360
4 1117.04 150.80 1127.67 160.74 0.956136
1 683.22 327.94 701.11 354.78 0.954918
1 245.57 295.17 257.60 324.15 0.953994
1 316.51 356.50 327.31 387.35 0.950096
3 895.07 272.58 907.88 296.59 0.949881
4 926.66 188.54 943.95 206.70 0.948488
4 797.91 199.61 806.62 212.79 0.945302
4 1129.93 240.09 1155.71 271.77 0.929131
4 1119.92 204.20 1136.44 217.45 0.925218
4 1113.84 217.72 1132.52 233.69 0.924301
4 1122.89 224.63 1146.20 247.12 0.924116
4 1264.27 188.44 1286.96 208.15 0.911616
1 233.57 292.29 245.94 320.06 0.901436
4 838.44 225.65 848.53 237.01 0.894497
3 367.83 336.74 376.98 352.02 0.892042
4 1140.12 165.90 1154.64 179.32 0.890146
1 138.39 323.66 146.95 346.24 0.882805
4 1159.91 191.78 1187.59 210.33 0.882715
4 1148.07 142.43 1159.00 153.59 0.874336
6 1134.88 239.79 1147.59 262.28 0.871788
1 813.81 211.41 820.75 226.41 0.866899
1 1159.42 223.44 1168.77 239.73 0.866229
4 1123.53 133.07 1131.31 141.84 0.855212
4 1332.79 251.80 1359.36 272.58 0.848034
4 1174.41 161.31 1185.75 170.93 0.840794
4 832.88 215.56 850.23 236.80 0.834014
4 1330.61 238.92 1352.57 259.27 0.831854
1 1311.00 283.39 1320.25 303.65 0.831160
1 108.18 315.49 126.24 349.71 0.822621
4 1173.99 125.52 1183.17 134.99 0.819097
4 1138.61 129.77 1148.08 138.07 0.816278
4 968.16 239.81 976.36 254.13 0.814263
4 314.87 178.99 331.45 192.63 0.808526
1 269.39 317.18 280.29 337.47 0.805920
3 1164.55 166.05 1171.48 177.36 0.805094
4 802.40 182.09 817.98 193.36 0.773117
6 766.60 160.79 791.15 179.54 0.770928
3 858.08 263.80 881.50 286.23 0.770704
4 1143.50 157.04 1154.71 165.97 0.762844
4 1349.94 288.41 1359.70 302.84 0.759010
4 1155.78 126.36 1165.10 135.80 0.758249
4 1168.91 153.86 1178.55 162.32 0.756883
4 1298.31 101.47 1326.31 113.36 0.750651
4 1156.84 248.10 1173.62 259.85 0.749372
4 1222.20 170.54 1238.69 183.05 0.744786
4 1089.37 160.35 1103.70 172.53 0.736186
4 1120.85 125.24 1130.90 133.49 0.734165
3 269.67 323.01 280.49 337.41 0.733263
3 316.28 369.91 328.52 388.36 0.733221
4 1084.77 138.45 1093.86 147.92 0.730154
4 1267.21 158.55 1285.01 174.50 0.728158
1 366.75 327.34 377.37 351.98 0.726168
4 1237.30 159.80 1250.98 174.64 0.719416
4 1252.66 138.56 1268.34 153.32 0.715786
4 1233.50 307.35 1279.06 334.40 0.714687
4 1044.66 178.16 1060.32 191.68 0.712578
4 1102.44 139.07 1111.25 146.46 0.705548
4 1137.22 161.11 1148.77 171.73 0.700804
2 355.31 312.08 377.15 351.78 0.699670
4 1170.82 184.08 1197.73 198.34 0.687019
4 604.95 314.40 632.06 331.50 0.675655
4 1198.73 180.80 1209.89 195.01 0.668858
4 1034.82 149.15 1053.59 162.49 0.667253
1 405.70 278.44 416.26 296.41 0.664685
3 359.43 320.50 371.28 334.38 0.662409
4 1135.65 115.78 1146.48 123.56 0.661882
3 1163.11 203.35 1172.30 216.64 0.660381
4 1146.68 250.90 1157.99 262.33 0.658934
4 1325.75 226.42 1345.96 240.88 0.655093
4 1288.09 196.65 1307.44 216.49 0.648968
2 233.64 292.18 257.55 324.13 0.648511
3 1312.48 198.46 1329.04 213.97 0.648199
4 1255.24 191.87 1269.69 212.02 0.642269
4 1295.85 195.76 1309.28 207.52 0.641848
4 1278.64 224.93 1297.67 238.84 0.640856
4 152.79 337.55 192.35 361.15 0.640108
4 1235.45 166.37 1249.12 177.81 0.635058
4 748.34 738.51 828.97 764.46 0.633009
1 227.89 314.37 248.87 342.90 0.630912
6 733.60 268.60 763.96 303.52 0.625184
4 1254.81 315.64 1279.03 334.18 0.624602
4 1295.28 243.56 1311.16 259.88 0.624507
4 268.63 182.95 284.74 199.99 0.620950
2 227.66 291.51 280.26 356.18 0.609825
4 290.30 192.23 304.47 204.40 0.606899
4 1315.22 223.02 1330.65 240.89 0.601515
1 152.73 333.47 165.46 359.83 0.600329
4 1021.54 235.03 1036.88 244.60 0.596438
1 256.68 333.58 273.33 359.63 0.590390
4 1312.11 191.01 1327.11 202.37 0.590348
3 405.10 284.12 416.24 297.06 0.588257
3 1324.95 300.35 1338.66 317.29 0.576536
4 1295.51 242.75 1331.61 261.42 0.568147
1 356.72 312.94 369.65 333.65 0.564448
2 1249.08 351.48 1261.73 369.58 0.561226
4 1313.59 261.39 1320.38 269.27 0.542971
6 1263.14 188.71 1306.79 210.07 0.530508
4 335.61 204.27 351.56 215.61 0.526864
3 1326.33 294.70 1357.37 317.68 0.519977
3 1311.39 290.60 1319.48 304.00 0.518722
2 1336.42 211.19 1344.70 224.94 0.511402
1 168.90 328.93 178.80 342.43 0.509149
6 1316.39 273.38 1358.72 294.92 0.505276
3 226.05 314.23 237.27 326.15 0.498231
2 995.76 408.75 1004.94 439.84 0.488288
7 152.60 335.32 200.96 362.46 0.472728
3 259.85 325.09 277.82 339.88 0.435478
1 258.29 330.26 269.61 349.78 0.413399
1 686.06 327.97 695.75 342.78 0.410807
2 315.86 356.57 344.07 388.42 0.410361
1 189.75 336.31 201.34 360.91 0.405906
9 1321.86 100.38 1359.63 122.77 0.405498
1 538.08 343.92 549.06 358.64 0.403662
2 167.01 319.74 178.41 341.92 0.393068
2 94.26 315.23 195.44 361.73 0.372120
1 154.52 333.37 164.63 346.29 0.359387
3 104.72 335.94 128.85 351.63 0.359305
2 182.15 336.65 201.05 362.55 0.358395
2 152.43 328.12 180.25 360.35 0.349886
1 256.15 356.07 269.05 367.99 0.346064
2 44.76 633.23 102.60 679.87 0.315816
1 94.45 332.48 110.24 353.22 0.297431
10 73.60 638.26 91.32 660.74 0.279293
