4 1145.22 212.06 1234.11 274.72 0.999678
1 502.70 301.07 522.77 356.83 0.999558
4 650.98 179.01 763.76 232.24 0.999402
1 228.17 175.57 250.03 227.40 0.999171
4 1181.23 120.50 1254.09 168.42 0.999162
4 271.30 410.14 528.59 604.23 0.999160
4 881.71 338.76 1019.92 429.53 0.999099
1 393.86 218.45 417.44 274.32 0.998552
4 987.05 85.69 1083.91 123.96 0.997886
4 1058.10 292.59 1176.50 378.64 0.997796
3 1223.76 55.78 1240.13 79.07 0.997306
4 157.81 133.98 221.80 191.51 0.997224
4 539.92 197.49 662.16 276.94 0.996950
4 1047.49 68.97 1120.74 112.43 0.996825
4 834.65 125.19 930.14 182.02 0.995945
2 1061.39 116.71 1085.62 143.19 0.995795
3 1124.25 54.98 1160.78 82.12 0.993837
2 914.90 105.13 941.28 133.31 0.989545
4 1315.90 62.74 1354.09 96.29 0.989485
3 1154.42 551.63 1212.30 613.44 0.989024
4 0.19 48.33 73.89 87.26 0.985548
4 1254.39 40.30 1342.89 77.49 0.981877
3 1152.97 81.76 1191.61 108.83 0.978467
3 914.76 111.99 940.83 133.28 0.977661
3 1225.67 94.90 1249.08 120.28 0.975111
4 120.43 99.30 230.85 148.60 0.974496
4 1146.41 35.82 1217.34 71.15 0.971735
1 404.75 232.66 421.75 271.40 0.963867
5 211.21 126.25 264.74 200.48 0.897123
6 258.20 110.48 361.56 196.33 0.877675
4 125.04 84.20 202.91 111.60 0.876790
1 1056.15 55.35 1067.75 78.58 0.861239
3 1151.32 90.97 1162.25 111.28 0.855003
4 886.61 59.10 915.83 84.06 0.852493
4 63.76 76.26 127.87 114.83 0.838239
4 1212.59 163.55 1246.92 209.00 0.828386
2 1225.50 88.95 1249.72 119.97 0.817995
1 614.55 174.76 628.56 199.01 0.813583
4 1262.48 17.36 1311.44 39.95 0.808986
4 1008.29 67.50 1022.35 82.89 0.792907
1 1111.77 554.65 1161.00 621.63 0.789994
3 1008.33 113.16 1019.96 129.29 0.786530
6 383.69 164.08 409.73 214.60 0.776578
3 1005.90 112.65 1024.01 142.83 0.762253
3 1152.16 69.85 1162.57 88.91 0.760730
4 987.14 87.15 1022.84 118.38 0.758356
3 1073.12 117.76 1086.06 137.82 0.745872
4 1173.68 20.57 1235.90 42.74 0.741911
3 984.27 35.82 1014.21 69.44 0.741149
3 1297.08 8.27 1316.71 25.67 0.740599
6 332.07 146.08 391.01 211.42 0.727081
3 1115.30 56.31 1131.37 77.68 0.723931
4 1205.19 21.87 1217.58 30.53 0.720255
4 601.75 95.08 626.22 118.34 0.719465
3 1297.62 0.42 1359.34 24.74 0.709911
4 1155.85 82.39 1180.31 103.93 0.704970
4 1233.09 16.36 1293.05 44.46 0.702667
4 1008.47 64.57 1040.32 84.90 0.701153
4 1204.38 21.98 1235.59 39.49 0.695386
1 1063.44 740.88 1100.45 764.44 0.691834
6 121.95 49.24 165.07 87.42 0.684839
6 1232.92 1.83 1271.14 44.98 0.676822
4 22.14 68.13 79.03 110.85 0.676082
3 1231.85 27.64 1255.16 45.58 0.672296
3 1045.17 72.12 1063.79 87.15 0.651964
3 1215.00 495.31 1248.91 548.86 0.651876
3 1188.34 45.10 1217.22 71.52 0.651403
3 1061.44 116.79 1085.41 142.54 0.646413
6 1142.78 21.60 1236.63 70.40 0.644723
3 1329.67 0.96 1359.54 19.22 0.641388
6 312.73 193.61 349.50 279.35 0.639992
3 1292.58 25.24 1311.55 39.48 0.633150
3 1308.97 94.75 1329.49 116.45 0.622876
3 1042.21 748.52 1069.75 764.53 0.613901
9 1081.84 132.16 1111.22 175.22 0.610694
4 364.64 178.50 390.21 211.49 0.601976
9 75.15 58.24 98.51 79.38 0.569758
9 255.29 36.73 276.79 71.31 0.553439
1 73.22 28.76 86.08 56.53 0.536807
1 915.55 103.58 927.23 127.07 0.528858
1 1232.67 86.73 1248.32 107.52 0.521464
1 1061.33 123.67 1071.31 143.38 0.499278
1 444.88 253.50 455.23 273.56 0.492104
6 63.19 49.52 165.77 115.21 0.466563
4 123.44 85.29 155.01 108.77 0.461148
3 1138.84 662.24 1217.47 714.61 0.455609
2 430.61 243.38 455.47 274.93 0.453880
2 393.82 217.97 455.30 276.06 0.438109
4 0.15 313.23 28.71 364.60 0.437965
3 75.09 44.26 86.83 57.78 0.426116
2 502.84 301.25 522.90 356.80 0.410030
3 185.82 82.59 252.47 121.23 0.385152
3 185.53 82.08 210.64 98.37 0.368318
7 0.12 259.25 34.22 370.03 0.363515
3 222.34 97.44 252.76 121.89 0.321353
4 96.51 67.52 128.55 85.33 0.295126
10 1124.02 554.90 1161.12 588.20 0.182903
10 1112.01 578.36 1146.16 621.13 0.182639
10 1136.91 598.21 1163.21 623.63 0.171773
