4 1072.17 87.59 1167.65 136.49 0.999934
4 1134.33 39.19 1186.66 73.52 0.999728
4 346.13 326.43 473.66 423.42 0.999659
4 594.51 186.67 672.98 253.59 0.998864
3 375.26 387.53 432.76 439.12 0.998839
5 119.89 446.98 270.45 575.65 0.998667
3 998.99 673.98 1071.47 718.31 0.997406
1 1007.43 707.08 1038.41 763.80 0.995115
1 876.60 670.22 906.37 727.56 0.994235
1 559.18 270.98 573.22 319.15 0.993445
1 815.96 640.23 839.61 706.30 0.993016
1 561.14 510.74 585.82 567.42 0.991409
1 642.99 522.82 661.44 580.04 0.991332
1 472.94 498.43 500.46 556.96 0.991132
1 838.44 264.97 859.33 307.40 0.990315
1 780.40 340.18 805.56 391.11 0.990007
1 523.02 666.18 552.08 725.19 0.989512
1 620.16 518.22 639.77 584.48 0.989192
1 120.55 553.88 154.25 616.45 0.988827
1 776.94 391.42 798.94 448.42 0.987462
1 54.96 544.93 92.69 602.04 0.987371
1 680.10 481.22 702.86 542.95 0.987279
4 539.71 376.49 648.70 450.85 0.987234
1 944.20 658.68 971.57 701.43 0.985704
1 24.32 563.70 61.70 629.05 0.985477
4 616.47 666.03 687.77 740.17 0.983855
1 675.81 432.48 690.29 475.50 0.982304
1 641.94 592.03 665.61 652.56 0.979799
1 765.50 283.03 781.13 329.42 0.978892
1 209.33 615.82 240.92 674.17 0.978084
1 999.27 123.64 1014.79 159.27 0.977117
1 1042.96 430.19 1067.25 480.26 0.976165
3 323.30 698.52 407.79 750.46 0.975588
1 545.37 506.39 563.26 563.08 0.973125
1 640.69 386.38 657.74 434.70 0.973099
1 984.33 122.99 1002.68 159.51 0.972206
1 777.24 286.52 791.26 328.90 0.969058
1 383.11 459.55 401.29 504.65 0.968536
1 519.90 487.09 534.77 530.46 0.966082
1 559.98 614.05 593.29 685.96 0.965694
6 378.41 490.03 454.47 549.12 0.965521
1 841.46 386.74 862.77 427.17 0.964292
1 897.06 575.71 942.00 656.81 0.962889
1 931.49 404.52 954.23 444.81 0.962378
1 955.53 415.95 970.82 446.64 0.961143
1 214.99 708.76 240.11 757.44 0.961020
1 615.39 604.26 641.02 664.59 0.959571
3 1031.29 219.34 1089.61 273.30 0.955940
3 266.28 434.09 361.99 497.98 0.955834
1 1183.65 651.64 1225.12 700.25 0.955788
4 660.96 173.40 721.01 212.76 0.952438
1 660.13 350.51 679.30 406.08 0.951132
1 759.31 461.10 781.23 493.20 0.949377
4 481.95 297.43 554.07 350.32 0.946944
6 611.57 665.51 690.87 757.49 0.946159
3 1104.92 237.93 1174.57 291.81 0.945924
1 628.74 288.68 646.43 335.59 0.943451
1 896.84 98.83 908.23 130.70 0.943347
1 1123.92 17.92 1143.11 55.14 0.937284
1 639.40 260.68 654.77 301.93 0.924237
3 742.80 600.11 788.86 643.65 0.922375
1 988.74 52.39 998.07 72.77 0.921870
1 710.12 486.18 734.35 535.89 0.914910
3 671.13 392.63 705.43 420.49 0.910528
1 660.30 676.48 690.08 736.40 0.909020
3 573.39 641.59 619.80 697.69 0.903846
1 652.94 289.45 669.04 323.91 0.899359
1 772.11 555.98 797.57 607.47 0.894272
1 867.22 143.87 879.05 170.17 0.893062
1 1030.07 15.13 1044.72 47.68 0.887706
3 602.94 288.35 631.26 318.26 0.886416
3 1045.01 450.63 1064.43 481.49 0.884529
1 680.56 215.77 700.12 253.46 0.884139
1 878.42 132.30 893.25 170.02 0.882872
1 591.82 282.63 606.35 318.55 0.882482
1 1082.16 27.83 1095.35 58.51 0.879871
1 598.94 585.30 619.33 624.56 0.878635
6 515.69 322.57 601.35 383.11 0.873879
4 13.65 19.26 110.53 91.93 0.873750
3 321.12 595.46 401.00 750.12 0.872582
4 900.73 11.23 944.06 47.27 0.862911
4 632.68 328.95 733.72 377.46 0.856606
3 920.80 643.92 957.79 672.85 0.852347
1 596.43 318.20 615.12 353.63 0.843098
1 166.81 610.70 214.05 683.45 0.829971
1 886.86 109.69 899.13 139.85 0.825745
1 1045.46 23.49 1058.37 56.70 0.819204
3 392.43 543.59 438.98 594.92 0.817903
1 126.29 685.57 154.94 725.64 0.815391
1 811.39 602.54 831.10 639.74 0.812107
1 652.60 268.74 663.27 300.28 0.810665
7 266.48 452.14 315.02 497.76 0.801894
3 741.33 239.56 781.19 273.44 0.791932
3 1196.47 538.10 1268.36 588.82 0.791720
4 834.17 84.04 849.28 98.44 0.790975
1 484.87 651.56 509.39 707.90 0.790248
1 408.63 698.93 455.07 755.88 0.786039
3 539.84 424.07 564.11 450.89 0.783753
4 1330.14 379.97 1359.82 434.42 0.774815
3 699.91 238.08 729.76 264.46 0.772271
3 403.88 421.72 477.88 477.91 0.771102
1 454.81 723.22 482.86 763.95 0.763450
1 694.10 352.68 712.61 398.43 0.763099
3 431.51 663.13 485.61 716.61 0.757383
3 1061.53 38.64 1080.23 61.65 0.755517
4 1173.46 196.27 1275.04 265.06 0.754418
1 876.80 418.69 924.84 463.40 0.752515
1 814.04 580.27 837.62 626.44 0.750819
5 1240.28 211.28 1274.95 263.84 0.746832
3 321.03 595.61 387.57 667.46 0.743027
1 1064.34 693.36 1105.55 735.69 0.739071
4 1256.47 31.90 1285.30 49.84 0.734854
3 679.53 226.60 700.70 253.85 0.734219
3 982.70 140.76 997.61 159.66 0.730778
1 806.42 433.37 837.93 470.70 0.727365
3 528.81 503.88 551.47 525.60 0.725616
3 1037.12 443.59 1094.79 481.97 0.725410
2 1029.46 15.32 1095.63 61.89 0.718701
3 499.48 496.91 551.67 528.65 0.715581
7 486.27 299.90 530.79 345.53 0.714288
4 1304.50 243.18 1338.64 270.85 0.714247
4 813.00 80.75 849.69 100.79 0.713453
1 1155.25 659.34 1187.06 727.12 0.711013
2 1067.08 531.70 1088.88 575.10 0.708297
1 447.59 607.60 475.24 657.07 0.704775
2 984.09 122.34 1014.31 160.50 0.701801
4 1280.57 222.40 1359.69 294.76 0.700978
1 1007.23 56.55 1020.73 74.55 0.698010
1 591.84 471.98 623.64 506.67 0.690216
4 699.33 464.63 741.94 504.97 0.687093
7 402.28 376.30 526.44 478.18 0.682959
3 474.24 324.77 510.15 360.50 0.681290
2 608.08 273.30 624.82 308.93 0.679048
1 914.90 523.32 931.63 555.23 0.673460
3 1030.57 218.59 1174.88 295.51 0.671852
4 863.60 26.67 924.16 57.80 0.669790
4 578.15 159.85 614.97 188.36 0.667934
1 586.22 633.82 619.01 698.10 0.664889
1 1093.35 602.58 1116.35 630.88 0.642419
3 875.04 431.75 936.70 467.71 0.641021
2 1183.96 259.48 1240.27 312.92 0.636878
1 572.28 375.88 586.38 397.59 0.629934
2 1175.36 198.23 1246.28 255.92 0.625311
3 700.21 225.83 781.32 274.32 0.622934
2 1037.68 429.61 1094.58 481.19 0.622882
2 875.45 418.40 936.29 466.09 0.621812
1 1196.88 540.42 1226.11 588.28 0.617938
1 522.03 294.01 550.47 326.83 0.615401
7 320.65 595.70 389.42 725.31 0.614617
1 442.00 473.16 468.10 509.04 0.614441
3 606.40 739.71 640.50 764.32 0.612881
2 700.85 463.17 744.61 533.57 0.609248
2 987.73 14.95 1145.20 76.89 0.608320
3 595.00 329.30 615.91 354.33 0.604575
1 727.52 484.28 745.13 532.66 0.602660
1 1062.18 28.08 1080.23 60.56 0.600241
3 777.37 415.50 798.62 449.08 0.599943
1 1029.56 557.04 1051.90 587.50 0.593822
7 471.04 357.11 503.69 386.55 0.591997
3 658.30 223.81 703.22 261.78 0.591460
1 588.44 611.66 611.60 646.14 0.590873
2 616.91 408.81 646.11 440.16 0.590585
3 443.90 491.87 467.94 511.79 0.590095
2 1001.09 475.85 1028.39 508.69 0.588115
4 583.00 171.24 607.19 187.89 0.585516
1 442.93 370.34 465.69 406.20 0.582232
2 973.41 206.22 1013.02 253.44 0.580597
2 955.24 54.45 965.12 74.80 0.578035
1 703.63 455.80 725.32 488.25 0.576814
3 533.57 322.87 578.12 356.93 0.574003
3 654.60 244.16 681.67 264.18 0.573025
2 826.96 420.24 843.98 440.42 0.568188
2 646.18 316.69 667.41 344.11 0.564593
2 606.72 722.26 643.86 764.29 0.563390
1 514.68 334.83 536.57 366.29 0.561841
1 1068.58 443.78 1095.28 467.87 0.561388
1 760.11 572.30 780.88 610.22 0.558881
3 1264.48 481.82 1303.04 519.88 0.558148
3 402.76 445.20 443.71 480.19 0.557342
1 616.84 409.47 631.17 439.41 0.557204
2 1043.28 430.69 1065.15 460.25 0.553173
1 231.12 573.95 316.08 622.96 0.551894
2 462.73 373.72 485.93 404.00 0.551168
3 472.96 673.24 504.84 706.98 0.550793
2 923.03 432.98 938.43 464.66 0.550455
5 120.08 487.71 196.15 573.78 0.550173
2 706.20 225.94 734.65 263.52 0.549701
5 345.87 326.18 473.60 424.06 0.549218
1 914.83 575.69 941.45 612.86 0.549123
3 733.23 190.00 771.21 216.11 0.548264
3 607.07 715.83 697.89 763.79 0.546112
2 806.57 420.52 844.28 470.37 0.544566
2 720.04 226.05 733.70 253.57 0.541237
2 997.40 165.71 1055.49 209.77 0.540437
2 701.75 456.21 725.78 499.66 0.538977
2 698.62 318.33 714.89 344.48 0.537589
1 3.50 695.01 46.56 763.77 0.536895
7 872.69 434.11 934.25 493.72 0.532335
7 241.84 551.92 281.89 588.94 0.531205
2 454.24 667.06 480.52 716.65 0.529660
2 740.14 195.24 750.67 216.37 0.529558
3 287.13 478.99 367.15 543.15 0.522660
3 320.68 562.60 438.52 642.61 0.521772
7 632.44 318.41 732.24 377.01 0.520630
7 230.49 552.76 314.94 624.38 0.520140
1 361.31 484.96 385.77 517.59 0.519624
2 867.34 98.93 908.43 171.80 0.515589
1 1098.34 174.72 1140.78 231.45 0.510182
2 560.61 319.34 577.38 343.91 0.509106
1 548.72 427.26 563.86 450.31 0.508785
1 1071.96 0.00 1084.72 11.75 0.506723
1 230.65 579.80 265.65 623.16 0.506719
1 846.85 612.83 877.73 655.35 0.497574
2 398.36 684.68 420.70 722.66 0.497431
7 409.89 656.00 488.27 726.29 0.494999
2 511.04 306.67 532.70 339.32 0.491544
3 285.49 511.77 335.70 547.27 0.489834
2 307.06 462.79 328.33 499.72 0.489609
6 149.58 0.32 265.51 58.97 0.483240
7 631.97 339.91 657.23 371.93 0.481672
7 285.86 455.19 364.32 539.87 0.479699
7 663.32 349.84 710.70 419.32 0.478243
2 499.78 487.15 551.17 530.27 0.475260
7 318.89 455.06 363.40 485.42 0.472886
2 330.38 664.24 368.36 721.30 0.472334
2 453.50 370.82 466.34 404.45 0.465660
7 986.33 453.62 1045.27 523.88 0.464544
2 467.85 639.17 490.07 679.11 0.462840
9 658.74 159.79 707.39 211.36 0.461840
1 300.87 433.25 335.01 485.42 0.459683
1 500.65 496.90 523.57 520.90 0.457162
2 412.72 667.35 439.50 709.95 0.454217
2 482.91 317.16 508.97 348.25 0.453550
9 150.07 0.47 234.04 58.95 0.452876
2 440.72 645.53 460.99 667.28 0.450661
2 704.92 330.96 721.55 374.37 0.449779
1 673.54 719.95 700.22 760.28 0.448770
7 698.58 473.30 745.73 532.88 0.448282
1 108.79 24.55 129.40 59.11 0.447456
6 119.72 446.76 270.65 575.22 0.445940
1 471.81 622.99 502.08 657.83 0.434591
7 1265.25 221.69 1359.59 335.28 0.429744
1 115.79 727.84 135.36 763.71 0.426062
4 0.18 27.81 69.89 118.60 0.420561
2 129.29 741.97 155.74 764.11 0.412174
7 434.23 664.02 465.66 710.44 0.394833
4 35.15 67.56 69.87 101.72 0.378750
2 167.06 610.77 200.22 681.71 0.374716
2 115.60 727.72 155.86 763.95 0.373987
2 285.73 513.25 314.90 539.20 0.366938
1 399.61 143.76 422.36 187.40 0.361422
1 425.07 89.61 449.73 149.25 0.325274
1 444.21 18.52 487.52 222.67 0.245273
2 322.95 255.74 813.65 763.90 0.241533
6 118.95 323.38 478.58 576.79 0.240475
10 84.58 596.02 108.33 615.49 0.233796
10 247.36 665.23 278.37 690.45 0.203024
