4 421.25 352.35 470.79 393.93 0.998810
4 558.32 388.05 601.15 426.75 0.998371
2 98.66 434.89 133.35 463.22 0.997281
4 182.65 368.22 230.64 396.74 0.996620
4 473.49 335.30 509.21 361.62 0.994750
4 748.84 248.60 758.36 260.13 0.993571
4 325.17 343.85 370.05 369.65 0.992607
4 679.83 251.74 696.14 265.30 0.991984
4 42.60 415.66 121.40 451.65 0.991973
4 188.52 433.63 259.32 479.06 0.990995
4 324.61 368.75 368.46 399.60 0.990630
4 378.94 329.97 426.97 350.39 0.989455
4 231.23 417.67 302.56 446.06 0.989050
4 854.89 347.43 882.57 375.69 0.988465
1 112.33 435.99 123.86 458.33 0.987641
4 801.43 458.42 887.37 505.87 0.984121
4 829.29 340.67 852.79 365.68 0.980935
1 551.98 461.96 568.92 486.20 0.979855
4 791.04 323.40 806.88 347.26 0.977125
4 755.75 200.38 764.99 207.69 0.976073
4 818.40 363.46 849.47 398.19 0.974591
4 776.28 185.09 783.34 191.87 0.966773
4 381.59 309.03 396.86 320.30 0.960858
4 568.69 282.35 593.42 300.07 0.960515
4 785.12 203.07 793.36 209.83 0.957299
4 591.33 274.51 609.97 289.52 0.948420
1 560.32 463.28 569.17 479.65 0.907994
2 801.07 414.15 821.57 436.69 0.905728
4 478.02 313.18 507.43 330.38 0.899666
5 271.49 429.44 333.09 471.72 0.899469
4 799.42 183.32 805.83 189.10 0.897565
4 806.72 315.26 828.88 331.51 0.870919
4 685.74 225.99 697.90 235.91 0.862789
4 869.21 271.77 881.78 286.65 0.856875
4 724.18 211.78 729.62 218.54 0.856681
4 531.96 289.36 553.34 303.21 0.842506
4 411.92 315.51 455.37 334.36 0.839171
4 592.78 255.52 610.58 270.08 0.830422
4 825.11 307.05 865.06 328.41 0.827781
4 669.48 228.06 681.42 239.56 0.819276
4 719.80 203.42 728.38 209.79 0.803545
3 551.79 468.12 569.52 486.95 0.801872
4 575.87 272.49 591.38 283.35 0.799811
4 654.32 232.73 671.52 249.49 0.795630
4 641.53 244.14 657.16 256.57 0.782456
4 786.62 167.82 794.13 175.45 0.753671
1 554.67 462.56 562.95 479.56 0.748817
4 443.14 278.90 460.38 293.08 0.747796
6 188.32 416.87 332.86 479.91 0.743559
4 725.53 197.61 736.78 205.99 0.742021
4 587.24 230.40 601.97 239.65 0.738747
4 803.00 206.13 812.21 215.10 0.734504
4 300.42 429.66 330.94 450.59 0.724403
4 859.71 254.33 870.33 267.69 0.722658
4 826.87 266.50 845.71 280.13 0.717406
4 30.37 512.15 88.20 539.67 0.705323
5 856.77 206.72 876.85 219.14 0.698355
4 744.71 184.80 753.03 192.63 0.697054
4 573.65 250.22 590.46 261.09 0.691799
4 549.49 274.09 576.03 290.27 0.690342
6 902.48 200.18 959.82 460.72 0.687933
4 612.58 243.76 636.00 253.34 0.687744
4 752.24 182.96 759.70 189.38 0.681426
4 774.71 167.93 781.84 175.64 0.681378
4 148.56 368.15 230.81 410.73 0.679823
4 808.57 186.17 817.25 193.09 0.677407
4 843.97 181.95 853.12 190.22 0.677173
1 188.36 334.40 200.30 368.58 0.664906
4 636.29 238.71 646.22 248.65 0.661462
4 758.66 177.80 765.47 184.67 0.660993
4 707.14 200.06 717.11 208.66 0.660761
3 502.82 324.55 520.50 344.99 0.657056
4 508.67 310.60 529.36 322.01 0.656754
4 622.30 234.35 645.77 249.16 0.645637
4 811.17 170.97 819.58 178.12 0.641155
4 508.78 275.27 519.72 286.67 0.638984
4 701.73 181.19 714.32 187.69 0.630390
4 623.97 196.92 635.27 206.26 0.629572
4 684.01 179.02 694.76 187.44 0.625609
1 399.34 301.63 405.98 315.35 0.624189
4 750.52 178.88 756.77 183.99 0.619028
6 829.63 228.59 850.88 246.48 0.615777
4 824.80 174.58 830.15 179.58 0.613121
4 698.04 205.65 708.03 213.96 0.612276
1 148.69 394.06 160.53 410.89 0.609311
4 682.66 216.96 692.78 225.02 0.607650
3 147.89 381.90 186.32 411.11 0.607532
4 645.14 240.48 658.22 250.84 0.605070
4 907.24 349.53 919.57 377.44 0.599232
4 797.58 169.20 809.96 174.42 0.596835
4 833.30 214.37 862.16 228.68 0.593373
4 820.62 186.96 828.72 192.14 0.568965
4 837.61 202.94 851.34 213.49 0.566515
4 832.21 220.94 850.81 229.88 0.559432
4 806.95 212.18 819.19 219.29 0.559160
6 306.71 311.12 322.58 329.89 0.558256
4 837.10 211.65 858.32 221.10 0.556531
4 863.53 195.26 881.35 207.60 0.555612
4 761.50 260.73 773.77 272.67 0.552179
4 860.19 230.23 871.86 242.98 0.549273
4 270.33 338.83 281.83 350.26 0.549195
1 316.69 386.37 322.58 402.74 0.548908
4 847.51 259.78 856.27 270.39 0.547728
4 693.87 351.38 719.38 379.01 0.545097
4 848.37 235.22 866.45 249.80 0.540389
3 513.05 325.57 520.53 344.81 0.531151
4 828.53 256.09 849.03 268.57 0.530866
4 875.20 237.44 883.59 250.04 0.530733
4 616.91 485.77 634.36 518.44 0.527377
4 829.65 245.23 849.75 259.76 0.527033
6 393.55 135.30 466.74 152.77 0.526121
2 147.73 393.50 171.90 411.19 0.524107
2 749.08 264.41 754.59 271.59 0.522731
4 691.65 370.92 704.67 388.05 0.505453
9 339.44 134.68 371.58 153.32 0.505380
1 801.67 413.90 814.94 430.90 0.505314
1 797.13 192.58 800.65 199.64 0.501410
4 122.60 267.19 133.89 276.55 0.475508
3 836.00 432.30 863.06 449.87 0.456249
3 98.52 440.48 113.47 463.46 0.448463
3 98.61 436.74 133.38 463.47 0.441663
3 848.91 432.33 861.28 447.27 0.425063
4 3.03 403.32 27.47 423.15 0.424267
1 177.99 308.47 186.25 330.15 0.418594
3 117.88 440.10 133.32 456.60 0.414946
9 842.60 169.71 866.14 190.07 0.407540
3 148.12 397.99 158.11 411.27 0.403328
9 592.01 244.28 612.51 270.36 0.365460
1 277.69 287.17 304.43 306.69 0.361825
9 844.25 169.63 865.02 177.86 0.355697
9 640.98 190.20 658.99 203.65 0.355472
9 903.89 200.53 959.77 434.96 0.308221
9 829.63 228.34 867.87 250.26 0.300531
