5 1149.07 808.40 1339.31 1073.98 0.999498
4 900.90 209.73 920.90 228.17 0.998630
4 889.88 175.92 904.79 190.88 0.997475
4 1645.51 788.55 1814.00 860.47 0.996522
4 1714.21 856.99 1843.80 931.33 0.992451
4 1295.94 437.73 1408.92 487.96 0.992226
5 919.85 166.55 942.67 201.01 0.990300
4 1012.49 363.37 1062.74 422.83 0.990225
4 1785.77 903.32 1852.46 989.86 0.987683
4 1311.13 490.79 1401.33 535.76 0.986086
4 941.06 211.29 969.53 246.45 0.985645
4 1577.52 729.05 1745.52 804.49 0.985107
6 993.74 306.07 1063.50 423.84 0.983811
1 1739.49 626.17 1771.89 663.50 0.978448
4 860.23 150.50 869.30 162.82 0.977755
4 888.08 155.18 900.07 166.22 0.974024
3 1763.86 485.66 1908.72 614.88 0.974024
4 965.90 268.18 994.63 298.61 0.968446
4 1601.40 376.77 1718.26 458.22 0.961615
4 1406.22 503.03 1482.63 548.42 0.955427
4 1353.14 266.84 1421.90 291.97 0.952945
4 1281.00 464.07 1367.28 505.45 0.949337
4 1403.70 346.94 1452.43 387.83 0.947804
1 944.01 269.98 957.02 295.15 0.938227
4 869.21 121.67 883.94 138.07 0.937091
4 1319.28 276.78 1376.10 301.45 0.935816
4 905.75 139.65 924.19 159.52 0.935593
4 1362.33 548.52 1630.72 706.34 0.927295
6 1442.87 311.82 1531.20 377.99 0.924718
4 959.76 261.50 979.65 286.07 0.917429
6 994.12 306.33 1039.75 369.06 0.915612
4 461.70 188.75 482.25 209.89 0.896293
4 919.19 162.01 935.74 178.48 0.894952
4 899.40 129.81 914.99 147.30 0.893114
4 1273.07 229.07 1325.16 262.67 0.886593
4 917.21 156.58 930.18 167.09 0.875674
4 1004.70 354.21 1040.29 388.05 0.874646
4 746.02 176.57 770.56 192.31 0.865352
5 1864.91 307.60 1919.46 351.90 0.857478
4 882.90 125.58 890.08 138.09 0.850038
4 1786.30 896.51 1919.61 1078.44 0.835929
4 828.31 123.24 843.01 136.76 0.817315
4 941.97 210.16 961.47 222.68 0.811582
4 1117.11 281.73 1161.27 306.34 0.805033
6 924.33 177.20 943.26 200.79 0.803043
5 1485.80 214.46 1542.93 248.80 0.798417
4 1155.05 207.29 1167.23 219.65 0.797644
4 1626.83 625.97 1689.83 699.32 0.789110
4 887.73 145.66 899.75 155.91 0.783832
4 1833.44 302.79 1885.64 342.51 0.773936
5 1469.12 334.63 1531.10 377.38 0.771201
6 1406.02 203.38 1482.97 236.15 0.770117
4 1383.10 242.05 1402.76 260.82 0.759370
6 313.11 84.92 384.59 115.73 0.751387
6 1831.54 895.81 1919.64 1078.20 0.741082
4 1187.91 213.11 1211.78 228.96 0.738537
5 1247.26 307.50 1353.78 352.56 0.736355
4 946.18 139.88 974.84 156.77 0.731860
4 1327.32 233.29 1351.63 251.15 0.731546
6 594.48 187.89 636.36 220.53 0.731513
3 1814.36 809.55 1843.21 846.32 0.723461
6 1365.59 380.40 1513.52 491.00 0.716882
6 1246.21 231.68 1281.54 261.17 0.706855
4 1266.79 463.77 1291.24 481.17 0.702596
4 820.18 237.93 843.17 255.57 0.699510
6 1097.14 252.07 1296.73 304.20 0.697678
6 522.11 177.88 597.21 218.79 0.697312
6 1362.51 548.03 1637.98 752.14 0.695382
6 1475.79 224.74 1552.97 282.47 0.690789
6 1156.47 331.92 1266.07 434.36 0.689914
6 1095.59 174.26 1123.80 195.84 0.686589
4 1348.26 240.29 1387.28 258.21 0.685052
6 944.48 260.80 995.73 299.93 0.682275
4 1655.76 230.62 1675.58 248.95 0.672238
6 1542.56 200.32 1783.62 258.94 0.670731
4 1363.53 544.43 1522.54 596.82 0.666298
4 1810.89 290.32 1886.04 324.38 0.665282
4 1189.89 211.05 1252.68 233.50 0.664916
4 1047.72 209.19 1108.17 246.92 0.664666
6 1282.93 201.14 1363.23 233.91 0.661376
6 600.79 169.25 670.38 194.68 0.658467
6 1832.81 300.02 1919.36 351.71 0.656674
4 1485.02 251.47 1552.20 282.28 0.652315
4 1533.23 690.05 1670.71 754.26 0.650366
3 1471.98 246.82 1502.98 277.41 0.647773
6 1210.22 225.39 1282.20 263.40 0.645005
6 1321.60 209.74 1364.04 236.02 0.643647
1 1805.78 675.72 1842.91 710.80 0.643451
4 1585.84 693.22 1670.65 733.19 0.640367
4 1473.37 244.05 1504.84 263.57 0.640060
4 1810.47 300.29 1847.83 322.84 0.636485
6 1188.75 210.92 1255.79 254.82 0.635109
4 1874.10 212.93 1910.66 236.89 0.634499
4 330.80 181.28 358.75 197.48 0.628725
6 746.37 176.01 824.30 204.90 0.625287
4 1732.20 212.51 1781.96 227.75 0.623950
4 1289.76 227.34 1325.68 245.16 0.612892
4 1805.23 94.58 1826.82 104.50 0.612334
4 1157.37 323.48 1203.54 351.23 0.612051
4 1376.04 549.71 1455.52 583.17 0.610962
4 1397.70 243.73 1469.13 265.60 0.609810
4 1283.44 200.84 1322.59 218.75 0.609582
4 1564.79 578.29 1632.54 629.33 0.608007
6 1247.37 229.10 1325.10 263.14 0.607231
1 841.36 268.12 854.17 292.46 0.606724
6 1257.69 487.78 1342.80 555.08 0.600512
6 1118.89 298.12 1255.75 357.31 0.599730
6 1190.03 212.34 1325.61 265.03 0.598738
6 1149.00 808.31 1339.09 1074.13 0.587002
6 597.57 174.86 625.81 191.80 0.585565
6 1181.12 399.66 1228.92 439.23 0.581038
6 1296.99 383.47 1409.91 487.80 0.577715
6 520.84 168.19 767.59 223.60 0.573413
6 1237.81 334.29 1349.52 433.40 0.571344
6 1206.51 258.03 1294.17 302.78 0.570446
4 1853.20 290.57 1886.62 308.04 0.570007
3 1608.28 403.92 1703.74 452.29 0.569383
6 421.96 182.09 455.90 204.47 0.564623
4 1625.71 406.11 1701.85 444.11 0.563296
1 1509.43 315.16 1520.63 336.23 0.554339
6 1393.53 242.65 1499.08 267.25 0.553455
4 1055.89 209.04 1091.50 226.35 0.553163
1 1474.53 257.50 1490.11 277.63 0.549713
9 896.47 122.53 917.29 145.96 0.546036
6 1320.43 350.60 1400.09 389.47 0.541742
4 493.80 187.20 524.40 213.09 0.541462
6 1110.30 296.78 1515.23 493.63 0.540509
6 1567.33 196.69 1635.87 213.94 0.540385
6 1367.93 381.11 1470.85 417.15 0.532935
3 790.15 324.12 823.69 351.96 0.531204
6 246.88 206.43 282.06 222.26 0.527895
9 644.46 186.96 763.58 222.42 0.519372
4 727.85 179.60 752.38 194.29 0.511559
4 1662.14 626.66 1693.32 669.15 0.510115
1 1661.10 407.67 1692.30 445.05 0.509310
4 418.42 188.14 449.44 205.05 0.507641
3 790.71 238.16 844.84 351.80 0.496058
7 1479.10 247.18 1551.92 282.40 0.492542
1 1410.18 582.14 1433.42 622.51 0.482093
1 1740.20 626.47 1754.71 647.04 0.475926
1 1506.46 470.11 1519.24 490.83 0.471428
1 1534.27 264.16 1551.29 280.95 0.461000
4 829.54 195.24 867.59 210.90 0.456922
1 1512.00 225.33 1527.40 247.02 0.453334
1 1676.38 629.79 1693.52 665.20 0.451813
1 1614.96 404.20 1628.96 425.95 0.446523
4 306.95 181.93 328.48 195.06 0.439418
1 1262.85 286.28 1274.91 302.81 0.437983
9 614.74 168.71 670.44 184.91 0.417474
1 824.24 292.76 834.99 321.42 0.409960
4 388.79 182.04 425.52 198.04 0.406853
9 313.83 84.93 379.26 104.06 0.397747
4 280.46 179.87 327.99 197.21 0.395545
4 280.01 179.56 304.95 193.01 0.383572
