4 454.80 522.58 534.21 653.53 0.999872
4 464.14 291.74 517.58 358.97 0.999847
4 556.36 229.71 600.67 290.26 0.999845
4 669.13 497.96 732.39 593.92 0.999840
4 519.35 389.91 578.69 478.63 0.999816
4 645.93 263.62 691.43 317.87 0.999808
4 607.47 82.42 633.81 112.31 0.999808
4 692.99 136.06 723.84 167.69 0.999597
4 394.93 386.92 473.87 494.81 0.999432
1 752.34 128.24 762.15 152.91 0.997875
4 686.23 62.91 709.84 94.65 0.997717
1 133.10 442.37 153.44 488.75 0.995631
4 906.19 219.72 960.80 263.18 0.995100
4 847.41 104.70 879.85 134.88 0.994998
4 830.70 51.01 855.48 75.56 0.994447
3 752.43 138.41 761.15 153.20 0.994391
4 879.25 175.60 915.69 216.97 0.994362
2 994.12 121.04 1004.53 148.37 0.993282
4 839.63 77.88 869.46 106.42 0.992240
1 50.23 524.69 82.24 581.96 0.989083
4 534.71 696.61 614.59 764.41 0.988397
4 874.88 144.78 909.28 175.05 0.987005
4 912.39 65.90 925.32 81.31 0.985860
4 872.27 214.23 890.89 243.21 0.983882
4 191.24 22.77 235.09 46.02 0.983710
2 184.59 32.16 195.27 52.33 0.983545
3 936.36 86.87 950.76 105.98 0.982624
2 1002.52 150.22 1015.79 179.14 0.981656
6 939.51 61.55 967.52 91.75 0.981162
1 332.93 651.08 365.23 724.36 0.976576
4 695.36 0.00 730.98 9.16 0.972363
2 461.59 58.77 470.17 81.86 0.966970
2 453.18 62.47 460.96 81.80 0.966215
4 1059.22 397.93 1157.45 453.48 0.953045
4 892.00 0.29 925.11 18.07 0.938823
6 834.34 12.21 854.95 33.89 0.937362
6 805.46 6.44 837.64 34.60 0.871338
