5 665.82 632.27 915.76 1017.97 0.999355
4 939.03 319.26 973.61 344.86 0.995997
4 1052.03 448.53 1135.20 511.84 0.995706
1 397.64 698.96 447.66 840.34 0.988712
4 837.46 331.68 874.10 363.18 0.985276
4 548.24 400.69 615.40 461.87 0.961783
4 1315.60 393.36 1338.45 420.53 0.960477
4 787.57 362.52 843.40 422.90 0.956150
4 676.22 298.58 703.38 331.25 0.952701
4 1165.55 389.75 1195.80 426.97 0.947669
6 660.72 448.89 917.61 1019.57 0.944437
4 1350.61 474.00 1452.31 535.22 0.942226
4 896.92 412.67 961.45 478.66 0.938023
4 792.81 236.04 817.27 262.77 0.924094
4 938.40 466.02 1048.47 528.57 0.917180
6 809.78 210.38 873.36 282.32 0.912021
4 819.13 263.00 845.82 285.18 0.902124
4 631.02 359.71 670.29 398.22 0.888905
4 51.05 202.68 458.98 389.21 0.865391
4 565.38 345.64 623.80 390.49 0.857230
4 673.79 331.52 764.79 402.22 0.844951
4 818.93 236.65 887.67 290.93 0.843683
4 802.63 411.86 865.35 470.77 0.843602
4 629.98 293.94 663.91 325.73 0.833779
4 727.25 279.18 781.93 337.87 0.824617
4 586.03 319.45 640.65 363.69 0.816792
4 711.14 251.96 739.97 279.29 0.804655
4 653.70 391.35 686.26 424.32 0.778940
4 713.47 368.79 745.58 399.64 0.774429
4 673.92 365.76 708.08 397.53 0.771368
4 844.25 264.14 886.46 289.98 0.761186
4 682.90 453.44 871.68 683.05 0.756733
4 892.70 356.96 990.50 415.27 0.743063
1 364.63 697.27 449.29 949.21 0.740837
4 656.85 273.70 689.03 302.61 0.737659
4 738.01 453.57 784.09 501.49 0.725563
9 809.99 210.64 870.22 264.93 0.725177
4 675.21 258.08 696.14 279.92 0.719339
6 633.83 197.10 773.54 288.36 0.687749
4 747.49 539.26 805.09 604.19 0.680212
4 1311.17 389.26 1360.21 425.10 0.678937
4 1168.21 381.78 1198.35 406.85 0.671374
4 891.51 372.14 945.03 414.46 0.663057
4 713.12 242.59 774.05 281.04 0.644750
4 359.85 857.34 423.01 950.09 0.642876
4 893.36 356.47 1055.01 529.75 0.636820
4 904.98 354.27 943.94 377.10 0.621459
4 1349.83 448.69 1537.25 540.38 0.617237
9 761.47 204.68 793.96 266.57 0.592019
6 641.89 196.21 707.22 232.54 0.578754
4 735.93 252.32 773.64 276.64 0.570080
2 723.71 725.53 809.99 847.25 0.522422
9 791.06 218.13 819.99 264.83 0.519309
1 147.08 710.38 195.14 884.41 0.508631
1 343.19 918.58 425.61 1067.44 0.506747
2 743.25 512.96 803.49 608.07 0.493499
1 766.01 725.28 805.17 775.72 0.457566
1 650.99 394.28 689.10 525.66 0.448525
1 747.89 515.03 769.55 550.93 0.445916
1 1256.29 410.18 1280.68 452.44 0.444532
1 1197.53 355.56 1216.59 407.23 0.440308
1 374.40 788.12 440.29 882.31 0.429100
2 401.21 699.58 445.96 795.75 0.408288
1 743.01 513.92 771.12 602.60 0.379670
5 62.36 203.11 459.42 328.61 0.368472
3 190.51 576.32 325.83 744.57 0.349800
6 17.04 203.12 461.87 483.74 0.214022
9 645.46 327.71 919.10 1024.07 0.148545
