4 637.84 279.31 768.97 343.96 0.999725
4 435.96 344.21 617.60 443.46 0.999716
4 808.77 278.86 947.26 357.61 0.999656
4 361.00 323.82 536.80 403.77 0.999639
4 221.81 175.75 362.12 252.39 0.999469
4 744.35 238.93 869.28 294.59 0.999431
4 951.20 267.01 1078.55 329.08 0.999348
3 779.77 297.10 822.62 334.93 0.999253
4 222.06 214.32 362.06 279.17 0.998254
4 1079.19 241.90 1172.47 296.97 0.998177
4 1204.01 211.72 1293.14 267.19 0.996942
4 93.44 341.61 240.45 459.44 0.995745
4 127.84 205.27 235.79 253.85 0.994986
1 678.21 215.37 690.98 245.73 0.994395
4 1300.58 194.57 1359.77 248.15 0.993335
1 634.99 203.28 656.98 251.07 0.993086
1 272.98 245.34 288.83 293.54 0.992871
1 357.60 239.10 373.29 293.37 0.992667
1 289.73 255.54 306.67 293.79 0.991752
1 865.30 208.63 880.05 249.40 0.990265
1 370.47 245.75 386.92 296.08 0.990254
1 825.38 209.24 842.23 243.01 0.988119
1 426.63 244.35 444.84 292.70 0.987670
1 600.39 217.22 619.74 262.84 0.986380
1 55.49 245.12 78.14 294.48 0.986352
1 789.54 207.43 806.72 241.88 0.986063
1 750.23 207.34 766.74 248.15 0.986001
1 982.36 204.84 999.37 240.17 0.984721
1 579.41 202.56 595.99 253.38 0.983292
4 19.31 165.66 146.02 211.13 0.981396
3 778.17 178.74 815.28 206.53 0.979687
4 1104.24 202.84 1179.07 247.09 0.975954
4 1190.16 167.58 1256.38 200.71 0.975358
1 967.71 195.52 986.25 233.25 0.974216
1 1027.89 204.96 1037.05 238.12 0.973295
1 854.94 200.92 867.63 234.52 0.972034
4 1210.88 132.16 1296.53 165.61 0.971960
4 1221.03 105.99 1267.80 134.11 0.971020
1 165.22 242.40 182.92 291.36 0.970895
4 1258.83 156.01 1325.37 187.93 0.970693
4 10.74 149.77 129.91 185.22 0.966601
1 1062.57 205.31 1072.43 235.07 0.966441
1 69.89 210.80 89.19 258.27 0.966376
1 590.75 211.33 606.01 258.67 0.961447
1 152.53 238.47 166.80 280.39 0.960817
1 725.95 205.11 740.16 229.50 0.954365
1 975.86 170.65 990.76 199.20 0.951252
1 790.21 280.82 824.30 320.15 0.946527
6 418.46 164.87 527.65 235.26 0.946014
4 1101.37 175.50 1177.44 209.04 0.943285
4 1044.56 191.97 1072.37 214.18 0.942796
5 995.30 128.60 1037.95 228.29 0.940166
4 1305.99 59.08 1349.86 75.59 0.936711
4 1303.91 144.57 1359.75 177.15 0.919927
1 109.22 208.78 130.56 254.48 0.891685
4 0.20 130.23 88.50 168.03 0.878182
4 221.03 216.93 243.11 252.88 0.871626
1 63.09 199.63 78.25 243.72 0.864776
4 1208.98 151.51 1245.53 170.26 0.839482
6 418.50 136.32 781.51 235.83 0.811012
3 799.36 186.53 815.51 205.41 0.788891
3 289.67 272.02 306.41 294.82 0.778428
3 854.68 220.34 874.76 248.30 0.776683
4 1274.62 140.33 1349.54 165.02 0.772898
1 404.98 240.84 425.25 291.65 0.771610
1 393.66 237.26 409.06 277.72 0.770658
4 1061.81 175.96 1178.01 236.72 0.770374
1 1056.54 206.02 1064.85 231.51 0.766367
3 226.50 284.41 260.09 326.77 0.747639
3 750.49 222.18 766.71 248.27 0.741693
4 998.34 178.46 1072.95 225.35 0.741430
1 235.32 245.77 258.09 299.44 0.736199
4 1198.06 0.45 1291.09 34.92 0.733249
4 594.46 200.47 622.78 221.82 0.707756
4 1137.39 128.87 1155.19 146.47 0.701173
4 1209.88 134.74 1241.59 156.92 0.700801
6 1321.37 80.38 1359.62 140.54 0.700167
4 932.06 148.86 994.76 182.57 0.690792
4 1012.17 128.06 1034.24 144.67 0.688831
5 220.88 175.55 363.39 275.54 0.684025
4 1322.55 122.03 1359.53 144.28 0.683690
4 1142.48 185.93 1181.81 215.16 0.677756
4 1323.13 11.35 1359.77 35.51 0.676021
4 1238.16 0.21 1292.64 12.80 0.652279
9 526.30 180.70 597.74 210.69 0.650422
9 596.36 137.33 781.64 226.31 0.646969
4 967.24 148.09 986.45 159.08 0.643790
4 1108.86 127.46 1154.83 151.18 0.642156
6 1259.20 45.23 1307.66 76.59 0.640025
4 1321.84 122.25 1342.48 138.52 0.638970
4 1079.57 127.02 1122.99 150.67 0.637095
4 1141.29 179.43 1214.93 220.63 0.630166
4 1103.55 175.24 1152.82 196.06 0.627646
4 1314.55 194.71 1359.66 219.72 0.625499
4 934.87 152.73 957.09 166.12 0.623653
4 1290.09 0.01 1358.45 9.15 0.618707
3 1156.53 133.81 1193.90 159.71 0.612786
4 795.30 231.71 870.40 257.90 0.609175
4 1327.86 80.50 1358.16 92.98 0.605266
2 966.71 193.54 1073.48 240.49 0.595366
4 0.37 43.88 33.75 66.75 0.594459
3 102.77 132.16 157.99 157.55 0.585933
2 357.67 228.20 446.24 296.76 0.582080
2 1206.69 159.21 1216.07 171.90 0.560420
2 967.75 194.58 999.45 241.00 0.548307
9 418.73 165.66 520.24 204.16 0.543768
2 413.93 230.22 427.50 258.94 0.531860
1 1019.81 280.06 1036.04 294.37 0.520030
1 903.05 294.67 918.74 309.87 0.516625
9 689.71 137.66 781.01 206.65 0.507660
2 412.20 243.10 426.73 290.87 0.507025
10 70.21 419.27 106.34 460.66 0.506732
2 802.33 249.11 820.37 263.02 0.498724
2 789.01 177.50 803.36 205.12 0.495386
2 129.73 111.92 142.14 138.24 0.488591
3 129.60 202.14 155.32 221.43 0.476010
9 596.87 154.67 663.05 216.20 0.463961
2 725.82 205.48 735.43 229.01 0.460525
9 1191.56 38.57 1357.27 141.37 0.460338
4 127.01 190.28 205.35 223.61 0.456011
2 393.33 227.64 427.39 280.05 0.455483
3 521.59 75.98 560.56 103.74 0.438631
2 578.64 200.83 657.84 263.06 0.437382
9 930.65 123.96 1007.15 182.53 0.434291
6 93.71 341.71 240.16 459.19 0.432508
6 8.90 98.39 94.00 157.21 0.427870
9 993.75 71.75 1044.68 228.51 0.421985
6 222.04 175.71 363.21 251.20 0.417228
9 1063.08 184.58 1116.40 228.18 0.409683
9 420.05 187.73 525.19 236.31 0.408142
3 53.45 245.37 66.85 270.87 0.407836
4 16.02 99.18 93.12 134.98 0.399057
10 1161.09 177.44 1216.78 285.68 0.398170
2 236.05 277.41 257.72 300.16 0.376334
4 25.57 76.23 44.84 89.50 0.374130
2 148.42 367.94 169.61 395.00 0.371794
1 157.58 364.85 185.51 394.26 0.365006
2 170.68 366.20 186.64 393.20 0.364375
2 229.68 243.54 259.00 300.34 0.363290
3 135.78 136.50 157.73 152.51 0.343804
2 10.35 159.37 24.59 184.86 0.340535
3 103.71 139.53 136.03 160.85 0.340463
2 149.62 364.99 186.14 418.13 0.331580
4 45.17 121.78 89.75 139.33 0.326304
9 994.12 63.90 1234.09 228.29 0.315585
2 152.42 238.19 183.15 292.09 0.313696
3 46.32 60.92 68.81 83.38 0.299183
3 109.08 203.11 155.10 251.54 0.290182
10 528.52 369.08 548.92 396.51 0.289096
10 105.35 354.38 131.58 406.71 0.287223
4 7.44 120.09 33.93 134.33 0.280176
4 8.44 79.84 47.34 106.48 0.276043
9 0.33 3.03 163.29 154.53 0.156767
