3 817.03 534.51 833.11 560.81 0.999848
5 1204.31 592.57 1359.43 764.36 0.999725
4 118.70 572.43 199.63 672.86 0.999584
4 898.93 639.34 981.10 739.00 0.999531
4 721.08 393.42 759.90 433.80 0.999184
4 372.81 343.00 424.70 381.26 0.999143
1 815.79 515.77 834.93 551.93 0.999113
5 442.35 238.43 496.39 298.34 0.999056
4 860.84 510.55 919.61 579.64 0.999008
1 163.50 371.47 179.97 406.47 0.998749
4 112.57 310.06 173.62 345.65 0.998460
4 846.51 453.79 899.64 506.41 0.998335
3 378.69 424.97 395.11 450.32 0.998136
3 801.81 434.09 818.74 457.34 0.997988
4 371.80 176.21 398.71 196.15 0.996661
1 378.07 411.52 394.57 449.43 0.996540
1 801.41 420.66 820.33 456.26 0.993642
4 825.35 369.89 861.53 415.36 0.993196
4 678.53 210.57 702.24 239.87 0.992851
4 178.13 366.69 244.67 410.44 0.992610
4 797.76 297.86 830.12 326.53 0.992201
4 655.69 192.84 676.18 219.19 0.991909
4 573.25 270.82 603.82 302.22 0.991168
4 590.96 240.68 617.93 267.86 0.984835
4 751.14 258.61 786.00 281.39 0.983933
3 214.62 271.04 229.54 288.70 0.981406
4 810.23 344.03 847.99 372.83 0.981223
4 397.46 265.15 428.52 298.45 0.979479
4 1077.95 374.60 1117.79 399.35 0.976152
4 791.22 265.60 809.17 287.12 0.974868
4 740.25 115.31 751.44 126.00 0.972105
4 663.45 127.16 676.51 140.47 0.971470
4 1025.10 426.83 1071.99 473.46 0.970804
4 500.61 181.02 522.02 198.82 0.969432
4 706.33 104.52 717.93 113.96 0.968930
4 1065.40 277.12 1112.57 310.20 0.967969
4 677.03 142.02 691.74 156.23 0.967147
4 710.03 127.70 724.78 148.11 0.966546
4 681.44 119.02 694.60 131.05 0.963652
1 648.46 161.46 655.45 177.20 0.963605
4 382.97 231.11 420.10 258.22 0.962448
4 689.92 85.62 700.23 95.45 0.961051
4 459.66 130.24 479.89 143.21 0.958727
4 509.72 154.86 537.58 172.51 0.957066
4 524.58 126.07 540.42 140.75 0.956880
4 598.81 217.22 622.96 240.67 0.955494
4 330.79 265.35 428.89 304.91 0.954288
1 230.83 277.43 244.34 299.65 0.953131
4 724.46 194.45 754.58 215.15 0.948368
4 563.08 135.48 574.85 146.24 0.946810
4 681.33 159.34 695.45 175.07 0.944044
1 541.99 195.57 552.72 214.56 0.942922
4 525.12 97.83 536.95 108.57 0.942424
4 965.45 314.73 1019.19 362.62 0.935776
4 755.08 185.77 769.99 202.77 0.930946
4 745.09 131.63 759.06 155.22 0.925756
4 605.27 70.26 618.68 81.67 0.924976
4 605.15 205.73 624.11 219.15 0.924433
4 732.24 140.98 741.50 151.23 0.915428
4 723.43 96.97 731.60 106.93 0.915363
4 672.24 75.60 680.56 83.90 0.912364
4 569.57 149.01 583.86 161.26 0.912051
4 624.55 88.64 635.09 101.24 0.908360
4 597.71 122.54 609.98 135.32 0.900850
4 731.16 141.36 744.13 162.26 0.899315
4 777.18 223.40 799.82 245.49 0.896087
4 434.98 157.04 454.66 177.96 0.894495
4 705.89 79.68 716.63 90.52 0.886270
4 750.91 154.42 768.55 170.28 0.885475
3 1233.30 364.97 1253.38 390.90 0.884591
4 765.50 212.45 786.66 233.13 0.883328
3 231.12 282.91 243.60 300.19 0.879720
4 1008.38 413.86 1055.94 444.26 0.879175
4 565.69 214.96 579.48 233.25 0.870078
4 814.34 125.63 829.84 143.09 0.861102
4 442.96 253.86 482.28 297.83 0.861053
4 532.22 150.03 541.97 164.24 0.855171
4 797.11 129.41 808.47 140.98 0.854672
4 1204.08 601.02 1241.86 683.36 0.848682
4 695.31 58.46 704.74 68.61 0.848110
4 215.96 354.47 242.12 370.57 0.846805
4 418.35 151.40 442.46 166.49 0.843849
5 394.11 264.86 428.75 308.93 0.835548
4 683.51 62.84 694.00 74.10 0.831241
2 497.73 126.01 509.43 141.28 0.830338
4 1018.97 232.09 1042.47 248.70 0.827106
4 584.80 132.19 594.75 144.08 0.826945
4 515.62 263.45 539.20 288.74 0.825772
4 597.97 113.20 616.73 135.32 0.824949
3 1270.44 374.42 1292.81 399.09 0.819929
4 545.16 106.25 559.52 117.38 0.817190
4 593.70 83.97 603.97 93.86 0.813794
4 613.67 90.86 625.63 102.15 0.806620
4 950.13 241.32 980.64 260.93 0.794519
5 598.90 205.61 625.06 240.77 0.794476
4 537.31 91.84 547.19 99.92 0.786858
6 434.66 153.56 510.51 179.35 0.786360
4 986.29 334.47 1020.21 363.02 0.781479
4 787.54 67.06 798.73 76.96 0.780430
4 754.76 170.31 771.93 184.23 0.777914
1 503.07 126.94 510.58 141.08 0.769312
4 745.61 131.64 758.36 140.70 0.768855
3 777.84 237.91 800.44 258.41 0.764561
4 638.45 50.51 653.24 61.91 0.761586
4 540.84 114.30 554.59 126.58 0.747972
4 561.01 90.63 574.46 99.77 0.744868
6 388.67 151.63 410.39 168.53 0.741912
4 833.94 167.11 853.15 183.43 0.740688
4 968.22 314.07 1012.33 335.60 0.736221
4 215.85 353.16 271.01 372.60 0.730741
4 975.88 245.23 1018.44 275.41 0.727328
4 615.05 190.36 628.68 200.70 0.722950
5 331.13 270.17 399.47 297.73 0.722022
4 556.20 111.08 566.89 120.59 0.721529
1 0.11 350.62 13.65 379.87 0.721199
4 908.20 253.53 942.95 276.44 0.720465
4 762.94 202.15 786.69 218.24 0.720056
5 950.12 241.43 1018.65 278.15 0.717643
4 545.11 158.49 559.92 169.35 0.717125
1 496.33 125.95 503.08 139.82 0.713126
6 1101.39 243.34 1138.16 277.79 0.713011
3 1036.71 392.14 1051.29 409.71 0.706330
3 732.96 150.56 743.66 163.19 0.698903
4 821.04 148.77 834.97 159.52 0.694920
4 876.14 223.47 918.46 247.01 0.691833
7 331.04 207.62 351.75 228.02 0.688193
6 911.73 240.56 1020.12 320.02 0.687231
1 80.01 328.58 95.43 349.36 0.682822
3 807.54 439.74 816.62 456.81 0.677290
3 407.73 233.40 420.76 254.13 0.672935
4 331.25 271.46 365.45 293.61 0.660588
3 1099.55 258.69 1111.81 279.40 0.660174
3 262.90 345.31 282.50 372.00 0.658671
4 866.48 204.68 897.12 227.60 0.655180
1 439.84 214.86 446.36 230.20 0.652802
4 822.26 149.44 845.20 162.60 0.645410
3 0.12 363.04 13.42 381.46 0.639482
4 434.42 136.95 450.64 152.46 0.635298
6 899.48 195.27 963.27 239.78 0.633942
4 1146.05 284.40 1167.28 302.86 0.627338
1 479.38 144.25 486.93 163.59 0.624170
4 755.59 177.24 774.08 189.42 0.622753
3 80.04 332.75 95.26 349.03 0.621434
7 353.47 200.63 376.08 223.23 0.617980
2 1120.02 275.70 1135.54 301.57 0.616459
4 1008.54 411.60 1099.61 474.07 0.611231
6 975.80 245.06 1019.24 288.37 0.610242
4 873.51 225.20 898.42 240.12 0.608011
4 1036.06 212.79 1063.67 223.88 0.599587
4 1173.51 284.84 1196.91 304.81 0.592964
3 1019.16 390.33 1050.97 409.88 0.592348
6 1204.72 592.27 1359.33 764.47 0.590382
3 261.64 353.81 272.40 372.60 0.589045
2 672.19 103.90 677.13 113.45 0.587348
1 492.23 181.33 500.43 196.00 0.571054
4 1146.74 283.44 1192.81 305.58 0.569007
2 260.47 247.56 284.04 269.03 0.562026
3 370.88 198.76 382.67 214.29 0.560554
4 1070.02 411.91 1099.44 428.31 0.558714
3 260.26 251.72 274.54 268.47 0.557517
6 926.27 275.30 987.07 319.34 0.551677
2 461.76 194.34 469.07 207.45 0.549415
4 456.27 143.47 473.37 154.78 0.549314
1 801.96 221.97 811.79 239.27 0.544348
9 904.70 195.24 939.16 206.00 0.538305
6 441.79 204.34 524.73 298.90 0.537010
4 1218.66 401.49 1239.45 423.53 0.529862
7 323.18 199.10 375.90 228.00 0.525769
4 482.99 180.23 527.33 205.88 0.524612
9 902.71 195.07 941.08 229.55 0.523582
4 260.64 310.59 311.37 351.29 0.520349
4 1277.74 341.49 1297.98 360.85 0.519453
2 648.60 161.51 655.40 177.09 0.517591
4 1218.93 400.18 1270.62 439.39 0.513635
1 181.42 267.31 192.34 283.41 0.511934
2 816.02 516.51 834.80 550.46 0.509079
1 273.52 247.63 284.28 266.78 0.507903
2 542.05 195.59 552.58 214.37 0.507306
7 215.83 346.33 282.15 372.98 0.498871
2 934.50 681.73 966.68 702.47 0.497991
4 261.50 328.79 293.15 351.78 0.491615
2 1120.39 283.46 1128.85 301.41 0.491010
2 161.01 264.97 171.11 287.71 0.481404
4 171.49 196.16 195.11 208.59 0.473569
2 456.26 194.50 469.98 220.16 0.466430
7 215.68 310.73 312.11 372.34 0.461682
3 149.15 198.99 178.26 215.86 0.443772
4 293.79 147.97 320.73 165.24 0.435913
2 236.56 278.72 245.56 298.65 0.431529
9 832.65 169.52 891.17 216.63 0.430938
2 197.96 257.45 208.34 277.92 0.421223
1 368.14 467.04 403.95 498.48 0.414932
4 148.34 196.60 197.27 216.68 0.407435
4 40.55 245.60 78.62 259.96 0.355061
4 41.13 247.06 58.17 257.21 0.344076
2 215.04 271.17 244.99 299.76 0.326595
1 10.49 349.28 22.52 365.65 0.313933
2 0.27 348.08 30.01 380.95 0.292755
