1 879.22 322.60 937.39 398.17 0.999889
1 339.08 315.23 378.39 389.49 0.999795
1 777.56 227.40 795.63 276.82 0.999642
1 465.24 282.05 491.82 344.41 0.999529
1 27.32 219.76 44.60 265.12 0.999303
1 404.40 261.34 424.21 319.13 0.998743
1 936.07 192.65 951.24 223.67 0.997964
1 1.58 156.83 13.39 187.51 0.997846
1 209.16 201.24 224.14 246.27 0.995646
1 100.08 362.97 135.56 403.79 0.995108
1 664.46 185.06 677.73 219.78 0.992346
1 526.62 223.34 545.60 277.06 0.992316
1 84.00 352.92 108.26 395.50 0.992139
1 175.53 210.30 197.00 259.02 0.990768
1 476.17 226.61 496.81 279.94 0.990638
1 331.06 254.86 355.54 315.13 0.989310
1 232.12 158.33 240.44 177.60 0.988947
1 560.57 173.45 572.92 210.91 0.985563
1 481.87 178.19 493.58 215.18 0.984567
1 237.16 240.52 255.26 264.70 0.982858
1 406.33 228.63 422.23 267.39 0.982063
1 580.99 180.45 596.73 219.60 0.980139
6 162.32 85.27 270.06 111.10 0.979433
1 637.50 243.88 657.29 271.28 0.979353
1 190.72 195.80 207.59 235.36 0.979262
1 137.52 208.27 158.43 268.48 0.978949
1 557.05 223.03 581.47 273.66 0.974311
1 615.15 239.06 632.01 267.05 0.971849
1 467.86 189.96 480.49 224.88 0.969192
1 611.02 177.36 626.69 216.22 0.966514
1 375.33 161.30 386.45 191.72 0.964757
1 202.59 141.83 214.04 168.97 0.962491
1 330.52 141.78 338.20 158.62 0.953403
1 600.58 242.39 617.15 265.77 0.939142
1 384.00 166.74 395.65 194.22 0.933012
1 311.23 249.86 333.81 323.04 0.932736
1 520.74 191.31 539.25 233.45 0.932121
2 598.49 168.13 612.94 201.58 0.921648
1 564.12 212.26 583.04 254.27 0.918602
1 544.44 227.62 563.12 255.55 0.916238
1 430.05 211.24 448.17 238.12 0.915057
1 345.06 205.24 360.66 239.71 0.907964
2 454.91 181.47 465.40 208.44 0.905292
2 443.59 180.48 456.87 216.17 0.902551
1 120.20 213.60 140.30 252.41 0.890077
1 667.23 167.43 678.19 193.58 0.889134
2 632.15 168.69 644.34 183.89 0.877918
2 619.51 171.80 630.77 203.89 0.874739
3 358.46 207.77 393.64 237.61 0.871148
1 31.46 133.55 41.39 155.98 0.865191
1 425.47 190.46 436.80 227.10 0.862007
2 486.90 217.48 500.61 245.44 0.854252
1 36.31 148.80 46.66 169.28 0.844152
1 115.60 168.03 130.05 184.47 0.841431
4 579.81 155.95 589.29 169.77 0.825964
1 304.36 160.25 312.90 173.71 0.809657
4 594.64 153.36 608.20 163.51 0.808074
6 132.85 85.17 270.31 138.27 0.781368
2 433.63 164.50 443.78 183.06 0.774310
1 324.22 240.87 338.04 264.54 0.773266
2 879.26 322.58 937.44 398.16 0.740124
1 529.73 162.69 539.68 186.02 0.737761
1 327.89 207.99 346.04 243.60 0.710182
1 101.10 211.27 132.05 253.17 0.707364
2 311.38 240.56 355.91 324.05 0.700407
3 456.19 143.95 493.55 163.22 0.687838
4 752.27 128.56 761.46 136.92 0.676824
3 678.23 165.13 695.82 178.85 0.667763
6 246.03 110.78 326.40 141.32 0.662644
3 528.39 164.46 547.51 185.39 0.661970
4 579.79 152.77 608.76 171.46 0.637062
3 480.47 148.42 494.76 165.24 0.634052
4 751.97 126.71 776.50 137.73 0.625221
2 186.40 127.42 194.10 144.70 0.615425
2 202.62 126.23 210.02 144.80 0.609104
2 425.30 173.22 494.88 237.53 0.608515
3 568.48 151.80 608.49 171.55 0.607318
6 558.46 124.93 596.79 173.49 0.601378
2 529.78 163.18 546.14 186.43 0.594944
3 317.94 195.09 348.71 222.63 0.577537
2 600.32 238.71 657.89 271.37 0.565829
2 318.12 197.82 332.12 222.46 0.564085
2 360.11 207.29 372.45 231.19 0.557478
6 301.12 166.26 345.76 220.06 0.557195
2 547.10 151.39 554.87 171.85 0.547641
2 194.42 122.04 203.90 145.94 0.547243
6 181.66 99.95 211.72 124.29 0.541314
4 277.71 128.51 287.44 135.70 0.531056
3 322.16 218.80 347.78 243.61 0.527810
4 457.58 143.64 480.08 154.81 0.526906
2 375.40 160.81 395.71 194.69 0.526885
2 31.33 133.38 46.77 169.26 0.525036
2 142.87 130.21 151.99 149.87 0.512089
2 456.99 143.47 467.54 157.91 0.509563
2 431.49 175.75 445.85 201.59 0.504711
5 91.09 119.25 164.55 147.61 0.500989
2 318.55 194.64 393.80 240.71 0.486373
4 247.92 126.20 266.82 136.18 0.486371
3 456.80 149.01 479.60 161.51 0.483711
2 311.26 249.79 331.11 281.08 0.479797
2 132.47 132.52 140.59 148.33 0.462655
7 300.74 166.16 393.90 240.18 0.451471
3 83.77 133.82 100.90 147.43 0.446267
2 297.36 160.19 313.07 194.52 0.443999
1 54.98 119.74 66.05 141.68 0.432825
2 244.03 202.15 253.99 211.86 0.432013
2 324.11 241.25 337.99 279.63 0.429357
2 305.77 162.53 681.67 389.68 0.428962
9 0.12 81.22 99.49 127.75 0.417841
2 84.02 352.65 135.59 403.90 0.417116
3 188.74 159.57 232.14 183.32 0.411619
9 163.75 85.72 269.03 100.62 0.390065
9 0.20 80.41 97.64 99.08 0.374773
2 137.76 207.55 153.00 244.13 0.371034
2 186.27 122.15 210.32 146.28 0.365735
4 80.81 119.98 93.23 129.02 0.361138
2 96.77 122.66 106.06 135.48 0.358512
2 100.79 196.13 225.61 268.93 0.357559
4 53.30 123.14 72.34 136.10 0.355229
4 52.44 118.70 106.97 145.00 0.314394
1 220.39 282.05 254.73 297.33 0.296298
2 101.09 206.28 159.02 269.62 0.272430
9 0.40 83.09 270.75 146.10 0.268659
