9 372.97 361.70 568.19 480.65 0.999988
4 1224.35 125.54 1255.26 153.65 0.999805
5 258.68 127.20 419.21 214.23 0.999801
4 1099.20 9.46 1149.32 43.45 0.999031
4 1147.86 154.66 1179.64 177.20 0.997370
5 1033.90 205.69 1359.30 391.62 0.995050
3 0.94 697.59 169.92 764.38 0.949139
4 1099.48 22.72 1124.11 43.32 0.862412
10 1038.86 206.15 1275.79 331.25 0.809613
3 1127.14 26.20 1139.66 40.58 0.741334
1 1033.90 205.83 1359.48 391.18 0.722973
4 927.89 52.53 942.02 61.48 0.711048
4 797.10 85.64 822.20 103.41 0.701751
6 362.01 333.70 426.08 402.54 0.662335
4 760.48 86.15 777.44 96.06 0.624592
2 1310.28 307.05 1349.19 337.18 0.591126
2 453.37 401.50 466.74 419.69 0.569665
2 1158.65 317.84 1182.72 342.79 0.558148
2 1310.15 307.41 1328.43 329.00 0.518789
2 453.75 386.80 497.42 418.34 0.501638
1 453.98 396.49 476.72 418.71 0.493412
2 483.09 385.43 499.50 402.28 0.475789
1 1224.35 125.39 1255.34 153.72 0.474116
2 365.67 158.99 380.29 176.86 0.472671
1 1147.81 154.53 1179.75 177.33 0.467192
2 420.80 416.65 438.58 437.37 0.427578
1 202.00 1.05 215.95 40.74 0.381523
1 83.16 711.47 107.37 754.11 0.328009
2 365.48 153.50 408.64 178.39 0.317175
