1 445.22 355.55 455.86 389.68 0.999673
1 511.15 328.80 524.03 362.78 0.999474
1 632.98 411.53 647.25 452.18 0.999361
1 268.43 262.47 279.83 287.23 0.998205
1 505.11 281.90 516.38 307.62 0.998197
1 593.68 242.90 605.53 267.33 0.998088
1 541.91 448.07 554.60 479.81 0.997131
1 813.93 297.38 824.49 327.14 0.996920
1 869.20 385.24 884.69 421.89 0.996068
1 785.91 294.93 797.14 321.68 0.995973
1 674.95 274.69 686.15 297.45 0.995947
1 730.77 279.69 743.22 306.72 0.995690
1 297.63 200.63 308.23 225.12 0.995514
1 597.82 397.72 607.89 427.17 0.994998
1 854.39 386.45 867.93 420.04 0.994388
1 918.37 324.43 932.91 351.42 0.993752
1 887.37 346.58 908.05 382.65 0.993006
1 762.18 287.47 772.79 309.00 0.991926
1 903.02 316.63 918.25 348.46 0.990542
1 686.52 195.26 696.29 215.11 0.987691
1 335.12 203.93 346.37 224.42 0.985497
1 596.84 422.85 609.77 458.63 0.983790
4 569.12 174.47 596.15 196.43 0.979172
1 799.50 195.10 811.04 215.41 0.977631
1 844.09 212.73 854.05 235.31 0.976905
1 611.82 186.24 621.48 206.17 0.975704
1 578.90 429.39 588.85 450.92 0.972232
1 468.15 195.48 476.71 216.49 0.970042
3 485.29 199.90 503.43 212.59 0.968180
4 712.66 177.65 744.11 200.42 0.963164
1 519.53 440.48 532.31 472.47 0.949424
1 500.28 445.51 523.69 486.55 0.948973
4 677.03 184.94 696.73 196.76 0.941083
1 830.81 209.88 842.71 233.48 0.923374
4 894.88 202.45 917.23 213.89 0.914969
5 171.64 210.60 187.88 231.61 0.911886
1 74.23 287.09 85.27 305.18 0.909133
1 138.17 228.70 151.51 255.69 0.901852
1 952.22 410.22 959.86 438.18 0.890371
1 543.42 395.69 555.34 419.84 0.879558
2 852.64 314.68 934.10 423.67 0.870382
1 667.27 214.28 675.84 229.48 0.849773
1 510.75 432.89 524.19 468.06 0.842759
4 787.21 185.45 802.98 202.52 0.840748
1 922.95 210.18 936.14 238.25 0.838434
1 625.76 527.99 636.18 539.63 0.794250
1 665.55 526.43 678.63 539.47 0.792489
3 922.41 218.79 936.28 239.70 0.792207
1 461.00 196.23 470.07 216.61 0.784406
2 637.78 182.54 663.28 197.75 0.783927
3 674.93 285.21 685.72 298.07 0.771907
3 833.45 192.76 854.70 208.59 0.760539
2 499.39 395.79 648.46 487.06 0.749586
1 906.77 224.28 917.85 239.82 0.739448
3 269.33 272.80 279.99 288.12 0.711702
1 111.89 276.89 121.89 294.40 0.696893
1 915.88 202.61 924.44 223.06 0.696128
2 461.37 195.09 476.88 217.07 0.695304
1 940.66 232.31 950.77 247.25 0.682330
4 501.59 185.52 518.02 195.22 0.658199
1 488.83 213.90 496.53 224.93 0.652336
1 495.42 223.27 508.51 237.61 0.642346
6 463.13 76.06 510.29 97.75 0.637065
4 463.38 79.02 492.70 96.73 0.633703
4 727.55 189.13 739.91 200.39 0.632134
3 534.16 399.90 554.42 420.81 0.628661
6 569.23 174.48 596.20 196.51 0.627131
1 189.99 228.10 201.12 249.64 0.624655
3 190.23 233.99 202.61 250.43 0.618009
3 638.12 186.93 660.57 197.61 0.615043
1 804.29 232.50 814.63 246.17 0.614599
2 838.62 183.46 847.92 202.36 0.606475
2 796.52 192.50 952.65 245.42 0.581136
2 924.51 208.59 934.93 227.97 0.579972
2 673.60 273.50 826.61 327.17 0.576316
1 121.19 274.73 136.49 292.95 0.570576
2 906.76 202.91 936.78 239.87 0.552728
2 830.57 209.34 854.28 236.02 0.550112
3 298.27 210.90 310.00 225.54 0.543758
6 786.70 183.19 854.70 207.42 0.540500
1 199.72 226.05 210.67 247.81 0.534396
9 716.59 177.83 743.58 190.03 0.532439
2 655.77 182.92 663.60 195.78 0.523356
1 638.91 182.84 649.59 196.70 0.518111
3 334.95 212.62 346.41 224.59 0.513154
2 599.53 434.63 609.45 457.69 0.478899
2 460.79 193.89 509.40 238.39 0.473954
2 189.60 225.76 211.14 250.07 0.469986
2 112.04 274.53 136.57 294.27 0.461582
2 282.10 204.19 287.18 215.86 0.440348
1 574.43 181.42 582.57 195.70 0.437957
9 787.38 184.23 839.52 204.80 0.393063
3 111.92 228.36 129.99 241.62 0.381009
2 111.91 228.87 121.96 241.41 0.345792
2 73.59 274.08 137.11 305.90 0.289148
