1 802.21 567.03 830.29 632.68 0.999769
3 427.73 389.92 447.18 421.04 0.999764
3 488.73 329.58 505.29 356.79 0.999734
4 366.38 597.60 483.56 748.37 0.999250
4 536.02 318.24 584.28 366.91 0.999139
4 422.55 492.64 506.21 589.89 0.999137
6 662.14 180.79 679.84 206.62 0.998568
4 85.23 514.85 232.95 587.12 0.997881
1 430.45 374.27 447.99 412.55 0.997770
4 484.07 415.60 541.57 481.76 0.997128
7 405.06 348.70 452.49 395.37 0.996890
4 1237.64 154.90 1278.05 170.85 0.996496
4 727.22 241.70 756.71 269.81 0.996469
4 579.74 244.46 614.72 288.22 0.996391
4 661.24 218.76 687.93 245.73 0.996297
1 489.52 317.43 504.40 350.61 0.994152
4 600.98 211.48 631.31 241.90 0.993881
4 415.50 310.57 485.03 356.80 0.991171
4 607.36 187.51 627.98 210.64 0.988508
4 639.17 191.03 661.94 213.89 0.987685
4 340.09 326.93 395.87 366.17 0.985620
4 666.76 122.50 680.58 136.05 0.984893
4 660.15 141.53 678.17 157.05 0.984695
2 606.06 341.35 615.94 365.65 0.977302
2 597.59 178.57 605.20 198.18 0.976639
4 723.66 200.50 750.86 234.32 0.975725
4 366.81 147.26 410.67 177.03 0.965703
4 568.34 169.93 593.98 192.27 0.961666
4 694.11 117.52 707.55 130.89 0.961538
4 716.96 184.89 739.06 205.56 0.960330
4 304.39 399.02 352.35 440.90 0.951842
4 426.63 284.28 455.47 307.21 0.950409
4 661.93 99.10 676.12 109.16 0.945145
4 710.87 163.46 736.25 182.74 0.905495
4 373.56 298.23 438.30 332.27 0.903811
4 632.70 115.55 659.89 128.04 0.761868
4 1133.89 151.10 1163.00 164.96 0.737022
