4 567.01 394.36 620.36 472.53 0.999793
3 898.02 592.95 927.91 632.03 0.999766
4 672.24 344.28 719.57 402.67 0.999728
4 520.77 567.35 594.74 702.00 0.999728
4 699.39 483.31 757.56 573.10 0.999675
4 485.98 372.01 527.35 427.81 0.999512
4 586.53 282.49 630.32 339.78 0.999427
4 673.69 231.45 712.18 271.22 0.999362
4 603.41 225.85 639.17 269.93 0.999354
4 474.06 300.29 524.94 357.77 0.999347
4 767.27 190.27 787.82 217.75 0.999098
1 759.79 322.85 776.58 361.26 0.999066
4 968.27 579.10 1109.83 647.55 0.998909
4 279.22 689.92 380.92 764.18 0.998766
1 917.07 578.72 938.10 635.61 0.998706
4 341.33 513.18 435.32 626.09 0.998444
4 882.11 450.05 1003.88 505.89 0.998415
4 643.47 78.40 664.01 102.81 0.998235
4 936.72 685.10 1032.30 763.80 0.998207
4 398.67 421.66 472.44 509.27 0.998078
4 714.37 92.53 739.74 115.42 0.997727
2 765.82 270.20 781.37 295.63 0.997350
4 682.52 145.68 708.40 180.54 0.997276
1 566.02 182.90 575.74 207.22 0.996730
3 761.41 340.10 775.53 362.56 0.996566
4 635.39 56.91 654.46 78.77 0.996261
4 756.24 122.24 776.17 152.17 0.994101
1 765.54 260.03 781.56 294.55 0.993985
1 593.11 137.91 602.43 162.29 0.991355
1 966.03 512.04 984.16 558.34 0.990507
4 549.37 71.47 563.67 84.62 0.989487
2 608.26 183.86 619.86 200.39 0.989114
1 737.96 48.51 746.69 69.60 0.988384
4 663.24 1.98 680.95 17.50 0.987724
1 607.93 173.91 620.40 199.66 0.985377
1 608.50 124.79 617.91 149.15 0.981847
1 746.91 98.27 755.81 119.34 0.978588
4 725.96 20.89 759.85 37.97 0.978046
1 579.05 137.19 589.72 161.63 0.977704
4 640.69 23.89 683.90 40.23 0.974020
3 991.56 397.60 1008.84 435.12 0.973825
4 485.85 4.59 511.33 21.67 0.971810
3 609.16 135.03 617.50 149.41 0.970863
1 755.97 98.52 764.21 116.42 0.967160
3 953.88 529.16 981.87 562.91 0.958294
4 416.12 16.07 446.82 27.61 0.955723
4 705.20 14.77 738.72 30.87 0.953699
1 953.56 519.04 973.22 562.40 0.953132
4 476.96 15.58 488.66 27.84 0.951009
3 1109.17 440.96 1137.31 481.03 0.949736
3 1050.35 383.10 1082.68 422.12 0.944029
4 639.81 24.13 649.92 35.95 0.941218
1 654.73 42.91 662.35 58.54 0.940917
4 0.09 46.07 29.45 66.13 0.938984
1 600.82 65.59 611.49 94.97 0.937871
4 123.40 79.66 152.51 101.16 0.936028
3 88.46 42.51 129.47 64.28 0.934329
4 611.02 11.98 639.70 28.32 0.932761
4 866.03 58.74 891.34 87.97 0.932328
1 1145.92 405.27 1175.40 448.76 0.931816
1 612.83 39.74 620.46 58.24 0.925633
4 64.11 74.21 81.59 92.73 0.925200
3 1050.65 399.34 1071.50 422.29 0.920162
4 206.22 47.37 261.81 72.57 0.915401
6 578.48 72.40 590.81 100.04 0.909782
3 1074.85 422.81 1114.47 451.17 0.906373
1 595.54 72.45 603.17 93.93 0.903997
3 1023.14 350.26 1060.48 379.37 0.903281
4 749.06 51.22 762.91 68.23 0.881261
4 761.85 26.62 770.65 43.24 0.877201
4 529.94 181.33 554.64 212.22 0.877038
3 738.34 58.09 746.73 70.31 0.876073
4 60.96 45.34 79.05 59.97 0.873774
4 79.24 71.05 119.38 98.86 0.873686
4 145.68 77.76 183.36 103.10 0.864151
4 704.44 18.78 714.95 30.46 0.862923
2 693.60 32.59 710.34 48.31 0.845565
4 947.25 396.75 1008.86 436.14 0.844572
4 485.56 192.66 495.52 206.42 0.844166
3 1046.11 354.24 1061.01 378.69 0.835769
6 755.40 110.34 776.87 152.88 0.833097
4 746.33 0.09 759.11 11.13 0.824292
4 836.47 15.83 854.58 34.05 0.821762
3 652.42 49.95 661.84 61.26 0.820367
3 663.13 188.64 673.31 202.21 0.813331
4 610.08 14.18 621.77 26.79 0.801569
2 1038.90 279.58 1057.23 312.34 0.792413
3 1004.29 353.08 1027.04 383.15 0.776448
1 1045.49 278.08 1057.60 312.18 0.773993
3 600.57 27.43 619.09 41.00 0.773205
2 746.73 97.12 764.19 120.13 0.771940
3 1094.95 423.11 1113.52 445.73 0.767460
4 494.98 86.18 513.84 104.04 0.761309
1 360.82 5.45 368.40 20.43 0.760769
4 584.37 48.76 609.54 65.79 0.759744
4 537.39 182.01 550.96 194.90 0.741900
4 414.58 126.55 474.87 152.35 0.739743
7 530.32 182.21 551.26 211.73 0.730366
4 202.06 723.34 239.39 764.35 0.719746
4 237.17 16.47 245.60 30.50 0.716710
3 581.28 143.59 590.20 161.33 0.715480
4 588.83 0.95 624.85 22.84 0.713866
4 194.13 62.01 243.21 93.93 0.702755
6 662.66 0.38 686.20 17.76 0.701729
3 1107.90 385.12 1139.64 417.60 0.691947
2 595.12 64.36 611.85 95.75 0.689744
3 609.38 184.76 619.20 199.21 0.688882
4 171.71 33.49 184.14 47.90 0.687330
4 992.25 405.48 1005.60 435.64 0.680819
3 1061.35 306.93 1076.08 331.43 0.679754
3 1044.90 293.44 1056.09 312.67 0.661582
3 563.17 142.94 574.58 163.87 0.646044
6 0.23 33.60 86.05 62.33 0.645377
6 476.25 2.86 511.56 23.66 0.637335
3 976.33 445.49 990.33 460.86 0.631362
4 725.47 25.33 744.62 37.19 0.630809
3 1074.60 422.45 1137.55 481.30 0.627154
2 1064.40 382.29 1082.76 412.54 0.625129
4 190.74 10.27 199.98 22.13 0.615044
4 307.53 12.40 358.85 26.29 0.614483
2 1158.30 409.13 1175.96 448.51 0.613759
4 516.15 16.60 527.78 24.48 0.612175
3 969.05 535.69 982.83 559.57 0.607162
4 547.40 23.96 577.12 32.93 0.604769
2 602.27 76.62 609.88 94.90 0.595043
1 603.28 65.48 610.65 80.83 0.593991
3 1071.16 392.20 1082.82 413.25 0.591214
2 662.22 177.56 674.01 202.10 0.590105
2 652.34 15.41 659.88 25.29 0.588981
4 207.83 58.61 244.06 75.66 0.582329
6 299.71 0.00 328.49 12.49 0.581987
6 1239.64 452.27 1359.30 596.32 0.580706
4 447.37 130.19 473.79 150.87 0.572768
2 609.61 173.64 618.98 188.20 0.569357
2 747.60 98.31 755.40 118.82 0.563450
4 513.37 22.40 577.24 33.22 0.557491
2 344.52 2.38 353.64 17.11 0.556711
4 591.43 11.47 612.88 22.77 0.554688
2 495.41 87.20 504.34 103.31 0.552523
4 513.33 22.23 542.94 31.79 0.552118
2 1110.36 318.41 1124.41 344.67 0.547521
3 536.93 180.57 555.23 194.98 0.542786
2 1145.43 412.53 1164.00 442.77 0.538309
2 572.63 139.83 580.17 152.75 0.533929
4 352.78 123.70 391.19 144.17 0.531961
2 569.73 139.97 577.90 158.29 0.528144
3 1141.51 426.56 1175.84 456.28 0.524104
6 238.07 0.33 301.63 25.33 0.523498
2 759.05 98.34 765.71 114.88 0.502568
4 36.93 47.06 58.41 59.93 0.491401
2 574.00 124.61 617.76 163.91 0.490151
4 265.18 12.37 300.44 24.50 0.473336
1 530.70 182.83 548.75 211.99 0.472663
2 751.81 98.14 758.76 118.98 0.468869
4 305.72 15.83 319.62 24.22 0.467667
2 565.35 124.26 618.75 208.26 0.461984
4 237.01 14.49 274.56 26.33 0.454486
9 588.35 0.00 651.96 12.50 0.447698
6 202.32 502.47 353.16 764.01 0.433368
3 166.02 43.31 174.29 52.11 0.422123
4 344.56 19.14 365.41 27.28 0.414300
1 268.79 637.45 287.88 688.19 0.377883
9 0.23 0.74 88.26 61.36 0.338844
4 57.27 106.64 121.62 136.02 0.327033
3 98.30 48.95 115.05 64.55 0.323805
3 116.20 53.06 130.26 63.61 0.322138
2 96.09 45.27 112.19 63.82 0.309424
9 1186.49 389.28 1259.01 487.37 0.303251
9 1140.20 341.09 1259.54 484.50 0.299452
4 36.76 42.77 80.51 60.94 0.294937
4 39.67 74.02 81.57 96.47 0.280070
9 1186.14 399.07 1358.48 601.37 0.258658
