5 465.89 699.15 674.59 1023.63 0.999977
5 1040.57 482.01 1137.20 610.14 0.999890
4 877.62 832.85 957.62 937.62 0.999756
4 1020.15 866.96 1109.96 978.11 0.999721
4 881.76 659.45 948.74 732.32 0.999665
4 995.47 708.42 1069.12 784.45 0.999636
4 727.63 905.73 828.41 1044.26 0.999445
4 810.22 603.87 866.07 660.12 0.999355
4 968.46 525.39 1010.04 565.95 0.999338
4 0.17 910.43 133.96 1055.80 0.999299
4 978.38 603.21 1041.51 665.84 0.999272
4 421.71 788.32 524.20 902.14 0.998540
4 329.01 679.22 429.74 769.19 0.998444
4 491.57 521.58 550.54 571.97 0.998292
4 431.89 671.68 517.51 757.80 0.998223
4 880.34 470.86 919.46 509.60 0.997957
4 160.41 855.92 318.17 1036.90 0.997276
4 834.05 458.57 868.36 487.61 0.996987
4 952.72 462.72 991.58 496.62 0.996734
4 563.50 537.78 622.14 590.06 0.996105
4 604.44 566.40 672.87 629.67 0.996082
4 615.16 454.90 661.53 489.37 0.996016
4 572.04 633.91 660.92 709.86 0.995478
4 658.81 511.24 706.57 558.85 0.994469
4 678.66 471.66 725.39 514.78 0.992743
4 912.90 352.48 939.23 377.03 0.990690
4 960.32 250.93 986.87 288.91 0.987776
4 732.37 276.94 769.13 317.54 0.987269
4 767.41 457.50 800.91 474.29 0.986929
4 768.89 352.18 795.85 376.97 0.986598
4 876.15 342.73 901.34 364.96 0.985038
4 932.88 325.57 955.24 346.22 0.984603
4 988.26 366.71 1013.97 389.16 0.979872
4 795.54 312.80 816.22 332.82 0.978044
4 729.99 341.04 757.01 368.02 0.977551
4 726.66 312.25 746.73 331.58 0.975680
1 234.58 665.20 253.94 711.35 0.974655
2 283.35 583.60 322.86 627.82 0.972769
4 37.12 504.02 119.03 546.12 0.970001
1 1044.69 381.03 1058.39 415.99 0.969379
4 749.61 325.10 772.77 350.40 0.969185
4 939.04 280.15 957.58 300.80 0.968864
1 114.81 662.71 136.11 723.68 0.967806
5 427.90 452.07 509.97 516.92 0.962180
4 878.17 310.46 899.22 332.72 0.961724
6 759.52 254.72 786.87 287.14 0.959491
4 948.57 257.46 962.06 273.23 0.959037
4 843.90 276.39 862.78 293.30 0.954598
4 884.01 289.47 902.88 307.88 0.952263
4 808.79 294.11 827.96 311.24 0.949000
4 895.60 247.27 910.90 260.64 0.948337
1 1559.59 762.15 1583.92 816.07 0.947770
4 862.22 372.62 889.89 388.63 0.944539
4 73.11 461.66 173.36 501.59 0.943267
4 883.02 274.02 899.35 290.96 0.940017
1 805.24 388.34 816.83 410.54 0.937981
2 293.96 619.07 315.13 652.33 0.937801
6 732.18 245.18 765.98 279.43 0.936730
4 706.87 358.72 734.87 384.87 0.936078
4 97.27 493.38 192.53 554.53 0.913900
1 567.50 368.21 584.09 405.91 0.912098
4 913.25 295.89 934.19 323.93 0.909922
4 947.28 306.13 968.66 325.16 0.909618
1 683.49 369.75 697.47 406.70 0.901053
4 775.32 300.07 791.94 319.32 0.900639
4 919.07 253.38 931.65 265.27 0.900385
4 665.92 314.53 682.42 329.80 0.896753
4 772.03 310.12 786.69 327.62 0.893531
4 707.19 453.67 741.09 467.07 0.892793
1 145.21 658.24 170.39 720.54 0.889939
4 784.17 281.50 801.51 299.63 0.884768
1 231.64 592.82 250.67 636.80 0.883613
4 798.27 262.83 819.11 282.72 0.874921
1 1257.24 379.38 1271.04 420.49 0.873691
1 130.12 593.14 149.14 640.43 0.871056
3 1155.86 416.40 1180.93 439.44 0.868114
4 910.74 276.15 928.95 293.70 0.866029
1 266.37 501.20 289.42 550.62 0.864262
4 957.34 373.63 1004.10 393.33 0.861843
4 703.27 270.67 718.14 292.41 0.858231
4 887.40 260.80 904.46 275.59 0.858108
1 593.52 367.00 609.51 405.95 0.856966
4 961.21 272.45 985.24 288.89 0.854143
4 1165.32 310.12 1178.76 324.06 0.851958
6 1164.65 418.23 1348.78 617.81 0.840142
1 1238.84 378.03 1258.65 422.58 0.839787
4 828.40 248.56 849.09 271.97 0.839173
1 267.95 648.74 287.17 687.19 0.837838
4 651.11 242.34 682.41 274.99 0.824227
4 816.26 276.50 835.42 292.58 0.819821
4 913.43 290.35 932.14 307.39 0.815085
3 179.54 627.34 204.67 666.04 0.812928
3 1184.97 384.57 1214.12 418.15 0.809989
2 1237.54 374.67 1270.01 424.51 0.808082
1 1156.47 396.43 1180.33 437.79 0.801739
2 1173.99 370.22 1210.19 416.52 0.800679
3 1286.60 815.67 1342.92 866.92 0.794441
4 985.26 266.35 999.92 282.36 0.793183
4 909.91 283.99 928.11 300.54 0.789234
1 13.27 655.38 36.83 713.06 0.783988
1 504.21 380.65 515.83 405.71 0.781376
1 245.50 432.03 263.86 473.32 0.779213
4 930.06 261.10 945.23 274.55 0.769621
6 402.39 450.56 511.79 516.99 0.755175
1 497.08 474.48 512.45 512.59 0.754028
1 78.48 563.06 94.18 605.03 0.749528
4 1860.40 341.49 1919.66 365.27 0.747519
4 915.39 263.99 934.96 279.73 0.732241
1 1520.31 760.53 1542.65 807.51 0.727829
1 318.16 408.49 333.72 448.46 0.722622
1 1195.87 295.51 1205.75 318.21 0.718047
1 1540.27 766.03 1561.94 819.21 0.713203
3 303.13 431.61 324.11 456.42 0.711980
3 1120.63 371.53 1143.02 393.34 0.707174
2 1519.00 760.17 1584.57 825.30 0.704798
1 546.45 345.10 560.75 380.42 0.702632
4 1063.69 480.63 1119.41 518.75 0.702114
2 301.98 405.41 333.31 455.33 0.701577
4 824.52 208.37 839.37 219.68 0.696405
4 431.94 406.17 474.08 426.57 0.696090
4 892.53 207.53 910.77 219.22 0.692854
3 1206.72 390.33 1226.00 416.56 0.691526
3 379.66 366.32 412.50 398.29 0.690671
1 302.19 407.85 321.75 453.72 0.689855
4 767.32 275.53 784.89 288.73 0.687526
5 90.94 777.47 127.47 823.83 0.687469
4 825.40 261.87 845.94 277.35 0.678742
4 864.02 211.17 877.08 221.54 0.678361
6 1579.18 623.83 1919.59 1074.11 0.676725
4 782.48 192.79 799.11 206.48 0.673853
1 478.05 346.36 490.28 372.20 0.670515
3 1720.66 198.53 1813.71 267.19 0.668129
4 1088.13 373.27 1116.30 392.10 0.665216
4 757.62 316.18 776.30 330.18 0.662663
6 638.67 235.16 689.74 289.30 0.659285
4 948.25 437.42 964.87 453.54 0.656211
6 728.84 221.18 790.36 287.78 0.650220
4 817.19 202.48 831.79 213.95 0.646782
1 1705.25 332.40 1726.50 358.66 0.641162
3 1174.34 370.44 1205.88 393.18 0.640196
3 1722.41 214.24 1767.67 266.23 0.634006
3 284.05 586.94 323.71 651.99 0.632831
4 674.43 207.45 696.61 225.77 0.631731
4 1832.44 340.44 1855.14 362.90 0.630662
3 1108.53 488.64 1135.24 530.27 0.629714
3 1559.46 787.28 1582.78 817.52 0.629268
4 643.06 212.65 663.05 228.24 0.628605
4 1746.94 162.68 1816.49 191.21 0.627263
1 124.36 539.94 141.26 580.15 0.625857
1 22.71 679.87 46.17 727.20 0.625755
3 1538.71 784.13 1557.94 826.08 0.617493
3 145.28 677.22 170.39 717.59 0.616394
2 1614.27 772.75 1647.18 836.07 0.613863
6 90.46 751.39 157.62 824.61 0.612148
4 582.54 452.45 623.90 464.42 0.602951
6 401.00 450.34 439.69 484.04 0.601856
4 1607.61 331.11 1668.16 354.80 0.599520
4 1312.54 556.16 1331.68 577.86 0.594436
1 33.99 496.20 53.11 529.19 0.591986
4 1086.85 366.02 1142.11 393.09 0.591489
1 572.98 920.70 606.26 961.92 0.586920
1 468.50 310.92 478.84 333.06 0.585886
3 1119.60 399.36 1160.07 417.45 0.585686
4 1311.67 554.31 1364.01 595.32 0.585380
4 662.02 504.45 698.34 525.72 0.585271
6 1626.48 516.57 1786.08 607.63 0.574450
1 1288.07 299.14 1303.73 328.29 0.572625
2 428.07 336.14 450.62 379.30 0.569408
4 1637.59 329.99 1666.93 343.82 0.565933
6 1170.66 470.64 1248.12 613.00 0.561156
4 1862.28 348.08 1887.92 365.63 0.561008
1 43.26 559.79 63.18 603.96 0.559380
3 1514.58 788.39 1554.03 829.09 0.558247
2 1062.02 462.31 1130.94 499.66 0.555906
1 527.76 335.11 537.85 354.16 0.555705
4 126.78 751.84 157.47 799.42 0.554267
2 629.93 311.89 647.64 345.99 0.554166
4 846.33 211.36 863.80 221.96 0.553524
2 1071.33 464.77 1085.16 482.87 0.550536
3 179.53 616.59 239.11 666.07 0.549808
6 1250.10 418.16 1347.30 557.61 0.548920
1 428.36 338.77 441.86 378.38 0.546838
9 875.28 178.26 906.65 195.36 0.546318
2 1306.92 814.00 1343.16 866.03 0.543066
9 798.60 243.06 830.48 274.60 0.542946
6 140.46 445.71 174.74 476.01 0.540288
1 27.81 559.36 47.16 605.44 0.538943
3 56.25 579.39 70.90 602.73 0.537513
6 1040.79 481.43 1136.97 609.07 0.535716
1 616.90 335.03 627.60 367.11 0.535715
3 507.91 468.14 535.07 496.36 0.534929
4 1382.20 801.16 1457.27 867.46 0.533753
1 652.97 316.78 662.48 336.48 0.531352
2 1175.39 370.79 1269.68 424.24 0.528356
1 600.67 330.78 609.84 348.82 0.524622
4 1334.22 904.69 1436.60 966.99 0.521485
3 1502.00 779.07 1581.88 828.18 0.521198
9 761.56 255.14 784.77 272.97 0.519873
2 1250.47 415.51 1269.05 443.40 0.515761
6 1859.09 320.28 1919.73 366.27 0.515175
9 780.69 244.54 798.17 269.66 0.511140
9 874.57 178.41 916.02 219.70 0.510385
2 1105.79 420.22 1122.18 440.39 0.509725
2 417.11 304.00 681.89 402.72 0.509016
5 1279.85 765.05 1337.32 813.17 0.506013
1 615.28 314.50 625.99 341.17 0.503807
3 427.42 359.21 442.83 380.15 0.502954
4 633.89 369.78 658.32 383.04 0.500537
3 264.25 519.68 289.27 552.06 0.497348
1 515.44 333.33 527.38 355.45 0.493905
1 262.75 504.40 275.83 550.01 0.493719
1 542.11 385.53 555.61 406.98 0.493690
3 423.32 294.14 444.55 317.18 0.491111
2 496.31 452.15 549.11 512.19 0.490721
1 453.85 361.34 467.41 401.82 0.488403
1 446.96 359.96 457.75 381.56 0.487340
4 78.65 445.35 127.11 470.12 0.484663
1 1195.79 375.49 1211.05 416.12 0.481342
1 1218.72 324.32 1226.88 346.99 0.480221
1 1001.44 461.83 1012.80 477.76 0.479023
2 529.56 454.21 544.57 483.51 0.477723
1 635.95 324.55 648.58 347.77 0.477436
3 89.28 606.95 117.06 646.84 0.477282
2 1496.96 785.75 1513.53 816.59 0.473119
1 1209.19 324.34 1218.86 345.99 0.472563
1 659.44 259.82 671.66 290.06 0.470779
2 367.99 356.81 381.08 390.04 0.468805
1 580.07 293.07 589.36 316.20 0.468711
1 591.97 318.53 599.92 335.35 0.468546
7 278.05 446.71 324.86 517.82 0.467635
2 89.09 580.89 119.99 643.96 0.466766
1 605.46 289.26 617.43 309.98 0.466709
1 442.06 384.22 453.65 404.56 0.460170
3 383.07 449.72 407.88 477.53 0.459433
1 1185.30 379.85 1203.09 417.68 0.451527
1 498.50 330.70 508.51 350.35 0.450890
6 465.42 698.23 674.76 1023.52 0.447972
1 1261.10 725.99 1279.22 772.72 0.445727
1 1060.68 463.56 1071.41 482.67 0.444741
3 316.12 426.74 333.47 452.69 0.443807
2 615.29 317.44 627.98 361.12 0.443207
9 733.42 220.69 775.03 233.96 0.441368
1 113.23 540.21 129.22 580.09 0.437837
2 11.77 409.24 335.77 727.22 0.437053
1 1571.75 325.51 1589.78 352.86 0.434949
3 89.02 824.28 120.22 875.53 0.432894
1 697.54 385.40 710.30 406.95 0.423515
3 201.72 467.54 228.05 498.57 0.421718
1 198.24 448.43 211.29 482.12 0.418551
1 340.52 617.45 356.43 652.95 0.414057
2 211.01 447.94 226.61 485.02 0.411536
2 253.57 453.82 264.15 474.34 0.411337
2 191.26 445.47 213.71 483.51 0.409484
2 523.00 922.06 606.10 978.67 0.408226
1 444.41 313.02 455.63 332.26 0.407052
1 1139.48 368.68 1150.36 391.26 0.406189
1 523.09 929.23 566.55 976.98 0.403496
1 89.04 597.28 113.99 645.41 0.397430
2 590.97 309.92 680.40 369.50 0.397205
4 37.23 458.22 62.61 478.86 0.394682
2 305.20 590.54 323.51 620.38 0.394357
2 96.60 579.50 118.05 606.36 0.390332
3 268.55 662.51 287.65 687.55 0.389723
2 425.57 323.68 541.55 381.98 0.374476
1 1067.73 361.69 1079.60 388.25 0.367873
2 268.26 648.78 287.02 687.12 0.362854
1 111.74 597.17 134.48 656.22 0.359575
2 18.32 529.92 175.29 725.45 0.340661
3 178.04 513.30 290.64 665.99 0.340305
2 114.08 658.17 170.32 724.15 0.339601
1 134.03 526.74 151.76 558.42 0.337769
4 0.31 446.74 63.77 479.10 0.335903
2 27.63 558.25 68.40 606.32 0.333272
3 25.20 690.73 45.94 727.87 0.316784
2 14.21 655.81 171.80 727.89 0.279703
6 1161.48 413.71 1919.18 1071.45 0.178430
