4 499.88 384.07 543.28 460.94 0.999704
4 470.04 255.61 488.32 287.02 0.999601
4 631.99 327.67 695.96 396.90 0.999269
4 614.61 195.76 650.38 246.64 0.998961
1 761.11 442.19 779.63 473.54 0.998571
4 128.97 354.63 193.36 430.63 0.998207
4 246.79 186.29 281.96 228.84 0.998085
4 46.39 491.88 124.15 539.47 0.997872
4 381.39 133.91 405.19 162.19 0.997766
4 594.64 416.92 692.41 464.52 0.997156
4 509.58 218.74 526.71 245.53 0.996244
4 619.44 251.18 667.75 296.46 0.995563
4 403.60 56.28 419.46 74.41 0.993746
4 611.65 70.66 631.40 96.18 0.992348
4 266.53 210.50 321.18 250.87 0.992234
3 342.49 153.24 354.64 167.19 0.991959
4 533.57 79.70 584.65 104.85 0.991766
3 704.43 203.56 748.87 265.79 0.989536
5 202.08 142.34 245.71 191.70 0.989432
1 797.22 295.37 814.43 322.24 0.988645
4 636.52 87.99 648.40 109.87 0.987870
4 496.44 86.00 513.81 106.86 0.987369
1 240.38 312.81 252.30 336.16 0.986746
4 462.53 15.26 484.23 29.39 0.985254
4 544.13 329.55 620.14 374.91 0.985090
4 296.69 159.35 315.10 185.71 0.984811
4 415.63 28.63 429.91 45.00 0.984140
4 491.89 53.07 506.21 69.62 0.983616
4 389.84 40.29 404.81 56.86 0.983128
4 543.84 238.12 610.01 267.83 0.982599
4 419.72 10.05 433.41 24.87 0.979285
4 447.78 0.16 458.38 9.65 0.978988
4 399.72 11.44 408.56 23.42 0.978564
4 303.03 114.94 331.46 141.38 0.978191
4 374.10 86.08 390.34 106.93 0.977491
4 376.74 3.22 389.86 14.77 0.976966
4 543.93 260.29 616.78 296.41 0.976909
4 399.37 28.22 413.40 43.82 0.976551
4 497.98 71.22 514.59 86.94 0.976131
1 234.88 178.59 244.81 200.41 0.976087
2 133.07 345.55 146.98 363.94 0.974719
4 705.29 220.65 748.63 265.44 0.974528
4 355.66 97.87 368.35 114.05 0.973269
4 582.65 26.19 596.54 40.90 0.972829
4 552.50 288.48 627.66 328.03 0.972292
4 404.89 0.77 416.61 13.20 0.970177
4 360.16 192.50 387.40 230.15 0.970073
4 344.95 88.61 359.15 107.58 0.967627
4 358.44 25.19 375.18 43.05 0.966968
4 358.85 38.64 378.93 57.19 0.963194
4 272.67 146.62 305.39 177.12 0.961946
1 445.33 41.34 450.54 54.04 0.959946
4 597.27 39.52 612.48 55.42 0.959529
4 309.78 91.10 330.23 114.23 0.954823
4 243.70 332.63 271.79 358.73 0.953570
4 586.85 19.27 608.08 32.79 0.951810
4 334.00 14.28 359.31 29.19 0.945909
1 343.48 147.24 353.44 165.69 0.935705
9 775.41 214.02 878.07 305.25 0.932819
4 129.54 99.56 144.10 116.97 0.928211
4 515.48 48.39 524.70 61.14 0.927464
1 38.38 198.77 55.86 220.75 0.921984
4 0.07 197.01 23.59 226.94 0.919849
3 566.28 355.18 643.72 413.82 0.916523
4 519.41 115.31 550.08 139.64 0.912618
1 111.16 127.44 123.85 149.37 0.912426
4 529.26 154.98 588.10 190.67 0.911698
1 554.46 1.62 560.62 14.87 0.911562
4 495.34 41.52 508.11 55.05 0.909982
4 249.05 176.91 264.13 192.44 0.905237
1 573.87 21.00 579.09 32.36 0.898484
4 120.02 188.30 182.72 215.35 0.893568
4 345.68 80.13 376.25 95.82 0.889895
4 267.41 176.11 290.97 193.47 0.882409
4 526.76 170.87 536.03 189.91 0.879256
4 496.05 27.16 505.73 42.01 0.877779
5 844.07 259.63 959.52 493.02 0.874147
1 147.37 267.94 161.56 289.55 0.872896
4 519.56 53.40 555.76 73.24 0.861871
4 524.06 145.44 557.53 170.79 0.861611
4 529.13 161.98 557.87 189.33 0.861023
4 537.52 127.98 584.22 150.60 0.859399
4 566.30 455.97 588.64 491.27 0.848466
4 516.66 99.90 529.26 113.90 0.847587
2 129.31 332.56 155.21 363.46 0.834752
4 78.67 100.37 124.10 119.24 0.826203
4 553.22 53.80 563.41 67.10 0.824083
4 206.82 89.24 225.34 104.91 0.820436
4 534.31 80.17 552.65 95.16 0.815862
6 533.22 170.32 562.53 225.69 0.812637
1 582.05 431.50 596.10 454.15 0.812330
3 361.08 1.42 373.54 12.69 0.800288
4 576.27 0.37 610.96 15.35 0.799835
4 335.51 54.89 360.62 71.77 0.798323
6 332.28 24.72 351.73 55.82 0.794989
4 422.02 0.12 437.37 12.01 0.794415
4 134.74 176.41 192.61 196.64 0.784926
4 287.32 97.95 295.65 112.48 0.779034
4 566.82 369.76 638.40 412.91 0.777302
3 606.87 50.74 622.94 65.39 0.772714
4 311.76 70.65 325.89 80.67 0.763401
1 488.10 33.82 495.59 50.82 0.757628
6 843.61 193.73 959.60 493.47 0.751448
4 326.94 88.77 335.99 105.94 0.748642
3 538.99 0.56 549.37 14.20 0.746640
3 380.16 58.78 390.51 69.80 0.745368
4 529.07 134.71 566.36 152.19 0.738714
3 704.42 223.70 724.58 258.65 0.736047
4 151.52 95.46 182.89 117.15 0.735114
4 327.33 15.58 337.03 25.70 0.727515
4 179.28 76.02 200.97 86.52 0.711383
1 143.57 211.27 161.90 233.52 0.700363
4 329.15 0.14 342.35 8.76 0.698901
1 316.27 25.19 322.08 36.93 0.694603
3 929.90 285.68 959.65 338.12 0.692144
4 51.55 115.83 99.29 136.55 0.691361
4 330.52 70.94 363.67 88.95 0.690636
2 371.09 67.54 385.16 82.31 0.690438
5 523.78 145.35 557.66 189.21 0.688449
4 148.04 157.76 203.01 178.84 0.682995
4 290.64 131.79 308.45 148.27 0.678778
4 0.27 144.58 50.96 166.74 0.675315
4 180.81 103.88 223.82 131.05 0.668926
4 104.76 234.69 172.70 285.82 0.667708
4 515.82 44.73 545.33 60.52 0.660522
4 158.50 142.58 214.31 163.09 0.660339
3 563.49 58.46 577.38 80.55 0.657953
4 216.94 107.21 229.86 124.04 0.657226
4 170.29 99.43 203.25 122.29 0.652975
4 365.97 192.65 386.87 210.38 0.647010
4 338.36 81.18 353.60 95.44 0.646576
7 241.49 332.50 272.08 375.41 0.646359
3 318.96 55.11 330.25 69.15 0.642922
1 146.20 331.92 156.04 352.34 0.642765
2 608.61 43.87 621.33 64.39 0.633678
3 930.28 318.10 950.94 337.78 0.633449
4 221.42 76.73 264.09 100.25 0.628272
1 344.66 35.57 351.62 50.78 0.626048
4 177.91 131.33 219.07 147.24 0.612983
4 0.11 158.27 38.97 181.83 0.612644
4 108.35 90.41 136.55 103.05 0.607285
3 314.65 14.82 324.92 26.16 0.602575
4 336.03 62.28 351.53 71.73 0.600825
3 371.51 72.09 382.18 82.82 0.591198
2 534.07 44.74 542.92 55.91 0.589010
1 568.17 0.00 577.54 10.54 0.588970
1 133.74 337.29 149.31 362.75 0.581169
1 51.57 452.30 71.00 479.95 0.577408
1 523.62 90.67 534.69 114.05 0.576040
2 273.14 14.72 282.70 35.64 0.569257
3 762.00 455.71 771.65 473.57 0.560345
1 380.53 54.56 390.02 68.97 0.556400
4 547.49 127.58 570.32 137.75 0.554910
1 105.81 114.18 117.54 130.94 0.553882
1 553.66 185.53 562.06 201.99 0.545582
1 859.17 449.31 884.32 489.26 0.542970
7 566.35 355.18 644.30 464.94 0.541644
3 235.47 183.39 244.48 200.15 0.536551
1 603.09 354.74 615.94 374.86 0.535924
1 371.40 67.47 380.80 82.05 0.535493
1 648.48 113.21 661.10 135.63 0.532989
4 924.73 260.07 956.72 291.41 0.532019
1 582.00 431.19 608.82 464.31 0.524626
5 149.65 243.74 172.60 271.23 0.524200
2 307.10 84.49 313.17 99.00 0.520887
6 608.49 0.55 759.53 188.94 0.519999
4 31.64 126.06 79.74 144.99 0.516271
1 137.23 262.28 148.61 287.96 0.510127
4 140.78 91.22 155.36 102.95 0.508490
4 271.01 38.73 301.75 57.21 0.505735
2 182.44 86.26 189.90 100.93 0.505535
2 106.08 114.65 125.68 150.00 0.500844
2 314.46 16.41 324.25 36.85 0.496325
2 150.39 85.49 157.68 95.45 0.495878
4 72.93 75.10 96.41 84.82 0.491989
4 158.16 88.61 170.29 97.22 0.488723
1 139.91 78.76 146.78 91.45 0.487833
4 22.19 134.42 67.59 154.23 0.485104
4 207.60 78.35 226.38 93.37 0.481471
3 242.40 323.29 252.19 336.33 0.476729
5 126.31 235.86 153.69 269.43 0.475874
2 297.49 54.70 306.93 66.37 0.474158
1 667.76 146.71 681.53 168.52 0.470987
1 118.22 130.02 125.56 146.69 0.468676
1 128.48 334.40 136.61 352.96 0.466251
9 235.17 8.90 273.32 56.31 0.464129
4 127.83 235.76 153.13 255.94 0.457437
3 116.19 135.92 126.58 149.28 0.450943
2 105.90 117.14 113.78 130.48 0.445782
6 0.13 84.54 23.06 121.43 0.443667
2 188.35 84.91 196.41 97.30 0.439725
2 554.18 0.00 577.76 15.02 0.438389
4 103.75 238.89 115.80 251.09 0.437616
1 135.52 337.65 144.35 352.41 0.429649
7 567.19 429.91 608.81 464.73 0.429534
4 134.99 67.01 161.06 83.06 0.424570
1 164.45 274.97 175.13 290.88 0.408944
2 47.26 105.56 58.08 124.28 0.403853
4 39.69 71.20 57.90 82.51 0.400186
1 164.90 271.31 187.85 290.70 0.399542
9 227.65 0.38 308.19 66.58 0.397274
3 164.45 274.12 187.90 290.70 0.397027
3 0.21 180.59 25.73 203.15 0.387954
1 601.69 198.93 607.45 210.04 0.372734
4 99.72 73.41 123.28 85.15 0.366038
4 66.19 85.09 80.73 95.33 0.357638
7 2.27 393.74 69.94 483.37 0.353995
2 141.51 267.91 187.52 291.39 0.352824
4 40.44 87.73 61.46 106.28 0.346550
4 63.56 113.24 92.55 126.29 0.331045
2 296.79 47.33 329.99 70.50 0.316044
4 40.69 83.95 58.65 96.66 0.313338
4 0.21 170.99 22.91 186.41 0.309412
3 2.19 230.23 16.28 245.40 0.306943
9 0.33 56.63 44.98 110.14 0.306167
1 40.65 451.45 62.42 472.17 0.305816
4 44.47 104.87 72.86 124.88 0.298382
2 25.15 121.83 40.10 138.03 0.290707
3 73.52 89.16 95.72 104.77 0.275422
6 0.32 56.35 56.39 123.80 0.261977
