4 390.47 320.15 511.79 381.27 0.998823
4 559.75 313.23 614.76 351.45 0.998525
4 438.59 205.58 539.60 261.97 0.997516
6 247.39 242.76 313.45 291.73 0.997507
4 0.05 233.98 26.36 272.13 0.997361
4 48.10 377.80 159.78 476.30 0.996254
4 353.01 181.81 451.47 228.70 0.995872
4 474.13 165.56 517.18 211.34 0.995243
4 178.86 351.77 251.82 449.75 0.994153
4 256.95 336.75 375.10 409.35 0.993355
4 161.70 215.78 278.25 261.99 0.991709
4 265.73 175.48 324.11 212.41 0.981143
4 221.22 182.97 285.50 225.09 0.972596
3 180.84 190.58 214.40 216.91 0.969149
1 258.50 252.27 279.47 282.17 0.967696
4 0.08 470.71 11.63 506.65 0.960067
4 405.74 132.43 457.71 165.17 0.959640
4 758.57 91.23 795.56 118.84 0.959018
4 789.66 99.05 865.52 149.13 0.953897
1 598.75 343.27 623.44 378.01 0.947455
4 25.74 243.25 99.04 277.89 0.945215
4 528.90 119.13 547.83 136.17 0.940584
4 99.13 195.61 162.87 250.55 0.939204
4 269.29 147.69 367.59 180.31 0.937807
3 598.29 342.61 651.11 385.17 0.923961
4 548.75 129.18 563.83 148.58 0.903036
1 485.63 96.64 496.60 122.78 0.890965
1 806.46 249.14 819.04 287.56 0.871469
4 684.40 136.82 757.30 173.52 0.856282
4 1029.32 70.38 1051.54 86.75 0.836164
4 676.13 93.13 714.12 127.84 0.802644
4 937.04 84.22 972.36 104.31 0.802357
4 1143.07 58.08 1181.48 78.17 0.791816
3 1325.60 76.88 1349.68 100.63 0.784712
4 1081.43 50.25 1113.61 71.90 0.773497
4 778.53 109.94 807.24 133.55 0.772658
1 488.26 115.34 502.43 138.13 0.757722
4 1215.80 49.35 1234.54 62.87 0.752311
4 1323.27 47.97 1350.41 59.21 0.748332
3 598.99 352.10 621.35 377.78 0.746534
3 25.64 250.37 45.40 277.47 0.741082
4 1216.86 21.68 1232.47 34.14 0.740273
4 937.27 90.60 957.67 104.52 0.739029
4 1165.03 49.63 1202.33 71.17 0.732579
4 1114.60 56.71 1144.66 71.59 0.729059
4 758.19 89.46 778.67 104.56 0.727850
4 1071.42 62.49 1091.82 75.44 0.722255
4 889.20 70.86 911.81 86.39 0.716951
4 994.53 56.91 1052.15 91.76 0.716022
4 1146.37 35.40 1181.21 49.89 0.713076
4 1283.37 16.55 1317.29 35.04 0.712282
1 1171.10 130.20 1177.88 142.63 0.712134
4 1310.95 21.90 1340.78 37.48 0.704870
1 1079.28 147.70 1087.12 162.60 0.703462
3 494.61 135.97 511.10 156.55 0.697499
4 1053.28 45.48 1112.39 74.70 0.693811
7 547.66 121.74 564.36 148.73 0.691727
7 494.24 119.86 521.00 158.44 0.690471
4 1295.09 92.85 1318.97 108.00 0.679803
3 1277.98 81.88 1319.16 107.69 0.671738
4 827.86 88.89 849.98 101.78 0.669773
4 888.54 74.37 973.11 105.72 0.663958
4 678.19 88.47 795.23 122.80 0.659374
1 1256.25 109.58 1263.80 123.97 0.647546
4 490.91 114.10 518.78 130.59 0.645013
3 521.10 150.94 540.32 171.48 0.636360
4 335.29 163.68 440.75 200.94 0.636013
6 256.19 105.64 274.33 121.74 0.624745
3 247.57 261.16 281.58 291.70 0.622994
3 1293.69 76.93 1350.09 108.07 0.619808
3 482.35 124.70 505.30 140.00 0.619746
3 1276.73 83.60 1296.86 103.72 0.618766
1 652.02 311.25 666.07 346.72 0.611414
4 840.60 99.00 894.58 120.56 0.592320
1 484.57 95.51 503.30 138.93 0.586225
2 363.00 143.49 372.60 160.62 0.550920
2 1162.83 34.40 1178.42 49.46 0.539964
7 267.69 383.57 326.25 439.42 0.536304
2 509.05 186.51 517.09 203.72 0.532463
2 1216.19 0.00 1228.05 17.48 0.530513
3 329.64 175.37 352.99 202.37 0.524429
6 274.26 96.52 345.91 135.14 0.520226
4 412.30 170.58 440.19 186.19 0.506013
1 1078.13 37.58 1090.14 60.12 0.493051
1 573.16 79.92 584.81 103.64 0.481769
3 482.34 114.20 518.65 140.17 0.463862
1 1175.11 9.62 1185.44 33.99 0.462542
4 164.35 214.51 246.19 240.94 0.454168
1 829.98 90.43 841.67 102.01 0.453529
3 332.40 175.32 390.47 202.59 0.449569
2 482.88 115.85 504.47 139.59 0.442542
4 292.79 142.36 339.77 167.03 0.435505
4 269.80 149.40 316.71 176.47 0.435276
2 861.99 46.60 894.60 118.51 0.403846
4 145.35 103.55 191.35 127.91 0.395264
1 100.74 444.96 124.50 490.75 0.379330
2 263.81 121.15 282.13 143.48 0.343323
4 59.87 109.97 83.17 127.25 0.314694
4 61.79 108.56 128.20 134.45 0.306125
6 1.02 127.94 99.08 278.14 0.224045
4 47.20 318.33 513.67 481.94 0.169188
