3 170.39 808.79 224.78 867.67 0.999638
4 914.94 550.03 960.49 591.49 0.999406
4 807.26 715.03 904.81 810.25 0.999293
1 1468.55 794.17 1500.88 879.29 0.998889
4 1406.12 925.48 1587.37 1078.09 0.998661
4 1210.03 800.73 1319.17 904.31 0.998422
4 993.54 484.55 1024.67 513.39 0.998348
4 219.51 677.17 342.88 759.56 0.998058
4 880.18 476.07 915.87 509.52 0.998018
4 1126.37 633.44 1198.92 690.20 0.998017
4 1336.08 822.04 1481.06 927.63 0.997855
4 321.22 633.98 418.87 704.65 0.997166
3 0.14 758.79 53.98 805.32 0.997163
3 665.15 585.36 684.45 613.28 0.997154
4 965.88 440.89 989.83 460.92 0.997077
4 1477.32 88.71 1615.10 258.35 0.996755
1 1372.18 663.07 1391.75 721.58 0.996290
4 404.48 591.57 496.23 655.76 0.996157
2 0.13 862.31 45.66 951.15 0.995945
4 1019.73 553.35 1068.80 604.57 0.995758
3 392.33 786.92 439.60 860.64 0.995664
4 0.15 798.26 122.62 910.25 0.995437
4 1303.55 747.84 1415.54 831.63 0.995253
4 89.61 723.02 246.33 821.20 0.993753
4 532.16 572.48 612.93 624.23 0.993752
2 1357.35 617.63 1382.56 652.64 0.993489
1 1319.87 573.98 1339.00 621.37 0.992899
1 403.51 767.16 438.48 836.62 0.992717
1 1116.08 560.55 1131.61 603.26 0.992215
3 1117.45 578.56 1130.60 604.22 0.991286
4 904.49 439.11 932.10 469.18 0.989968
4 1256.50 685.30 1357.08 763.47 0.988644
4 600.88 543.96 666.72 591.50 0.988380
3 86.77 624.48 107.69 655.56 0.987817
1 178.09 771.00 222.29 848.11 0.987018
4 632.55 505.93 678.93 542.81 0.986970
4 840.75 428.49 863.74 447.16 0.985965
4 1011.70 409.70 1028.54 423.78 0.985537
4 515.86 551.90 580.35 600.18 0.984128
1 664.48 566.89 685.36 608.84 0.984020
3 299.24 631.26 340.90 668.45 0.982408
3 1445.53 690.83 1475.99 727.96 0.982398
4 985.37 406.74 1002.33 422.14 0.980025
4 1228.87 648.85 1312.95 710.40 0.978045
4 918.96 426.62 938.99 440.83 0.975334
4 678.30 482.03 721.18 515.74 0.971468
4 1058.05 416.80 1078.23 432.90 0.967802
4 876.43 440.50 892.13 461.27 0.967221
4 566.23 527.77 623.59 571.01 0.966938
4 709.88 478.20 739.13 505.82 0.964070
1 1221.90 725.75 1254.82 779.28 0.963367
1 1348.38 671.75 1362.40 708.72 0.962176
1 644.75 457.84 657.30 487.01 0.957064
4 1194.00 586.89 1253.22 637.10 0.955802
4 1210.42 616.70 1282.51 667.83 0.955726
3 1461.76 717.81 1502.60 773.52 0.952829
4 959.46 404.05 974.46 418.91 0.952386
4 757.62 454.91 779.92 480.24 0.947246
4 1000.30 401.23 1013.61 414.40 0.947220
1 84.27 600.82 107.63 655.01 0.944291
4 849.84 444.41 881.06 470.78 0.940875
4 945.88 413.58 962.03 427.40 0.939836
3 383.08 592.06 428.99 629.59 0.937082
4 1192.21 461.52 1214.00 478.05 0.935155
3 1209.08 531.26 1225.73 552.96 0.929875
4 976.37 390.57 989.25 402.34 0.926871
3 1225.06 745.26 1252.82 779.43 0.926108
3 1074.73 442.11 1086.22 461.76 0.910948
4 776.73 455.71 815.02 484.05 0.908702
3 395.02 565.12 418.70 588.84 0.902961
4 1051.73 402.59 1065.45 415.58 0.900937
4 743.40 460.84 766.87 486.71 0.876449
4 1162.93 548.41 1216.04 585.62 0.874768
1 437.38 548.01 453.87 588.84 0.855909
1 785.65 480.74 798.76 505.32 0.855688
3 0.55 904.84 45.43 950.88 0.853572
4 715.97 467.40 756.62 496.42 0.836937
4 1111.81 465.87 1141.68 484.50 0.836919
1 476.47 532.95 492.58 578.60 0.830875
3 812.12 460.93 829.43 487.06 0.821431
4 1153.73 530.11 1198.86 562.93 0.819450
5 810.63 421.72 842.52 445.50 0.815469
4 1157.04 422.68 1180.52 442.83 0.807370
4 809.91 429.12 831.00 447.39 0.806003
4 1118.54 480.32 1148.60 504.29 0.800895
3 1363.32 626.45 1382.12 652.87 0.798775
5 993.40 394.67 1010.47 412.48 0.796616
4 993.80 392.05 1006.84 402.45 0.794465
4 1126.09 493.39 1149.85 517.12 0.794180
4 1162.05 398.66 1181.85 416.03 0.793779
7 562.44 463.85 609.61 524.65 0.791010
1 450.51 551.86 465.19 588.03 0.784622
4 1148.95 516.93 1183.31 539.44 0.780639
4 942.81 421.72 955.36 439.85 0.777829
1 621.72 475.89 634.84 514.15 0.775986
2 1076.09 419.61 1587.37 1076.12 0.764960
4 607.50 512.28 637.31 540.23 0.762105
3 360.81 615.07 380.67 636.72 0.749926
4 764.98 412.66 782.69 427.14 0.743825
1 422.05 553.70 438.11 590.74 0.740486
3 846.57 457.38 858.83 477.33 0.736177
4 925.28 395.99 952.53 407.25 0.734894
4 1143.73 502.62 1182.24 531.08 0.724718
4 786.28 440.72 811.15 456.83 0.720220
4 1193.32 410.81 1213.39 427.60 0.716702
3 1458.98 703.10 1495.24 749.11 0.715924
4 603.87 407.91 638.62 424.36 0.714100
4 523.05 539.02 569.86 562.76 0.712842
3 1327.06 545.92 1343.81 568.06 0.704211
3 299.43 615.96 379.51 668.06 0.701606
4 1001.31 371.62 1017.99 383.21 0.695707
4 782.19 393.25 796.20 405.22 0.692442
4 857.30 439.45 890.62 462.70 0.691527
4 1180.21 564.18 1233.09 592.72 0.689463
4 891.34 408.05 908.13 421.20 0.684719
4 912.32 433.51 931.97 447.53 0.681550
1 754.78 485.27 766.69 508.81 0.677788
4 988.10 386.49 1000.45 397.15 0.677178
1 330.56 617.84 355.57 660.58 0.670344
4 1144.37 497.33 1174.03 515.13 0.665697
2 422.63 546.49 464.58 590.83 0.664456
3 829.95 454.34 842.89 479.70 0.658635
4 828.61 395.65 850.19 407.76 0.656460
10 112.55 141.86 220.41 289.19 0.653390
3 1320.09 593.81 1335.68 622.87 0.649537
6 760.53 392.92 821.00 429.49 0.648505
4 778.14 406.19 799.28 420.55 0.645032
1 428.43 471.27 440.96 501.26 0.640889
4 1184.52 574.54 1225.94 613.73 0.631287
3 615.28 502.60 636.07 525.65 0.623032
3 1176.98 493.69 1203.44 523.40 0.617945
4 922.78 396.36 936.96 406.07 0.614837
4 764.67 406.91 799.98 429.62 0.614623
1 1288.22 616.59 1305.48 645.78 0.611544
6 781.95 392.21 820.17 408.65 0.603770
1 1196.15 521.45 1211.49 550.62 0.601595
4 562.35 442.54 582.84 464.37 0.597596
4 772.64 446.20 795.62 459.47 0.594281
1 1275.48 563.59 1284.81 593.11 0.592761
4 804.41 394.93 820.99 406.55 0.592656
6 1632.97 660.14 1696.24 756.46 0.591246
6 1184.43 460.74 1215.66 499.91 0.587046
3 451.69 570.41 467.94 591.52 0.585275
3 1353.81 614.10 1375.44 638.42 0.584643
6 1161.37 398.19 1211.13 419.05 0.573385
3 560.01 506.81 592.64 525.40 0.573162
4 808.15 428.19 824.40 440.57 0.571976
3 485.16 556.93 527.62 593.99 0.564830
4 852.69 396.07 869.62 407.68 0.562459
4 553.31 533.18 576.15 552.04 0.561237
4 642.18 449.46 668.43 468.31 0.560325
3 1190.69 526.58 1225.03 552.34 0.559178
6 809.08 423.46 864.31 448.89 0.557718
2 828.27 439.12 842.70 478.31 0.556545
3 460.71 580.15 506.55 611.47 0.556316
1 973.31 422.95 983.24 442.13 0.550534
2 1076.93 424.05 1133.02 480.62 0.550025
1 1330.61 532.94 1345.06 567.48 0.544304
1 112.22 34.15 243.85 363.49 0.542952
2 1195.55 519.97 1212.39 551.32 0.540211
3 559.59 508.77 572.50 524.68 0.524676
1 346.01 512.19 357.34 533.69 0.519262
2 1037.69 400.64 1047.53 417.63 0.518997
2 1221.70 726.28 1239.74 764.34 0.518988
3 663.61 508.10 679.42 538.19 0.512192
1 123.20 584.40 147.74 615.03 0.511914
9 0.33 440.88 154.27 557.73 0.510151
2 700.20 455.17 717.82 480.50 0.507128
1 1092.68 451.07 1107.57 478.84 0.505562
1 721.14 415.57 730.76 433.18 0.504873
2 1172.58 583.35 1187.69 605.13 0.503582
1 689.27 451.21 701.95 481.79 0.496737
3 1476.52 742.85 1501.32 774.40 0.496459
3 333.45 615.33 378.28 642.25 0.494660
3 1445.86 700.49 1462.73 727.07 0.493751
9 133.68 424.73 292.09 544.21 0.493711
4 461.65 489.52 489.73 507.63 0.493243
1 181.63 572.32 206.82 603.55 0.486251
4 1635.52 681.08 1660.31 719.31 0.482748
1 539.94 428.29 552.93 458.77 0.477607
2 1114.66 437.35 1128.17 461.15 0.475349
2 619.96 455.24 657.66 521.49 0.474606
9 827.13 395.25 869.17 413.50 0.473051
1 149.65 553.02 167.37 591.21 0.466777
2 331.12 617.43 357.21 651.48 0.454761
9 993.45 381.04 1024.70 396.12 0.454607
6 136.78 458.18 221.68 530.88 0.453775
2 1142.22 512.35 1155.59 537.27 0.453427
1 587.94 488.17 601.80 524.03 0.452360
4 166.19 467.84 216.07 499.61 0.440608
3 382.46 606.61 408.93 629.89 0.439182
2 149.61 549.26 182.22 599.46 0.434514
3 407.20 589.61 430.38 608.64 0.431528
2 122.02 547.69 207.47 615.56 0.430332
9 853.41 395.83 891.10 415.25 0.430287
3 387.17 482.17 422.36 498.19 0.430240
10 110.76 140.41 152.30 212.15 0.427154
9 780.35 391.83 820.52 429.33 0.421955
4 88.40 528.39 147.94 557.12 0.419277
1 703.70 464.58 713.42 481.70 0.416050
9 761.09 395.24 795.50 411.75 0.405112
9 1046.89 390.53 1095.24 412.46 0.400673
9 712.36 398.17 749.81 414.53 0.399331
9 890.80 399.15 919.47 420.24 0.398962
4 1896.25 788.61 1919.70 825.40 0.397464
2 83.76 557.27 207.69 654.25 0.396085
1 148.88 583.46 173.51 607.19 0.394703
2 432.38 532.02 491.95 592.14 0.392067
9 1152.48 418.96 1213.06 446.61 0.377072
1 407.40 768.52 432.99 806.06 0.374929
1 1106.34 313.00 1135.30 420.57 0.374313
1 164.00 567.67 183.66 598.76 0.369241
2 137.02 527.06 153.67 555.56 0.368858
9 698.12 394.99 820.66 428.38 0.358416
1 468.52 274.21 535.63 589.30 0.348863
1 869.29 368.95 883.76 422.05 0.331102
10 333.80 516.44 346.55 534.29 0.312771
2 137.56 525.09 178.68 558.96 0.306928
3 43.70 534.88 91.98 561.82 0.306206
2 73.99 540.43 91.95 559.34 0.301574
10 1746.66 731.75 1801.35 795.81 0.183391
10 1478.74 731.46 1501.33 755.93 0.182188
