4 333.16 535.92 452.58 641.01 0.999686
1 469.40 577.88 490.01 636.39 0.999666
5 78.09 275.82 203.40 413.87 0.999616
4 331.21 679.20 555.28 764.19 0.999611
4 1334.94 331.07 1359.84 371.64 0.999439
4 444.70 513.19 548.35 613.76 0.999329
4 196.17 415.44 279.76 486.29 0.999292
6 434.63 354.83 674.95 573.58 0.999271
4 101.56 435.80 177.86 512.87 0.999240
1 398.54 613.76 432.35 670.10 0.999168
4 1138.76 253.65 1229.49 296.26 0.998983
4 296.48 432.40 381.59 517.37 0.998951
4 937.64 304.32 1026.51 357.07 0.998937
4 325.85 192.34 362.48 220.55 0.998909
4 104.23 510.93 205.34 617.84 0.998806
4 1021.04 273.19 1109.82 321.55 0.998621
4 1184.74 140.34 1255.69 168.87 0.998492
4 845.20 261.30 927.84 305.18 0.998343
4 1319.46 155.04 1359.41 182.82 0.998008
4 1009.89 214.06 1091.11 251.31 0.997871
4 222.16 544.63 381.69 723.97 0.997715
4 376.00 188.01 425.54 214.78 0.997263
1 409.29 257.11 424.44 292.98 0.996921
4 380.68 342.72 455.91 413.86 0.993743
1 992.52 261.86 1012.10 295.37 0.990148
4 925.23 243.75 1006.71 305.01 0.988296
6 48.25 127.72 130.97 217.59 0.980243
4 1120.03 114.15 1167.61 136.44 0.974534
4 1173.02 71.11 1192.79 86.42 0.966838
4 952.70 707.79 1037.80 764.33 0.965665
4 1183.53 148.67 1199.42 167.09 0.957914
6 778.00 259.85 851.80 349.59 0.956249
4 170.21 296.06 213.09 358.50 0.955237
4 145.03 86.21 187.30 113.41 0.943949
4 1179.46 48.44 1198.30 60.22 0.937009
4 986.40 249.51 1004.20 275.85 0.908342
4 0.18 158.56 29.41 190.33 0.901182
4 24.46 65.34 91.43 87.60 0.898335
4 104.99 82.44 139.56 101.52 0.896569
4 172.98 45.10 193.14 61.00 0.886337
3 224.94 333.72 311.03 441.52 0.875997
4 345.21 161.18 389.28 190.13 0.860781
4 189.72 331.88 212.57 357.78 0.838109
4 1107.66 62.10 1133.47 75.19 0.815290
4 155.20 67.11 215.50 94.54 0.807411
4 789.95 259.79 829.33 283.96 0.786505
2 227.30 365.99 310.31 441.46 0.768969
6 611.41 322.75 691.98 406.08 0.766393
4 1106.54 53.69 1121.74 65.44 0.766003
4 345.49 396.73 367.80 424.06 0.764218
4 851.98 203.85 893.16 245.87 0.755312
4 1155.48 61.66 1165.66 72.79 0.749590
4 996.08 207.46 1032.22 224.05 0.728730
4 957.12 77.36 983.24 94.84 0.723734
4 45.19 47.36 90.60 67.56 0.719717
4 1035.93 35.84 1065.84 55.05 0.711593
4 1217.20 25.79 1238.15 42.45 0.709175
4 1132.35 55.20 1150.44 69.29 0.705848
4 5.21 91.86 28.42 111.57 0.699712
1 97.29 61.85 105.35 80.42 0.694455
3 248.43 397.41 278.48 429.70 0.692115
4 1106.30 54.63 1149.10 74.45 0.685115
4 833.64 36.96 867.22 56.04 0.677829
6 1046.89 32.11 1146.93 76.61 0.666003
3 249.31 391.73 310.78 442.21 0.663980
5 1119.93 114.00 1199.06 166.82 0.635074
6 1106.27 37.18 1149.92 70.18 0.633265
1 71.25 338.89 91.14 377.39 0.621405
3 410.25 391.31 435.05 416.69 0.600030
4 865.22 236.87 892.25 246.19 0.594443
6 629.99 299.64 651.16 321.63 0.593143
4 88.05 41.24 122.33 63.06 0.581403
1 247.30 373.44 266.77 412.29 0.567328
6 628.18 299.51 652.08 383.10 0.560936
4 9.99 139.71 33.00 160.46 0.558046
1 514.60 265.20 527.19 295.56 0.553478
3 240.05 92.92 255.83 113.66 0.546632
7 448.03 246.91 512.37 290.55 0.540802
4 237.69 75.09 251.02 89.50 0.529341
4 898.17 734.39 957.28 764.33 0.525777
3 227.18 367.38 254.22 394.84 0.511543
4 1343.27 415.11 1359.66 442.59 0.511471
2 7.45 91.07 106.46 119.06 0.505481
4 0.18 44.76 39.90 69.51 0.498324
3 224.38 333.20 259.04 391.06 0.495677
4 93.04 92.01 120.54 107.15 0.491631
4 209.12 101.49 226.57 118.12 0.491298
4 131.83 35.95 175.98 54.20 0.484989
6 222.11 544.67 381.86 724.05 0.479658
7 132.47 33.51 177.36 64.17 0.476051
4 748.13 46.12 769.29 52.98 0.473538
2 57.62 93.59 67.13 110.18 0.469842
4 220.25 350.59 261.17 379.69 0.463035
4 82.29 276.20 169.62 304.32 0.459927
3 319.05 416.93 362.18 445.49 0.456311
2 156.40 151.10 168.01 168.09 0.447050
4 15.81 73.18 31.25 88.64 0.445031
4 84.07 115.39 100.06 129.64 0.425530
2 141.11 42.22 174.19 65.85 0.420400
7 141.96 172.01 235.56 217.47 0.416219
4 177.15 146.03 210.46 164.41 0.415431
4 130.39 40.51 149.13 53.26 0.413150
7 0.19 138.46 56.30 223.07 0.412278
2 42.22 97.06 51.82 110.82 0.406279
3 102.03 57.25 130.96 75.03 0.402682
6 0.15 10.61 39.47 71.07 0.401714
2 36.86 219.41 57.62 239.74 0.388342
2 246.19 368.22 279.21 412.63 0.381626
4 147.03 81.17 163.25 90.75 0.368724
4 83.42 45.16 101.89 60.72 0.366501
2 54.59 32.74 64.68 47.18 0.355927
4 124.13 155.27 156.65 187.27 0.354236
2 13.24 189.19 27.60 211.27 0.342178
2 21.85 101.47 33.55 117.18 0.333989
2 22.04 75.94 33.73 90.77 0.317845
4 97.60 39.58 115.67 48.55 0.309230
6 246.96 106.73 352.70 378.08 0.301624
2 136.53 149.07 244.75 215.93 0.297723
3 141.69 164.25 200.83 217.25 0.272249
3 10.36 176.51 57.86 238.33 0.271682
2 54.70 31.80 78.27 48.59 0.229516
10 78.22 275.81 203.76 413.85 0.207737
2 4.88 86.01 252.14 216.43 0.204027
2 3.49 35.11 222.41 122.77 0.198117
10 434.67 354.84 674.81 573.43 0.167272
