4 593.58 386.44 624.21 437.76 0.999729
4 721.69 530.35 770.24 624.46 0.999631
4 556.20 171.85 592.25 223.15 0.999625
4 733.73 815.85 792.17 956.63 0.999608
4 627.97 81.49 655.83 122.61 0.999573
4 878.68 433.39 980.11 479.50 0.999553
4 710.50 216.22 747.32 271.16 0.999442
4 431.93 814.22 499.31 961.43 0.999424
4 536.04 271.29 574.35 332.65 0.999362
4 852.76 336.66 942.35 380.05 0.999293
4 901.72 552.41 1021.12 605.90 0.999285
4 628.61 24.02 653.89 59.30 0.999102
4 494.41 480.13 548.23 566.56 0.998966
4 709.81 101.08 739.02 138.39 0.998945
1 936.90 990.94 962.41 1030.14 0.998942
4 573.93 62.93 601.40 103.00 0.998912
4 949.45 913.97 1115.92 988.87 0.998854
4 588.32 0.51 613.87 32.33 0.998813
4 708.22 67.90 735.07 99.29 0.998776
4 731.79 994.07 803.97 1049.77 0.998645
4 463.21 628.92 537.87 733.36 0.998475
4 661.93 16.93 685.84 46.01 0.998168
1 803.94 401.65 818.84 435.72 0.998086
4 399.05 1002.98 471.06 1049.63 0.997973
4 464.11 720.14 525.33 794.94 0.997827
1 843.63 377.20 859.23 406.09 0.997177
4 834.70 167.82 897.84 207.37 0.996028
4 519.75 332.22 563.05 400.13 0.994927
2 565.78 571.78 582.18 601.96 0.994863
2 882.14 289.67 917.32 325.23 0.993693
3 681.58 266.69 696.53 289.24 0.993041
4 819.85 135.21 890.42 168.92 0.989945
1 564.04 558.10 582.06 601.19 0.988228
1 762.78 91.09 774.68 116.17 0.985031
4 813.05 118.81 881.42 147.40 0.979053
1 681.50 260.68 696.60 288.55 0.977691
1 889.51 221.27 902.90 250.18 0.975968
6 461.63 628.11 538.25 794.86 0.973904
6 791.95 0.48 882.03 62.53 0.963206
1 905.82 225.22 918.67 248.09 0.954915
1 960.76 614.51 975.22 640.97 0.950205
1 775.66 152.26 785.50 170.67 0.932076
1 868.80 607.41 887.97 664.24 0.871129
1 691.05 0.00 700.71 14.26 0.838710
4 883.05 119.86 905.12 141.69 0.828455
1 605.11 76.26 620.98 109.69 0.823152
3 1054.07 652.65 1093.45 694.37 0.815024
2 935.58 618.18 980.08 641.98 0.810475
4 1362.19 41.45 1383.96 64.02 0.798443
1 747.40 524.15 833.67 754.39 0.798021
6 1134.48 40.23 1260.92 94.83 0.793263
2 889.50 220.65 918.69 251.81 0.783475
3 605.65 89.50 620.71 109.31 0.774680
3 1348.91 109.35 1397.97 148.70 0.771283
4 435.89 330.53 459.08 398.95 0.765762
4 1340.61 74.78 1365.81 107.18 0.733321
3 889.24 230.42 902.03 250.47 0.718718
4 906.61 645.59 1061.22 805.69 0.677559
1 775.82 544.79 790.74 565.73 0.673544
3 884.24 228.04 919.64 255.71 0.668549
6 1085.66 23.37 1146.41 94.04 0.664383
3 1034.50 578.91 1063.79 617.51 0.660957
6 430.38 627.38 538.53 962.16 0.655357
6 1085.07 1.79 1267.23 97.33 0.634636
4 663.25 15.88 683.32 28.03 0.633956
4 916.21 660.85 946.15 684.35 0.629140
3 882.19 299.72 910.63 325.20 0.616584
3 883.70 237.15 904.66 254.30 0.608970
4 467.83 757.91 517.03 786.65 0.603790
3 958.43 624.17 980.21 642.63 0.584469
3 1064.21 683.99 1100.76 729.61 0.583573
3 935.66 621.98 957.39 640.07 0.562059
3 965.34 660.44 999.59 681.54 0.537572
4 1038.59 644.71 1053.56 676.33 0.524327
2 802.55 376.01 860.34 438.13 0.515161
2 964.81 661.11 979.87 692.35 0.512257
3 1023.80 1000.20 1102.80 1045.29 0.487126
4 1090.21 765.50 1130.62 814.49 0.481774
2 987.69 733.75 999.09 766.69 0.466969
6 947.38 886.79 1147.74 987.91 0.460900
7 1063.21 665.79 1102.47 729.95 0.407839
7 907.72 625.25 982.50 678.66 0.407785
4 1111.66 938.47 1137.82 980.22 0.396669
4 0.16 706.01 41.10 800.90 0.332658
6 0.29 0.22 110.53 108.23 0.206882
