2 889.32 45.73 925.48 115.85 0.999759
4 890.80 214.12 993.84 413.90 0.999658
4 773.32 175.27 895.02 379.58 0.999638
4 992.72 246.03 1101.73 436.54 0.999609
4 1089.23 305.19 1202.44 492.88 0.999588
4 436.67 599.18 557.76 838.02 0.999523
4 604.33 16.61 799.50 141.54 0.999502
4 1153.79 193.75 1355.17 301.34 0.999487
4 1189.13 337.79 1307.98 538.74 0.999439
4 1287.54 345.23 1397.41 546.83 0.999276
4 290.16 581.69 403.50 799.91 0.998512
1 336.69 109.31 372.59 154.83 0.997414
4 596.59 694.01 688.21 902.51 0.996580
4 638.38 161.75 779.87 383.60 0.994256
4 521.80 138.57 663.28 333.32 0.993508
1 175.23 31.92 226.96 99.44 0.991180
1 619.04 443.46 655.11 473.85 0.989743
1 719.15 346.69 745.60 386.42 0.980673
3 1366.08 791.85 1397.82 885.14 0.980639
1 96.81 58.16 158.47 115.11 0.973615
1 617.70 411.65 646.94 438.84 0.967658
1 660.84 451.54 685.33 484.27 0.965802
6 0.45 438.52 216.77 757.02 0.965576
1 43.04 253.23 103.09 300.13 0.960782
1 940.00 0.02 978.88 27.37 0.941144
3 258.29 61.47 325.07 152.68 0.935074
1 1069.52 614.26 1110.81 646.50 0.928557
1 634.97 286.98 663.26 338.59 0.918505
1 1100.27 709.86 1156.58 751.95 0.892245
1 660.42 451.29 698.27 506.91 0.890297
4 1381.24 12.68 1397.79 61.22 0.879008
1 1127.84 555.41 1218.46 613.36 0.866518
1 613.10 500.79 686.36 540.36 0.866415
1 881.66 582.42 943.13 616.42 0.860508
4 1100.57 12.01 1142.85 64.93 0.810374
1 105.13 339.57 171.98 381.49 0.801447
2 1284.94 539.42 1388.58 622.78 0.766553
2 1069.05 553.97 1220.12 752.94 0.760598
4 1169.12 0.00 1222.04 32.13 0.754566
4 1091.40 0.00 1222.44 35.00 0.736528
4 1217.09 0.45 1388.12 78.88 0.735443
1 673.47 475.49 697.98 507.02 0.701083
6 1147.16 34.93 1200.36 89.39 0.683957
3 889.99 84.26 918.14 115.96 0.673180
6 1171.15 45.11 1220.67 97.27 0.662186
2 1125.61 606.51 1150.79 634.28 0.643926
2 614.08 442.73 698.19 541.68 0.604138
4 910.23 583.57 942.87 615.67 0.576935
1 900.43 45.48 921.98 92.29 0.576349
1 1175.17 555.53 1218.35 589.56 0.564053
1 777.13 149.63 799.04 178.11 0.551034
3 1269.09 562.63 1342.91 622.31 0.536303
6 88.01 174.46 158.34 217.02 0.531965
2 894.17 583.23 933.76 609.46 0.530001
4 1368.05 846.27 1397.83 884.68 0.520913
2 1128.41 573.81 1181.02 614.01 0.518914
2 1153.76 555.69 1216.99 593.63 0.512371
2 641.00 287.02 662.99 313.77 0.506326
2 1351.01 540.18 1388.45 592.46 0.499764
3 889.46 0.24 977.81 116.64 0.498839
2 1083.21 614.87 1109.81 642.30 0.492321
7 0.27 634.11 134.18 757.41 0.477865
2 550.58 271.63 592.20 301.92 0.395638
2 591.71 0.00 627.16 12.29 0.339710
1 140.07 442.84 191.89 472.88 0.328175
1 13.70 444.48 52.88 496.58 0.327145
7 1366.70 792.39 1397.86 844.77 0.325037
3 268.83 86.03 315.84 129.87 0.322294
2 1.45 443.51 53.60 523.65 0.316406
2 51.00 412.57 72.95 441.91 0.305497
2 0.10 478.03 33.02 579.14 0.305489
7 0.46 344.66 268.33 757.20 0.304309
2 10.94 490.88 34.47 524.05 0.303696
2 4.13 373.94 154.36 454.11 0.302942
1 36.29 356.35 107.90 394.63 0.296496
10 144.28 503.88 188.88 565.84 0.294534
2 105.18 339.82 141.95 378.66 0.293761
2 4.73 376.10 61.49 424.86 0.289362
10 615.13 501.17 658.60 529.85 0.285029
1 3.98 376.27 62.82 447.85 0.271220
6 520.51 138.87 783.77 385.01 0.270903
2 0.79 340.00 176.60 580.13 0.260321
3 234.95 84.86 320.92 201.32 0.256934
2 25.31 411.84 71.60 447.01 0.254804
2 36.56 358.10 60.16 375.49 0.252144
2 94.71 43.82 375.87 157.68 0.225033
2 175.74 32.02 227.48 99.42 0.221531
2 97.20 58.29 158.57 114.89 0.219646
2 96.24 31.27 227.54 116.40 0.211730
10 596.69 693.98 688.25 902.37 0.205986
