4 1301.07 873.02 1399.61 1049.12 0.999852
4 1127.26 593.60 1361.07 807.13 0.999709
3 674.72 191.37 699.46 227.05 0.999504
4 668.22 753.70 863.42 1049.05 0.999340
4 325.57 698.44 528.58 1049.16 0.999315
4 699.92 32.07 734.89 63.74 0.998895
4 0.11 566.02 36.84 649.52 0.998549
4 636.26 0.21 666.44 32.14 0.998355
4 904.24 221.36 996.56 306.23 0.997955
4 1206.76 301.08 1279.78 376.31 0.997147
4 1170.95 371.76 1377.23 550.14 0.996722
4 689.21 0.35 716.21 24.66 0.996339
4 945.44 303.07 1051.93 391.70 0.996300
4 1013.71 403.94 1170.93 537.11 0.996134
4 568.28 131.43 623.91 188.19 0.995421
4 517.89 192.59 590.88 273.41 0.994536
4 520.07 178.08 606.55 234.13 0.994480
1 674.45 173.28 699.28 221.28 0.994313
4 576.17 97.00 618.63 135.34 0.991247
4 844.88 136.05 903.16 193.27 0.990264
4 823.78 107.83 874.21 150.82 0.988562
4 869.16 183.08 941.83 239.01 0.988211
4 740.92 9.10 772.85 40.15 0.983342
3 1019.58 281.47 1076.39 322.14 0.976164
4 799.66 58.69 841.00 100.50 0.973332
1 458.78 20.37 471.86 52.32 0.972470
1 1102.37 105.42 1117.35 140.92 0.970488
4 721.90 0.00 745.94 11.26 0.967045
2 1296.83 256.23 1332.19 301.34 0.951544
4 787.59 41.84 821.96 74.09 0.943454
2 411.59 587.33 453.58 636.02 0.939140
1 1271.05 237.52 1292.69 267.81 0.927880
4 779.42 27.11 805.11 52.38 0.927075
4 772.83 12.99 789.06 39.90 0.916074
4 1111.96 234.78 1209.66 305.39 0.899040
2 1233.63 220.05 1262.26 260.22 0.891534
1 750.09 941.27 786.77 1013.43 0.883030
4 1148.91 268.51 1202.68 303.91 0.881832
4 768.70 7.05 786.62 28.41 0.878832
4 1130.43 121.26 1158.89 150.16 0.871564
3 1285.52 243.20 1333.54 301.64 0.857667
1 476.03 18.78 488.06 47.56 0.856110
1 369.22 23.30 383.12 57.53 0.825250
3 1234.06 228.46 1261.84 261.58 0.815351
4 1052.15 142.06 1141.22 218.75 0.810056
4 751.15 0.45 785.26 22.88 0.807092
3 1053.60 105.83 1089.63 134.87 0.791646
3 1285.90 254.26 1305.87 283.24 0.780124
4 1068.25 82.44 1112.98 118.60 0.769634
4 1033.43 74.11 1057.85 94.55 0.763943
4 1050.42 142.04 1093.36 202.13 0.761049
3 576.33 46.28 587.70 67.22 0.756651
3 1072.74 112.95 1092.32 140.41 0.735714
5 98.17 120.20 135.53 160.32 0.730726
3 309.94 97.94 327.97 126.97 0.728416
4 1306.14 637.24 1356.65 699.23 0.711938
3 1302.65 269.51 1331.52 301.69 0.709733
2 1268.46 236.92 1333.21 301.67 0.694846
4 1040.72 90.77 1068.30 108.17 0.680406
3 1142.49 156.64 1169.67 182.70 0.677984
4 1222.34 204.67 1252.67 223.16 0.663441
3 1168.44 182.81 1184.46 199.31 0.662095
1 575.63 38.45 587.43 67.25 0.660161
4 1120.27 231.07 1176.77 260.11 0.640604
7 243.32 112.88 273.80 145.34 0.640602
3 1141.54 156.95 1185.59 199.66 0.634106
3 794.14 83.27 815.39 101.69 0.621784
3 413.50 587.48 452.40 621.55 0.621127
7 263.84 34.76 323.56 117.57 0.607553
6 740.80 1.67 842.08 103.44 0.605550
3 1267.87 244.94 1302.30 280.00 0.604897
1 1234.17 217.81 1251.25 243.34 0.591148
2 999.88 49.08 1010.49 66.08 0.588741
2 1016.66 47.37 1029.77 67.60 0.550973
2 394.50 14.02 407.95 37.39 0.544263
4 1211.08 640.54 1355.86 705.94 0.536330
2 1278.23 238.08 1293.03 263.76 0.532992
2 1134.46 104.57 1145.77 121.61 0.531634
2 1233.28 218.13 1250.41 248.30 0.524045
1 429.04 8.85 447.38 30.53 0.521208
3 274.57 87.56 325.10 118.87 0.517485
3 1245.51 507.96 1302.24 552.42 0.508429
3 98.74 237.62 206.23 311.79 0.503131
1 1302.00 255.73 1323.78 283.97 0.501229
2 242.44 76.37 258.33 111.85 0.492728
1 622.63 65.06 632.25 91.50 0.478429
3 414.69 6.45 448.55 32.27 0.424613
3 173.07 158.61 194.38 189.23 0.422838
1 1117.08 115.05 1130.20 135.70 0.399269
1 316.83 23.55 332.88 72.38 0.397119
3 174.52 150.22 219.00 189.39 0.382921
4 636.22 0.00 665.17 4.97 0.368432
1 281.67 73.15 298.47 100.94 0.364000
3 97.67 261.84 131.92 305.07 0.360363
4 445.01 1.85 477.36 10.74 0.358585
3 190.08 207.21 226.65 224.46 0.332573
4 71.62 293.84 122.33 340.16 0.329811
4 0.36 502.05 92.56 649.98 0.311835
3 210.08 165.53 268.31 208.31 0.306829
2 425.69 4.98 488.63 54.14 0.302651
3 53.78 290.04 123.38 343.55 0.286669
2 134.75 238.82 189.73 283.89 0.252226
