4 526.94 502.49 572.08 564.17 0.997471
4 394.06 186.99 419.81 219.74 0.994260
4 342.97 176.65 368.12 206.81 0.984056
4 364.73 113.60 383.32 139.61 0.983965
4 614.35 684.99 650.74 728.13 0.972445
4 1225.40 711.75 1271.59 747.01 0.971894
4 1084.28 530.28 1178.98 597.70 0.960570
2 966.23 646.82 1005.23 692.32 0.952933
4 349.86 72.31 367.21 97.30 0.951366
4 532.13 130.40 552.22 156.67 0.908747
4 681.52 308.77 712.44 345.10 0.899314
4 531.22 249.53 557.20 273.87 0.885317
4 545.15 539.00 571.00 563.62 0.854271
4 445.25 711.10 474.37 751.19 0.852445
4 250.76 215.34 289.44 254.02 0.842778
4 389.41 119.31 407.86 139.29 0.834091
4 289.92 59.41 309.82 77.42 0.830151
4 664.34 288.13 717.74 360.14 0.807034
4 516.07 217.50 564.37 274.73 0.781483
4 612.41 169.67 634.35 189.73 0.774667
4 301.59 83.91 323.83 114.67 0.771366
4 780.21 0.25 812.75 21.91 0.768130
4 622.63 238.46 639.39 256.61 0.760294
4 302.49 26.81 320.38 48.85 0.738989
4 277.71 30.48 298.00 55.37 0.737911
4 363.82 491.38 401.71 519.23 0.732631
4 422.40 1.14 449.03 37.88 0.727591
4 412.97 163.08 433.53 189.34 0.726288
4 217.56 4.94 246.08 20.15 0.714741
4 611.97 162.74 646.10 195.40 0.698871
4 596.30 662.15 664.21 730.97 0.697796
4 445.06 299.57 466.33 322.35 0.679871
4 966.24 657.55 996.99 691.65 0.673307
4 302.11 84.17 318.83 98.20 0.669954
4 1064.51 493.59 1091.12 522.57 0.660065
4 624.35 708.11 648.67 728.02 0.649843
4 689.71 328.63 710.32 345.66 0.636386
4 251.89 12.65 276.60 31.56 0.635034
4 288.50 181.58 314.35 206.83 0.627787
4 891.86 576.06 908.56 597.39 0.617944
4 320.20 26.67 341.68 42.15 0.615934
4 289.12 631.10 326.10 652.25 0.598190
4 1058.83 463.99 1092.29 486.00 0.597529
4 461.50 698.47 482.61 730.13 0.595193
4 330.08 676.00 353.34 692.27 0.590726
4 313.61 658.44 350.19 681.55 0.586943
6 806.40 594.70 965.40 697.64 0.582237
4 245.13 579.99 284.09 601.49 0.572075
4 340.76 256.44 369.50 290.17 0.568404
4 36.32 336.69 95.95 368.65 0.567909
4 0.14 250.32 35.36 283.71 0.566593
4 305.88 98.98 323.18 114.48 0.564752
4 204.35 656.00 231.06 670.95 0.559959
4 305.24 38.69 320.07 49.17 0.552808
4 160.97 668.03 189.44 689.20 0.547779
4 273.55 613.30 315.47 634.99 0.541494
4 907.43 641.52 935.26 668.44 0.528912
4 227.94 558.39 270.27 581.63 0.525107
4 349.57 302.50 392.84 361.21 0.518313
4 1168.23 465.44 1204.36 492.19 0.510743
4 262.45 20.81 277.79 31.79 0.506590
4 884.38 711.28 914.58 734.97 0.504707
4 343.15 176.60 361.84 190.74 0.498298
4 350.95 278.97 389.02 303.55 0.491856
1 976.66 551.06 1015.61 591.59 0.488992
4 95.45 702.55 116.05 717.30 0.472546
4 225.88 139.32 252.05 159.55 0.456126
1 438.81 282.66 466.71 322.72 0.450523
4 120.99 11.36 135.30 23.73 0.416844
4 96.47 404.31 152.53 435.45 0.416297
4 208.83 125.55 235.36 142.35 0.405122
1 527.34 756.13 546.15 787.25 0.376452
4 181.75 0.31 211.52 15.74 0.348421
2 389.00 119.61 434.65 199.90 0.303214
6 426.37 33.28 570.93 274.69 0.272890
6 1.08 0.80 516.46 787.09 0.046546
