4 135.82 676.72 301.94 758.26 0.999675
4 831.67 15.06 869.95 66.40 0.999647
4 593.49 219.75 650.36 298.57 0.999539
4 782.24 0.53 822.26 49.47 0.999324
4 28.39 848.66 215.05 929.36 0.999294
4 645.26 92.33 686.55 148.34 0.999232
4 449.55 112.11 556.25 168.78 0.998912
4 561.50 292.64 626.32 380.41 0.998809
4 336.95 966.80 432.20 1049.43 0.998568
4 443.16 599.71 533.75 736.81 0.998463
1 711.97 93.72 727.32 127.10 0.998347
1 570.66 57.06 586.46 86.70 0.998336
4 317.25 335.99 455.74 405.79 0.998335
4 495.47 497.45 571.00 614.64 0.997806
4 45.43 938.31 215.70 1021.79 0.997679
4 663.59 41.77 706.87 103.54 0.997146
4 914.70 393.16 968.87 487.62 0.997091
4 526.95 0.00 602.57 21.89 0.994700
3 712.57 105.63 726.37 127.35 0.994192
4 917.75 298.76 971.18 381.66 0.993670
1 449.36 998.36 486.59 1049.56 0.992723
1 410.58 655.30 440.62 700.24 0.991417
4 536.02 377.04 605.98 476.54 0.991240
4 675.71 40.63 705.94 75.75 0.965593
2 230.03 521.12 273.92 563.55 0.949676
4 0.13 644.52 36.55 711.88 0.938476
3 301.93 554.91 328.57 585.13 0.883265
3 573.90 63.78 587.01 86.51 0.882004
4 509.46 6.94 544.04 34.91 0.880984
1 239.65 534.77 273.67 563.18 0.875418
1 455.17 391.55 475.70 418.51 0.874146
1 282.67 538.31 328.00 584.48 0.826397
4 1088.43 182.86 1144.26 248.59 0.743819
2 463.01 27.06 480.98 50.66 0.732743
4 636.95 0.12 688.80 13.48 0.732211
4 452.08 119.64 487.31 160.13 0.713511
4 1100.20 310.32 1166.93 418.13 0.711203
7 457.72 0.31 488.21 50.40 0.689890
4 459.63 0.00 488.24 29.60 0.684595
4 316.27 135.61 360.63 175.28 0.658106
3 592.91 421.03 610.55 449.98 0.654971
3 409.03 674.90 438.48 700.39 0.616711
3 398.59 127.57 417.11 173.26 0.605665
6 0.26 592.93 138.06 751.94 0.556568
3 228.85 519.37 250.84 547.24 0.555288
6 916.64 182.12 1148.09 383.80 0.541913
1 627.63 48.94 639.00 71.65 0.526519
1 323.57 157.56 341.59 190.96 0.510172
2 972.48 575.01 992.36 625.00 0.499620
1 972.58 574.25 1004.44 627.00 0.490092
4 0.28 817.10 50.50 844.92 0.484174
1 530.10 10.52 544.50 38.62 0.466402
6 442.66 496.91 572.13 736.96 0.462112
4 136.47 542.74 165.96 584.71 0.444653
3 385.38 126.97 422.72 191.95 0.431720
3 204.29 443.21 229.84 461.44 0.415751
1 14.44 616.10 45.05 661.94 0.405528
3 229.94 521.98 328.92 586.22 0.402914
2 303.06 933.20 354.88 960.38 0.399069
2 161.86 383.54 191.87 427.32 0.366104
4 149.99 352.88 227.09 441.46 0.363428
2 296.83 325.76 323.88 355.20 0.356745
6 440.47 218.38 652.65 737.74 0.356732
4 40.17 634.53 138.20 750.26 0.336600
4 0.20 644.05 93.37 749.72 0.336588
1 172.51 383.74 191.52 410.64 0.333457
1 190.85 458.38 224.69 504.48 0.329541
4 1.85 429.94 57.86 503.47 0.303146
6 0.14 427.38 206.89 800.55 0.291820
4 16.87 71.28 73.03 118.04 0.268970
9 0.17 508.20 88.06 723.40 0.198682
6 1.24 1.99 482.59 787.68 0.077087
