4 169.07 427.12 206.22 464.63 0.999702
4 772.23 207.10 787.58 225.05 0.998482
4 744.08 43.09 756.10 54.47 0.995204
4 762.28 300.44 785.36 326.29 0.994978
4 717.84 19.90 726.41 28.72 0.987788
4 943.35 330.51 965.98 362.23 0.962729
4 1284.38 582.15 1334.58 622.46 0.962367
1 1075.78 524.44 1093.75 554.79 0.938389
4 764.33 300.98 782.32 314.00 0.913238
4 694.92 29.31 704.41 40.95 0.897357
5 1175.98 548.40 1396.59 702.16 0.853570
4 677.83 12.36 690.82 24.38 0.847624
4 730.54 25.99 739.06 41.18 0.836709
4 531.14 119.41 541.34 129.57 0.834517
4 966.20 401.64 1024.60 434.04 0.828858
4 660.83 153.58 673.39 168.33 0.812529
2 330.42 344.19 369.91 384.08 0.793224
4 948.23 346.06 965.27 361.89 0.788578
4 1094.46 576.90 1131.78 645.63 0.754006
4 492.63 185.93 512.64 204.63 0.750069
4 862.35 147.32 882.57 165.91 0.746418
4 822.70 458.51 851.98 494.55 0.745495
4 1292.63 73.84 1399.43 139.36 0.721777
4 517.52 185.30 534.12 201.77 0.709514
4 882.58 145.99 902.41 160.08 0.707888
4 533.03 159.35 548.62 173.60 0.691143
4 721.29 436.16 733.47 453.11 0.683133
4 829.25 479.30 851.11 493.96 0.682896
4 1072.14 514.70 1100.64 564.50 0.677565
1 458.68 158.27 473.84 193.08 0.673750
4 966.28 408.21 994.05 431.77 0.661831
4 532.03 115.90 556.88 132.72 0.636532
2 1198.63 20.28 1271.36 121.39 0.604890
2 1073.27 515.28 1094.68 556.58 0.600094
4 1122.79 648.14 1142.94 668.43 0.596563
4 1083.82 552.26 1099.70 564.85 0.589912
6 748.17 264.26 785.99 286.00 0.584889
4 977.83 429.11 991.24 437.80 0.573859
4 347.49 360.43 368.67 382.49 0.562411
4 1009.68 425.33 1023.26 435.57 0.562178
6 319.49 500.62 338.83 535.18 0.558195
4 255.87 530.93 309.08 570.92 0.539606
4 492.34 183.17 533.46 207.02 0.538423
6 1109.65 440.57 1231.89 526.77 0.516935
4 1229.47 552.39 1271.55 583.91 0.514543
4 1304.91 624.93 1398.58 699.71 0.511149
1 990.82 410.16 1001.59 426.30 0.505234
4 1170.22 579.69 1211.79 610.83 0.466742
4 134.88 663.14 156.58 685.99 0.464583
4 7.29 305.75 39.74 331.35 0.447066
4 1319.68 609.45 1334.07 622.22 0.439360
9 1234.48 72.09 1399.41 141.75 0.435389
4 1266.23 632.29 1288.30 652.94 0.416773
4 39.41 636.08 63.11 670.41 0.393199
1 326.64 514.90 337.35 536.42 0.372114
4 84.24 208.94 107.97 221.82 0.365623
9 1237.92 549.93 1389.55 652.51 0.335038
9 319.62 500.91 338.24 526.36 0.279729
