3 592.97 828.74 614.39 870.77 0.999969
4 1193.22 879.44 1356.01 1049.49 0.999360
4 433.79 601.94 497.55 715.84 0.998699
4 1012.55 846.45 1132.68 985.55 0.998675
4 880.69 537.34 959.65 614.05 0.998573
4 428.68 542.09 474.34 610.03 0.998562
4 337.60 640.95 405.43 760.58 0.998444
4 1265.03 826.45 1399.65 990.91 0.998212
4 788.56 457.26 879.44 510.40 0.998207
4 664.79 351.71 708.07 399.71 0.997990
4 148.36 668.18 232.11 788.51 0.997926
4 1179.88 550.32 1245.10 632.61 0.997744
4 1345.81 761.21 1399.74 828.55 0.997274
4 165.84 575.02 244.15 675.73 0.996983
5 691.16 206.90 779.31 258.48 0.996888
4 424.19 457.26 470.36 530.23 0.996860
4 1355.06 829.03 1399.77 906.31 0.996645
4 946.98 540.60 1026.51 623.21 0.996528
4 321.58 506.12 413.62 579.81 0.996430
4 317.97 559.85 423.27 645.32 0.996030
4 892.90 473.20 966.01 537.86 0.995927
4 1275.18 615.73 1372.44 705.43 0.995885
4 213.80 500.05 271.52 578.05 0.995862
4 1042.06 551.84 1134.36 649.85 0.995351
4 593.78 103.72 615.19 123.48 0.994551
4 231.56 434.46 282.63 502.45 0.994142
1 507.34 329.69 520.80 361.12 0.994112
4 652.14 214.16 684.24 247.30 0.993877
4 289.17 264.28 322.26 307.10 0.993770
1 492.78 361.56 507.44 395.40 0.993691
4 428.98 398.00 470.58 457.27 0.993598
4 1098.72 544.33 1184.66 638.44 0.993025
4 789.82 406.58 849.92 458.47 0.992913
1 477.58 361.65 491.43 394.83 0.992336
4 464.75 294.96 484.46 318.04 0.991503
4 460.96 61.15 479.50 78.60 0.991500
5 664.71 164.59 736.25 216.05 0.991148
4 458.14 12.73 471.60 27.30 0.991043
4 278.24 306.19 319.04 342.52 0.990471
4 252.98 394.22 299.78 441.06 0.988485
4 264.54 333.07 309.33 390.32 0.985932
4 303.61 247.21 337.75 277.53 0.985694
4 307.85 205.75 341.51 245.29 0.985124
1 590.08 809.63 614.84 848.42 0.983487
4 440.28 152.45 463.88 178.78 0.983201
4 439.52 192.09 467.15 220.96 0.983130
4 475.22 268.24 494.56 287.98 0.979401
4 842.14 390.70 919.95 464.36 0.978472
1 638.75 207.13 649.19 231.22 0.977455
4 433.13 217.38 469.35 272.54 0.976940
4 611.37 140.11 636.65 164.95 0.976889
4 417.13 135.21 433.55 160.84 0.976608
4 366.34 329.19 405.94 366.38 0.973363
4 794.39 357.37 870.07 402.67 0.968606
4 435.88 365.68 474.42 404.49 0.968499
4 429.99 317.42 466.46 357.01 0.965842
1 939.06 446.22 954.76 476.78 0.965269
4 766.75 290.64 805.48 332.47 0.962703
4 371.81 140.72 384.28 159.42 0.961398
4 349.15 121.16 371.03 146.78 0.959914
4 744.94 299.52 767.68 333.01 0.955322
4 621.10 159.36 649.64 200.50 0.954580
4 325.48 161.83 354.23 193.55 0.954025
6 639.09 141.88 736.41 218.01 0.952479
4 791.57 305.54 859.39 365.71 0.950896
4 433.89 175.12 454.84 199.59 0.950579
5 639.21 141.41 691.59 213.19 0.949118
4 668.99 62.88 685.97 78.05 0.942507
4 662.98 54.24 674.82 68.37 0.931086
4 403.44 248.05 424.78 264.56 0.924819
4 767.73 81.33 783.83 95.89 0.924142
4 646.26 36.60 660.90 50.51 0.923257
4 429.40 287.35 461.62 320.03 0.919296
4 626.99 20.44 638.05 39.10 0.905725
1 772.34 122.20 797.18 157.22 0.899431
4 443.32 88.52 460.91 107.80 0.897416
4 439.76 133.35 461.72 151.72 0.896788
4 436.95 111.32 459.60 133.27 0.885431
4 339.50 486.40 358.43 515.24 0.881620
4 411.57 231.92 423.13 249.28 0.870837
4 322.28 183.37 351.31 213.42 0.870665
4 418.62 120.79 432.82 137.81 0.869029
4 339.83 478.51 387.44 516.49 0.866514
6 791.42 304.52 870.80 402.12 0.854759
4 428.48 11.39 441.17 27.97 0.850520
4 737.14 54.72 750.73 65.55 0.844003
4 621.35 158.77 644.03 179.23 0.843362
1 785.48 124.35 796.12 156.85 0.841861
4 596.22 26.68 616.56 45.25 0.836734
4 587.85 46.59 602.55 62.84 0.836392
4 617.91 55.61 637.43 71.41 0.832830
6 693.53 50.11 750.20 103.24 0.832643
4 354.45 94.64 376.20 118.14 0.832580
4 421.36 77.45 436.12 94.35 0.830419
4 602.76 68.28 622.57 88.70 0.828793
4 372.75 45.23 392.61 67.31 0.821374
4 339.78 143.54 363.20 176.98 0.821043
4 616.64 87.02 632.78 101.45 0.814599
4 681.97 213.58 699.35 244.36 0.814131
4 349.30 162.34 361.84 179.41 0.813842
4 362.86 71.29 384.56 92.34 0.804407
4 625.50 95.05 644.79 116.16 0.798961
4 619.51 94.94 657.77 130.66 0.792928
4 578.91 14.23 602.03 40.08 0.791364
4 437.75 60.76 457.80 78.21 0.790500
4 435.91 349.61 471.20 377.83 0.785318
3 845.48 310.95 863.21 335.62 0.781863
4 641.15 81.95 660.33 98.70 0.780627
1 772.59 124.24 783.83 143.67 0.776785
4 555.60 0.30 573.20 14.92 0.775095
4 423.38 62.97 438.39 79.06 0.774794
4 605.73 45.97 626.79 64.32 0.773571
3 814.88 285.34 832.60 307.53 0.772204
1 709.93 124.49 718.92 144.40 0.770418
5 427.81 315.73 474.14 403.31 0.769509
4 572.58 28.16 591.04 45.17 0.767747
3 660.56 101.80 684.27 129.67 0.766965
6 680.34 204.85 721.24 245.45 0.765867
2 477.46 329.18 520.76 396.74 0.757528
4 293.38 224.74 309.55 247.69 0.755504
4 424.37 38.33 438.68 58.22 0.753656
3 829.46 298.00 863.06 334.88 0.736411
4 419.41 105.88 434.25 121.04 0.732725
4 866.61 280.45 881.39 293.23 0.729528
4 430.36 269.58 462.64 299.03 0.729351
1 832.02 277.25 843.78 300.25 0.723692
4 1251.92 265.82 1289.12 308.05 0.709830
7 618.27 91.32 684.37 130.30 0.703898
6 407.99 216.38 469.49 273.12 0.700193
3 941.13 362.43 968.14 388.13 0.696594
4 570.89 17.22 592.13 34.72 0.691741
4 309.06 52.03 320.90 63.25 0.683867
4 860.71 351.47 889.23 367.23 0.675529
4 864.59 422.84 919.40 462.89 0.670382
4 282.49 1026.20 367.75 1049.71 0.669062
4 432.27 16.54 454.87 33.23 0.668240
4 442.23 102.79 462.44 123.52 0.667448
6 936.80 155.30 1019.65 196.92 0.645706
4 1249.07 220.14 1306.71 246.27 0.644530
4 431.37 42.25 455.31 59.00 0.638733
4 635.22 1.03 667.19 21.75 0.637344
1 739.69 182.60 752.22 202.46 0.632029
4 380.53 18.09 400.12 34.38 0.631399
4 924.70 48.68 962.67 64.05 0.631383
1 925.68 399.37 940.76 438.92 0.629096
4 437.53 122.87 458.90 141.68 0.628098
4 430.24 64.50 458.57 88.11 0.627998
4 380.59 26.60 403.39 45.34 0.622883
6 648.93 204.33 779.65 259.47 0.617649
9 657.22 16.57 687.12 72.31 0.596952
4 428.11 0.00 454.94 25.79 0.596170
4 810.08 276.91 846.19 296.42 0.590487
6 766.67 289.89 860.00 364.57 0.590295
4 133.17 229.65 223.44 281.46 0.582139
4 399.86 322.82 418.69 337.90 0.578548
7 810.29 276.77 844.75 306.73 0.574457
6 638.98 141.23 689.80 161.98 0.570383
1 675.67 77.71 684.32 95.88 0.562139
4 362.35 80.97 379.22 95.05 0.551288
6 656.80 15.60 750.04 104.73 0.534042
6 963.31 277.32 1159.77 483.10 0.527455
4 431.71 312.68 458.34 330.78 0.516965
6 761.76 288.45 922.08 465.62 0.516535
9 768.37 104.78 803.84 140.87 0.508992
2 844.43 278.99 857.06 299.97 0.498993
4 339.14 433.18 412.39 516.18 0.497563
3 381.73 355.03 411.36 393.19 0.487627
2 771.42 122.72 796.90 144.79 0.484931
1 721.73 129.71 729.57 146.29 0.482350
6 0.16 457.01 99.55 573.19 0.477232
2 810.66 276.12 864.68 306.79 0.464236
2 786.12 124.54 796.31 155.93 0.460639
4 381.49 0.00 406.78 13.99 0.457124
4 0.34 14.35 26.35 35.10 0.456131
4 0.14 817.98 66.53 907.85 0.447620
4 169.28 267.90 184.16 281.36 0.441966
9 12.77 0.98 174.31 37.87 0.434422
4 171.43 254.59 213.58 281.02 0.429864
1 393.66 359.19 410.17 389.25 0.427693
9 229.97 1.46 315.51 32.29 0.426296
4 206.42 230.07 235.87 248.58 0.421528
9 933.49 132.91 1340.09 200.71 0.415864
1 810.40 280.58 820.76 302.19 0.413085
4 1382.09 699.09 1399.73 720.75 0.412790
1 856.27 283.76 866.26 303.45 0.385703
6 0.27 748.49 110.93 907.33 0.375493
3 68.84 512.47 98.54 559.51 0.325355
1 140.55 721.11 155.45 739.24 0.298446
9 14.28 0.37 407.32 811.55 0.053975
