4 313.96 481.03 340.80 503.25 0.999294
4 217.92 517.46 248.26 538.89 0.998379
4 15.86 538.23 56.87 560.13 0.998026
4 70.51 563.69 125.60 588.36 0.997820
4 268.66 502.81 311.36 524.85 0.997250
4 321.97 556.88 368.07 579.21 0.997008
1 570.11 946.35 594.70 991.05 0.993390
4 339.15 532.60 365.13 555.30 0.991434
5 88.78 478.53 211.25 532.88 0.990108
4 1105.48 337.72 1118.91 350.77 0.983337
4 685.85 174.28 696.06 186.33 0.979539
4 669.23 176.04 678.84 185.24 0.970961
4 1072.49 313.87 1099.22 329.89 0.970007
5 764.35 99.78 832.40 150.28 0.956888
4 713.83 225.15 733.81 239.37 0.941326
3 183.77 628.96 253.75 708.70 0.934076
1 618.73 463.45 638.08 493.32 0.928940
4 902.41 359.23 934.18 374.30 0.912319
4 608.12 179.12 637.64 202.97 0.908071
4 1128.67 355.27 1150.70 376.73 0.902664
4 649.82 311.71 657.98 324.32 0.899810
4 700.73 169.55 711.36 179.98 0.875852
4 741.25 164.21 758.74 189.08 0.874533
4 678.43 208.85 689.48 223.82 0.870641
4 1134.75 324.35 1165.00 345.54 0.866190
4 710.51 141.78 722.94 152.53 0.861105
4 743.18 177.23 755.23 190.03 0.850568
4 698.82 206.86 707.13 215.42 0.841218
4 837.34 121.92 850.20 139.62 0.838894
4 696.39 135.20 707.31 145.57 0.838272
4 769.42 208.88 782.05 221.99 0.829971
4 672.83 108.70 683.64 117.54 0.828681
1 506.07 825.50 517.63 849.40 0.817313
5 1128.35 347.12 1190.65 394.46 0.816226
4 854.14 518.33 892.15 540.81 0.808430
4 712.62 387.90 737.44 403.76 0.801378
4 861.80 342.45 883.06 366.73 0.797067
4 862.57 208.26 877.91 219.57 0.793542
4 373.69 633.30 405.94 657.12 0.791279
4 351.35 588.59 375.03 611.09 0.790400
1 527.11 580.27 541.00 621.81 0.789959
4 581.82 188.93 605.95 205.39 0.786657
4 547.00 225.06 578.45 240.75 0.768016
4 863.48 209.64 908.74 229.61 0.762804
4 566.15 227.05 580.35 239.24 0.761392
4 795.72 440.79 812.17 453.44 0.758198
4 969.51 378.36 985.60 390.38 0.758082
6 606.01 160.94 649.43 204.46 0.757554
5 17.54 67.83 92.23 93.77 0.757246
4 884.65 234.48 899.92 247.79 0.755404
6 625.23 163.17 647.87 187.20 0.741086
4 297.77 415.24 332.68 437.46 0.710937
6 764.24 99.14 850.18 151.06 0.703621
4 1154.65 283.03 1185.13 311.91 0.702333
4 626.71 174.46 643.26 187.15 0.692796
4 570.74 455.01 592.79 470.17 0.683916
4 899.81 506.15 927.08 525.45 0.682311
4 901.08 582.58 922.29 598.45 0.676769
4 1128.85 378.45 1145.90 393.36 0.674911
4 902.36 360.60 917.25 373.13 0.672086
4 977.88 358.50 995.98 373.51 0.668257
4 630.75 274.01 646.51 286.11 0.658681
4 888.08 477.43 908.44 490.78 0.657236
4 756.30 208.67 783.58 227.31 0.656888
6 839.09 101.59 916.51 135.59 0.654679
4 417.72 632.96 447.16 656.01 0.654119
4 1026.30 307.06 1071.96 323.11 0.653774
4 1175.82 305.28 1189.72 319.26 0.650970
4 1142.26 313.05 1163.97 328.33 0.645840
4 545.37 226.17 562.67 239.06 0.644952
4 1011.71 335.96 1033.92 348.37 0.639931
4 701.31 262.78 717.59 273.60 0.637871
4 723.03 458.17 737.96 470.11 0.636812
4 879.78 215.91 907.32 228.47 0.636110
4 360.68 585.73 375.66 599.28 0.632162
4 1167.39 376.58 1186.90 391.38 0.631970
6 1142.27 349.35 1172.09 392.18 0.630568
3 618.49 472.63 637.54 493.19 0.629585
4 1122.31 316.63 1137.83 329.13 0.624122
4 697.61 138.70 722.90 154.52 0.622002
3 798.42 203.66 836.40 230.12 0.620044
4 721.01 612.80 734.51 623.03 0.597133
4 329.40 382.40 353.16 402.21 0.594260
4 352.90 481.01 366.19 498.79 0.592731
4 1113.25 365.70 1128.59 377.52 0.589145
4 335.59 592.84 355.49 607.90 0.549146
4 382.49 653.15 409.97 667.77 0.546790
2 869.56 234.34 877.73 249.93 0.540611
6 797.58 881.76 906.72 1048.53 0.534299
2 850.66 236.06 861.03 252.78 0.530628
1 513.68 616.02 528.75 652.64 0.526996
9 610.20 161.09 648.86 188.83 0.524152
2 1022.54 307.64 1033.24 320.73 0.521051
4 365.99 544.85 383.22 576.09 0.520508
4 260.00 419.76 293.82 436.90 0.517772
1 653.78 624.50 663.75 651.24 0.515480
4 1092.28 610.33 1105.93 625.93 0.513255
6 1178.55 469.75 1242.87 524.93 0.508413
4 259.35 426.64 277.57 438.23 0.492331
1 297.42 682.69 312.53 714.26 0.491852
9 533.37 189.09 582.20 209.05 0.489623
9 699.53 207.55 732.41 237.55 0.465708
3 296.13 681.63 352.36 737.85 0.463762
2 767.55 948.21 794.27 982.25 0.463351
9 452.06 185.02 583.16 209.51 0.462254
5 0.05 595.01 76.42 692.80 0.461648
4 5.52 235.42 41.30 250.40 0.453265
4 218.97 417.10 248.63 434.34 0.450578
3 219.70 674.65 252.72 708.80 0.448622
6 75.20 147.45 117.52 163.71 0.445249
2 519.49 637.91 528.80 652.40 0.431816
2 514.07 564.52 544.48 652.75 0.428587
1 530.81 563.22 544.60 586.71 0.411864
4 210.73 90.66 235.52 99.63 0.406411
3 149.24 628.58 310.78 716.47 0.400214
4 9.88 439.97 54.16 467.72 0.398908
2 386.96 698.47 405.05 733.82 0.396517
1 391.28 698.51 403.65 716.08 0.396011
4 298.91 88.57 318.94 98.03 0.395505
4 87.47 477.32 133.80 496.82 0.395225
4 1.05 296.59 40.37 326.17 0.386696
1 576.03 969.78 587.82 991.30 0.362060
4 0.15 395.35 20.19 409.38 0.353847
4 0.24 78.73 21.16 90.59 0.306543
6 332.74 277.17 578.56 678.06 0.301130
