4 688.93 380.78 719.39 400.80 0.995906
4 518.72 344.10 552.11 361.71 0.995801
4 773.49 402.08 811.61 425.68 0.994278
4 625.98 365.29 658.00 383.78 0.988421
4 456.79 708.03 552.23 787.17 0.922862
4 1346.83 47.03 1366.65 68.26 0.912552
4 264.22 243.22 296.57 277.39 0.863459
4 1002.38 271.28 1031.62 301.67 0.793511
4 1358.41 68.36 1378.91 89.41 0.779494
4 1381.76 121.32 1399.29 145.69 0.758821
4 1381.32 37.53 1399.50 65.16 0.757384
4 1345.26 38.15 1379.23 89.69 0.751095
4 1302.68 321.89 1333.67 353.13 0.750398
4 1336.80 21.32 1352.98 39.84 0.743114
4 795.19 237.09 815.67 256.92 0.736795
4 1044.37 49.98 1072.76 72.35 0.734684
4 596.56 300.33 611.29 312.74 0.714330
4 881.05 452.40 913.68 475.38 0.697381
4 1382.92 87.95 1398.86 101.88 0.653169
4 473.62 714.25 529.26 756.76 0.651368
4 759.53 492.05 774.64 505.99 0.622480
4 751.38 356.06 759.37 364.10 0.620819
4 728.48 335.04 777.34 357.93 0.590058
4 541.88 741.33 567.89 784.10 0.580584
4 881.79 561.23 906.99 577.71 0.580347
4 1306.50 234.73 1346.20 264.96 0.565808
4 287.66 308.08 317.23 324.61 0.563258
4 652.56 305.97 691.26 325.49 0.561948
4 996.07 517.28 1028.26 542.59 0.556663
4 275.76 481.55 307.85 499.94 0.550041
4 355.56 304.05 385.68 322.86 0.545029
4 525.44 283.72 540.77 292.21 0.497052
4 264.59 461.74 290.46 475.53 0.494375
4 302.77 346.89 315.17 359.20 0.490312
4 42.61 338.46 55.18 355.78 0.427787
4 179.00 33.21 207.61 49.20 0.358188
4 1348.24 738.05 1379.70 775.26 0.345283
