4 1079.05 436.28 1107.23 478.86 0.980506
4 1110.54 363.47 1135.99 403.26 0.977294
4 449.86 350.81 498.02 377.94 0.977128
4 1037.96 508.74 1077.54 544.84 0.974744
4 1152.73 329.81 1175.83 367.36 0.967844
4 1132.13 370.30 1167.23 429.15 0.951843
4 1123.01 415.96 1151.69 454.92 0.894600
4 916.84 531.82 960.60 559.36 0.885220
4 1055.24 385.14 1088.61 443.01 0.883547
4 858.08 547.06 900.02 574.71 0.883142
4 1123.33 294.93 1150.33 334.09 0.862956
4 1168.05 250.77 1190.38 293.69 0.858926
4 1176.10 208.59 1199.47 246.32 0.856023
4 1159.40 330.28 1175.34 350.35 0.854243
4 1118.95 363.65 1135.44 382.52 0.840076
4 1087.36 436.29 1106.83 458.13 0.839426
4 1209.94 288.13 1237.69 331.56 0.810714
4 1056.17 384.91 1088.28 408.12 0.789143
4 569.12 378.38 598.33 401.49 0.781972
4 761.06 520.39 809.05 549.48 0.777323
4 1060.73 405.29 1078.38 423.46 0.754004
4 1352.31 434.98 1386.37 468.98 0.751145
4 1299.01 413.28 1387.02 472.43 0.714409
4 417.80 196.01 455.20 222.24 0.707840
4 969.50 590.99 1004.58 629.18 0.703541
4 594.49 387.87 623.21 410.31 0.702685
4 570.17 378.25 622.83 410.69 0.697200
4 698.87 474.10 738.94 496.73 0.664683
4 611.14 512.09 656.18 539.89 0.636567
4 1297.50 413.91 1319.66 455.67 0.626676
4 769.07 524.23 793.82 543.71 0.618871
4 427.31 327.36 448.88 354.09 0.616906
4 425.98 326.40 498.58 379.86 0.609755
4 1055.81 421.77 1080.43 443.40 0.600703
4 1060.61 509.11 1077.10 530.34 0.587448
4 886.98 497.31 911.01 513.59 0.585207
10 1186.64 127.20 1212.40 164.72 0.578052
4 1132.67 411.56 1152.70 433.99 0.571513
4 1123.72 321.11 1142.32 333.18 0.565444
4 793.46 530.95 808.80 548.91 0.562319
4 1177.84 453.10 1194.61 476.84 0.557364
4 333.44 377.18 397.76 412.77 0.553971
4 1177.79 442.53 1210.73 481.96 0.546411
4 370.18 384.57 397.34 412.08 0.536831
10 1210.07 0.75 1232.26 35.86 0.511822
4 267.89 358.50 297.62 384.71 0.511761
10 1181.93 167.47 1206.58 204.70 0.506528
4 1091.46 582.00 1118.49 615.26 0.492460
4 160.08 263.76 188.36 279.90 0.484931
4 1301.19 504.28 1338.94 541.90 0.482948
4 984.48 723.98 1000.07 733.26 0.480846
4 74.16 386.85 94.11 407.77 0.476285
4 1309.92 504.84 1335.57 526.67 0.463752
4 403.90 179.11 463.74 225.87 0.463482
4 1352.24 451.17 1372.63 468.16 0.463362
1 926.52 757.44 948.54 786.87 0.420412
4 38.78 381.20 94.25 409.81 0.406765
6 847.79 157.65 1158.06 483.19 0.379622
4 0.12 213.83 67.42 247.74 0.329090
1 6.89 252.92 27.50 283.89 0.313433
4 74.67 181.12 245.84 283.42 0.295160
10 473.66 468.50 529.48 502.73 0.269652
