4 715.61 506.73 760.11 606.52 0.997425
4 729.20 467.91 754.44 509.42 0.996845
4 727.68 418.53 753.29 467.67 0.996248
4 736.78 113.58 751.38 130.54 0.982808
4 726.98 391.09 753.65 428.25 0.976075
4 749.13 121.36 772.63 139.36 0.970629
4 465.49 133.16 484.85 147.56 0.970524
4 782.48 71.83 796.94 89.63 0.967929
4 863.14 138.38 901.58 156.47 0.963486
4 730.71 348.56 758.54 390.62 0.953489
4 729.83 191.37 756.38 231.13 0.950611
4 645.62 148.13 672.32 165.05 0.945328
4 717.08 30.35 735.01 45.98 0.944703
4 589.22 144.03 606.93 168.21 0.942474
4 1175.12 139.24 1224.27 171.59 0.929901
4 750.42 80.81 764.45 96.93 0.927919
4 735.76 80.82 748.03 93.73 0.920491
4 992.90 137.65 1039.88 164.74 0.914106
4 735.22 94.15 753.63 117.14 0.905732
4 734.10 65.88 747.29 84.56 0.901286
4 843.53 127.88 862.74 144.85 0.897042
4 1245.63 269.69 1269.18 302.97 0.890149
4 598.01 123.36 608.48 139.16 0.884250
4 709.62 62.57 718.31 78.83 0.883706
4 638.34 249.10 659.74 282.41 0.879120
4 943.53 145.23 976.39 162.27 0.878208
6 734.03 45.32 751.49 64.99 0.867845
4 735.16 51.72 749.86 65.00 0.851405
4 739.65 18.66 752.87 34.63 0.839594
4 749.97 63.58 765.68 80.43 0.830556
4 558.68 91.38 583.01 108.53 0.825075
4 723.62 286.67 753.20 314.84 0.820755
4 564.41 72.63 578.96 94.21 0.818307
4 739.62 12.31 753.48 27.69 0.816221
2 602.44 94.03 620.72 119.59 0.787513
4 633.42 423.24 668.52 478.00 0.781605
6 594.18 101.03 655.20 305.25 0.776014
4 1107.63 108.44 1131.93 124.89 0.773648
4 1074.18 149.01 1111.51 171.62 0.767986
4 1036.82 142.97 1078.68 168.77 0.765446
4 1237.06 143.83 1252.41 165.58 0.752253
4 1184.21 209.38 1205.83 235.73 0.748132
4 642.07 148.10 678.02 190.42 0.744517
4 802.81 401.11 829.89 434.13 0.738939
4 1107.32 137.17 1133.58 162.05 0.737861
4 1098.78 125.55 1114.26 140.77 0.727923
4 905.16 138.84 946.53 160.46 0.724031
9 732.98 41.19 753.87 96.29 0.720722
4 530.65 93.22 554.65 106.40 0.708582
4 1148.94 109.16 1165.40 123.93 0.703210
4 460.40 90.11 476.86 101.37 0.700688
4 1073.35 122.61 1133.89 167.41 0.693466
4 959.57 136.20 979.71 149.96 0.682771
9 732.07 33.80 769.05 122.99 0.672492
6 760.62 138.24 810.38 206.56 0.657208
4 628.08 236.33 657.03 258.45 0.655585
4 1073.34 122.15 1115.10 146.94 0.655144
9 738.01 0.29 755.09 33.29 0.638573
6 714.92 348.02 763.78 607.27 0.626363
9 733.85 62.62 748.26 91.74 0.606043
4 760.55 134.84 805.24 158.27 0.583846
4 1177.03 390.28 1220.92 428.70 0.576935
9 735.53 41.25 752.05 56.55 0.549824
2 681.55 127.54 704.13 153.68 0.530419
3 741.54 751.30 795.46 786.70 0.527821
1 754.62 653.00 777.45 697.23 0.485147
4 92.21 186.34 112.21 208.19 0.465174
6 723.62 137.42 810.68 272.28 0.415476
4 30.06 256.28 52.12 276.87 0.361026
1 3.55 220.52 35.54 263.31 0.333721
4 30.74 138.93 68.86 156.92 0.329792
9 591.34 16.91 698.69 308.03 0.157318
