4 1399.66 976.45 1514.94 1056.01 0.999545
4 626.88 805.99 687.71 878.57 0.999474
4 788.87 739.10 838.33 804.56 0.999184
4 407.71 375.09 437.69 403.16 0.999001
4 461.59 416.82 491.10 446.04 0.998736
4 471.64 752.80 518.77 820.99 0.998414
4 337.72 217.14 359.78 237.01 0.997001
4 324.34 386.70 356.14 420.86 0.996795
4 244.66 129.08 265.83 148.19 0.995325
4 644.58 1035.26 713.07 1077.54 0.995133
4 413.29 305.53 443.23 328.06 0.994989
4 369.79 198.84 392.71 217.92 0.994084
4 333.35 155.03 355.70 170.63 0.994007
4 556.35 310.81 584.10 336.71 0.993249
4 589.38 618.51 636.24 671.03 0.993071
4 237.12 79.22 254.11 92.56 0.992033
1 167.92 876.11 192.53 921.34 0.989845
4 307.02 77.19 324.36 89.48 0.988326
4 291.88 50.56 308.91 64.48 0.985948
1 194.96 877.90 221.42 918.33 0.985666
4 325.76 125.48 345.75 139.63 0.985430
4 437.15 129.44 452.16 145.06 0.984877
4 838.66 498.40 901.84 532.57 0.981865
4 274.16 28.49 287.96 39.71 0.981383
3 91.31 891.42 119.42 932.07 0.981138
2 1217.69 822.38 1251.77 857.62 0.979634
4 215.74 21.42 231.87 33.15 0.979424
4 224.97 52.80 240.16 64.60 0.976874
4 282.86 9.15 298.41 21.17 0.975062
4 242.74 42.35 258.35 53.39 0.968431
1 805.05 667.68 821.45 696.57 0.958753
4 924.28 582.01 982.17 623.03 0.956601
4 717.36 418.22 762.85 449.39 0.956357
2 595.05 398.48 606.13 418.92 0.954811
4 192.64 96.23 213.02 113.38 0.952168
4 296.80 120.77 318.10 139.52 0.951550
5 187.87 80.20 211.87 109.92 0.951452
3 751.10 602.68 778.48 631.75 0.939726
4 492.38 211.69 520.44 232.27 0.939063
6 702.92 620.35 732.21 683.90 0.937755
4 757.43 132.17 776.19 146.88 0.930899
4 611.35 205.98 625.82 220.15 0.925767
4 782.82 292.36 832.47 322.54 0.920688
4 453.59 117.54 479.86 133.58 0.920093
2 91.24 863.95 127.76 931.66 0.916033
4 391.07 54.09 404.42 67.53 0.909269
2 167.93 875.38 221.73 922.15 0.907512
4 976.97 146.71 994.82 161.65 0.903010
4 550.31 263.88 568.52 279.36 0.894564
4 651.84 344.50 694.03 372.04 0.893110
4 804.21 162.94 822.69 182.41 0.890740
6 574.57 87.02 595.51 118.58 0.883857
4 396.48 125.30 418.09 145.12 0.865578
4 579.24 189.28 592.70 203.16 0.858404
4 765.01 357.37 782.31 377.19 0.856187
4 183.39 252.86 194.33 272.96 0.855585
2 750.89 588.38 779.27 630.38 0.851721
4 822.65 189.90 872.54 221.82 0.841813
4 667.85 369.43 735.08 402.52 0.839533
1 1276.74 808.40 1306.89 841.74 0.838653
3 713.46 659.92 729.78 684.21 0.827757
4 703.06 620.63 722.96 641.44 0.826696
3 794.59 677.63 823.29 698.94 0.813825
4 741.32 466.01 764.84 495.28 0.811135
4 150.53 59.31 165.35 72.43 0.811082
1 759.73 589.15 778.83 621.59 0.806873
4 777.39 1026.82 873.26 1077.57 0.805105
2 708.08 651.83 732.75 683.92 0.801238
3 195.97 896.14 220.80 920.14 0.801108
4 927.66 256.00 940.86 269.84 0.794679
4 505.63 246.88 517.54 257.11 0.791180
6 186.48 78.99 213.86 115.15 0.782276
4 550.46 221.65 568.39 239.76 0.782266
3 506.25 438.68 524.45 457.94 0.777825
4 531.41 235.43 547.38 250.14 0.776857
4 562.66 245.03 599.08 269.39 0.775800
4 474.08 139.80 485.62 151.74 0.773039
6 1201.81 396.22 1360.92 514.32 0.761903
4 550.58 220.66 596.46 244.39 0.754051
4 498.01 182.80 511.17 197.73 0.753868
4 741.29 461.38 798.23 495.33 0.748861
2 192.06 184.07 205.85 208.68 0.748509
4 155.05 255.67 165.89 270.86 0.747311
4 738.76 445.90 776.87 468.53 0.742144
5 203.98 307.21 272.92 340.99 0.735439
4 713.08 447.68 784.57 491.64 0.734649
4 698.45 12.21 719.56 26.00 0.733578
4 1413.06 167.12 1436.55 183.65 0.730377
4 837.75 24.62 856.13 37.67 0.717759
4 199.07 604.99 225.30 618.77 0.710411
4 576.43 265.99 618.25 286.82 0.703063
4 1085.10 65.53 1113.09 84.35 0.692985
4 822.45 184.07 840.64 199.17 0.691836
4 1687.25 138.79 1705.22 150.87 0.684114
4 1790.41 153.16 1836.51 178.30 0.674221
4 696.23 293.54 713.96 309.87 0.671522
4 713.44 467.60 737.33 490.03 0.670205
4 541.87 244.40 556.92 261.10 0.667961
4 1307.13 418.03 1334.34 436.30 0.659001
4 989.44 269.91 1053.78 311.71 0.656422
4 164.56 23.08 179.70 39.51 0.655608
4 1012.81 488.94 1084.84 537.20 0.653397
1 750.48 606.18 765.11 631.69 0.652377
4 489.29 220.96 502.51 234.49 0.651277
4 520.68 185.77 553.64 202.85 0.650023
6 422.38 76.33 459.03 95.93 0.648814
4 140.48 19.40 152.09 33.13 0.647934
4 678.14 597.28 696.58 624.04 0.647304
4 893.58 239.10 917.39 255.22 0.645309
4 384.34 37.09 401.27 49.96 0.644602
4 188.66 170.34 206.15 208.28 0.643953
3 1336.10 793.82 1368.30 826.13 0.641651
4 1401.06 180.03 1430.35 196.59 0.639479
4 316.06 47.32 331.77 60.82 0.639092
3 1216.63 810.58 1266.01 857.91 0.638993
4 1693.00 129.56 1750.82 157.56 0.628836
4 1214.18 497.12 1234.37 516.35 0.624674
4 905.37 607.50 964.91 638.98 0.620544
4 574.00 288.88 593.84 304.98 0.617586
6 550.16 115.33 584.99 141.41 0.615416
4 378.15 43.62 397.83 58.98 0.611486
1 114.17 653.80 131.28 682.88 0.611256
6 1031.64 287.20 1134.27 361.43 0.600987
4 421.39 129.10 437.19 143.97 0.600098
4 819.62 289.02 855.10 310.24 0.598577
6 574.05 117.73 858.01 394.85 0.595679
4 635.78 325.90 685.44 348.12 0.592725
4 394.82 94.95 412.02 109.61 0.587361
4 361.27 26.29 386.02 41.94 0.587150
4 544.90 16.60 564.39 31.17 0.585985
3 1285.20 518.82 1315.34 545.13 0.584650
4 624.48 24.65 647.20 37.25 0.584156
4 494.62 356.70 513.71 376.43 0.582257
4 615.61 337.51 638.93 355.73 0.575212
6 1815.64 42.40 1884.50 77.94 0.572834
4 593.51 258.92 619.24 277.92 0.567847
3 1273.71 819.63 1305.78 844.31 0.567679
4 688.19 53.83 712.34 68.65 0.566326
4 419.39 97.28 442.34 114.39 0.564915
4 172.83 648.45 189.34 669.38 0.563869
4 755.72 230.65 784.07 249.88 0.563600
4 803.78 275.72 855.96 307.75 0.562749
4 500.90 13.34 520.06 28.58 0.562008
4 664.38 86.00 686.44 98.17 0.558830
6 783.87 381.52 978.88 503.39 0.552648
4 569.33 266.87 594.72 285.15 0.550790
6 396.90 0.69 453.63 77.37 0.535842
4 564.04 186.65 591.71 205.33 0.533404
3 1272.95 826.72 1313.83 875.78 0.532136
4 692.50 40.90 717.75 52.43 0.527324
4 551.36 244.43 618.93 286.62 0.526625
4 167.88 51.70 189.86 68.36 0.523686
4 298.96 221.40 309.68 229.90 0.511479
4 101.69 151.83 116.00 167.46 0.509325
6 906.70 220.42 1138.00 363.27 0.508077
4 228.61 190.89 239.16 201.08 0.504006
4 544.92 29.25 577.30 51.01 0.497326
4 532.83 164.38 565.33 179.66 0.496505
4 147.79 630.90 178.20 655.01 0.490471
4 168.64 88.07 181.33 101.53 0.489905
9 451.12 29.19 508.42 136.77 0.487527
1 540.16 806.64 553.95 834.62 0.487491
3 571.72 1026.08 608.67 1077.10 0.484616
4 183.74 250.54 207.13 278.19 0.479753
4 517.46 178.06 536.95 189.95 0.478786
4 299.79 119.81 314.67 131.01 0.471083
4 101.65 150.69 129.29 173.57 0.468688
4 707.90 72.14 736.66 85.96 0.466544
6 182.73 0.80 229.73 20.00 0.463611
5 89.39 860.96 125.54 900.11 0.460942
4 438.48 92.88 465.95 113.14 0.460550
4 713.48 206.30 761.49 224.23 0.452509
4 452.91 138.13 479.44 151.96 0.447148
6 1777.40 923.09 1915.45 1044.06 0.447044
4 24.00 796.51 64.24 822.62 0.437795
4 256.47 185.71 270.52 196.47 0.422826
1 168.78 876.07 183.27 894.49 0.410602
9 508.10 565.13 542.20 589.35 0.396399
2 148.45 253.84 166.10 276.57 0.380914
1 115.26 862.61 127.36 894.06 0.379514
1 195.70 878.19 211.07 903.66 0.353753
9 1201.10 396.10 1388.42 554.76 0.353350
3 114.03 661.37 130.77 682.56 0.335621
4 42.97 176.05 83.95 190.74 0.306985
4 43.51 158.42 85.89 186.49 0.291154
9 677.70 205.06 854.43 391.42 0.288235
