1 663.80 647.18 692.41 740.47 0.999845
1 1203.18 642.23 1232.28 735.59 0.999756
4 0.31 713.12 171.73 885.23 0.999375
2 1356.20 636.80 1707.37 840.45 0.999321
1 193.39 633.24 221.43 701.08 0.998801
1 227.35 600.89 269.67 681.07 0.998687
1 74.65 578.88 121.72 653.29 0.997726
1 1357.88 700.32 1394.02 804.02 0.994633
1 1762.04 650.88 1793.11 715.67 0.994062
4 329.54 180.64 353.20 192.48 0.990536
1 1395.37 669.94 1425.08 761.75 0.983415
1 1450.75 657.32 1478.36 726.35 0.974917
4 475.61 177.89 499.21 187.14 0.972705
1 1654.66 733.06 1704.57 838.88 0.965982
1 1485.46 718.83 1518.79 820.01 0.959537
1 1676.28 638.03 1703.38 707.26 0.932315
1 1530.13 700.35 1564.84 810.45 0.921999
2 1412.62 706.42 1444.32 796.91 0.920122
1 1554.39 722.16 1592.28 829.01 0.908922
2 1589.60 725.93 1621.68 830.12 0.907060
1 1396.47 723.19 1425.45 822.76 0.903189
1 1623.50 727.07 1663.21 830.92 0.894590
2 1432.81 725.59 1462.03 820.96 0.891877
2 1457.81 733.51 1488.44 820.31 0.812384
4 523.08 497.76 573.33 543.34 0.792706
2 1504.36 697.60 1533.57 764.01 0.792551
4 563.20 503.56 616.27 542.42 0.764359
1 1640.37 672.54 1688.83 727.48 0.763071
4 1024.30 168.86 1042.26 181.19 0.735086
1 1637.47 640.78 1667.79 688.62 0.712418
6 899.82 501.80 1182.68 557.21 0.710321
2 1658.04 636.65 1679.89 684.33 0.685250
4 624.24 213.22 635.71 222.76 0.657197
4 128.39 190.59 157.54 204.06 0.646760
2 1539.02 679.05 1567.71 723.38 0.635310
6 1688.74 713.02 1915.58 976.55 0.628115
1 1567.44 672.06 1598.30 720.39 0.616779
3 1574.96 694.72 1612.70 747.02 0.594497
2 1203.37 642.74 1231.73 735.57 0.588112
2 1619.52 688.68 1645.24 730.80 0.563830
2 1613.43 671.78 1633.97 705.53 0.561305
2 1592.69 694.01 1620.75 737.76 0.545556
2 1446.00 700.99 1477.10 739.81 0.532494
6 584.97 405.13 864.03 549.31 0.526167
3 301.78 531.09 318.18 549.86 0.500360
4 587.07 215.41 608.35 228.14 0.496482
2 663.74 647.66 692.21 740.75 0.440027
4 600.24 211.75 636.47 224.29 0.408746
4 177.74 194.92 195.38 204.35 0.385765
7 1534.44 650.41 1598.80 710.65 0.370383
4 268.79 224.95 292.80 234.25 0.361907
2 193.70 633.63 221.13 700.81 0.358338
9 103.41 189.65 157.62 204.28 0.357153
2 192.89 599.55 269.80 702.11 0.340347
4 78.55 239.85 139.48 264.58 0.320351
