4 960.48 79.80 1030.31 115.58 0.998617
4 978.99 117.19 1059.87 152.67 0.997467
4 1047.50 569.24 1154.85 620.22 0.996669
4 1020.81 389.23 1108.71 437.01 0.995328
4 1089.03 932.98 1193.02 1051.39 0.994532
4 1003.65 359.72 1095.10 403.97 0.994344
4 976.36 157.73 1062.82 192.61 0.992199
4 1049.76 618.91 1163.64 671.05 0.990739
4 976.05 212.62 1061.70 255.03 0.989185
4 973.42 179.72 1056.48 220.75 0.989166
4 1062.13 676.10 1179.02 729.25 0.975627
2 573.75 606.84 627.56 787.41 0.973884
4 839.09 19.72 874.52 47.47 0.953617
4 1327.43 364.45 1366.24 404.22 0.937011
4 813.23 33.47 839.73 56.01 0.919417
3 1344.61 15.66 1400.11 62.26 0.917375
4 1146.87 239.11 1171.33 275.19 0.888743
4 1193.51 65.18 1221.76 105.05 0.878538
1 616.79 785.58 647.39 852.52 0.849831
4 1215.78 115.52 1242.42 146.56 0.825371
4 237.89 144.07 273.22 178.25 0.825172
4 1364.87 442.31 1403.19 484.20 0.819943
4 209.31 195.61 246.03 224.62 0.819213
4 1199.75 353.09 1224.87 389.20 0.817480
4 1411.18 163.62 1442.59 195.04 0.816109
4 142.62 63.00 162.33 89.55 0.800121
4 1583.14 0.00 1654.74 19.48 0.795696
4 656.56 95.20 674.02 121.53 0.775645
4 1070.62 463.41 1115.29 496.24 0.762514
4 1009.04 8.95 1041.35 36.53 0.759290
4 842.09 0.35 876.69 28.91 0.758969
4 1507.94 40.75 1553.58 65.83 0.735973
4 938.81 0.51 1007.39 34.40 0.735539
3 1393.79 0.37 1430.57 43.95 0.720962
4 1451.12 0.00 1479.21 12.67 0.713643
4 1045.72 0.00 1089.44 24.81 0.697861
4 1371.68 141.55 1405.52 164.33 0.689386
3 1781.94 535.09 1875.59 633.11 0.684347
4 696.89 43.95 733.25 70.70 0.680361
4 1580.57 464.43 1656.76 518.25 0.677863
2 659.89 690.09 697.68 806.05 0.677306
2 573.53 600.88 691.42 809.60 0.668450
1 510.20 0.00 534.01 56.65 0.666770
4 1485.09 0.00 1554.54 13.75 0.654655
3 1308.08 0.00 1367.63 43.64 0.650141
4 1081.78 519.11 1120.09 544.07 0.646571
4 223.53 36.52 252.96 66.87 0.637427
4 638.55 69.44 668.96 100.60 0.627129
6 427.07 2.42 508.00 74.58 0.613240
4 1871.44 557.05 1915.59 623.33 0.566082
4 1008.38 0.00 1089.14 33.98 0.564080
1 612.37 598.35 635.32 665.44 0.560520
2 1013.54 234.12 1042.89 307.31 0.554364
3 1049.67 518.53 1120.80 543.58 0.546675
6 342.05 18.31 443.06 99.79 0.546457
2 1363.54 0.00 1430.77 44.59 0.539798
3 622.50 851.07 650.91 893.36 0.537708
2 659.96 396.54 682.26 462.79 0.533961
2 636.62 78.59 734.85 507.86 0.526611
3 657.47 911.56 688.67 965.07 0.522292
2 574.18 622.81 610.35 719.30 0.521715
2 714.40 299.45 735.78 361.86 0.521469
1 950.67 822.57 970.61 854.79 0.520622
4 1543.15 918.37 1674.72 993.32 0.515906
6 0.15 216.86 54.75 292.43 0.503880
3 584.30 729.33 618.31 784.86 0.497630
1 583.40 622.96 610.75 684.15 0.490776
4 338.15 149.96 365.33 175.84 0.480741
1 664.23 763.66 687.67 805.96 0.460612
1 715.91 303.64 734.81 329.72 0.460045
1 1363.76 0.00 1413.46 37.30 0.454336
2 590.58 709.37 621.95 787.62 0.453261
2 659.51 396.27 692.62 518.15 0.450394
1 1077.38 624.80 1100.94 657.04 0.440892
4 110.61 3.67 138.94 43.16 0.440759
2 680.73 87.30 705.43 141.10 0.435670
2 687.54 809.87 713.40 864.15 0.435363
3 466.93 47.22 503.36 87.46 0.431347
2 661.54 692.96 685.38 762.46 0.420222
1 1319.33 0.00 1338.78 22.31 0.402284
1 661.41 396.99 679.75 429.38 0.393682
1 1397.23 0.00 1415.78 33.14 0.389264
2 636.22 247.66 659.95 317.80 0.384850
1 617.60 599.38 633.09 625.99 0.378231
2 572.72 674.32 590.84 720.48 0.376782
1 594.62 752.71 617.16 784.68 0.376400
4 255.48 242.49 327.86 276.30 0.376260
1 612.28 627.38 627.07 663.02 0.365891
1 385.11 20.29 410.60 95.75 0.363117
4 0.03 596.52 25.42 632.13 0.356155
2 695.96 144.23 730.51 233.95 0.352258
1 550.87 0.00 575.81 22.14 0.319410
2 572.63 66.20 735.56 1074.20 0.311099
2 679.82 87.51 735.25 330.86 0.294756
4 141.68 35.50 252.80 90.95 0.260628
6 0.22 157.51 88.68 429.82 0.170894
2 3.94 1.22 738.12 1076.53 0.056389
