5 799.37 376.61 881.41 530.27 0.996299
4 1374.16 835.70 1399.82 876.13 0.996069
5 1121.75 845.99 1251.86 978.61 0.991693
4 1345.05 926.03 1399.56 997.00 0.962755
4 903.76 391.77 928.68 410.43 0.925321
4 1301.11 697.45 1350.96 732.53 0.924716
4 1381.49 245.19 1399.85 284.58 0.906397
3 496.80 931.21 531.56 955.63 0.892475
3 886.64 604.76 919.68 635.11 0.887369
3 912.91 553.80 954.96 587.35 0.882962
3 1219.17 948.63 1286.96 1049.27 0.869834
4 694.56 340.21 778.62 404.27 0.865744
4 1346.61 167.22 1399.02 212.16 0.860721
3 563.13 801.13 643.01 873.97 0.859991
5 1097.71 301.58 1361.30 510.02 0.859740
1 919.76 592.47 941.05 622.62 0.859554
1 964.64 887.75 1026.44 950.52 0.857836
4 1295.65 253.92 1328.86 280.22 0.848626
4 579.69 801.04 641.25 855.48 0.835671
1 910.43 680.87 927.61 709.24 0.818035
4 1262.53 303.96 1352.87 403.88 0.812516
3 859.70 618.71 894.27 652.90 0.802501
6 28.14 855.27 277.67 1038.86 0.793865
4 884.29 375.26 929.33 411.22 0.769939
5 766.87 332.51 871.08 401.96 0.765745
4 675.29 116.34 713.10 155.12 0.758283
4 1314.53 254.11 1329.30 273.15 0.758176
3 768.08 677.29 806.39 715.06 0.755773
6 1110.70 844.92 1283.87 1010.75 0.746500
4 489.60 878.12 546.19 932.52 0.735745
4 461.17 924.83 487.12 952.66 0.732358
4 1276.35 346.92 1326.29 391.11 0.729522
3 805.45 643.73 886.77 696.63 0.726949
3 610.95 441.51 646.70 477.35 0.724652
2 995.15 764.84 1038.99 809.70 0.717902
4 425.52 954.93 451.99 980.97 0.715270
4 1283.74 258.93 1314.32 283.59 0.710778
4 883.94 374.80 903.00 388.51 0.709397
3 974.39 524.95 998.73 555.12 0.701113
3 286.68 663.92 327.27 699.63 0.695712
4 941.31 383.95 960.27 400.77 0.694260
3 748.73 719.10 779.45 756.51 0.693102
4 584.88 89.41 617.82 116.21 0.692360
2 636.80 713.56 1114.87 1048.99 0.690020
3 562.63 844.68 598.43 874.93 0.686605
4 827.47 435.65 844.67 454.27 0.685780
4 675.41 103.98 747.91 154.79 0.679654
2 748.19 942.92 799.38 1000.92 0.678914
3 760.45 692.00 798.20 730.26 0.673938
4 1265.69 231.53 1285.22 249.29 0.673739
3 654.92 776.29 705.49 824.66 0.670208
1 737.60 479.27 753.40 507.69 0.667075
5 241.22 718.01 312.45 776.16 0.657462
4 612.77 800.98 640.15 827.46 0.655201
3 625.58 829.24 655.90 850.36 0.654859
3 682.36 792.49 705.72 824.32 0.653235
4 903.02 379.88 959.78 417.71 0.651323
4 444.14 945.76 465.56 968.47 0.644792
4 1287.91 313.86 1315.00 338.52 0.643388
4 1379.71 230.84 1399.54 248.34 0.640984
3 381.62 987.07 411.80 1022.69 0.634034
3 693.73 772.89 715.96 802.06 0.630843
4 290.56 625.97 335.37 659.10 0.630404
3 1327.63 817.84 1363.47 854.52 0.624780
3 1055.23 589.11 1087.96 624.02 0.618282
6 380.03 876.32 548.20 1024.41 0.612117
3 396.66 563.69 432.04 608.20 0.611725
2 853.04 791.98 898.22 859.70 0.604544
2 708.00 986.40 764.25 1045.94 0.602738
4 485.86 487.22 523.34 509.94 0.599953
3 742.60 376.77 794.85 416.78 0.597907
3 910.68 686.58 927.29 709.28 0.596088
4 526.26 878.71 546.72 902.02 0.592823
3 654.18 774.33 685.29 806.65 0.590809
3 581.16 821.12 636.47 859.92 0.589162
3 662.92 551.29 701.58 589.05 0.589014
1 974.76 511.05 999.00 554.97 0.585730
3 706.92 1007.05 763.05 1046.09 0.580996
7 859.70 602.84 919.91 652.99 0.577958
3 714.18 911.29 747.52 940.16 0.573142
4 404.77 974.69 426.73 1000.11 0.572656
3 342.05 597.30 389.46 640.13 0.571623
3 749.80 959.58 795.12 1001.46 0.566803
4 1153.72 474.58 1179.91 501.96 0.565793
3 932.12 553.22 954.64 576.51 0.565752
2 899.45 758.24 938.74 794.63 0.564025
2 1205.65 790.39 1250.97 847.58 0.559806
3 728.59 739.93 754.22 766.05 0.558733
3 494.22 512.79 530.75 549.07 0.558529
1 1056.55 928.38 1095.51 969.11 0.556586
3 1067.04 601.42 1087.40 623.46 0.549474
1 1032.92 840.64 1068.68 877.41 0.548790
7 825.17 654.97 885.11 695.73 0.546555
3 640.68 944.48 688.63 980.78 0.545228
1 815.38 814.05 830.68 835.34 0.537499
7 344.55 606.73 389.40 641.32 0.536466
2 804.22 1008.92 839.85 1049.05 0.532403
3 1192.66 588.14 1225.67 621.81 0.532020
4 381.90 664.72 396.15 677.03 0.529907
5 0.35 997.04 78.10 1049.49 0.527096
3 650.70 807.91 670.53 829.93 0.522607
1 949.35 717.87 981.92 752.34 0.522563
2 632.39 550.23 649.88 579.53 0.521762
1 856.78 791.84 874.47 821.78 0.521668
2 806.71 780.84 825.44 799.08 0.520970
1 946.79 827.01 982.07 861.68 0.520385
2 895.87 968.08 936.05 1017.10 0.517642
1 806.14 869.77 843.07 913.82 0.517498
2 1055.41 569.37 1075.76 608.47 0.515180
1 337.84 677.34 353.87 702.28 0.512539
1 809.71 756.82 824.52 784.19 0.506102
1 881.19 796.91 897.05 824.63 0.505860
2 651.48 984.10 703.01 1049.59 0.505806
1 1056.76 569.16 1073.45 597.62 0.500740
3 970.13 906.58 1019.73 950.41 0.499997
1 770.78 894.27 785.32 917.33 0.498573
2 575.34 589.19 594.87 616.07 0.498088
2 901.27 868.97 931.93 895.73 0.497572
1 640.88 923.70 674.42 974.91 0.496565
1 1193.56 588.70 1211.93 611.37 0.496340
7 276.99 765.64 335.30 804.63 0.495164
1 847.24 916.62 882.98 954.31 0.494770
1 489.20 1020.12 510.85 1049.46 0.493867
2 672.37 1010.57 702.83 1049.81 0.490988
3 1222.20 813.10 1250.66 847.58 0.490913
7 273.61 622.78 336.65 666.50 0.488198
2 862.50 841.79 876.78 860.24 0.487402
2 1205.92 790.21 1225.63 817.76 0.484825
1 898.83 974.91 935.15 1015.84 0.483908
4 1346.43 723.35 1382.14 750.16 0.483063
3 1366.46 743.27 1394.01 772.08 0.482425
3 1222.18 940.58 1283.50 981.35 0.481434
7 495.78 522.28 530.43 549.94 0.478305
7 455.35 547.28 493.85 577.79 0.475247
1 1087.76 836.54 1113.62 868.08 0.474778
4 1346.44 723.42 1398.14 775.69 0.471861
7 649.75 504.63 684.49 535.46 0.468376
6 800.91 375.46 982.40 540.68 0.465446
1 894.61 568.33 914.48 595.36 0.464588
4 171.75 632.40 201.82 658.72 0.463901
2 1176.11 770.01 1208.57 798.71 0.463616
6 1152.16 373.48 1361.73 508.34 0.460492
1 854.41 813.66 896.94 857.40 0.455271
1 1112.90 987.39 1143.41 1018.99 0.452807
1 806.54 869.73 824.55 887.33 0.452217
1 899.12 758.91 913.77 780.54 0.450836
1 1017.18 976.54 1046.31 1007.00 0.450808
4 1287.22 670.04 1313.51 706.62 0.446714
3 275.51 883.28 362.09 984.16 0.444287
3 269.58 636.64 295.21 665.70 0.440399
7 241.37 754.34 273.93 784.16 0.440047
2 677.94 944.79 691.70 962.82 0.429675
2 510.69 631.58 529.13 659.97 0.429371
1 782.15 449.65 797.61 476.92 0.429324
1 1023.72 730.61 1045.98 749.74 0.428594
1 1243.80 927.07 1268.55 961.43 0.412342
1 1153.77 937.06 1176.60 969.12 0.409712
4 1329.58 702.53 1351.06 725.60 0.408195
1 350.90 730.69 366.80 753.24 0.405290
1 991.61 875.96 1005.51 896.24 0.402948
1 1074.03 1028.51 1101.81 1049.62 0.399463
7 693.29 741.38 741.61 787.27 0.398554
4 1345.77 725.98 1364.34 747.17 0.397559
6 528.90 0.72 704.95 130.85 0.380204
7 835.70 647.62 870.32 675.99 0.376645
7 607.74 832.73 636.70 857.67 0.376009
7 579.65 824.39 612.70 855.34 0.373842
1 489.94 1020.47 503.57 1037.75 0.361390
7 1192.22 934.26 1283.87 1009.81 0.357680
7 1311.42 926.01 1399.49 1039.78 0.337486
1 340.00 1027.14 367.98 1049.44 0.314030
2 328.55 403.42 786.06 761.29 0.254759
2 348.30 572.85 941.19 1038.43 0.227009
5 9.47 90.05 630.70 486.84 0.049256
