4 55.37 50.76 75.59 83.79 0.997378
4 95.25 178.01 115.66 213.26 0.993246
4 464.48 399.21 494.57 416.36 0.987046
4 1075.47 187.91 1090.77 219.09 0.954874
4 660.48 399.73 685.33 413.76 0.930658
4 1138.08 738.52 1151.26 771.56 0.928530
4 182.83 298.87 198.79 312.90 0.818775
4 739.09 393.41 751.13 402.22 0.786689
3 617.85 385.74 643.66 406.60 0.754314
5 744.48 393.51 794.34 404.14 0.749573
4 929.86 271.14 961.37 296.35 0.735592
3 1021.23 289.33 1044.59 316.76 0.715674
6 387.35 702.60 572.62 787.53 0.703775
3 0.10 142.17 19.84 168.12 0.695015
4 745.96 354.72 788.22 373.07 0.661373
6 858.17 0.33 931.13 63.10 0.657321
4 855.78 340.91 872.25 353.37 0.656532
4 885.97 392.81 928.03 407.13 0.633349
4 902.14 355.86 916.75 364.12 0.632862
4 1010.96 341.06 1033.91 358.00 0.632661
4 861.07 392.47 885.36 405.02 0.626730
4 881.87 354.71 895.63 362.95 0.624301
4 782.10 395.08 793.23 402.67 0.618148
4 672.69 390.80 684.60 399.27 0.612545
3 978.71 137.46 998.36 200.47 0.609046
4 881.09 408.13 894.63 417.98 0.607499
4 160.56 346.03 175.40 357.24 0.603170
3 117.85 302.16 134.93 330.66 0.585980
4 118.41 303.03 131.56 316.93 0.583000
1 918.15 683.06 937.09 710.74 0.581393
6 660.29 391.19 686.61 414.36 0.570938
5 1289.35 392.13 1372.32 413.03 0.566182
6 747.86 360.32 763.57 371.71 0.565099
6 846.45 392.31 891.78 417.02 0.563300
4 36.99 99.69 59.18 131.30 0.557975
6 847.94 390.16 929.85 409.27 0.552814
6 799.74 595.69 901.38 646.41 0.543648
1 856.35 339.55 869.95 361.43 0.522526
1 139.53 191.15 152.54 217.35 0.517235
3 1344.53 576.29 1363.14 603.16 0.516061
4 55.71 65.53 68.78 83.45 0.507954
3 1216.47 728.95 1231.36 760.74 0.507884
4 556.86 362.53 579.10 370.99 0.499737
2 492.25 539.85 524.74 574.83 0.493075
1 30.41 70.66 47.70 95.08 0.485171
2 1069.80 306.93 1080.50 334.25 0.472164
4 202.18 0.54 218.48 13.33 0.469669
2 954.44 379.18 965.44 400.34 0.465526
10 287.95 224.43 319.25 256.46 0.435272
3 55.68 181.62 69.18 198.70 0.434705
1 1003.51 319.51 1013.96 338.92 0.411436
1 518.37 765.32 533.49 787.16 0.394819
2 1297.73 770.24 1316.78 787.66 0.388622
1 360.77 513.35 374.12 545.50 0.388452
1 800.77 370.23 808.24 392.80 0.382320
4 58.92 50.73 74.77 63.90 0.380983
2 48.37 269.62 75.51 308.09 0.278203
