4 503.60 320.23 531.03 361.01 0.996345
4 498.47 249.11 533.07 282.55 0.994216
4 500.84 651.64 518.52 688.69 0.991998
4 515.84 505.37 546.43 541.25 0.976864
5 339.96 948.71 436.12 1049.45 0.969023
4 485.33 919.18 501.56 952.46 0.960203
4 555.04 304.88 572.16 330.42 0.952767
4 421.36 0.03 472.82 48.08 0.952173
4 505.12 586.91 520.54 612.59 0.930361
4 406.02 106.69 422.12 133.04 0.928048
2 483.41 966.17 503.17 1009.38 0.924958
4 560.33 6.24 579.46 49.25 0.906165
4 878.26 547.77 911.61 575.65 0.903096
4 523.64 415.62 538.86 438.97 0.900192
2 561.65 57.05 578.61 97.06 0.898491
4 736.04 563.55 756.41 586.30 0.884779
4 561.30 130.67 575.58 149.58 0.866622
5 267.60 972.83 347.02 1049.37 0.850282
6 267.50 947.34 437.43 1049.43 0.845049
2 560.37 107.06 578.00 150.00 0.839289
1 1148.00 46.12 1174.41 93.11 0.835470
1 787.76 923.75 823.43 955.65 0.813598
4 407.59 130.31 426.14 147.74 0.807030
4 560.78 50.01 584.44 98.57 0.792591
4 812.24 352.01 835.01 393.33 0.783728
4 480.33 1021.85 510.66 1048.43 0.779865
3 480.12 1001.53 513.16 1048.38 0.768205
5 388.06 76.60 428.33 149.40 0.757938
4 806.76 518.61 829.94 540.64 0.751310
4 478.56 349.39 504.08 387.82 0.748663
4 623.45 430.25 656.01 467.50 0.742464
4 592.81 23.52 617.52 52.91 0.739914
4 910.56 422.10 930.45 444.15 0.734855
4 915.58 150.95 944.08 172.81 0.734577
4 819.34 553.68 834.43 577.42 0.729407
4 842.48 230.79 880.51 254.00 0.721037
4 647.71 455.86 656.20 468.22 0.706952
5 455.01 484.55 472.28 519.67 0.705523
4 730.33 487.73 749.52 508.93 0.700608
4 428.80 218.28 453.21 242.60 0.693005
4 852.92 588.81 893.15 610.23 0.689115
4 593.00 23.69 637.69 66.14 0.684198
3 716.05 887.79 735.91 928.99 0.662072
6 39.75 972.17 276.02 1049.82 0.651851
4 1258.05 242.02 1276.42 257.88 0.646949
2 465.88 953.20 474.68 969.09 0.639957
4 624.02 428.98 647.77 447.73 0.631275
4 343.12 1019.69 370.76 1045.08 0.627513
5 553.64 490.52 566.43 550.29 0.613441
1 717.14 872.01 734.59 926.92 0.601657
4 814.15 719.23 843.31 737.40 0.593502
4 924.74 583.02 962.24 602.81 0.589053
4 738.89 689.35 755.39 703.54 0.588284
4 873.98 594.46 892.94 610.37 0.586960
1 1319.50 229.83 1344.88 276.03 0.564718
6 269.34 217.36 478.04 401.66 0.563491
4 593.73 1.24 680.30 66.01 0.545693
2 813.80 718.79 846.58 751.13 0.540513
6 311.69 594.23 431.20 710.23 0.515961
1 532.87 10.74 542.23 29.19 0.512299
2 730.19 463.62 752.80 509.92 0.510866
1 816.20 295.01 836.39 332.52 0.500529
2 806.71 473.51 833.82 521.26 0.498412
4 800.42 903.34 821.53 925.57 0.494406
4 494.01 1020.96 508.64 1041.45 0.493197
4 847.77 938.34 864.08 952.95 0.486564
1 449.17 960.16 459.01 978.17 0.478199
4 1227.06 697.65 1267.06 721.42 0.474912
1 1342.01 118.96 1374.50 165.16 0.472854
1 449.22 911.11 460.50 938.67 0.470283
4 0.26 262.28 23.38 280.21 0.452016
1 1243.76 953.71 1271.88 990.82 0.436758
2 804.13 934.90 822.83 954.89 0.434915
6 831.27 1.05 1075.92 262.25 0.426000
1 1228.30 35.04 1264.39 90.33 0.417502
4 1224.58 884.20 1243.43 908.62 0.370127
4 1243.88 964.34 1267.14 990.02 0.339233
6 214.02 504.46 467.77 721.43 0.313338
6 207.04 0.87 406.71 185.36 0.298292
6 842.19 649.46 1398.43 1049.52 0.293337
6 825.87 406.68 1366.62 728.31 0.244268
