4 1023.96 402.18 1081.44 456.80 0.999967
4 398.48 767.97 487.05 852.06 0.999952
4 389.14 519.60 466.56 589.85 0.999951
4 175.66 962.06 286.23 1049.45 0.999371
4 827.09 234.60 884.98 289.49 0.996643
4 1244.82 133.11 1294.68 175.09 0.994183
4 732.77 260.18 780.77 306.30 0.993209
4 1280.87 160.41 1311.49 188.64 0.988982
4 897.32 115.33 926.81 140.30 0.987646
4 735.03 617.82 861.61 748.82 0.987462
1 990.03 206.81 1004.25 228.79 0.987427
4 1239.51 160.74 1312.10 227.37 0.983777
5 972.94 49.07 1019.85 110.83 0.981082
1 800.93 123.30 812.15 148.04 0.977888
1 1165.20 304.16 1179.88 326.13 0.958320
3 707.28 291.70 740.22 325.92 0.957610
1 595.53 359.75 606.65 385.40 0.956263
5 958.14 0.20 1008.73 43.65 0.954616
1 618.47 345.51 630.38 373.98 0.952934
4 1003.63 41.37 1039.36 64.84 0.951018
1 1052.29 32.75 1063.36 53.73 0.950227
1 824.21 157.01 838.44 184.49 0.948713
3 887.87 115.08 927.20 147.92 0.935487
1 870.32 194.53 882.49 223.09 0.935271
1 588.14 381.55 599.89 400.11 0.926159
1 1133.03 254.80 1152.18 278.65 0.908740
3 869.20 204.48 881.33 223.91 0.905023
3 679.99 313.92 709.50 340.32 0.886215
4 858.12 57.71 866.77 67.65 0.881569
4 816.75 121.31 825.26 132.14 0.880643
4 714.44 43.08 723.39 53.12 0.878831
4 970.94 92.25 993.08 113.04 0.875744
4 822.38 32.10 830.95 41.99 0.874283
2 587.91 340.54 634.64 400.88 0.874097
4 675.30 11.97 683.22 22.26 0.865539
4 874.43 69.04 882.37 79.56 0.862030
4 736.83 213.37 755.76 227.98 0.854369
6 957.67 39.02 992.67 74.33 0.849669
4 860.63 203.65 873.39 219.52 0.848055
2 1331.54 100.51 1354.93 125.22 0.845631
4 1245.68 145.37 1271.35 174.28 0.843803
3 924.49 92.10 940.88 110.29 0.839979
1 1079.76 337.77 1094.37 356.55 0.834152
3 1098.64 148.04 1129.19 177.42 0.832138
1 774.07 109.40 782.80 127.93 0.831311
4 709.98 79.20 726.26 94.43 0.830994
6 978.75 49.56 1018.91 96.17 0.830848
2 781.62 121.15 842.92 259.11 0.824301
4 684.70 78.79 727.25 114.24 0.819943
5 1019.24 0.10 1072.36 23.61 0.819879
4 609.56 87.82 623.29 101.70 0.818219
4 950.36 101.92 967.04 114.02 0.812722
4 953.69 13.30 978.02 35.66 0.800375
6 970.24 38.49 1040.32 113.03 0.798834
4 778.64 246.91 805.80 270.09 0.789781
3 1058.90 176.70 1081.46 207.27 0.787284
4 1029.14 16.27 1049.91 33.21 0.785169
6 317.95 33.22 382.39 93.96 0.783204
3 844.56 204.29 870.73 228.88 0.778951
4 749.97 53.32 790.25 84.16 0.777200
4 666.29 70.64 685.61 88.39 0.771212
6 682.94 58.93 704.58 86.17 0.770042
4 1084.31 0.00 1114.26 17.41 0.767044
4 894.39 7.20 913.99 21.21 0.764220
2 789.76 157.89 808.71 181.95 0.758831
4 827.91 189.43 847.89 204.97 0.749839
1 563.62 374.86 574.29 398.99 0.749686
6 665.01 70.29 688.53 101.00 0.747421
4 1202.23 61.85 1215.54 77.11 0.744691
4 685.86 90.84 714.48 111.55 0.743226
3 699.81 317.59 710.86 338.73 0.740876
4 941.17 103.29 954.63 113.64 0.730543
4 1239.68 193.51 1272.07 226.98 0.730028
4 717.43 201.79 735.26 215.47 0.729629
4 822.37 198.75 837.22 211.05 0.728236
4 157.94 253.11 197.35 281.56 0.720937
3 810.30 178.77 831.48 198.29 0.711020
3 887.06 130.76 903.06 149.02 0.705580
1 666.07 798.16 679.42 817.77 0.704769
4 584.70 84.60 599.77 96.28 0.704575
6 665.67 59.49 705.93 99.29 0.696238
4 395.33 172.01 419.04 196.90 0.694454
4 816.99 619.26 860.35 668.59 0.688343
7 680.08 292.14 739.52 340.21 0.682591
7 777.79 135.71 814.90 177.17 0.674027
6 892.81 6.86 957.53 75.26 0.670830
6 955.75 0.47 1040.54 66.59 0.670348
3 1097.75 157.63 1115.25 177.19 0.669214
6 1239.04 132.43 1313.43 228.05 0.667447
1 785.36 188.56 801.25 210.58 0.656970
4 157.98 261.84 178.15 281.72 0.647436
3 988.52 213.71 1003.84 229.18 0.639077
6 991.70 0.09 1029.69 16.77 0.638052
7 843.79 200.86 878.81 228.87 0.637052
1 886.24 549.86 900.61 569.01 0.617678
1 783.17 229.15 794.26 250.16 0.614397
1 915.87 80.66 926.89 97.50 0.608555
7 923.87 90.39 967.13 114.76 0.604846
3 619.15 357.39 628.73 373.76 0.601651
3 830.41 0.00 854.29 16.07 0.580644
1 949.25 71.14 961.58 93.48 0.576809
2 785.90 199.44 832.96 257.15 0.572535
1 801.90 202.35 819.49 238.75 0.564124
6 279.95 0.11 313.79 18.53 0.559317
2 810.62 214.28 829.40 236.42 0.551039
2 841.39 204.48 853.60 221.07 0.548863
2 407.69 174.56 421.16 194.93 0.504901
4 1254.92 606.80 1334.18 660.82 0.504765
1 790.02 158.69 800.73 179.13 0.499345
6 246.11 0.04 314.19 28.16 0.493454
1 690.74 20.37 702.40 53.24 0.487768
1 842.50 0.17 852.46 15.55 0.468757
1 626.68 340.19 636.49 356.98 0.466122
2 587.70 358.73 606.82 400.31 0.450774
2 578.40 110.69 853.98 403.20 0.445946
1 680.71 323.44 695.24 338.93 0.438446
1 831.11 0.00 840.06 13.15 0.421425
1 622.73 340.37 636.48 371.38 0.411870
1 906.55 43.22 915.19 57.70 0.407478
1 807.51 202.38 819.61 220.04 0.399908
6 0.31 238.91 57.71 309.46 0.399798
1 289.51 645.54 303.34 661.69 0.367730
4 157.01 235.15 226.65 282.88 0.358551
