4 988.74 922.65 1161.42 1024.26 0.998996
4 1188.54 890.42 1341.53 975.46 0.998917
4 413.06 604.96 456.72 679.36 0.997637
4 355.95 570.04 403.67 639.06 0.997560
4 339.76 645.36 390.64 725.97 0.996788
4 433.04 448.14 471.39 499.04 0.995993
4 374.06 483.97 419.78 542.77 0.990604
4 421.17 496.38 468.87 579.15 0.988314
4 483.32 148.80 501.92 169.27 0.986025
4 178.35 684.35 254.48 784.98 0.984780
4 602.16 159.50 627.10 186.63 0.974936
4 306.76 429.90 345.73 464.25 0.967262
1 648.08 797.86 689.96 836.94 0.959535
4 531.39 153.24 552.99 180.76 0.949135
4 595.62 122.63 609.27 140.71 0.934523
4 505.42 121.74 519.93 139.80 0.927751
1 623.71 847.54 672.79 891.28 0.924438
4 588.96 393.36 600.96 413.71 0.905937
4 600.69 324.64 614.23 356.91 0.898249
6 940.00 22.68 1033.40 106.12 0.895449
4 630.86 408.36 651.78 436.88 0.892802
4 550.67 155.72 570.15 180.21 0.886118
4 456.07 165.23 479.64 192.13 0.870384
4 591.13 258.87 610.80 302.64 0.856799
4 467.97 99.91 484.28 119.27 0.852340
4 435.22 249.32 453.64 281.80 0.848222
4 889.24 809.74 940.30 851.28 0.839979
4 604.82 41.95 618.20 54.80 0.834212
2 887.76 785.07 940.94 851.66 0.807483
4 549.98 131.51 565.70 149.09 0.800587
4 509.34 114.83 523.62 130.67 0.798682
4 811.31 105.49 833.56 122.12 0.788558
4 558.23 190.43 570.39 205.79 0.784164
4 640.20 37.01 658.84 53.22 0.780663
4 945.35 193.04 996.55 238.23 0.768629
1 106.89 784.07 136.45 837.14 0.759649
4 941.78 84.64 980.84 103.49 0.748214
4 0.36 686.66 39.39 738.92 0.747713
4 940.61 65.41 1010.69 104.96 0.747674
4 652.86 462.40 686.58 502.95 0.745909
4 1270.45 804.14 1313.61 834.00 0.725341
4 1129.24 28.49 1185.37 61.58 0.724294
4 528.60 113.53 544.00 127.91 0.724093
4 659.31 23.09 680.08 38.65 0.721934
6 938.61 17.53 1139.75 134.64 0.709675
4 1092.27 163.73 1138.77 194.52 0.680373
4 264.68 508.23 310.10 560.16 0.666188
2 888.38 784.24 923.85 819.06 0.662633
1 110.27 746.17 140.42 802.54 0.642920
3 718.72 812.00 755.59 857.43 0.640496
3 782.22 699.30 841.85 750.61 0.628674
1 714.51 782.24 775.81 857.88 0.622054
4 710.13 668.21 735.51 717.73 0.620312
4 586.15 464.58 597.90 499.44 0.618303
4 245.49 561.78 274.75 595.32 0.615998
4 456.38 145.78 503.61 193.00 0.609478
4 426.57 495.36 463.51 527.37 0.603728
3 598.73 372.19 651.07 452.18 0.599557
1 597.85 267.90 610.74 302.87 0.596417
4 358.18 450.49 378.82 469.29 0.571875
3 40.38 746.25 102.08 828.91 0.564384
4 511.62 149.42 569.54 182.86 0.561066
4 400.67 485.06 419.95 526.75 0.559113
4 203.40 684.22 253.93 725.88 0.534727
1 20.26 820.91 56.01 869.55 0.527524
1 740.63 738.61 759.57 794.68 0.483443
4 228.68 558.18 282.78 631.63 0.479615
1 41.93 869.30 86.38 908.40 0.444950
9 1022.87 28.45 1137.84 77.70 0.440744
4 39.44 776.23 64.30 798.11 0.418575
4 75.70 761.64 102.26 808.99 0.401577
4 987.00 888.76 1343.46 1031.12 0.390611
3 0.87 820.12 55.82 882.35 0.384274
4 52.57 747.04 102.35 812.67 0.365569
2 19.68 746.33 141.73 913.41 0.353892
9 742.82 683.76 759.58 718.04 0.346626
1 39.15 775.82 83.54 827.72 0.338523
2 3.43 690.51 36.49 730.84 0.317141
