4 426.30 149.76 457.14 170.51 0.999602
4 1128.19 536.59 1193.97 579.17 0.998884
4 691.78 90.34 708.51 108.35 0.997880
4 733.43 34.31 752.53 51.09 0.995807
2 685.59 580.23 716.35 641.10 0.991338
4 707.86 13.58 717.44 25.18 0.989849
4 932.05 355.21 950.36 379.72 0.960685
4 686.96 36.30 695.42 45.36 0.952252
4 791.09 71.54 804.50 86.89 0.950990
5 462.68 635.14 647.10 787.23 0.942800
4 866.93 10.87 873.94 18.92 0.895869
4 735.01 17.86 742.83 26.30 0.871498
1 469.25 683.58 496.25 739.55 0.860033
4 245.75 626.33 264.24 646.08 0.833225
2 692.66 714.42 725.33 786.45 0.802710
4 543.97 70.98 557.28 90.17 0.799384
4 862.85 121.43 870.94 129.09 0.793836
4 597.41 47.00 622.39 73.33 0.792179
4 525.47 166.23 546.23 185.56 0.784586
4 859.73 287.84 872.62 306.07 0.784388
4 883.68 0.53 897.83 12.04 0.782829
4 215.63 143.63 237.54 159.93 0.772064
4 464.29 127.21 484.03 150.40 0.762197
4 727.84 51.46 744.82 63.12 0.756927
4 360.29 185.91 368.33 194.21 0.744565
4 418.02 36.23 434.26 49.15 0.723348
3 186.49 384.13 276.41 439.05 0.703236
4 391.47 46.90 404.49 61.21 0.665809
4 691.62 88.13 732.93 108.95 0.651869
1 496.67 283.11 521.95 313.26 0.647670
4 908.36 353.21 951.02 380.99 0.643702
1 567.47 626.78 578.68 647.06 0.642568
4 558.77 639.06 569.48 647.66 0.624163
3 480.27 160.69 504.26 192.06 0.622025
1 531.61 632.00 543.68 647.77 0.620018
4 850.97 426.97 873.14 440.55 0.609352
1 622.49 140.62 637.53 165.78 0.608358
3 931.58 301.83 1023.86 380.29 0.599055
4 686.65 607.03 715.34 640.13 0.593516
4 324.59 571.86 348.82 590.24 0.583500
2 838.65 283.27 874.00 334.68 0.572103
4 1222.84 701.42 1279.95 745.38 0.571754
4 297.23 577.75 313.31 590.34 0.568925
1 512.01 639.02 522.65 659.64 0.564061
4 305.67 558.76 348.86 589.95 0.559765
4 442.41 30.88 457.79 40.44 0.549998
4 377.21 541.75 388.94 563.21 0.540952
4 269.01 251.73 286.55 267.72 0.529998
1 856.93 286.85 873.48 334.02 0.523494
4 315.55 610.46 329.86 618.75 0.519476
4 259.05 649.62 273.09 663.65 0.515363
2 512.85 625.52 578.85 654.66 0.501961
6 258.06 578.34 338.33 663.00 0.500499
1 1293.59 541.06 1316.98 576.57 0.481499
2 523.90 637.49 534.56 648.38 0.458257
2 512.07 632.40 544.82 659.95 0.455466
1 838.70 283.89 848.21 295.36 0.425746
4 1232.90 703.89 1260.89 733.12 0.417196
2 301.78 570.10 314.55 589.87 0.395166
3 137.97 348.64 276.56 439.60 0.384814
2 279.24 221.51 296.83 235.95 0.379081
6 98.95 566.59 354.16 786.90 0.370588
9 642.42 397.68 785.46 786.67 0.319355
