4 385.87 602.06 491.48 649.86 0.999559
4 1804.94 866.96 1888.27 984.88 0.999273
4 1242.26 596.27 1290.94 693.99 0.998941
4 1180.95 592.52 1230.60 690.24 0.998800
4 806.22 568.91 850.90 658.32 0.998508
4 743.13 557.67 792.20 651.06 0.998173
4 560.02 537.14 614.62 626.47 0.998074
4 1649.74 562.16 1711.55 655.79 0.998053
4 1733.96 443.97 1826.24 489.56 0.997441
1 1124.73 611.94 1151.56 661.64 0.995510
4 936.56 19.30 965.16 61.30 0.993619
4 121.16 359.77 189.35 536.48 0.992125
1 750.85 887.87 780.64 933.05 0.982191
1 1426.93 599.25 1444.90 628.40 0.964522
4 1200.13 569.31 1244.94 592.34 0.929431
3 1565.55 655.20 1597.92 686.01 0.902063
1 1098.40 914.28 1115.70 951.38 0.894225
4 1859.45 670.55 1915.69 731.00 0.875580
1 502.52 660.90 519.98 684.62 0.822077
4 1272.23 572.89 1317.24 605.12 0.819652
4 955.60 144.16 990.01 178.06 0.815257
4 815.18 15.60 841.40 46.92 0.806709
4 897.18 142.47 944.17 183.78 0.780468
6 1231.40 126.92 1470.72 226.67 0.776975
1 1857.49 738.15 1904.07 785.20 0.767499
6 1699.28 148.15 1819.78 234.88 0.740989
4 1294.13 118.62 1350.59 176.03 0.739864
4 900.37 81.62 945.99 128.36 0.731989
4 1278.96 94.18 1327.84 133.03 0.728217
6 929.64 17.79 966.69 81.30 0.708359
1 1450.19 596.46 1464.89 620.92 0.705562
4 1154.51 575.79 1180.17 593.87 0.696310
1 1116.98 916.79 1135.21 948.63 0.696195
4 833.62 32.41 879.15 64.07 0.693109
4 1352.56 102.92 1406.77 140.43 0.685494
4 770.00 62.34 818.49 106.50 0.683482
4 874.66 24.53 895.47 39.87 0.682712
4 1763.47 169.99 1818.78 213.75 0.668026
4 1048.85 595.05 1058.51 608.59 0.665589
4 1331.36 583.28 1375.09 612.97 0.662153
4 1660.76 461.61 1704.97 483.18 0.661531
6 957.27 93.29 1004.58 131.03 0.661329
4 1700.07 196.04 1754.84 243.82 0.657245
4 1853.78 178.28 1915.34 244.92 0.654480
4 1759.50 199.11 1800.21 234.79 0.654347
4 1325.24 495.60 1347.79 512.02 0.648350
4 1230.95 494.79 1255.24 509.50 0.642671
6 1567.28 110.97 1825.90 237.84 0.639955
4 1728.06 221.61 1826.97 253.00 0.634639
4 746.71 524.12 761.97 542.88 0.632102
4 1190.00 564.99 1215.65 580.13 0.629445
2 1097.46 913.92 1141.46 953.26 0.627887
4 912.70 557.02 940.58 576.74 0.625857
2 1426.60 595.17 1463.35 628.74 0.619765
4 1422.86 509.75 1444.94 527.23 0.615016
4 1209.79 544.24 1251.86 567.51 0.613088
4 1863.63 127.57 1887.18 141.68 0.612772
1 1656.03 926.70 1678.95 949.29 0.612462
4 832.92 411.84 854.67 427.12 0.608841
4 1602.87 545.87 1644.18 562.71 0.607100
4 1283.36 547.10 1324.27 571.89 0.606086
4 1726.53 366.84 1800.09 387.39 0.605259
4 1691.65 417.23 1740.13 437.46 0.604134
1 1799.99 513.30 1830.95 567.77 0.602740
4 1196.72 568.58 1218.74 587.30 0.602664
4 504.79 77.92 552.51 121.61 0.597304
3 616.92 867.70 653.78 899.75 0.595596
3 1094.40 930.58 1125.52 954.41 0.595507
4 1304.33 539.65 1325.66 552.65 0.591427
5 1183.04 592.64 1227.49 645.14 0.586462
4 839.62 487.41 876.25 511.58 0.585796
3 1121.35 636.83 1149.28 662.69 0.585221
4 826.79 76.61 873.12 103.25 0.582946
4 1628.34 505.89 1674.82 525.76 0.567023
4 1521.75 590.84 1548.35 603.86 0.557259
6 893.54 83.86 1010.46 214.66 0.554475
4 602.80 511.53 627.27 526.93 0.551856
2 1535.48 662.03 1547.89 688.27 0.550265
4 764.54 541.89 796.97 559.00 0.549838
4 1691.56 381.45 1768.90 437.61 0.543789
4 559.87 482.79 599.69 502.09 0.539109
4 1603.79 519.07 1671.34 561.70 0.537679
4 541.74 15.75 583.49 44.03 0.532997
6 1216.57 528.74 1255.81 549.18 0.527535
4 1593.13 592.24 1628.99 619.94 0.523282
4 1660.24 561.86 1700.28 589.15 0.523101
6 761.69 18.74 888.37 148.43 0.521881
3 1887.26 756.86 1904.56 786.48 0.516589
4 549.22 454.75 591.28 479.81 0.515272
2 1263.48 153.91 1283.61 173.42 0.511232
2 1618.58 925.68 1679.62 952.33 0.503260
4 301.28 418.11 339.94 441.74 0.495574
4 244.02 408.89 284.36 428.68 0.487308
4 544.60 437.88 579.31 456.07 0.486792
1 1618.54 928.36 1640.40 951.56 0.484406
4 186.39 323.35 225.35 341.70 0.478100
4 194.75 667.39 236.26 695.78 0.466504
3 402.40 446.82 415.60 464.10 0.462629
2 798.67 84.79 817.83 133.60 0.456823
3 269.13 454.22 287.28 488.32 0.455603
4 162.91 450.43 178.84 466.02 0.451834
4 238.33 405.06 272.83 422.38 0.449764
3 1758.07 802.86 1782.50 838.89 0.448250
1 750.34 895.28 765.88 926.08 0.442861
2 640.07 528.63 656.31 543.89 0.438796
2 802.84 544.72 812.07 568.78 0.405973
4 358.94 23.08 405.21 58.30 0.403711
1 1378.78 635.73 1391.44 669.70 0.402371
9 209.97 379.81 275.43 426.11 0.396345
4 1.61 409.37 56.05 447.60 0.351032
4 151.70 247.78 195.75 295.09 0.342376
