5 849.42 402.00 898.04 494.89 0.999953
4 708.43 873.99 792.28 1016.39 0.999739
4 869.13 778.41 908.92 853.30 0.999528
4 784.77 645.16 840.84 728.87 0.999426
4 914.61 251.04 939.65 274.86 0.998855
1 1038.47 795.25 1064.44 843.76 0.998600
2 1043.98 820.86 1060.44 844.17 0.998202
3 1541.52 955.24 1636.00 1050.48 0.997046
4 1235.07 603.87 1353.79 661.58 0.996128
4 1283.52 641.23 1410.21 701.67 0.995970
4 985.50 92.46 999.35 106.59 0.995842
4 963.09 203.85 976.23 222.14 0.994195
4 1009.66 112.77 1022.67 124.50 0.993482
4 954.05 117.45 969.44 130.54 0.993234
4 988.72 111.00 1001.54 121.95 0.992491
4 873.15 137.86 890.45 152.19 0.991999
4 1029.54 215.85 1061.70 236.28 0.991642
1 1281.14 467.31 1293.34 499.52 0.990739
3 1311.60 574.89 1338.23 610.84 0.986871
4 778.32 490.09 843.47 520.41 0.985888
4 679.32 352.53 725.21 384.88 0.985684
4 966.71 70.37 982.32 88.70 0.984857
2 1046.19 461.98 1075.18 503.42 0.984451
1 1050.81 377.78 1062.42 402.75 0.983333
2 653.03 641.31 668.63 670.28 0.982697
4 1061.90 341.15 1079.74 365.36 0.981645
4 936.98 174.19 950.19 189.32 0.975534
1 650.91 627.93 669.25 669.34 0.970636
4 1003.79 33.16 1013.17 45.68 0.970059
3 1056.97 479.21 1074.01 504.00 0.965043
4 971.81 55.00 984.67 67.36 0.962358
4 906.49 232.22 921.62 245.50 0.960232
4 977.71 33.71 989.06 46.10 0.956236
1 1023.13 330.06 1035.30 353.91 0.942545
3 1023.54 336.33 1034.41 353.89 0.936773
4 1039.43 154.76 1055.70 170.02 0.923887
1 1400.51 596.35 1416.15 635.87 0.920663
4 1017.65 22.32 1027.14 35.78 0.919389
4 1094.10 501.15 1120.96 540.31 0.914598
4 921.81 225.33 931.53 240.88 0.910766
4 1028.64 72.62 1040.52 83.52 0.909721
4 1022.38 47.72 1034.08 59.52 0.901050
1 974.69 147.97 983.04 167.12 0.898599
4 851.39 456.96 893.28 494.03 0.891516
4 1063.66 215.78 1078.95 227.15 0.889861
1 1012.07 221.85 1021.37 239.51 0.888904
4 866.62 256.22 881.85 271.27 0.867321
4 986.72 10.01 1000.00 20.75 0.858123
6 873.29 122.12 913.53 150.84 0.855957
4 1266.91 570.53 1298.43 606.31 0.852526
3 1085.60 498.84 1121.24 540.82 0.846685
2 1100.81 518.52 1117.93 542.82 0.828414
4 1147.57 117.12 1160.52 131.15 0.826076
3 1050.57 387.79 1062.52 403.57 0.825371
4 845.72 250.13 880.79 272.26 0.825319
4 979.42 26.41 990.02 36.59 0.815024
4 1066.66 274.48 1078.21 286.50 0.797569
4 1078.38 47.18 1100.99 62.04 0.794172
4 1070.20 90.55 1085.47 102.01 0.790151
4 613.06 163.88 629.74 177.24 0.785714
6 632.84 256.87 761.03 275.68 0.780977
5 1301.91 519.94 1356.49 562.46 0.777852
1 1023.19 161.17 1031.63 176.80 0.777801
1 1262.25 555.38 1278.59 603.15 0.766827
4 1251.45 251.25 1269.35 269.38 0.766413
4 1173.56 105.95 1191.31 118.93 0.758895
4 767.96 119.25 783.48 130.09 0.758610
6 1069.12 86.87 1109.39 105.22 0.758575
4 1207.40 719.01 1252.01 780.76 0.756113
4 1003.14 11.26 1018.67 20.89 0.744505
4 1421.46 637.69 1445.74 683.30 0.731322
4 442.92 324.18 478.16 344.29 0.727911
4 657.85 209.17 672.53 225.54 0.727198
1 1033.40 112.01 1044.42 131.91 0.715866
4 575.18 492.69 599.13 513.45 0.709753
1 564.40 174.46 576.74 197.09 0.701546
4 1189.36 220.87 1211.28 234.52 0.701371
9 876.75 121.99 906.84 133.88 0.698894
6 821.60 284.31 858.34 321.13 0.693153
4 1313.80 548.92 1339.16 572.99 0.688830
4 1048.26 462.11 1072.70 485.35 0.684814
4 1075.09 212.29 1094.50 225.07 0.682523
4 105.24 491.17 321.00 569.41 0.673957
1 1257.99 471.52 1271.47 494.77 0.667652
4 420.96 142.69 442.28 157.10 0.666316
4 1262.73 402.04 1295.85 425.89 0.666045
1 1375.03 605.95 1395.64 630.71 0.658775
3 1145.61 591.67 1173.26 611.52 0.654606
3 1303.53 461.45 1326.52 486.93 0.639725
4 1102.32 59.25 1119.95 68.79 0.636107
4 695.65 367.01 724.21 384.75 0.634136
3 1279.91 485.05 1292.71 501.44 0.632611
4 1410.39 499.38 1437.08 526.25 0.631086
4 1325.73 486.90 1347.98 503.30 0.631009
6 586.75 287.10 626.18 316.37 0.630046
4 670.42 198.59 686.33 211.37 0.629938
4 1288.08 534.82 1301.50 554.07 0.629512
3 1370.03 556.06 1403.11 598.66 0.624452
4 985.08 9.08 1019.77 22.39 0.621147
4 657.43 200.98 687.43 227.05 0.608792
4 488.95 250.73 507.25 270.66 0.598640
9 733.12 67.65 779.45 98.53 0.596184
1 1153.02 487.53 1161.61 506.39 0.592017
4 532.29 161.49 547.48 174.57 0.591480
6 849.55 401.88 897.74 494.76 0.587104
4 1225.41 242.71 1250.89 253.89 0.585797
4 389.89 147.16 406.42 160.53 0.580529
4 509.55 379.35 533.65 399.66 0.578998
2 1017.94 60.45 1025.61 72.59 0.578175
4 681.19 1036.02 792.58 1077.71 0.571755
2 1455.30 536.07 1473.22 566.71 0.568236
1 1263.84 555.06 1277.08 577.08 0.565202
3 1366.12 567.34 1388.86 595.72 0.563580
2 1222.48 579.99 1251.89 605.37 0.563405
2 1375.25 596.22 1416.40 633.62 0.562048
1 1148.24 570.98 1173.34 610.63 0.560632
2 477.13 324.67 488.57 344.18 0.551341
4 565.41 197.54 582.62 208.62 0.546497
1 476.04 175.97 486.45 197.98 0.546177
3 1380.21 578.15 1403.19 597.76 0.544640
9 1068.90 88.82 1110.13 115.23 0.544563
2 1247.33 387.07 1264.94 414.48 0.544432
2 1097.63 336.07 1110.46 355.67 0.536957
1 1169.69 385.79 1181.87 408.02 0.532595
2 893.06 265.22 904.62 283.85 0.532568
2 887.47 278.92 894.64 299.28 0.523744
4 1468.45 665.81 1497.16 701.76 0.523608
2 1168.70 381.89 1269.22 417.35 0.522098
4 214.28 588.14 268.82 614.67 0.521581
2 1082.92 497.49 1097.52 523.62 0.515921
7 1205.09 697.37 1251.80 780.39 0.515437
4 1505.19 719.92 1533.91 750.05 0.509897
2 1375.32 606.56 1388.12 628.27 0.505555
4 464.15 143.88 483.45 157.02 0.502937
2 1183.92 383.86 1196.44 409.02 0.498325
2 1554.05 948.38 1631.46 1026.16 0.498085
3 1555.91 948.65 1610.58 1000.64 0.495845
4 586.83 287.13 623.91 307.30 0.489169
2 1384.89 558.53 1399.92 593.81 0.485482
2 1152.97 571.61 1170.43 608.16 0.482396
2 1555.78 966.76 1601.34 1000.76 0.472634
4 825.48 280.18 853.17 291.08 0.470018
2 887.06 265.93 903.09 300.38 0.460601
2 1131.35 477.95 1143.16 504.41 0.458819
1 1038.23 800.33 1050.64 828.13 0.439192
1 1245.37 388.33 1257.68 415.34 0.436992
2 1045.24 467.80 1059.66 498.08 0.435048
1 1053.54 463.87 1071.47 500.91 0.427265
6 385.36 338.36 656.48 524.72 0.424066
4 150.65 430.25 193.34 464.23 0.418562
3 1583.40 948.50 1610.41 979.99 0.410793
3 1603.26 988.86 1634.83 1023.85 0.396595
1 652.21 627.40 666.87 648.27 0.394988
3 1749.02 1037.48 1790.16 1076.91 0.393827
10 869.31 778.34 909.17 853.57 0.190640
