1 722.89 137.68 919.35 406.77 0.877932
1 175.46 774.23 231.31 943.87 0.806516
1 960.32 265.58 1004.20 300.83 0.770180
1 952.61 110.89 998.17 154.46 0.758315
2 1153.67 5.53 1397.39 1044.80 0.720590
2 744.97 808.31 981.22 1048.01 0.684736
2 1182.26 103.68 1226.82 148.80 0.658352
2 855.28 406.94 913.43 447.35 0.622859
1 961.21 436.35 1009.80 467.54 0.602237
2 952.25 110.50 1110.35 157.75 0.601712
2 1156.58 161.33 1206.58 201.71 0.592596
2 969.95 580.66 1026.25 609.66 0.585664
2 983.87 826.97 1154.64 956.94 0.584469
2 1182.20 234.77 1234.36 272.56 0.561349
1 59.15 770.19 131.56 859.03 0.560699
2 1292.12 162.23 1338.99 203.27 0.559785
2 1201.25 286.96 1247.90 323.91 0.557823
2 1275.34 40.61 1320.90 86.86 0.553465
2 821.22 451.72 906.58 508.38 0.552365
2 1293.72 103.13 1341.63 147.02 0.547247
2 1273.98 0.00 1316.86 37.34 0.547024
2 1300.26 238.36 1333.18 266.93 0.541504
2 0.32 771.37 28.15 939.22 0.538210
2 968.83 580.06 1148.14 677.60 0.534210
2 1301.72 304.06 1335.01 333.81 0.531526
2 1190.72 386.95 1230.15 417.70 0.530725
2 848.33 447.38 869.40 467.90 0.529498
2 1160.59 43.87 1211.20 93.49 0.524901
2 778.71 440.74 792.85 459.89 0.522985
2 1169.40 436.32 1224.95 466.70 0.517704
2 1309.37 499.88 1361.18 529.82 0.492532
1 855.13 406.71 913.52 447.43 0.485456
2 855.32 475.55 905.22 505.94 0.485267
2 0.53 765.84 232.27 944.92 0.346891
2 8.63 0.27 220.92 257.46 0.258054
1 8.47 0.00 220.99 258.73 0.167740
10 721.28 103.49 960.57 410.59 0.152426
