4 620.87 270.33 645.29 316.13 0.999605
4 777.76 637.09 807.04 696.19 0.999297
4 688.59 17.79 709.42 56.88 0.999287
4 596.26 529.12 622.89 583.01 0.999195
4 735.10 260.14 770.36 346.49 0.997729
4 722.24 594.75 756.20 667.01 0.997677
4 686.35 175.65 716.82 254.58 0.997152
4 581.89 117.20 603.67 155.62 0.996467
4 678.73 91.46 703.22 138.95 0.996096
4 707.35 378.47 755.14 467.39 0.995237
4 602.61 3.94 629.07 76.51 0.994818
4 730.11 151.63 753.49 206.70 0.994748
4 573.05 0.11 590.27 16.32 0.993263
4 613.21 157.00 634.39 192.83 0.990266
4 785.13 725.18 819.95 787.46 0.982780
2 857.21 415.02 870.63 436.40 0.935905
4 650.20 104.81 661.92 118.18 0.885397
4 624.81 107.81 635.53 118.92 0.865672
4 691.76 223.64 715.82 254.04 0.818988
4 828.75 242.18 838.92 254.83 0.810049
4 726.54 434.76 754.16 466.58 0.691922
2 553.57 2.06 823.11 784.58 0.691469
4 728.96 636.65 755.32 666.42 0.674889
4 732.70 151.08 748.57 162.29 0.640195
1 821.13 241.69 838.41 256.53 0.636531
6 735.20 260.22 770.48 346.64 0.580430
1 707.33 378.38 755.20 467.46 0.547791
4 793.85 766.11 818.94 787.28 0.535376
4 783.22 660.58 803.80 680.53 0.533490
2 613.26 156.70 634.82 208.81 0.525563
2 596.58 529.31 622.94 582.87 0.525037
2 819.23 239.92 840.30 258.44 0.524882
1 585.68 172.88 596.61 211.44 0.522967
1 778.16 637.09 806.89 696.05 0.518171
2 821.62 243.32 829.76 256.26 0.514671
2 796.77 127.68 813.59 143.43 0.494120
1 550.84 175.99 563.73 214.69 0.489982
2 652.98 502.39 695.94 521.25 0.460651
1 586.49 173.54 595.66 191.16 0.422706
2 730.41 151.64 753.40 206.74 0.420433
