1 842.38 621.07 869.86 680.33 0.996269
1 1282.78 77.32 1311.61 129.01 0.975968
1 926.08 401.93 952.74 465.31 0.975942
2 900.12 390.07 953.25 465.20 0.958654
2 840.96 620.82 884.95 683.27 0.952326
4 785.46 47.71 807.83 81.24 0.946030
3 1312.10 57.00 1399.59 152.45 0.930579
2 851.18 286.07 922.86 353.85 0.922185
1 869.42 641.69 886.79 682.60 0.914201
4 615.56 458.05 647.81 524.38 0.904028
1 1329.44 13.83 1369.03 53.00 0.897523
1 852.11 287.21 886.81 351.81 0.878786
2 849.07 284.76 954.97 466.64 0.842624
5 960.15 427.48 1116.69 525.05 0.828320
4 1162.35 531.56 1241.19 562.29 0.809963
4 1047.62 431.80 1250.24 502.47 0.769579
5 722.42 12.11 758.97 50.19 0.767596
3 845.43 403.21 874.79 463.72 0.767416
2 899.99 406.31 923.43 446.09 0.765563
1 894.57 303.96 922.31 352.31 0.763310
4 1365.36 72.93 1399.56 106.89 0.726903
2 784.46 95.95 800.27 123.13 0.706819
4 1384.45 73.01 1399.33 90.39 0.703427
4 451.96 272.22 473.32 294.33 0.692914
6 961.13 426.65 1300.01 522.21 0.690702
2 838.55 621.26 850.67 680.09 0.679043
4 1349.96 70.54 1372.56 83.89 0.676145
1 1252.41 457.69 1280.28 496.30 0.665735
4 1296.64 0.00 1337.90 16.77 0.660128
4 467.35 392.62 499.73 458.07 0.648191
4 1349.71 67.05 1399.23 91.38 0.643595
4 59.52 654.38 85.80 666.78 0.618011
2 1280.71 267.91 1307.16 307.39 0.606268
6 935.76 515.55 1119.95 556.82 0.603989
4 1045.36 430.23 1146.83 484.72 0.601409
4 846.50 403.45 859.35 412.44 0.600615
6 1004.61 106.33 1255.44 189.94 0.595818
2 856.36 624.22 875.99 678.65 0.590353
4 1120.13 640.17 1183.99 656.85 0.580571
4 967.98 660.56 994.02 675.09 0.575413
4 106.10 677.41 121.97 688.52 0.573640
1 956.46 93.55 996.22 138.48 0.554932
4 992.33 657.82 1014.45 671.84 0.549787
4 1046.97 646.57 1113.12 673.36 0.548523
4 933.13 747.93 1121.54 787.33 0.546309
2 1018.16 138.91 1042.37 175.93 0.536621
4 71.13 676.22 122.51 699.66 0.531023
2 1003.39 253.82 1018.25 269.04 0.530163
4 1118.25 758.65 1252.85 787.38 0.529260
6 1070.93 265.16 1116.10 291.40 0.527680
4 43.77 497.27 72.51 518.99 0.524668
4 1159.36 640.50 1184.55 655.11 0.522348
6 966.74 428.04 1034.89 494.74 0.521817
4 219.78 569.07 237.56 580.50 0.515860
2 744.27 24.22 826.74 158.84 0.497095
2 1164.18 446.17 1195.29 470.39 0.496879
2 955.21 93.48 999.12 154.20 0.471765
2 693.52 22.85 718.95 59.94 0.454889
4 1087.05 648.03 1112.79 668.73 0.454717
2 752.36 27.36 781.41 105.56 0.423293
1 755.99 27.89 781.43 65.13 0.422267
1 720.58 71.55 732.36 93.46 0.401092
6 807.84 266.94 1398.32 565.54 0.191486
