4 294.87 293.93 350.48 395.79 0.999781
4 901.38 79.34 955.98 171.80 0.999510
4 509.63 570.38 563.90 665.73 0.999259
4 566.69 576.07 624.18 677.62 0.999060
4 660.88 374.65 716.86 479.22 0.998919
4 555.56 354.62 612.85 448.15 0.998842
4 762.47 399.15 826.22 515.08 0.998818
4 712.66 382.94 767.58 495.91 0.998778
4 420.16 212.76 477.23 312.93 0.998754
4 445.21 331.28 506.37 442.66 0.998599
4 848.07 292.55 909.38 404.14 0.998512
4 299.37 0.28 352.10 76.90 0.998511
4 620.47 37.88 673.60 136.40 0.998494
4 395.07 314.25 454.48 420.68 0.998477
4 568.28 26.32 626.08 120.92 0.998457
4 822.80 406.07 888.68 521.87 0.998355
4 836.59 72.73 893.38 179.75 0.998309
4 503.32 338.46 559.68 452.63 0.998215
4 794.42 286.32 852.08 394.97 0.998174
4 1151.37 150.20 1248.29 299.65 0.998145
4 529.50 224.57 583.50 330.34 0.997767
4 634.25 250.57 689.14 358.26 0.997719
4 684.95 258.53 741.98 367.21 0.997645
4 592.72 702.96 648.64 787.08 0.997109
4 779.10 56.01 836.35 172.73 0.996877
4 580.92 237.23 636.38 341.06 0.996861
4 1338.69 361.49 1399.61 483.59 0.996816
4 699.68 0.28 742.94 31.70 0.996638
4 413.58 0.39 475.19 99.32 0.996418
4 719.76 46.75 778.91 168.92 0.995946
4 512.72 15.96 565.49 119.92 0.995351
4 808.61 0.44 850.59 56.91 0.995286
4 675.12 30.43 729.59 141.78 0.995162
4 359.11 0.52 417.17 81.54 0.994601
4 299.12 518.16 358.81 621.26 0.994415
4 776.13 616.11 842.59 738.13 0.993696
4 1286.92 359.01 1351.26 465.88 0.993687
4 1232.52 354.85 1304.40 461.29 0.993514
4 1075.43 306.06 1144.57 420.44 0.993029
4 613.16 586.91 675.13 708.67 0.993000
4 472.18 207.91 535.26 325.62 0.992630
4 726.34 594.48 786.57 717.21 0.992519
4 1002.76 584.54 1097.67 641.09 0.991861
4 243.13 510.42 307.96 624.94 0.991634
4 763.82 733.18 815.87 787.38 0.989043
4 1339.75 190.04 1399.65 354.65 0.988318
1 710.43 170.46 727.96 202.97 0.987458
4 978.49 636.57 1100.97 708.39 0.987442
4 1127.05 324.90 1189.77 436.58 0.987311
4 1005.47 531.28 1113.12 591.47 0.986454
4 15.48 114.61 75.97 230.43 0.984591
1 696.24 196.56 709.26 218.06 0.980407
4 671.07 601.67 729.80 720.24 0.975194
4 594.69 0.00 636.31 15.35 0.973579
4 951.56 733.69 1061.99 787.53 0.972319
4 1098.73 661.03 1213.00 729.43 0.971627
4 1331.35 597.97 1399.76 650.25 0.966657
4 36.02 0.37 105.33 106.38 0.945958
4 739.69 265.59 797.45 377.36 0.932556
4 1361.60 190.57 1399.11 228.81 0.926605
4 0.07 409.36 20.24 499.21 0.924511
4 1321.56 657.11 1399.62 715.93 0.917491
1 695.99 169.86 728.77 218.94 0.903057
1 1115.25 277.00 1129.30 299.80 0.851059
4 1062.19 761.51 1177.16 787.52 0.846372
4 928.53 0.43 1011.16 52.43 0.825609
4 971.49 0.48 1011.22 33.23 0.785354
4 928.12 26.19 958.79 51.17 0.766374
5 977.98 636.23 1213.05 730.24 0.754732
4 808.29 0.52 912.59 59.66 0.707290
4 1172.62 150.79 1242.82 191.75 0.689462
4 182.13 176.97 219.64 212.09 0.658660
4 188.51 423.32 211.57 472.47 0.650746
4 483.36 208.04 534.84 262.09 0.647382
6 1343.81 213.07 1399.53 352.25 0.639542
1 1019.64 450.16 1045.60 468.75 0.637109
1 652.34 371.53 670.23 392.36 0.607973
4 508.29 569.53 843.48 786.74 0.567962
1 1064.75 733.94 1087.01 760.31 0.565356
6 1152.52 184.19 1246.67 297.51 0.512308
6 242.72 509.00 358.87 625.15 0.512115
1 1217.58 564.29 1274.47 588.93 0.484773
6 1074.79 305.04 1189.72 437.82 0.482795
6 1232.28 353.73 1399.10 485.31 0.482000
4 1325.66 638.76 1399.30 676.20 0.463001
1 1055.11 517.25 1068.19 530.13 0.439019
1 800.78 175.14 817.50 189.84 0.437707
1 1186.48 662.36 1200.31 678.40 0.407369
1 672.82 82.59 683.15 102.69 0.406930
4 0.19 64.17 35.64 174.90 0.399585
4 1347.50 760.73 1399.06 787.23 0.381535
4 393.03 206.23 911.80 521.48 0.323002
4 298.50 0.89 959.93 188.36 0.121760
