4 479.31 683.36 580.58 753.48 0.998580
4 465.92 622.47 545.92 684.42 0.998451
4 671.93 710.49 768.12 775.48 0.998397
4 795.64 751.14 900.08 820.20 0.998384
4 571.05 676.55 669.78 737.86 0.998344
4 599.92 739.54 702.30 811.82 0.998186
4 908.28 737.11 1019.35 805.21 0.998076
4 1063.08 768.84 1209.84 870.69 0.997698
4 933.30 803.17 1057.98 885.39 0.997488
4 1110.17 934.43 1270.50 1039.86 0.996758
4 393.82 580.76 462.72 629.20 0.995762
4 304.86 590.65 381.40 645.13 0.995433
4 388.64 625.06 476.62 690.12 0.995261
4 221.83 515.16 288.66 557.19 0.995179
4 728.43 786.53 840.43 859.55 0.994818
1 1331.58 773.72 1365.91 820.70 0.993848
1 632.55 494.07 653.64 566.76 0.993033
4 118.87 481.10 186.63 517.89 0.992947
4 897.00 859.37 1024.04 946.38 0.992302
4 225.02 559.19 297.30 605.20 0.991795
4 1103.47 858.64 1236.59 946.14 0.988177
4 116.83 509.03 174.54 548.70 0.985145
5 547.72 602.74 874.37 753.00 0.982992
4 169.78 523.37 242.49 574.23 0.978158
3 419.67 449.01 483.03 486.72 0.973873
4 786.40 658.51 873.48 751.26 0.959597
3 608.94 513.19 677.47 571.19 0.958689
4 1362.01 689.22 1399.60 747.61 0.952651
1 249.04 436.22 269.30 464.78 0.952267
1 193.75 430.13 208.67 453.84 0.935648
4 270.75 420.57 307.97 456.76 0.891120
4 1270.12 13.95 1293.60 40.40 0.889864
1 17.27 339.14 48.25 393.86 0.859115
1 181.88 435.21 195.04 458.43 0.851932
4 1358.99 165.26 1382.66 190.77 0.797022
4 1329.62 476.66 1374.54 510.09 0.791029
4 1185.27 9.60 1206.43 38.01 0.782785
4 1144.04 10.32 1166.43 33.09 0.774894
6 380.93 527.00 434.24 603.10 0.772975
4 1248.19 76.92 1264.20 93.91 0.754602
4 1179.44 60.95 1230.35 96.86 0.745493
3 575.52 652.83 652.65 687.97 0.736066
6 517.79 446.32 596.26 517.66 0.735327
1 1349.73 527.53 1392.31 560.69 0.732250
4 1313.12 88.14 1339.28 106.76 0.715032
4 1280.49 171.27 1299.97 193.61 0.709708
4 1257.99 89.30 1282.23 110.20 0.708273
4 1325.66 211.76 1348.58 232.01 0.702372
4 1257.58 83.00 1303.50 110.61 0.701560
4 1341.20 70.33 1368.94 92.39 0.699454
4 1232.28 71.70 1255.32 89.02 0.695909
4 1187.08 108.61 1219.28 135.43 0.695256
4 1172.07 130.34 1208.91 161.84 0.691272
4 1221.96 28.86 1256.57 53.09 0.689877
4 380.44 526.80 462.90 629.90 0.689018
1 358.77 438.27 372.53 469.21 0.678602
4 1356.70 140.41 1391.21 163.70 0.674593
4 1372.76 68.67 1396.36 92.20 0.674524
4 1205.17 131.89 1246.17 158.71 0.673939
4 409.75 432.02 423.87 447.80 0.673146
3 23.75 371.39 52.73 394.08 0.667467
2 1383.03 567.75 1399.83 633.08 0.666250
3 1314.48 126.07 1351.93 165.62 0.664162
4 1340.02 226.43 1384.08 253.19 0.662992
4 450.78 463.60 528.16 507.02 0.660215
1 275.87 435.17 295.21 460.30 0.659983
4 1195.15 79.44 1224.72 97.55 0.659685
1 1373.20 528.32 1392.59 557.22 0.659131
6 1286.99 29.21 1342.26 92.30 0.648391
4 722.18 698.35 784.65 733.19 0.640744
4 359.06 656.76 453.85 711.82 0.639013
4 28.99 551.47 66.52 589.80 0.624956
3 772.10 708.06 851.39 787.22 0.615561
4 518.82 446.76 594.16 488.74 0.614047
3 795.39 707.21 863.62 750.74 0.612299
6 721.67 655.79 873.60 752.96 0.605113
4 1384.10 254.90 1399.80 278.11 0.601591
3 655.35 513.16 695.35 546.85 0.599228
3 588.91 486.25 624.80 518.20 0.577343
2 359.09 436.84 386.17 470.95 0.566110
3 359.05 437.10 400.59 471.22 0.559405
2 1129.63 599.05 1165.41 649.17 0.539226
2 1350.31 538.79 1369.38 559.64 0.519225
4 0.20 344.65 20.95 375.64 0.513766
2 677.40 514.73 694.59 540.90 0.513027
2 181.51 426.48 295.22 464.51 0.512327
1 1297.30 729.86 1310.63 749.65 0.504419
4 826.77 970.16 880.45 1018.58 0.495111
1 1329.94 734.08 1342.42 752.31 0.494871
1 1346.36 679.51 1361.06 701.60 0.492779
2 1360.00 529.58 1374.58 546.14 0.483260
1 369.00 438.38 385.98 468.94 0.465140
2 594.26 437.74 609.33 457.26 0.463520
1 576.34 430.48 589.93 456.38 0.463013
4 1386.52 602.31 1399.81 633.59 0.456054
9 517.58 445.54 665.21 525.38 0.454190
1 182.21 392.55 211.39 457.02 0.440418
1 379.75 579.85 392.59 602.02 0.426650
1 1309.23 670.37 1335.90 693.92 0.424840
1 640.74 332.63 674.39 362.84 0.420870
1 1342.96 774.43 1365.03 795.81 0.418350
2 609.80 471.81 628.42 520.81 0.414612
1 438.72 443.30 462.87 484.29 0.407840
4 0.16 835.09 23.70 864.50 0.404094
9 331.90 378.62 464.76 461.33 0.380306
2 21.59 375.29 35.44 403.95 0.378588
4 1.09 517.64 66.12 595.17 0.301372
