4 314.94 449.39 372.25 537.73 0.999468
4 619.95 642.86 689.15 722.25 0.998622
4 295.90 52.58 334.59 131.04 0.998341
4 304.20 683.31 345.49 773.07 0.997850
4 150.53 679.14 196.11 766.34 0.997825
4 208.67 154.49 293.24 196.77 0.997388
4 921.15 332.50 1018.22 372.21 0.996445
4 220.52 707.54 260.52 777.42 0.996305
4 350.99 663.75 393.89 751.61 0.995803
4 1056.30 332.80 1142.52 368.28 0.987140
5 781.80 735.62 1396.36 787.42 0.976622
2 162.81 451.37 210.24 540.07 0.970396
5 396.35 647.28 444.92 754.00 0.963328
4 1216.18 77.51 1312.20 127.76 0.952911
3 527.20 616.85 566.52 710.78 0.891626
4 0.11 427.07 10.22 523.46 0.890438
5 608.94 408.16 692.57 441.51 0.888375
1 469.29 37.52 484.86 56.45 0.773886
4 489.25 0.06 536.47 37.35 0.757310
4 1250.06 17.99 1316.33 55.65 0.745945
4 1251.15 17.80 1289.23 36.44 0.732998
4 1223.97 5.01 1290.11 36.56 0.723485
4 807.10 615.12 841.52 638.63 0.642952
4 827.76 652.47 864.25 666.80 0.634246
1 414.23 71.54 433.56 91.81 0.628834
4 880.93 652.89 909.09 668.45 0.601494
4 756.84 645.11 799.50 665.53 0.598782
4 820.11 651.17 841.71 665.40 0.575631
1 732.43 761.02 742.70 787.57 0.565832
3 721.87 695.88 756.83 744.38 0.562488
7 146.96 628.77 197.80 766.93 0.559872
4 829.98 655.38 845.75 665.69 0.559418
2 748.59 643.76 1023.10 680.62 0.554640
3 144.36 567.26 277.40 672.62 0.546577
4 786.00 649.26 799.48 663.31 0.531893
1 508.03 632.63 521.04 647.13 0.526599
1 902.39 557.52 921.10 583.61 0.515507
4 932.66 654.39 946.32 667.20 0.511203
1 909.58 648.08 925.75 667.69 0.509789
1 397.46 69.19 411.68 90.45 0.482697
4 297.54 52.28 330.65 81.07 0.458828
3 1354.59 622.22 1399.27 656.66 0.458370
7 143.92 567.27 276.36 767.98 0.456097
1 756.60 645.23 770.27 660.85 0.455422
3 0.28 545.40 112.87 608.33 0.447161
1 539.47 616.26 565.60 648.25 0.442522
2 491.78 616.01 565.76 651.00 0.440240
6 148.93 644.92 449.42 777.40 0.416231
1 492.66 628.99 505.31 640.00 0.399749
1 402.39 433.52 430.89 450.54 0.398788
1 492.59 628.29 521.52 647.99 0.383898
7 525.92 651.82 548.34 711.13 0.375903
1 397.21 57.19 434.29 93.27 0.286760
2 411.92 34.90 486.63 93.41 0.283925
3 95.64 3.65 159.84 50.71 0.237659
3 95.98 32.92 142.75 50.83 0.229619
