4 793.54 277.37 874.65 317.48 0.999457
4 562.08 234.88 648.89 281.57 0.999295
4 1120.97 483.16 1219.20 544.02 0.999234
4 1154.44 99.03 1200.61 122.69 0.999211
4 774.96 510.60 857.56 615.82 0.998951
4 170.10 148.36 218.21 183.43 0.998940
5 384.97 240.62 496.10 289.63 0.998583
4 1235.56 228.02 1296.46 262.82 0.998569
4 1120.26 782.48 1280.40 937.66 0.998519
4 169.78 324.77 265.60 375.64 0.998478
1 1125.85 449.10 1149.05 489.27 0.998446
4 1021.36 135.72 1073.01 160.01 0.998426
4 1245.07 309.94 1305.19 344.08 0.998372
4 502.88 278.90 559.63 327.34 0.998324
4 1287.48 971.96 1397.46 1047.56 0.998260
4 459.19 203.43 526.51 232.22 0.998259
1 542.39 417.53 557.53 455.26 0.998226
4 183.05 360.29 287.20 406.26 0.998172
1 599.33 371.01 614.80 403.53 0.998084
4 863.65 866.48 1017.80 987.51 0.997895
4 894.63 961.23 1093.77 1047.37 0.997881
4 56.65 116.87 90.46 146.99 0.997081
4 44.23 289.66 142.33 340.70 0.997050
4 574.42 303.98 664.58 344.65 0.996952
4 511.98 139.48 574.61 166.41 0.996851
4 1166.46 710.37 1312.78 852.62 0.996312
1 1143.07 586.12 1167.42 627.08 0.996113
4 338.90 202.55 370.84 232.10 0.996060
4 947.85 475.46 1034.51 562.83 0.995860
1 647.77 436.34 661.93 471.90 0.995538
4 896.10 496.48 984.88 585.72 0.995303
4 1294.59 400.93 1382.98 468.04 0.994413
4 1013.15 468.34 1103.65 557.47 0.994256
1 363.79 167.88 378.08 195.44 0.993357
4 682.94 566.82 803.22 659.66 0.992814
5 355.82 125.33 387.13 165.22 0.992427
5 1209.06 528.70 1358.23 631.68 0.991463
1 281.25 948.79 318.67 997.67 0.991157
4 25.71 99.75 53.18 126.84 0.990510
1 164.84 869.96 208.53 917.15 0.990460
3 1156.00 589.28 1222.62 654.26 0.990103
1 1374.71 551.58 1397.90 584.01 0.989225
4 810.79 730.27 895.75 801.41 0.988661
4 1249.77 410.93 1344.88 481.15 0.987696
4 1088.21 127.34 1131.96 154.62 0.987186
1 149.74 189.67 167.47 218.81 0.986249
1 686.72 228.79 700.71 262.60 0.984729
4 974.53 100.21 1008.83 121.56 0.983681
1 460.36 828.92 483.53 888.07 0.982332
2 239.69 490.73 281.29 524.56 0.981860
4 0.21 108.40 40.09 155.10 0.977406
1 606.01 268.63 618.72 288.17 0.977399
1 70.15 932.46 118.55 972.02 0.975221
1 747.89 371.02 764.14 397.09 0.974555
4 795.18 112.09 838.54 132.48 0.967749
4 125.67 0.00 144.43 8.27 0.964128
3 320.54 652.67 348.49 684.21 0.962911
6 1154.55 528.43 1358.32 655.11 0.944588
4 1265.57 67.50 1289.79 81.45 0.943784
3 1215.27 249.60 1238.27 270.12 0.931118
4 1356.62 743.66 1397.86 823.79 0.921420
3 738.26 373.86 774.36 406.44 0.917608
1 1231.74 1022.15 1260.60 1047.50 0.913856
4 1383.93 88.94 1397.68 104.95 0.888815
1 1293.25 70.31 1304.22 92.63 0.886086
1 319.28 635.65 350.29 676.97 0.885633
4 1321.42 64.31 1344.60 77.68 0.876719
1 361.99 203.23 373.59 227.17 0.876276
4 1086.46 18.67 1108.96 43.23 0.863599
3 843.92 510.88 878.46 537.11 0.863298
2 1256.54 332.63 1276.19 357.84 0.862839
6 944.01 28.66 1011.23 74.71 0.860772
4 358.51 56.51 369.40 71.31 0.857426
1 300.71 959.92 318.67 995.42 0.856361
1 348.08 141.84 358.36 162.68 0.849850
4 819.34 100.31 839.40 117.00 0.849846
4 486.57 130.40 502.75 146.06 0.837590
9 239.94 26.60 251.93 50.61 0.825258
4 1071.80 97.00 1085.22 113.24 0.814643
4 337.14 24.21 347.80 42.31 0.808797
4 990.58 48.55 1010.34 65.75 0.806345
6 1297.82 298.00 1371.57 364.70 0.795751
4 846.76 33.28 873.98 65.75 0.790797
4 973.94 103.52 991.46 119.46 0.788809
4 1376.86 55.21 1397.72 70.47 0.786879
4 435.30 150.90 461.20 164.49 0.784768
3 215.36 703.99 272.20 749.89 0.778719
3 747.61 490.37 801.24 529.36 0.773951
4 848.13 105.13 866.12 121.16 0.767979
1 1.05 191.78 20.47 221.24 0.763761
3 459.88 848.72 490.65 891.14 0.761552
4 1295.54 64.79 1316.35 78.51 0.756354
4 590.93 140.93 615.32 153.67 0.752514
4 817.07 116.91 838.94 132.52 0.748841
4 1338.91 331.91 1374.05 359.50 0.748352
4 1304.43 26.65 1342.53 44.64 0.747406
4 675.71 147.49 702.58 163.20 0.746576
1 241.90 485.84 266.89 518.38 0.744593
3 601.73 382.39 614.45 403.44 0.741846
4 124.57 35.70 136.23 56.90 0.737862
3 802.19 438.37 823.04 474.74 0.735105
4 589.16 126.60 618.55 143.42 0.731297
3 735.29 414.00 811.03 457.50 0.727261
4 956.72 218.67 1003.95 236.16 0.726299
3 391.35 496.27 435.74 525.58 0.725718
4 512.09 142.72 537.51 165.80 0.725219
4 1253.47 32.63 1284.41 48.66 0.724097
4 236.89 14.89 250.10 30.21 0.723732
3 990.91 117.59 1011.41 140.28 0.722102
4 1253.98 24.61 1343.82 48.93 0.714179
6 875.69 397.02 1066.91 458.95 0.713661
3 1198.47 133.55 1253.10 154.82 0.712419
4 1277.92 25.90 1309.49 45.94 0.709807
4 195.76 80.08 212.97 104.39 0.698664
4 1299.35 330.79 1375.26 363.79 0.698552
4 1129.19 212.45 1179.56 231.83 0.694160
1 771.91 423.55 787.32 451.31 0.692376
3 741.92 448.61 799.72 506.22 0.686107
9 160.61 0.82 171.72 28.36 0.682067
4 1343.75 63.97 1357.68 76.01 0.680742
4 1339.91 12.02 1384.67 40.31 0.677388
3 1256.38 328.13 1295.12 357.90 0.676414
4 924.92 245.00 975.55 271.10 0.673461
3 1124.21 470.32 1141.46 490.09 0.670253
4 754.04 122.19 805.33 155.01 0.669290
4 137.20 38.28 152.76 52.08 0.668025
3 770.72 419.29 808.34 452.78 0.666272
4 240.40 27.22 270.78 50.96 0.651433
3 693.49 491.24 724.35 529.76 0.648682
4 155.14 98.81 166.27 113.32 0.646811
4 879.72 175.82 932.31 190.31 0.644722
4 957.15 43.28 1009.59 68.04 0.643244
6 489.98 228.78 559.48 327.12 0.638825
2 991.65 115.75 1001.09 138.26 0.638385
3 649.07 450.92 677.25 481.92 0.636043
4 101.37 60.03 117.73 71.74 0.630484
4 1157.27 215.31 1180.14 231.09 0.629632
4 1156.65 215.59 1208.06 235.82 0.623908
1 992.00 115.44 1008.10 139.73 0.623851
4 1344.89 62.81 1381.40 75.65 0.621045
4 627.14 304.93 664.60 333.73 0.620179
4 616.33 143.00 638.79 157.22 0.617063
2 338.15 133.71 347.86 153.20 0.613187
3 691.97 427.83 717.14 448.98 0.612283
4 1331.00 173.37 1365.96 193.81 0.611517
6 369.70 195.22 496.46 289.67 0.605353
3 231.05 789.02 252.63 830.32 0.603700
3 694.28 479.81 769.68 532.28 0.601775
3 1215.79 227.55 1296.90 269.83 0.601275
3 773.01 489.49 801.99 517.37 0.599764
9 947.06 27.55 1003.22 52.58 0.599663
2 663.92 461.90 677.35 481.01 0.599479
3 328.01 662.24 343.05 684.34 0.596650
3 735.11 509.05 767.22 541.07 0.593067
3 743.66 446.81 776.61 473.80 0.587684
1 851.02 757.55 866.82 777.33 0.583692
1 686.85 446.15 702.68 475.77 0.581422
1 462.09 168.66 472.21 187.17 0.573119
1 673.40 436.56 688.59 456.45 0.572644
2 745.61 371.47 772.29 400.87 0.570970
2 1000.58 120.39 1011.32 138.84 0.569633
3 1231.49 142.90 1253.09 154.71 0.569371
1 864.67 751.63 879.15 773.82 0.563426
2 688.84 451.63 702.13 475.85 0.559439
3 0.16 214.36 20.78 241.00 0.558832
6 327.17 124.83 386.88 166.37 0.557230
3 582.84 375.97 626.60 404.12 0.549512
3 1139.27 605.05 1175.75 633.14 0.542568
2 748.45 424.64 762.51 447.50 0.540788
9 1194.90 26.01 1250.87 46.88 0.540645
4 913.73 128.65 952.13 141.32 0.537214
3 740.11 418.08 778.59 441.47 0.537090
3 1138.60 609.23 1158.33 630.54 0.533289
3 545.26 438.52 566.32 458.71 0.532325
3 339.59 239.81 369.15 261.72 0.529504
2 704.21 435.08 720.10 458.54 0.525880
9 1295.03 50.16 1323.94 77.58 0.520732
2 616.47 566.85 635.26 604.48 0.518578
3 647.77 414.08 816.19 531.68 0.513718
7 686.48 398.77 738.51 443.40 0.509652
1 417.87 143.57 427.67 160.93 0.506925
2 1344.72 333.19 1363.64 356.97 0.506242
2 461.67 167.76 486.55 188.14 0.504094
4 170.19 151.28 192.34 174.91 0.499511
4 1161.26 589.83 1217.19 636.28 0.499421
2 1383.94 551.88 1397.97 582.84 0.488735
4 361.55 0.35 386.36 18.83 0.488189
2 646.92 433.02 707.94 479.50 0.483818
9 847.61 26.64 1011.29 78.18 0.481198
1 333.55 130.56 347.12 168.81 0.478198
1 461.69 828.85 475.46 857.69 0.477613
4 335.16 45.25 369.29 72.00 0.477507
3 1375.69 557.64 1397.51 584.10 0.472461
9 943.29 14.52 1110.16 74.98 0.468254
2 0.84 191.49 12.21 216.61 0.464950
4 124.99 35.01 152.64 55.89 0.458963
2 624.91 566.23 635.17 583.41 0.454091
2 713.35 454.55 727.25 485.93 0.449563
4 279.68 119.84 309.04 136.19 0.448847
9 616.00 143.26 702.84 163.96 0.441480
2 319.28 635.60 337.59 660.61 0.437603
4 335.03 169.41 360.67 183.63 0.433936
4 29.84 6.74 48.79 22.67 0.433623
2 98.25 118.26 108.76 134.91 0.418857
3 256.25 494.20 281.39 521.18 0.415651
4 1367.80 781.63 1397.16 820.73 0.412814
9 385.21 37.67 618.37 152.00 0.408085
9 1207.00 1.13 1394.61 49.95 0.406214
3 239.99 503.94 260.37 524.48 0.405412
1 322.05 635.53 339.50 659.12 0.391055
2 329.37 128.95 359.03 167.37 0.357858
4 1338.21 1007.61 1397.45 1047.45 0.351932
4 36.96 4.56 79.11 20.29 0.307658
3 0.00 202.80 21.32 222.13 0.287757
