3 352.41 909.88 433.17 966.11 0.999886
4 1040.66 537.53 1148.09 581.97 0.999825
4 1200.25 588.15 1324.81 641.84 0.999817
4 0.12 665.78 77.77 730.56 0.999619
4 18.28 592.42 150.53 647.80 0.999579
1 889.72 740.27 911.57 794.33 0.999433
5 946.69 384.93 994.96 446.97 0.999156
3 1322.22 754.18 1366.16 806.21 0.998846
1 261.97 900.58 293.41 961.92 0.998746
3 349.36 841.09 381.61 874.04 0.998138
1 686.97 614.26 709.80 664.26 0.997676
4 813.75 425.34 884.02 454.53 0.997331
1 259.53 806.59 283.99 862.41 0.996951
1 373.33 885.82 404.27 953.88 0.996685
6 127.62 628.62 483.63 765.71 0.996422
1 318.57 796.59 349.83 852.37 0.996143
4 109.94 449.70 199.93 480.40 0.996108
4 183.65 555.49 283.66 607.20 0.995552
1 720.39 525.20 736.52 568.19 0.994406
1 1161.10 440.38 1172.82 467.70 0.994337
9 127.00 626.15 569.05 765.58 0.994021
1 720.81 567.01 737.58 610.53 0.993701
1 703.95 581.30 719.63 623.18 0.992798
1 190.29 866.42 230.50 929.85 0.992463
1 754.51 533.00 774.20 574.14 0.992419
4 276.00 420.37 326.04 455.84 0.991968
1 777.99 495.20 793.83 527.09 0.991678
4 909.59 366.62 937.37 390.72 0.991385
4 614.73 398.61 655.64 428.98 0.990691
1 914.82 447.59 929.44 480.37 0.990267
1 112.23 878.14 145.55 940.59 0.989260
1 549.08 482.55 567.42 521.05 0.987621
1 599.86 681.99 616.74 725.70 0.987301
1 904.17 450.15 915.78 479.08 0.986779
1 738.54 538.62 756.18 574.40 0.985918
3 12.03 862.94 50.07 916.63 0.984357
4 652.21 390.06 686.79 423.71 0.984310
1 403.84 850.98 433.96 909.87 0.983899
1 616.10 770.80 643.30 827.56 0.983585
1 620.91 725.75 647.30 776.09 0.980566
2 758.42 547.64 774.62 575.06 0.980032
4 834.17 385.83 860.00 416.92 0.978964
1 600.20 757.54 624.03 811.52 0.976674
4 355.60 563.37 462.45 612.89 0.976301
1 387.27 481.53 403.80 520.72 0.975082
1 1323.44 741.51 1365.63 785.12 0.972235
4 577.99 392.45 605.79 422.07 0.971350
3 577.93 783.58 611.73 827.53 0.971312
2 573.59 708.71 590.21 741.73 0.969236
3 718.73 580.82 734.99 610.57 0.969215
3 252.02 840.11 287.44 880.82 0.968805
1 604.07 723.61 624.25 767.07 0.968576
6 165.35 776.05 234.53 875.34 0.966456
1 292.83 445.40 309.66 477.62 0.962028
1 0.12 864.28 23.00 929.31 0.954940
4 315.85 438.55 412.16 488.40 0.954920
4 484.47 447.58 528.97 474.69 0.954661
3 262.44 839.10 284.48 866.45 0.954546
1 137.41 852.42 180.74 911.39 0.953203
4 686.18 390.38 746.50 420.70 0.953019
4 815.90 338.39 836.63 362.11 0.942613
1 797.45 401.60 809.59 426.50 0.942065
4 815.16 324.32 834.96 340.93 0.934016
4 330.53 424.30 404.37 452.31 0.933166
4 837.16 371.97 869.19 394.66 0.921926
4 914.60 256.27 958.46 283.04 0.921371
3 549.61 497.09 576.75 522.82 0.917024
4 760.53 327.78 773.57 345.24 0.916666
2 597.38 683.00 648.45 828.63 0.899271
1 35.29 839.14 62.39 904.71 0.897692
4 808.91 297.41 823.26 315.46 0.896854
4 1065.38 320.64 1143.34 370.25 0.894738
3 446.19 795.40 486.00 831.31 0.886135
1 59.97 845.12 106.26 917.00 0.886001
1 780.85 383.51 791.78 409.50 0.883606
3 80.46 826.06 144.46 875.84 0.882611
3 385.94 499.27 409.42 529.31 0.866761
4 197.52 607.64 289.05 636.93 0.866685
1 888.24 374.50 898.29 396.64 0.847589
4 585.07 405.57 607.20 424.96 0.846660
4 767.56 249.72 777.92 262.46 0.837000
4 813.43 430.72 836.04 450.82 0.836788
4 560.59 426.88 634.63 466.42 0.834073
6 1110.57 330.88 1143.27 369.65 0.830681
3 903.27 451.59 929.96 481.16 0.827633
1 788.43 400.69 799.63 423.65 0.822182
4 613.50 435.30 634.53 458.72 0.818403
4 815.10 327.14 854.89 369.09 0.817369
4 681.14 414.91 697.47 435.02 0.816644
3 740.78 554.06 757.44 574.44 0.815816
4 961.81 412.00 994.60 446.85 0.802750
4 775.31 302.63 804.97 327.21 0.800044
2 685.77 528.34 776.26 665.65 0.798753
1 494.27 483.86 515.91 522.97 0.794083
4 729.13 324.67 764.87 346.84 0.788264
4 100.25 417.30 145.50 452.81 0.780167
4 822.95 352.65 850.11 375.36 0.773305
4 495.11 434.65 530.51 451.14 0.772033
6 722.72 246.14 766.74 299.68 0.770968
4 724.94 371.14 776.49 402.18 0.770898
4 701.79 380.76 763.52 410.34 0.769804
4 763.99 277.35 784.69 293.35 0.755040
4 543.26 678.92 604.60 718.23 0.745941
3 349.30 841.34 401.72 892.76 0.736292
5 183.60 556.39 248.22 606.76 0.733351
4 360.17 609.47 471.95 642.03 0.732585
4 1069.80 413.37 1088.98 427.30 0.730716
4 470.99 386.75 503.97 412.96 0.724402
4 766.90 267.56 789.43 280.40 0.723527
4 756.04 345.18 774.41 360.73 0.720996
6 912.12 249.30 959.05 283.18 0.717134
4 1047.88 291.35 1060.69 305.81 0.716983
4 559.73 440.29 599.75 466.26 0.704881
4 718.81 345.53 771.62 370.11 0.690335
4 753.72 366.63 781.59 386.41 0.685658
3 492.12 498.02 522.68 525.53 0.683983
4 436.55 448.88 526.49 478.85 0.683706
2 904.49 446.78 929.59 481.22 0.674700
5 728.37 323.69 775.03 362.28 0.668949
4 1025.47 285.54 1060.50 306.66 0.661049
4 779.29 284.97 804.06 298.96 0.660757
6 315.20 384.10 542.86 489.01 0.647109
3 799.53 409.20 810.81 427.28 0.644254
1 795.24 311.65 804.58 331.99 0.644183
3 796.56 315.49 804.96 332.55 0.641905
6 933.17 259.29 958.68 281.68 0.640114
4 1347.95 411.42 1392.67 426.21 0.634540
4 770.43 291.18 802.39 312.43 0.634470
3 540.16 715.21 567.07 741.87 0.633626
3 740.16 548.61 773.75 575.29 0.631650
4 915.78 249.08 941.78 263.08 0.630568
4 484.51 386.58 503.89 403.27 0.630127
4 403.27 416.25 444.17 442.23 0.629634
4 836.54 374.68 855.53 387.47 0.623202
4 734.67 231.00 758.73 247.13 0.620155
3 902.77 462.95 916.15 479.22 0.619801
3 292.41 456.07 311.44 477.60 0.619552
3 104.64 846.81 139.74 876.72 0.617855
4 1048.81 305.01 1077.97 319.05 0.615164
4 700.95 377.39 725.93 392.01 0.613315
4 426.59 426.12 481.55 462.27 0.610801
3 683.64 364.98 702.65 385.24 0.610042
6 908.99 365.33 995.45 447.19 0.609180
4 472.94 384.88 543.74 423.60 0.605190
3 403.55 851.14 466.89 892.99 0.597068
5 388.51 479.60 504.60 524.59 0.596577
4 725.09 366.72 757.53 383.77 0.587489
6 956.61 269.31 1003.36 291.04 0.582633
4 422.51 437.55 450.62 464.65 0.582090
4 427.95 397.45 462.39 418.39 0.580610
3 684.50 785.93 751.21 827.04 0.574992
2 881.84 376.27 890.25 397.75 0.571174
6 269.62 375.50 327.76 419.99 0.570291
3 596.05 779.26 622.57 813.82 0.568280
4 531.78 407.07 592.12 439.47 0.562014
1 542.55 720.41 556.09 741.52 0.557486
4 0.59 429.02 69.49 459.14 0.554002
2 788.33 399.63 809.42 426.92 0.551285
4 451.23 414.14 487.54 433.90 0.545965
4 1252.79 588.04 1300.93 605.28 0.545213
1 448.70 862.07 464.92 887.05 0.541707
4 1343.27 410.90 1397.36 448.29 0.534610
4 1252.05 586.66 1326.13 618.96 0.534411
2 720.31 525.16 775.67 576.21 0.531066
4 1371.75 425.22 1397.82 449.92 0.529876
2 1322.47 741.17 1366.76 804.83 0.522551
4 421.32 411.97 443.72 426.49 0.519357
4 452.48 395.38 484.93 415.35 0.519231
4 1347.90 411.50 1361.55 425.02 0.518988
3 447.18 795.37 531.11 864.15 0.518743
3 589.96 449.17 628.82 472.71 0.518633
4 315.55 443.97 357.32 488.16 0.518047
3 251.53 840.37 384.77 886.13 0.516377
4 99.65 415.21 122.81 434.20 0.515532
4 319.30 442.54 341.32 463.23 0.511930
3 374.22 861.44 402.27 894.08 0.508664
1 614.58 435.38 634.04 469.50 0.505332
4 252.75 568.32 284.45 601.74 0.504554
4 386.54 405.15 422.63 424.14 0.502228
2 434.00 448.90 447.20 480.34 0.500243
3 440.98 874.76 468.23 889.96 0.491719
1 1321.75 745.88 1342.06 780.26 0.488991
1 750.90 534.67 764.30 573.40 0.486898
2 645.41 398.63 659.87 430.24 0.482834
2 573.03 679.95 603.30 741.09 0.481021
2 505.95 720.04 523.38 762.23 0.474833
9 197.20 606.17 472.59 642.70 0.474771
3 411.19 871.17 435.43 909.37 0.459884
1 279.31 181.39 290.57 206.46 0.448988
3 0.20 812.26 17.32 840.26 0.448749
2 738.67 538.03 755.42 574.65 0.447692
3 1263.41 871.52 1337.55 926.68 0.447466
2 432.24 490.85 448.78 523.39 0.446701
1 14.65 832.84 37.10 885.25 0.445891
3 0.37 812.41 40.72 884.08 0.440687
2 600.94 757.63 624.11 809.69 0.438017
3 3.30 819.91 139.47 880.74 0.433357
2 109.18 459.47 122.25 479.30 0.429694
2 370.78 709.01 388.20 725.81 0.416755
1 132.08 475.56 144.72 492.54 0.410409
7 576.51 783.08 614.20 903.50 0.406965
2 123.68 852.16 147.28 886.56 0.399237
7 578.88 758.13 628.49 827.89 0.397160
3 124.64 851.68 156.08 889.42 0.373999
4 0.14 442.96 17.15 458.45 0.365291
4 0.26 572.45 19.17 621.86 0.357439
2 1.88 834.83 232.08 938.24 0.355229
2 51.75 451.40 70.39 478.26 0.350005
4 0.00 605.18 13.49 624.09 0.348154
3 65.41 830.11 100.48 870.13 0.340711
