4 725.24 514.50 739.41 540.49 0.999392
5 589.30 376.28 625.88 492.00 0.995625
4 916.81 276.06 934.70 297.97 0.994975
4 897.70 143.05 910.21 165.30 0.993926
4 758.02 38.26 768.18 51.69 0.991340
4 784.23 614.24 798.11 643.68 0.990272
4 736.57 4.47 745.90 16.87 0.988975
4 760.65 117.42 770.23 132.12 0.983596
4 769.84 146.02 778.89 160.07 0.983177
4 761.87 87.14 771.65 101.85 0.983164
4 790.66 146.11 801.01 163.16 0.982051
4 822.33 477.61 836.23 502.66 0.981505
4 797.32 213.58 807.86 230.44 0.981317
4 762.26 441.88 775.99 465.10 0.980780
4 751.12 385.58 763.14 407.05 0.980477
4 815.82 28.62 825.33 42.61 0.976426
4 768.41 199.72 779.67 216.51 0.975903
4 778.37 74.83 788.52 90.47 0.974254
4 768.79 334.17 783.09 364.99 0.973103
4 816.58 81.90 826.75 97.06 0.952582
4 825.86 290.00 837.75 311.60 0.949771
4 815.90 157.38 827.41 175.05 0.944113
4 864.47 53.58 875.28 65.74 0.941563
4 748.56 0.07 758.09 8.51 0.938468
4 898.95 216.62 909.67 231.05 0.937171
4 793.77 0.00 804.01 8.55 0.936420
4 1134.07 393.32 1171.25 433.52 0.931753
4 894.84 73.50 902.59 84.17 0.931570
4 851.40 258.12 866.48 300.81 0.930420
4 915.06 150.71 929.64 167.92 0.930244
4 818.66 62.65 827.75 76.30 0.921068
4 730.03 321.97 752.82 346.38 0.913774
4 698.29 31.34 706.49 43.66 0.912922
6 589.61 376.12 625.80 468.00 0.902071
4 726.71 227.78 740.82 240.54 0.901712
4 830.70 44.38 839.32 55.16 0.899502
4 865.40 111.56 872.70 124.67 0.896183
1 181.92 160.43 202.17 196.91 0.895877
4 717.42 159.30 725.35 169.63 0.891216
4 716.20 47.90 724.39 62.70 0.890905
4 753.57 306.96 763.47 326.61 0.882622
4 863.15 44.80 872.41 58.30 0.872482
4 825.76 404.16 837.29 432.40 0.871191
4 901.87 317.46 943.38 366.85 0.868204
4 715.09 33.61 723.62 47.15 0.863585
4 805.29 69.58 813.56 81.18 0.860011
4 701.42 168.22 708.81 178.08 0.860007
4 712.64 140.70 723.66 151.65 0.858921
4 827.12 3.73 835.95 17.53 0.857253
4 712.59 23.98 720.81 34.49 0.854770
4 878.48 31.63 885.17 41.59 0.853679
4 857.12 0.87 867.82 17.40 0.849706
4 694.77 1.44 701.56 13.48 0.846298
4 904.07 288.93 914.27 310.27 0.843110
4 902.37 345.64 918.50 366.41 0.827084
4 704.91 0.47 718.23 17.53 0.826634
4 728.18 200.98 736.29 212.32 0.824038
4 620.32 351.38 641.50 369.09 0.816190
6 290.22 705.85 509.19 787.43 0.810531
4 1168.48 380.02 1207.53 417.00 0.786408
6 725.31 173.77 741.29 211.77 0.778157
4 853.80 80.15 862.40 87.05 0.771254
4 1336.69 347.70 1376.88 386.15 0.760104
1 738.94 668.69 753.19 700.66 0.745605
6 710.50 698.76 732.32 745.43 0.741471
4 473.58 134.34 488.11 147.76 0.740134
4 597.73 515.51 608.41 531.18 0.710142
4 631.96 356.77 642.83 369.94 0.696984
1 839.00 629.85 855.08 664.53 0.685808
4 769.70 353.53 781.77 364.88 0.658485
4 590.52 358.28 602.66 370.17 0.639645
1 841.44 346.35 853.72 373.13 0.634317
4 228.61 299.86 249.83 325.12 0.617051
1 908.14 540.37 922.08 571.38 0.597699
4 115.85 98.49 145.13 119.16 0.595469
2 798.25 55.64 807.25 72.64 0.587372
4 394.35 206.89 413.69 223.59 0.579779
9 927.95 139.85 948.41 194.19 0.570427
1 770.74 572.40 784.08 601.37 0.552062
4 400.67 190.00 419.81 206.15 0.547883
4 1132.10 377.53 1158.86 392.19 0.543050
4 27.80 175.63 38.12 191.88 0.537609
9 741.72 173.88 815.92 190.40 0.531757
4 1350.19 347.53 1376.38 365.45 0.524479
4 1269.48 414.53 1300.90 440.06 0.516468
4 12.57 203.12 29.58 218.92 0.516252
1 818.57 640.41 833.67 682.72 0.515484
6 316.14 735.17 340.64 757.21 0.511450
4 710.38 722.96 729.82 746.36 0.504340
4 204.59 307.58 228.59 330.04 0.503397
4 139.86 574.96 175.94 605.31 0.492512
4 198.30 338.18 229.61 363.28 0.487834
1 823.03 562.02 837.78 595.04 0.478177
1 913.83 662.11 926.59 691.80 0.472601
5 997.74 747.71 1032.97 787.39 0.425660
2 760.36 25.30 830.95 168.15 0.392269
10 412.97 273.27 482.22 314.26 0.348318
2 325.60 132.45 352.53 164.79 0.338166
