4 687.06 242.87 702.91 260.80 0.992375
4 658.23 324.67 677.88 349.51 0.992105
4 757.52 223.90 770.92 237.52 0.989359
4 806.42 270.75 822.33 288.51 0.984400
4 760.99 551.84 784.95 588.96 0.982156
4 582.49 225.14 601.57 249.66 0.979347
4 553.07 264.11 574.29 289.80 0.979195
4 712.76 234.98 722.53 247.50 0.979191
4 554.39 579.71 588.91 636.00 0.976906
4 865.04 269.83 881.06 284.17 0.975653
4 525.57 302.29 549.52 325.66 0.968080
4 568.97 148.10 585.27 165.34 0.966329
4 579.79 524.26 608.51 560.69 0.965272
4 621.55 95.67 635.21 105.59 0.961715
4 861.06 231.63 875.09 246.67 0.960089
4 699.16 181.28 707.98 191.74 0.959218
4 827.49 278.93 840.68 301.87 0.958427
4 633.25 185.61 655.80 198.84 0.955331
4 923.68 729.01 964.23 801.73 0.952102
4 715.19 275.74 728.90 293.67 0.950888
4 905.11 577.82 929.63 622.46 0.947513
4 774.66 171.91 798.23 185.67 0.941008
4 861.15 111.59 872.15 122.95 0.933413
4 607.09 260.59 636.18 279.91 0.923562
4 584.82 295.57 620.70 318.46 0.922783
1 866.84 396.61 878.75 423.05 0.921471
4 938.63 212.79 952.98 231.07 0.921282
4 746.36 74.28 755.94 87.18 0.910348
5 832.07 406.40 861.68 498.86 0.896289
4 827.59 254.38 843.83 275.36 0.891991
4 731.07 211.70 740.76 225.34 0.888165
4 698.44 324.65 711.41 342.38 0.876469
4 836.16 456.26 859.84 497.88 0.863872
4 617.34 238.57 633.47 258.25 0.862938
4 830.53 329.83 849.89 362.06 0.859183
4 540.74 125.71 555.02 140.76 0.855800
4 618.80 242.18 646.20 265.39 0.855333
6 810.67 54.37 941.83 93.53 0.851119
4 587.18 182.71 597.00 193.11 0.847832
4 796.55 272.57 805.46 286.10 0.844032
4 708.35 205.90 719.76 224.05 0.843787
1 856.02 388.11 865.44 409.88 0.833023
4 896.33 124.69 913.11 140.51 0.829023
4 826.84 212.36 837.86 223.76 0.827111
4 833.72 398.16 844.53 413.51 0.826571
4 726.30 126.07 745.95 140.93 0.822316
4 632.26 251.24 646.09 265.52 0.818075
4 800.27 58.44 816.12 74.00 0.815981
4 971.44 319.96 987.77 343.80 0.808405
6 769.30 99.21 833.14 131.50 0.791321
4 831.48 363.46 850.97 384.57 0.789143
4 551.81 217.47 568.76 237.72 0.780529
4 720.91 70.71 765.33 87.88 0.778505
4 806.15 764.16 842.84 840.74 0.776571
4 612.79 71.82 627.00 81.91 0.774873
4 579.39 209.78 608.47 223.74 0.772998
4 834.29 329.38 846.66 345.05 0.768876
4 518.77 339.88 543.30 360.91 0.761701
4 547.65 281.50 560.93 296.66 0.756140
4 554.98 57.16 573.13 74.63 0.741718
4 826.67 127.49 848.44 142.87 0.737207
4 800.85 169.27 813.33 177.19 0.718450
4 559.03 223.67 582.87 248.26 0.717996
4 564.60 210.35 607.60 249.87 0.717744
4 679.55 757.57 708.97 810.70 0.708291
2 856.16 387.50 879.51 423.42 0.703810
4 667.25 449.14 683.47 464.63 0.684231
6 812.43 55.70 851.48 81.43 0.682770
4 714.03 231.70 739.23 249.45 0.681639
4 846.87 216.29 863.78 228.38 0.675459
4 683.84 113.67 708.65 127.30 0.674144
9 485.76 207.68 583.72 329.30 0.672562
9 813.20 54.51 911.93 78.88 0.660272
4 701.80 595.20 720.29 625.10 0.652865
4 644.76 213.25 658.08 222.27 0.649650
4 828.57 68.43 849.36 80.05 0.648075
7 648.58 461.71 681.44 524.56 0.646485
4 628.15 225.42 655.40 243.07 0.645516
3 626.02 417.28 646.72 444.31 0.634263
4 693.87 620.48 723.83 654.03 0.633991
4 918.33 140.90 948.38 155.47 0.629388
1 881.39 336.07 891.60 353.55 0.625730
4 631.74 212.65 658.22 224.51 0.619453
4 865.48 102.75 895.32 115.76 0.616505
4 572.91 69.52 591.48 80.98 0.609775
4 1278.44 349.29 1304.02 374.83 0.592367
4 582.89 625.61 598.19 650.76 0.563924
2 918.89 219.82 928.56 233.93 0.557284
1 597.93 719.15 615.48 757.35 0.554062
6 682.74 68.06 768.18 88.52 0.548182
2 888.21 374.70 897.01 392.35 0.540158
1 888.14 278.56 898.46 296.95 0.538833
4 666.13 100.20 690.17 111.62 0.532573
1 626.42 414.31 646.43 444.31 0.524288
1 880.94 374.85 891.24 393.42 0.523821
9 814.14 55.39 841.04 73.37 0.523151
1 852.05 265.09 859.57 279.10 0.520325
2 715.80 256.64 729.30 274.26 0.502016
2 696.54 323.72 712.18 354.96 0.474106
4 574.30 69.41 615.23 82.24 0.452418
2 832.74 398.23 844.60 429.57 0.443476
9 521.63 263.59 574.89 328.67 0.441034
1 478.93 33.80 493.89 63.85 0.435641
9 974.87 300.55 1048.76 476.34 0.287415
9 969.81 294.47 1384.17 1048.86 0.098745
