4 888.23 401.08 966.07 507.50 0.999769
4 47.53 402.74 182.03 543.93 0.999750
4 776.87 364.51 850.64 474.38 0.999739
4 975.58 298.85 1122.20 382.66 0.999716
4 785.89 505.56 866.89 647.17 0.999704
4 887.42 159.41 995.14 214.16 0.999344
3 1195.34 573.50 1259.58 612.06 0.999151
4 1028.86 220.59 1130.40 289.15 0.999000
4 234.80 207.33 317.37 290.23 0.998989
4 1058.70 180.51 1165.71 229.73 0.998897
4 915.14 23.20 1001.50 60.48 0.997900
4 1102.86 802.15 1234.31 1049.39 0.997701
4 1083.85 486.41 1202.84 645.44 0.997634
4 980.72 435.15 1073.53 560.22 0.997574
4 888.19 99.61 995.92 156.11 0.997385
4 153.44 287.18 253.52 385.53 0.996155
4 1058.76 28.58 1169.03 83.17 0.996133
4 1114.26 146.79 1208.30 192.24 0.996128
4 967.52 804.15 1086.60 1049.07 0.992906
4 1006.74 147.08 1098.01 196.83 0.992804
4 1201.49 0.21 1256.19 48.35 0.992561
4 1023.71 20.75 1101.72 59.70 0.991788
1 256.72 108.57 275.16 145.81 0.988980
4 818.67 888.47 934.61 1049.13 0.988880
4 1033.27 562.62 1143.37 730.38 0.987755
1 263.55 166.39 282.83 208.70 0.987288
4 1.61 19.73 85.07 55.00 0.984830
4 1011.13 3.06 1092.35 34.77 0.983964
1 1015.99 24.12 1032.77 59.90 0.980607
4 832.13 137.11 902.05 171.93 0.978016
4 546.02 1.36 588.62 52.95 0.974932
4 789.34 664.08 952.96 850.90 0.967956
4 1253.65 0.26 1280.43 34.29 0.961130
4 1300.88 0.10 1379.15 38.69 0.958543
4 95.37 23.52 203.99 59.26 0.946871
3 0.32 642.27 50.72 734.94 0.943366
1 1218.16 30.95 1236.31 68.12 0.941622
4 1132.58 20.26 1203.74 59.61 0.935035
4 1129.35 0.86 1198.67 33.34 0.901808
4 788.49 541.03 1142.96 850.84 0.887770
3 734.42 294.48 782.64 325.91 0.842132
4 817.96 800.57 1235.83 1049.09 0.832375
4 1007.70 146.44 1065.25 171.42 0.817278
3 118.56 57.91 150.55 93.73 0.799654
4 186.53 0.30 242.43 21.66 0.572217
