4 554.19 936.40 613.01 1049.40 0.998513
4 704.33 135.91 758.30 246.86 0.998425
4 345.24 945.34 414.22 1049.09 0.997970
4 523.40 2.16 572.00 84.94 0.996902
4 461.23 850.61 520.92 988.87 0.996131
1 407.88 48.00 431.10 86.68 0.990320
1 386.12 57.80 408.05 93.17 0.986528
4 473.09 683.30 533.16 834.38 0.985530
2 426.06 53.42 475.38 153.06 0.966395
4 721.80 958.63 779.83 1049.13 0.964488
4 709.52 719.90 777.40 841.84 0.955553
4 727.74 278.87 772.94 382.81 0.893703
4 705.23 389.84 777.17 506.92 0.892942
4 377.08 805.15 451.79 917.37 0.832602
4 1022.71 995.08 1055.75 1049.28 0.821097
4 722.94 555.54 780.42 687.14 0.801740
4 462.37 0.14 504.25 60.76 0.737812
4 1019.75 839.55 1073.82 877.31 0.735441
4 385.40 703.30 457.75 762.68 0.720678
4 428.44 54.98 473.66 128.66 0.716335
4 722.37 0.04 770.70 17.55 0.707131
4 415.46 917.07 463.40 981.20 0.666434
1 374.64 0.00 392.06 19.99 0.657212
5 541.85 252.06 588.70 358.41 0.654680
4 472.23 358.50 531.45 440.08 0.636560
7 375.96 584.79 477.78 917.25 0.579607
4 1022.90 640.12 1054.19 661.51 0.564034
4 344.66 850.01 522.07 1048.83 0.561332
4 721.46 958.19 916.87 1049.52 0.551565
4 1022.47 990.56 1153.66 1049.57 0.523821
4 433.84 71.86 468.54 93.40 0.507984
4 173.96 1036.21 233.08 1049.79 0.492435
1 475.49 588.07 513.83 701.91 0.441389
1 422.24 592.27 444.40 627.74 0.408980
1 284.91 23.04 322.56 48.58 0.337848
2 385.86 47.66 431.97 93.53 0.329678
9 1.28 793.77 217.97 1049.28 0.328719
1 350.20 0.00 391.45 20.21 0.318674
10 669.28 538.46 712.62 640.80 0.266131
