4 815.43 620.81 887.53 751.60 0.992292
4 573.61 801.26 680.65 866.69 0.990309
5 504.53 83.50 543.83 281.29 0.988808
4 992.97 94.73 1041.41 161.03 0.987702
1 806.71 849.86 836.47 898.66 0.985481
4 1093.08 120.62 1151.17 160.76 0.981521
4 1125.63 101.59 1209.62 144.03 0.980788
1 475.60 839.29 502.50 896.31 0.979032
4 508.49 371.87 550.49 456.66 0.975943
4 1128.17 66.51 1183.13 100.58 0.975066
4 1093.66 189.06 1153.43 248.15 0.968827
4 984.79 230.55 1053.04 328.96 0.967543
4 969.75 620.24 1051.31 730.27 0.964773
4 1095.92 154.65 1173.34 202.17 0.958525
1 431.79 457.07 450.69 497.56 0.955732
4 1050.71 315.15 1101.58 380.33 0.950227
4 938.41 49.40 972.50 81.30 0.950077
4 830.35 688.88 887.13 749.87 0.948645
4 1356.30 737.06 1399.66 811.97 0.944499
1 447.24 55.19 460.53 84.73 0.940329
1 420.64 95.50 434.99 120.91 0.937220
1 408.62 200.64 425.04 230.62 0.933326
4 1152.90 305.83 1213.05 378.73 0.928527
1 411.16 127.77 429.97 170.45 0.921477
3 489.34 344.20 524.96 387.93 0.916421
3 304.33 771.18 347.78 820.59 0.913782
4 509.14 160.70 537.37 193.90 0.897261
1 371.58 477.34 388.29 505.78 0.888499
5 474.57 540.13 522.08 631.52 0.869807
1 414.08 235.72 434.17 268.19 0.845744
1 479.07 456.29 503.82 505.16 0.842130
2 392.90 65.80 404.95 95.66 0.840652
4 633.66 133.67 700.17 179.05 0.832149
4 520.80 460.98 563.08 535.07 0.827123
4 974.35 161.00 1023.31 227.14 0.822043
4 507.72 241.47 542.37 280.11 0.817811
4 701.60 114.72 719.12 133.07 0.813160
1 1191.59 701.31 1228.23 751.47 0.799785
5 507.68 84.27 536.51 132.73 0.794506
1 860.15 915.73 905.71 949.16 0.785108
1 879.20 376.32 899.49 416.52 0.777458
5 510.86 372.39 547.94 441.26 0.777257
4 1114.84 0.00 1152.84 19.25 0.772918
4 1145.05 25.48 1169.98 52.32 0.768434
3 1022.35 314.01 1157.90 531.19 0.762549
1 431.16 55.47 444.45 87.14 0.760126
1 380.41 100.14 391.01 120.37 0.756427
4 1045.98 633.03 1163.13 696.67 0.753822
4 425.65 860.04 447.84 881.08 0.746574
2 409.04 118.07 420.00 136.88 0.740148
4 1242.39 365.86 1287.62 430.45 0.735439
2 373.26 54.20 386.95 95.05 0.735330
4 873.03 6.52 916.42 30.21 0.730711
4 1125.37 102.00 1157.89 132.22 0.723123
4 1193.17 134.29 1225.68 161.67 0.709391
1 303.10 411.34 318.15 436.28 0.698613
6 1007.28 231.43 1051.89 317.83 0.687635
3 479.81 475.30 504.41 507.72 0.684320
2 369.81 281.04 388.93 309.98 0.679024
2 824.06 127.03 839.29 160.20 0.671785
1 352.00 558.32 375.19 586.93 0.667441
4 1274.70 203.41 1333.47 254.97 0.664169
4 303.39 323.95 322.85 366.97 0.659852
2 390.05 174.48 403.64 201.19 0.658728
2 415.73 18.60 425.06 39.85 0.653236
3 1092.94 44.21 1146.79 93.94 0.646312
3 374.11 488.11 396.02 515.33 0.633354
6 1141.79 1.01 1259.08 106.61 0.630666
4 1217.39 447.04 1289.48 533.15 0.628136
4 497.84 422.56 546.71 458.47 0.626692
2 788.77 124.92 803.01 158.14 0.625965
4 1242.45 338.95 1342.76 433.38 0.621870
1 489.29 1021.10 514.90 1046.39 0.620585
1 365.79 720.51 388.75 762.36 0.619189
4 1246.67 480.10 1289.11 529.83 0.617576
4 574.59 649.03 605.56 681.82 0.608230
4 254.36 703.07 289.63 724.40 0.606461
1 159.74 967.54 182.86 995.90 0.604813
6 509.55 371.50 565.42 534.41 0.604453
4 106.26 710.52 147.91 739.83 0.599425
2 358.40 180.77 368.39 200.88 0.598632
1 219.96 109.42 237.67 147.34 0.597027
2 337.17 282.25 351.59 309.98 0.590852
2 1169.91 879.50 1205.66 936.85 0.589689
3 479.27 486.28 514.11 530.54 0.586758
4 1301.14 831.13 1389.70 904.97 0.577591
4 356.96 908.57 401.99 930.73 0.575334
4 506.73 295.36 530.38 308.94 0.571340
2 380.14 757.97 411.73 811.19 0.568221
1 495.80 423.54 507.87 449.83 0.565721
4 1046.86 561.66 1160.21 643.64 0.563196
2 431.30 55.67 441.27 71.03 0.563014
2 349.04 132.79 359.45 153.26 0.561422
1 1074.45 1003.30 1102.73 1025.78 0.538379
1 497.12 318.40 515.36 355.14 0.537337
4 1301.87 846.58 1352.67 895.49 0.536277
4 106.55 692.92 175.16 737.86 0.534648
1 560.34 773.88 601.22 812.78 0.534374
2 361.58 132.03 375.80 159.55 0.526926
2 352.12 325.60 366.23 346.75 0.524398
1 827.05 1022.28 851.99 1048.37 0.523156
2 323.96 319.94 340.47 348.54 0.523028
2 560.20 781.17 589.53 813.00 0.522663
2 573.91 774.23 600.56 806.15 0.522228
4 1222.96 828.94 1286.76 874.43 0.507812
1 340.22 723.61 367.63 774.13 0.496997
2 559.91 760.43 627.00 813.15 0.490923
2 482.14 864.57 503.71 898.11 0.486617
2 304.40 754.51 347.89 818.59 0.483279
2 54.05 243.11 73.21 284.42 0.483165
2 345.68 511.27 360.69 530.83 0.482139
2 548.42 634.32 604.98 693.84 0.471609
2 530.65 321.31 561.00 359.12 0.458373
2 481.16 456.25 501.39 482.26 0.458056
2 353.01 291.61 368.23 312.96 0.455873
2 312.76 510.70 325.20 531.25 0.451454
2 489.37 318.83 524.97 386.67 0.450090
2 575.00 338.89 588.65 371.12 0.449612
2 214.15 926.18 234.47 960.42 0.449575
1 697.46 745.88 722.00 774.79 0.449221
2 559.24 343.74 576.22 372.08 0.448731
6 984.30 228.13 1103.91 381.15 0.447542
1 572.42 634.69 605.23 685.32 0.444753
2 416.34 778.23 436.33 804.40 0.442685
2 370.73 324.92 388.85 358.78 0.442660
2 1289.84 676.03 1315.84 697.11 0.439925
4 0.08 288.72 20.29 327.82 0.439259
2 312.37 498.23 366.81 532.78 0.435557
2 321.18 754.15 340.79 781.48 0.433940
2 609.83 760.08 628.16 801.63 0.428656
2 530.39 312.32 596.27 373.35 0.427357
2 391.35 757.65 409.37 786.66 0.423787
2 325.56 416.04 365.18 444.89 0.422154
6 1266.90 830.88 1393.27 942.48 0.418074
3 351.47 323.63 405.03 362.52 0.417713
2 109.97 108.20 137.67 153.64 0.417652
1 352.15 428.18 365.44 445.27 0.410610
2 340.89 723.17 362.35 754.68 0.409291
1 326.51 416.89 344.40 436.59 0.404677
4 162.04 388.40 244.88 439.63 0.390841
2 374.41 170.34 404.67 202.48 0.379806
2 352.05 324.24 395.13 361.30 0.375521
4 116.02 403.11 162.87 432.73 0.370111
2 366.46 223.11 389.45 246.93 0.369531
2 326.08 44.16 463.12 362.32 0.365766
4 27.48 481.76 61.08 500.83 0.353895
2 331.53 279.40 402.35 361.63 0.339816
2 337.08 280.15 390.87 313.08 0.332982
2 125.16 809.81 144.64 859.65 0.329854
1 66.78 429.30 112.93 478.97 0.290225
2 312.92 17.97 530.27 917.11 0.285339
2 28.60 325.48 50.32 347.52 0.276630
