4 700.63 246.91 759.92 298.01 0.999288
4 593.27 303.60 695.76 395.34 0.998998
4 90.07 199.85 158.37 254.37 0.998762
4 700.79 299.60 737.04 361.55 0.998224
4 325.01 337.05 388.13 387.79 0.998055
4 895.08 472.90 996.18 554.19 0.995123
4 389.26 474.02 486.82 557.46 0.993851
4 913.18 398.15 951.86 424.66 0.993263
4 245.27 379.29 391.33 521.34 0.990086
4 770.26 160.54 860.01 240.90 0.989986
4 151.86 143.11 203.01 180.62 0.987374
4 1112.99 585.79 1210.54 673.23 0.986703
4 995.81 523.69 1111.52 621.07 0.975444
4 810.11 427.78 897.56 499.70 0.974107
4 308.58 265.18 332.25 296.28 0.967999
4 13.90 320.25 83.89 384.89 0.963012
4 770.29 182.90 817.90 239.51 0.948472
4 269.71 240.92 332.62 296.78 0.918717
4 651.14 537.78 700.68 584.68 0.851736
4 817.27 311.50 855.84 358.48 0.838269
4 980.29 0.26 1046.85 36.22 0.837887
4 787.45 424.92 821.02 458.45 0.835640
4 872.26 383.73 907.60 408.62 0.824728
4 942.77 57.01 967.23 84.74 0.801762
4 962.93 28.90 995.83 56.28 0.794654
4 980.59 7.22 1014.15 32.62 0.783106
5 1267.53 631.03 1399.12 768.72 0.768638
4 810.56 163.39 859.37 210.89 0.756651
4 531.38 495.08 565.63 522.84 0.754204
4 1040.82 0.00 1066.99 12.95 0.738227
3 790.38 224.12 848.04 277.29 0.703594
4 809.69 407.18 829.61 428.75 0.701180
6 166.39 474.10 487.03 753.67 0.697818
4 809.39 406.61 852.85 434.29 0.676150
4 913.62 56.80 964.02 85.46 0.662919
4 797.54 382.72 808.26 396.68 0.661718
4 501.12 518.25 548.09 554.81 0.651970
4 916.73 452.89 953.96 478.27 0.639644
4 213.52 611.47 329.46 710.01 0.626155
4 962.88 339.82 976.03 349.98 0.618299
6 769.75 146.93 921.87 243.87 0.613283
4 213.29 649.43 277.26 705.64 0.612876
6 943.87 0.18 1049.40 84.85 0.608332
6 769.66 57.97 966.66 242.73 0.596581
4 166.35 669.64 249.11 753.28 0.596367
6 789.91 407.60 898.33 500.14 0.580505
4 364.09 88.38 424.56 132.37 0.564404
4 936.95 460.87 953.95 477.92 0.560646
5 245.56 453.63 300.13 520.93 0.518815
4 14.92 350.27 58.17 384.42 0.487672
2 638.16 479.97 655.90 507.87 0.486386
4 0.15 543.06 45.89 605.29 0.477079
4 1232.12 553.36 1277.93 585.02 0.476425
5 56.23 412.31 164.79 493.78 0.470681
6 245.04 337.21 391.98 521.26 0.437488
4 161.71 310.87 194.30 339.09 0.430650
4 1337.91 621.38 1391.14 658.00 0.422834
4 8.06 303.91 141.90 390.74 0.407770
1 590.99 581.44 600.55 600.39 0.405081
4 144.12 316.66 178.26 349.42 0.392040
6 592.29 157.97 863.85 396.85 0.380644
4 39.58 320.91 84.17 359.84 0.370872
4 2.25 393.93 20.30 413.30 0.367759
1 216.11 653.66 247.32 685.64 0.344484
1 181.22 674.65 222.68 711.97 0.317764
9 59.16 751.15 136.07 787.41 0.294113
6 0.73 262.66 329.75 609.47 0.286218
