4 1065.05 344.13 1167.31 421.27 0.999134
4 885.91 16.09 978.96 85.98 0.997779
4 742.10 217.16 855.94 287.77 0.992659
4 563.67 138.91 675.96 208.60 0.990754
4 819.36 369.33 931.96 440.89 0.984351
4 793.69 320.88 904.99 392.29 0.983456
4 908.23 477.40 988.59 536.35 0.979402
4 726.06 167.52 830.29 232.20 0.978208
4 845.42 427.28 948.40 491.59 0.972030
1 841.04 26.15 860.40 58.08 0.968696
4 636.73 0.59 739.72 55.21 0.963168
4 674.19 85.90 774.53 139.32 0.961008
4 706.36 126.06 789.85 182.49 0.955895
4 949.88 104.07 994.40 139.13 0.953791
4 999.19 290.61 1067.70 375.01 0.952110
4 0.46 641.28 69.76 767.95 0.947305
2 1142.49 546.14 1399.09 1043.23 0.912300
4 1320.49 540.02 1399.70 668.06 0.896329
4 5.04 787.50 98.15 929.96 0.885788
4 647.45 32.05 749.28 79.47 0.875975
4 982.43 86.40 1020.03 121.69 0.850234
5 1309.20 495.04 1399.66 683.05 0.845816
5 998.08 253.27 1108.90 375.95 0.844174
4 1032.89 150.22 1060.44 179.18 0.835560
4 944.56 129.27 962.07 149.79 0.817867
4 107.54 430.44 155.78 479.02 0.809476
4 1181.04 660.71 1241.60 709.64 0.807188
4 1238.94 638.57 1291.48 686.75 0.778381
4 995.53 102.63 1015.21 121.86 0.761210
1 913.77 150.71 930.88 182.51 0.757817
2 976.77 604.39 1059.60 673.47 0.751183
4 1027.94 334.41 1066.93 374.09 0.739989
4 939.74 59.67 979.74 87.80 0.720679
4 1251.79 761.62 1313.42 826.87 0.708850
4 964.47 158.83 1025.98 200.77 0.707958
4 986.40 241.55 1021.00 271.69 0.698496
2 964.53 148.54 1028.79 200.76 0.671669
4 1209.52 711.75 1260.21 760.13 0.667817
10 882.10 546.41 1035.11 643.92 0.665310
4 1148.36 610.43 1201.37 653.87 0.664681
4 1090.54 480.20 1143.79 523.88 0.659587
4 1342.07 899.39 1399.22 971.85 0.644847
4 1089.61 247.79 1130.59 277.87 0.636532
4 1330.71 802.77 1397.35 870.59 0.628110
4 993.15 623.71 1060.23 673.56 0.624305
4 1361.53 982.62 1399.62 1040.33 0.623853
4 1208.77 589.73 1265.64 630.11 0.618210
4 1068.50 707.73 1094.55 741.26 0.597279
4 1303.02 624.71 1349.27 668.83 0.583298
4 1289.37 845.48 1342.57 898.60 0.578943
2 999.67 604.84 1044.81 637.13 0.578905
4 1071.76 437.73 1107.41 466.54 0.576536
4 1250.19 688.33 1324.10 743.76 0.576433
4 467.99 1019.49 535.43 1049.41 0.575471
4 1324.27 670.18 1378.85 736.30 0.571155
4 1161.27 1008.81 1274.87 1049.69 0.567519
3 1124.41 622.62 1159.74 659.62 0.565579
1 986.53 468.86 1004.39 495.29 0.559580
4 1281.00 560.89 1327.05 598.62 0.557799
2 1024.57 156.99 1047.67 186.96 0.543027
2 986.07 148.59 1012.57 173.85 0.540071
2 1055.11 598.95 1072.93 622.40 0.538119
2 964.16 162.26 981.25 183.83 0.535424
4 1370.81 685.06 1399.70 720.52 0.534350
2 1108.95 414.80 1156.11 445.05 0.532295
1 1054.03 592.52 1088.76 622.56 0.529694
4 1155.58 539.77 1195.87 579.31 0.529653
4 1017.65 847.45 1056.93 892.41 0.524708
4 164.74 746.76 261.55 880.82 0.517594
4 1315.09 526.47 1379.75 570.86 0.516431
4 1181.58 525.15 1231.04 567.86 0.512177
2 949.02 328.19 999.65 370.67 0.511932
2 1017.47 608.09 1030.19 631.17 0.510192
4 1068.79 707.74 1115.75 756.97 0.507370
6 998.50 249.41 1155.61 376.27 0.500625
1 972.45 328.87 999.71 362.53 0.499462
1 949.75 336.18 967.40 369.22 0.495304
4 1310.37 740.32 1388.98 794.75 0.485310
4 1211.08 617.17 1242.04 639.80 0.485040
1 1193.39 785.87 1224.36 809.94 0.477741
1 295.19 151.15 332.29 212.55 0.476005
4 139.67 589.04 194.90 660.39 0.470032
1 1018.43 132.03 1029.44 151.83 0.466290
4 1243.60 703.62 1292.42 743.37 0.448245
1 1169.39 961.42 1243.55 1012.78 0.447355
1 985.52 84.69 1012.10 117.83 0.429218
1 866.74 230.76 894.59 305.23 0.415490
4 1381.37 637.37 1399.95 663.42 0.409397
2 1210.23 1022.19 1251.97 1049.68 0.368639
4 1389.32 776.15 1399.92 800.72 0.344257
10 1121.13 882.09 1239.81 1011.72 0.343580
10 1025.65 689.98 1234.85 1012.15 0.215679
