4 408.13 631.98 456.25 668.46 0.997938
4 89.69 672.91 157.51 709.64 0.997348
4 1285.96 639.88 1314.60 667.15 0.995296
4 800.68 665.35 856.48 717.67 0.994452
6 1109.60 535.69 1291.57 626.13 0.989520
4 168.14 707.09 218.87 749.98 0.989125
4 925.18 575.02 971.08 612.01 0.984255
5 1169.26 501.83 1287.44 550.26 0.983763
4 332.99 427.24 398.80 453.96 0.983609
4 774.36 324.15 798.98 343.87 0.979875
1 1002.19 716.65 1016.52 744.21 0.979076
4 546.68 500.19 579.98 525.03 0.977528
4 688.56 338.07 717.00 351.49 0.974519
4 656.06 360.93 685.31 376.02 0.972458
4 890.54 605.54 934.19 643.97 0.970763
1 1087.97 632.21 1121.58 660.65 0.968107
4 436.56 559.31 488.58 593.74 0.967966
4 546.33 655.09 627.15 719.73 0.964530
4 1015.18 480.91 1059.87 506.24 0.963918
4 449.81 578.04 495.32 609.00 0.963458
4 703.30 316.66 725.02 329.11 0.959618
4 736.73 209.22 751.36 221.92 0.956088
1 1070.26 700.16 1083.20 724.61 0.955650
1 1019.01 669.46 1031.69 696.03 0.954128
4 993.84 406.20 1014.14 420.78 0.950641
4 585.17 501.23 621.38 522.09 0.950264
4 717.57 561.88 789.97 626.74 0.941645
4 922.59 284.74 937.97 294.65 0.941121
4 408.36 337.78 480.82 369.39 0.940918
1 910.02 740.49 928.51 783.28 0.935739
4 845.50 283.64 868.65 297.16 0.895684
6 733.49 497.54 830.43 572.02 0.891803
1 1089.81 633.32 1100.72 656.99 0.887393
4 628.16 487.10 657.93 503.04 0.886855
4 815.65 472.95 851.18 496.18 0.876623
4 732.62 322.21 752.07 331.28 0.875654
4 574.98 545.79 605.66 569.51 0.872813
1 1109.39 635.47 1121.32 659.83 0.872252
3 1012.67 684.88 1034.00 707.27 0.861697
4 135.96 430.57 194.39 455.09 0.854327
4 479.08 364.57 515.89 381.15 0.852290
4 527.82 644.18 595.58 697.16 0.851286
4 965.48 597.37 1014.31 642.04 0.835713
4 778.23 439.38 794.53 454.01 0.830273
3 821.87 733.15 850.81 767.61 0.830013
1 1093.22 676.98 1105.47 698.12 0.821906
4 447.58 698.93 540.09 764.26 0.819027
4 844.95 315.69 862.46 325.75 0.817942
4 810.81 440.53 832.42 456.97 0.817302
4 808.61 326.42 818.24 336.15 0.813739
4 902.34 649.07 952.23 703.02 0.796287
4 945.86 414.07 990.80 439.22 0.790179
1 1167.16 683.94 1177.50 705.73 0.787913
6 356.26 470.72 529.00 555.02 0.784780
4 1020.43 554.67 1056.82 589.30 0.780744
4 1029.17 259.75 1051.83 271.57 0.769722
4 688.96 461.55 713.43 478.07 0.766124
4 0.31 511.58 65.47 550.19 0.760711
2 1000.26 632.17 1122.54 746.24 0.759840
4 732.67 443.02 765.25 461.74 0.759074
4 646.52 479.89 673.94 496.74 0.753513
4 971.85 380.04 983.08 390.05 0.742126
4 760.89 493.98 792.56 513.34 0.741169
4 829.53 295.98 842.66 305.65 0.737306
4 795.08 299.89 812.15 309.91 0.734418
1 1097.48 632.45 1110.83 658.15 0.728616
4 891.80 297.15 908.73 308.25 0.723951
4 712.75 452.50 741.59 468.29 0.709293
6 449.09 544.20 606.15 612.20 0.708777
4 666.32 267.28 692.64 283.38 0.704007
4 969.82 273.55 995.47 289.38 0.700572
4 594.58 420.04 611.86 430.32 0.699412
4 577.48 202.33 602.74 215.07 0.694227
4 822.67 412.50 847.28 430.17 0.692884
4 671.67 466.21 698.04 484.93 0.692567
6 867.42 648.51 954.25 729.61 0.687782
4 841.43 510.75 859.26 521.32 0.686273
4 569.08 413.25 587.49 426.72 0.682524
4 725.53 449.35 750.85 464.18 0.678304
4 862.04 299.95 892.14 316.18 0.677227
4 989.52 261.73 1003.96 269.95 0.676532
4 397.60 479.52 422.28 496.44 0.674275
4 1104.63 489.87 1141.91 512.08 0.671897
4 1137.37 215.66 1165.71 237.51 0.671803
4 778.16 437.55 833.10 458.07 0.669270
4 929.07 399.58 943.15 409.45 0.667875
4 874.17 497.58 917.92 520.21 0.655237
4 1006.59 431.67 1031.29 446.84 0.653765
4 512.41 544.53 605.78 591.49 0.651934
4 660.01 474.88 686.33 490.60 0.650195
4 927.64 325.12 951.88 340.05 0.649773
4 1069.63 213.31 1166.50 254.71 0.647433
4 761.40 420.75 779.65 431.41 0.644957
4 694.43 515.47 740.57 537.47 0.639822
4 773.73 332.31 790.03 345.31 0.637930
6 945.63 405.46 1017.80 439.99 0.637343
4 932.24 311.08 950.19 325.18 0.632251
4 870.90 400.45 900.00 418.73 0.630070
4 181.33 621.40 209.35 643.52 0.626856
4 649.50 415.82 663.03 432.07 0.625661
4 860.30 299.86 877.75 310.76 0.622557
4 694.89 512.02 760.54 552.93 0.621692
6 825.47 498.10 910.24 543.82 0.620750
4 730.95 511.64 756.40 524.69 0.620115
4 861.95 520.53 903.60 541.74 0.618072
4 929.82 176.94 950.53 188.90 0.616110
4 1070.72 231.60 1106.45 252.16 0.615777
4 874.60 330.53 913.91 346.99 0.614656
4 890.66 574.73 971.31 644.18 0.613160
4 655.02 530.22 672.53 543.71 0.612934
4 610.08 404.13 622.51 413.24 0.610639
6 168.39 667.49 289.36 750.55 0.608966
4 452.37 495.85 492.72 519.89 0.608633
4 593.22 280.58 634.97 300.64 0.607494
4 1140.94 519.37 1198.08 542.65 0.607376
2 877.52 633.87 1122.38 786.11 0.607156
4 760.30 499.78 776.64 513.29 0.606818
4 983.46 358.37 1019.02 379.67 0.602977
4 656.46 524.23 704.56 544.95 0.599300
6 1016.86 528.82 1075.96 590.09 0.597454
4 926.57 333.32 970.65 353.63 0.597268
4 1090.43 473.67 1154.78 524.75 0.596867
4 890.44 470.06 907.50 480.32 0.592987
4 795.07 294.15 840.64 310.04 0.589904
6 524.47 638.48 626.38 718.92 0.589778
4 900.50 386.89 917.07 399.29 0.588182
4 1001.77 470.49 1045.21 495.83 0.586450
1 852.90 721.55 872.86 753.66 0.585803
4 487.61 395.10 507.18 407.70 0.585532
4 609.32 521.16 671.96 546.88 0.584518
4 623.78 407.54 637.43 416.18 0.583217
4 733.34 593.02 761.00 619.23 0.582385
4 1066.87 484.03 1088.80 501.43 0.580101
4 581.76 483.84 616.16 497.64 0.575042
2 1005.78 605.65 1041.48 639.04 0.574236
4 655.06 237.50 696.88 259.38 0.574175
4 1240.62 772.81 1272.24 787.61 0.572086
3 1105.52 644.20 1120.82 665.01 0.570645
4 618.69 423.12 637.74 433.91 0.566792
4 333.20 430.04 365.29 448.79 0.566263
4 1032.52 455.38 1049.02 467.73 0.563576
4 608.53 403.48 636.86 415.81 0.561989
1 870.84 709.64 893.22 730.80 0.561613
4 523.91 398.37 540.26 409.08 0.561492
4 479.34 368.13 496.27 380.34 0.561465
6 948.55 597.12 1015.01 661.42 0.560191
6 780.88 407.34 846.89 436.53 0.546372
6 760.19 407.48 798.27 434.85 0.546245
4 703.14 315.42 752.24 331.61 0.545611
4 511.40 288.22 542.80 305.79 0.544501
4 1016.59 549.60 1043.93 567.27 0.542260
1 1052.71 694.84 1071.27 719.11 0.540674
6 1126.99 548.48 1243.29 592.96 0.539931
6 903.97 596.50 1030.81 702.40 0.539061
4 459.85 171.06 475.83 181.99 0.535955
1 991.73 776.56 999.99 787.86 0.530470
4 1046.78 460.66 1065.16 476.17 0.530374
2 285.89 488.75 308.89 509.14 0.529183
3 1006.11 605.04 1046.51 640.23 0.527416
4 177.78 579.24 217.49 613.48 0.525225
4 1117.25 513.47 1140.86 526.68 0.523886
6 963.49 553.38 1056.97 643.00 0.519118
4 167.29 629.44 192.08 648.65 0.510703
4 146.19 473.07 201.43 497.31 0.507603
3 1009.84 620.43 1031.88 640.79 0.500931
4 135.51 441.22 153.78 454.11 0.499409
5 1168.77 501.51 1209.57 525.80 0.492410
6 1253.60 575.58 1291.72 624.62 0.491629
4 146.90 485.06 167.42 496.48 0.491440
6 945.69 615.42 969.10 661.63 0.488007
4 1091.28 500.09 1107.04 519.48 0.482799
1 1052.61 705.95 1060.80 719.28 0.478930
3 1001.66 730.95 1024.69 746.10 0.464768
4 296.62 197.20 324.37 215.86 0.452221
3 254.10 716.41 271.99 742.38 0.449715
3 1071.69 711.44 1087.81 725.96 0.448818
1 918.03 763.09 931.17 783.53 0.442880
2 1166.99 682.71 1189.12 707.80 0.440315
4 183.78 249.43 206.55 264.56 0.425689
4 217.90 208.78 240.10 221.64 0.422024
4 248.69 204.65 281.67 217.69 0.405750
4 254.15 171.10 282.10 183.71 0.401548
4 183.21 248.87 226.79 274.65 0.399645
2 1182.19 693.51 1189.75 707.17 0.395552
4 180.91 163.78 201.39 173.55 0.378638
4 24.68 212.39 69.98 235.15 0.359853
2 152.06 635.79 169.34 655.23 0.335583
1 301.94 699.55 315.07 726.86 0.334884
9 798.51 389.62 857.84 416.33 0.332684
1 283.14 745.79 297.23 765.35 0.329900
9 822.19 409.02 868.11 436.75 0.314386
1 55.24 694.92 70.07 733.35 0.292637
10 945.76 678.59 957.41 692.30 0.156554
9 368.45 474.71 963.96 786.07 0.074509
