4 1338.79 605.48 1403.58 689.82 0.998966
4 141.06 30.34 199.26 55.84 0.998924
4 664.99 552.65 707.26 629.48 0.998299
4 1453.47 595.25 1519.39 679.80 0.998154
4 1169.57 633.80 1216.09 677.34 0.997164
4 120.78 288.72 164.38 329.67 0.997147
4 1816.50 489.59 1856.70 522.92 0.996583
4 1027.38 579.89 1077.44 665.03 0.995299
4 1695.47 582.87 1779.66 652.04 0.994201
4 975.60 580.30 1022.45 659.38 0.993840
6 272.92 797.65 896.11 926.31 0.982301
1 954.72 891.49 1121.40 1047.23 0.977542
1 374.02 886.07 401.06 940.79 0.954921
2 546.70 898.61 588.12 936.00 0.938233
4 339.91 708.29 371.03 733.04 0.926557
2 345.36 870.56 412.24 957.95 0.914837
4 25.35 102.09 56.08 136.93 0.886221
5 1004.61 122.55 1044.21 167.30 0.859402
4 1866.29 105.75 1915.71 143.54 0.827034
4 338.33 777.83 400.72 807.32 0.790536
4 1022.39 538.85 1041.56 555.82 0.790085
6 498.71 522.42 588.75 579.59 0.785271
4 1327.98 27.99 1430.24 73.13 0.769188
4 1614.68 559.28 1668.03 596.27 0.762875
4 5.87 72.06 48.60 96.45 0.761336
3 945.15 595.69 965.75 619.00 0.752001
4 1827.48 89.37 1874.66 135.89 0.743118
4 1761.67 492.42 1784.26 510.35 0.737924
4 1522.69 101.32 1578.18 144.30 0.715249
4 1448.97 141.49 1483.13 166.48 0.715171
1 566.15 898.16 582.31 932.61 0.713738
4 472.13 546.43 490.95 573.04 0.712359
4 1820.18 392.85 1840.50 412.75 0.697133
2 344.51 867.73 895.36 959.57 0.696891
4 1493.47 124.41 1532.10 152.56 0.693987
4 1518.46 569.98 1566.87 602.31 0.690168
4 1446.81 131.38 1511.07 168.82 0.679610
4 1855.61 70.47 1898.12 99.52 0.676257
4 1150.71 496.78 1182.91 516.42 0.674365
4 258.79 96.92 307.79 132.57 0.653202
4 1471.90 562.92 1518.05 587.65 0.651527
4 1839.52 115.00 1871.14 137.88 0.650705
4 361.63 868.81 411.94 901.06 0.644941
4 162.45 294.83 193.05 326.04 0.640915
4 1031.78 533.78 1073.97 567.90 0.638496
4 385.63 495.21 407.86 510.06 0.629689
4 498.95 545.60 528.76 580.21 0.628734
4 1169.46 129.83 1239.03 166.56 0.622590
1 1025.37 960.72 1064.22 1041.38 0.618137
4 1793.78 413.59 1866.36 466.99 0.617765
4 281.65 863.41 306.41 892.93 0.600987
4 1483.15 534.33 1532.44 564.29 0.594064
2 248.89 955.63 282.91 1027.22 0.593143
3 1861.34 129.28 1911.58 168.20 0.591525
4 1614.83 562.86 1647.46 584.23 0.589517
4 1417.16 516.82 1435.18 535.08 0.587452
2 688.67 886.58 709.63 913.49 0.586670
4 1405.60 568.44 1452.83 597.50 0.582740
3 277.17 863.16 306.74 903.95 0.579103
3 733.17 888.06 806.98 923.74 0.578862
4 1510.92 520.04 1537.88 535.56 0.574240
2 1637.11 560.17 1669.62 596.61 0.572398
4 250.35 955.30 282.63 1002.40 0.567556
4 1820.37 392.43 1873.31 417.81 0.566962
4 1769.45 609.01 1799.39 641.96 0.561075
4 268.41 787.75 293.93 815.32 0.560858
4 1737.36 546.51 1781.51 568.05 0.558532
4 1855.10 346.04 1907.29 364.80 0.557281
4 1542.43 531.23 1575.27 559.77 0.555908
4 1793.70 442.64 1813.59 462.81 0.553952
4 1414.70 570.90 1433.84 588.50 0.552352
4 335.87 687.92 409.83 735.67 0.551886
4 1.14 156.73 28.09 198.36 0.551604
2 956.45 894.33 1074.88 1004.60 0.549906
3 777.01 890.42 823.48 924.66 0.549116
2 1025.41 960.87 1089.36 1048.67 0.546985
6 747.89 566.89 788.49 596.82 0.546114
4 1519.30 474.78 1539.47 488.93 0.545275
4 1793.98 440.74 1842.90 466.24 0.540942
1 1652.86 560.79 1669.41 594.23 0.540244
4 1496.72 563.03 1517.61 582.08 0.539654
2 438.93 875.33 824.10 921.94 0.535868
2 486.63 877.26 503.93 903.02 0.533937
2 513.12 877.66 529.20 902.45 0.533350
4 1844.41 679.05 1884.73 744.88 0.531606
2 506.00 875.38 523.33 903.99 0.527169
2 349.15 869.97 590.92 948.34 0.522397
4 1766.29 465.77 1828.81 510.76 0.521924
4 195.18 117.22 225.92 149.57 0.521751
2 657.37 885.19 673.96 912.90 0.516995
1 826.06 895.46 857.51 924.69 0.511404
4 315.79 688.05 372.56 736.28 0.510188
4 249.77 994.55 279.42 1026.70 0.506550
1 1637.27 563.04 1658.83 596.71 0.500190
3 347.65 910.30 400.07 946.23 0.493401
2 1026.61 961.24 1064.44 1011.03 0.487275
1 283.05 911.98 309.46 953.12 0.484443
1 515.23 547.27 529.76 581.17 0.479340
2 248.41 909.83 309.84 1026.51 0.473534
2 1047.84 919.10 1067.45 943.22 0.472213
2 785.00 937.94 798.76 952.36 0.470476
2 948.72 894.00 964.45 923.04 0.468991
3 546.37 905.27 563.12 935.88 0.459320
2 743.54 840.18 762.73 859.96 0.456521
2 535.99 882.34 552.31 907.29 0.456393
7 183.35 954.30 283.02 1056.40 0.453991
7 408.35 566.74 503.50 604.64 0.452538
1 502.51 555.72 517.61 582.39 0.452104
2 467.68 879.18 483.95 902.39 0.447416
2 466.20 874.88 587.82 934.16 0.440859
2 729.47 886.66 751.63 919.79 0.440585
2 553.45 879.14 577.81 931.30 0.438658
2 429.83 875.08 450.05 903.48 0.431161
2 609.11 881.05 710.47 915.19 0.428995
1 256.09 916.75 283.29 955.01 0.422457
4 62.17 613.69 115.73 648.55 0.422395
2 467.37 875.58 552.13 906.78 0.421341
4 308.22 106.71 352.49 131.20 0.417304
4 304.57 126.21 356.86 162.41 0.416122
2 739.81 889.26 754.84 916.73 0.411176
2 610.06 882.38 620.84 897.99 0.403945
6 259.61 69.85 371.88 139.96 0.401569
2 574.24 881.66 594.91 923.45 0.398196
2 553.26 879.99 568.51 906.00 0.391866
4 129.69 419.77 154.97 436.25 0.386899
4 269.86 83.96 313.09 100.05 0.383403
2 354.90 872.70 379.50 919.30 0.375758
2 256.66 911.07 309.26 960.19 0.374473
2 347.54 935.13 367.20 962.23 0.361736
2 358.15 790.75 385.47 807.87 0.358601
2 275.83 890.97 291.46 922.02 0.351796
