4 561.27 476.21 589.71 531.12 0.993994
4 837.57 84.06 873.16 121.49 0.991793
4 732.14 187.32 752.21 218.52 0.980945
4 708.22 193.77 728.07 225.87 0.979342
4 761.13 358.72 774.74 372.87 0.972437
4 1137.30 62.11 1199.25 98.55 0.969093
2 891.85 55.99 917.56 84.84 0.968554
4 817.15 67.90 838.06 92.52 0.967641
4 939.17 651.49 968.84 686.43 0.957049
4 681.65 439.58 705.71 461.13 0.947602
4 699.87 418.16 725.78 446.90 0.924623
4 629.35 730.07 743.61 786.99 0.913578
4 862.84 417.46 888.61 442.88 0.906846
4 1172.92 73.26 1234.46 123.18 0.898231
4 489.13 471.69 504.73 487.40 0.895058
5 628.48 720.09 835.82 787.51 0.889054
4 774.54 337.47 794.75 358.98 0.862032
4 769.58 297.81 784.08 312.79 0.854365
4 781.78 98.39 805.24 130.98 0.850857
4 748.44 343.97 767.17 360.25 0.843855
4 745.66 159.45 764.49 177.18 0.834759
4 536.29 431.28 567.12 451.34 0.830525
4 892.01 70.36 906.18 84.84 0.824859
4 1037.26 21.65 1069.44 45.23 0.807768
4 720.62 375.48 737.40 389.82 0.806367
4 782.32 115.18 796.85 129.73 0.805466
4 771.09 79.72 792.12 98.45 0.800799
4 356.83 672.82 375.63 702.26 0.800411
4 131.26 617.84 179.83 661.94 0.764761
4 1224.54 82.58 1277.55 113.17 0.741772
4 1359.40 19.23 1383.03 38.88 0.736877
6 498.60 240.71 539.38 299.47 0.731958
4 510.95 241.43 538.45 269.63 0.729293
4 722.51 463.36 743.84 478.73 0.728208
4 569.52 476.83 588.84 499.42 0.728019
6 1180.48 2.69 1270.30 86.82 0.727437
3 775.59 168.60 793.81 195.97 0.724984
4 318.38 78.69 335.71 103.74 0.721136
4 303.33 69.20 320.88 88.93 0.719787
4 722.46 357.14 733.32 368.87 0.717387
2 483.39 471.37 505.20 505.21 0.715868
5 1239.36 292.48 1373.67 396.64 0.713438
4 777.29 380.08 791.62 397.00 0.702044
4 183.52 756.35 207.25 775.58 0.700411
1 444.77 634.70 465.87 668.64 0.695310
4 735.53 360.22 746.65 375.75 0.695056
4 443.40 392.40 567.64 453.50 0.688900
4 1350.84 242.13 1366.18 257.53 0.681004
1 368.47 534.44 380.01 557.22 0.680839
4 483.24 483.65 497.25 504.55 0.674561
4 873.07 428.39 888.42 442.15 0.660934
4 444.64 405.61 452.80 419.32 0.646670
4 458.39 494.59 474.41 508.21 0.642782
4 403.80 707.88 418.83 722.18 0.642258
4 726.40 582.91 750.13 593.95 0.641711
4 269.83 710.66 293.31 731.58 0.639132
4 112.95 359.15 149.16 403.98 0.635305
2 347.99 633.29 381.00 671.84 0.629301
6 1136.79 60.52 1233.44 123.89 0.627577
1 1237.83 472.32 1252.70 492.02 0.626664
2 64.99 740.81 87.46 779.78 0.624353
4 676.05 681.94 694.32 703.35 0.624074
6 441.62 220.11 481.90 275.49 0.620775
6 1181.43 29.61 1238.35 82.13 0.617933
4 735.64 394.39 748.02 407.51 0.612328
4 482.21 647.94 496.34 667.17 0.612241
6 822.17 17.92 884.67 73.03 0.611933
4 561.82 513.67 576.47 530.54 0.604174
5 778.82 352.18 942.60 503.99 0.602777
4 648.57 737.47 711.45 777.62 0.591735
4 452.42 409.80 466.70 420.95 0.591705
6 701.63 722.51 833.50 787.51 0.582241
4 367.12 585.97 390.85 606.27 0.581426
3 348.15 643.69 380.72 671.34 0.573800
4 207.60 607.38 234.47 629.39 0.570159
4 704.46 669.88 747.78 706.53 0.569154
4 627.07 685.38 642.93 709.79 0.567708
4 450.42 408.27 477.68 425.29 0.565289
3 725.51 600.05 750.94 614.98 0.555979
4 1273.51 311.19 1318.51 330.67 0.555793
4 357.69 673.23 369.60 685.21 0.551338
4 0.09 253.44 17.66 283.82 0.541993
9 731.07 161.98 764.52 219.75 0.532243
1 481.94 634.64 500.16 667.29 0.523225
4 833.57 774.12 859.18 787.48 0.522605
4 775.74 690.12 792.18 706.45 0.516153
4 1331.71 536.29 1385.81 597.12 0.504486
4 314.21 394.36 336.36 410.50 0.503877
4 303.34 69.48 334.76 103.17 0.499884
4 157.26 739.10 182.58 753.64 0.498542
4 228.00 724.45 244.47 743.56 0.497934
2 726.73 592.87 741.15 613.69 0.497680
1 538.36 467.85 547.86 481.99 0.495174
4 247.81 387.82 274.86 416.80 0.494451
3 177.98 713.58 222.40 751.06 0.491250
1 279.85 449.66 296.44 473.11 0.489748
4 107.09 211.53 130.99 227.69 0.489701
2 704.87 738.17 716.10 749.92 0.485826
6 112.18 342.70 152.35 405.70 0.482050
3 180.21 670.66 213.85 700.05 0.480013
4 173.83 264.80 204.74 297.38 0.461491
1 109.24 485.80 134.59 521.36 0.454267
6 159.53 263.44 209.78 325.94 0.452629
1 467.43 410.01 477.56 425.12 0.450970
4 890.76 701.26 905.47 720.13 0.448557
2 305.33 577.15 381.48 672.27 0.448261
1 359.06 416.02 367.36 432.36 0.443147
4 178.41 725.72 193.37 746.94 0.441598
2 216.51 688.61 237.15 716.24 0.439952
2 444.96 404.66 478.23 425.85 0.439145
3 26.86 684.26 137.40 786.34 0.436873
4 59.09 265.13 91.85 307.73 0.434989
4 135.50 575.09 147.01 586.04 0.433565
3 76.98 687.68 136.24 747.53 0.432341
3 63.77 725.99 108.47 780.99 0.425277
3 82.94 726.55 108.02 748.05 0.425179
4 95.93 674.35 114.70 697.73 0.415350
6 199.15 557.61 336.43 731.83 0.413872
2 348.28 526.45 362.31 548.18 0.411979
6 0.23 246.30 90.80 382.80 0.410714
1 86.59 509.49 107.39 534.02 0.406134
2 348.15 527.70 382.01 557.48 0.405520
1 450.83 634.84 464.98 652.45 0.400498
2 363.55 644.18 380.89 671.40 0.400297
2 312.23 578.64 320.68 593.37 0.381331
1 658.82 63.43 680.37 103.85 0.379296
2 46.93 480.41 68.03 510.35 0.378590
2 13.10 182.66 22.75 199.47 0.372218
2 38.54 738.50 87.47 786.52 0.372104
3 24.80 734.94 87.65 786.83 0.365931
4 0.58 349.43 26.53 381.78 0.361953
4 0.07 247.97 71.39 310.06 0.356640
3 66.93 742.88 86.60 766.41 0.352134
6 19.71 425.41 135.61 544.95 0.347958
2 110.17 415.53 132.52 452.53 0.343860
4 17.56 248.95 68.83 280.58 0.307624
9 561.68 498.46 583.00 530.71 0.306995
2 67.94 485.74 134.98 555.09 0.305810
9 736.10 720.39 807.20 765.23 0.257439
1 38.01 762.17 77.66 787.22 0.242382
