4 363.47 190.10 443.54 271.91 0.981197
4 300.46 151.85 353.13 190.60 0.937005
1 1164.02 915.77 1210.80 1020.15 0.916946
4 590.94 795.85 641.18 886.14 0.837536
4 1065.77 16.54 1148.68 72.06 0.809753
4 279.06 248.94 337.45 316.75 0.743166
4 251.97 264.84 307.20 340.23 0.741222
6 1220.99 351.63 1399.32 1049.16 0.706347
4 128.78 247.31 338.28 404.83 0.703614
4 2.72 430.40 39.86 466.82 0.673631
4 234.29 0.33 332.70 54.66 0.654627
4 600.01 796.01 634.86 821.24 0.639599
4 129.38 346.10 162.17 380.02 0.638759
4 300.82 541.73 427.06 642.94 0.583260
4 624.84 1028.41 656.94 1049.20 0.578155
4 0.16 430.46 54.05 498.43 0.572456
4 301.80 602.58 337.76 641.87 0.520180
4 366.35 109.87 492.70 189.87 0.498128
4 224.87 248.67 337.20 346.68 0.483233
1 1219.28 913.53 1248.93 965.55 0.470215
4 280.01 249.28 316.35 286.77 0.466470
4 222.64 283.63 277.69 347.45 0.433703
3 1230.17 1008.50 1313.60 1049.27 0.423201
4 0.12 811.84 29.02 860.14 0.407497
4 164.31 283.95 275.89 366.23 0.381807
4 362.75 119.13 546.33 273.13 0.337339
10 895.67 622.87 929.13 693.83 0.294045
10 1155.82 629.09 1189.64 690.84 0.240366
4 123.48 1.36 742.21 417.82 0.130355
