4 946.27 295.33 1010.45 327.94 0.999161
4 1062.24 457.12 1136.75 495.35 0.999060
4 860.74 576.55 952.88 622.03 0.998902
4 291.37 309.49 355.82 340.97 0.998342
4 362.06 895.87 455.40 989.42 0.997725
4 751.66 245.54 827.19 286.18 0.997620
5 578.29 229.91 629.99 322.87 0.997595
4 841.36 496.86 926.56 543.16 0.996602
4 1153.75 620.47 1253.14 674.98 0.996246
4 1488.46 108.33 1510.17 135.34 0.995839
4 550.09 21.86 574.81 53.15 0.994816
4 1208.65 685.70 1312.27 747.59 0.994207
4 992.67 377.00 1063.63 411.89 0.993843
4 337.67 37.00 379.57 57.17 0.992391
4 352.74 16.04 393.50 34.41 0.992057
4 490.73 96.69 515.57 121.06 0.991405
4 1190.00 652.68 1288.04 705.09 0.990377
4 1253.94 75.88 1274.25 103.72 0.990204
4 779.52 302.79 835.96 365.06 0.990057
4 1331.63 84.76 1351.60 111.48 0.988369
4 1304.84 88.01 1328.02 112.14 0.987341
4 518.32 368.77 539.91 386.79 0.987129
4 1004.00 392.21 1074.08 431.97 0.986234
4 1363.14 95.16 1383.83 117.89 0.986108
4 834.79 467.63 912.94 509.22 0.985610
4 437.64 922.95 505.55 992.08 0.984973
4 310.57 173.42 366.52 201.19 0.984765
4 459.00 96.80 481.52 123.59 0.981656
2 793.37 619.05 811.07 641.92 0.975512
4 618.87 500.24 659.90 555.71 0.972203
4 179.71 243.81 246.45 273.85 0.969543
4 584.91 268.08 628.06 322.12 0.969096
4 489.86 364.09 513.36 384.44 0.968014
2 913.12 613.30 943.89 638.95 0.967129
4 636.07 43.86 648.46 59.99 0.963717
4 590.20 1.64 615.63 22.02 0.961487
4 1229.89 3.59 1261.55 26.42 0.960237
4 203.18 229.25 270.40 256.99 0.960222
4 1350.10 49.38 1397.46 75.56 0.956787
4 1281.09 82.41 1301.72 105.65 0.955587
4 1106.57 253.11 1128.98 272.49 0.949102
4 303.70 4.93 331.65 21.90 0.943356
4 369.14 92.15 393.10 124.19 0.939566
4 436.16 0.00 471.69 8.78 0.933958
1 1316.23 825.91 1337.02 866.70 0.929872
4 290.71 189.19 345.03 214.00 0.925863
1 790.05 608.65 812.10 641.45 0.924515
4 292.56 49.77 333.41 68.73 0.916173
3 456.14 355.39 482.56 376.27 0.908117
4 1262.95 92.73 1298.97 120.82 0.907270
5 612.11 461.67 671.89 558.31 0.899577
1 1559.42 612.13 1573.74 646.24 0.891624
4 375.30 152.04 399.00 171.64 0.872474
4 863.62 225.08 877.68 244.93 0.865633
4 514.73 88.87 527.40 111.39 0.858485
3 1000.09 272.86 1015.89 294.59 0.858315
4 1572.19 1.15 1593.47 29.32 0.857981
4 479.86 24.05 519.43 52.27 0.857722
4 1050.97 232.38 1065.38 249.98 0.852553
4 961.36 234.11 981.43 265.57 0.847896
3 657.21 63.03 670.75 83.72 0.847371
4 1704.25 0.10 1738.72 20.91 0.837774
1 1376.31 342.17 1391.83 366.53 0.831594
5 838.94 323.54 874.40 363.61 0.827524
4 1154.56 253.66 1169.42 269.29 0.823588
4 391.58 145.88 435.16 176.65 0.820135
4 1593.43 0.00 1629.55 37.69 0.814543
4 859.80 177.53 874.11 190.21 0.808730
4 554.30 254.57 584.05 285.41 0.808662
4 1129.41 43.97 1145.65 58.17 0.804423
4 494.68 199.03 537.43 224.58 0.803697
2 1000.73 51.64 1026.23 87.84 0.796148
4 1350.48 40.51 1378.70 68.73 0.791107
4 1319.66 31.28 1373.73 58.24 0.790335
4 1156.43 46.02 1179.99 64.30 0.784262
4 940.33 201.46 966.64 225.87 0.777127
4 1349.93 55.10 1375.38 72.29 0.771758
1 1399.08 427.30 1424.04 466.10 0.755249
4 1450.64 416.69 1478.21 440.72 0.752495
3 1063.68 255.29 1080.75 277.59 0.749916
4 1738.11 0.19 1767.01 25.38 0.747084
4 1140.67 312.49 1165.58 335.70 0.738323
4 748.98 194.97 772.88 214.00 0.727601
4 1796.92 2.42 1868.46 32.32 0.720889
4 1638.50 34.09 1659.43 49.43 0.718278
4 1700.62 12.88 1735.45 40.84 0.716245
5 360.31 296.31 397.33 340.45 0.713628
4 1627.26 104.08 1650.04 120.49 0.706090
4 1181.81 347.10 1195.76 361.24 0.702449
4 1069.39 239.42 1099.02 263.20 0.701304
6 922.28 228.42 942.94 245.93 0.698673
3 1401.00 516.27 1429.12 546.90 0.698079
4 551.85 281.43 573.31 303.86 0.685516
4 1639.35 0.00 1674.36 18.77 0.685410
4 555.30 613.26 597.14 666.51 0.683580
3 1672.67 133.37 1702.33 165.84 0.672606
4 1376.76 122.64 1406.00 140.16 0.665684
3 1520.32 28.09 1546.49 50.98 0.662624
1 1708.69 525.11 1723.86 549.62 0.658321
4 1032.64 229.55 1064.69 250.87 0.650370
6 1318.41 30.95 1397.57 75.98 0.644460
2 1708.67 524.02 1760.22 553.59 0.642635
4 1093.31 1057.27 1142.89 1077.68 0.639126
4 975.43 218.50 993.64 230.16 0.638500
4 1137.87 248.65 1169.58 269.78 0.634317
3 1315.87 842.59 1333.92 867.88 0.634134
6 1592.72 0.04 1676.63 42.62 0.633292
2 1517.22 579.78 1542.42 628.75 0.627364
4 1249.84 653.13 1288.11 684.75 0.624493
6 779.22 301.62 875.63 365.95 0.624125
4 1773.17 148.62 1799.11 162.39 0.622847
1 1000.60 57.72 1017.83 86.55 0.617763
6 1042.29 294.01 1166.15 335.42 0.605195
2 1010.18 51.10 1027.42 72.13 0.604981
4 8.55 966.12 68.14 1014.58 0.602930
1 1243.71 246.61 1259.59 278.75 0.601611
4 641.36 906.76 692.59 942.36 0.598750
1 1748.24 400.05 1767.90 428.00 0.598155
4 1309.96 688.41 1325.77 710.67 0.597819
3 1818.22 196.91 1848.23 225.02 0.594380
3 1503.21 618.24 1529.66 645.77 0.592911
1 1736.22 527.90 1759.86 552.69 0.592022
4 587.14 267.62 622.07 293.86 0.591489
4 382.04 492.38 398.19 513.74 0.585461
4 1860.66 196.45 1915.44 225.43 0.583017
4 1182.06 348.38 1223.71 368.96 0.578315
2 1042.84 176.50 1062.92 216.43 0.577230
4 662.92 908.25 692.58 923.30 0.575400
4 244.51 571.01 269.93 592.28 0.572830
1 1464.50 436.23 1481.24 465.71 0.569313
2 1748.54 398.76 1785.62 428.01 0.565563
4 586.64 19.73 605.02 32.87 0.564888
2 1067.18 205.63 1079.50 224.52 0.563107
2 1606.56 331.06 1629.89 371.80 0.562802
2 1472.06 389.69 1498.56 439.65 0.561916
4 1621.26 662.31 1706.16 702.81 0.560986
1 1147.57 171.86 1161.36 195.22 0.559490
1 1361.27 282.22 1375.37 305.28 0.555460
1 1191.99 230.98 1208.38 255.30 0.554883
1 1426.60 563.01 1443.35 597.41 0.553243
1 1377.59 525.11 1399.90 563.38 0.550710
1 1438.41 431.96 1454.91 456.69 0.547092
4 1656.80 676.80 1703.85 704.11 0.544904
2 1394.81 410.44 1496.18 467.95 0.544563
2 1586.67 394.35 1604.89 424.91 0.541798
1 1542.22 915.79 1558.59 958.87 0.541671
2 1514.04 584.77 1574.79 648.00 0.541516
2 1767.08 401.75 1782.46 421.41 0.540038
2 1780.92 197.56 1795.32 224.28 0.535057
2 1451.70 484.73 1467.11 515.68 0.532533
4 446.86 173.28 504.48 198.78 0.531591
6 585.45 455.90 672.89 563.76 0.531266
3 1480.73 607.63 1530.32 645.88 0.529515
2 1315.22 487.17 1332.05 508.15 0.525839
1 575.92 820.51 595.87 852.94 0.524002
4 184.23 0.63 205.55 17.99 0.523901
2 1398.23 422.41 1419.73 443.04 0.523219
2 1138.42 249.68 1150.05 266.76 0.521465
4 1664.36 619.52 1688.11 639.70 0.517802
4 317.65 49.88 335.22 66.87 0.517365
2 851.80 195.31 862.93 224.32 0.515761
2 878.09 131.05 889.41 161.24 0.515388
3 1520.69 608.00 1540.13 632.53 0.511948
1 1516.46 587.68 1533.38 626.88 0.503569
2 1032.96 229.25 1044.91 249.11 0.502876
2 1744.09 528.55 1759.97 551.69 0.496987
1 1611.88 907.40 1627.46 935.88 0.496526
2 893.77 152.84 913.01 187.33 0.495066
4 832.66 176.15 874.17 192.39 0.488571
2 1554.46 606.77 1569.39 626.12 0.488541
4 406.39 144.52 427.16 161.64 0.488392
1 1208.77 479.08 1224.59 509.30 0.483716
1 1857.54 720.25 1887.08 747.49 0.483383
2 1064.34 241.85 1079.65 276.21 0.482485
2 1211.01 438.79 1229.64 473.20 0.482361
3 460.47 878.38 497.04 921.90 0.480655
1 452.44 775.51 465.10 802.21 0.479149
4 833.07 179.63 853.27 189.08 0.476934
4 1829.09 727.60 1873.44 751.22 0.476346
3 1869.75 672.65 1915.49 707.87 0.473590
1 1602.92 1051.90 1622.21 1075.11 0.470635
4 1657.91 679.28 1679.26 699.50 0.467467
4 1891.44 624.79 1915.67 671.67 0.467090
1 1498.47 330.93 1515.23 359.24 0.461934
3 1852.55 719.88 1900.89 754.72 0.458682
4 1877.88 673.51 1912.62 699.89 0.453517
1 1527.73 578.41 1543.10 612.95 0.447549
4 0.65 965.29 114.25 1076.60 0.446638
2 1611.89 907.03 1638.64 941.27 0.442690
4 387.67 162.94 439.41 181.78 0.442375
2 1870.79 721.36 1888.29 747.15 0.432692
2 1625.35 915.48 1639.72 942.92 0.429741
4 233.16 54.67 262.19 75.84 0.423317
4 148.51 484.56 185.29 505.99 0.403892
2 449.30 773.61 468.34 807.28 0.393149
4 29.47 183.79 70.79 207.11 0.379327
3 379.55 164.56 407.94 187.53 0.372726
2 1680.65 1026.04 1693.94 1046.73 0.362914
