4 505.20 248.58 534.71 275.48 0.999021
4 381.10 231.23 412.21 260.60 0.998325
4 279.99 152.58 309.56 179.64 0.997178
4 141.58 69.24 176.27 84.53 0.992018
4 428.91 174.01 453.14 204.52 0.991276
4 588.48 315.05 622.42 345.90 0.988896
5 335.60 136.18 416.42 209.10 0.988139
4 723.94 148.10 754.63 189.13 0.984041
5 414.83 228.74 492.51 300.24 0.979783
4 858.82 511.63 899.84 544.33 0.979067
5 710.82 138.20 754.91 189.50 0.975904
4 546.26 203.47 573.43 232.26 0.973508
4 561.16 215.87 590.45 249.39 0.965806
4 722.65 269.86 764.11 312.64 0.964403
5 560.92 215.62 599.69 258.19 0.963398
4 726.15 622.62 770.87 656.64 0.956912
4 626.71 558.48 662.10 586.38 0.943027
4 498.54 303.64 532.03 333.70 0.942404
5 831.78 202.76 863.91 244.02 0.940332
4 506.45 53.21 527.36 69.88 0.937795
4 824.51 575.83 866.71 609.94 0.934601
4 509.69 193.59 545.10 224.32 0.933196
4 576.37 235.20 599.99 258.58 0.929372
6 990.45 326.27 1137.19 440.31 0.924174
3 923.95 520.91 958.70 544.56 0.922174
4 152.06 11.65 179.79 32.31 0.908913
4 162.66 17.34 178.27 31.97 0.904295
5 904.40 64.34 957.46 110.29 0.900453
4 86.32 16.19 119.10 37.05 0.900352
4 491.73 183.51 508.17 194.67 0.896744
4 566.71 354.38 615.78 398.73 0.889040
4 725.20 270.81 750.60 297.65 0.883008
4 657.90 460.03 692.26 489.59 0.879921
4 724.33 172.26 740.17 188.86 0.873094
5 618.09 517.89 704.54 583.49 0.868105
4 661.58 246.15 678.26 269.47 0.857032
4 845.44 21.16 866.31 37.65 0.852186
4 1190.14 751.28 1236.24 783.12 0.846620
6 654.10 144.42 674.89 172.08 0.845028
4 1018.46 228.57 1039.12 258.92 0.842627
4 295.04 165.58 309.24 179.20 0.840147
4 732.59 422.85 768.60 454.39 0.825794
4 508.28 193.29 523.08 209.11 0.825054
6 602.14 101.42 637.19 146.37 0.811656
4 384.61 152.82 403.78 176.04 0.810607
4 21.25 165.05 42.40 186.66 0.810135
4 606.50 329.08 622.04 345.39 0.806813
4 1316.04 310.06 1364.23 345.43 0.806260
4 720.96 301.57 739.49 325.24 0.802770
4 790.30 0.25 824.43 31.43 0.796339
4 939.69 360.51 965.91 380.52 0.782246
6 857.85 50.17 881.64 77.78 0.780597
4 1276.00 563.90 1311.43 585.06 0.780030
4 521.65 78.59 532.88 91.29 0.762088
4 697.07 470.93 731.44 500.28 0.757122
6 733.29 310.69 778.81 368.40 0.754117
4 947.76 746.37 1001.21 777.61 0.752847
6 838.64 13.45 876.04 56.14 0.752178
4 888.00 470.54 910.32 483.55 0.749089
4 506.63 61.08 514.94 69.80 0.747126
4 613.29 604.81 641.91 632.98 0.743441
4 668.79 108.91 694.85 132.74 0.741241
3 540.27 177.99 557.76 194.93 0.713335
4 239.95 99.20 253.30 109.30 0.712810
4 1210.02 370.36 1241.79 401.31 0.704703
4 754.06 436.77 768.04 454.32 0.703098
6 429.07 151.86 469.19 204.93 0.699510
6 877.86 59.51 905.76 82.66 0.694453
4 851.02 481.01 865.69 492.67 0.692482
4 442.59 152.09 469.37 181.12 0.686447
6 462.58 148.21 524.25 191.17 0.682061
4 399.18 244.86 411.97 260.07 0.678408
4 420.81 54.25 441.57 66.67 0.668859
6 861.57 0.00 896.65 20.25 0.668595
4 512.68 525.95 538.53 548.70 0.666108
6 858.72 48.16 958.20 111.99 0.665460
3 448.41 116.00 459.67 134.11 0.663391
4 435.60 106.83 451.18 121.40 0.662488
4 400.21 190.74 415.54 208.54 0.655945
4 454.76 93.30 468.57 105.72 0.655717
4 445.77 92.50 468.26 112.20 0.653008
4 813.55 405.03 840.70 422.12 0.652278
6 858.13 45.81 906.06 84.87 0.643560
4 579.13 578.12 607.98 603.76 0.638953
4 0.52 168.35 24.14 187.56 0.637862
4 596.57 263.30 617.35 279.99 0.636262
6 896.16 0.48 1004.95 87.28 0.632983
4 0.21 144.79 42.28 188.66 0.628994
6 957.20 169.92 996.98 199.51 0.627228
6 577.29 235.12 633.56 282.36 0.623687
4 814.01 470.27 848.58 493.86 0.615895
4 545.64 551.84 574.55 577.54 0.613067
4 996.92 420.10 1028.07 439.30 0.611573
1 465.82 117.50 483.55 149.93 0.607244
4 195.81 30.92 215.80 48.62 0.604967
4 433.96 94.96 468.87 123.94 0.601802
5 1120.16 625.55 1227.02 654.99 0.595255
4 1319.81 224.74 1351.31 252.63 0.593847
4 863.15 555.26 895.41 577.03 0.592324
4 707.32 598.72 719.31 607.46 0.587095
4 1326.49 652.25 1376.47 680.60 0.585186
6 507.85 191.45 601.25 261.04 0.584192
4 1008.51 601.28 1025.68 616.47 0.582220
4 922.84 637.67 971.56 660.77 0.580122
6 733.70 348.76 779.11 390.71 0.574802
4 846.44 588.53 866.17 609.21 0.565892
2 944.94 288.00 963.92 316.15 0.561417
4 227.58 113.28 239.74 124.58 0.559973
4 873.51 775.23 916.45 787.71 0.557224
4 466.08 428.39 476.91 438.42 0.552849
1 448.41 105.19 461.23 133.38 0.551998
4 1344.09 315.16 1364.34 333.66 0.549246
1 758.77 381.31 782.58 401.43 0.542379
6 693.89 308.77 778.56 398.45 0.539496
2 1268.41 327.24 1299.98 358.87 0.537248
3 988.37 617.88 1023.30 640.71 0.537161
4 1139.88 380.97 1161.49 394.64 0.535736
4 1175.24 384.30 1201.99 400.40 0.532505
4 1030.44 635.91 1048.32 643.89 0.530333
1 1290.43 606.09 1303.10 632.42 0.526046
4 214.60 102.92 229.31 115.97 0.523573
4 1240.49 362.53 1265.75 380.47 0.523558
4 229.10 233.52 262.21 256.06 0.507119
4 1227.50 613.41 1249.98 625.73 0.498343
2 1271.08 366.06 1282.34 376.88 0.497739
4 1129.78 722.48 1156.24 736.07 0.493921
6 1141.61 303.53 1323.39 422.04 0.489553
4 78.37 377.65 97.52 392.73 0.488986
4 1361.78 589.24 1379.62 608.04 0.484135
1 277.66 31.44 284.69 44.79 0.474020
2 444.52 91.30 468.35 122.12 0.472612
4 928.77 767.80 955.11 787.16 0.472559
2 773.18 385.67 783.06 401.47 0.470343
4 1361.34 565.68 1398.59 609.20 0.455470
1 1049.93 12.89 1066.42 30.86 0.454212
6 443.12 150.04 602.76 262.72 0.453853
6 631.63 237.95 780.03 396.95 0.451842
6 506.23 0.51 693.74 174.54 0.447670
4 1293.92 588.56 1322.19 611.03 0.446155
2 540.78 153.97 572.10 194.91 0.442439
4 162.57 37.52 188.70 50.93 0.426986
9 507.23 85.34 679.94 173.95 0.404467
4 1229.54 665.41 1257.71 699.46 0.398466
2 186.63 468.68 203.98 489.01 0.394229
3 195.43 30.65 230.88 49.87 0.332904
6 817.78 6.22 1162.67 454.03 0.330806
4 32.51 224.51 72.84 255.96 0.322875
