4 308.48 49.33 359.47 117.60 0.999758
4 340.57 0.50 386.09 47.87 0.999231
5 976.88 0.28 1139.16 103.80 0.998860
4 552.37 241.74 615.20 316.40 0.998603
4 1204.98 516.59 1398.20 736.36 0.996798
4 691.09 434.63 752.85 515.90 0.994776
4 544.31 464.11 610.18 551.69 0.991707
4 769.79 278.02 804.63 335.36 0.991408
4 953.31 331.58 1014.32 400.82 0.987078
4 624.29 466.26 725.61 592.90 0.985207
4 376.10 173.28 486.51 323.25 0.980483
4 955.12 0.03 1035.68 56.28 0.980156
4 1226.84 639.16 1307.56 730.82 0.972690
4 431.24 268.03 485.75 322.57 0.971231
4 1153.45 602.84 1231.28 687.23 0.970666
4 876.26 343.74 952.75 399.19 0.957251
4 1204.30 680.64 1283.10 770.42 0.955593
4 1182.74 707.70 1247.91 780.65 0.954882
4 775.84 318.94 852.64 376.09 0.952359
4 863.35 309.19 943.86 367.44 0.947822
4 966.92 601.33 1037.95 656.25 0.945885
4 1034.01 557.42 1118.41 617.69 0.942322
4 978.07 628.47 1074.75 700.98 0.942015
4 660.55 528.44 725.09 592.58 0.940926
4 302.17 412.42 332.68 433.50 0.937220
4 791.84 347.94 868.26 402.41 0.930131
4 1102.56 116.34 1167.59 165.33 0.925449
4 844.82 441.61 925.27 503.15 0.922186
4 940.57 433.63 1013.17 488.16 0.918525
4 892.95 374.11 962.87 424.70 0.918204
4 327.29 462.03 349.34 482.81 0.912575
4 928.35 580.92 994.70 633.71 0.909354
4 965.77 463.11 1038.49 519.14 0.908672
4 808.56 380.85 879.84 430.54 0.907058
4 989.65 530.64 1075.76 594.70 0.903497
4 824.49 408.44 901.07 459.20 0.896625
4 865.48 473.57 943.36 528.48 0.896246
4 204.68 449.58 239.70 477.60 0.893628
4 913.53 401.57 992.20 457.07 0.893016
4 885.90 498.41 970.21 558.29 0.888821
4 979.86 494.43 1067.12 558.45 0.858285
4 1081.45 638.37 1134.22 695.71 0.857657
4 908.53 535.13 991.36 597.45 0.855401
4 602.60 407.90 640.04 462.85 0.851301
4 655.01 200.94 687.89 252.44 0.835032
4 608.05 124.25 618.26 136.78 0.833884
4 549.67 40.90 580.42 70.44 0.829416
4 737.30 245.40 750.91 257.73 0.827348
4 1345.06 622.07 1395.81 667.72 0.826590
2 771.20 293.24 1136.22 752.40 0.826440
6 975.66 628.38 1132.93 753.51 0.788762
4 660.13 527.72 701.53 559.33 0.778393
4 485.05 2.16 581.56 74.47 0.759990
4 572.03 510.83 609.94 551.21 0.747943
4 352.78 521.23 395.16 554.00 0.707358
4 624.77 467.14 692.31 542.39 0.702204
4 706.15 356.47 722.01 369.72 0.673357
4 890.25 631.72 908.74 654.37 0.672119
4 1141.39 643.67 1199.31 712.38 0.668522
4 526.09 14.22 548.48 34.20 0.666279
4 322.90 520.59 396.21 581.40 0.655207
6 1142.87 513.64 1398.69 781.60 0.634426
4 236.04 411.21 253.30 433.54 0.599182
4 420.95 253.94 463.22 288.38 0.594468
6 123.88 647.15 354.37 787.15 0.582747
4 368.81 559.19 384.68 581.88 0.574731
4 369.78 450.62 383.98 464.38 0.570121
4 327.45 450.12 384.11 483.47 0.545699
4 932.50 730.01 962.39 761.32 0.543793
4 1205.58 517.98 1280.17 588.19 0.523670
4 296.03 611.87 308.79 631.69 0.522243
4 338.32 423.29 350.14 435.44 0.516636
4 964.31 581.18 994.59 613.95 0.512816
1 678.07 761.83 694.16 785.35 0.491271
4 1039.81 686.18 1075.65 718.37 0.486214
4 1153.80 602.64 1202.55 644.23 0.478921
4 302.15 414.45 317.30 429.79 0.478309
6 1302.25 450.86 1399.23 549.63 0.466468
1 468.61 740.06 480.95 755.05 0.412007
1 104.40 39.43 148.53 63.35 0.171152
10 1014.36 700.86 1046.14 731.92 0.157652
10 1286.74 584.07 1319.13 625.77 0.156828
