4 25.95 92.07 53.14 118.21 0.996454
4 634.45 0.34 655.20 25.88 0.994105
4 86.53 159.64 116.98 189.52 0.993635
4 623.11 214.67 645.51 249.25 0.991671
4 718.76 22.90 735.91 39.85 0.991203
4 701.80 91.69 722.30 133.07 0.990540
4 819.59 21.00 837.00 37.45 0.988526
4 827.74 130.09 838.29 169.05 0.987077
4 582.05 85.60 608.65 121.09 0.985578
3 111.42 342.07 150.03 392.02 0.973401
4 660.66 0.00 679.93 10.41 0.961870
4 1273.63 0.33 1289.87 21.60 0.949016
4 48.21 117.54 72.30 140.66 0.930619
4 160.58 684.80 238.93 742.48 0.928384
4 1289.33 330.78 1321.48 359.20 0.852384
4 346.09 239.09 407.23 283.61 0.852000
6 297.74 386.17 393.55 489.32 0.842703
4 171.15 372.81 207.20 410.59 0.839220
4 1337.37 377.10 1389.10 415.82 0.824941
4 1279.82 361.03 1312.29 391.36 0.816912
6 286.06 226.01 399.34 345.93 0.780280
