4 958.38 450.74 983.28 488.82 0.999751
4 906.36 357.10 930.79 390.88 0.998281
4 1208.87 696.88 1249.86 759.88 0.996592
4 1028.15 296.61 1052.12 326.96 0.994294
4 1038.88 324.87 1065.98 364.56 0.992254
4 1178.57 708.12 1212.57 758.62 0.991982
4 962.71 140.17 989.70 183.29 0.991798
5 1124.68 566.12 1196.91 687.98 0.991500
4 1098.39 513.47 1131.11 561.71 0.990511
4 1012.45 270.00 1037.11 293.33 0.981592
4 1062.34 401.02 1094.97 445.82 0.977864
4 1205.31 626.47 1269.18 716.24 0.967690
4 868.10 143.24 889.87 176.73 0.962106
1 212.15 709.94 235.27 740.50 0.952945
6 789.40 325.76 814.49 379.39 0.948161
4 810.87 301.88 819.87 313.88 0.946848
1 1087.23 473.03 1111.83 506.27 0.934799
4 1141.79 190.85 1167.42 215.57 0.927330
4 789.76 325.66 807.93 347.07 0.894706
4 1295.07 737.75 1359.71 787.50 0.894588
3 1073.42 476.07 1111.17 555.47 0.884249
5 1009.05 251.52 1038.57 311.08 0.881508
4 846.34 42.12 855.27 53.92 0.862115
4 944.15 112.21 956.03 125.43 0.800560
4 1109.93 223.38 1131.47 245.85 0.796904
2 867.37 62.52 875.90 76.83 0.789277
4 1150.43 94.38 1169.85 121.75 0.781651
4 1010.28 280.88 1029.33 309.88 0.776448
4 827.82 373.86 836.64 388.00 0.769657
4 1008.58 251.69 1066.82 366.33 0.756937
3 895.48 507.54 920.17 567.72 0.740772
2 1082.76 453.39 1112.22 504.87 0.738484
4 1233.41 673.93 1268.34 715.32 0.735342
6 865.81 0.00 893.60 26.97 0.724012
4 867.97 162.97 888.65 177.06 0.719734
4 1163.51 226.84 1188.14 256.39 0.717827
4 1187.41 206.11 1204.26 223.35 0.717585
4 1247.46 713.08 1291.64 750.97 0.703724
4 1110.84 223.34 1122.05 237.48 0.689804
1 1043.61 487.53 1058.91 516.39 0.679173
4 1071.49 426.31 1094.62 445.42 0.676960
4 1133.51 308.69 1156.28 329.17 0.676922
4 843.99 0.00 856.39 7.28 0.676918
6 1106.47 14.64 1164.44 80.92 0.659084
4 1093.14 761.69 1132.89 787.62 0.655827
4 1182.37 250.36 1195.72 262.64 0.649795
6 1123.10 566.06 1252.22 761.01 0.647199
4 1193.97 768.37 1238.40 787.58 0.640839
4 1157.63 654.37 1195.01 689.98 0.631674
3 1284.91 587.04 1332.87 658.91 0.617026
2 164.37 702.15 266.29 754.72 0.605886
1 188.50 712.61 206.69 736.29 0.594480
2 1225.60 551.14 1237.66 577.65 0.555966
4 1240.07 323.96 1265.19 340.06 0.543161
3 1089.90 483.98 1109.02 506.40 0.540613
2 905.87 356.89 930.79 391.12 0.534692
4 225.73 710.31 265.35 753.69 0.532272
1 1229.09 651.48 1241.40 676.04 0.531186
6 1038.53 399.96 1094.99 446.58 0.526945
4 1040.22 438.70 1050.50 449.29 0.522176
4 907.24 626.85 916.43 639.82 0.516962
4 1219.59 411.43 1240.92 429.54 0.510335
1 177.94 705.58 253.96 742.97 0.498419
1 1082.99 453.51 1095.14 474.78 0.495212
1 1102.00 473.48 1112.10 498.17 0.480909
1 209.84 720.84 220.80 738.73 0.479564
4 1380.82 461.40 1399.76 498.99 0.478671
2 227.77 709.76 253.58 742.57 0.435530
4 1300.89 510.30 1314.36 532.01 0.427800
7 1088.63 512.45 1138.86 590.21 0.422003
1 178.58 705.72 190.38 727.34 0.378323
2 229.67 722.85 245.09 742.46 0.376206
2 207.87 713.62 223.83 738.83 0.363590
4 1223.14 730.72 1249.53 760.18 0.359453
2 1309.10 766.75 1324.29 787.41 0.350236
