4 571.18 457.55 740.18 689.75 0.998877
4 881.84 99.43 1068.09 202.83 0.996539
1 834.43 377.57 848.81 402.61 0.992916
4 777.04 412.67 965.34 646.28 0.987196
4 503.70 445.50 541.78 485.95 0.982517
5 1004.11 267.29 1214.52 442.76 0.955939
1 816.95 65.63 830.81 85.64 0.953642
1 344.78 744.67 381.76 786.86 0.952115
5 884.71 370.01 1117.69 636.65 0.945716
1 361.24 160.37 378.36 192.03 0.938246
4 1325.35 225.47 1399.64 338.15 0.912275
4 586.55 426.40 629.24 458.68 0.909565
4 264.86 674.69 332.99 743.78 0.892645
1 61.44 448.47 230.74 562.72 0.866503
3 361.05 167.60 381.94 192.33 0.861218
1 62.61 517.02 91.55 562.55 0.857454
5 1141.29 293.16 1368.71 480.69 0.850120
4 977.15 152.34 1026.62 179.67 0.835951
4 689.73 634.02 739.40 689.61 0.788036
7 355.21 517.13 426.22 641.92 0.784920
4 189.83 142.97 229.42 171.92 0.779721
1 102.96 486.32 138.69 536.94 0.760614
4 955.34 162.27 981.57 188.70 0.753745
5 720.76 435.09 898.24 693.70 0.752800
5 565.67 452.81 853.04 786.93 0.730578
6 1074.43 25.91 1171.07 102.57 0.708010
3 671.21 402.06 714.77 435.76 0.706018
3 754.34 379.71 798.10 413.34 0.690532
4 913.39 161.79 980.16 194.15 0.672435
6 1143.32 229.42 1350.11 388.99 0.669611
1 390.99 593.47 410.56 627.42 0.658427
4 752.75 22.87 798.16 50.20 0.655566
6 981.95 2.87 1171.77 105.13 0.651486
4 1.44 753.17 212.93 787.50 0.649685
4 526.56 493.21 547.82 544.06 0.648649
4 593.96 437.32 616.37 457.84 0.635531
6 880.18 20.80 1172.91 202.28 0.608205
2 660.08 296.22 740.51 435.08 0.593357
6 1317.27 225.05 1399.62 382.76 0.578173
1 348.07 146.32 380.40 192.34 0.567730
5 0.30 96.23 213.49 486.94 0.563209
4 323.67 4.91 351.76 45.84 0.552257
2 354.56 567.59 411.90 644.74 0.548783
1 355.19 572.78 387.87 624.41 0.543293
1 809.10 413.87 820.94 429.55 0.539048
4 1166.11 399.39 1235.99 450.52 0.537111
4 337.34 379.28 363.04 403.70 0.532192
4 1313.95 424.75 1374.09 478.48 0.528534
2 973.15 320.54 1018.61 353.23 0.525211
1 199.69 452.94 228.61 495.19 0.516876
2 896.29 342.88 943.54 373.64 0.512202
2 954.79 163.38 968.80 188.73 0.509489
4 1028.24 583.67 1085.49 637.78 0.504337
4 189.56 143.48 206.84 160.99 0.494266
6 1002.07 266.01 1236.58 481.73 0.484087
4 1056.53 588.08 1079.67 610.54 0.478118
4 0.26 675.58 40.92 727.09 0.477970
1 1184.66 71.78 1200.59 98.58 0.469406
6 1140.36 291.31 1398.82 536.13 0.466526
1 140.31 471.53 175.87 516.28 0.442122
6 775.77 368.74 1117.73 649.39 0.440099
1 362.54 622.51 377.86 643.10 0.435660
2 376.60 597.39 399.96 628.91 0.417568
2 155.26 453.87 195.68 512.85 0.396778
4 255.42 94.79 293.64 120.05 0.388880
7 0.89 486.81 48.72 540.24 0.382553
9 431.41 592.16 604.40 786.91 0.374686
1 176.73 451.79 214.45 501.49 0.357084
2 100.63 449.50 228.96 539.76 0.356841
9 719.27 434.43 982.80 786.82 0.315429
6 0.25 94.53 219.23 540.80 0.260810
9 898.19 369.41 1257.12 697.08 0.185483
6 0.28 97.67 121.95 312.15 0.178144
9 510.10 452.09 854.28 787.16 0.154958
