4 820.20 149.71 873.78 214.26 0.984796
3 909.73 28.80 957.88 101.81 0.983204
4 559.49 807.50 569.65 822.13 0.950376
1 597.33 808.22 609.59 836.80 0.934968
4 221.30 737.40 295.47 781.91 0.887154
3 753.35 754.93 768.08 778.09 0.869635
4 819.55 0.72 937.81 214.94 0.825730
1 752.03 742.47 766.96 777.21 0.785769
3 374.44 956.75 407.12 988.32 0.756805
1 407.72 1023.71 420.94 1049.22 0.746204
4 477.98 823.15 533.84 864.96 0.733017
3 427.92 956.66 450.26 986.47 0.718028
4 494.61 406.10 558.04 447.28 0.713003
4 477.86 830.28 504.09 861.34 0.711585
4 878.95 1024.52 1010.18 1049.62 0.700382
4 520.06 531.31 582.37 551.57 0.691819
4 465.89 957.08 502.72 977.61 0.675526
4 240.60 982.27 282.38 1004.24 0.668992
4 209.00 1030.48 229.88 1049.51 0.649338
4 454.01 798.84 476.30 818.61 0.625215
4 217.36 967.74 318.48 1007.71 0.610331
4 500.45 848.57 518.67 864.33 0.605209
4 416.01 714.46 446.91 742.07 0.597498
4 552.74 534.91 582.36 550.83 0.594576
4 304.79 1022.72 355.99 1048.49 0.588503
3 732.67 743.55 781.17 793.21 0.577424
4 217.53 994.66 236.19 1007.77 0.571359
2 808.87 209.26 1002.86 460.74 0.569697
4 476.98 845.88 495.27 863.24 0.565806
4 431.18 896.92 457.70 930.85 0.559645
4 444.04 939.82 458.90 954.49 0.557585
4 487.51 962.74 500.81 977.13 0.553105
5 880.03 1025.22 970.63 1048.89 0.548514
4 336.03 1023.20 349.11 1037.22 0.542247
2 752.04 741.12 809.02 786.12 0.539900
4 964.77 1031.94 1010.57 1049.55 0.534883
4 168.66 984.01 235.87 1009.60 0.529244
4 260.39 1025.14 288.07 1048.08 0.522435
4 151.78 1029.26 230.14 1049.59 0.522363
4 401.75 940.01 414.76 957.60 0.519397
3 597.85 823.43 609.95 837.94 0.504893
2 346.06 1034.61 363.82 1050.04 0.491977
7 373.11 898.71 460.99 990.46 0.480261
4 1140.31 1023.77 1221.48 1049.57 0.479333
6 1247.33 812.59 1398.83 882.20 0.475318
7 374.01 953.78 427.48 989.60 0.475248
2 373.62 936.72 460.20 990.57 0.464284
4 1085.57 1028.26 1130.04 1049.45 0.455671
1 545.58 470.33 561.53 493.76 0.436995
2 428.31 939.21 459.68 985.00 0.426474
2 428.46 955.70 443.56 985.47 0.405816
4 993.19 1032.51 1010.45 1049.06 0.395227
1 394.72 989.32 406.16 1007.32 0.393894
2 410.13 942.77 419.98 958.51 0.372621
10 957.01 27.45 1021.08 231.97 0.329149
6 0.83 0.34 462.33 234.38 0.125997
