4 883.67 439.76 902.36 456.60 0.995849
5 748.23 271.10 778.66 302.28 0.993652
4 982.03 550.81 1025.17 606.89 0.990631
4 620.67 380.70 641.25 394.62 0.989990
4 349.89 520.08 376.57 535.98 0.988829
4 597.71 430.34 620.79 447.93 0.986659
4 822.14 329.99 836.16 339.26 0.985860
5 1161.96 285.38 1211.74 307.17 0.983369
4 1065.45 513.12 1093.22 527.85 0.982188
4 381.32 383.32 400.25 396.59 0.981016
4 431.58 503.51 455.70 520.34 0.976748
5 911.31 648.28 969.46 717.46 0.976544
4 754.25 317.00 768.79 328.13 0.975868
4 1078.92 368.15 1099.13 379.55 0.974898
4 661.85 387.05 682.48 400.00 0.972976
4 744.70 602.67 771.31 619.46 0.972500
4 335.60 477.30 350.23 491.36 0.969167
5 371.82 591.55 443.53 625.45 0.968837
4 713.80 608.37 740.06 625.82 0.968738
4 1179.60 350.64 1200.94 360.62 0.964773
4 572.89 522.56 589.68 540.20 0.963574
4 947.77 592.33 994.66 643.59 0.962739
4 709.82 340.16 730.01 351.83 0.962208
4 470.16 506.99 496.01 526.10 0.961744
4 1110.23 343.10 1131.40 353.57 0.960558
4 685.51 223.54 695.30 233.48 0.959036
4 882.85 751.93 913.94 773.39 0.957752
4 1210.71 328.42 1228.81 338.52 0.956429
4 681.98 617.59 706.20 631.15 0.954695
4 952.08 401.92 971.69 413.92 0.952836
4 544.80 210.74 555.13 221.14 0.951674
4 956.13 354.45 979.19 364.68 0.949300
4 1156.53 339.75 1176.66 350.27 0.949022
5 476.88 312.99 508.89 341.46 0.948767
4 1013.47 336.23 1033.54 346.11 0.948423
4 581.91 190.02 594.38 206.01 0.948009
4 302.80 511.85 327.69 527.87 0.947573
4 917.10 409.21 939.72 420.65 0.946472
4 462.01 420.63 484.20 434.27 0.945063
4 567.81 443.64 583.74 455.22 0.944158
4 493.86 477.47 515.73 496.74 0.939448
9 590.11 228.57 628.47 277.05 0.937959
4 960.67 307.56 980.39 316.83 0.932396
4 664.04 203.39 673.77 213.83 0.930250
4 830.50 598.65 913.98 654.77 0.927277
6 282.84 529.18 447.81 605.96 0.927085
4 1016.80 348.04 1036.67 358.32 0.923359
4 606.64 537.10 643.30 563.72 0.921557
4 719.90 367.25 734.63 376.57 0.921402
4 1050.48 407.45 1067.23 417.65 0.920789
4 506.00 499.18 567.42 534.98 0.918354
4 975.15 626.83 1019.53 672.08 0.916652
4 1145.56 441.97 1175.73 468.49 0.916530
4 281.96 504.63 298.84 519.92 0.915730
4 359.78 365.27 375.40 379.53 0.913980
4 658.80 412.29 678.84 424.89 0.911617
4 1168.46 314.09 1192.33 327.75 0.909597
4 688.69 250.00 699.81 259.43 0.908081
6 483.52 339.29 562.05 393.94 0.905595
4 302.19 611.59 356.10 643.12 0.904429
4 497.88 403.44 516.70 415.87 0.902642
4 362.55 576.77 384.77 599.03 0.900965
4 689.97 371.90 725.94 392.44 0.898845
4 606.66 527.57 630.41 541.11 0.895000
4 708.41 244.65 721.60 255.38 0.891065
4 303.76 384.99 328.79 400.16 0.884073
4 652.60 151.76 661.52 162.24 0.882753
5 861.14 371.12 901.22 417.80 0.882465
4 856.72 721.25 889.80 742.89 0.881332
4 574.64 206.41 588.83 225.18 0.880139
4 742.15 256.90 760.82 268.49 0.877874
4 651.80 213.66 661.89 224.20 0.877851
4 735.94 390.02 757.25 402.98 0.877103
4 643.90 139.12 652.75 150.83 0.875868
4 962.73 480.08 980.24 494.87 0.873990
4 443.10 353.50 460.06 364.25 0.871930
4 556.66 248.66 579.98 268.61 0.870068
5 820.24 587.55 912.86 655.24 0.867210
5 560.32 231.16 591.38 250.00 0.866414
4 622.91 141.76 632.51 152.90 0.866049
4 1081.20 330.38 1103.69 341.12 0.863868
4 635.42 177.92 644.84 188.78 0.857493
4 311.41 491.91 323.13 504.42 0.854693
4 430.27 565.68 447.54 579.42 0.853913
1 520.51 354.76 532.83 378.50 0.853652
4 232.11 611.46 247.59 629.22 0.852088
4 411.02 367.67 431.25 380.95 0.849916
4 613.03 121.72 623.79 136.73 0.848329
4 625.88 157.51 636.49 168.12 0.844441
4 617.62 101.29 627.61 112.86 0.843514
4 702.21 250.95 713.15 260.02 0.839413
6 655.72 236.97 681.56 279.77 0.838806
4 639.42 199.13 648.98 208.43 0.837472
4 170.10 626.63 185.40 644.80 0.837163
4 646.55 190.81 657.08 201.07 0.835458
4 521.36 579.88 547.24 599.59 0.834376
4 984.67 323.93 1018.19 336.30 0.832528
4 525.59 489.96 542.50 501.04 0.831887
4 617.87 157.97 628.45 169.66 0.829672
4 598.66 137.86 609.64 148.70 0.826836
4 581.79 222.45 592.31 232.09 0.823879
6 291.99 401.01 357.48 454.97 0.819636
4 1077.00 390.83 1118.27 413.88 0.817440
6 526.76 157.95 559.89 205.35 0.809986
4 478.54 556.62 510.01 581.60 0.808688
4 153.90 632.76 170.99 655.18 0.807061
4 638.59 106.58 650.63 120.39 0.807003
4 462.69 338.87 478.52 351.87 0.797039
4 610.43 353.51 621.67 361.51 0.797025
4 332.92 366.43 344.03 375.68 0.795672
4 622.23 124.39 633.67 136.11 0.795543
4 578.14 118.08 592.03 130.15 0.792678
4 532.00 247.00 545.07 259.90 0.790914
4 511.94 490.10 542.40 511.45 0.789813
4 632.38 190.26 641.86 199.31 0.789030
4 745.23 354.69 760.17 368.86 0.785837
4 242.43 519.51 268.25 536.39 0.784717
4 605.87 506.80 628.25 526.34 0.783893
4 121.59 647.45 137.13 666.89 0.781903
4 643.92 169.87 656.03 181.06 0.781663
4 218.22 617.91 231.74 634.68 0.781361
5 986.70 651.38 1024.25 691.83 0.780414
4 530.67 189.64 543.75 203.78 0.778479
4 725.11 300.26 739.21 314.98 0.777699
4 481.40 578.12 507.18 592.90 0.776056
4 586.41 368.09 605.30 379.18 0.775748
4 643.56 204.38 654.95 215.25 0.773589
4 524.30 138.23 537.63 157.17 0.771945
4 1280.39 325.18 1299.88 337.83 0.770625
4 599.46 100.36 612.33 111.24 0.768224
4 381.53 319.37 394.77 333.90 0.758413
4 920.84 425.36 939.80 435.37 0.756943
4 1156.31 504.94 1176.08 516.93 0.754238
4 924.84 347.12 944.43 358.49 0.747921
4 709.04 411.82 728.28 423.83 0.746477
6 656.44 237.79 673.58 261.88 0.743016
5 1009.66 659.84 1047.22 700.54 0.741738
4 386.51 463.22 410.77 477.96 0.739576
4 1020.64 284.49 1035.37 294.96 0.737380
6 1126.91 365.87 1237.54 409.10 0.736726
4 989.97 285.68 1015.47 297.15 0.734205
4 1071.89 73.83 1091.20 89.71 0.732130
4 622.84 174.53 635.47 186.07 0.730088
4 647.14 577.52 672.36 592.28 0.727574
4 801.48 250.41 810.70 258.57 0.724423
4 658.95 223.74 669.44 231.08 0.720676
4 753.05 496.97 812.26 524.14 0.719432
4 650.34 325.34 670.45 336.68 0.717447
4 246.69 634.16 270.71 655.60 0.714989
5 1022.27 261.17 1064.00 274.30 0.711805
4 386.26 454.37 429.55 478.15 0.711762
5 1186.15 366.11 1237.09 387.96 0.705224
4 1352.50 369.02 1375.49 381.33 0.702509
4 535.56 166.99 551.68 181.81 0.702346
6 216.56 400.92 357.59 480.34 0.701044
6 686.74 291.91 727.51 323.74 0.700587
6 599.97 218.70 630.88 233.36 0.698212
4 1292.83 363.80 1313.10 372.54 0.695305
4 1229.37 350.63 1238.80 358.70 0.694875
6 529.65 339.60 561.86 373.27 0.693939
6 945.98 592.10 1057.41 724.99 0.691725
5 1016.89 679.00 1057.22 723.83 0.691154
4 1049.96 350.74 1074.42 359.04 0.690932
5 1271.52 466.83 1335.33 505.14 0.689873
4 1153.55 287.29 1164.92 297.11 0.689722
5 1358.06 475.10 1399.67 508.90 0.689079
4 300.77 595.18 324.11 616.43 0.676949
6 216.89 430.40 290.63 477.98 0.676030
4 866.82 366.45 887.28 376.61 0.675274
6 475.09 554.79 516.99 594.47 0.675024
6 677.18 411.45 728.14 454.66 0.674118
6 483.59 359.32 514.44 393.74 0.672373
4 623.34 412.51 646.81 425.92 0.670848
4 527.79 460.22 537.92 472.28 0.666757
4 415.42 498.67 441.00 515.91 0.664154
4 1025.28 402.86 1038.39 413.04 0.663997
4 610.49 305.10 624.48 317.74 0.663667
4 493.73 482.83 504.69 496.61 0.659881
6 983.58 472.88 1048.34 502.28 0.652112
4 893.44 270.10 919.12 278.73 0.649951
1 1179.66 443.78 1192.84 462.27 0.647683
5 745.97 734.41 790.64 769.69 0.647657
4 1203.04 439.03 1223.69 455.46 0.646530
4 88.42 656.27 103.18 677.45 0.644027
4 518.17 544.10 547.01 561.41 0.640322
4 1165.66 311.93 1176.76 321.44 0.638129
4 539.26 532.75 564.86 550.79 0.637740
4 385.92 571.05 406.86 592.76 0.636449
4 674.71 341.91 696.15 351.86 0.635842
4 755.27 286.66 777.68 302.30 0.635579
4 529.69 454.12 550.29 469.14 0.635446
6 463.21 312.69 509.04 352.86 0.634780
4 589.69 358.74 606.53 367.93 0.633389
6 677.01 397.32 840.72 456.04 0.632793
4 853.67 513.93 871.17 525.43 0.632277
4 408.41 454.84 429.35 469.80 0.630991
4 756.24 405.68 771.87 417.13 0.630368
4 858.91 586.93 908.50 611.10 0.629667
6 1292.77 256.91 1399.44 324.01 0.625694
4 789.90 386.98 801.64 396.91 0.624907
4 961.64 282.50 979.22 291.50 0.624903
4 200.31 619.14 216.75 640.35 0.624893
4 485.75 556.76 507.89 570.29 0.624800
4 859.96 271.65 875.14 280.45 0.620852
4 1219.96 296.85 1228.28 305.33 0.620232
4 672.68 332.63 702.36 350.90 0.619914
4 675.42 164.22 691.48 175.69 0.619209
4 721.78 388.47 742.62 399.41 0.618864
4 686.97 417.87 708.95 432.67 0.618702
4 908.12 271.64 919.58 278.48 0.618569
6 989.12 283.86 1035.47 297.64 0.615817
4 1011.68 403.72 1038.99 422.83 0.613759
4 699.11 390.09 730.50 404.33 0.613658
4 599.40 354.01 621.19 365.02 0.612787
4 462.02 323.36 472.34 333.11 0.612420
6 950.64 454.38 1079.55 502.65 0.612120
4 405.72 568.06 426.74 587.28 0.612048
4 513.92 532.29 564.76 561.66 0.610940
4 544.30 286.30 562.44 293.70 0.610822
4 605.27 512.83 617.88 525.92 0.610565
4 440.89 452.97 459.53 465.38 0.610075
4 864.66 450.58 875.37 466.10 0.609848
6 0.34 660.27 46.36 699.12 0.607168
4 1015.66 413.15 1038.79 425.11 0.606934
4 323.54 591.28 343.49 609.34 0.606688
4 515.53 459.89 537.83 474.99 0.605048
4 302.51 621.09 317.23 642.06 0.602323
4 1127.13 390.23 1182.39 408.48 0.601900
4 1245.79 341.08 1267.08 348.58 0.600036
6 620.36 396.46 868.64 547.30 0.599585
4 105.87 650.48 121.55 672.63 0.598925
4 287.71 549.95 317.15 567.33 0.598819
4 595.80 304.38 625.08 322.59 0.594578
4 509.50 466.81 523.99 478.08 0.593264
4 1345.07 311.76 1368.15 323.29 0.592862
4 396.16 343.05 412.67 354.38 0.592578
4 456.19 442.68 479.09 457.26 0.592241
4 466.70 442.98 479.05 452.95 0.592024
6 690.22 367.57 735.16 392.43 0.591818
4 363.92 460.99 381.69 475.33 0.591233
4 824.88 308.87 840.53 317.46 0.589307
4 438.52 531.92 447.76 550.38 0.588954
4 752.00 585.75 768.34 597.03 0.588606
4 300.58 585.52 362.27 616.68 0.588028
4 1196.69 297.10 1210.12 306.31 0.588013
4 698.51 394.94 716.32 405.33 0.582675
4 735.84 584.86 768.48 600.24 0.581823
4 884.84 305.26 905.95 314.55 0.580052
6 1096.67 559.48 1179.04 649.12 0.579859
4 308.10 357.43 321.11 370.74 0.578280
4 490.45 455.28 509.41 468.40 0.577745
4 1140.60 504.86 1176.69 523.17 0.576988
6 1009.10 659.58 1057.53 723.66 0.576932
4 1195.01 497.75 1244.12 527.04 0.576302
4 218.48 610.72 247.78 635.07 0.576249
4 88.14 646.99 137.52 677.83 0.575561
6 900.06 28.00 966.79 46.65 0.575087
4 891.91 765.25 925.45 785.50 0.573265
4 706.37 223.14 730.03 238.23 0.572962
4 395.71 206.43 409.16 218.06 0.571842
4 295.70 284.87 304.08 294.99 0.570790
2 1042.00 175.93 1071.79 205.97 0.570411
3 685.30 561.00 712.36 586.60 0.568464
4 465.15 515.35 479.56 526.99 0.568052
4 477.15 330.46 493.71 341.26 0.567350
6 1333.53 285.78 1399.07 323.51 0.561371
1 269.36 629.65 280.55 651.71 0.560570
6 112.64 588.61 152.31 626.48 0.559288
4 1016.28 529.44 1051.15 548.69 0.557500
4 388.96 678.85 407.78 691.78 0.556412
4 873.73 463.65 884.51 474.69 0.556306
6 29.25 563.48 65.70 588.64 0.556137
4 1352.25 352.88 1399.52 381.62 0.555925
6 335.18 459.92 383.00 491.91 0.555348
4 503.92 471.90 519.82 481.76 0.554623
4 1340.17 456.76 1399.27 485.78 0.553499
4 550.92 307.65 563.90 316.20 0.553279
5 1085.33 695.24 1123.09 722.25 0.552330
9 527.36 167.03 549.55 203.73 0.552245
6 114.70 555.29 209.62 624.62 0.551927
4 1147.02 344.52 1162.11 352.69 0.550392
6 247.92 430.68 289.41 460.83 0.549896
4 380.32 229.40 397.14 240.42 0.548625
4 281.57 491.37 323.50 520.32 0.548120
6 861.83 354.68 923.59 376.02 0.548092
4 408.09 129.09 424.23 140.88 0.547385
4 1295.27 425.83 1317.23 437.37 0.543785
4 37.53 489.23 52.67 502.83 0.543425
4 438.98 466.97 457.05 479.26 0.542334
6 1134.87 374.19 1188.42 394.80 0.540794
4 382.64 361.93 396.09 373.65 0.540691
3 783.41 520.56 822.20 540.50 0.540620
4 1343.71 331.51 1363.86 342.10 0.540596
4 271.04 592.23 298.39 612.13 0.540406
3 1108.22 591.62 1177.61 649.00 0.539672
4 1296.27 421.29 1338.06 437.32 0.538877
4 1131.25 463.32 1144.50 473.33 0.536825
9 592.33 228.66 628.26 247.89 0.535985
6 1021.47 250.28 1064.12 274.07 0.535721
9 622.03 122.99 641.10 139.08 0.535468
4 1332.85 296.28 1349.35 306.74 0.534613
4 1110.99 456.56 1154.34 485.36 0.533907
4 517.15 282.40 530.22 289.99 0.533884
4 321.26 380.22 341.36 392.31 0.533741
2 1300.87 285.22 1312.23 306.31 0.532167
4 381.42 455.25 391.03 467.28 0.528478
4 184.47 457.09 201.74 470.96 0.526027
4 116.67 602.58 151.61 625.50 0.523860
2 1042.18 183.18 1051.91 204.04 0.519248
4 1111.57 458.27 1130.83 474.51 0.519051
4 246.83 562.30 269.40 584.12 0.518153
9 593.19 262.79 622.25 277.84 0.517582
4 1247.52 490.48 1272.35 511.28 0.515648
4 145.60 586.90 179.78 612.97 0.509884
6 509.13 555.42 543.21 589.37 0.507931
4 103.10 743.19 155.03 763.08 0.507623
2 1264.62 430.36 1276.82 444.15 0.499821
9 590.52 247.27 626.89 263.98 0.494305
4 242.96 490.79 260.18 503.04 0.492618
4 173.67 573.31 199.98 598.94 0.482435
6 86.78 562.79 277.66 680.21 0.482029
6 1319.10 337.22 1399.48 385.72 0.476881
4 1038.05 531.43 1051.22 548.55 0.472881
6 745.17 715.83 798.69 769.92 0.467640
4 229.80 411.69 263.14 427.55 0.464453
1 1324.13 281.51 1336.16 302.44 0.464449
6 614.97 506.73 628.42 523.85 0.456824
4 789.49 743.23 799.51 756.64 0.456721
6 1098.62 451.32 1399.44 722.03 0.447319
2 530.76 565.92 547.99 596.57 0.446540
9 726.49 235.89 766.95 265.21 0.445980
1 1055.72 177.08 1070.64 204.20 0.445242
6 966.55 649.21 1023.36 692.47 0.441513
4 1149.40 622.81 1176.96 648.30 0.436659
4 1240.79 676.15 1259.94 691.62 0.412016
9 1036.66 280.37 1076.35 294.36 0.399953
1 314.08 415.40 326.24 433.12 0.395590
4 1197.51 666.18 1216.01 684.42 0.393164
4 1191.75 638.15 1205.00 657.85 0.382253
1 408.21 758.95 420.88 786.83 0.372516
9 1281.57 325.37 1363.75 340.63 0.369745
9 1220.27 277.80 1333.11 308.00 0.357001
7 1122.74 596.92 1176.75 648.31 0.353093
9 1218.86 284.84 1263.20 306.01 0.350596
9 1161.73 289.28 1184.09 303.99 0.326057
6 0.48 483.49 271.71 694.35 0.316127
