4 1302.52 393.22 1399.84 441.72 0.999180
4 562.47 569.21 682.31 619.35 0.998910
4 877.22 90.31 916.45 180.57 0.998500
4 1048.46 314.53 1149.70 383.96 0.998297
4 246.37 368.15 360.49 416.45 0.998115
4 878.24 571.29 992.64 621.39 0.997879
4 808.28 469.51 916.66 519.49 0.997648
4 179.06 563.12 298.31 611.37 0.997362
4 12.65 354.81 128.61 407.07 0.996441
4 161.53 744.46 234.14 866.88 0.996414
4 0.15 693.18 111.56 741.34 0.996324
4 90.91 752.46 163.60 875.99 0.994954
4 661.10 744.41 722.34 791.34 0.994744
4 315.99 643.66 366.29 664.23 0.993918
4 878.08 888.20 932.24 1003.05 0.993842
4 239.79 710.83 300.22 794.99 0.993379
4 1205.49 452.93 1310.63 496.17 0.993116
4 404.47 634.71 526.10 683.75 0.992562
10 394.68 797.53 501.50 907.69 0.991771
4 980.41 1012.39 1032.50 1049.62 0.984221
4 1070.98 687.78 1176.42 778.91 0.980021
4 552.86 723.09 636.41 764.53 0.979972
4 1189.65 634.96 1303.18 685.17 0.979650
3 850.12 118.39 866.79 145.69 0.978215
4 445.96 350.98 588.83 425.11 0.975696
4 524.19 449.50 629.07 493.26 0.975486
1 593.73 309.35 607.73 348.46 0.969900
4 1327.40 551.01 1399.55 593.31 0.967001
4 446.29 358.64 489.12 418.17 0.960276
3 860.65 334.76 878.85 368.36 0.959616
4 1025.45 836.64 1053.31 865.49 0.954393
4 730.82 669.18 807.77 709.86 0.946045
4 610.66 423.97 630.39 448.09 0.944679
1 849.67 103.66 866.68 143.47 0.938626
4 1069.45 247.12 1154.19 297.77 0.916950
4 1387.17 513.32 1399.78 534.55 0.905233
4 991.31 74.55 1019.70 103.61 0.863743
1 858.79 320.93 879.43 367.60 0.859393
4 1038.77 62.49 1065.40 95.39 0.854870
4 1215.94 774.38 1242.97 793.36 0.806805
1 1269.41 709.13 1292.84 744.63 0.793445
4 791.88 375.41 821.92 409.89 0.780000
1 649.70 954.31 665.19 1000.29 0.779560
2 1024.35 835.79 1054.31 878.94 0.765599
4 286.13 961.08 329.75 980.04 0.760867
5 880.67 90.41 915.11 157.97 0.757979
4 780.71 2.75 802.90 55.56 0.755350
4 186.82 474.44 340.18 539.31 0.752658
4 783.54 42.67 801.89 55.99 0.744008
1 559.90 293.14 577.56 346.67 0.720471
4 1204.78 251.99 1221.33 273.61 0.707003
4 716.76 371.53 822.09 412.70 0.704791
4 881.21 135.88 914.30 158.24 0.704378
3 754.87 900.52 807.52 956.70 0.698429
3 892.04 197.20 934.93 232.98 0.684747
6 681.92 319.34 707.53 346.60 0.683492
4 163.26 959.40 231.31 977.71 0.681715
4 1310.96 286.08 1336.51 309.34 0.680718
6 717.59 260.97 741.73 277.27 0.669340
3 909.32 210.32 928.63 232.81 0.656709
4 1093.89 263.23 1125.28 286.28 0.642154
3 511.97 887.32 549.58 922.95 0.638227
1 544.44 1000.20 593.23 1049.26 0.620154
4 220.06 963.77 268.99 979.37 0.615841
4 401.81 968.88 452.49 983.04 0.589088
2 1046.04 720.24 1068.38 742.15 0.588410
4 362.85 891.17 398.79 920.56 0.583776
2 1321.88 769.34 1352.10 792.64 0.581675
1 669.79 938.01 687.71 987.94 0.575239
3 721.68 944.19 810.23 1021.26 0.575114
1 1088.91 221.72 1107.55 246.39 0.574448
4 237.40 959.33 289.59 973.34 0.570008
2 333.21 961.88 400.32 981.77 0.568988
2 881.59 821.11 904.50 838.03 0.568009
4 376.18 962.54 400.77 975.29 0.563592
2 544.23 963.80 604.11 1049.02 0.557832
4 698.19 813.14 720.99 836.23 0.556922
2 1268.51 706.35 1353.74 793.70 0.549060
4 830.67 914.83 867.70 941.98 0.547602
4 326.57 433.13 354.93 452.86 0.543263
2 839.19 760.38 887.49 790.80 0.539583
6 1269.97 878.41 1399.26 1049.37 0.534462
4 335.13 962.21 376.38 976.84 0.534241
3 1085.07 815.86 1187.49 860.78 0.533690
2 617.90 936.00 695.73 998.05 0.528377
3 555.44 785.39 613.25 818.22 0.527784
1 619.72 940.60 640.97 985.32 0.526412
1 721.65 944.86 751.61 997.56 0.521611
1 916.19 851.32 941.31 885.08 0.521335
6 0.74 919.93 561.76 1049.77 0.514556
4 447.33 395.78 492.42 418.02 0.507019
4 847.40 914.78 866.99 934.46 0.505966
4 221.56 265.68 256.55 289.59 0.505677
4 1079.26 998.71 1114.23 1036.87 0.501930
3 671.12 954.14 695.89 988.46 0.498249
1 846.40 882.62 865.41 903.61 0.489316
2 559.23 963.70 603.91 998.66 0.487455
4 1386.17 731.90 1399.85 745.13 0.486208
4 1312.80 816.75 1351.78 829.95 0.483797
4 890.68 972.66 931.63 1002.30 0.482376
7 472.66 638.84 692.27 826.17 0.480216
6 1260.22 817.12 1397.51 883.58 0.473796
4 96.80 781.14 145.06 804.22 0.469061
1 764.43 991.49 785.02 1020.28 0.465032
2 1082.73 831.66 1096.17 854.14 0.457982
4 1319.63 721.95 1343.99 745.22 0.455773
4 1053.28 721.45 1067.40 740.37 0.447949
2 1288.84 708.28 1306.50 731.80 0.445107
2 581.68 964.34 603.88 986.78 0.441229
1 860.02 268.58 924.90 367.82 0.437633
1 657.07 1010.07 680.36 1038.51 0.436181
4 1329.52 747.98 1346.92 761.65 0.433942
1 62.04 419.83 102.07 445.04 0.433486
2 1306.22 743.34 1323.64 760.38 0.432361
4 1329.42 855.38 1364.13 872.76 0.426795
2 670.45 938.36 686.28 969.32 0.424619
1 326.19 432.91 377.27 458.33 0.416285
4 1281.64 839.86 1315.69 864.83 0.408239
1 441.19 356.46 450.63 369.01 0.383049
1 703.15 245.17 713.53 278.60 0.381265
4 1338.00 1038.43 1360.31 1049.81 0.374409
1 544.99 1033.70 569.06 1049.57 0.342805
2 78.67 1009.46 107.29 1030.85 0.334396
4 0.48 242.42 37.71 267.09 0.297559
