4 1324.77 768.26 1432.85 855.13 0.999555
4 498.65 486.09 563.85 540.96 0.999482
4 1146.05 229.59 1181.09 260.41 0.999102
4 1160.98 696.51 1211.94 792.63 0.998969
4 1419.83 331.64 1482.89 370.76 0.998707
4 473.43 558.36 566.63 623.74 0.998328
4 1407.95 69.80 1436.89 104.71 0.998257
4 1442.24 70.77 1470.11 106.97 0.998033
4 1302.29 468.62 1392.36 509.05 0.998017
4 1355.47 517.36 1433.27 565.30 0.997140
4 1206.79 211.98 1233.34 242.93 0.996606
4 970.69 346.33 1017.66 405.52 0.996112
4 618.66 580.61 698.49 639.77 0.995980
4 1346.86 64.24 1371.36 96.37 0.995398
4 1359.46 334.18 1410.44 389.10 0.994011
4 1336.77 52.27 1388.99 77.59 0.992014
5 1327.53 222.38 1469.77 310.24 0.984454
4 500.54 656.93 548.64 698.28 0.984293
1 1119.82 521.81 1131.10 556.87 0.977838
4 1336.54 52.99 1354.15 74.01 0.974606
1 1410.78 737.47 1435.58 798.90 0.947273
4 1160.94 354.59 1176.48 372.10 0.942844
3 1338.28 139.84 1367.82 167.71 0.941714
4 1324.60 563.45 1417.94 617.76 0.936616
4 776.87 383.77 815.34 431.91 0.903809
4 1111.85 386.04 1152.57 437.04 0.882650
4 1209.46 192.45 1232.04 215.78 0.868613
4 1357.17 339.87 1373.35 368.53 0.849488
4 1332.47 254.49 1451.62 289.61 0.842164
4 1318.47 197.25 1339.05 215.05 0.840376
1 1091.29 538.72 1100.57 558.41 0.839856
4 1313.71 130.93 1331.12 155.61 0.834916
1 1450.29 766.92 1476.04 802.39 0.829493
3 1315.40 161.78 1333.80 189.61 0.808179
4 1445.61 151.36 1459.17 165.81 0.777375
2 1406.55 167.55 1418.27 209.43 0.770951
4 1467.91 219.74 1490.67 248.11 0.760931
3 1316.62 161.78 1339.58 214.73 0.756732
6 750.07 385.93 1154.17 498.37 0.755144
4 1378.73 355.99 1409.77 388.45 0.748372
4 1203.02 168.52 1230.24 189.54 0.716103
4 757.92 440.13 829.92 495.83 0.713909
6 1329.65 223.86 1468.69 289.93 0.711163
4 1364.25 290.65 1386.59 308.41 0.700691
4 792.65 411.59 814.25 432.26 0.690731
4 352.68 648.03 369.49 683.58 0.690641
2 1091.24 520.79 1131.54 560.29 0.674385
4 1596.94 111.34 1651.11 143.18 0.670729
6 1483.61 211.02 1539.04 275.02 0.653647
1 1410.16 739.45 1423.60 781.31 0.636970
3 1562.94 597.13 1589.39 660.57 0.630971
6 1591.91 108.19 1842.65 161.87 0.624809
4 307.99 739.82 334.36 765.94 0.621803
4 333.56 146.72 359.40 165.94 0.615707
3 1696.95 616.96 1786.12 684.48 0.591597
1 1444.43 708.27 1465.50 731.34 0.591041
4 409.81 316.17 430.63 332.41 0.571632
4 1321.93 729.64 1415.73 785.11 0.571628
6 1598.98 107.59 1710.77 135.67 0.569279
3 641.06 762.72 692.91 806.00 0.565992
6 1324.34 517.36 1433.95 619.38 0.565606
1 994.44 603.26 1005.92 628.80 0.552295
6 1761.20 127.27 1841.88 159.70 0.544089
4 408.18 374.66 468.64 413.22 0.539174
2 1319.41 161.74 1333.65 197.57 0.533357
4 190.64 129.50 208.81 144.61 0.510619
2 1721.10 609.74 1734.85 644.59 0.503584
1 921.74 343.55 938.92 372.56 0.495969
1 1134.83 462.04 1147.04 483.40 0.488215
4 18.39 742.31 51.86 769.98 0.486151
2 1158.77 464.54 1168.27 480.49 0.476730
4 127.01 722.65 167.80 755.69 0.463138
1 1434.41 210.86 1445.52 238.05 0.446566
2 1123.95 355.78 1136.74 387.11 0.443562
2 1091.50 538.54 1100.81 558.61 0.428048
1 998.91 1050.55 1013.64 1077.52 0.425188
1 885.60 799.89 899.62 833.89 0.420631
1 1192.43 351.71 1204.51 377.56 0.417765
1 80.67 338.24 97.86 371.62 0.326498
2 84.82 716.74 115.93 750.28 0.312041
