4 1024.36 660.06 1048.93 708.97 0.999669
4 966.52 617.39 989.06 660.28 0.997966
4 995.24 529.97 1015.99 573.17 0.997837
4 280.55 275.88 317.69 303.80 0.994740
4 1110.70 495.41 1130.93 536.78 0.994565
4 343.52 278.59 382.81 302.22 0.993133
4 247.51 305.73 279.89 333.99 0.991698
5 496.38 292.60 543.23 324.91 0.990175
5 618.32 326.68 673.53 371.43 0.987596
4 349.84 251.64 392.42 278.40 0.983332
4 543.28 288.76 582.14 313.84 0.973326
4 1078.22 492.08 1104.05 528.98 0.970939
4 305.64 266.65 319.12 277.89 0.957313
4 367.46 208.85 387.37 225.52 0.950035
4 457.58 255.13 493.94 276.93 0.948910
4 408.00 246.95 445.40 266.03 0.937684
5 486.58 318.93 528.31 342.13 0.924626
4 325.20 258.58 345.82 271.30 0.905847
2 897.76 544.55 912.44 572.49 0.904524
4 559.62 340.26 596.77 364.24 0.894137
4 586.92 354.90 626.44 380.40 0.871000
6 586.02 355.00 633.32 387.56 0.851175
6 1336.58 654.08 1368.51 686.03 0.525049
