4 575.14 702.34 704.41 857.92 0.999959
4 440.14 916.85 551.69 1049.30 0.999761
4 565.67 939.85 670.74 1049.07 0.999619
1 807.51 169.89 826.78 210.14 0.999542
1 600.90 103.18 622.02 140.20 0.999441
4 741.15 385.79 834.44 520.12 0.999288
4 427.90 179.21 516.46 287.23 0.999270
3 599.77 122.56 622.62 156.84 0.999133
4 401.87 511.95 491.47 665.22 0.998991
4 52.93 123.82 178.57 195.50 0.996332
4 392.59 68.06 517.82 141.50 0.996107
4 83.23 78.41 204.53 150.00 0.995976
4 847.38 145.35 912.20 236.21 0.995600
4 168.94 18.21 277.81 74.73 0.995278
4 450.54 18.32 556.39 72.91 0.994780
4 51.89 610.65 174.89 727.20 0.994207
3 385.51 168.13 430.18 200.02 0.994035
1 858.85 700.55 890.55 751.21 0.993913
4 557.92 11.16 639.18 107.59 0.993652
4 426.60 48.42 535.95 104.27 0.992342
3 859.23 662.25 910.66 751.53 0.991462
4 477.52 0.00 577.42 37.62 0.988486
1 985.64 128.86 1007.16 174.14 0.987628
1 748.28 251.34 765.66 287.70 0.987430
3 807.67 192.43 824.62 219.41 0.983731
2 882.62 662.58 910.36 715.93 0.983658
4 215.24 0.19 321.95 47.24 0.982107
3 138.74 410.20 161.86 447.45 0.981101
4 122.63 36.09 248.69 112.92 0.969050
3 890.68 92.25 939.31 155.81 0.931828
4 847.95 193.10 884.21 233.54 0.901637
2 952.35 160.62 974.46 199.74 0.873549
3 992.24 34.65 1007.82 59.50 0.865027
1 991.48 22.51 1012.86 59.16 0.853396
5 111.27 462.41 248.79 574.10 0.844849
3 45.91 252.86 96.51 300.91 0.796648
6 20.67 609.92 175.51 728.45 0.788200
1 316.52 521.27 330.81 539.70 0.776067
3 985.01 159.17 998.43 176.30 0.750242
4 6.43 523.39 98.81 565.46 0.743736
4 1147.00 144.71 1229.43 236.53 0.731679
3 623.15 45.83 639.12 71.02 0.725158
1 859.33 700.43 877.50 729.66 0.720074
3 832.53 412.25 864.33 478.47 0.719352
1 184.66 605.71 225.00 646.31 0.712678
3 748.37 266.73 763.24 291.92 0.709853
3 996.13 193.00 1026.53 239.73 0.707552
3 868.16 721.08 890.27 751.40 0.705814
4 1167.39 144.95 1228.47 186.96 0.692246
3 865.52 242.97 926.41 290.00 0.673988
4 105.89 429.93 131.92 448.14 0.653141
4 0.03 65.37 13.80 91.93 0.642048
1 281.18 509.75 296.23 529.50 0.639046
1 24.61 61.73 40.10 88.92 0.633193
3 904.41 120.26 938.28 154.64 0.631398
4 567.78 0.14 590.36 13.69 0.621759
4 31.26 548.85 82.76 585.13 0.604790
4 450.64 20.85 480.32 50.14 0.583364
2 891.14 91.75 903.07 112.56 0.564638
1 278.41 593.72 295.94 614.37 0.552665
1 890.53 92.00 905.60 122.95 0.549802
1 1273.21 532.29 1299.86 572.67 0.545018
1 991.91 972.55 1013.09 1002.14 0.537443
2 919.41 122.04 937.29 143.45 0.535340
2 858.76 700.25 890.39 751.24 0.533682
2 1222.73 48.77 1250.49 84.37 0.527776
4 292.97 0.00 335.72 13.42 0.514039
4 49.80 61.14 65.55 77.36 0.501448
1 930.95 13.84 943.26 33.46 0.486748
4 184.52 754.91 204.20 771.08 0.485042
4 185.81 606.33 212.31 628.31 0.480468
4 494.33 0.00 590.44 12.45 0.471616
4 0.32 563.01 40.74 604.87 0.470181
2 1007.67 0.00 1032.73 11.88 0.466864
6 948.78 132.53 1052.04 291.86 0.466493
7 32.76 581.93 70.60 612.89 0.453205
1 994.49 203.35 1011.08 238.85 0.437603
3 185.26 608.52 224.95 646.17 0.436502
2 747.33 168.51 827.51 291.78 0.430805
3 232.67 586.09 262.73 629.01 0.418128
4 58.39 36.89 81.81 59.43 0.410222
7 833.28 239.93 907.02 475.65 0.409691
3 20.69 69.32 43.40 94.48 0.397702
10 748.69 251.73 765.50 278.68 0.395360
3 203.51 619.14 225.03 645.86 0.393882
4 2.09 537.23 45.51 566.87 0.377481
4 121.61 0.00 144.14 13.49 0.375600
3 138.34 361.34 214.77 447.82 0.371449
3 106.56 408.55 161.95 449.04 0.354619
2 280.44 508.97 331.69 541.16 0.349335
4 57.37 12.77 98.96 58.39 0.343710
4 214.01 0.93 266.17 26.98 0.339516
3 74.05 210.86 145.65 240.47 0.297122
3 78.56 254.38 124.05 292.91 0.292430
3 0.27 167.69 46.49 214.41 0.279207
10 232.42 667.33 248.78 684.09 0.272085
3 2.13 168.53 145.14 245.19 0.250620
3 45.21 211.83 145.11 300.97 0.235432
