4 564.12 755.14 663.48 827.12 0.999202
4 489.76 692.35 577.65 748.21 0.998048
4 619.45 577.06 695.25 615.76 0.994680
4 1215.35 730.00 1354.10 801.16 0.987668
4 76.77 495.63 105.68 520.89 0.986525
4 884.84 998.21 1012.95 1049.42 0.969635
4 123.27 605.51 172.61 649.03 0.950881
4 0.61 682.70 72.06 762.30 0.950189
4 477.01 621.18 544.70 667.64 0.947537
6 491.31 514.84 558.05 549.68 0.943887
5 709.76 449.51 766.45 497.99 0.934473
4 185.30 450.59 215.81 472.70 0.927167
4 297.63 943.92 407.45 1040.09 0.922419
4 281.91 533.34 327.79 562.25 0.917953
4 536.47 598.30 619.12 639.05 0.912837
4 115.49 568.27 163.76 608.00 0.906082
4 348.55 554.31 396.01 584.29 0.862365
4 581.51 597.90 619.87 628.90 0.849902
4 447.85 550.84 483.05 580.14 0.840321
4 443.22 445.52 459.88 465.45 0.816642
4 528.24 540.31 572.71 571.26 0.790302
4 159.70 689.05 217.47 738.89 0.788328
4 478.46 373.92 519.07 396.82 0.786287
4 97.43 547.53 135.79 583.36 0.783745
4 480.68 546.99 530.56 577.69 0.765495
4 403.17 551.83 449.56 584.73 0.756766
4 249.66 490.20 292.50 525.54 0.753088
4 477.06 597.91 619.04 667.78 0.745083
4 299.78 546.71 350.55 578.21 0.719836
6 375.81 393.64 433.84 441.21 0.707494
4 963.48 465.29 995.61 490.85 0.681898
4 847.54 530.96 878.96 554.71 0.681276
4 888.37 468.83 933.06 495.99 0.680771
4 709.14 471.57 757.54 498.23 0.628143
4 536.98 609.61 562.14 637.33 0.627286
4 91.91 530.17 130.96 563.88 0.616137
4 699.96 484.56 716.01 498.83 0.609617
4 828.47 515.67 845.84 531.06 0.607507
4 902.59 458.48 934.23 476.27 0.607415
6 374.45 373.25 521.50 444.09 0.605609
4 935.00 460.67 961.95 478.47 0.591893
4 71.07 469.94 100.49 491.26 0.590059
4 1020.99 625.18 1171.68 708.30 0.588721
2 740.93 501.17 783.02 541.14 0.573808
6 703.96 564.20 752.37 604.45 0.569221
4 0.34 657.43 70.21 708.27 0.568308
4 353.08 437.52 362.90 447.90 0.547445
6 904.77 645.07 1029.58 758.81 0.545996
6 900.51 428.65 937.82 471.55 0.542208
4 299.69 557.74 329.38 577.42 0.540394
4 1130.90 697.35 1226.42 777.20 0.519449
6 727.42 566.92 752.04 595.26 0.512197
4 1225.41 663.91 1295.19 710.42 0.507168
2 770.33 511.77 782.49 530.48 0.487118
1 746.62 548.00 758.30 567.15 0.484810
4 1304.39 751.51 1353.93 788.90 0.479659
4 124.89 604.61 164.39 624.58 0.467321
1 822.60 566.25 841.25 603.78 0.457783
4 91.59 529.97 109.05 558.61 0.454049
1 741.14 515.14 752.97 540.32 0.440922
2 755.95 503.05 771.19 535.40 0.440830
4 0.13 446.05 25.87 508.63 0.409449
1 884.23 466.53 895.66 486.94 0.396789
4 90.70 528.63 173.90 649.78 0.346293
