4 534.67 809.24 636.50 978.44 0.999687
4 789.14 587.95 863.43 729.79 0.999511
4 883.03 446.09 956.85 550.33 0.999457
4 982.18 402.00 1046.15 487.22 0.999452
4 1026.13 582.40 1113.96 714.86 0.999317
4 665.52 379.97 730.71 459.59 0.999313
4 580.42 539.92 674.40 665.60 0.999289
4 1329.76 854.32 1399.23 1034.18 0.998330
4 980.82 295.61 1037.79 353.75 0.998248
4 689.87 458.65 777.99 567.92 0.996267
4 984.68 245.19 1026.16 287.06 0.996093
4 496.69 1001.45 588.24 1049.19 0.993629
4 767.02 86.69 800.51 128.34 0.992257
1 1089.30 264.43 1108.01 297.28 0.991934
4 757.50 133.38 798.75 176.65 0.988700
4 736.00 174.24 782.24 221.63 0.987482
4 980.70 109.46 1038.27 192.39 0.966295
4 704.99 222.28 769.99 315.28 0.962827
4 768.81 57.37 809.94 97.40 0.959314
4 952.90 184.91 1027.58 227.96 0.956987
4 787.52 34.25 829.78 65.02 0.955362
4 787.88 0.65 827.42 32.79 0.945357
4 949.81 106.46 993.44 145.75 0.912665
1 599.35 527.46 611.09 550.05 0.905616
4 1023.22 51.37 1055.36 94.20 0.892810
4 717.90 197.25 740.03 229.84 0.866949
4 950.01 51.03 1006.80 90.42 0.849086
4 949.17 86.69 1011.09 123.22 0.844281
4 933.31 13.87 996.36 45.64 0.823243
4 719.95 197.58 772.45 234.28 0.806011
4 933.96 24.55 997.65 67.34 0.776281
4 936.50 0.03 992.08 20.65 0.766871
4 716.02 221.23 768.78 262.13 0.720252
3 614.02 366.08 631.70 424.05 0.713948
4 511.83 377.09 553.34 420.86 0.689572
2 789.04 587.92 863.42 729.92 0.679783
2 534.67 809.29 636.43 978.56 0.675949
4 994.59 225.58 1028.02 249.11 0.666956
2 883.19 446.04 956.90 550.16 0.591081
1 983.76 109.90 997.98 144.15 0.514908
6 1112.87 439.82 1174.29 508.09 0.501655
4 449.40 114.29 514.99 185.93 0.469681
2 496.49 1001.37 588.58 1049.16 0.451886
6 701.66 0.08 834.33 315.54 0.420893
1 586.35 526.31 612.53 553.35 0.417562
1 150.97 169.71 178.46 222.23 0.396678
1 151.28 169.97 167.51 200.81 0.379590
4 100.36 222.16 164.31 268.10 0.348155
2 218.86 149.03 241.69 178.95 0.336414
1 180.02 199.19 201.39 226.36 0.322223
