3 1252.33 598.82 1271.31 629.50 0.999873
4 793.40 296.25 824.30 333.94 0.999728
4 774.85 374.70 815.78 430.31 0.999680
4 597.28 743.88 672.28 859.43 0.999673
4 740.03 616.83 809.69 716.04 0.999638
4 624.43 619.77 685.06 712.63 0.999590
4 747.24 492.03 797.99 563.26 0.999566
4 907.54 97.19 942.06 160.41 0.999512
4 675.52 874.74 762.77 1028.93 0.999136
4 711.20 313.10 756.49 386.08 0.999025
4 744.87 297.87 774.35 338.98 0.998474
2 1228.42 748.67 1256.52 788.01 0.997897
4 889.90 42.91 904.60 58.54 0.997877
4 1278.48 195.46 1304.45 221.15 0.996938
1 1330.35 644.38 1350.89 691.42 0.996735
4 669.71 453.45 712.23 523.16 0.996190
1 1353.24 653.06 1377.01 700.33 0.995875
3 1193.05 559.86 1215.10 589.30 0.995753
1 1251.51 579.84 1273.89 625.61 0.995375
4 1092.99 345.93 1141.37 376.46 0.994697
1 1192.50 546.20 1215.98 589.01 0.988100
1 1390.21 656.52 1415.99 700.27 0.985943
4 873.27 46.49 883.23 62.33 0.977751
4 1313.77 287.87 1374.29 321.42 0.968622
4 1227.65 121.84 1259.03 143.19 0.968110
4 883.64 15.01 894.88 25.66 0.968104
4 1382.04 210.38 1415.27 235.35 0.967578
4 1326.66 241.69 1389.76 266.17 0.966023
1 1228.31 729.52 1246.12 761.94 0.962719
4 930.69 163.84 947.61 184.45 0.961283
4 1428.66 269.39 1467.37 308.66 0.957910
2 821.58 566.41 844.45 595.00 0.956513
4 1142.62 97.85 1184.55 115.77 0.954996
4 840.86 244.34 852.88 261.06 0.951170
4 466.39 750.57 553.14 810.87 0.950132
4 1317.38 192.77 1342.90 213.87 0.946023
4 1252.26 130.07 1277.43 148.58 0.945890
4 754.95 264.48 779.16 285.92 0.943943
3 1355.12 673.47 1376.04 700.70 0.935545
1 1423.64 676.24 1441.52 720.70 0.924708
4 1349.78 261.76 1379.19 294.44 0.924120
4 1088.00 27.75 1109.95 46.93 0.923172
4 1316.80 192.66 1357.00 234.35 0.890069
4 1422.62 437.80 1455.15 465.99 0.888103
4 872.46 66.68 880.92 79.60 0.883247
4 1197.85 106.96 1216.54 127.43 0.879540
4 1295.74 254.13 1374.11 297.62 0.878255
4 1112.80 41.24 1141.74 60.61 0.872768
4 811.03 262.19 826.68 287.82 0.870352
4 1103.66 45.05 1118.99 59.05 0.867512
2 1411.05 672.37 1701.91 1075.76 0.867146
4 1141.40 41.56 1171.30 59.05 0.867122
4 838.02 277.37 849.64 294.29 0.860221
4 903.42 65.44 919.86 86.33 0.851823
4 1373.45 267.86 1414.50 292.06 0.849721
4 877.58 268.76 892.61 284.96 0.848766
1 1330.51 1016.06 1380.77 1061.16 0.844834
2 1476.43 886.05 1547.42 986.72 0.839605
4 855.06 115.49 865.40 156.00 0.824220
4 1116.11 97.12 1141.62 115.78 0.814308
4 1435.27 244.23 1465.26 276.36 0.810411
2 1329.74 643.95 1416.83 702.56 0.809068
6 680.21 397.25 743.06 476.62 0.808185
4 1201.02 105.40 1250.23 133.43 0.805862
4 1200.57 111.87 1226.80 131.77 0.796656
2 1202.34 725.06 1262.76 788.94 0.793903
4 1198.23 101.51 1224.89 118.16 0.790485
4 1334.67 178.00 1361.87 198.88 0.772147
4 885.48 9.46 920.54 25.44 0.767864
4 1451.13 544.43 1492.65 577.65 0.766675
1 819.64 544.99 848.18 594.44 0.764649
2 1502.25 815.40 1536.09 861.31 0.760787
4 1100.92 77.71 1116.59 89.71 0.756135
6 1427.82 244.30 1468.33 309.77 0.752309
4 1427.71 264.44 1444.73 286.83 0.751277
6 1417.04 610.56 1915.41 1077.04 0.750362
4 1359.41 187.33 1394.03 219.13 0.745440
1 1226.51 729.44 1261.71 786.87 0.743144
4 1107.15 29.89 1135.26 48.55 0.742709
2 1424.21 675.85 1451.04 724.29 0.741944
4 1417.99 495.92 1451.98 534.38 0.741253
3 1476.92 944.24 1514.16 987.58 0.733648
4 1109.87 25.06 1134.19 39.83 0.727447
2 1475.33 884.77 1693.74 1075.97 0.724087
5 1295.83 254.92 1358.56 296.12 0.720363
3 1202.34 725.67 1255.46 786.93 0.714664
2 1415.22 676.22 1492.36 788.29 0.712281
4 1422.06 431.38 1514.32 468.12 0.696115
1 1476.49 927.93 1515.47 985.79 0.690187
4 1640.78 580.52 1721.94 613.24 0.682329
4 910.10 138.19 938.50 159.66 0.682243
4 1360.29 183.85 1390.53 201.11 0.670548
1 1118.02 116.24 1134.57 145.63 0.667893
4 1567.98 487.62 1604.99 528.49 0.665647
2 1469.29 741.40 1490.55 779.90 0.663821
4 1085.04 8.16 1111.84 22.91 0.654176
2 1598.36 951.49 1676.67 1064.16 0.650246
6 1093.10 334.31 1141.87 377.14 0.649448
4 1405.81 544.03 1493.11 593.78 0.630331
2 1329.50 642.83 1491.93 788.72 0.622274
4 1480.29 433.10 1515.15 462.93 0.621315
2 1508.89 885.73 1548.04 945.52 0.612864
4 1712.70 349.11 1753.09 382.13 0.581542
3 1391.71 675.50 1407.19 700.02 0.578931
2 1401.26 676.31 1431.62 720.46 0.575442
6 438.85 601.58 470.84 631.29 0.573025
3 673.03 480.95 707.45 523.19 0.571441
2 821.04 544.78 847.83 574.54 0.571064
3 1509.48 902.14 1541.92 946.11 0.565703
2 1630.94 987.18 1663.61 1056.24 0.564538
4 1623.48 592.55 1675.61 623.50 0.548125
4 1812.70 584.32 1914.52 625.15 0.538971
2 1516.13 816.77 1535.77 848.09 0.519097
3 1246.06 744.36 1263.69 764.19 0.512043
1 611.93 477.88 627.88 525.15 0.510510
2 1433.40 695.44 1455.65 731.80 0.503942
4 1666.77 609.70 1695.08 624.50 0.503432
4 1382.18 1044.09 1432.45 1077.33 0.495005
1 1360.46 1016.88 1375.90 1040.58 0.494326
2 1323.79 1013.25 1431.62 1077.17 0.491825
2 1591.75 952.27 1618.42 1000.64 0.491101
4 867.57 129.41 889.77 139.24 0.488126
1 1196.55 546.30 1212.88 564.39 0.487211
2 1508.72 891.44 1529.05 923.47 0.486839
1 594.83 579.65 615.89 620.24 0.475796
2 1415.83 698.15 1429.74 721.40 0.472810
3 1344.42 1051.07 1389.84 1076.93 0.468352
2 1609.40 1005.45 1636.18 1048.25 0.464010
1 1183.84 604.17 1209.72 663.52 0.461394
1 1254.59 582.11 1272.37 602.97 0.459907
2 1501.47 836.36 1518.20 861.37 0.458202
2 1553.92 938.43 1573.43 964.85 0.451453
1 525.58 771.02 553.39 808.06 0.442368
1 1676.45 1049.42 1705.08 1077.19 0.440773
2 1528.04 885.51 1548.79 906.71 0.432641
4 393.66 116.44 419.65 132.53 0.432612
2 1571.35 931.59 1592.63 958.71 0.425120
1 595.35 579.50 606.82 601.36 0.408875
6 35.69 433.13 224.72 604.68 0.364708
4 9.83 381.94 70.91 408.71 0.333745
