4 299.35 626.27 526.09 756.39 0.999881
4 550.96 427.11 663.79 516.11 0.999858
4 485.59 851.15 760.54 1049.04 0.999848
4 714.97 340.26 814.56 398.69 0.999758
4 1143.28 518.92 1302.43 620.28 0.999724
4 769.44 303.01 848.32 348.21 0.999683
4 674.41 425.51 798.96 514.24 0.999671
4 498.69 312.55 585.27 373.38 0.999540
4 663.49 258.30 739.99 298.78 0.999435
4 591.97 224.07 654.63 263.85 0.999432
4 352.67 167.89 400.61 195.94 0.999154
4 341.57 713.83 550.78 948.72 0.998919
4 198.53 471.23 381.20 566.79 0.998830
4 313.63 130.07 341.21 155.08 0.998594
4 288.48 209.46 353.58 255.12 0.998504
4 1180.47 766.97 1399.41 965.90 0.998358
4 141.75 445.63 330.66 529.65 0.998254
4 528.90 195.32 585.11 227.26 0.997638
4 110.62 263.48 181.01 316.04 0.997254
4 337.38 366.07 417.42 438.05 0.996675
1 903.76 307.22 925.63 362.99 0.996508
4 362.98 215.71 428.77 262.05 0.996386
4 220.43 210.75 369.25 367.17 0.996374
4 461.79 162.59 505.16 191.04 0.995946
5 210.69 89.06 316.22 163.76 0.995260
4 228.30 884.37 412.08 1048.78 0.994753
4 319.49 92.15 350.53 117.07 0.994198
4 139.46 377.80 297.87 443.65 0.994031
4 138.04 405.69 318.45 481.85 0.993994
4 29.84 236.75 77.91 279.22 0.993988
4 202.12 227.55 232.08 279.21 0.993908
4 762.20 566.58 904.89 710.66 0.993204
4 27.45 205.58 77.56 247.92 0.992005
1 90.77 411.52 122.02 464.74 0.991650
4 897.64 367.40 981.29 408.11 0.991647
1 73.51 469.31 110.17 530.57 0.991368
4 217.93 69.66 245.90 90.98 0.987168
4 82.52 200.12 125.43 238.54 0.986647
4 93.64 229.04 155.75 271.05 0.985248
4 435.42 149.88 461.57 174.98 0.984893
1 1229.71 456.41 1255.79 501.41 0.983045
4 64.26 157.94 105.91 195.60 0.982158
4 728.40 235.24 758.12 261.90 0.981624
1 1376.57 493.36 1397.56 534.52 0.980536
4 353.83 106.95 389.19 132.52 0.980097
1 1351.54 485.72 1378.91 532.93 0.980084
4 410.70 135.99 445.08 161.79 0.978736
3 1220.49 506.49 1294.75 559.89 0.978305
4 344.91 261.07 486.63 375.36 0.978168
1 748.64 242.14 764.52 283.81 0.977216
4 384.85 119.19 419.95 147.47 0.977090
4 975.38 844.29 1210.44 1049.45 0.974707
1 1063.27 386.64 1095.49 432.64 0.965978
4 407.83 308.75 486.83 370.48 0.965590
4 25.41 83.27 61.27 114.10 0.965054
4 472.28 225.54 552.65 259.99 0.957954
4 172.67 280.29 245.94 354.70 0.949573
4 104.11 81.36 124.77 105.26 0.945311
4 760.67 241.76 799.46 273.90 0.929776
4 233.76 54.69 256.99 72.68 0.918092
4 128.82 161.69 175.09 194.65 0.917985
4 37.39 120.67 78.63 158.95 0.910151
4 185.32 107.98 208.93 124.72 0.901896
4 261.18 79.08 300.51 95.05 0.896429
4 96.12 120.01 129.45 149.22 0.888100
4 471.48 230.50 500.15 257.73 0.882599
4 263.69 535.45 372.39 667.20 0.879316
1 1294.73 432.96 1316.38 477.20 0.876412
3 667.95 629.40 736.14 676.24 0.873665
4 211.07 48.45 224.96 62.77 0.862190
4 892.74 286.22 924.22 325.03 0.856174
4 14.91 65.84 38.19 89.70 0.852947
4 413.17 239.35 438.74 266.04 0.852182
1 890.47 287.18 904.70 324.61 0.850271
4 202.31 227.28 218.96 258.36 0.844071
4 61.58 82.53 100.10 114.77 0.836730
1 39.65 175.92 55.41 205.53 0.821402
2 1351.35 485.37 1397.68 536.99 0.815977
4 663.48 260.73 684.42 295.59 0.812534
4 824.58 278.81 847.65 301.21 0.811775
4 71.21 42.62 89.23 63.99 0.810547
1 771.28 253.78 784.32 292.19 0.795687
4 54.84 143.05 92.86 168.27 0.776299
4 525.95 225.53 552.73 250.43 0.769879
4 626.66 229.50 654.25 261.33 0.765242
1 1271.62 509.65 1308.20 559.84 0.755805
4 897.45 366.88 1093.12 419.40 0.752651
6 746.39 206.04 802.10 273.99 0.752132
4 204.05 333.53 276.97 382.27 0.748823
4 387.91 238.48 440.06 275.40 0.743390
4 152.42 8.44 188.82 37.03 0.740799
4 44.44 63.04 65.59 81.74 0.736270
4 117.98 6.19 127.72 21.23 0.734905
4 286.04 62.32 305.95 78.76 0.734471
1 1298.66 430.92 1335.56 485.13 0.726732
1 1290.18 442.37 1303.55 475.16 0.723280
4 920.89 269.14 969.15 297.24 0.712957
1 1316.60 430.02 1334.94 467.48 0.710589
4 950.75 280.77 1005.25 322.85 0.700863
4 1050.78 268.59 1093.34 305.26 0.697605
3 825.99 280.78 853.02 309.58 0.687582
4 536.36 170.69 561.75 194.14 0.681429
4 114.55 145.53 158.35 172.50 0.681211
4 256.00 62.30 276.44 77.45 0.679512
3 574.21 488.91 595.63 520.77 0.673242
4 964.09 236.81 1011.24 270.63 0.667796
4 360.82 99.30 379.63 114.63 0.667735
2 1113.64 357.59 1145.84 434.08 0.651493
4 63.04 78.92 91.35 98.68 0.648294
4 179.91 44.40 190.39 58.10 0.642933
4 899.66 241.08 938.10 266.37 0.639157
4 1220.37 467.10 1265.26 490.54 0.639002
4 403.98 135.54 429.14 156.41 0.629112
6 1298.94 182.55 1399.37 325.81 0.623802
1 1327.04 465.65 1341.49 493.50 0.621690
6 899.72 216.22 1014.25 296.93 0.612776
4 553.83 207.89 585.32 226.88 0.605750
6 741.60 110.46 1010.65 313.58 0.602336
3 785.08 274.04 852.30 308.63 0.601161
4 151.36 11.61 169.44 35.35 0.600462
6 776.65 221.43 883.16 314.01 0.600298
3 1220.63 509.94 1268.56 540.40 0.591705
4 1049.16 236.61 1211.95 349.34 0.589009
2 1080.82 385.42 1096.55 416.58 0.577348
4 1089.08 389.40 1147.66 434.36 0.577132
4 501.67 232.24 529.98 251.92 0.567530
2 1125.87 253.40 1164.39 294.01 0.562317
2 746.78 242.45 760.22 267.21 0.560517
4 1142.83 386.41 1198.93 424.73 0.559860
4 181.33 34.17 224.28 58.83 0.551728
4 107.50 131.50 140.60 153.19 0.551725
2 1282.12 443.77 1301.95 475.88 0.551275
2 1116.22 355.97 1141.50 391.40 0.550706
4 1339.97 377.54 1399.37 409.66 0.549888
2 1252.53 502.58 1269.83 532.62 0.538278
2 1064.66 387.00 1095.69 432.29 0.534471
4 411.81 107.10 441.87 132.99 0.534209
9 215.62 0.87 261.16 27.12 0.519647
4 1298.37 468.13 1341.03 507.57 0.511419
2 838.12 252.36 859.07 287.46 0.504713
4 246.05 13.82 260.77 26.62 0.504242
2 1280.20 461.93 1291.63 476.02 0.494262
4 1215.52 767.35 1298.17 809.86 0.493114
1 407.21 350.65 419.81 381.61 0.489287
2 1359.43 485.49 1379.58 515.95 0.483913
4 394.27 265.84 451.44 308.07 0.481099
4 9.77 77.23 26.65 96.14 0.480745
1 906.59 289.07 924.46 329.24 0.472251
4 149.75 103.80 170.26 115.81 0.451766
2 90.88 81.86 104.34 107.75 0.446771
4 19.21 29.56 41.16 49.11 0.442628
9 0.82 0.69 40.04 64.17 0.442345
4 24.68 80.46 52.68 98.78 0.426678
4 302.58 45.87 338.97 67.62 0.406706
9 33.56 0.62 91.11 23.53 0.404526
6 941.05 162.59 1230.05 355.03 0.404305
1 176.71 242.81 192.66 272.07 0.386955
2 39.69 175.95 55.13 205.65 0.382255
4 155.75 135.55 177.50 148.74 0.377170
9 1142.31 383.63 1276.87 470.60 0.373176
4 172.60 278.55 219.93 315.26 0.365961
4 278.75 261.61 368.36 352.15 0.364665
4 202.34 211.53 290.22 280.68 0.361212
4 137.53 415.60 215.53 481.20 0.353984
4 210.22 90.29 249.56 111.04 0.341406
2 72.35 410.02 122.16 531.32 0.336995
10 934.00 409.38 973.67 448.95 0.336256
4 45.75 69.06 87.30 96.60 0.297028
10 284.58 566.92 335.47 617.06 0.294027
1 602.46 76.66 655.29 231.34 0.291623
4 95.88 119.07 174.91 195.16 0.282916
5 214.67 210.41 417.53 440.33 0.281135
10 1047.59 382.83 1083.48 418.04 0.269386
