4 114.05 546.06 203.88 612.77 0.999930
4 850.60 695.42 926.07 772.96 0.999371
4 1366.71 227.98 1393.73 257.41 0.998829
4 1458.75 206.98 1505.01 240.36 0.998331
2 1643.32 395.07 1681.30 428.71 0.997737
4 1028.97 57.02 1063.59 87.06 0.997728
4 538.25 854.37 607.02 950.26 0.997657
4 1362.73 272.48 1426.82 310.55 0.997494
4 1419.33 187.09 1461.72 220.88 0.997455
4 1407.94 253.09 1466.30 287.70 0.997239
4 987.16 45.79 1024.44 72.72 0.997016
4 1694.79 0.18 1735.66 24.82 0.994461
4 1412.91 0.00 1438.94 20.63 0.994284
4 92.43 286.08 134.72 331.68 0.993975
4 1507.60 391.48 1578.91 436.46 0.984618
4 1472.53 11.48 1500.56 35.32 0.984143
4 1499.64 13.02 1523.97 38.13 0.982913
4 52.14 295.86 90.27 340.12 0.974834
4 1456.87 405.61 1551.90 459.14 0.966313
4 1037.98 142.69 1091.63 172.52 0.958715
4 1146.72 81.87 1217.63 122.90 0.947828
1 1423.79 715.35 1471.09 798.36 0.943963
4 706.38 270.12 741.62 300.52 0.938052
4 1530.15 21.78 1555.99 42.81 0.926933
5 340.02 355.64 414.03 407.03 0.918890
4 1894.17 119.65 1915.52 139.29 0.903733
4 808.27 723.57 878.33 798.35 0.901249
4 900.76 677.50 963.75 745.38 0.892415
4 1747.95 14.61 1805.96 58.14 0.889284
4 1138.56 132.19 1170.98 162.59 0.888186
4 1093.73 145.49 1126.75 169.97 0.884227
4 863.26 17.35 879.43 40.91 0.865387
4 114.47 366.39 143.26 401.56 0.851734
4 1037.35 151.38 1067.48 173.25 0.851457
4 1324.61 23.91 1340.42 41.15 0.835167
4 1464.88 0.43 1486.94 15.94 0.833396
6 1522.22 0.00 1618.04 40.66 0.829038
4 1273.80 88.34 1297.70 105.09 0.826317
4 1046.43 185.90 1081.89 213.28 0.822527
6 339.48 353.35 456.41 409.17 0.816949
4 1374.31 35.11 1423.11 60.74 0.810456
6 1774.41 483.70 1846.62 556.32 0.804740
4 1643.46 20.02 1660.83 34.76 0.804044
4 1228.16 97.61 1268.32 120.71 0.790683
4 1287.57 106.36 1311.78 127.04 0.788641
4 1380.15 46.03 1401.87 61.58 0.779414
6 1499.23 0.92 1532.18 38.33 0.762851
4 1574.13 0.07 1617.66 30.10 0.758062
4 1371.49 48.68 1386.43 60.31 0.756658
3 1515.42 448.11 1569.94 499.60 0.755237
4 1299.76 29.19 1324.46 42.78 0.752816
1 1792.33 415.69 1824.43 448.14 0.745703
6 1553.61 782.84 1898.16 1034.35 0.742398
4 1083.54 190.95 1112.42 209.57 0.740894
4 1028.76 52.49 1049.22 67.71 0.736344
4 377.80 50.96 408.29 69.25 0.735710
4 882.04 869.67 917.27 908.16 0.729187
4 1288.86 30.15 1336.95 53.80 0.723051
4 1602.50 77.58 1626.93 94.19 0.722173
4 222.43 634.18 269.17 667.43 0.717751
4 1362.33 272.67 1387.46 297.16 0.716706
6 1145.99 81.48 1244.77 133.95 0.712065
4 949.55 659.61 998.31 698.05 0.694695
4 944.79 176.38 995.34 210.15 0.685877
4 996.58 165.00 1027.41 186.54 0.681820
4 1641.63 80.21 1676.53 100.34 0.666662
4 1076.85 547.44 1105.33 573.52 0.664951
4 1827.90 406.12 1879.06 439.07 0.663348
4 1184.33 108.05 1244.49 138.32 0.657357
4 1535.22 213.04 1575.51 232.33 0.655973
4 1135.62 708.90 1174.62 744.78 0.655744
1 1333.87 486.56 1352.25 525.20 0.655340
1 179.02 811.53 224.95 866.43 0.648639
6 411.12 355.72 477.29 412.87 0.647765
4 174.64 258.05 198.11 276.47 0.647106
4 761.93 255.22 807.17 287.55 0.645906
6 944.66 165.11 1029.51 210.23 0.643228
4 420.82 372.81 476.98 412.39 0.642265
4 1018.35 171.35 1058.83 195.06 0.641351
4 1229.34 88.90 1297.65 118.82 0.639055
3 1178.87 532.36 1255.10 587.70 0.633102
4 1183.32 532.64 1246.29 569.77 0.620239
4 127.61 327.26 173.56 362.34 0.618140
4 562.01 899.60 606.32 949.41 0.617100
3 1781.41 573.95 1875.16 674.24 0.617082
4 312.53 582.27 366.77 626.69 0.616745
4 1248.11 645.03 1275.88 666.80 0.604676
4 1856.09 170.49 1896.26 194.33 0.601295
4 1468.46 608.04 1513.41 652.43 0.597825
4 669.47 13.60 698.62 30.30 0.597085
4 734.46 304.96 768.32 330.32 0.596498
4 520.98 741.79 547.13 764.61 0.596426
4 1837.02 311.30 1914.09 345.94 0.595005
4 983.89 183.70 1026.52 205.95 0.593946
5 1812.92 391.55 1842.95 427.63 0.585222
4 363.13 383.83 410.48 413.68 0.581681
4 987.78 169.21 1058.13 205.24 0.581274
4 966.29 31.31 1000.03 48.03 0.578059
6 1571.84 655.29 1844.19 826.27 0.577649
4 113.92 351.31 181.53 401.57 0.576653
1 1889.95 384.59 1912.13 421.33 0.572541
4 1865.53 314.21 1895.08 333.61 0.560743
1 1424.38 767.24 1447.35 797.56 0.544800
4 1683.03 746.46 1778.21 810.08 0.544134
4 687.95 260.75 727.28 287.97 0.544109
4 1487.50 622.34 1509.76 648.02 0.535042
4 1586.96 781.30 1679.07 851.10 0.530668
4 478.55 339.64 520.20 375.15 0.529950
4 1877.82 446.79 1908.85 478.29 0.528552
4 1788.54 599.98 1827.62 641.27 0.528197
4 1776.86 571.52 1874.65 630.63 0.527077
3 1749.58 599.09 1829.62 673.77 0.525936
4 1868.54 506.17 1909.41 545.89 0.525774
4 1623.37 671.07 1774.57 755.93 0.524133
4 337.10 53.73 368.92 76.24 0.522564
1 1523.09 52.31 1536.11 80.94 0.521873
4 184.59 823.68 224.03 863.89 0.517689
4 1810.34 430.94 1852.22 454.50 0.516980
4 1597.85 704.88 1675.51 751.29 0.514008
4 627.72 1.82 658.33 20.64 0.513339
4 1829.98 523.58 1864.06 559.95 0.511526
2 1451.15 715.01 1471.35 748.94 0.511441
4 1731.65 945.91 1852.68 1032.94 0.506372
4 412.38 355.30 456.64 380.41 0.506353
5 1639.29 825.49 1763.17 937.89 0.503266
3 1720.51 759.54 1786.72 828.59 0.502405
4 450.11 26.12 484.48 49.37 0.501641
4 52.28 295.46 75.96 321.24 0.496246
4 1741.68 726.05 1844.26 800.69 0.494612
1 1659.23 395.69 1678.57 417.56 0.493202
1 1753.92 5.15 1766.81 28.96 0.486418
9 1036.34 103.44 1170.95 174.34 0.481071
1 1434.32 721.19 1459.42 756.00 0.475421
4 113.86 268.50 147.89 295.55 0.474619
4 1639.55 859.80 1733.57 934.07 0.461863
4 1806.39 927.26 1899.57 978.36 0.461755
4 268.14 474.69 305.99 508.48 0.445594
4 237.31 394.11 266.34 412.83 0.443873
7 1774.23 504.31 1839.02 557.76 0.439026
4 72.54 448.15 110.21 472.28 0.436491
4 140.23 347.92 185.17 378.46 0.435045
4 106.07 135.45 146.12 173.04 0.414215
6 104.57 123.42 190.98 180.58 0.388732
6 34.38 436.85 218.46 611.72 0.383118
7 34.39 437.16 216.95 561.13 0.376093
9 315.91 542.72 397.13 626.87 0.372122
3 41.78 247.34 84.66 286.77 0.335735
1 57.40 232.22 84.55 264.13 0.332856
4 55.82 148.68 85.48 170.63 0.324319
1 280.85 657.83 313.70 690.50 0.309685
1 148.46 434.84 164.76 451.91 0.306860
2 140.93 433.81 168.38 457.08 0.303041
4 93.34 347.52 184.53 445.84 0.299778
2 43.13 229.38 86.30 282.51 0.284345
3 34.99 465.31 99.14 556.79 0.280592
1 10.29 259.45 51.66 303.90 0.231123
2 315.64 86.94 1397.96 947.40 0.022500
