4 374.69 315.59 527.72 497.02 0.999954
4 152.61 296.54 345.47 516.97 0.999875
4 0.24 287.26 168.22 517.80 0.999719
4 742.50 273.89 923.76 460.42 0.999606
1 893.83 465.85 959.11 590.91 0.999394
4 546.42 290.29 696.81 471.29 0.999019
1 740.24 432.83 809.22 568.21 0.998457
1 678.22 428.85 731.58 556.92 0.998457
1 243.23 592.46 339.53 746.23 0.998324
1 723.59 196.88 754.12 287.05 0.998097
1 433.56 491.90 513.29 649.35 0.998004
3 910.65 403.11 1107.78 551.78 0.997161
4 1007.56 294.83 1210.84 454.91 0.997078
1 190.36 808.13 314.55 991.20 0.996820
6 1176.47 70.22 1399.64 388.98 0.996234
1 781.39 409.52 826.14 503.18 0.995407
1 70.10 591.36 163.98 724.36 0.995098
4 892.18 306.45 1067.06 423.39 0.993054
3 783.48 497.60 899.07 611.04 0.984588
3 865.11 144.74 927.78 206.41 0.960410
3 1046.11 479.78 1108.44 539.18 0.954895
4 876.66 427.91 950.60 521.40 0.943914
3 897.56 181.30 940.42 224.29 0.941004
4 420.05 122.91 441.55 144.32 0.937866
3 775.75 484.36 806.60 564.16 0.906483
7 527.03 182.42 556.16 242.29 0.877750
4 685.26 115.52 738.20 167.83 0.867248
4 399.79 126.25 413.78 145.87 0.866502
3 1059.78 238.31 1145.63 296.38 0.857056
4 911.15 426.57 949.78 486.07 0.852362
4 586.48 105.57 641.52 148.23 0.849182
6 526.53 171.21 617.34 248.30 0.844962
4 352.53 130.89 365.17 147.51 0.838870
6 782.42 405.84 1107.73 610.06 0.829396
3 662.38 526.21 697.70 586.39 0.808821
7 553.06 171.78 584.18 245.26 0.794642
4 356.21 128.87 387.95 146.34 0.789716
3 1059.64 169.23 1222.12 298.30 0.776007
4 159.91 133.20 190.71 160.66 0.753849
7 582.20 174.52 615.03 246.89 0.743695
2 677.00 426.58 810.54 568.31 0.739230
6 684.62 91.06 741.45 177.14 0.689106
4 914.92 400.14 1073.04 496.78 0.687793
4 685.80 116.43 714.87 138.72 0.684931
3 1072.27 113.38 1111.41 148.79 0.677750
2 899.68 163.17 928.93 219.85 0.674220
3 949.08 478.21 1108.40 546.57 0.657117
3 1056.47 112.54 1136.40 191.94 0.648730
3 1102.21 165.86 1188.33 218.13 0.635587
10 492.87 185.70 528.50 237.00 0.632546
3 865.09 143.94 972.87 251.48 0.619271
6 913.47 404.06 1073.77 540.00 0.607165
3 690.21 157.17 743.56 228.39 0.596534
4 755.61 111.30 830.17 138.30 0.588804
4 777.16 403.95 945.06 517.04 0.576585
4 248.27 60.01 266.22 81.53 0.562825
2 66.42 583.55 339.94 996.24 0.561334
7 783.51 472.91 1107.76 611.99 0.559361
2 937.26 216.74 977.27 261.13 0.554846
1 938.48 217.23 968.44 251.72 0.553720
1 1044.94 1011.76 1180.50 1049.64 0.553549
2 675.75 421.83 960.65 595.07 0.538738
3 447.23 182.00 477.18 227.01 0.530948
1 0.29 546.47 37.88 634.98 0.509226
6 892.65 295.11 1211.24 458.35 0.484471
10 554.71 211.40 582.67 246.02 0.473691
4 132.10 111.51 192.59 160.81 0.459079
4 232.03 54.29 265.33 81.65 0.457856
2 457.51 374.49 490.02 408.96 0.421257
9 338.08 71.46 441.77 148.49 0.419630
1 706.33 429.00 731.45 530.14 0.402954
10 666.94 526.96 696.27 562.56 0.383320
2 399.94 377.93 430.67 402.71 0.376892
9 1288.84 241.56 1399.62 390.26 0.364196
9 1183.32 87.71 1399.64 296.53 0.353183
10 335.80 473.67 371.69 511.00 0.311806
6 740.48 273.88 1074.52 535.36 0.311426
4 105.61 123.58 152.15 159.97 0.308254
10 1029.07 459.70 1055.99 500.73 0.306831
10 3.36 540.61 51.17 580.80 0.302121
1 208.28 357.17 256.01 399.70 0.286906
10 554.72 528.16 584.74 550.52 0.276452
3 159.53 111.40 207.44 159.61 0.276121
10 719.65 606.52 770.48 653.42 0.263875
2 68.05 587.22 341.65 747.46 0.260269
4 47.72 286.94 168.40 397.99 0.255815
10 655.56 610.00 694.28 638.04 0.255109
10 129.70 650.62 165.57 684.25 0.250423
10 636.95 627.23 693.19 661.29 0.245231
