5 275.28 568.02 511.86 670.75 0.999983
1 544.52 784.47 566.37 839.14 0.999830
4 602.19 686.03 732.07 747.65 0.999676
4 389.67 672.44 494.32 727.14 0.999589
4 0.17 646.96 187.34 758.35 0.999277
4 534.96 536.01 608.48 571.11 0.999129
1 819.58 588.22 835.44 624.38 0.998415
4 730.89 514.20 792.15 542.59 0.997361
4 566.82 769.54 731.99 836.32 0.997281
5 143.70 472.50 216.54 525.23 0.997152
4 74.31 560.01 159.19 596.32 0.997141
4 188.37 536.26 240.27 566.31 0.996576
4 1135.64 634.74 1238.05 686.72 0.996347
4 140.96 602.64 224.81 643.17 0.995515
1 836.12 559.38 850.49 588.39 0.995120
4 622.41 494.97 683.24 526.28 0.994243
4 949.37 602.51 1037.56 646.44 0.989955
4 563.89 460.18 614.43 487.73 0.987526
4 273.86 453.14 313.51 476.92 0.982293
3 836.89 569.97 850.36 588.58 0.974468
4 635.99 467.50 708.37 497.90 0.968825
4 251.35 468.20 276.32 489.98 0.956803
1 855.16 537.45 871.26 567.21 0.955018
4 12.13 617.71 106.71 655.79 0.954775
4 362.46 455.21 391.25 482.79 0.954483
4 813.59 444.79 844.08 463.60 0.954387
4 314.32 481.43 385.01 511.18 0.938764
4 720.27 449.68 759.88 475.01 0.930572
4 455.83 440.26 499.47 464.09 0.904500
4 580.56 427.26 617.81 447.18 0.883499
4 912.10 544.51 947.55 572.52 0.882694
1 308.93 505.50 330.09 537.86 0.876548
4 395.62 448.61 436.99 474.04 0.874897
6 736.53 386.21 800.82 426.29 0.871435
4 869.86 440.68 888.49 460.42 0.870225
4 611.83 440.27 658.01 471.12 0.867385
4 426.26 445.53 471.81 469.53 0.861924
4 760.64 440.03 802.34 463.15 0.854971
4 864.78 496.96 891.66 519.99 0.848771
4 833.29 450.28 856.26 468.28 0.842806
4 0.09 563.16 20.21 587.76 0.842607
1 846.60 536.28 861.41 566.77 0.842267
6 963.98 398.52 1091.11 502.83 0.833081
4 733.61 431.48 770.53 454.80 0.831615
4 898.82 485.88 924.38 505.09 0.789967
4 680.78 425.88 711.46 444.24 0.782916
1 398.33 478.67 407.97 502.73 0.777484
4 810.95 408.85 831.78 425.93 0.770640
1 411.22 494.36 434.71 524.80 0.763111
4 911.87 547.04 929.38 568.81 0.757051
4 745.02 403.79 769.49 424.78 0.753306
4 718.18 419.15 734.22 434.28 0.751471
4 779.63 412.03 804.14 428.82 0.741380
3 818.44 605.06 835.52 624.43 0.740129
4 393.85 451.29 409.38 471.15 0.732539
4 809.95 423.36 847.46 439.41 0.726858
4 318.51 472.24 347.13 491.33 0.694654
4 184.28 521.51 225.52 539.91 0.682486
4 934.47 466.06 959.12 484.04 0.679847
1 669.40 499.72 683.67 526.31 0.678276
4 901.93 479.31 952.87 505.56 0.671735
4 181.87 425.10 204.29 447.39 0.662214
4 693.33 458.30 738.61 480.25 0.656923
4 1104.78 634.00 1188.68 665.85 0.656854
4 780.22 408.38 831.95 430.48 0.654930
4 167.80 457.83 222.99 482.38 0.654381
4 323.86 454.87 391.34 484.47 0.651164
4 836.47 422.30 849.01 433.55 0.646160
4 710.16 422.48 733.94 439.79 0.641133
4 797.93 393.05 833.51 410.43 0.639085
4 624.83 438.15 654.26 452.38 0.639025
4 865.42 493.69 940.81 531.33 0.633350
4 553.97 426.21 579.19 443.37 0.629548
4 953.21 592.90 993.99 611.20 0.625088
1 254.28 510.16 280.76 535.05 0.622590
4 794.89 396.40 812.51 408.60 0.617631
3 902.75 504.15 943.70 530.00 0.616764
3 669.36 508.82 683.24 527.50 0.614682
4 1030.17 622.85 1061.74 665.81 0.606693
4 656.34 425.34 683.78 443.45 0.602100
2 835.54 536.57 871.28 588.81 0.601613
4 394.52 435.25 499.87 476.17 0.598381
3 843.88 545.84 865.92 566.89 0.593407
3 884.34 501.50 922.25 530.88 0.588696
4 929.32 588.26 983.14 612.50 0.587851
4 978.80 592.53 1053.68 631.94 0.585716
4 730.84 441.28 762.27 458.55 0.583344
1 902.77 508.52 918.94 530.69 0.583077
4 1122.79 572.63 1169.73 598.57 0.579552
4 1030.48 622.59 1121.85 668.07 0.577533
3 1221.33 659.57 1297.84 695.67 0.571191
4 1111.82 595.07 1183.69 637.06 0.552794
6 1209.14 582.44 1395.38 674.46 0.550027
6 314.10 463.79 389.12 510.51 0.544025
3 547.72 816.46 568.99 838.94 0.523401
4 435.04 431.79 460.59 446.09 0.520509
4 1208.62 598.03 1298.45 657.95 0.511234
6 185.52 524.43 228.13 563.17 0.511126
1 436.63 943.10 498.21 1048.81 0.501383
6 1208.73 590.75 1300.23 660.55 0.493252
3 308.87 509.04 328.71 537.72 0.487433
3 423.88 506.06 435.39 524.77 0.479438
3 1308.01 669.76 1361.96 696.16 0.468537
1 535.65 544.77 551.43 577.10 0.467945
4 219.03 464.87 274.90 491.85 0.464571
3 1272.79 661.90 1298.43 694.01 0.463993
4 116.65 424.17 151.00 450.05 0.462951
4 72.61 601.60 163.45 644.69 0.459893
4 0.14 538.81 9.89 576.24 0.428240
9 849.48 408.62 869.23 433.16 0.419563
4 76.12 402.56 112.07 418.15 0.412837
2 859.38 538.94 870.71 565.68 0.408323
7 1102.72 645.51 1150.25 734.90 0.405329
9 960.12 396.43 1192.59 571.63 0.388190
9 962.02 515.49 1268.24 646.84 0.384512
4 0.21 572.86 33.47 609.92 0.383156
1 423.58 458.83 442.10 496.10 0.378233
9 675.53 385.06 801.62 446.54 0.376433
2 174.15 499.80 201.15 531.26 0.366979
9 1214.05 506.66 1399.43 625.85 0.364946
1 185.22 498.94 201.35 525.89 0.357539
9 1314.76 588.23 1384.33 631.47 0.253084
9 960.52 395.59 1398.32 633.96 0.190562
