4 641.92 613.35 658.72 646.60 0.999833
4 595.11 431.50 613.59 459.49 0.999242
4 528.39 299.91 541.90 321.32 0.999121
4 518.87 737.21 540.88 778.15 0.998881
4 635.73 280.68 647.42 302.37 0.997920
4 629.41 465.73 645.25 496.19 0.997866
4 408.24 610.48 435.44 647.90 0.997083
4 636.90 351.79 651.10 370.70 0.996995
4 535.12 559.96 571.10 636.08 0.996938
4 605.43 259.61 618.58 281.66 0.996799
4 655.76 369.99 674.35 416.62 0.996774
4 634.12 115.27 645.04 133.07 0.996493
4 623.33 143.34 635.59 164.30 0.996466
4 578.97 287.63 597.99 336.39 0.996375
4 554.15 184.58 567.32 202.68 0.996093
4 562.80 133.66 574.29 151.53 0.995911
4 551.64 218.25 562.92 233.41 0.995469
4 627.36 178.79 639.53 200.13 0.995223
4 458.95 452.45 496.62 511.14 0.995044
4 567.94 46.47 578.38 60.85 0.992801
4 562.74 108.61 574.74 125.06 0.992800
4 601.12 36.00 612.20 49.71 0.992160
4 618.32 47.33 630.70 62.43 0.992074
4 649.69 208.69 666.85 232.09 0.990807
4 561.89 17.78 575.68 38.35 0.990320
4 583.70 49.96 595.91 64.64 0.990302
4 573.24 84.51 583.47 98.56 0.990036
4 611.13 77.45 623.45 97.86 0.989516
4 537.51 253.10 555.96 273.28 0.989017
4 590.87 94.06 602.97 108.77 0.987860
4 609.22 2.93 621.19 20.29 0.986795
4 582.64 536.82 592.31 553.61 0.986111
4 573.79 0.81 584.37 14.37 0.980921
4 740.00 331.59 757.96 365.38 0.978666
4 558.76 0.26 570.96 13.67 0.978490
4 299.56 111.39 308.67 128.01 0.977437
4 598.87 150.19 617.89 189.40 0.976960
4 585.04 204.34 600.60 221.18 0.974090
4 944.19 529.07 955.28 544.90 0.973613
4 1249.91 342.06 1284.95 360.80 0.973087
4 493.20 270.54 518.74 297.22 0.970846
5 647.40 188.83 668.50 233.04 0.967835
4 588.84 767.86 607.22 787.51 0.966852
4 852.23 474.97 868.52 491.66 0.964524
4 718.89 335.03 736.78 368.62 0.963158
4 583.84 174.87 600.29 198.40 0.947124
4 452.87 0.24 462.04 11.03 0.944388
4 658.53 393.49 672.78 416.30 0.932532
4 719.74 181.62 728.50 194.65 0.924137
4 697.79 311.10 711.09 332.93 0.922493
5 395.56 51.39 447.99 92.54 0.915033
6 354.21 52.91 409.17 75.58 0.914584
4 704.73 228.84 725.30 243.80 0.913954
4 625.34 6.74 638.27 22.92 0.911995
4 694.84 305.65 704.12 321.64 0.908118
4 556.49 56.55 563.31 71.20 0.906073
4 670.04 231.94 684.25 252.76 0.905819
6 583.20 174.51 601.95 221.63 0.905652
4 654.54 148.35 662.19 162.99 0.905406
4 691.90 292.81 710.16 333.42 0.893348
4 705.12 159.95 713.73 169.65 0.890198
4 717.36 206.05 734.49 223.10 0.883498
4 687.55 175.72 709.77 208.44 0.878923
4 1196.26 367.82 1247.39 405.49 0.878646
4 527.71 374.67 536.75 388.15 0.873767
4 628.52 18.72 644.01 40.12 0.872213
4 1118.00 630.81 1135.38 654.84 0.869197
4 584.93 74.13 593.18 85.25 0.864796
4 862.30 213.84 873.47 229.55 0.857834
4 567.59 214.36 581.61 226.43 0.848433
5 292.60 87.06 324.06 106.79 0.842433
4 552.79 317.90 563.31 333.81 0.828118
6 292.02 84.98 335.60 128.96 0.825236
4 693.09 155.93 704.42 169.33 0.824184
4 612.38 77.42 620.69 88.97 0.823850
4 281.19 56.42 301.66 67.72 0.822609
6 1250.36 314.21 1399.56 433.62 0.817214
4 452.24 339.22 468.82 359.37 0.805450
4 694.34 194.86 708.63 207.77 0.802911
4 702.38 319.53 710.82 332.69 0.799031
5 1357.83 397.05 1399.61 477.10 0.793895
4 703.24 230.93 715.14 243.13 0.786727
4 527.85 358.98 540.41 386.79 0.783447
4 502.61 148.27 515.41 164.90 0.782510
4 295.80 65.58 312.84 80.82 0.782071
5 1217.96 215.32 1297.45 268.46 0.778192
4 682.06 165.94 705.00 191.25 0.777319
6 471.01 82.55 506.38 128.99 0.773175
6 1338.43 397.09 1399.72 490.70 0.749437
4 393.25 118.73 403.08 132.27 0.747640
4 329.36 255.26 341.88 280.08 0.739899
5 1262.01 265.93 1347.82 326.42 0.724914
3 562.46 146.81 574.01 161.88 0.724103
6 430.71 23.80 470.43 52.17 0.717897
4 1049.56 1.55 1077.40 18.20 0.715654
4 478.57 82.52 491.25 94.54 0.706326
4 1162.06 310.66 1174.85 327.75 0.693810
4 648.02 188.04 663.70 201.36 0.691583
6 582.60 149.88 617.90 221.73 0.675261
4 567.41 203.77 582.71 216.93 0.674583
4 564.17 222.01 583.66 239.17 0.658472
4 1199.12 366.92 1213.93 380.77 0.650158
6 300.25 111.14 334.88 128.44 0.642019
4 522.92 737.35 540.34 754.48 0.640495
4 1376.43 499.33 1399.55 525.99 0.632243
6 398.34 51.05 444.69 71.33 0.621090
4 876.15 758.51 900.23 787.67 0.609098
6 392.89 115.75 426.80 142.70 0.605750
4 649.04 430.81 655.20 444.15 0.601257
4 537.73 431.71 550.16 453.51 0.599192
6 280.82 56.22 312.64 81.05 0.595759
6 393.37 50.64 503.90 142.83 0.587247
4 1248.82 284.35 1283.10 312.72 0.586712
4 1236.57 266.41 1267.74 284.95 0.581548
4 399.07 79.43 412.12 90.99 0.569125
4 1330.50 392.32 1384.15 413.69 0.568675
6 1236.37 265.06 1347.79 327.63 0.566106
9 354.38 58.12 381.37 75.36 0.552967
4 1180.43 335.19 1193.95 346.42 0.549152
4 908.49 588.42 926.86 608.13 0.538900
6 1309.91 355.64 1399.07 413.89 0.531812
4 1218.15 382.22 1245.31 404.38 0.530616
1 582.64 593.01 591.48 610.32 0.510433
6 1304.72 314.50 1399.54 368.58 0.497432
6 458.96 452.47 496.69 511.49 0.491870
6 324.08 0.51 418.55 36.39 0.489486
6 535.25 559.96 571.25 636.03 0.483451
9 396.92 83.99 479.44 129.73 0.462692
9 353.70 50.55 445.08 76.63 0.446068
4 76.39 760.68 85.72 769.07 0.440986
9 700.39 240.71 753.20 259.80 0.437691
1 817.59 136.84 830.65 188.16 0.392817
6 0.31 0.23 347.37 522.97 0.258738
