4 603.04 197.02 669.64 326.91 0.999946
4 713.77 58.13 775.47 184.32 0.999917
4 866.81 587.57 949.33 759.72 0.999868
4 483.83 167.49 555.00 313.71 0.999809
4 1137.20 83.13 1291.35 156.89 0.999799
4 867.26 227.01 942.64 372.93 0.999663
4 0.13 0.80 89.47 70.63 0.999662
4 867.19 403.11 942.03 544.26 0.999658
4 137.99 498.68 227.96 621.31 0.999637
4 107.24 666.61 218.36 849.52 0.999550
4 258.46 20.63 334.88 146.32 0.999533
4 100.78 227.71 205.16 375.33 0.999521
4 876.16 837.25 948.46 989.16 0.999432
4 1152.49 297.22 1294.53 366.83 0.999367
4 190.53 0.20 282.32 103.90 0.999150
4 954.65 257.14 1035.19 408.38 0.999104
1 1015.92 229.39 1045.65 270.70 0.998618
1 1157.57 2.05 1194.09 50.13 0.998431
1 1113.47 9.12 1146.64 56.81 0.998222
4 1208.34 811.22 1399.01 891.45 0.998189
4 170.06 283.54 274.50 457.90 0.998188
4 976.51 454.66 1052.53 597.96 0.998160
4 1185.52 710.40 1370.64 786.84 0.998135
4 1168.62 539.40 1346.64 610.70 0.997335
4 1168.08 626.07 1350.32 691.79 0.994898
4 1382.08 65.17 1399.71 132.57 0.975238
2 1276.04 4.71 1320.29 30.02 0.966496
4 1356.09 233.99 1386.71 262.41 0.955965
4 1348.20 230.44 1399.21 339.57 0.955469
5 0.40 890.95 184.15 1049.40 0.943298
4 1331.33 99.06 1360.40 125.95 0.929803
1 1097.18 487.72 1112.08 516.19 0.927047
1 332.66 264.93 389.45 334.65 0.893521
1 1321.82 98.79 1360.46 144.46 0.885558
1 897.81 0.11 914.96 32.60 0.874088
3 897.20 9.24 915.98 34.78 0.867883
6 63.23 891.34 183.10 1049.46 0.858474
3 807.32 146.55 856.91 181.76 0.830539
3 1322.18 119.74 1342.04 145.25 0.828316
1 1162.23 48.63 1182.65 76.48 0.825692
3 349.45 282.05 388.20 335.07 0.821077
4 1158.47 352.07 1304.97 412.07 0.819449
2 1381.10 391.65 1399.76 438.40 0.803644
4 1252.50 353.02 1304.46 410.36 0.779269
4 1165.27 536.37 1396.68 890.89 0.764864
3 1255.83 0.00 1277.01 30.57 0.757440
2 1112.43 2.06 1193.71 76.11 0.739682
3 1079.62 254.25 1111.60 286.20 0.735776
6 1348.43 230.34 1398.75 309.35 0.729327
3 1257.06 0.02 1320.42 31.63 0.720392
4 1379.95 437.80 1399.74 536.97 0.709921
2 1321.71 104.94 1343.66 143.81 0.618446
4 1362.16 303.27 1393.31 338.73 0.618003
4 1213.98 683.08 1354.32 719.02 0.613168
1 1185.03 470.12 1209.75 504.69 0.613156
6 1334.74 2.15 1399.68 342.47 0.604028
4 1190.30 773.83 1371.79 818.48 0.556350
1 1158.45 388.24 1208.62 433.56 0.553582
1 1053.90 485.23 1084.40 514.49 0.544415
2 1180.48 393.64 1202.58 412.94 0.527217
4 959.23 919.69 1012.46 970.75 0.523835
4 874.98 835.92 1137.89 991.17 0.519489
3 1381.78 416.54 1399.78 439.02 0.496264
2 972.66 468.82 989.71 507.97 0.484003
2 1280.91 830.19 1317.14 878.50 0.475447
4 1228.69 887.07 1398.33 953.77 0.473113
1 1170.00 174.90 1186.55 195.47 0.455838
2 333.64 264.64 378.81 299.43 0.328453
10 850.74 560.74 878.41 587.44 0.242151
1 0.67 914.30 59.45 980.77 0.242139
