4 597.81 349.57 641.94 389.87 0.999695
4 162.69 472.51 270.41 518.18 0.999191
4 519.77 918.62 738.81 1040.54 0.999156
4 1273.48 510.42 1357.63 593.88 0.998828
1 956.74 574.19 973.94 617.85 0.998726
1 1013.56 568.98 1033.42 612.71 0.998560
3 857.61 464.81 899.18 506.36 0.998419
4 1022.32 449.85 1065.79 498.82 0.997862
4 637.96 436.54 707.51 492.04 0.997831
1 918.09 377.09 931.82 409.67 0.997745
4 954.32 394.86 990.18 433.05 0.997269
1 552.52 517.36 567.63 556.18 0.997083
4 1133.45 519.60 1203.21 587.97 0.996956
1 729.71 517.62 751.26 556.85 0.996859
4 1022.61 403.33 1061.77 447.15 0.996455
1 1122.87 626.18 1145.58 673.74 0.996163
4 1343.45 504.87 1399.81 589.93 0.995325
4 249.30 423.55 340.77 469.83 0.994921
1 125.76 614.79 151.54 654.46 0.994888
4 376.09 382.77 413.65 414.43 0.994629
1 1042.50 274.59 1053.79 303.49 0.993421
4 251.04 401.21 340.00 437.72 0.992806
4 1127.81 394.49 1183.43 446.72 0.992743
4 941.04 356.63 982.40 394.30 0.992366
3 186.63 419.64 231.42 442.37 0.992222
4 920.22 238.17 939.63 261.77 0.992174
4 303.13 322.39 357.85 358.63 0.991105
2 1207.34 629.11 1241.18 659.51 0.990962
4 1380.32 482.33 1399.80 514.95 0.990960
4 322.02 367.26 382.18 412.62 0.990703
4 252.67 347.66 311.34 389.45 0.989968
4 642.72 195.68 664.29 215.52 0.989360
4 1061.36 365.30 1109.93 406.81 0.989089
3 1186.53 611.62 1209.91 638.16 0.988688
1 1161.08 612.71 1186.36 660.49 0.987983
4 1216.08 468.92 1339.54 521.10 0.987729
4 487.62 253.27 512.34 274.93 0.985699
4 1304.16 399.35 1377.74 463.57 0.985694
4 811.02 98.35 822.75 109.32 0.985112
4 410.93 314.39 461.83 355.80 0.984387
4 987.95 181.56 1007.64 201.12 0.983904
5 16.37 493.77 137.53 568.39 0.983200
4 823.92 88.72 832.96 98.36 0.982867
1 1221.87 611.97 1252.23 658.01 0.981654
4 1187.32 395.09 1246.78 451.26 0.981595
4 349.72 304.24 389.06 330.35 0.979980
4 938.92 327.84 969.13 356.73 0.979716
4 660.31 181.43 678.95 200.02 0.979683
4 346.04 326.27 398.69 368.21 0.978053
4 383.60 304.96 432.18 337.99 0.977725
4 700.75 145.84 715.19 160.28 0.975524
4 841.44 51.51 860.14 65.08 0.974674
4 1012.53 358.28 1057.17 403.39 0.974095
4 197.49 329.03 253.71 357.28 0.973627
4 1117.63 367.53 1197.49 403.74 0.972867
1 35.87 531.75 60.09 575.48 0.971978
4 722.72 125.80 738.58 141.42 0.970941
1 1211.32 629.54 1239.49 682.96 0.970616
4 762.86 105.44 777.21 118.50 0.969379
1 128.87 472.59 146.09 508.29 0.966835
3 1158.14 659.41 1203.96 712.58 0.960950
4 683.27 162.74 697.32 178.08 0.960286
1 1087.33 246.13 1098.99 270.44 0.959283
3 59.53 412.39 85.69 438.53 0.956316
1 1173.64 595.43 1197.85 632.96 0.956014
1 813.71 184.67 822.46 202.56 0.954529
4 1101.87 338.17 1176.67 368.25 0.951328
3 282.08 317.87 299.34 338.38 0.951228
1 127.47 545.16 161.00 584.89 0.949554
4 948.13 204.48 967.55 221.32 0.947602
4 428.17 278.29 468.62 311.01 0.947037
4 413.34 266.53 433.86 284.49 0.939749
1 1185.79 651.28 1207.43 686.81 0.937982
4 1072.04 298.71 1144.68 330.98 0.932435
4 832.47 72.09 840.75 80.03 0.932311
4 691.46 155.57 705.18 170.53 0.931358
3 918.72 384.11 931.06 409.79 0.930561
4 228.55 297.92 293.02 325.82 0.927591
4 739.14 109.30 756.51 127.16 0.919819
4 270.77 276.10 339.32 302.75 0.919814
3 552.56 543.47 568.18 558.25 0.915022
4 984.71 172.29 1002.00 186.03 0.909610
4 772.89 93.25 784.17 104.21 0.909589
4 833.08 58.76 841.50 67.09 0.908010
1 24.20 405.38 44.52 446.46 0.907390
4 832.62 115.93 841.37 125.16 0.893047
4 969.13 135.52 985.55 153.43 0.890093
4 792.92 65.82 804.65 77.25 0.886066
4 295.13 267.66 351.10 292.09 0.884979
4 448.40 163.15 472.15 180.31 0.880561
4 1058.66 281.02 1116.82 306.78 0.877406
4 778.34 75.43 791.55 88.55 0.872835
2 1122.45 597.30 1252.16 711.03 0.870300
4 758.21 88.49 771.41 100.70 0.860269
4 384.24 278.43 426.77 305.16 0.856797
4 194.88 308.60 264.20 338.10 0.856330
3 22.71 522.33 40.04 550.73 0.853055
3 0.65 407.99 18.76 433.67 0.850120
4 1348.02 626.55 1399.53 701.69 0.848751
4 749.94 94.46 768.93 110.40 0.845215
4 731.78 128.80 740.93 142.62 0.844313
4 391.99 242.29 412.91 259.06 0.843933
4 326.20 251.17 388.44 272.84 0.843255
4 736.25 116.60 748.27 129.47 0.841538
4 961.19 113.94 973.51 127.13 0.841004
4 402.76 217.14 418.30 229.88 0.840401
4 776.95 44.41 788.73 56.61 0.839108
1 125.31 389.70 140.38 419.88 0.837009
4 1369.12 531.32 1399.88 589.59 0.834653
4 933.86 307.21 957.69 328.76 0.834088
6 36.10 322.00 202.68 396.40 0.829764
1 224.71 343.89 237.90 369.12 0.826011
3 1179.37 673.58 1201.27 712.66 0.812221
1 54.57 469.15 75.20 494.99 0.812152
1 176.01 412.56 193.99 438.87 0.810277
3 1163.82 604.85 1208.81 637.75 0.806061
4 797.47 223.61 811.08 238.01 0.804658
4 781.47 72.89 793.91 83.84 0.799429
4 802.74 50.74 815.78 60.61 0.793498
4 812.31 51.84 822.99 60.91 0.792277
4 913.99 196.87 930.94 214.10 0.790149
4 470.05 276.82 487.42 292.41 0.782696
1 1037.73 235.49 1049.59 253.49 0.781799
4 1055.75 280.55 1079.31 302.16 0.779539
4 744.00 106.00 758.65 119.10 0.777913
3 1087.22 251.94 1099.39 270.02 0.773870
4 913.60 58.60 930.03 72.22 0.770852
4 964.79 124.32 982.28 139.77 0.754526
4 570.01 287.03 594.34 307.48 0.749800
4 496.55 218.25 517.15 235.21 0.744816
6 985.11 104.52 1004.83 132.45 0.743147
4 1012.50 356.51 1027.15 383.15 0.740374
2 1158.36 651.57 1208.27 711.80 0.734875
4 847.76 90.86 861.88 100.48 0.730444
6 834.59 50.18 860.35 66.87 0.728516
1 1066.37 203.93 1078.70 235.51 0.727439
6 931.60 286.02 956.84 328.36 0.726735
4 462.89 265.34 490.89 290.61 0.725483
3 107.76 452.83 173.36 485.34 0.719541
3 188.33 346.46 210.99 372.67 0.719479
4 1071.36 304.22 1093.22 329.03 0.715406
3 16.08 556.65 61.55 586.44 0.715318
4 524.86 224.09 546.84 240.90 0.713519
6 1121.91 179.80 1398.59 400.99 0.712013
1 1019.09 205.15 1028.44 221.10 0.710466
4 932.23 286.19 953.35 305.52 0.701711
2 685.57 180.45 694.97 196.19 0.697166
4 31.93 394.31 106.60 430.11 0.696975
2 1159.99 654.45 1189.04 687.83 0.688600
4 1066.80 288.98 1130.92 316.68 0.668083
4 1010.25 314.06 1028.70 329.80 0.667571
4 172.14 298.12 200.98 321.71 0.662477
4 271.76 268.48 294.16 281.43 0.649491
6 623.80 135.33 684.39 167.05 0.639764
2 177.14 414.55 231.33 442.36 0.634544
4 655.04 286.35 684.56 309.40 0.626975
3 1065.57 244.14 1087.95 263.58 0.624334
1 126.24 447.42 139.47 470.30 0.621301
4 1107.59 355.27 1159.94 386.86 0.620973
4 413.96 262.08 452.53 285.47 0.610964
4 721.96 203.69 738.39 213.73 0.608832
3 1157.64 627.58 1241.34 711.31 0.605280
4 520.03 930.55 593.56 1033.46 0.602785
4 1151.21 351.30 1206.25 387.67 0.601159
3 1044.05 272.30 1077.46 301.46 0.595556
2 16.17 559.13 42.89 586.37 0.590315
3 957.00 591.02 971.08 617.17 0.589636
4 362.99 235.15 395.44 249.78 0.588870
4 360.46 245.73 393.93 264.65 0.585716
2 1007.78 204.83 1018.89 218.73 0.584290
4 496.71 217.06 545.84 241.60 0.584095
6 28.79 393.53 107.51 438.29 0.583963
3 1031.19 207.52 1048.82 221.50 0.579317
1 1003.69 139.37 1017.03 169.26 0.574696
1 1106.95 244.18 1118.32 267.79 0.572336
3 137.25 513.25 164.75 533.76 0.568011
3 731.04 541.80 750.83 556.75 0.562227
5 1160.98 351.54 1206.44 387.65 0.562062
6 16.86 494.06 137.40 567.62 0.549621
2 1158.47 660.41 1172.34 687.32 0.549551
2 1171.46 595.27 1207.12 635.81 0.547742
2 1084.04 246.67 1093.82 268.24 0.540027
4 379.79 246.40 398.37 261.69 0.536403
9 834.02 31.47 865.43 62.59 0.533115
2 939.95 269.33 1375.72 712.41 0.527148
4 362.41 235.45 412.17 260.12 0.526052
10 342.61 136.25 362.54 168.73 0.523544
3 1125.17 657.40 1146.93 676.80 0.518778
6 15.98 476.35 75.04 550.37 0.506279
1 139.33 620.04 152.04 648.21 0.500993
2 1212.83 627.23 1231.32 648.26 0.497283
3 130.36 405.29 140.04 419.40 0.496666
4 442.38 274.84 486.43 293.12 0.481336
3 16.72 475.98 74.37 508.93 0.474659
2 280.15 308.30 298.48 338.81 0.469203
3 107.58 462.27 139.39 483.09 0.462369
9 797.04 222.55 826.18 239.30 0.456168
3 134.58 626.87 148.37 653.25 0.442063
4 417.67 172.41 452.88 185.93 0.439816
1 710.45 288.23 721.40 313.86 0.436986
3 223.38 335.11 254.31 357.67 0.428982
2 384.74 384.70 407.72 411.09 0.425679
6 0.22 294.46 38.23 402.39 0.424439
1 774.91 290.59 785.95 315.07 0.419588
7 1.33 391.94 106.72 437.22 0.411333
3 132.12 444.50 168.98 467.10 0.398732
2 149.70 446.27 170.22 473.08 0.393209
2 124.06 512.66 137.20 531.16 0.389777
3 154.51 453.71 174.32 473.18 0.381656
3 179.78 419.30 207.27 440.29 0.380847
2 16.32 531.49 60.90 586.38 0.370575
1 51.87 411.39 63.00 430.67 0.359184
1 137.33 498.19 164.97 533.97 0.358380
2 111.90 393.90 126.90 416.52 0.345202
2 23.54 396.72 37.46 424.42 0.343975
2 166.93 365.27 184.69 386.87 0.343743
3 38.72 559.67 61.51 575.98 0.334298
2 49.88 525.03 70.13 544.00 0.330890
2 50.98 525.60 73.62 563.32 0.327249
2 55.74 469.15 69.04 481.80 0.315001
2 126.21 444.89 164.76 473.13 0.310730
10 941.81 611.45 960.76 625.99 0.290016
2 19.26 470.54 74.89 503.59 0.242763
