4 676.86 388.55 706.93 434.00 0.992061
1 672.55 77.55 687.67 103.83 0.988897
4 621.33 379.63 649.16 421.09 0.987343
4 652.18 370.42 682.83 415.68 0.982017
4 614.71 40.07 625.57 53.26 0.965139
3 735.12 320.05 753.80 338.85 0.946476
4 646.38 107.52 657.02 118.45 0.934085
4 628.17 285.92 637.90 300.91 0.891337
4 1366.70 295.17 1387.75 312.29 0.890454
4 512.37 36.52 520.27 46.33 0.886953
3 674.57 85.73 689.36 107.32 0.884232
4 515.86 402.52 553.62 427.87 0.875212
4 999.21 359.94 1010.84 370.97 0.874469
5 502.42 50.63 582.28 146.71 0.869607
4 822.51 96.34 831.60 106.02 0.850190
1 735.39 312.71 752.67 337.15 0.843886
4 1364.57 268.85 1399.45 314.24 0.842143
4 634.17 378.53 649.42 395.28 0.839311
4 590.92 65.87 597.89 73.56 0.830236
4 614.47 25.89 623.41 35.62 0.830208
4 1031.56 226.55 1058.00 255.27 0.827426
4 572.70 80.02 581.43 90.00 0.825972
4 621.05 81.44 631.16 88.83 0.821397
4 623.66 31.43 688.39 66.47 0.816317
4 966.72 302.56 974.82 312.69 0.781543
4 909.18 10.92 925.46 23.75 0.768131
4 565.55 122.03 581.83 137.39 0.760901
4 1364.37 73.65 1374.60 84.12 0.759169
4 1201.80 252.06 1211.66 263.17 0.758798
4 504.33 634.22 531.12 670.76 0.752066
4 1040.10 168.78 1051.25 180.01 0.748182
6 1260.18 430.51 1325.67 543.65 0.747857
4 1256.38 219.04 1266.81 230.51 0.744726
4 798.25 232.03 806.94 240.91 0.732182
6 1030.01 198.18 1063.52 257.64 0.729769
4 1277.34 431.35 1311.59 488.01 0.721585
4 1007.66 287.47 1016.97 298.84 0.721530
3 1031.71 150.84 1048.37 167.04 0.720500
4 1058.26 169.47 1068.72 179.69 0.713421
4 577.22 415.35 589.87 425.03 0.712894
4 1114.62 266.91 1124.81 276.78 0.711896
3 678.69 96.16 690.05 109.13 0.707953
4 1359.25 19.60 1370.13 29.27 0.707604
6 649.39 32.22 687.78 63.65 0.706671
4 664.86 370.86 682.40 386.11 0.704401
3 876.00 102.95 893.12 122.33 0.695323
4 892.99 384.49 905.39 393.55 0.692716
6 832.42 0.03 927.66 100.11 0.689185
4 891.81 352.72 906.82 370.05 0.685744
6 835.66 0.14 887.33 69.61 0.676298
2 709.27 76.63 716.80 86.93 0.675088
3 616.77 172.98 638.24 196.11 0.672284
4 1287.18 94.70 1306.56 107.67 0.672235
4 1261.12 140.20 1272.32 150.34 0.671308
4 434.34 351.63 482.67 392.08 0.668042
4 602.57 180.47 618.73 191.67 0.660644
4 967.77 302.31 987.23 318.91 0.659990
4 964.47 348.36 973.34 356.79 0.659718
4 685.62 388.92 706.46 407.12 0.659238
4 723.65 364.96 739.25 377.14 0.653925
6 536.34 84.18 582.36 140.85 0.652482
4 832.70 335.06 863.90 359.39 0.650859
4 1071.66 392.77 1082.13 403.21 0.650116
6 852.05 0.47 925.91 31.80 0.647419
4 1021.02 180.70 1043.75 196.97 0.641645
4 927.99 347.06 939.52 357.76 0.636995
4 931.25 386.09 940.17 395.94 0.633958
4 981.04 310.93 1012.67 335.54 0.633946
1 680.81 68.63 688.71 82.30 0.633804
4 979.85 310.86 987.77 319.70 0.620575
3 720.52 366.36 740.24 391.78 0.620202
4 1323.05 226.70 1341.14 242.32 0.618984
4 588.03 442.56 615.61 465.35 0.617889
4 1005.20 325.92 1013.29 335.64 0.612572
2 617.23 67.10 627.65 85.23 0.610003
4 854.31 415.11 865.73 426.11 0.609022
4 1163.09 385.54 1184.62 400.39 0.604816
1 722.69 358.09 733.84 376.85 0.604454
1 866.39 426.15 874.21 435.34 0.600225
4 1012.28 405.15 1025.82 416.56 0.599524
4 191.79 674.74 279.72 743.36 0.583439
4 1012.77 475.96 1050.91 503.31 0.577118
4 987.23 499.91 1008.75 518.54 0.576865
3 1031.84 195.97 1053.42 210.51 0.576293
5 1260.75 477.97 1324.09 544.24 0.575913
4 1121.08 481.33 1131.25 492.34 0.567606
2 830.92 80.62 839.98 92.75 0.566787
4 1012.96 476.89 1026.14 486.69 0.563415
2 779.96 369.87 793.96 386.20 0.560889
4 1092.38 591.21 1108.11 603.10 0.560100
4 1097.18 362.50 1106.85 371.78 0.559294
1 618.11 67.58 626.43 80.21 0.557845
1 594.70 40.05 603.35 52.46 0.556726
2 613.59 115.73 621.70 127.37 0.550005
4 192.44 675.32 209.36 689.76 0.548704
1 943.37 266.51 956.37 281.04 0.546373
2 93.04 132.91 102.84 153.11 0.538334
2 512.07 35.78 522.77 53.20 0.535077
1 628.44 111.31 637.69 124.85 0.532664
2 840.60 342.18 854.22 358.34 0.532322
4 1224.83 376.97 1241.10 389.45 0.530386
4 1142.70 498.52 1154.36 509.68 0.527517
4 1163.73 409.48 1173.60 419.32 0.516216
4 1148.46 638.77 1169.88 648.49 0.510881
4 1295.89 344.00 1304.73 352.55 0.509971
4 1232.41 379.96 1240.79 388.59 0.508614
4 1277.40 465.15 1300.54 486.95 0.490829
4 1309.58 518.30 1324.85 535.09 0.465069
4 1202.40 492.85 1214.77 504.70 0.464650
4 1201.49 479.18 1210.93 489.57 0.459640
4 151.24 648.27 162.80 660.29 0.452741
2 842.01 342.60 856.03 375.23 0.449745
2 671.96 67.10 716.78 107.57 0.449116
4 1097.29 664.11 1108.25 674.87 0.431452
4 1202.40 616.14 1218.88 631.40 0.427609
4 1265.42 624.02 1275.38 632.85 0.388853
2 73.72 112.25 89.19 130.97 0.310473
