4 557.95 458.48 618.65 552.09 0.999441
4 1304.09 415.74 1399.54 474.26 0.998630
4 324.26 892.06 401.82 1007.10 0.997194
4 614.94 202.18 660.80 261.86 0.996951
4 1189.19 403.91 1286.31 453.13 0.992408
4 1023.06 289.69 1109.61 334.33 0.992338
4 685.71 31.54 726.58 87.28 0.992164
4 947.20 267.60 1017.53 317.74 0.985661
4 548.25 212.46 576.12 255.51 0.983968
1 641.33 891.89 660.89 921.09 0.970322
4 472.66 50.80 498.94 80.27 0.969552
4 414.30 874.42 485.30 994.64 0.967994
4 519.49 885.23 549.02 927.99 0.962002
5 456.86 295.20 498.65 342.78 0.958493
1 745.95 284.43 758.29 310.81 0.958240
1 554.68 8.67 567.48 37.83 0.952085
4 686.15 56.09 713.34 86.65 0.945657
4 375.82 83.36 436.96 136.54 0.941105
2 486.68 181.85 507.26 214.08 0.937701
4 477.20 376.75 521.66 417.96 0.937608
4 451.08 771.79 499.62 858.64 0.937344
5 524.44 261.88 560.48 320.13 0.932475
5 923.69 253.42 961.69 297.40 0.929681
4 459.44 122.97 519.65 170.45 0.924476
6 722.25 356.80 740.96 392.35 0.923555
2 542.64 955.27 580.53 989.49 0.918637
1 740.43 501.27 754.54 525.86 0.917680
3 304.48 892.95 338.49 929.30 0.910039
1 505.76 47.26 521.83 76.19 0.907712
6 816.89 392.75 855.17 445.88 0.906252
4 546.14 249.15 576.12 283.78 0.905109
4 469.39 310.10 498.58 342.43 0.897677
6 675.27 511.13 715.81 554.19 0.882143
1 683.47 273.87 697.00 297.33 0.877353
4 390.95 1028.22 440.76 1049.51 0.871759
1 621.35 480.47 635.05 503.04 0.864388
1 948.10 306.27 961.51 330.64 0.861750
6 546.15 212.38 577.70 282.46 0.860992
1 485.93 87.35 506.26 123.57 0.859574
3 560.09 748.61 597.17 786.76 0.827673
3 478.07 244.63 492.54 267.39 0.824817
1 584.93 161.22 598.09 195.24 0.823457
7 268.99 501.73 295.58 534.20 0.816926
5 450.69 768.16 530.60 876.56 0.811483
6 757.12 329.27 802.22 362.09 0.804804
2 503.19 420.05 527.88 450.70 0.802054
4 0.21 822.64 81.11 937.73 0.800322
4 463.52 573.91 521.64 623.66 0.797257
6 667.56 326.30 703.97 356.53 0.795270
6 698.48 31.38 725.96 67.74 0.794282
3 627.78 732.27 645.98 757.59 0.791675
6 663.11 556.80 692.37 590.38 0.786544
6 701.74 322.04 741.51 361.32 0.785878
3 713.22 147.67 741.74 179.63 0.783443
3 572.71 845.92 621.66 884.98 0.783164
3 592.36 798.86 631.75 824.12 0.775484
4 120.98 779.14 173.90 839.22 0.773639
6 883.12 356.46 924.61 398.07 0.771256
6 741.70 193.67 819.70 233.71 0.763700
6 924.29 252.96 1018.73 318.58 0.762026
3 345.89 219.14 363.69 241.31 0.760043
6 706.49 187.80 738.74 220.52 0.756826
6 424.87 573.53 523.26 706.80 0.755128
3 729.72 103.65 751.91 129.06 0.754649
4 699.27 31.39 725.53 52.07 0.753572
1 701.51 301.82 716.39 324.44 0.749438
4 622.16 381.43 684.89 414.41 0.739339
3 505.51 1019.64 557.18 1049.94 0.738872
4 1280.85 347.80 1312.83 375.59 0.737771
1 1245.56 461.95 1268.56 492.69 0.734978
2 705.78 447.82 736.48 494.52 0.733913
1 478.45 235.34 494.39 266.17 0.733547
7 457.13 443.80 480.87 469.48 0.732523
2 902.08 419.22 942.32 447.62 0.731452
3 586.50 177.92 597.65 196.89 0.730897
3 708.84 466.16 732.67 496.52 0.727885
2 576.55 694.99 658.56 888.16 0.714552
3 682.86 141.04 701.11 164.50 0.713547
2 787.70 251.98 919.03 296.06 0.711726
4 1246.56 326.51 1285.48 353.03 0.709840
3 636.77 606.27 666.55 641.59 0.704999
3 1086.31 427.74 1110.31 449.81 0.704185
4 855.70 259.46 919.33 295.34 0.702479
4 883.12 356.38 923.86 380.38 0.700783
3 1107.70 345.06 1154.15 369.22 0.699728
3 777.33 373.21 798.01 389.70 0.698599
1 446.83 142.11 462.16 176.16 0.697813
1 223.96 689.88 248.34 712.46 0.694053
1 422.27 190.77 444.76 220.63 0.689854
4 807.34 384.44 819.34 396.93 0.688835
4 471.64 746.53 517.51 782.80 0.687985
3 712.29 121.89 733.96 148.77 0.682359
1 697.40 595.45 712.42 614.48 0.677692
4 975.55 398.64 992.58 414.39 0.676438
3 590.10 26.26 609.91 47.72 0.674955
4 352.78 989.49 377.21 1012.32 0.671256
3 512.29 249.29 531.78 271.10 0.668370
3 475.67 477.59 496.42 504.50 0.667511
1 606.73 384.77 621.65 410.93 0.667049
6 614.86 202.17 661.02 261.91 0.664456
7 813.18 352.32 857.62 383.68 0.662440
7 417.79 444.73 448.00 469.99 0.662437
3 397.32 166.14 417.51 186.58 0.653976
4 719.47 148.89 740.99 164.20 0.653042
3 473.30 158.37 498.67 182.52 0.647119
3 1159.83 396.35 1187.07 420.03 0.646132
3 1299.26 377.82 1334.13 400.15 0.645541
4 1329.75 351.77 1391.82 379.30 0.640991
3 1128.53 455.34 1158.89 479.73 0.639922
2 1113.73 454.63 1159.03 481.34 0.637462
7 783.92 260.66 804.51 279.90 0.637090
4 503.43 874.07 523.47 889.10 0.635436
4 485.68 25.55 510.86 44.31 0.635349
2 619.23 717.79 655.16 757.87 0.628130
4 1044.31 410.55 1059.71 423.96 0.627811
3 761.32 386.65 787.01 406.71 0.627773
3 912.39 483.91 1044.22 524.22 0.626585
6 449.67 741.25 531.62 878.65 0.625808
1 795.25 238.65 805.98 261.39 0.623813
7 937.55 397.66 961.26 422.03 0.623255
4 1370.38 351.86 1392.39 377.58 0.619725
3 938.38 484.82 1000.01 510.71 0.619121
7 770.47 336.62 802.10 361.60 0.617939
2 1124.64 411.05 1146.59 437.45 0.614822
7 672.70 353.46 699.49 378.63 0.613609
1 511.97 1017.20 555.26 1049.70 0.610640
4 228.05 222.19 246.49 245.25 0.610288
3 77.01 838.52 123.26 874.16 0.608472
3 1039.89 444.43 1073.97 462.71 0.607492
3 922.67 367.56 950.35 390.50 0.606792
7 434.27 460.43 471.46 491.97 0.606775
3 1131.65 316.02 1162.82 338.27 0.606193
2 1131.92 305.55 1176.70 337.39 0.599215
1 1324.88 469.79 1347.33 502.85 0.597366
7 622.41 381.85 652.27 416.49 0.595287
3 960.63 355.55 987.42 372.58 0.594201
3 541.43 864.53 589.42 883.54 0.593286
3 500.52 306.76 550.84 359.05 0.591638
7 711.51 338.28 742.02 363.82 0.591133
7 201.81 541.85 263.23 589.95 0.588366
7 373.23 605.96 421.59 653.13 0.587940
1 880.52 409.34 898.50 439.42 0.586696
2 476.04 468.23 497.71 502.98 0.585623
4 1296.01 310.50 1337.04 324.13 0.578663
3 393.07 190.00 412.48 219.25 0.575995
2 1113.53 456.36 1131.26 480.51 0.573325
6 411.18 733.87 533.31 996.23 0.571756
1 779.76 402.32 789.12 419.26 0.571005
1 500.65 221.01 523.42 262.23 0.570444
3 727.64 603.08 745.23 619.65 0.569112
3 830.73 659.64 852.71 687.23 0.568052
4 837.53 234.38 875.84 250.99 0.567925
2 397.45 144.92 411.18 167.26 0.565067
6 1199.62 477.52 1242.63 495.03 0.564947
7 667.82 322.72 740.74 359.63 0.564902
3 861.94 513.74 887.13 527.52 0.563245
2 505.88 1014.35 587.40 1049.62 0.561340
3 1325.44 469.74 1347.19 491.19 0.560548
3 1037.97 384.12 1076.19 404.12 0.560146
3 1118.50 428.96 1136.73 443.58 0.558050
1 508.13 173.09 522.63 207.34 0.557518
3 1163.91 434.25 1182.99 451.42 0.555804
1 681.86 457.83 695.99 477.57 0.552512
2 605.38 785.76 643.66 808.88 0.551316
3 618.55 719.14 636.60 735.00 0.548802
2 1003.71 415.69 1024.60 442.42 0.548202
3 500.66 340.22 521.01 358.13 0.547448
6 522.99 637.72 578.24 734.68 0.545523
2 303.75 574.37 335.35 595.56 0.545116
7 667.03 326.81 705.59 371.23 0.542704
6 419.15 0.26 532.57 40.02 0.538109
3 618.37 720.06 641.16 754.44 0.537354
3 504.17 61.44 523.28 78.94 0.533489
3 413.12 855.94 465.12 884.81 0.532967
2 1131.86 394.34 1151.62 415.42 0.531615
2 1170.35 411.17 1183.33 431.87 0.528084
3 525.10 579.06 564.12 602.59 0.528047
3 402.42 205.55 423.72 226.45 0.526632
7 1019.35 376.45 1062.74 402.80 0.523198
2 1164.84 307.61 1176.75 326.24 0.522492
1 336.89 786.04 386.74 829.87 0.522281
2 639.29 587.67 656.44 606.45 0.521999
7 997.34 360.84 1039.69 396.30 0.521762
7 890.67 375.75 921.08 400.81 0.521365
3 517.34 296.63 553.29 329.05 0.520705
1 591.32 19.44 608.95 45.35 0.519245
2 616.19 699.24 643.46 715.41 0.516522
1 1013.36 417.53 1037.43 459.95 0.515977
7 1085.91 388.40 1125.86 417.56 0.513981
1 714.65 612.62 726.88 631.16 0.512633
2 428.56 563.63 452.96 596.81 0.511296
4 100.70 774.41 136.99 794.57 0.510708
7 1019.13 373.01 1040.35 399.13 0.508664
3 338.03 809.94 358.30 829.62 0.503626
7 761.18 386.38 789.64 417.78 0.500817
1 1268.27 482.67 1280.34 505.76 0.500705
1 300.94 875.01 339.69 926.95 0.498315
1 649.31 603.76 664.22 628.18 0.498040
4 35.99 807.05 92.40 837.83 0.497481
2 1063.07 420.89 1078.41 456.13 0.496587
4 183.15 526.04 226.53 556.71 0.494934
1 1015.10 436.27 1031.66 459.45 0.493937
1 678.69 185.83 690.53 209.14 0.493257
1 1066.18 420.24 1078.54 436.72 0.492932
2 654.73 385.44 668.37 406.99 0.490532
1 391.82 439.05 411.65 473.88 0.490002
4 313.61 270.48 351.13 309.99 0.487501
1 831.09 462.35 841.83 480.12 0.487400
6 0.12 826.22 62.11 934.04 0.486977
2 591.81 741.12 626.42 764.20 0.484802
1 396.47 507.95 417.85 534.71 0.480363
1 1287.10 512.84 1303.26 525.39 0.479066
3 286.41 838.52 326.24 874.03 0.478569
7 817.94 415.96 841.96 445.50 0.478490
2 396.01 145.41 417.01 184.37 0.476246
1 554.22 1016.12 587.32 1049.32 0.475392
2 764.29 356.24 774.65 374.47 0.475183
3 304.39 911.37 325.89 929.00 0.474748
2 526.76 226.10 544.47 244.24 0.472043
1 372.39 680.94 389.45 699.73 0.471849
1 692.58 343.60 704.33 361.86 0.469629
2 363.19 563.78 453.87 655.93 0.468807
2 641.63 787.94 657.65 804.16 0.468612
2 252.88 433.69 294.43 452.39 0.464098
2 592.03 741.73 606.03 761.72 0.463958
2 581.89 845.65 621.77 864.45 0.462600
7 1124.34 346.14 1153.24 367.14 0.461983
3 669.21 106.83 717.74 131.59 0.461323
2 646.12 602.42 665.72 631.57 0.459624
2 259.51 557.91 279.37 581.25 0.458431
6 486.39 776.82 531.09 852.11 0.455460
1 1011.22 353.71 1026.79 373.09 0.455418
4 163.67 596.35 209.57 624.24 0.454909
2 606.56 380.62 685.25 417.43 0.450971
1 384.75 165.83 399.21 190.73 0.449751
7 393.96 833.33 496.83 996.59 0.449600
2 567.49 1016.07 587.30 1037.43 0.446991
7 182.62 526.66 228.30 574.75 0.446577
3 368.66 187.17 397.35 221.56 0.446412
4 17.15 879.72 59.84 926.11 0.445266
2 159.92 633.99 201.59 655.44 0.439409
1 592.22 1035.81 604.81 1049.92 0.436772
3 281.46 519.10 297.19 536.92 0.435459
1 706.78 457.18 722.89 477.82 0.434207
7 390.12 622.66 413.52 652.74 0.431565
1 475.83 482.31 488.21 503.64 0.430828
4 356.68 1.04 432.38 40.90 0.429722
1 532.69 949.26 564.56 982.30 0.426519
2 553.85 1037.79 568.09 1049.67 0.424085
2 337.90 799.52 367.43 829.17 0.423912
2 368.57 585.07 395.77 606.70 0.423878
2 407.22 579.42 427.76 601.42 0.421416
7 485.48 813.54 526.74 878.77 0.418714
1 605.81 784.33 657.62 808.80 0.412408
1 511.35 278.08 524.51 296.97 0.412317
3 121.23 811.96 157.99 839.58 0.409964
7 1338.62 363.68 1360.55 381.74 0.408353
9 830.47 233.00 1053.46 291.68 0.405603
2 391.83 583.14 412.76 603.89 0.405177
3 233.16 473.87 263.91 492.78 0.399916
1 340.30 605.09 359.68 622.75 0.396168
2 224.40 497.30 241.81 524.41 0.393510
3 103.40 713.71 144.88 757.01 0.391405
3 293.66 333.04 328.86 350.99 0.389271
2 300.22 891.13 319.43 910.48 0.383071
1 76.39 811.29 122.99 873.65 0.378290
6 0.10 725.58 85.15 938.02 0.373509
2 223.54 495.55 268.26 530.41 0.351038
6 0.53 403.43 242.04 937.55 0.327341
2 360.58 161.66 417.85 222.80 0.319532
10 916.12 797.96 953.41 839.15 0.200130
10 917.47 798.63 933.36 832.84 0.182262
2 667.71 265.17 1392.73 526.57 0.167923
