4 588.99 374.51 669.04 406.86 0.999816
4 47.08 443.55 140.52 483.71 0.999788
4 329.80 340.17 407.27 371.98 0.999702
4 1242.20 406.28 1317.73 444.91 0.999505
4 1062.21 452.19 1156.90 491.46 0.999488
4 938.14 373.17 1017.36 407.99 0.999388
4 637.97 600.71 720.30 646.63 0.999310
4 1009.43 420.39 1099.33 456.90 0.999244
4 191.72 357.11 277.93 399.35 0.999045
4 1330.73 345.57 1399.68 376.97 0.998739
1 672.61 700.88 685.06 726.53 0.998531
5 381.16 566.26 510.58 631.57 0.998364
1 1123.53 578.60 1143.17 613.95 0.997519
1 1161.79 584.11 1177.64 611.57 0.996850
1 748.50 717.44 764.74 749.08 0.996431
1 588.51 565.39 600.08 592.91 0.994454
4 605.07 60.60 644.72 78.72 0.993079
4 703.31 58.03 747.14 100.29 0.992097
4 1166.60 348.26 1244.78 384.45 0.991611
4 1185.53 50.72 1207.05 71.23 0.990957
4 861.00 219.90 882.48 255.07 0.990938
4 886.46 229.56 908.54 255.57 0.990923
5 472.47 76.05 579.27 120.20 0.990417
4 524.84 594.56 609.39 640.18 0.990357
4 1211.35 104.69 1247.12 146.25 0.990111
1 660.37 568.40 674.55 591.52 0.989713
4 1155.04 8.95 1182.20 25.93 0.988266
4 153.95 628.78 254.35 679.05 0.984970
4 1268.81 134.27 1329.21 201.57 0.984757
4 861.93 172.84 879.84 193.27 0.981391
4 839.42 189.15 860.37 214.20 0.981230
1 596.40 166.61 607.97 200.79 0.977894
4 714.34 163.88 733.99 184.06 0.977748
4 840.36 163.50 859.11 195.25 0.976174
5 459.45 19.17 533.46 49.61 0.974561
4 731.12 178.45 748.89 201.03 0.973257
4 882.49 172.55 903.27 195.40 0.969709
4 1024.53 242.44 1111.24 286.58 0.966574
4 1158.29 205.70 1251.54 254.46 0.966287
4 959.66 251.92 1018.46 278.22 0.962401
5 502.21 48.68 600.21 87.42 0.961375
4 1129.09 17.69 1147.14 34.08 0.957509
3 749.41 729.79 764.58 750.30 0.956437
5 526.77 24.76 605.02 54.44 0.955418
5 1200.68 242.00 1284.10 312.50 0.955038
4 688.68 154.12 712.40 182.20 0.949405
4 659.25 171.85 682.68 187.50 0.946838
4 773.15 176.16 793.38 208.91 0.940104
4 751.07 172.68 773.65 205.94 0.939147
4 769.46 112.68 807.02 130.00 0.934502
4 1007.05 174.31 1071.24 208.78 0.934348
4 692.97 105.40 732.50 126.21 0.933797
4 677.10 271.20 709.85 301.07 0.933581
4 1144.04 183.31 1224.62 217.04 0.933383
4 765.79 132.47 806.52 151.39 0.929966
4 795.21 188.12 815.50 209.75 0.928169
4 777.97 164.04 794.56 178.10 0.927718
4 781.08 43.89 813.51 57.87 0.925715
4 736.36 42.66 754.04 57.65 0.925343
1 493.56 737.56 506.58 767.37 0.921628
4 756.23 319.01 790.46 334.54 0.917017
4 1012.21 206.22 1093.37 250.57 0.914316
4 686.80 129.55 730.80 148.16 0.912886
5 1372.90 112.59 1399.91 184.43 0.912539
4 1138.91 143.26 1185.70 165.37 0.912167
4 887.38 47.93 917.76 62.58 0.908717
4 742.17 550.33 768.38 571.46 0.908324
4 1113.77 2.88 1132.34 18.12 0.905159
4 896.27 297.27 921.50 325.23 0.902676
4 950.38 173.53 998.57 204.42 0.895593
4 808.73 124.92 853.83 153.82 0.893012
4 648.28 128.27 686.60 145.84 0.890601
4 805.58 51.35 820.33 63.61 0.883679
4 1387.29 54.52 1399.64 68.26 0.881114
4 545.99 114.61 606.90 140.55 0.880426
4 651.20 111.48 690.37 130.38 0.875184
4 817.10 74.43 849.10 93.95 0.872353
4 923.09 55.08 951.76 69.27 0.867393
6 1157.90 203.98 1294.05 314.45 0.849259
4 734.06 61.20 747.34 76.85 0.847909
4 824.15 49.43 835.77 63.39 0.844631
4 1229.84 54.11 1267.85 75.62 0.841703
4 813.97 99.44 847.54 120.25 0.838107
4 601.91 536.15 629.07 552.39 0.837217
5 1076.04 132.11 1109.43 174.41 0.834928
4 955.91 216.59 1011.66 252.21 0.834298
4 932.41 137.54 975.50 161.91 0.833459
3 1107.93 35.32 1137.46 61.01 0.832464
4 1024.41 146.67 1059.25 167.99 0.811214
4 886.48 135.88 932.77 160.04 0.804125
4 1158.23 208.02 1188.41 253.65 0.801405
4 394.71 591.42 441.52 626.36 0.798507
4 951.71 205.18 996.89 223.43 0.798236
4 891.31 102.20 924.57 123.50 0.796419
4 645.58 27.47 671.42 49.07 0.796190
4 780.33 45.14 794.03 57.10 0.792180
4 800.32 165.95 817.26 179.14 0.788792
4 1041.71 100.71 1069.06 122.90 0.786742
6 841.38 48.75 874.50 75.80 0.785979
4 1091.22 11.67 1114.78 26.65 0.778602
4 1186.63 231.80 1259.78 268.38 0.774682
4 1226.03 52.70 1242.43 69.87 0.774461
4 1005.27 121.08 1025.54 143.69 0.773761
4 883.52 90.90 922.52 114.45 0.768805
4 942.50 0.93 965.38 11.93 0.763595
4 886.41 122.34 904.57 137.97 0.755548
4 656.20 99.91 693.15 116.23 0.754480
4 1106.56 20.09 1136.68 47.09 0.751798
4 990.27 76.55 1012.10 89.87 0.750212
4 1076.46 148.54 1108.12 174.31 0.749294
4 1067.10 20.06 1092.24 34.85 0.747796
4 931.69 119.78 974.66 143.22 0.745560
4 808.12 111.94 848.02 134.24 0.744994
6 844.30 49.15 860.54 66.70 0.743698
4 1021.60 68.08 1038.05 79.74 0.743381
6 1060.73 15.70 1112.60 58.30 0.738137
4 1339.94 56.41 1374.27 76.23 0.737456
4 1310.75 61.93 1348.09 79.10 0.737200
4 1057.00 137.50 1081.52 160.73 0.735307
4 640.53 37.82 654.81 49.44 0.732786
6 1330.75 112.24 1399.77 229.59 0.731674
4 994.35 78.55 1033.45 105.16 0.731603
4 430.74 18.72 458.28 32.35 0.729849
4 685.07 252.65 720.95 273.09 0.729848
4 1287.18 77.34 1337.27 106.50 0.728613
1 172.18 650.28 189.56 678.95 0.726093
6 645.67 23.62 693.23 51.55 0.720632
4 958.08 57.00 990.89 70.94 0.720425
4 783.32 554.42 807.77 571.15 0.719004
4 545.82 114.18 564.38 131.60 0.717106
4 992.47 41.70 1020.01 59.48 0.716358
6 442.96 1.61 489.67 25.88 0.709247
4 749.21 262.87 771.31 280.66 0.707204
4 1067.08 11.42 1114.85 34.70 0.706927
4 1261.78 69.54 1279.17 82.02 0.704130
4 1295.44 51.14 1328.03 69.18 0.699560
4 1006.52 118.37 1051.06 146.12 0.699015
4 1290.11 52.05 1306.87 65.13 0.698761
4 1000.71 101.13 1037.92 124.33 0.698076
4 711.82 57.81 747.32 76.25 0.697872
4 727.47 265.04 769.25 289.88 0.697173
4 930.61 103.07 967.12 120.99 0.695758
4 1345.67 123.43 1361.02 143.98 0.695658
4 886.51 77.35 921.76 90.95 0.695478
4 925.86 89.04 965.24 106.99 0.695292
4 607.01 33.83 633.76 49.74 0.694752
4 1257.46 78.60 1296.22 105.95 0.692822
4 726.65 248.45 772.77 271.34 0.692432
4 1384.56 348.73 1399.81 372.59 0.690130
4 842.51 60.74 873.80 75.99 0.689865
4 1012.38 131.74 1054.23 155.28 0.689664
5 1144.28 187.08 1173.37 216.70 0.688006
4 1281.43 87.56 1306.52 108.21 0.687129
4 371.53 23.45 419.00 43.92 0.685185
4 825.14 45.71 860.06 64.96 0.684726
4 1196.04 252.69 1223.16 282.37 0.682865
4 989.16 21.79 1005.99 30.98 0.681546
4 951.69 206.83 970.79 222.95 0.679418
3 1264.75 99.78 1287.40 137.70 0.679147
4 741.79 537.74 812.02 572.85 0.671196
6 381.90 566.25 510.42 631.31 0.671029
4 824.43 324.94 844.16 337.33 0.669513
4 886.57 120.23 928.35 140.32 0.668800
4 1273.91 43.36 1304.25 61.00 0.667546
6 956.07 17.08 1006.46 37.39 0.660380
4 656.35 293.46 680.97 313.69 0.659028
6 993.74 77.98 1034.62 112.18 0.657898
3 502.41 743.34 528.66 767.18 0.654628
4 583.25 535.82 642.28 566.54 0.652377
4 684.06 53.95 701.42 65.53 0.649477
4 685.66 239.04 720.28 257.84 0.648011
4 337.85 11.04 351.02 21.70 0.647506
4 728.57 225.37 774.30 249.45 0.646687
4 883.86 82.89 976.40 162.98 0.641506
3 0.38 518.99 35.72 562.92 0.637293
3 502.54 748.42 515.32 767.82 0.628697
6 923.32 47.54 991.02 70.77 0.625139
1 507.28 681.55 520.88 702.71 0.624864
5 637.69 600.65 720.11 646.58 0.623961
4 1198.13 145.46 1218.13 159.07 0.620826
4 384.90 341.94 407.41 369.40 0.618228
5 1013.90 206.02 1077.57 231.63 0.615145
4 731.13 210.68 774.54 227.75 0.614738
4 691.73 189.83 724.16 209.36 0.605989
1 1147.79 530.73 1165.53 567.94 0.605067
4 729.80 237.42 772.25 255.50 0.603534
4 367.09 16.11 380.26 27.63 0.602797
6 660.47 225.11 725.37 275.92 0.598889
1 494.21 719.83 509.31 742.98 0.596683
4 563.15 536.09 586.74 548.34 0.594399
6 157.74 165.65 256.07 259.50 0.593217
6 1268.77 134.21 1329.40 201.47 0.592957
6 1011.70 205.44 1110.95 286.52 0.591340
4 931.64 112.86 968.99 126.91 0.580590
2 1172.66 99.75 1183.19 117.95 0.575158
4 890.67 115.86 926.30 130.49 0.574951
3 673.09 707.25 685.23 726.11 0.569242
6 161.49 165.60 228.69 199.95 0.569182
6 459.15 19.32 605.39 52.96 0.567177
4 678.32 225.47 721.17 246.39 0.563307
6 1253.05 277.33 1295.93 318.55 0.559423
6 1197.29 576.60 1399.63 729.52 0.558129
4 485.69 73.45 579.66 93.94 0.555210
4 337.33 0.54 360.64 21.24 0.548244
6 502.36 48.73 600.50 87.25 0.544536
6 476.89 212.71 547.00 290.54 0.528862
2 1122.79 578.38 1178.11 615.17 0.524311
1 505.75 681.36 530.41 766.64 0.520854
1 261.09 208.97 274.37 234.19 0.514199
2 1114.35 23.03 1126.32 49.72 0.512282
2 492.64 719.74 528.75 767.94 0.512093
2 940.86 58.94 952.28 83.73 0.510302
9 647.27 25.76 674.38 38.37 0.510261
6 115.18 206.44 200.14 261.66 0.507931
4 154.27 631.20 184.52 672.91 0.504064
2 671.01 699.71 765.88 751.05 0.494178
1 586.74 174.49 595.94 200.52 0.492411
3 1161.80 589.37 1177.26 611.93 0.490890
1 957.27 61.82 965.28 80.80 0.488185
9 952.23 16.30 1054.08 58.12 0.487807
4 866.46 0.00 899.98 6.45 0.472125
2 747.75 170.61 759.10 200.07 0.467320
2 587.60 166.17 607.70 201.56 0.465039
9 473.72 87.97 569.52 119.53 0.451743
2 747.34 718.65 757.75 749.42 0.441921
3 493.17 747.35 504.79 767.78 0.441257
6 470.32 20.97 608.50 139.80 0.439923
3 45.15 522.03 88.09 553.54 0.435069
6 324.35 193.80 392.44 274.35 0.423772
1 143.92 535.42 162.75 563.15 0.371519
1 586.77 224.59 595.66 255.10 0.370593
6 244.58 114.96 627.19 325.56 0.178647
