4 1016.53 471.59 1068.98 531.29 0.999310
4 797.34 335.24 823.80 365.84 0.998074
4 830.81 235.16 852.96 258.24 0.995331
4 349.99 512.37 382.56 537.80 0.993726
4 179.89 644.50 221.33 691.86 0.992616
4 522.96 195.09 539.03 217.19 0.990772
4 427.17 645.16 469.87 706.88 0.990077
1 271.12 646.89 310.47 688.46 0.988481
4 806.96 162.87 826.60 185.89 0.988117
4 892.61 233.63 919.94 259.30 0.986948
4 762.01 159.44 779.18 174.82 0.986594
4 568.26 169.68 586.89 186.38 0.985644
4 487.12 237.91 511.41 271.62 0.985134
5 742.17 167.35 768.14 223.36 0.984522
4 857.29 221.85 881.07 246.45 0.979971
5 1020.37 315.58 1068.29 415.53 0.979048
4 742.87 188.94 767.86 222.62 0.977328
1 498.22 467.56 522.51 508.11 0.973191
4 387.12 288.75 425.56 305.89 0.968526
4 726.23 134.01 741.65 146.70 0.964433
4 714.72 112.72 727.10 125.72 0.961203
4 579.30 249.99 592.62 267.44 0.958060
4 790.64 123.29 807.43 142.80 0.956675
4 540.64 102.11 561.47 120.54 0.954148
1 778.44 219.67 793.35 238.27 0.950798
4 816.33 131.11 832.71 147.51 0.950104
4 657.07 361.57 675.06 394.21 0.948917
4 847.22 140.18 867.10 158.00 0.946148
4 637.38 121.54 647.04 136.64 0.945135
5 447.14 198.61 468.17 239.44 0.944691
4 729.56 92.67 744.94 107.51 0.935229
4 779.59 87.58 793.36 101.87 0.931373
4 821.77 92.73 838.17 106.03 0.923472
4 570.33 101.70 588.01 117.11 0.922712
4 748.56 83.22 762.72 96.66 0.921442
4 728.05 61.63 743.74 79.19 0.920696
4 537.48 164.65 552.81 179.50 0.917434
4 771.38 28.01 784.46 43.28 0.915904
4 783.84 53.29 794.88 66.51 0.915673
5 673.44 165.40 697.53 198.34 0.910429
4 617.16 109.71 635.57 126.74 0.902155
4 521.14 176.13 552.02 217.21 0.900757
4 712.21 73.44 726.40 85.79 0.900515
4 592.38 216.52 607.86 231.72 0.898325
4 527.25 177.14 549.88 199.39 0.888408
4 784.04 27.40 797.11 40.59 0.885955
6 671.68 165.06 698.25 244.37 0.875581
4 518.07 187.06 527.57 201.89 0.870231
4 799.59 88.57 814.77 100.28 0.867115
4 680.79 111.02 700.72 127.62 0.863517
4 740.11 40.55 756.05 52.78 0.855057
4 618.12 172.26 643.55 195.41 0.834565
4 760.82 65.12 769.99 75.58 0.833586
4 755.43 13.24 767.92 29.99 0.833232
4 640.18 91.08 655.73 110.84 0.833186
4 662.72 185.83 671.39 208.33 0.829574
4 791.64 65.62 802.57 74.95 0.824260
4 465.49 76.06 481.19 96.30 0.823134
4 617.86 178.42 630.42 194.56 0.819314
5 652.56 67.89 685.28 96.57 0.815241
4 729.25 38.38 742.26 51.38 0.814388
4 736.28 25.97 752.31 38.69 0.809345
4 708.33 40.81 727.05 53.82 0.805484
4 582.17 152.81 604.06 167.00 0.801971
4 625.93 93.22 642.94 110.98 0.799478
4 678.42 211.85 695.17 229.49 0.797667
6 779.23 1.17 797.07 21.60 0.790564
4 682.29 239.77 694.41 252.79 0.780885
4 673.45 193.58 696.00 232.37 0.779917
4 897.19 153.29 915.69 170.41 0.773225
1 619.24 191.95 629.51 215.62 0.772086
4 376.78 468.40 408.69 499.68 0.770796
4 485.17 162.55 506.58 181.72 0.767163
4 598.50 41.55 616.81 59.32 0.764862
4 449.57 82.96 469.84 103.80 0.764272
4 538.33 237.10 547.95 246.78 0.762344
4 929.14 225.67 943.48 242.63 0.755907
4 631.60 159.82 642.75 169.93 0.752332
4 560.32 151.07 580.10 172.51 0.750713
6 680.91 111.55 701.31 141.35 0.743875
4 537.61 170.48 553.58 187.81 0.742775
4 556.00 42.81 569.84 55.46 0.738594
4 594.10 113.14 616.30 129.30 0.736770
6 648.40 66.69 685.99 127.39 0.726767
4 466.25 182.76 498.02 210.62 0.725975
4 683.91 98.08 700.08 110.37 0.723137
4 807.75 162.78 822.77 174.84 0.709316
4 599.84 372.25 612.83 391.86 0.698532
4 674.10 182.81 694.86 199.22 0.693021
6 666.34 138.27 698.78 165.93 0.691686
6 553.17 138.24 586.58 169.16 0.688028
6 885.48 151.75 960.04 183.24 0.676643
6 519.62 157.46 556.00 218.21 0.676571
6 648.99 104.53 680.70 127.56 0.669311
4 177.61 615.16 243.29 692.52 0.644870
5 478.47 153.71 520.40 185.54 0.643493
4 476.16 140.26 491.95 155.29 0.640853
4 434.01 286.61 473.86 310.50 0.632852
4 448.12 68.75 467.99 89.12 0.630038
1 417.45 343.98 434.01 377.68 0.627628
4 712.45 18.93 736.10 33.52 0.627477
4 1030.54 390.14 1055.42 414.22 0.626767
9 585.70 60.97 632.11 90.92 0.622162
4 508.28 29.58 547.29 50.52 0.618543
4 472.23 320.90 506.58 355.11 0.615245
4 746.53 212.75 767.71 226.23 0.611496
4 448.34 0.41 470.54 14.62 0.609336
4 460.80 60.79 480.85 77.34 0.606995
1 603.23 242.85 616.21 267.92 0.603392
4 1030.35 338.41 1061.65 362.27 0.598775
4 304.42 520.80 320.81 538.41 0.593097
4 577.45 349.62 628.51 370.51 0.583326
6 559.16 58.91 686.33 130.52 0.583100
9 571.40 82.64 608.97 119.70 0.578273
4 1026.13 364.30 1060.29 390.98 0.572357
4 348.50 468.67 409.27 539.86 0.566516
1 599.87 223.03 621.33 268.09 0.534559
9 470.84 39.36 506.25 60.45 0.523868
4 334.32 557.78 355.77 590.29 0.514894
1 329.66 407.14 347.62 442.01 0.463724
9 568.53 60.49 653.00 128.59 0.459022
4 1318.63 641.86 1365.25 693.36 0.443968
2 593.64 196.01 623.68 268.13 0.427289
4 154.82 183.68 209.03 230.32 0.333696
1 272.72 664.08 293.82 687.02 0.314014
