1 542.33 535.65 565.89 589.52 0.999547
1 1072.25 334.60 1094.10 380.41 0.999105
1 722.05 262.27 736.03 302.50 0.998716
1 927.17 260.93 943.65 297.13 0.998697
1 1097.07 263.53 1114.81 304.42 0.998671
1 1348.73 299.08 1375.32 341.47 0.998533
1 1187.75 303.66 1208.38 348.02 0.998283
1 819.10 294.57 839.17 333.69 0.997963
1 197.32 714.95 241.29 773.40 0.997892
1 1226.16 325.90 1256.81 368.32 0.995804
1 222.58 692.07 256.56 749.30 0.993357
1 650.19 229.35 669.76 262.72 0.991871
1 615.00 48.62 625.32 73.57 0.990188
1 397.95 156.79 412.19 187.49 0.989593
1 985.61 207.60 997.11 228.36 0.986929
1 974.09 183.97 990.47 212.94 0.986154
2 1265.00 58.51 1399.43 163.50 0.984023
1 832.15 97.43 841.13 118.57 0.981935
1 856.88 80.27 866.61 101.90 0.980790
1 676.19 39.79 684.78 60.35 0.979916
1 593.60 46.25 602.65 72.71 0.975842
4 494.21 61.17 508.42 71.88 0.969747
1 657.25 48.46 665.75 68.04 0.968095
1 953.40 37.58 963.77 59.93 0.965713
1 685.51 117.75 697.60 148.20 0.964826
1 668.27 111.19 678.25 138.35 0.963715
1 311.24 198.05 331.28 231.76 0.962459
1 611.79 156.69 623.78 186.40 0.961629
4 621.25 14.32 640.47 28.51 0.956083
1 713.78 77.72 723.72 101.76 0.942129
2 752.11 50.95 760.97 69.68 0.934506
1 756.82 91.71 768.17 119.67 0.927022
1 621.26 140.73 634.48 165.66 0.922288
1 649.75 132.04 661.97 159.08 0.919890
4 449.87 72.24 484.22 89.03 0.918072
1 763.67 50.62 774.30 72.54 0.912856
1 1200.93 95.02 1211.13 116.41 0.903718
1 744.95 112.47 756.78 139.69 0.902636
4 561.01 41.62 582.34 57.39 0.899016
1 730.63 114.59 741.56 139.30 0.897828
1 919.06 35.45 927.93 52.09 0.887010
4 816.92 11.44 830.09 23.50 0.869541
4 571.40 43.93 583.57 54.63 0.866439
2 584.70 158.29 603.72 189.53 0.847105
2 584.50 158.09 595.04 181.48 0.844324
2 818.17 77.93 826.76 91.28 0.820239
1 592.28 160.58 605.97 189.32 0.817713
1 1249.30 83.91 1264.16 113.00 0.809583
1 1140.46 27.93 1151.83 50.53 0.788077
1 743.12 95.21 753.80 117.40 0.768244
2 581.16 42.74 777.64 191.14 0.762200
2 862.68 26.42 872.57 43.98 0.748569
4 1334.54 14.43 1353.09 34.77 0.724283
4 522.25 45.08 537.20 57.44 0.721381
2 1005.42 206.97 1020.27 227.20 0.707128
2 1265.17 77.98 1287.14 122.69 0.701306
3 585.19 166.63 605.73 190.55 0.669298
2 560.27 42.74 568.95 60.11 0.666312
5 578.46 8.96 646.13 40.01 0.660569
2 1383.53 123.68 1399.65 162.22 0.643483
2 1085.83 76.37 1094.55 87.41 0.639543
6 1013.92 5.00 1129.31 27.53 0.637998
1 1056.01 449.24 1082.05 500.16 0.619872
1 1185.90 95.34 1211.26 125.39 0.610039
2 807.75 55.03 814.20 70.70 0.607414
2 299.80 166.72 309.92 184.29 0.605914
4 825.31 24.93 872.79 44.76 0.603783
1 767.80 35.51 778.32 52.23 0.594033
4 498.25 31.91 519.00 46.23 0.588242
4 426.03 82.06 449.84 96.08 0.555789
4 528.74 25.89 559.71 42.95 0.555431
6 377.28 31.15 458.73 98.30 0.552570
2 973.84 303.97 983.50 327.84 0.543681
2 752.21 41.04 777.27 74.36 0.527784
2 1292.93 38.51 1307.28 61.13 0.526268
9 696.94 15.91 752.70 39.70 0.524442
2 310.70 199.40 322.98 229.35 0.514091
4 270.12 24.09 297.22 39.48 0.513470
1 1006.40 207.21 1016.66 220.99 0.512534
4 496.30 38.36 537.20 59.98 0.509703
2 544.25 74.72 557.13 89.52 0.509281
2 591.62 40.94 687.27 74.12 0.505746
4 447.30 60.25 508.98 89.88 0.488344
4 339.09 117.47 364.26 132.66 0.480061
6 164.05 6.20 340.40 68.83 0.477370
9 239.91 14.04 298.74 41.91 0.473064
2 917.16 33.65 965.93 61.33 0.469765
2 259.56 226.43 277.43 257.52 0.459288
9 856.96 0.13 1156.81 31.47 0.398999
6 164.45 7.10 238.16 65.22 0.396392
10 1027.17 416.68 1156.30 494.83 0.336013
2 293.77 156.80 354.99 207.36 0.290509
2 297.43 154.96 414.82 232.24 0.279578
6 271.34 30.70 460.16 181.41 0.279419
2 579.02 36.48 1389.48 383.28 0.232148
