4 800.27 403.49 885.55 478.51 0.999907
4 1009.98 318.56 1109.17 366.75 0.999900
4 478.62 135.68 560.96 189.20 0.999659
4 362.54 121.50 443.01 160.59 0.999521
4 605.23 173.38 679.98 210.46 0.999264
1 689.34 363.85 702.01 394.82 0.998539
1 631.67 384.34 644.27 415.10 0.995571
4 1100.20 60.96 1164.10 89.92 0.995500
1 434.03 437.81 452.05 476.49 0.995085
1 960.24 532.33 980.23 566.79 0.994918
1 317.32 287.49 331.12 316.45 0.992398
1 619.78 382.56 632.73 414.51 0.992229
1 315.42 321.10 332.61 354.00 0.990975
1 713.66 341.68 726.61 373.77 0.987951
4 1298.44 347.78 1364.43 385.67 0.977462
1 602.94 176.03 614.57 196.40 0.956667
4 1005.12 139.32 1035.16 171.48 0.938179
3 434.99 464.70 453.10 490.39 0.916838
5 514.09 82.68 551.47 102.05 0.886418
6 513.81 80.44 582.26 104.20 0.881280
1 408.58 428.06 427.32 461.47 0.875518
3 622.90 391.19 644.58 416.37 0.869823
1 620.13 428.42 636.63 459.69 0.850749
4 581.16 81.53 611.79 105.04 0.847744
6 460.26 73.38 494.87 92.12 0.830935
4 672.23 192.03 694.33 227.33 0.828274
4 887.58 99.79 903.56 117.51 0.820805
4 1303.02 731.49 1399.55 787.54 0.820578
4 362.40 122.57 383.11 145.67 0.810637
6 417.46 65.21 455.40 84.84 0.801350
1 529.52 91.77 540.09 113.71 0.801124
6 416.83 64.84 582.78 105.88 0.798148
1 378.02 257.66 392.92 285.79 0.795422
3 316.47 299.96 331.60 320.89 0.787955
3 411.03 436.31 427.25 461.84 0.781959
3 957.42 559.22 973.83 597.46 0.769724
4 1021.19 124.36 1033.99 138.42 0.764942
4 1100.19 70.83 1124.69 89.19 0.747866
4 1165.10 78.34 1221.58 114.59 0.742140
1 698.05 437.73 715.59 465.58 0.739190
4 1015.47 117.45 1039.43 137.38 0.736510
3 622.80 397.70 634.25 415.69 0.724233
6 417.63 65.31 436.41 80.60 0.724035
4 1346.71 364.35 1363.04 385.13 0.721616
6 417.19 65.04 494.96 93.21 0.710581
4 1137.30 62.09 1166.01 77.79 0.692651
2 620.73 382.58 644.24 415.87 0.689901
4 1229.35 168.34 1274.21 211.18 0.679165
4 1118.83 13.73 1173.37 38.98 0.678183
4 1281.62 126.77 1314.09 154.32 0.663681
3 602.31 184.31 620.49 204.09 0.654069
3 322.81 338.71 332.74 354.69 0.647664
6 553.07 80.05 611.80 105.02 0.638349
6 883.74 63.82 946.91 111.44 0.626228
4 1183.54 167.92 1272.98 224.24 0.616222
4 635.48 84.54 673.55 107.60 0.615430
2 915.46 99.84 923.53 121.03 0.560160
2 840.35 125.84 849.39 140.11 0.558370
4 194.63 746.77 257.93 787.36 0.554763
6 524.01 114.84 608.80 147.75 0.553988
3 375.19 280.49 399.87 317.55 0.540787
7 566.72 337.17 624.56 421.54 0.516841
2 688.25 341.09 727.37 395.75 0.506049
1 839.45 125.54 850.03 155.69 0.500208
2 620.46 341.72 727.77 416.30 0.492961
4 1117.03 757.24 1197.90 787.44 0.489101
2 312.59 284.18 455.93 483.90 0.482255
2 408.18 427.80 453.09 480.86 0.474870
9 900.93 64.03 947.16 112.37 0.473376
3 374.78 278.16 395.02 299.21 0.472715
9 774.37 218.78 786.89 241.95 0.469425
2 314.43 286.94 333.28 354.21 0.462425
2 417.96 434.20 428.15 461.13 0.457973
4 325.44 71.32 346.38 83.21 0.436008
1 1020.71 128.04 1030.69 144.43 0.426798
9 1004.86 131.35 1062.31 172.29 0.420324
1 829.95 108.74 839.22 125.70 0.397941
10 1064.98 439.74 1084.00 466.40 0.216167
