4 759.09 430.71 797.07 471.53 0.999297
5 752.25 600.93 860.04 742.83 0.999083
4 564.87 669.84 623.13 716.95 0.999064
4 834.41 522.85 873.29 566.43 0.998771
4 991.37 411.51 1029.63 456.61 0.998689
4 471.18 705.25 531.87 737.94 0.998233
4 737.92 645.79 783.72 695.48 0.997977
4 934.02 382.91 977.46 421.94 0.997965
4 68.89 510.88 112.53 550.47 0.997757
4 693.44 698.20 744.19 756.85 0.997755
4 14.82 458.24 53.02 492.58 0.997082
2 704.42 525.40 758.23 576.77 0.994510
4 867.43 468.72 909.64 515.22 0.994152
4 199.46 632.05 250.94 687.88 0.985029
4 789.40 601.64 813.28 629.63 0.979973
4 895.17 423.89 939.37 474.19 0.973838
4 118.90 617.28 163.99 660.99 0.964034
1 678.40 466.45 705.54 518.41 0.960124
4 227.80 554.93 276.79 600.32 0.955697
4 352.47 653.46 400.92 696.40 0.951416
4 788.98 573.12 834.96 630.20 0.946311
1 1026.15 221.90 1075.57 269.93 0.933097
1 1147.28 75.18 1180.63 112.60 0.923940
4 574.37 444.43 591.92 466.29 0.903153
4 614.08 491.78 638.34 523.61 0.879582
4 514.47 414.88 537.79 439.23 0.879303
1 1138.38 142.77 1172.31 181.69 0.878828
1 1025.46 1.02 1242.43 270.83 0.865193
4 598.27 266.31 656.16 333.54 0.852395
4 783.81 303.27 814.64 333.92 0.849151
4 749.40 303.19 814.79 373.61 0.845330
4 848.21 311.25 885.29 355.96 0.835319
4 1306.58 472.63 1356.85 517.08 0.833270
4 432.90 365.43 455.23 390.63 0.819996
2 1025.70 74.79 1180.19 271.00 0.811382
4 1115.15 99.04 1140.20 124.43 0.776385
4 895.46 449.35 921.20 474.22 0.759220
4 53.72 560.73 164.95 685.71 0.751205
4 447.41 433.08 495.55 475.71 0.744751
4 1108.75 122.41 1136.33 152.83 0.737751
4 686.26 274.86 715.25 298.38 0.704501
4 1344.73 0.12 1383.15 23.54 0.698542
4 616.82 561.55 648.33 594.93 0.695104
4 922.31 204.79 944.19 222.55 0.693294
4 593.07 580.76 626.49 616.94 0.685327
4 548.08 444.12 592.50 491.19 0.685275
6 566.07 522.13 675.65 644.57 0.685266
2 1115.41 90.16 1149.24 124.20 0.672145
1 1025.74 180.68 1104.91 271.32 0.669269
1 1293.19 297.27 1325.85 320.54 0.663693
4 1138.71 162.49 1161.77 181.23 0.663009
4 652.83 381.64 679.51 406.83 0.660371
4 1112.02 430.33 1136.14 459.08 0.643714
4 565.33 615.25 594.87 645.17 0.640028
3 565.48 578.80 590.46 646.97 0.637931
4 1010.38 599.57 1042.91 644.85 0.630684
4 1079.05 585.71 1131.12 642.07 0.628928
2 1108.76 1.28 1241.68 167.94 0.624571
2 1110.28 74.40 1180.04 155.89 0.621428
4 828.47 495.95 861.36 529.19 0.613766
1 686.44 357.31 706.26 394.81 0.608591
4 736.01 524.90 757.18 546.75 0.604399
6 579.80 449.21 663.67 535.56 0.602044
4 316.82 751.86 411.46 787.66 0.596157
6 975.26 390.92 1220.81 765.51 0.592576
4 1316.40 274.45 1336.92 292.50 0.590548
4 617.25 574.54 632.69 594.50 0.590430
5 56.50 561.46 163.78 660.31 0.590097
4 1103.38 517.09 1125.10 544.57 0.589771
4 1078.34 610.61 1107.35 640.67 0.586784
4 315.92 766.63 357.50 787.57 0.573099
4 373.72 669.62 399.08 695.47 0.570585
5 909.36 754.24 986.97 787.51 0.558523
2 1293.14 274.37 1336.28 320.90 0.557100
6 1299.36 192.92 1399.37 400.52 0.551168
4 1153.61 487.71 1170.50 502.94 0.541831
4 657.27 735.47 679.72 763.21 0.541110
1 1075.37 183.55 1104.59 226.19 0.540109
4 657.77 375.60 1033.79 775.04 0.539092
2 1135.73 101.54 1164.69 143.66 0.530423
1 1298.48 188.40 1325.33 222.10 0.528403
4 1328.17 639.14 1369.63 681.17 0.522961
2 1293.46 297.74 1307.26 317.77 0.516659
1 686.62 466.51 705.72 494.53 0.515340
2 745.14 357.89 765.24 392.31 0.508646
4 1252.40 446.12 1272.44 462.95 0.506525
4 1237.48 412.94 1272.13 436.19 0.502181
6 657.13 599.10 860.79 767.58 0.501885
4 1020.53 599.34 1041.54 621.27 0.499233
1 921.26 184.89 948.02 222.76 0.484624
1 595.23 218.37 621.96 256.89 0.479219
2 982.13 62.48 1020.19 113.19 0.478210
4 9.88 647.08 30.93 672.57 0.474698
1 1179.72 45.77 1204.56 82.37 0.461004
4 148.63 310.53 184.06 343.42 0.455523
2 973.87 78.32 1020.27 156.48 0.455380
1 1355.54 163.77 1373.83 187.28 0.443086
4 1117.40 588.52 1135.32 611.91 0.435599
1 1364.87 47.59 1380.53 66.28 0.434130
1 973.98 105.78 1008.57 156.16 0.431372
4 1072.26 669.84 1091.89 691.30 0.424604
4 1307.68 664.32 1336.19 692.29 0.414108
4 9.85 647.51 81.98 720.32 0.409454
4 0.21 142.42 28.96 175.54 0.406975
4 1328.34 654.29 1353.88 681.31 0.400627
4 59.23 584.78 81.32 606.92 0.400284
4 42.80 324.85 84.07 358.21 0.376796
4 60.46 275.51 93.89 303.88 0.365669
9 591.96 522.76 674.13 617.36 0.344514
9 981.49 574.43 1132.91 760.48 0.285743
4 0.29 0.34 47.03 42.05 0.264261
6 160.25 413.02 631.10 659.95 0.236819
6 1.44 190.09 635.33 657.65 0.031174
