4 780.04 373.50 890.76 528.56 0.999732
4 749.51 640.16 927.44 849.59 0.999704
4 1620.52 623.73 1796.21 875.54 0.999615
4 1403.33 667.52 1566.44 942.16 0.999613
1 940.01 915.13 990.17 1009.52 0.998998
4 1017.48 788.17 1191.25 959.54 0.998771
1 1018.02 889.79 1062.02 973.62 0.998487
5 880.91 310.99 1108.85 666.34 0.996523
4 1318.91 332.88 1530.19 643.16 0.987188
4 1144.31 312.28 1311.43 706.00 0.977087
3 1731.93 412.58 1796.33 505.07 0.960897
2 939.04 888.89 1062.87 1010.42 0.957380
3 468.15 179.75 537.00 243.22 0.859937
6 879.87 310.87 1107.79 665.95 0.669237
2 940.19 915.39 990.04 1009.56 0.661231
3 1149.15 307.97 1285.45 381.84 0.654703
3 1731.92 411.70 1775.38 462.55 0.597299
4 763.93 171.94 839.27 228.47 0.562858
3 339.72 311.25 393.09 382.96 0.555425
6 1318.02 332.65 1529.63 643.06 0.552796
7 1149.29 309.08 1288.70 461.48 0.483723
7 0.80 194.60 447.76 536.66 0.409646
3 248.11 434.04 387.67 538.94 0.353110
1 406.31 1034.01 451.10 1075.88 0.326725
2 748.13 309.50 1795.09 999.71 0.065304
