4 194.33 663.57 281.83 723.51 0.994182
4 199.82 330.86 223.01 350.15 0.994075
4 161.71 166.87 186.41 188.17 0.993553
4 190.74 631.61 272.09 686.64 0.993259
4 217.90 685.88 305.84 747.06 0.992750
4 258.75 328.12 279.27 344.64 0.992245
4 219.63 434.33 244.99 454.30 0.992186
4 205.53 394.49 230.41 415.34 0.992069
4 589.69 509.35 611.26 527.32 0.991368
4 244.13 712.80 325.21 770.64 0.990539
4 161.79 206.17 187.46 229.10 0.988444
4 212.36 234.75 238.13 257.70 0.988392
4 444.25 495.11 469.74 517.10 0.988376
4 714.25 587.64 736.75 609.02 0.985577
4 850.46 654.52 878.52 680.75 0.984478
4 168.41 400.58 192.41 421.14 0.982632
4 851.83 722.82 881.68 747.91 0.980061
4 338.59 534.96 361.61 561.99 0.979780
4 764.28 688.91 794.65 713.97 0.978779
4 98.55 149.54 122.90 170.30 0.978081
4 264.94 736.10 347.88 787.61 0.977792
5 532.17 646.64 626.40 733.25 0.976952
4 759.30 710.75 788.23 735.86 0.976863
4 463.81 425.79 489.65 446.88 0.976548
4 497.37 704.06 516.65 723.33 0.971269
2 961.79 727.46 991.98 753.72 0.970748
4 43.38 471.59 63.30 496.04 0.970649
4 1314.91 405.76 1335.08 426.23 0.968238
4 359.52 393.82 381.87 414.22 0.967161
4 170.83 677.88 193.85 698.99 0.963174
4 557.21 464.34 581.53 486.32 0.962999
3 470.94 491.17 497.30 513.28 0.960274
4 381.88 491.99 405.01 515.44 0.956781
6 432.14 581.06 514.57 664.29 0.952808
6 259.52 464.62 367.71 563.98 0.939707
4 581.21 373.17 598.31 389.74 0.938833
5 900.71 549.83 1092.34 678.43 0.937705
4 200.44 737.43 225.52 759.30 0.935342
4 634.73 386.69 653.71 403.63 0.933014
4 351.48 329.90 384.56 359.57 0.916356
4 530.09 507.57 553.61 528.76 0.912635
5 274.97 474.70 357.68 543.73 0.910824
4 969.39 308.54 1000.85 349.12 0.910515
4 429.95 341.31 465.55 372.23 0.909529
4 417.23 54.42 438.48 73.28 0.901945
4 160.38 409.52 181.96 429.19 0.900485
3 667.68 536.69 692.70 559.70 0.896032
6 1313.14 355.19 1399.67 561.70 0.885719
4 240.90 356.31 283.97 390.58 0.877135
4 177.36 712.93 199.61 733.39 0.874550
5 429.42 588.02 464.33 631.64 0.862692
3 1164.22 679.58 1214.90 717.83 0.860926
4 221.52 763.23 244.16 784.89 0.856574
4 0.28 117.41 15.89 135.71 0.844454
6 898.81 485.11 1156.01 679.21 0.837241
4 318.92 760.78 373.91 787.61 0.831263
5 510.45 633.56 570.32 704.67 0.828751
4 429.49 612.62 444.48 631.33 0.812262
4 150.77 89.03 162.33 105.95 0.796254
4 107.64 470.29 126.79 487.97 0.796188
4 273.48 512.77 299.94 534.61 0.795891
4 596.83 426.57 619.91 445.77 0.795541
4 627.78 598.18 664.77 630.54 0.784836
4 606.60 279.01 621.84 300.85 0.773004
4 1064.47 358.48 1101.02 387.62 0.765473
4 22.05 69.64 43.57 89.60 0.761628
6 510.10 633.01 627.47 735.54 0.761608
5 665.19 595.98 703.28 628.82 0.760546
4 406.88 287.05 416.47 299.15 0.752769
4 244.10 257.62 298.23 301.56 0.752641
5 883.24 640.73 953.55 693.50 0.752458
6 274.00 356.81 307.94 385.73 0.750094
4 276.81 280.12 297.47 299.70 0.742139
4 570.24 473.34 581.73 485.84 0.741912
4 805.70 511.38 818.74 524.67 0.740743
4 978.00 308.40 1000.61 322.82 0.734992
4 358.84 505.98 382.19 532.32 0.719409
4 22.13 115.67 68.03 150.37 0.699663
4 630.59 494.95 648.48 512.68 0.693683
4 1311.38 81.56 1331.76 95.00 0.692769
5 220.48 712.79 325.06 785.13 0.687131
4 645.60 505.47 673.66 528.86 0.676373
3 556.88 285.83 587.53 324.01 0.675896
4 512.21 353.46 521.82 363.15 0.674717
4 1356.09 185.69 1377.17 202.44 0.674483
5 567.78 720.02 620.52 750.90 0.673482
4 659.58 513.50 676.10 528.93 0.671569
4 476.12 433.75 489.64 446.69 0.669784
4 1375.10 0.00 1399.21 16.85 0.668441
6 567.51 718.00 647.75 752.07 0.667771
4 365.86 278.15 376.73 290.03 0.654068
4 581.29 358.30 619.49 390.42 0.648709
4 50.92 134.27 67.94 149.87 0.643483
4 769.74 511.59 796.89 533.60 0.641842
6 1025.22 331.63 1259.10 479.77 0.639687
4 696.55 539.72 720.15 561.07 0.639289
4 673.67 525.15 699.36 546.09 0.637675
4 718.79 555.18 761.91 587.72 0.635887
4 813.89 618.60 840.41 640.26 0.635673
4 643.06 504.18 660.63 519.95 0.633488
4 1091.23 589.63 1126.30 622.14 0.624971
5 564.67 752.93 607.65 774.76 0.624635
4 607.91 478.73 627.68 497.52 0.624621
4 319.41 232.47 343.21 250.48 0.624085
4 586.46 463.78 614.27 489.43 0.623473
4 597.19 358.52 619.30 377.00 0.623238
4 1316.74 166.61 1334.01 177.82 0.621295
4 202.12 122.36 216.89 137.34 0.620826
4 844.34 291.99 861.60 304.34 0.620407
6 987.05 484.71 1080.86 573.93 0.617340
4 649.65 470.50 668.22 484.75 0.617128
4 1344.91 200.87 1363.45 214.39 0.616143
4 611.10 694.86 627.36 710.55 0.615839
6 168.67 631.63 374.01 787.52 0.612479
5 578.12 677.70 623.83 721.14 0.611444
4 781.96 597.26 807.78 619.88 0.610217
4 569.14 775.10 604.10 787.71 0.609947
4 26.28 654.78 42.30 674.48 0.606105
4 31.33 78.21 44.82 90.39 0.604937
4 587.69 649.01 614.19 674.09 0.604032
3 823.92 419.70 849.88 446.02 0.604019
4 718.37 554.88 732.35 566.97 0.602681
4 1165.11 242.45 1197.73 268.38 0.602330
3 240.82 536.36 271.35 625.60 0.602237
4 945.99 438.79 958.82 452.71 0.601013
6 256.62 507.38 324.79 557.00 0.600252
4 308.34 88.32 339.81 112.38 0.600081
4 687.89 532.90 704.26 548.47 0.597088
4 92.04 706.60 133.51 750.52 0.596585
6 1025.31 332.76 1101.99 390.86 0.596001
4 663.61 386.34 684.20 400.44 0.594708
4 1337.06 138.48 1359.00 151.46 0.594536
3 602.93 762.28 633.87 787.50 0.594346
3 0.42 358.28 85.66 435.60 0.594343
4 499.89 343.97 522.28 363.41 0.593688
4 1238.38 175.31 1258.10 188.05 0.592597
1 1172.92 413.59 1193.83 436.41 0.592514
4 752.99 577.65 778.54 598.35 0.591618
3 1024.21 362.38 1051.38 385.79 0.590625
4 601.93 695.76 626.56 719.22 0.588040
6 1054.98 499.44 1156.05 625.32 0.582666
4 450.00 134.06 468.06 147.44 0.582354
4 835.93 527.90 849.33 538.84 0.581104
4 61.25 500.47 83.73 519.58 0.580157
4 1092.38 371.51 1108.04 386.47 0.579081
4 817.74 579.58 829.30 592.16 0.576528
6 564.69 752.15 635.64 787.73 0.570147
6 304.42 462.87 382.29 533.17 0.566377
4 1161.24 764.73 1195.26 787.86 0.566166
4 118.58 73.95 128.42 86.22 0.565664
4 118.12 180.92 187.67 229.66 0.563882
4 790.28 560.28 801.00 573.52 0.563511
4 779.35 595.28 794.69 607.79 0.563382
4 1276.85 367.26 1302.49 392.02 0.562906
6 714.83 762.30 770.95 787.61 0.562628
4 627.28 597.48 639.70 612.96 0.561465
4 1311.07 234.56 1346.70 258.55 0.560382
6 809.22 351.59 863.12 389.87 0.559220
4 669.81 764.06 726.34 787.54 0.556002
4 292.85 528.41 324.97 552.98 0.554730
6 276.56 532.89 319.12 569.27 0.554601
4 593.86 749.07 610.50 766.65 0.554346
4 1384.32 690.84 1399.73 708.09 0.553626
4 222.42 62.08 236.12 75.28 0.549837
4 24.09 573.20 42.18 586.47 0.549709
5 966.30 574.86 1032.67 622.31 0.549370
6 578.55 677.58 627.67 721.93 0.548929
4 725.74 706.89 746.23 723.34 0.547546
4 628.36 775.71 647.42 787.58 0.546734
2 74.79 677.34 94.97 696.93 0.546205
4 843.80 638.66 860.84 652.90 0.543121
4 794.96 605.08 808.89 619.77 0.541996
4 6.80 99.42 23.83 114.35 0.540560
4 1315.96 548.51 1341.14 568.21 0.538222
6 431.51 579.71 638.19 744.51 0.535217
4 299.88 551.21 318.62 569.02 0.532045
2 1172.01 413.60 1236.43 467.29 0.531507
6 1193.46 594.33 1288.65 656.58 0.530157
4 1077.04 717.33 1122.80 750.80 0.525988
4 811.85 616.62 823.89 630.17 0.520015
4 1183.28 427.16 1217.64 452.96 0.519242
4 1199.17 437.25 1218.27 453.05 0.517631
4 1071.01 714.86 1087.32 729.76 0.511284
4 150.91 89.05 216.72 137.78 0.510896
4 283.47 288.68 298.48 301.37 0.509201
4 1203.04 430.43 1220.32 444.06 0.509018
4 409.21 110.79 432.57 126.29 0.508687
6 533.66 651.66 574.92 706.53 0.505350
4 200.89 374.12 211.92 384.35 0.503640
2 1209.38 437.73 1234.72 464.41 0.501927
6 7.60 452.65 105.37 526.46 0.500451
4 893.49 668.36 917.00 688.67 0.496756
4 820.51 767.28 843.67 786.25 0.494535
4 257.21 507.81 280.70 529.86 0.494315
4 101.81 464.14 136.87 488.89 0.492256
2 1234.29 663.25 1254.05 696.18 0.492102
4 1136.09 568.57 1174.51 593.73 0.491912
4 0.88 52.93 43.67 89.99 0.489703
5 965.38 599.08 1013.03 637.83 0.486657
4 254.93 572.32 271.15 590.48 0.484516
6 1178.44 525.07 1318.09 618.28 0.484480
4 1083.13 766.47 1110.95 787.02 0.484032
4 322.29 74.64 345.46 91.42 0.481833
4 1253.06 473.84 1275.76 498.21 0.477391
2 418.94 552.97 449.06 588.83 0.475626
6 0.86 453.38 221.41 616.70 0.472351
4 69.98 143.36 87.19 156.56 0.468496
4 296.88 216.50 343.55 251.39 0.468236
4 1072.01 708.30 1109.28 731.08 0.463729
4 190.18 220.61 238.39 258.07 0.461767
6 1128.14 495.50 1181.69 534.49 0.459402
4 28.76 471.34 63.59 508.28 0.456303
3 249.84 536.72 271.64 571.45 0.452243
6 1349.46 722.68 1399.66 784.98 0.451794
4 1369.04 576.40 1395.80 599.51 0.446061
4 207.42 273.72 232.33 292.87 0.442852
1 435.96 553.00 448.70 571.41 0.434418
4 121.77 178.25 137.39 191.10 0.433109
4 189.98 220.47 213.52 243.25 0.428533
6 241.74 570.79 257.87 624.69 0.424050
3 40.84 642.90 95.90 697.86 0.423150
4 153.75 309.61 171.12 325.43 0.422964
9 361.00 258.53 416.04 299.79 0.422309
4 70.86 143.94 96.24 164.84 0.418444
1 601.92 701.76 616.59 720.07 0.416001
2 266.82 517.52 277.74 541.47 0.414014
4 1371.75 536.73 1388.74 549.91 0.411475
4 1325.76 632.60 1350.35 649.64 0.411288
4 1193.31 610.08 1208.36 624.17 0.411095
3 1193.46 696.44 1214.73 717.81 0.405083
1 242.45 596.31 256.51 624.67 0.404714
4 1367.10 539.41 1381.55 551.16 0.400942
4 1264.91 673.09 1291.25 695.96 0.389007
4 349.13 77.68 488.99 172.77 0.379145
3 74.62 666.28 105.33 697.10 0.378223
4 1300.52 762.87 1332.40 787.34 0.372227
4 53.92 503.14 71.51 520.35 0.363040
4 70.64 142.55 123.04 172.72 0.358514
4 198.83 50.79 236.71 75.15 0.344696
