1 1202.54 667.14 1253.79 748.87 0.999573
4 800.95 600.74 1029.42 701.66 0.999472
1 719.08 629.98 745.07 708.95 0.999456
1 688.98 634.68 721.51 713.60 0.999350
4 529.77 476.73 607.13 554.05 0.999248
1 698.18 379.99 716.72 426.99 0.998507
4 315.42 869.29 522.62 1049.18 0.998050
4 183.01 457.53 258.38 532.82 0.997940
1 1064.94 478.33 1093.93 543.32 0.997927
6 172.05 234.29 313.83 301.81 0.997725
4 256.89 335.54 323.32 379.03 0.997265
4 763.66 536.93 943.41 615.95 0.996501
4 66.33 419.40 197.04 487.84 0.995454
4 251.56 304.55 311.87 342.23 0.995434
4 968.51 524.66 1091.88 640.15 0.995323
1 1329.74 607.50 1378.44 680.34 0.993958
4 674.29 284.81 709.84 315.60 0.993744
4 148.60 294.65 214.94 339.30 0.993208
4 567.42 366.82 634.21 437.42 0.991653
1 876.52 869.79 975.32 1025.05 0.990459
4 912.61 431.34 999.38 519.59 0.988975
4 447.52 674.91 561.59 816.40 0.988136
4 778.21 259.64 806.29 285.92 0.987585
4 756.66 428.32 872.60 490.00 0.986578
4 761.68 488.06 928.24 551.73 0.985217
4 741.98 359.68 854.19 405.39 0.984718
4 173.94 251.16 277.14 302.47 0.982218
1 936.29 338.14 952.08 374.75 0.981394
4 825.11 306.21 867.89 353.53 0.980753
4 635.08 220.97 653.63 238.01 0.980722
1 658.70 353.28 681.11 395.47 0.980409
4 732.85 885.96 892.40 1049.11 0.977421
4 591.47 326.93 635.53 366.14 0.969699
1 924.61 338.85 938.34 372.89 0.967037
4 625.78 248.82 649.67 272.74 0.964587
3 589.18 421.88 621.83 489.76 0.956604
2 925.22 335.50 952.48 375.24 0.955819
2 688.65 629.68 745.19 714.85 0.942628
4 0.37 338.61 93.21 403.08 0.936640
1 828.44 395.98 850.87 419.06 0.935995
4 792.06 240.81 828.99 265.26 0.933059
3 916.23 384.00 957.04 426.62 0.933040
3 658.94 366.78 679.57 395.69 0.926347
4 738.09 304.30 815.74 335.81 0.925814
3 1053.00 411.70 1075.67 438.88 0.921414
3 893.09 363.36 930.68 397.41 0.919138
4 729.83 347.61 814.72 387.35 0.919024
4 824.61 249.54 863.31 277.31 0.917451
4 765.95 465.33 912.86 510.78 0.917147
3 1351.56 617.48 1399.78 687.29 0.903709
5 700.46 196.57 800.10 248.49 0.901562
1 660.73 261.58 670.50 282.99 0.893818
4 737.54 389.76 817.51 446.94 0.890938
4 462.78 756.31 551.08 816.13 0.885358
4 626.81 236.46 643.54 253.45 0.874690
1 899.54 399.01 919.74 437.86 0.865560
4 603.57 253.45 624.34 272.92 0.859471
3 1108.44 556.60 1170.34 603.80 0.853073
4 395.30 228.71 449.08 267.61 0.849678
4 722.31 334.56 783.98 366.22 0.840443
4 636.66 206.85 659.48 237.64 0.838356
2 1033.75 393.48 1072.73 434.87 0.837667
3 1251.96 539.86 1309.40 596.13 0.833859
4 699.17 203.00 726.38 241.58 0.818166
1 1051.75 392.64 1070.69 431.75 0.811866
4 702.53 242.11 748.11 271.67 0.809079
4 705.44 271.43 740.62 301.90 0.804702
4 119.16 321.83 164.35 359.65 0.800741
4 723.64 261.85 768.61 285.00 0.797896
6 635.87 193.50 663.31 238.56 0.789945
3 1154.23 465.09 1192.47 517.73 0.786990
4 775.80 234.85 797.76 252.37 0.786295
4 704.04 220.44 724.15 240.41 0.785671
3 1033.26 400.88 1058.68 429.63 0.779680
4 711.67 281.85 780.52 309.35 0.778203
3 944.96 406.39 979.70 447.38 0.769724
3 914.97 359.72 931.73 381.37 0.761841
4 816.64 225.32 843.43 249.27 0.753665
2 691.32 244.10 705.54 273.13 0.751157
4 777.02 412.97 870.29 442.63 0.745793
3 857.26 268.65 886.26 294.36 0.745125
4 1152.38 275.84 1191.99 308.22 0.744930
4 628.38 244.72 647.88 261.13 0.744461
2 675.48 242.67 688.91 263.16 0.741199
4 559.02 155.23 577.00 171.68 0.733214
4 755.55 320.18 820.20 350.18 0.732314
4 1051.53 247.98 1136.86 285.69 0.730941
4 1195.87 194.27 1226.51 224.54 0.729837
4 744.66 415.89 809.96 466.37 0.703909
4 588.53 346.59 627.58 370.93 0.700061
6 270.29 241.59 314.10 293.90 0.695910
6 721.93 196.42 797.95 246.66 0.694100
3 888.84 415.20 979.68 451.26 0.688659
2 1330.19 606.81 1398.86 686.46 0.688063
1 959.56 399.87 976.63 432.20 0.683930
6 801.79 222.42 844.50 252.68 0.680317
6 724.10 212.89 767.63 245.41 0.676473
4 848.82 238.21 872.86 256.59 0.675017
4 729.51 355.84 772.94 387.89 0.672048
4 882.42 294.42 910.93 316.33 0.670184
4 727.39 188.93 758.76 206.56 0.667353
4 782.46 250.65 804.52 265.84 0.659912
2 947.67 399.89 976.88 435.56 0.658282
4 583.15 367.28 631.87 401.29 0.651771
3 889.15 421.64 924.45 445.43 0.646475
4 345.32 295.44 450.94 360.84 0.645733
4 913.67 316.19 955.93 340.20 0.643106
4 703.09 255.74 733.70 274.03 0.640927
4 806.28 485.38 914.07 526.22 0.638216
4 604.31 242.27 650.18 275.62 0.633042
4 747.46 249.93 806.64 285.77 0.628828
3 683.54 256.93 706.55 281.62 0.628476
4 1127.90 274.96 1196.99 324.01 0.625768
4 486.29 668.00 560.63 731.41 0.625119
4 786.07 390.17 850.96 424.31 0.623536
9 647.16 194.01 663.05 236.34 0.623446
3 899.34 377.79 946.49 403.03 0.621440
3 946.56 411.08 968.01 435.29 0.621045
4 360.31 290.07 399.09 318.12 0.618008
4 746.84 247.36 787.10 266.32 0.607511
3 606.78 304.87 636.87 336.17 0.603558
2 642.02 261.82 655.11 279.38 0.592392
3 1373.50 642.91 1399.90 688.19 0.589794
3 954.68 425.17 979.83 448.22 0.577516
3 919.49 398.44 976.97 436.94 0.576466
4 293.25 278.43 315.72 295.10 0.574086
4 255.46 372.16 312.25 400.95 0.572470
3 563.09 599.62 604.77 687.58 0.572039
4 773.23 346.29 815.94 366.00 0.566442
4 346.73 294.79 393.91 337.40 0.564529
2 736.68 306.52 752.91 334.17 0.563896
3 600.75 463.61 620.75 489.59 0.553455
1 626.85 314.26 638.11 337.29 0.552993
4 396.52 314.23 452.10 354.19 0.551468
3 551.13 418.50 585.53 450.40 0.540328
4 340.20 326.55 408.89 367.17 0.539215
3 552.38 452.58 620.30 490.84 0.531795
3 1108.91 573.49 1135.26 600.17 0.530452
4 394.09 226.27 426.11 253.48 0.529007
4 408.79 274.94 453.55 310.82 0.517520
2 890.33 398.74 920.47 442.65 0.517341
2 778.65 395.45 807.40 424.02 0.517082
2 621.07 364.11 637.33 397.73 0.516879
4 362.05 275.28 450.22 316.88 0.514608
2 827.60 395.82 844.66 417.61 0.502328
4 433.34 205.51 473.90 228.59 0.502071
2 963.17 399.79 975.78 418.88 0.498693
4 182.38 427.01 315.50 533.62 0.495885
1 815.58 299.84 829.63 316.31 0.491028
2 658.24 352.37 717.09 427.80 0.473437
1 814.03 300.40 832.26 350.86 0.454834
6 1260.92 488.47 1326.32 551.11 0.451259
4 275.11 267.74 314.77 295.01 0.450478
2 595.42 420.97 612.06 450.98 0.443322
4 253.09 372.43 319.75 444.03 0.425140
4 675.88 244.02 1091.25 710.86 0.399146
4 67.89 319.97 163.93 369.83 0.353211
4 49.30 441.74 95.30 487.56 0.336785
4 0.14 362.73 31.46 401.96 0.324454
1 174.84 18.25 372.01 396.89 0.243917
4 59.30 372.56 324.91 569.72 0.223883
10 936.46 892.11 989.53 930.28 0.197079
10 807.73 778.25 829.28 809.50 0.187693
10 824.09 849.54 845.36 882.50 0.175648
10 904.64 874.52 941.19 916.69 0.169247
4 2.62 868.99 524.16 1049.17 0.140367
