4 875.22 693.80 913.58 759.55 0.999716
4 942.21 681.96 989.80 755.71 0.999600
4 833.70 688.77 869.68 752.20 0.999463
4 793.19 689.35 827.59 758.06 0.998948
4 6.20 692.31 64.42 759.60 0.997181
1 702.26 683.30 739.20 761.98 0.987203
5 815.75 393.66 954.48 447.34 0.981000
5 155.92 379.38 295.14 432.27 0.979980
4 917.44 753.16 953.90 787.55 0.978632
5 1175.29 380.51 1324.99 433.82 0.968827
6 300.10 374.58 431.96 427.08 0.947257
4 1239.61 265.61 1369.75 310.42 0.945415
5 332.87 594.27 552.51 750.37 0.945316
1 555.57 458.10 574.75 496.69 0.941675
6 383.87 231.27 505.21 310.21 0.933769
3 723.84 479.76 772.19 553.35 0.926356
6 815.41 348.56 956.49 447.11 0.921058
4 966.77 761.92 1005.94 787.62 0.910910
3 816.97 272.81 844.73 310.33 0.898340
4 1239.44 223.83 1342.42 278.05 0.898073
4 1324.37 219.83 1399.57 273.33 0.873311
4 119.44 42.27 142.95 60.02 0.859294
6 1137.14 318.57 1378.97 400.80 0.830821
6 1113.75 242.09 1254.21 291.68 0.792252
3 998.26 370.41 1024.93 407.89 0.790446
5 300.48 429.44 415.45 491.46 0.789113
5 463.34 249.86 505.47 302.14 0.775232
4 0.12 53.86 35.26 94.27 0.769620
6 797.08 243.07 821.30 273.34 0.768745
5 396.59 379.97 431.94 424.32 0.764941
5 877.60 349.50 920.15 413.91 0.755865
4 1346.10 32.29 1367.57 46.85 0.753839
6 453.25 304.99 631.66 406.56 0.752953
6 798.49 313.58 882.18 416.50 0.742698
6 1024.66 568.29 1220.90 787.21 0.733898
3 781.87 361.08 806.03 415.41 0.716779
5 559.86 604.76 609.94 707.60 0.715718
6 727.41 546.48 996.35 647.82 0.713359
5 471.96 439.72 506.08 469.12 0.701579
6 1123.76 524.45 1382.93 786.53 0.698962
6 1237.13 223.05 1369.91 310.08 0.692517
4 802.55 768.81 828.41 787.52 0.683301
6 487.70 505.35 574.55 556.76 0.674284
6 1.07 548.17 226.47 604.07 0.670393
6 725.01 334.53 783.91 417.47 0.667621
6 540.36 350.07 633.51 405.08 0.665058
6 489.91 548.54 639.78 613.42 0.661904
4 1003.57 254.28 1036.20 279.60 0.661073
6 206.06 591.61 347.79 685.98 0.650765
6 652.48 222.63 822.19 299.88 0.646988
6 821.27 241.76 886.45 275.78 0.641760
4 477.60 459.74 498.68 491.81 0.622919
4 1117.49 257.32 1142.13 277.76 0.619449
6 1018.92 311.90 1115.15 411.46 0.619099
6 794.68 460.53 911.01 552.36 0.618766
6 151.25 434.95 267.68 501.21 0.617863
6 905.27 319.46 994.62 415.49 0.616618
6 234.37 246.39 391.66 313.06 0.615555
6 596.00 457.07 639.85 551.11 0.613223
4 171.88 76.73 271.78 108.32 0.609510
5 7.65 19.71 66.54 42.45 0.608395
5 343.17 436.55 372.13 470.09 0.607845
6 1031.89 445.40 1171.58 544.68 0.605631
6 304.74 557.57 426.77 609.47 0.605549
6 348.19 249.65 386.02 278.96 0.604929
6 850.61 459.76 888.89 518.18 0.602135
7 300.77 464.83 367.00 521.70 0.601741
4 1009.33 283.12 1040.09 300.36 0.601511
1 554.17 565.45 584.53 597.39 0.594526
6 1175.80 389.95 1288.26 434.00 0.593992
4 1331.95 183.37 1379.74 199.79 0.592045
6 838.43 274.34 868.46 302.34 0.591167
4 362.21 429.93 413.91 456.50 0.590699
4 1266.03 251.44 1309.85 278.14 0.588850
4 317.24 523.05 338.48 538.41 0.588697
6 801.25 351.42 837.12 415.25 0.588449
6 10.61 507.95 155.14 560.46 0.587946
4 758.60 666.66 1010.61 787.66 0.584029
6 627.53 334.07 649.79 364.09 0.582445
6 866.88 262.90 910.28 288.48 0.581336
4 1194.46 657.52 1301.75 723.74 0.578423
6 298.64 429.34 415.82 522.04 0.576132
6 171.71 56.70 288.52 108.49 0.575605
4 435.43 295.40 461.58 317.44 0.569137
6 1133.73 321.44 1222.35 382.84 0.568682
2 544.50 563.62 585.10 597.81 0.567583
1 1324.50 272.55 1348.02 308.34 0.567478
5 257.25 385.91 295.21 429.73 0.565362
1 1340.86 703.51 1361.00 728.40 0.565244
2 1260.92 263.74 1306.48 283.20 0.564103
1 1185.25 600.17 1199.44 620.42 0.562342
6 263.38 352.82 353.68 404.24 0.558221
6 525.34 251.75 588.12 285.10 0.557794
4 305.41 375.45 353.99 399.85 0.557026
5 1251.69 772.90 1367.08 787.60 0.555863
7 722.80 479.79 799.67 554.06 0.555257
6 942.92 263.50 1000.48 298.93 0.554391
6 288.51 247.06 350.43 289.01 0.554175
4 1328.22 308.57 1361.94 338.27 0.552244
7 503.78 431.81 561.01 507.96 0.549905
2 764.77 485.17 786.10 505.77 0.548682
4 187.87 477.76 245.11 501.15 0.546831
4 132.90 16.25 141.59 25.11 0.546786
6 863.65 277.50 919.34 305.76 0.544981
6 1323.76 307.54 1399.58 382.08 0.543849
6 101.47 364.87 184.35 418.74 0.542842
6 239.84 258.45 306.69 289.06 0.542068
1 510.58 433.10 538.93 460.16 0.541351
4 1230.55 370.57 1258.81 394.60 0.540294
4 1186.36 440.39 1221.15 475.83 0.540248
6 951.25 359.75 993.48 415.41 0.539698
1 733.14 495.12 752.19 521.66 0.538047
1 904.84 85.25 965.14 122.95 0.535050
7 1186.14 440.47 1270.37 507.38 0.535010
6 155.94 373.38 260.55 431.57 0.533303
6 1144.04 353.53 1213.53 410.65 0.531856
6 1240.11 266.87 1343.23 310.50 0.530320
7 417.40 359.66 467.71 403.10 0.529633
7 421.48 377.80 452.38 403.74 0.527360
6 1118.56 442.85 1185.66 485.69 0.527305
6 1162.06 273.74 1230.99 291.70 0.526922
7 815.61 513.11 911.27 552.41 0.519107
1 742.24 465.14 757.11 485.81 0.518140
4 109.03 142.82 216.05 182.54 0.517783
6 1022.70 369.35 1063.66 413.40 0.517228
4 220.28 479.76 245.15 497.72 0.516976
7 626.26 334.20 657.19 389.71 0.515521
6 1242.79 314.95 1318.56 340.48 0.511666
7 1033.49 262.37 1067.24 299.00 0.510337
5 184.67 76.76 271.91 101.77 0.510241
4 285.14 519.19 305.55 539.91 0.508342
2 430.89 572.92 469.90 600.03 0.507914
6 1253.61 381.58 1324.86 428.01 0.506641
4 1220.51 446.02 1267.03 477.17 0.505929
1 606.93 588.92 623.96 615.00 0.504040
7 941.20 281.33 976.35 301.44 0.503788
7 725.10 353.43 756.46 409.51 0.502680
4 194.95 537.84 215.49 553.00 0.499499
4 263.30 352.70 307.64 394.57 0.496288
6 7.31 19.22 135.26 46.66 0.495801
6 1187.28 630.56 1307.52 747.75 0.494629
6 1133.44 328.06 1169.38 359.16 0.491556
7 971.87 328.85 1012.37 347.73 0.491253
6 1031.44 445.00 1103.89 501.80 0.491224
2 569.70 574.12 585.41 597.88 0.490031
4 150.41 106.23 249.43 126.70 0.489665
6 157.43 312.08 301.42 379.98 0.488803
1 1209.90 21.74 1246.43 47.50 0.487868
7 181.51 435.84 266.97 499.28 0.487428
6 1367.46 474.78 1399.66 578.49 0.486958
1 495.33 303.93 508.83 327.86 0.486860
1 580.85 486.27 592.12 520.84 0.485907
2 782.34 465.63 800.10 504.63 0.479966
2 542.90 566.53 561.61 591.62 0.477933
7 471.53 439.46 506.14 508.13 0.470073
6 1168.54 421.08 1399.15 541.61 0.468311
4 1149.80 551.76 1169.31 573.03 0.464216
7 1099.17 353.73 1149.28 404.86 0.460784
1 518.14 269.34 532.81 289.36 0.459487
1 753.51 471.97 766.38 496.51 0.458146
2 712.80 504.63 724.74 527.98 0.456035
1 327.87 600.89 349.55 637.28 0.453962
4 156.33 387.09 208.46 416.40 0.453740
7 9.51 536.03 123.50 563.14 0.453457
4 0.00 768.20 23.60 787.84 0.447724
4 128.52 124.37 188.31 148.30 0.447397
4 7.88 20.92 25.13 37.35 0.440660
7 331.89 488.27 358.86 518.85 0.436985
2 526.54 433.09 539.40 459.68 0.435642
4 182.57 122.51 238.05 146.78 0.433240
2 554.72 445.43 565.06 461.16 0.432004
4 1234.31 718.91 1260.01 747.85 0.431508
2 841.38 287.16 850.59 306.15 0.429444
7 768.80 509.41 799.28 552.83 0.427276
2 582.03 466.53 595.07 490.18 0.420162
2 373.56 446.34 398.49 475.12 0.411146
6 106.57 55.96 288.35 186.88 0.401730
4 984.76 743.40 1001.10 767.39 0.391416
4 171.75 91.67 242.76 108.72 0.386451
2 396.69 587.72 420.08 601.54 0.385940
4 108.75 146.83 156.21 182.35 0.382997
9 493.26 307.43 628.79 359.85 0.382003
4 198.42 14.05 217.39 22.06 0.367475
1 289.62 470.39 306.84 488.00 0.348810
