4 763.96 296.04 786.11 319.89 0.999707
4 643.11 232.68 668.25 254.80 0.999581
4 623.41 288.63 649.54 313.13 0.999561
4 385.92 718.78 430.32 782.83 0.995621
4 780.73 105.13 807.90 120.62 0.987977
4 709.77 273.03 720.22 290.77 0.962299
4 907.58 54.52 929.83 68.66 0.959191
4 743.61 193.08 759.79 210.75 0.936198
1 657.76 416.91 680.48 465.89 0.908298
4 196.24 302.68 231.35 323.55 0.881057
1 737.32 202.16 751.35 222.01 0.859631
4 901.49 142.40 917.49 158.29 0.823018
4 919.86 54.36 930.34 65.58 0.818036
4 797.56 105.72 808.46 116.22 0.797640
4 834.01 84.47 842.64 92.70 0.792310
4 875.56 139.67 890.69 153.10 0.773960
4 658.20 444.13 679.81 465.98 0.769432
4 935.36 256.09 945.71 270.78 0.751016
4 912.66 149.37 926.38 161.76 0.742593
4 895.30 167.03 904.07 175.31 0.741634
4 905.36 71.37 922.33 83.77 0.738861
4 807.40 189.40 841.49 220.22 0.738785
4 537.08 238.89 554.95 259.26 0.733282
4 452.70 285.84 501.73 322.98 0.702394
4 935.77 42.62 953.61 53.71 0.685149
4 848.63 78.48 870.76 90.56 0.625618
4 454.79 288.52 484.01 312.69 0.599983
6 399.36 172.06 464.38 206.04 0.596173
3 469.21 336.44 501.88 370.85 0.596042
4 858.08 136.98 890.06 153.22 0.594201
4 438.43 99.98 473.48 119.31 0.587915
1 821.31 482.50 833.46 499.79 0.573195
4 308.78 255.05 338.90 274.39 0.569726
4 1003.80 620.03 1025.21 650.60 0.537114
3 468.53 317.98 525.09 373.17 0.522423
4 676.07 98.47 706.39 113.31 0.522325
4 268.63 273.19 293.42 293.25 0.499265
2 624.33 288.65 649.49 313.11 0.489577
4 123.10 338.44 143.99 354.45 0.465308
1 385.60 718.82 430.52 783.05 0.428561
3 147.94 627.85 215.06 694.61 0.424657
1 227.43 428.51 250.52 446.65 0.402403
1 325.93 603.98 344.76 629.88 0.379930
1 209.68 471.18 232.39 489.80 0.298086
