4 719.61 59.47 842.58 143.65 0.999929
4 414.15 563.27 605.05 754.96 0.999919
4 893.53 875.16 1116.39 1049.18 0.999918
4 868.54 0.45 977.30 76.28 0.999752
1 548.45 73.70 569.36 129.03 0.999472
1 580.36 289.12 603.27 342.99 0.997814
3 919.75 647.23 990.29 712.16 0.997599
4 1350.38 169.50 1399.54 237.10 0.996710
1 368.72 244.45 398.00 302.04 0.995353
1 491.22 268.71 514.98 324.18 0.995042
4 993.62 258.49 1075.92 311.67 0.994580
4 921.31 273.63 1025.13 361.60 0.991505
4 828.92 0.00 911.62 31.46 0.990240
1 509.26 263.67 536.03 319.64 0.989718
1 483.47 202.06 512.02 262.73 0.986062
1 375.39 137.68 405.84 201.66 0.985618
1 462.28 211.09 489.87 267.47 0.985326
3 552.72 103.03 568.05 129.94 0.984866
1 439.10 155.41 464.35 204.78 0.984149
3 731.49 966.50 782.68 1040.03 0.982998
1 413.81 163.37 439.49 216.15 0.978224
1 396.40 189.35 425.80 240.94 0.971596
3 618.72 419.05 648.99 445.06 0.971588
4 983.90 0.00 1026.73 22.90 0.968499
1 312.73 179.77 337.34 226.50 0.955945
3 482.29 232.81 508.82 266.67 0.955620
1 335.52 181.68 366.06 236.50 0.941507
1 725.91 912.10 803.55 1035.87 0.934408
1 524.10 859.45 609.67 937.60 0.918296
1 342.59 149.87 372.24 208.00 0.902287
3 442.79 176.63 466.30 206.87 0.892246
3 495.23 241.00 508.94 264.03 0.878016
1 763.36 912.31 803.51 976.14 0.815630
1 867.07 540.60 910.62 637.23 0.804454
3 506.81 130.97 528.73 149.54 0.799362
2 311.16 138.15 606.40 344.85 0.793653
4 977.44 277.27 1022.34 341.22 0.792424
4 983.49 0.00 1097.55 30.52 0.757528
1 854.46 618.06 931.55 756.99 0.746697
1 893.95 833.64 935.01 883.32 0.742133
3 963.61 788.86 1029.12 880.52 0.718216
1 324.19 218.38 360.02 277.71 0.708394
2 725.66 945.32 781.84 1038.35 0.700087
3 945.15 373.56 975.66 406.83 0.690310
3 639.81 65.15 664.23 83.60 0.661560
1 725.87 944.33 766.03 1036.20 0.653624
3 876.39 317.45 898.38 338.68 0.650447
4 0.00 0.25 38.38 22.84 0.610585
1 726.06 944.54 763.73 983.48 0.608501
4 1269.13 226.59 1391.18 318.05 0.582946
2 491.40 263.35 536.01 324.74 0.577550
3 469.53 237.40 490.76 268.35 0.576785
4 1318.24 915.00 1399.27 1014.85 0.562849
3 542.71 909.26 583.25 950.30 0.539861
3 894.07 833.45 932.82 865.06 0.530734
6 1142.32 224.35 1392.69 435.21 0.520448
3 989.00 847.50 1028.98 880.18 0.510477
10 853.89 179.28 885.40 245.30 0.509048
1 554.57 304.77 594.75 343.12 0.480513
1 524.63 882.39 573.76 936.27 0.480011
3 350.71 226.52 372.96 253.62 0.470530
2 766.39 912.71 802.71 947.75 0.466176
3 384.57 203.08 425.15 241.71 0.446613
2 580.72 289.65 603.08 343.09 0.413633
2 463.14 201.96 511.97 268.61 0.378071
10 537.93 882.91 573.02 918.95 0.198422
