4 706.79 0.34 737.90 70.74 0.999709
4 193.67 351.01 266.47 416.26 0.999475
4 0.20 342.12 34.97 397.06 0.999474
4 575.87 0.28 619.42 53.53 0.999286
4 699.81 268.26 729.16 340.37 0.998784
4 57.52 229.86 124.36 293.47 0.998625
4 179.22 225.77 242.23 291.69 0.998486
4 1.57 224.76 70.83 293.56 0.998252
4 125.94 223.72 186.00 280.15 0.998030
4 615.36 640.75 647.45 711.00 0.993228
4 696.24 813.47 723.97 886.92 0.992031
4 700.41 718.73 728.54 794.42 0.991707
1 611.64 348.60 625.93 381.53 0.987865
4 700.96 632.06 727.81 697.92 0.986245
4 0.04 227.60 10.29 255.59 0.985622
1 577.61 306.83 589.63 333.49 0.983034
2 587.04 888.00 606.04 914.31 0.982070
5 694.29 101.86 744.44 259.34 0.979457
4 652.59 478.89 689.20 539.44 0.975154
1 600.69 729.00 616.09 760.81 0.971764
1 599.40 568.91 614.32 599.58 0.971006
4 696.34 210.00 740.64 258.53 0.968477
4 497.31 528.06 513.33 552.53 0.968089
1 700.80 383.47 729.00 435.06 0.967890
1 693.88 456.24 722.06 511.93 0.965988
4 700.32 912.16 726.87 990.48 0.965228
3 600.18 579.63 613.07 599.96 0.965186
4 522.56 872.14 589.32 928.56 0.962732
4 454.92 375.87 475.04 397.56 0.956697
1 605.68 849.15 619.66 879.70 0.952060
1 611.84 901.89 625.51 933.85 0.948713
1 626.19 160.82 639.22 188.72 0.947832
2 644.08 549.99 669.35 596.50 0.947280
4 403.71 394.72 419.88 409.78 0.944596
4 791.68 242.13 807.54 268.54 0.943657
4 647.68 568.19 669.23 595.79 0.941626
4 895.74 299.49 917.84 328.90 0.932977
4 560.05 697.07 576.40 710.85 0.928917
4 695.01 102.36 744.02 213.16 0.925633
5 791.12 242.03 817.59 301.05 0.925604
4 652.88 478.98 677.69 499.33 0.918154
4 508.30 576.81 532.72 595.47 0.915082
1 576.19 933.34 595.39 958.69 0.910773
4 793.62 269.73 817.35 300.97 0.903064
4 524.52 715.28 541.69 730.33 0.899345
4 391.23 378.61 409.77 403.02 0.893472
3 612.49 357.43 625.17 381.61 0.890268
1 560.44 595.95 574.55 627.39 0.888662
3 627.77 170.83 638.36 188.58 0.876559
4 543.82 645.89 572.61 683.90 0.859827
4 792.53 765.12 817.14 796.66 0.856743
4 508.59 632.30 521.11 648.67 0.849047
1 552.78 802.36 567.39 832.54 0.811775
4 544.65 1036.62 570.73 1049.66 0.806289
2 663.85 0.00 679.04 15.11 0.797391
1 787.18 964.19 813.76 1005.02 0.796402
3 549.77 747.90 573.54 766.30 0.774031
2 551.25 726.02 574.19 748.42 0.770198
4 38.68 117.52 64.07 133.49 0.763174
4 501.17 654.32 513.60 666.56 0.762081
4 309.98 411.02 327.72 424.55 0.760413
4 721.31 701.52 737.20 721.29 0.752268
3 559.10 145.71 573.35 162.76 0.739842
4 701.55 1034.03 727.71 1049.52 0.728038
4 742.91 262.47 756.34 297.12 0.727034
4 703.57 736.27 725.81 751.81 0.724332
4 700.25 268.50 727.41 293.79 0.722795
4 407.70 923.23 425.42 951.94 0.721929
4 701.74 632.24 726.99 650.43 0.718787
2 605.81 861.81 618.45 879.86 0.714977
4 788.42 735.23 805.28 763.63 0.711021
1 739.19 686.12 751.82 707.57 0.702670
2 504.39 689.53 537.29 715.96 0.697821
3 576.15 924.54 606.83 958.70 0.697344
1 560.40 136.89 572.49 159.26 0.692891
1 573.17 132.51 586.00 152.94 0.688193
1 554.70 558.30 568.23 579.34 0.685547
1 559.52 132.29 585.48 162.00 0.679321
1 917.55 61.40 939.89 100.35 0.677991
4 455.71 394.06 469.25 406.87 0.673670
4 500.59 654.03 518.30 690.38 0.673648
4 333.88 410.07 354.32 423.71 0.664847
1 513.08 960.64 536.64 979.58 0.661262
3 792.35 978.26 806.11 1005.97 0.661220
3 561.65 611.12 573.05 627.00 0.654065
4 1070.28 959.73 1158.28 1007.25 0.653885
2 443.94 403.96 454.97 415.02 0.640689
4 477.53 861.58 489.79 876.50 0.640052
6 438.42 373.66 476.94 411.21 0.634377
6 691.75 807.82 731.43 897.22 0.630086
1 644.84 550.12 659.01 572.21 0.627818
4 367.16 993.02 401.81 1019.43 0.610759
4 1107.33 1033.20 1178.89 1049.74 0.610540
5 889.68 726.77 921.30 765.95 0.610374
4 521.38 519.26 533.60 533.65 0.607784
3 488.16 877.19 498.79 891.78 0.607487
4 478.26 129.68 495.65 143.56 0.605035
4 329.09 386.35 345.18 408.92 0.602538
4 490.16 801.06 508.97 820.53 0.599075
3 782.60 974.09 802.75 1005.66 0.598051
6 787.74 734.93 816.89 796.82 0.591114
1 738.57 555.01 753.08 578.08 0.588666
4 498.88 615.65 515.45 629.86 0.585384
4 785.78 761.17 794.85 775.38 0.577320
3 611.66 916.12 624.77 934.00 0.575966
6 419.18 982.67 499.17 1029.54 0.574398
4 699.72 870.23 721.24 886.71 0.574182
4 494.45 731.64 507.23 747.78 0.571724
4 490.05 261.53 504.91 271.91 0.570081
4 730.38 650.05 740.40 664.74 0.567995
1 506.86 931.65 535.57 951.24 0.564995
4 698.19 237.78 741.46 261.09 0.561585
4 0.30 350.47 15.49 381.60 0.560054
3 497.33 592.74 525.15 626.03 0.559082
2 514.04 607.18 525.50 622.65 0.554500
1 394.26 456.32 407.73 472.33 0.548969
1 486.58 861.18 501.54 891.67 0.547555
4 769.12 678.49 777.91 688.39 0.546482
4 784.35 816.74 793.56 833.32 0.545508
2 479.96 819.38 509.37 849.18 0.539526
2 682.45 451.70 692.04 461.81 0.536682
2 804.55 312.37 817.12 333.94 0.536468
3 479.60 831.75 496.51 848.62 0.536370
2 711.32 501.62 724.01 512.68 0.535416
1 542.83 802.71 571.15 863.85 0.531440
4 782.86 924.76 792.78 941.82 0.530400
3 599.80 739.85 614.30 762.59 0.525366
2 721.84 686.44 762.28 721.72 0.525102
1 704.43 416.11 717.92 435.44 0.524875
4 496.82 708.73 514.77 740.68 0.524761
4 259.83 812.45 279.59 853.56 0.522867
2 315.78 711.01 336.80 748.44 0.514575
1 511.05 852.90 523.93 876.49 0.507411
2 751.21 691.79 762.20 707.09 0.493513
2 694.28 456.86 720.11 494.24 0.492842
2 422.12 458.29 430.36 469.35 0.491618
1 514.21 736.71 527.36 771.59 0.491489
2 703.36 404.84 724.66 434.80 0.488127
1 422.13 457.63 435.78 470.31 0.487181
3 606.74 939.95 620.98 956.33 0.482691
2 507.11 933.58 521.91 951.11 0.476886
4 309.72 408.81 354.89 425.10 0.472710
6 872.76 724.57 922.07 777.30 0.467948
2 497.34 631.33 508.97 647.70 0.467416
1 1084.62 969.23 1104.69 1004.98 0.465637
6 997.52 661.18 1040.06 690.16 0.460442
2 496.55 593.02 513.19 624.67 0.457937
2 513.16 962.03 525.28 979.27 0.453693
2 549.92 709.22 559.36 725.18 0.450691
4 129.99 10.78 173.16 37.05 0.447715
2 516.74 751.94 527.64 766.05 0.437633
2 497.76 830.40 509.86 847.63 0.436761
9 384.87 369.45 438.71 409.53 0.433961
2 393.63 454.69 437.52 473.61 0.432138
2 561.91 736.49 575.63 765.39 0.431444
2 524.49 962.57 537.60 978.10 0.428306
2 503.63 4.15 754.24 1002.99 0.407758
2 599.43 745.73 608.89 763.51 0.406603
4 113.06 269.42 147.19 295.22 0.404389
4 196.41 160.38 212.62 170.17 0.400015
1 731.46 1014.69 742.94 1049.42 0.389288
4 2.27 221.17 244.76 306.32 0.370024
4 0.17 23.88 23.72 44.95 0.349909
4 186.48 0.00 227.74 16.16 0.318041
4 12.82 83.44 43.86 93.88 0.280571
10 542.96 824.46 570.67 863.74 0.199962
