1 1102.54 859.76 1177.79 1067.55 0.999955
1 757.16 611.13 810.50 749.96 0.999918
4 813.86 227.58 845.43 256.67 0.999382
4 1371.64 260.11 1437.64 311.67 0.999315
4 819.19 715.49 1099.81 1076.60 0.998868
3 1396.66 328.21 1450.58 363.80 0.998532
3 358.75 905.96 650.65 1077.13 0.994602
5 842.49 330.39 918.45 411.96 0.994364
4 1304.38 267.32 1375.20 313.57 0.993025
1 856.53 226.89 866.34 254.34 0.992506
5 919.71 289.96 960.48 342.97 0.988343
4 855.52 187.81 874.04 200.59 0.987372
3 596.18 788.42 683.20 919.02 0.984983
3 1234.83 350.76 1293.32 390.08 0.982296
4 207.43 775.91 521.01 934.46 0.981814
3 868.97 431.47 946.77 481.78 0.978539
1 589.25 319.59 607.49 369.30 0.972215
1 606.15 317.18 628.94 368.09 0.971360
4 919.62 220.72 940.95 247.91 0.969965
1 1407.00 308.18 1435.88 352.59 0.968625
4 940.16 222.16 977.19 255.22 0.961518
4 874.51 173.54 898.48 190.65 0.956147
3 600.58 423.90 687.66 470.54 0.954603
4 766.68 221.04 799.82 248.62 0.954116
1 1757.30 602.99 1821.84 721.58 0.952563
1 884.68 405.62 924.40 467.07 0.950365
4 933.12 185.20 945.95 200.98 0.945456
4 927.89 164.21 947.01 180.20 0.941920
4 643.12 277.82 675.81 308.36 0.938206
3 359.17 906.83 519.05 1030.01 0.933922
2 588.63 316.26 629.49 370.35 0.921140
3 1719.58 707.88 1874.26 857.02 0.914224
4 590.77 295.83 651.30 348.43 0.914202
6 986.97 205.98 1017.65 238.66 0.911531
4 989.75 177.80 1003.66 193.21 0.905641
3 976.12 268.56 1007.96 304.95 0.897921
4 807.14 196.80 821.61 209.81 0.885956
1 623.75 393.63 669.92 456.04 0.882822
1 568.49 312.09 587.91 356.81 0.878161
1 1247.74 332.54 1283.68 375.61 0.872329
7 576.72 734.03 716.96 918.60 0.859924
7 698.07 678.05 753.40 763.13 0.847211
4 1039.57 183.21 1050.33 197.57 0.843013
1 911.35 177.30 921.01 201.49 0.841931
4 1016.24 195.14 1030.61 212.72 0.838167
4 783.77 199.60 804.48 213.55 0.837097
2 1753.40 601.57 1874.20 806.58 0.834886
4 736.87 195.57 747.34 208.11 0.832158
2 1025.13 313.68 1052.57 349.38 0.826652
4 1304.34 274.73 1334.85 312.54 0.814168
6 481.65 271.81 583.59 352.98 0.807897
3 1063.91 293.57 1095.35 320.77 0.778084
4 1197.59 222.48 1217.14 238.83 0.775566
4 636.97 273.07 666.36 297.99 0.766127
4 715.91 306.59 751.69 337.29 0.765867
4 730.86 211.13 746.51 229.14 0.762737
4 1254.42 279.48 1274.59 300.86 0.750919
6 1095.28 250.99 1194.68 329.60 0.749967
4 1070.05 279.22 1095.33 299.30 0.743033
2 1234.82 330.03 1293.77 390.43 0.741122
6 1172.23 244.38 1287.92 329.19 0.739933
6 664.70 263.44 712.34 316.77 0.734890
6 1095.62 278.28 1133.49 327.98 0.731515
1 883.51 196.36 893.36 214.29 0.731413
4 1228.70 278.33 1289.26 327.92 0.727075
4 1621.25 306.20 1641.58 320.82 0.717835
4 952.71 208.85 967.29 221.06 0.717139
4 627.37 298.42 651.87 329.48 0.714292
6 707.85 243.86 832.91 339.19 0.714214
4 954.75 166.18 972.73 180.80 0.713705
4 1518.09 602.42 1866.72 716.45 0.713456
4 996.14 229.25 1018.34 246.20 0.709104
4 582.49 297.68 605.21 324.48 0.708792
4 1869.49 295.27 1892.22 318.91 0.708055
4 1105.03 221.02 1123.67 234.27 0.702485
4 1195.87 302.35 1228.72 330.20 0.701011
6 1003.79 226.65 1098.80 309.88 0.700879
4 497.40 330.85 518.95 356.78 0.695688
1 452.84 784.77 493.12 828.62 0.693833
3 1025.92 325.87 1050.36 349.70 0.693362
6 1579.97 291.14 1611.16 343.07 0.691819
3 1434.09 277.15 1460.78 308.34 0.687661
7 759.07 293.02 818.91 333.80 0.684382
4 940.17 217.36 964.63 231.04 0.679511
6 953.88 195.23 1017.87 242.81 0.678135
6 919.63 217.73 978.06 254.24 0.676973
4 1040.20 216.34 1065.60 232.61 0.676185
3 1227.64 299.96 1289.10 329.90 0.673555
5 1303.76 259.51 1437.78 313.80 0.669045
7 603.55 675.64 752.23 805.98 0.668490
4 892.72 140.21 916.65 152.66 0.665150
3 1012.43 276.54 1056.71 312.36 0.664184
4 546.04 321.65 572.84 344.44 0.660878
4 754.25 193.60 773.28 208.00 0.658370
3 1063.99 301.18 1079.28 320.92 0.644004
6 677.64 279.36 751.98 336.28 0.643524
2 825.03 273.68 835.04 295.27 0.642445
4 1869.67 290.11 1915.68 320.95 0.630215
4 436.04 339.08 506.46 381.95 0.628831
7 1063.87 279.93 1097.22 320.95 0.622504
3 1680.17 301.20 1714.05 336.27 0.618839
4 1015.90 180.95 1049.98 202.65 0.617701
2 956.18 182.88 964.91 199.94 0.616598
7 1453.96 283.24 1477.24 311.43 0.616406
4 625.42 742.64 693.30 775.95 0.615424
6 1097.18 223.43 1171.07 264.29 0.614247
2 995.57 240.69 1009.76 264.20 0.613614
2 868.54 408.50 946.47 481.37 0.605427
5 829.66 844.92 1099.51 1076.83 0.601721
1 1778.16 602.92 1820.88 654.28 0.594684
3 1274.31 316.31 1308.51 334.53 0.593987
7 434.38 349.14 516.35 403.25 0.593560
6 1371.53 259.71 1438.07 311.33 0.591867
7 664.86 263.53 713.72 333.64 0.590382
7 542.89 323.63 576.05 359.12 0.584370
3 1274.11 318.21 1320.79 352.73 0.581433
7 706.54 303.55 752.30 338.34 0.581010
4 780.93 294.86 815.35 318.17 0.580347
4 1068.35 210.57 1095.52 225.67 0.578206
2 1406.96 309.51 1436.18 354.63 0.568341
1 1024.66 315.19 1038.87 344.66 0.565446
2 874.76 923.50 1024.44 1037.68 0.561542
7 470.83 934.72 650.40 1076.33 0.555965
4 521.07 325.59 545.55 346.81 0.555467
4 476.22 348.27 505.97 381.01 0.553422
2 1666.73 618.75 1689.40 668.23 0.551735
4 499.90 321.93 574.31 360.59 0.550577
1 927.95 924.37 1023.71 1033.51 0.550288
7 1428.43 461.63 1914.68 858.22 0.547222
2 1538.22 603.19 1846.19 676.48 0.533610
7 1114.72 300.95 1187.50 330.56 0.529153
7 483.09 378.10 516.54 402.65 0.528435
2 1038.24 272.16 1057.14 306.88 0.526416
6 6.64 468.38 763.30 815.36 0.523705
9 737.44 195.21 770.95 226.15 0.522533
2 760.26 295.06 780.99 323.34 0.520196
2 1635.44 618.85 1765.61 671.47 0.519373
7 599.02 735.63 702.73 812.32 0.518380
9 871.16 167.33 901.92 190.30 0.516576
7 1234.19 319.23 1317.66 390.78 0.514697
7 707.02 283.21 821.45 338.00 0.509773
4 323.24 288.36 507.89 384.94 0.504225
7 504.65 333.29 573.67 360.97 0.499934
2 383.60 803.56 433.36 843.30 0.498654
6 390.82 289.50 508.01 383.72 0.487927
2 589.68 320.12 606.51 368.61 0.487054
2 1010.78 270.72 1027.45 312.07 0.486957
9 486.57 276.19 561.84 335.73 0.477660
7 1515.20 624.10 1707.30 772.86 0.458706
4 1872.95 738.45 1915.56 796.50 0.458431
2 601.31 394.04 687.86 470.08 0.437900
7 1763.62 607.44 1915.00 856.50 0.426585
4 5.12 603.45 328.12 829.43 0.413562
7 842.89 330.10 947.74 481.24 0.409224
2 461.69 785.19 491.88 824.49 0.408314
9 573.87 208.64 729.05 315.48 0.407133
9 1868.93 245.95 1915.77 320.64 0.399987
7 1844.67 736.78 1915.42 836.04 0.392843
10 842.77 330.40 918.38 411.46 0.370029
10 603.66 788.90 682.43 868.61 0.341886
10 358.14 906.02 651.05 1076.83 0.331613
10 1629.39 324.02 1661.10 357.50 0.285368
7 301.68 468.05 760.71 921.67 0.261774
10 447.76 930.80 525.66 1000.07 0.216956
10 618.45 790.92 661.37 842.21 0.211168
