4 633.85 670.97 662.93 691.92 0.999480
4 110.90 172.50 133.25 203.71 0.982030
4 495.21 322.76 517.39 352.51 0.981250
4 112.92 114.84 138.06 138.22 0.979973
4 137.90 135.20 156.10 159.02 0.971447
1 1063.22 320.71 1082.80 362.02 0.966991
1 662.80 544.02 677.59 577.39 0.946965
4 405.72 111.58 425.01 141.14 0.945083
5 834.00 250.32 995.22 378.56 0.939735
4 385.82 256.45 409.02 287.16 0.927406
1 612.43 502.41 629.33 535.93 0.915922
5 663.75 291.90 757.49 365.96 0.907525
4 1082.03 247.54 1148.40 271.69 0.900982
4 834.53 253.81 928.88 335.74 0.896680
4 678.22 88.84 694.43 115.17 0.893585
1 1010.31 259.76 1026.01 286.99 0.891216
4 660.71 83.37 676.43 102.33 0.875942
1 595.26 507.84 614.63 538.76 0.873914
4 701.01 131.15 719.84 159.34 0.871244
4 1168.46 363.45 1197.97 382.68 0.868718
4 668.01 44.14 688.42 64.54 0.867017
3 693.06 222.70 722.72 258.95 0.862662
4 776.86 253.49 827.03 280.47 0.853614
5 922.12 253.12 991.73 366.20 0.848652
4 705.25 158.46 723.66 181.45 0.846473
4 107.25 625.86 149.03 658.56 0.838227
4 1062.94 154.10 1082.77 173.86 0.833586
4 1360.96 5.08 1388.41 35.86 0.833109
4 815.47 197.35 832.35 210.16 0.823186
1 1062.71 251.14 1075.29 280.41 0.819699
4 754.35 21.55 777.51 44.42 0.797967
4 710.96 219.99 723.45 234.29 0.790439
6 979.82 161.31 1023.61 216.66 0.790147
4 447.01 252.20 455.92 273.38 0.768895
4 50.51 107.34 78.62 127.35 0.756993
3 701.81 238.50 721.45 259.08 0.756321
4 794.05 196.70 812.07 213.22 0.747960
4 351.69 51.10 365.19 71.82 0.745281
5 105.32 592.18 217.44 662.75 0.743696
6 931.24 130.51 977.11 172.30 0.738651
4 868.03 497.38 891.46 521.77 0.737511
4 898.53 316.27 923.77 333.63 0.736276
4 800.59 145.11 824.00 162.02 0.734286
4 628.17 279.46 660.79 308.72 0.726266
4 914.13 330.33 927.70 345.04 0.720385
4 769.43 374.92 796.86 405.86 0.719373
6 1089.31 141.70 1116.82 175.09 0.718307
1 585.25 655.11 603.97 683.52 0.712508
4 256.22 202.98 269.77 220.30 0.711373
4 412.66 128.17 424.60 140.57 0.709965
4 1025.86 117.95 1049.35 137.71 0.706994
6 1084.51 306.10 1133.30 360.66 0.704810
4 1060.65 61.02 1116.51 100.98 0.704187
4 939.82 150.12 966.52 165.80 0.701506
4 650.13 9.64 697.52 43.52 0.701400
4 905.20 291.62 926.80 309.06 0.696332
6 655.89 290.82 778.97 396.39 0.691424
4 1186.06 281.99 1213.81 304.30 0.688392
4 804.31 728.25 838.84 767.82 0.688356
4 359.15 68.21 373.99 82.65 0.679560
4 1111.32 117.84 1140.82 137.07 0.676853
4 566.75 499.15 583.90 521.76 0.675518
6 1167.02 326.31 1286.14 384.43 0.674121
4 196.81 99.41 220.52 127.03 0.669939
4 965.68 395.22 1011.58 422.50 0.668497
6 579.54 210.44 711.61 301.25 0.660741
4 371.19 544.11 395.22 583.72 0.656914
6 996.88 234.88 1056.76 259.99 0.654506
4 350.37 50.45 374.42 82.33 0.649034
6 661.55 225.90 699.63 258.06 0.648228
4 1146.70 694.65 1218.06 760.93 0.641049
4 1048.14 134.90 1084.94 152.50 0.639525
3 783.52 277.16 820.29 310.49 0.637845
2 595.35 502.20 630.26 539.04 0.634488
4 53.75 147.79 83.11 163.12 0.625475
6 352.28 284.74 403.17 354.03 0.624727
4 549.64 753.75 601.71 787.11 0.618072
2 1061.63 320.34 1085.55 390.15 0.611068
4 1210.67 439.92 1227.97 452.81 0.606701
4 567.32 753.92 596.57 771.02 0.606651
4 960.76 363.04 991.01 380.60 0.603837
4 953.74 484.04 1030.83 534.64 0.602826
4 1154.94 357.74 1175.33 371.68 0.602243
4 963.46 440.70 987.24 461.02 0.599571
4 508.01 614.80 524.61 632.38 0.598353
4 927.14 354.78 943.85 367.74 0.596199
4 1073.07 424.58 1115.42 442.42 0.595397
4 1126.68 432.92 1169.24 450.56 0.594819
4 1090.93 312.84 1101.99 322.85 0.593094
4 233.57 170.70 256.94 214.78 0.585366
4 953.77 484.82 992.57 514.33 0.585022
6 106.32 605.92 189.35 661.54 0.580443
7 659.83 212.10 723.39 267.84 0.579763
4 273.41 245.18 285.33 256.62 0.579618
2 1084.91 384.48 1097.82 408.14 0.579285
4 1008.24 423.01 1020.79 434.27 0.576454
4 1235.82 378.39 1272.73 396.04 0.571712
6 1234.65 126.56 1382.04 237.91 0.571676
4 415.07 588.62 436.76 604.55 0.563985
4 1124.36 336.40 1150.43 351.79 0.560181
5 107.06 624.23 183.11 662.38 0.558882
2 712.21 266.82 726.93 289.87 0.557314
4 1148.95 344.99 1188.21 372.75 0.556310
4 356.82 632.96 380.59 651.77 0.552821
4 1199.00 360.87 1232.96 376.95 0.552369
6 1185.22 342.61 1233.38 376.31 0.550941
4 1072.49 404.37 1090.65 417.69 0.550008
4 1078.30 524.52 1112.65 543.06 0.549447
6 210.07 591.53 253.81 645.23 0.548392
4 550.23 772.78 598.61 787.37 0.547214
2 1070.61 363.94 1087.19 404.88 0.542787
2 1191.28 442.61 1205.93 467.21 0.541952
4 234.96 172.56 253.02 195.37 0.540160
4 1302.35 383.58 1342.63 407.21 0.533223
1 692.91 400.77 704.08 421.03 0.532031
2 697.23 267.71 710.78 287.00 0.529232
1 466.49 224.76 484.27 252.59 0.526748
4 1227.17 465.74 1248.05 477.91 0.526204
4 151.82 695.56 186.57 713.32 0.520636
4 1277.33 377.24 1305.07 393.79 0.520381
4 1141.29 514.96 1162.43 527.23 0.519055
2 738.52 254.01 753.37 274.00 0.514250
2 679.17 407.06 689.98 421.42 0.513337
2 844.42 272.93 856.08 289.17 0.513264
10 909.47 1.34 970.72 53.40 0.512574
2 696.14 265.37 731.81 298.08 0.512332
4 379.80 544.15 394.76 566.42 0.510928
6 200.48 519.14 303.40 667.79 0.508081
4 1313.04 455.38 1331.84 473.89 0.501860
2 605.93 276.01 620.75 293.66 0.501130
4 148.42 155.92 161.10 166.95 0.497933
2 594.07 502.24 681.01 578.85 0.497590
1 1103.91 265.46 1114.63 282.77 0.495504
6 1266.08 379.75 1342.70 417.30 0.494859
4 1297.19 417.99 1317.92 434.03 0.494759
4 155.61 33.52 179.02 64.90 0.488999
4 0.19 174.57 11.58 188.60 0.488775
4 1232.89 531.12 1258.17 546.45 0.483964
2 989.27 176.26 1001.32 201.31 0.481392
4 1214.60 455.95 1228.56 469.46 0.478392
4 238.17 138.55 254.69 149.05 0.477529
4 1306.29 489.85 1334.63 505.04 0.476641
6 1250.54 452.90 1370.37 544.75 0.473974
4 1284.53 424.99 1294.14 434.03 0.473900
6 1277.01 500.29 1366.23 543.04 0.459077
2 655.54 536.04 666.87 560.53 0.454284
2 624.08 257.88 632.50 276.32 0.446664
4 1276.96 487.64 1287.28 498.68 0.438372
4 100.66 158.94 115.56 172.48 0.431593
4 143.78 427.71 174.70 456.35 0.429790
4 0.81 703.90 25.56 722.21 0.428892
6 1276.96 464.55 1298.95 486.61 0.426622
6 835.14 562.12 1398.25 786.96 0.405537
4 57.95 403.92 97.59 430.56 0.401720
9 655.88 355.46 794.04 402.58 0.382311
10 1139.21 0.34 1298.52 112.02 0.361285
6 754.96 0.98 1024.97 227.20 0.349008
1 750.96 85.77 784.49 150.93 0.348061
6 196.37 99.38 257.98 217.19 0.336643
4 87.70 150.70 115.88 173.09 0.329662
9 1252.34 453.43 1359.89 505.36 0.322600
9 116.60 606.76 189.34 644.21 0.300044
4 112.56 113.91 161.13 166.93 0.286822
9 1256.00 461.70 1299.31 499.16 0.266477
10 1338.20 679.88 1360.97 707.71 0.173324
10 1367.79 671.26 1387.79 700.28 0.148275
