4 1199.50 638.15 1246.58 699.29 0.999118
4 545.13 708.02 639.44 751.98 0.999000
4 1087.74 402.51 1112.00 422.91 0.998741
4 769.15 575.60 795.66 612.97 0.998300
4 880.72 910.62 997.33 982.71 0.997133
5 807.90 412.94 865.30 487.78 0.996071
4 1303.86 427.07 1332.65 455.81 0.995191
4 840.82 477.67 892.12 505.85 0.995170
5 1065.75 496.96 1125.25 581.48 0.994870
4 1045.47 304.05 1092.28 352.11 0.992965
4 1051.43 411.01 1080.55 449.01 0.992583
4 629.05 489.45 678.47 513.60 0.992306
4 902.95 959.85 1010.35 1056.22 0.989078
1 816.74 533.67 832.42 561.78 0.988686
4 810.17 193.05 828.31 217.85 0.980392
4 1090.98 535.66 1124.64 581.25 0.979433
4 1065.92 497.32 1112.97 551.01 0.974567
4 642.50 459.31 700.05 485.25 0.972767
4 862.30 441.85 885.89 464.33 0.958396
4 823.03 291.75 849.14 324.15 0.942205
4 801.61 149.52 817.03 165.86 0.928225
4 1289.09 408.94 1304.17 424.08 0.910515
4 449.17 871.44 522.81 929.29 0.905204
4 1255.51 311.69 1275.63 340.07 0.901815
4 715.34 235.29 732.74 258.52 0.900638
4 952.22 242.80 966.57 257.83 0.887288
6 655.56 399.93 708.93 445.93 0.884025
4 817.36 220.20 832.16 235.16 0.872332
4 914.41 520.21 959.07 543.24 0.862815
4 809.81 235.61 836.40 254.25 0.851211
4 933.60 181.16 947.92 194.64 0.850879
4 502.54 582.68 537.29 606.13 0.842482
4 763.37 183.40 775.29 199.64 0.840038
4 808.95 167.48 818.52 178.88 0.839340
4 864.33 416.58 877.06 429.63 0.833513
6 710.37 234.18 733.19 262.18 0.833403
6 808.17 412.79 888.08 490.96 0.826832
4 1102.07 159.33 1118.74 177.86 0.825543
4 713.50 269.49 731.32 283.62 0.824025
4 612.07 477.80 636.07 498.52 0.823804
4 847.40 430.36 885.93 464.83 0.814014
4 918.38 142.72 936.64 171.06 0.807424
4 1349.87 377.22 1385.61 400.89 0.804856
4 827.60 366.31 863.93 391.74 0.795446
4 794.63 185.74 803.05 194.83 0.795061
4 826.71 240.55 838.03 252.55 0.793053
4 725.89 212.99 745.13 223.69 0.780436
4 697.61 271.50 711.04 286.59 0.776942
4 686.33 317.88 725.50 336.84 0.751682
4 1340.98 339.12 1361.08 350.62 0.751558
4 729.05 439.68 740.03 453.44 0.743141
4 672.42 440.62 707.31 458.04 0.737825
4 752.20 262.92 766.38 277.16 0.734605
4 817.76 323.30 854.76 352.61 0.734344
4 845.52 372.11 864.94 391.52 0.732574
1 423.62 691.65 439.71 718.30 0.728058
4 701.32 400.34 722.31 417.39 0.721677
4 1349.25 382.81 1367.20 399.19 0.714223
4 913.68 524.59 935.81 541.81 0.709899
5 652.64 360.07 691.26 385.09 0.705846
1 592.07 752.03 627.66 801.20 0.699068
4 655.50 419.47 689.66 443.88 0.698518
4 669.70 334.61 695.44 351.78 0.698453
4 1383.08 337.65 1407.44 357.98 0.697118
4 1029.57 393.38 1042.94 406.86 0.696313
4 811.32 254.21 839.34 274.10 0.685485
4 714.30 201.26 736.51 214.81 0.668320
4 677.21 348.43 716.02 380.83 0.665464
4 828.08 349.61 862.09 369.58 0.664208
4 735.04 282.31 760.47 300.01 0.657643
4 671.28 392.85 721.96 417.66 0.648690
3 743.78 384.96 760.50 409.21 0.648556
4 1466.15 529.14 1489.87 564.81 0.645281
6 1343.46 307.54 1390.03 348.47 0.640538
6 1716.62 157.04 1753.96 187.43 0.639441
3 1027.24 356.90 1066.18 399.44 0.633175
4 947.20 87.80 967.69 100.50 0.631130
4 830.83 464.02 863.29 487.64 0.630576
6 812.14 412.96 846.27 453.57 0.627841
4 818.57 274.56 844.81 289.07 0.625427
4 684.24 301.70 704.01 314.92 0.624805
4 713.60 375.98 735.27 391.19 0.624307
4 735.40 184.10 754.30 198.35 0.623440
4 1881.22 195.90 1915.05 221.11 0.617272
2 760.93 224.68 772.19 245.08 0.614073
4 967.84 228.13 995.94 244.99 0.612089
9 1147.20 189.44 1180.31 214.10 0.609635
6 456.99 521.45 563.69 603.79 0.606339
4 1586.83 291.58 1604.24 304.15 0.605684
1 452.22 720.79 491.39 746.68 0.604853
4 1360.13 209.46 1389.71 223.79 0.601490
4 748.08 131.88 776.28 147.59 0.601203
1 778.16 253.24 785.39 266.90 0.598281
4 743.11 152.71 762.84 164.90 0.595479
4 1833.05 571.95 1877.95 621.89 0.594831
4 1791.18 223.03 1822.92 237.65 0.593344
4 1479.25 495.43 1494.85 511.62 0.593128
4 1364.44 850.23 1425.58 896.77 0.590381
4 820.84 340.61 857.24 361.85 0.586572
4 823.84 438.51 863.27 462.17 0.584708
6 476.21 563.81 506.64 598.88 0.584034
4 716.62 233.41 733.51 244.80 0.582050
4 1878.14 267.99 1902.49 284.35 0.579039
3 210.17 482.13 239.08 527.87 0.577347
4 741.62 160.71 767.92 177.74 0.575007
4 706.04 317.82 726.31 332.48 0.574945
4 705.91 252.85 728.05 266.23 0.571900
4 1775.33 247.31 1806.74 264.39 0.570859
3 238.09 583.58 279.66 638.20 0.569181
3 816.82 544.91 831.68 561.70 0.569079
4 611.22 148.39 632.54 164.57 0.566054
1 730.27 364.01 743.93 387.68 0.557254
1 249.64 645.07 273.59 699.83 0.548483
4 674.11 381.15 712.26 400.12 0.543544
4 719.51 413.73 748.13 429.55 0.543527
4 736.95 274.62 757.36 287.08 0.538318
6 1619.77 278.64 1651.28 296.09 0.530931
4 683.14 348.76 715.87 363.69 0.525207
9 484.86 182.74 519.34 207.89 0.524104
4 480.00 578.74 504.61 599.48 0.520758
4 745.12 172.98 765.67 183.71 0.519957
9 534.09 141.52 575.07 165.19 0.510355
2 609.88 404.28 622.99 437.39 0.504135
4 1730.42 560.12 1762.24 594.44 0.502401
4 697.45 98.83 716.32 109.00 0.496781
2 644.61 413.49 658.76 433.27 0.482428
2 595.01 489.52 606.83 515.67 0.474958
3 506.36 633.00 545.62 667.96 0.464116
2 656.59 383.80 666.63 400.78 0.455393
1 1509.92 414.25 1526.09 446.69 0.440323
4 0.23 280.77 36.41 301.64 0.428312
6 0.42 254.47 54.27 292.77 0.415420
9 201.20 122.36 257.57 142.74 0.414434
2 471.64 721.18 491.53 743.86 0.403282
2 458.67 865.96 494.74 882.29 0.397308
1 451.62 209.12 471.35 238.87 0.393634
3 269.60 751.89 298.82 786.21 0.391752
4 312.56 127.74 344.53 141.05 0.391598
1 452.33 724.47 466.67 745.98 0.389638
9 1344.54 307.56 1387.91 341.04 0.384291
1 239.38 592.44 262.22 638.42 0.375335
1 228.05 539.51 252.81 586.31 0.363264
4 1899.67 902.89 1915.63 932.50 0.350770
1 202.45 415.77 226.59 474.80 0.348794
10 444.76 946.18 472.95 970.13 0.229248
10 591.12 771.78 628.00 802.83 0.222210
