4 764.01 416.57 810.13 463.32 0.999345
4 676.59 560.46 725.90 663.54 0.999298
4 716.47 464.57 769.43 551.77 0.998426
4 803.37 291.23 839.32 327.63 0.998368
4 816.71 391.07 853.65 437.77 0.998356
4 811.57 334.77 846.12 373.13 0.997849
4 955.59 210.58 1014.95 233.49 0.990861
4 489.88 119.14 522.20 135.43 0.989487
4 662.93 706.03 726.76 853.18 0.989438
4 907.24 167.44 952.34 201.30 0.982460
4 120.93 197.87 189.74 239.64 0.975259
4 467.78 230.21 530.76 266.25 0.948456
1 523.85 158.78 536.04 191.11 0.934522
4 555.14 482.17 603.85 563.35 0.934245
3 524.26 171.98 536.96 194.28 0.911081
4 901.17 100.85 916.98 117.21 0.906972
4 858.07 355.42 902.31 420.96 0.899174
4 608.49 283.86 636.39 316.29 0.859209
4 976.33 143.33 1001.05 172.96 0.857343
4 976.27 549.29 1035.24 600.83 0.847663
5 915.72 83.25 956.69 124.05 0.840073
4 998.02 90.33 1019.04 111.49 0.814764
4 856.64 286.82 886.59 316.83 0.810278
4 1041.08 101.86 1070.08 127.32 0.805949
4 975.74 143.31 1037.74 174.21 0.800340
4 846.84 93.04 897.03 133.37 0.800183
4 918.34 83.89 954.56 104.89 0.798488
4 953.84 165.30 981.56 183.25 0.788034
4 1045.36 144.99 1066.77 168.13 0.774961
4 504.24 72.47 545.92 91.57 0.766433
4 922.49 166.85 950.55 186.65 0.754984
4 1023.71 68.48 1079.12 99.74 0.745877
4 520.83 115.77 557.37 136.48 0.731919
4 1260.85 67.21 1341.55 90.33 0.729531
4 844.55 336.04 876.67 367.53 0.716955
4 907.55 174.91 931.94 192.80 0.714652
1 1071.37 454.09 1184.06 622.42 0.710119
4 1162.21 62.00 1201.86 78.83 0.708742
4 109.82 261.68 181.81 308.03 0.708583
4 1135.55 393.40 1399.56 638.19 0.701091
4 967.74 77.87 1020.85 116.24 0.697734
4 1022.20 149.56 1063.15 172.56 0.695831
4 428.48 83.28 456.04 100.75 0.694228
4 420.01 48.01 445.78 62.50 0.671048
1 698.65 149.43 712.29 176.04 0.670827
1 857.67 354.64 912.29 476.92 0.665776
2 947.79 357.52 1396.12 1046.00 0.663861
4 460.39 114.56 480.93 129.05 0.559098
4 191.32 74.84 224.15 96.15 0.547911
9 670.22 121.83 710.85 160.05 0.525778
1 706.35 133.79 721.70 170.32 0.501581
4 360.12 73.36 382.64 87.71 0.499650
9 753.63 122.40 793.83 162.17 0.492028
9 712.23 123.12 754.17 155.11 0.491464
1 993.30 134.27 1027.12 190.10 0.478713
9 902.32 83.29 955.95 121.74 0.470701
4 239.64 18.96 265.77 40.46 0.432810
1 723.52 56.07 745.02 93.14 0.419319
1 505.63 154.89 536.61 192.38 0.405954
3 467.46 143.53 536.59 193.19 0.388364
4 0.32 1.57 32.09 30.80 0.376017
4 1.05 1.03 105.09 30.27 0.309567
9 1333.07 403.77 1399.62 490.88 0.299660
6 4.68 91.99 382.07 244.33 0.272856
