4 102.15 357.85 185.90 444.09 0.999857
4 1522.34 941.34 1637.00 1050.73 0.999687
4 1471.28 275.21 1542.32 336.53 0.999615
4 430.82 359.93 521.55 416.97 0.999181
4 333.17 490.80 423.09 544.94 0.998761
4 1340.55 412.47 1374.05 459.05 0.997679
4 1634.39 251.28 1732.02 305.79 0.990882
1 686.19 454.98 725.69 508.73 0.980026
4 1588.71 129.98 1637.63 165.00 0.969282
2 1380.66 415.44 1431.12 494.60 0.948798
4 1898.81 45.72 1915.64 70.53 0.934492
4 1194.94 413.55 1273.06 488.75 0.907890
3 758.87 428.14 782.91 462.82 0.871465
4 1878.15 161.40 1915.72 239.84 0.800662
4 1440.64 439.06 1498.64 507.00 0.777946
4 933.55 336.66 965.33 367.42 0.770291
4 1633.67 137.64 1662.94 167.18 0.763422
4 1217.79 406.43 1248.25 431.42 0.760058
4 733.37 306.59 761.72 337.85 0.749170
4 1221.33 392.79 1276.66 427.21 0.746609
4 1700.92 192.61 1748.80 229.90 0.734771
4 1589.27 5.58 1626.27 34.73 0.729049
4 1610.23 86.80 1685.55 137.22 0.727117
4 1894.35 160.66 1915.75 214.68 0.725605
4 1119.07 388.27 1140.13 410.16 0.712012
4 1290.94 633.63 1331.19 664.50 0.708863
2 953.08 343.39 1197.55 620.01 0.703891
4 1573.19 264.00 1584.44 275.55 0.691975
4 1707.79 80.40 1743.77 106.63 0.691859
4 1539.59 48.48 1574.24 70.28 0.690221
6 1343.56 621.74 1527.70 752.03 0.688559
3 990.80 667.06 1134.95 797.62 0.682043
2 533.33 210.31 783.95 498.46 0.681834
3 529.85 827.77 597.96 957.46 0.678458
4 1115.48 386.48 1159.96 415.78 0.673173
4 1190.17 404.35 1247.86 444.63 0.670730
2 1058.92 567.93 1107.26 620.04 0.660077
4 1608.07 115.75 1645.15 139.59 0.657059
1 998.76 460.19 1041.33 516.54 0.651374
4 1074.21 577.44 1101.99 597.67 0.646760
4 1316.94 665.37 1356.96 686.06 0.638333
4 1104.08 588.41 1150.34 622.03 0.636214
3 799.38 590.26 937.75 727.02 0.634591
2 1063.60 569.41 1079.67 593.67 0.629267
4 0.21 191.96 15.21 227.06 0.627281
3 1010.37 553.33 1035.34 587.46 0.624025
6 1451.17 213.57 1583.16 262.90 0.615382
6 1655.34 95.74 1741.91 178.57 0.610472
3 1618.86 283.72 1636.73 300.90 0.610208
6 1587.97 85.88 1687.65 169.28 0.609395
4 1871.23 385.66 1907.60 432.43 0.608297
2 1102.84 592.80 1115.64 612.49 0.606491
2 1540.62 98.54 1560.22 126.72 0.598461
2 957.24 356.64 1074.41 516.47 0.594073
3 483.57 641.03 513.62 666.59 0.589137
4 1290.68 633.66 1307.62 650.74 0.585203
2 1033.52 406.81 1053.93 439.25 0.584728
6 1344.50 684.83 1430.22 737.74 0.579728
2 722.06 467.52 740.16 493.69 0.577663
6 1515.93 234.03 1582.67 262.74 0.569329
3 802.37 511.02 838.34 539.54 0.565353
3 719.01 472.65 753.06 513.20 0.560585
2 692.24 317.18 705.25 339.82 0.554937
2 1060.61 595.43 1077.41 619.13 0.553417
2 640.21 231.03 657.40 253.91 0.550684
2 642.62 451.49 665.61 477.06 0.548513
2 675.57 347.78 705.51 399.74 0.548337
1 678.07 899.27 691.77 922.44 0.543041
6 1317.84 863.61 1391.11 972.33 0.541947
4 1438.69 706.02 1496.63 748.16 0.540528
1 1586.16 835.03 1614.54 900.49 0.536276
2 1138.11 410.76 1160.84 432.79 0.535265
2 756.50 478.38 772.04 497.75 0.530827
2 1009.67 459.33 1024.46 475.94 0.525459
2 1035.58 365.32 1053.29 386.94 0.520440
6 1265.93 633.90 1330.89 668.93 0.519380
2 609.39 424.68 742.24 510.12 0.518352
2 657.53 330.59 671.08 351.51 0.518158
3 615.84 257.97 638.13 280.26 0.516559
2 1024.05 462.38 1038.77 478.37 0.516415
2 989.66 482.35 1006.14 509.34 0.508988
1 1847.26 453.91 1873.95 478.57 0.504714
3 507.61 988.48 592.24 1076.59 0.501885
2 1105.63 380.69 1124.09 406.92 0.499712
2 613.74 426.31 633.26 463.36 0.498980
2 1067.76 457.28 1080.67 475.48 0.496547
2 1010.96 354.21 1053.28 388.00 0.490982
2 675.77 315.34 690.94 338.70 0.477954
2 711.42 238.60 731.21 270.91 0.477091
4 0.23 180.04 36.01 223.87 0.474132
2 1023.65 858.80 1042.56 881.77 0.466852
5 88.13 828.79 610.05 1076.91 0.466237
7 96.37 581.61 159.68 636.23 0.461416
2 659.20 309.39 675.15 329.36 0.457939
1 654.98 342.57 682.96 393.89 0.456435
2 664.35 240.54 680.57 259.40 0.451370
3 118.80 581.91 159.53 609.18 0.448181
2 630.26 445.01 649.22 469.10 0.447935
2 611.34 425.44 666.34 478.71 0.440850
2 639.50 227.37 719.88 282.64 0.428033
2 636.87 226.76 736.71 404.48 0.403475
2 506.07 173.69 1257.94 638.83 0.200347
