4 836.52 265.99 866.52 309.18 0.999758
4 576.67 165.96 597.17 191.27 0.999159
4 735.94 16.79 755.78 36.31 0.998525
4 866.61 684.56 954.82 787.47 0.997783
4 603.33 520.18 638.87 581.05 0.997682
4 437.57 591.65 485.26 660.70 0.995968
1 927.83 401.23 938.38 423.64 0.995244
1 948.01 489.52 958.78 514.05 0.993009
4 536.76 149.75 564.54 176.25 0.992620
4 737.01 161.26 746.17 178.34 0.990030
1 148.71 719.93 165.05 748.02 0.988911
4 771.75 76.63 788.93 85.53 0.932599
1 957.06 485.20 967.46 510.39 0.915314
4 682.66 35.86 692.14 46.38 0.866407
6 536.36 149.00 565.51 186.67 0.854717
4 898.77 288.19 908.44 300.98 0.835101
4 822.23 229.70 828.58 239.02 0.811725
4 759.92 22.45 773.84 33.59 0.807123
4 633.94 44.63 646.09 58.11 0.799742
4 818.79 72.67 831.89 83.84 0.797916
4 768.20 156.64 776.63 165.01 0.780741
4 452.02 62.73 484.03 92.13 0.778906
4 469.81 77.01 483.38 88.21 0.768601
1 797.43 20.50 807.53 40.84 0.768362
9 654.23 144.62 673.39 166.57 0.764334
4 159.78 92.61 201.26 135.64 0.758100
4 505.14 34.44 516.40 45.05 0.754399
4 615.93 0.30 633.59 14.27 0.743254
4 501.93 150.25 513.60 160.31 0.722022
4 405.59 188.46 430.01 208.74 0.711796
3 897.33 288.69 928.98 338.19 0.707745
1 433.59 6.25 445.28 31.17 0.672116
1 781.97 4.07 790.82 28.37 0.670706
6 757.11 598.01 807.87 787.01 0.652110
1 520.39 199.76 527.46 213.42 0.635421
1 1004.10 665.54 1013.55 686.53 0.620362
9 660.29 146.72 671.94 160.57 0.613639
2 903.44 377.78 939.83 424.05 0.577058
2 832.03 35.02 840.47 53.21 0.575770
2 798.73 27.08 806.97 40.36 0.570855
1 816.37 21.64 823.47 35.17 0.551070
2 519.59 198.82 528.45 219.92 0.506642
9 489.44 0.60 534.24 87.52 0.498972
4 636.75 162.35 649.37 168.49 0.494980
1 902.91 378.07 918.21 403.92 0.486878
4 280.11 407.29 292.86 421.53 0.475174
4 971.11 706.55 985.25 735.31 0.433772
