4 770.14 684.11 863.88 855.54 0.999882
4 778.21 0.15 851.24 53.30 0.999472
4 936.64 503.84 1012.55 629.35 0.999468
1 566.86 282.15 590.04 331.28 0.999105
4 219.28 565.40 361.50 732.37 0.999103
4 1109.66 602.44 1186.63 729.73 0.999099
4 1027.90 475.88 1098.28 588.38 0.999074
4 1000.06 5.18 1037.42 51.82 0.998846
4 860.70 130.96 905.25 188.14 0.998812
4 1110.38 478.46 1178.23 603.00 0.998680
4 1014.52 588.58 1083.82 707.93 0.998325
3 566.05 326.16 593.04 377.42 0.998307
4 1001.67 743.02 1110.33 969.26 0.997870
4 1036.46 229.43 1083.72 291.66 0.997596
4 556.17 185.75 619.66 265.55 0.997575
4 1128.79 743.29 1223.56 930.89 0.997228
4 1095.35 239.05 1141.79 294.57 0.997063
4 329.97 458.44 439.09 587.98 0.996497
4 1050.30 0.00 1087.45 28.49 0.995941
4 506.81 251.33 582.36 329.79 0.995469
4 1086.21 177.28 1133.02 232.32 0.995462
4 1202.04 351.20 1328.13 411.86 0.994464
4 1030.98 156.55 1078.13 230.37 0.993783
4 1303.48 447.47 1399.65 526.65 0.992596
1 608.39 133.74 623.83 172.60 0.991781
4 1232.29 272.87 1341.03 322.59 0.991738
1 1139.95 332.46 1165.01 374.93 0.990410
1 638.21 170.73 652.12 205.26 0.990371
4 1270.61 400.63 1398.38 471.32 0.990046
3 1140.82 354.59 1155.63 379.58 0.988595
1 673.44 96.84 688.94 128.33 0.988520
1 1042.59 49.15 1059.12 82.53 0.987327
4 701.13 28.56 736.11 63.54 0.987158
4 1215.50 228.34 1318.97 282.26 0.985927
4 1189.81 315.68 1326.62 367.15 0.984589
4 1097.45 20.24 1176.15 67.29 0.983204
4 265.51 543.97 333.00 601.44 0.982359
3 500.07 314.22 537.47 345.18 0.976702
1 700.42 63.40 713.75 96.28 0.976206
4 1184.03 106.87 1272.44 145.00 0.974477
4 1173.17 81.51 1260.46 116.96 0.973762
4 1143.74 201.60 1195.21 260.85 0.972908
4 1203.35 683.04 1344.58 861.81 0.968082
4 1199.01 150.35 1300.49 200.94 0.964550
3 633.57 182.54 649.90 206.93 0.963910
1 687.68 69.65 702.50 105.44 0.957464
4 1092.96 147.73 1168.53 188.33 0.931975
4 1198.42 188.66 1292.09 234.81 0.931490
4 600.15 113.63 616.47 129.56 0.925007
4 735.37 0.16 767.84 34.32 0.919262
1 670.75 63.36 686.78 95.80 0.917430
3 611.28 153.64 622.57 173.78 0.914154
4 1317.64 99.43 1368.42 156.90 0.906511
6 1000.78 741.09 1225.41 969.97 0.894968
1 1131.68 44.14 1145.51 74.43 0.893178
4 742.17 12.51 757.33 34.24 0.873601
4 1119.00 0.00 1173.36 19.66 0.864155
4 1171.75 0.00 1230.98 33.43 0.856317
1 668.89 61.21 710.10 129.17 0.846883
3 700.15 76.94 714.25 96.58 0.845210
2 1328.90 533.50 1395.86 580.47 0.832884
4 1117.49 1.63 1218.14 54.64 0.814892
3 1041.47 57.06 1058.88 83.10 0.814384
4 363.20 194.79 383.00 227.61 0.795710
4 1157.45 20.75 1217.04 54.48 0.784797
4 939.18 2.07 974.37 32.90 0.780753
4 1092.40 2.83 1117.47 28.52 0.777244
3 571.98 305.38 593.27 334.14 0.761292
1 694.66 17.57 708.03 43.78 0.759523
1 625.36 106.03 641.66 133.16 0.743981
6 1128.17 676.28 1348.57 932.12 0.737660
4 1201.51 8.70 1231.85 34.82 0.737111
4 1276.69 80.01 1310.13 113.38 0.736895
4 556.29 217.84 598.73 265.31 0.734353
3 1157.82 140.58 1182.97 181.33 0.727694
3 599.50 143.29 614.26 170.67 0.725552
3 518.39 323.09 536.80 345.15 0.725402
4 1062.97 150.75 1095.81 176.12 0.715699
1 1374.02 550.04 1391.01 580.11 0.714334
4 1287.82 198.80 1321.76 241.40 0.710514
4 1148.64 180.54 1194.17 213.66 0.709346
1 1181.65 151.37 1198.19 180.98 0.700230
4 1311.73 190.52 1368.20 265.25 0.696507
4 1210.63 148.88 1269.02 175.64 0.682948
4 1076.27 141.24 1145.85 175.87 0.680926
3 673.54 112.63 689.04 128.27 0.677937
1 1355.33 532.25 1398.81 580.04 0.676864
3 576.64 330.51 592.80 363.83 0.676126
9 419.10 67.09 462.50 94.83 0.651354
4 555.07 139.05 589.62 166.61 0.648707
4 994.48 1029.40 1064.36 1049.52 0.647363
3 1212.28 216.64 1233.39 236.07 0.624310
4 40.18 537.23 139.70 613.32 0.623647
4 422.63 126.35 455.83 157.91 0.604229
4 1229.48 789.77 1311.77 861.42 0.601472
3 1319.44 230.71 1368.24 265.55 0.598442
6 699.41 0.00 769.04 64.50 0.591340
6 1283.58 0.53 1399.49 263.61 0.586470
4 1296.28 687.43 1349.19 766.71 0.586294
6 500.74 250.90 582.83 343.48 0.581807
2 1195.67 152.68 1212.06 185.72 0.567722
6 1289.80 46.26 1373.41 158.28 0.566763
3 1328.93 535.05 1376.46 564.43 0.556320
2 1248.05 153.78 1267.07 178.80 0.533981
2 565.27 281.66 593.35 359.00 0.528910
2 1180.26 151.07 1201.48 195.36 0.526170
2 1096.69 18.68 1114.42 57.92 0.525117
1 1096.85 25.83 1111.89 59.88 0.519629
1 632.30 180.54 642.76 205.82 0.516472
2 1171.15 145.74 1187.17 180.15 0.515462
4 1380.65 532.02 1399.77 555.58 0.512719
4 944.73 998.03 1066.67 1049.19 0.509412
3 137.73 670.87 209.62 722.21 0.504773
6 1.77 148.41 289.18 603.64 0.497149
4 340.25 100.12 364.60 119.61 0.489909
4 1277.32 764.19 1348.10 840.96 0.481988
1 571.37 155.16 584.55 195.36 0.474544
4 223.24 459.38 281.77 551.66 0.474522
1 680.91 62.47 691.93 82.60 0.457419
1 1355.21 534.65 1375.09 560.96 0.446236
4 151.45 471.36 211.42 536.02 0.435193
4 1302.68 763.61 1351.32 808.58 0.433926
1 355.42 512.59 381.34 540.07 0.428474
6 366.20 81.31 455.92 169.90 0.421318
4 490.96 0.00 524.86 9.69 0.383101
6 139.17 354.81 281.11 583.15 0.367634
2 607.81 59.56 712.86 209.30 0.365544
4 34.38 486.61 66.11 517.46 0.360733
2 668.27 19.36 717.23 130.09 0.349489
3 0.40 514.36 25.70 548.41 0.321208
6 39.89 469.98 220.51 613.50 0.319445
3 0.14 469.48 25.41 501.75 0.303141
3 0.57 496.82 64.31 548.95 0.295736
3 0.33 468.53 64.91 519.35 0.279911
10 1046.45 771.85 1101.25 811.63 0.195443
