4 498.32 670.32 555.00 742.89 0.999050
4 676.63 662.16 730.62 728.72 0.999015
4 633.73 732.18 686.85 800.12 0.998858
4 726.92 601.56 780.94 671.34 0.998770
4 709.36 376.47 777.99 431.76 0.998014
4 843.89 405.85 902.20 477.56 0.997557
4 548.77 590.68 606.17 661.08 0.997521
4 594.99 517.14 644.98 586.49 0.996658
2 973.22 50.65 1000.53 86.99 0.996418
4 862.65 315.18 910.68 373.84 0.990988
4 899.81 329.78 953.94 395.85 0.989642
5 328.30 209.29 390.78 272.71 0.988116
4 574.79 819.06 639.29 899.29 0.987401
4 512.38 910.53 575.17 999.29 0.987340
4 309.05 261.49 377.32 315.10 0.984122
2 768.61 475.39 800.52 517.87 0.981295
4 410.20 323.44 474.64 375.37 0.981160
4 518.78 313.91 587.16 371.72 0.980001
4 785.67 490.33 854.52 576.76 0.976341
4 0.15 38.84 28.57 78.93 0.975246
4 949.29 250.78 1029.20 324.99 0.973778
4 835.50 175.48 859.43 206.40 0.972814
4 534.00 401.72 613.94 467.61 0.971906
4 436.06 264.34 464.91 285.35 0.970262
1 606.02 634.27 624.04 662.86 0.969608
4 1041.33 205.28 1066.28 236.40 0.962388
3 1050.79 94.92 1106.37 160.70 0.956378
4 247.05 95.65 314.17 155.31 0.956311
4 1331.38 65.48 1371.52 104.63 0.955965
2 950.28 110.80 979.35 147.03 0.949694
4 583.44 435.21 613.58 467.18 0.948423
2 1095.45 44.38 1141.05 94.98 0.944414
4 414.61 276.70 484.11 335.43 0.942733
4 321.38 992.20 351.38 1024.53 0.939495
4 19.54 62.43 102.00 124.55 0.938881
1 800.80 355.97 821.41 387.44 0.930891
4 245.58 135.82 268.18 154.88 0.930585
4 985.58 401.77 1016.89 441.63 0.925656
4 1292.57 127.45 1330.28 171.62 0.924098
3 800.64 365.49 815.82 387.99 0.923475
4 350.74 944.03 379.59 975.09 0.921385
2 889.05 205.66 913.63 240.47 0.910046
4 1129.62 747.67 1203.37 815.35 0.905305
4 464.55 233.83 533.45 288.87 0.904071
4 274.32 202.95 309.86 236.60 0.901619
4 492.44 380.09 528.36 411.34 0.893595
4 1056.98 96.07 1094.82 142.19 0.887488
4 903.38 79.85 915.54 96.68 0.886391
6 598.45 237.50 693.72 317.61 0.883483
4 629.30 286.53 642.47 300.73 0.880781
4 165.03 43.29 241.10 105.06 0.880180
4 196.10 197.67 231.89 219.83 0.875909
4 1000.10 376.17 1024.36 404.75 0.874817
4 801.61 144.94 825.48 173.41 0.871561
4 1183.38 97.89 1196.14 117.98 0.871554
4 973.46 66.09 990.31 86.50 0.866369
4 477.87 208.89 502.70 234.15 0.860557
4 823.64 236.08 837.74 251.60 0.858934
4 350.55 100.67 366.81 114.71 0.855713
4 1094.56 67.13 1112.70 95.64 0.853002
4 807.31 355.35 821.07 371.83 0.844502
4 573.33 550.67 590.57 573.46 0.843634
4 765.74 202.56 779.60 218.70 0.840398
4 542.85 504.91 567.25 526.89 0.838178
5 227.23 169.13 310.34 238.21 0.838106
4 1118.83 193.89 1135.04 219.73 0.835381
4 1144.76 0.00 1175.19 19.19 0.835335
4 983.59 274.36 1028.89 324.67 0.828542
5 511.47 818.79 639.86 999.91 0.826304
3 1049.97 131.62 1075.01 161.48 0.826087
2 869.73 260.99 893.44 293.26 0.824578
4 779.48 274.57 801.76 294.15 0.823783
4 769.26 487.07 796.37 517.77 0.822827
4 508.53 225.77 524.96 240.40 0.820860
4 1024.68 336.76 1041.60 356.69 0.817055
4 844.46 736.21 877.64 787.10 0.816843
4 713.54 321.80 767.01 373.64 0.816065
4 927.02 330.61 953.07 360.13 0.814601
4 1274.06 893.17 1399.27 1004.45 0.806517
4 783.04 177.92 806.80 200.35 0.799979
4 525.44 173.16 561.81 202.54 0.795408
4 973.11 50.70 1000.39 86.81 0.791685
4 1282.22 179.56 1320.03 228.67 0.791287
4 838.28 154.14 859.54 170.68 0.789925
4 499.31 294.46 515.92 312.84 0.789140
6 799.30 143.77 827.10 213.24 0.787098
4 536.54 283.32 555.86 302.43 0.784483
4 574.90 199.58 597.75 225.20 0.781527
4 368.64 291.94 397.32 321.00 0.778982
4 803.64 238.90 818.70 252.32 0.773571
4 775.95 137.20 809.45 179.77 0.771899
4 1146.81 341.83 1192.75 395.66 0.767414
4 473.79 174.47 493.43 194.86 0.762340
4 414.88 278.82 433.65 299.80 0.761287
4 174.91 912.94 314.03 1049.36 0.760826
5 170.35 270.80 266.15 346.95 0.760678
4 819.62 207.33 845.63 223.70 0.759558
4 287.70 507.75 350.78 555.65 0.756352
4 0.16 131.09 15.21 154.59 0.756278
4 1327.99 306.11 1377.24 351.72 0.752922
2 859.70 219.10 879.89 246.93 0.751527
4 1249.87 0.42 1292.06 50.60 0.749338
3 838.93 95.79 863.78 131.49 0.744653
2 514.49 808.62 690.29 1049.14 0.744285
4 528.04 271.24 550.12 298.64 0.743893
4 528.07 238.30 539.37 249.22 0.743128
4 1066.86 420.09 1130.96 476.10 0.742202
4 427.07 161.43 450.74 189.08 0.740367
1 866.48 574.62 897.90 618.95 0.738486
4 93.62 860.08 117.54 879.48 0.737207
4 709.78 401.19 735.28 431.09 0.734656
4 582.52 311.49 606.74 333.39 0.730553
4 1382.44 219.14 1399.75 252.74 0.730104
1 484.36 446.35 499.76 478.31 0.729812
4 1146.48 362.95 1168.17 395.26 0.720105
4 108.61 11.05 177.88 58.41 0.720081
4 573.51 198.33 614.89 240.25 0.718926
4 869.26 406.75 900.85 439.05 0.716498
4 1089.99 242.46 1103.32 259.53 0.715982
4 592.50 310.09 606.65 323.67 0.713046
4 1368.66 276.58 1395.98 313.30 0.712722
4 317.54 631.49 354.28 671.67 0.705978
3 519.26 356.22 548.77 386.47 0.705303
4 529.35 220.79 564.29 270.09 0.704714
4 396.18 231.23 411.14 248.38 0.701531
5 531.20 324.28 587.11 368.41 0.701325
4 107.52 13.22 125.80 32.13 0.699484
4 436.02 238.14 454.38 259.36 0.698364
6 77.86 605.15 109.60 634.58 0.697886
4 380.12 892.25 406.94 921.51 0.693180
4 516.61 58.63 542.81 87.64 0.690715
6 477.91 145.62 523.00 189.27 0.686777
3 862.71 161.87 878.43 182.48 0.683620
4 41.88 32.83 80.16 58.62 0.680011
3 949.47 123.63 968.61 147.69 0.679981
4 129.71 81.22 157.91 101.38 0.673014
4 450.34 186.43 466.46 202.25 0.672672
6 726.30 227.86 770.96 269.93 0.670145
4 400.25 164.22 419.47 183.35 0.668938
7 367.46 173.48 401.81 204.65 0.668496
4 814.59 491.68 852.81 529.63 0.668307
3 566.38 295.62 593.65 324.27 0.666576
4 498.99 707.41 530.80 742.62 0.666531
4 1258.66 192.54 1292.00 224.10 0.664440
4 581.06 150.21 603.37 167.87 0.663669
4 803.94 234.22 837.51 253.19 0.663584
4 523.41 670.29 554.41 701.38 0.660073
4 198.82 139.14 224.03 158.27 0.656618
4 526.14 269.36 571.43 308.98 0.654752
4 551.21 946.84 591.79 994.42 0.654398
4 319.75 897.74 351.50 931.34 0.653847
4 966.90 425.82 988.62 450.67 0.650936
6 520.13 313.84 556.21 348.26 0.649415
6 127.10 771.19 226.05 838.77 0.643807
4 410.85 323.65 437.27 350.40 0.642689
5 231.72 393.24 307.35 444.59 0.638817
4 302.58 751.16 340.37 792.28 0.637991
1 785.63 596.11 817.77 633.46 0.630291
2 746.83 321.69 767.65 344.29 0.628467
4 130.28 654.11 163.81 684.55 0.622232
4 158.88 178.36 173.38 193.58 0.621659
7 255.99 237.72 301.34 268.64 0.621304
4 349.83 836.31 393.87 886.27 0.620932
4 357.06 714.80 409.81 763.28 0.618883
7 112.47 133.65 163.51 171.96 0.616661
4 230.47 251.58 249.45 269.51 0.615424
4 218.99 996.60 254.30 1026.82 0.615155
4 292.90 1033.91 323.73 1049.72 0.612547
6 171.80 270.34 229.04 315.17 0.612277
7 308.30 139.87 347.10 168.97 0.612036
4 523.50 476.07 537.99 488.77 0.596845
3 867.12 584.93 897.86 618.86 0.596766
4 293.49 985.49 317.32 1010.58 0.596054
3 499.56 340.19 548.96 385.97 0.595406
4 345.75 263.02 366.91 280.78 0.593135
4 455.58 443.28 485.07 472.04 0.592010
2 863.14 147.62 889.59 182.77 0.582317
4 177.09 1029.93 215.49 1049.55 0.581112
4 178.92 984.68 277.44 1049.39 0.578073
4 533.17 625.58 548.08 645.63 0.573884
1 806.83 293.49 829.10 321.34 0.573590
4 310.15 770.68 373.11 819.14 0.569126
4 557.64 951.47 585.48 977.50 0.567201
3 485.37 464.73 510.93 491.37 0.567027
4 247.84 964.54 273.03 980.54 0.566395
6 574.68 817.99 676.87 907.59 0.564144
3 395.85 230.45 421.25 256.45 0.563493
4 381.49 845.58 396.49 860.47 0.562945
4 146.45 67.19 163.54 81.70 0.560843
4 386.02 287.99 409.71 310.18 0.559202
4 78.46 241.01 108.60 272.70 0.558771
6 463.80 233.69 569.27 308.79 0.557810
7 402.73 197.24 468.06 241.71 0.556676
4 1339.37 513.64 1399.42 579.98 0.556485
4 254.43 269.23 264.53 279.92 0.556062
6 237.28 934.23 309.29 1005.74 0.550987
2 779.04 203.00 915.43 322.62 0.549411
6 1089.21 421.37 1131.02 471.34 0.546956
4 238.19 962.36 289.37 1000.97 0.546846
4 367.19 172.20 386.12 188.26 0.545401
2 516.08 966.28 618.83 1048.84 0.541117
4 233.61 982.68 265.78 1004.86 0.541064
4 272.38 301.77 288.51 316.24 0.540849
4 322.75 87.98 339.47 102.59 0.539556
2 509.32 617.49 547.31 655.63 0.539366
3 563.86 213.71 585.81 233.71 0.538973
4 364.59 991.33 388.75 1012.95 0.535426
4 179.01 176.06 196.65 191.40 0.534833
4 187.91 188.90 215.59 207.97 0.533209
2 552.67 927.16 614.97 1027.62 0.527480
3 318.59 870.89 369.27 934.61 0.522176
7 133.33 145.93 163.61 172.44 0.522171
2 801.28 611.14 817.61 632.84 0.516830
4 846.48 756.26 867.73 785.74 0.516736
4 331.50 632.29 352.55 649.54 0.515116
4 239.12 52.13 283.02 83.35 0.514942
3 582.13 310.87 624.63 345.59 0.514853
1 576.06 926.58 613.80 994.91 0.514457
4 228.59 213.44 252.03 239.82 0.514376
2 803.50 302.42 817.40 322.00 0.511850
4 284.43 244.32 301.33 260.00 0.510865
6 409.62 322.70 528.65 412.14 0.510496
4 162.41 0.25 182.27 14.00 0.509914
6 227.24 168.91 283.95 228.70 0.509685
2 603.20 321.28 624.11 345.11 0.507692
7 51.93 653.21 163.94 696.59 0.507672
4 254.36 1013.44 281.14 1043.46 0.502991
1 858.81 702.86 874.12 728.43 0.501988
2 751.59 248.70 776.52 276.63 0.501678
4 167.65 710.96 189.61 736.12 0.497293
4 186.29 17.88 204.41 34.80 0.496861
2 384.21 270.07 401.08 292.13 0.493610
4 329.56 183.18 356.73 202.04 0.490581
2 661.08 324.18 672.39 339.83 0.480472
2 487.74 304.50 505.60 326.59 0.473689
2 640.98 315.63 673.06 345.20 0.473631
2 595.02 409.37 614.47 436.18 0.471012
1 597.91 270.75 611.01 292.84 0.467258
7 307.32 139.57 402.86 205.22 0.463576
4 256.40 10.51 284.65 34.45 0.461214
4 230.78 251.39 264.97 280.53 0.461073
2 678.58 275.03 723.18 332.08 0.459422
4 252.67 320.95 282.11 339.89 0.459297
4 312.54 109.19 335.31 124.18 0.458998
1 787.11 596.57 806.82 620.18 0.454273
2 499.81 338.93 514.55 355.98 0.449130
4 322.53 87.70 366.99 115.10 0.447364
9 718.80 169.05 783.99 266.18 0.446850
1 796.94 252.62 811.72 280.73 0.446823
6 898.35 249.59 1029.53 397.01 0.444838
7 131.22 707.67 189.68 746.36 0.444434
1 640.67 316.64 653.74 339.36 0.440083
1 424.31 331.90 438.29 351.25 0.431718
4 233.48 89.90 260.79 114.40 0.429246
3 15.15 652.64 164.06 724.32 0.425257
3 129.90 689.09 189.92 748.02 0.423326
7 51.08 654.14 190.17 746.30 0.421594
3 309.93 234.37 332.08 253.32 0.421252
6 945.87 166.71 1059.80 322.53 0.419834
1 566.23 966.62 618.30 1028.16 0.417148
1 866.61 592.44 880.37 619.40 0.416712
2 812.23 43.07 887.62 146.86 0.412317
2 437.73 198.61 459.85 221.51 0.409074
4 20.75 63.16 45.41 87.55 0.402725
1 532.67 592.83 545.49 608.70 0.401122
4 46.60 186.68 87.70 215.88 0.397742
4 199.22 66.43 240.65 104.08 0.397577
1 395.02 821.07 416.08 845.61 0.395169
1 146.79 698.47 161.04 722.24 0.395062
4 110.90 118.31 150.99 146.92 0.393521
3 104.03 505.37 149.30 531.62 0.389821
3 166.71 711.04 190.36 747.48 0.389754
3 130.53 689.28 160.50 717.32 0.382555
1 321.10 268.38 333.80 290.25 0.382254
2 162.54 235.96 185.28 265.14 0.350867
4 1369.14 994.33 1399.46 1039.38 0.336279
3 94.64 654.05 164.01 705.94 0.333427
3 107.01 118.45 164.01 172.44 0.329229
2 400.14 154.00 479.62 251.13 0.326129
4 12.68 161.17 49.41 188.46 0.320976
5 107.75 9.95 241.72 105.42 0.297019
4 11.64 160.25 88.24 216.99 0.267503
6 0.80 247.54 547.58 846.33 0.098022
