4 452.71 1.14 501.05 101.08 0.999680
4 456.39 118.84 503.48 223.07 0.999627
4 598.61 2.27 646.50 106.50 0.999612
4 665.47 472.50 715.42 582.91 0.999575
4 457.93 389.05 508.91 496.47 0.999564
4 779.53 752.76 833.61 866.28 0.999359
4 722.46 675.74 835.20 766.42 0.999276
4 1271.44 26.94 1374.45 87.10 0.999221
4 671.93 630.25 722.23 750.87 0.999208
4 463.80 257.56 516.62 377.80 0.999008
4 1324.69 155.02 1399.42 206.75 0.998958
4 670.05 757.07 721.64 894.18 0.998772
4 812.39 267.78 907.73 369.77 0.998466
4 1092.72 273.65 1187.24 387.40 0.998429
4 1184.12 158.46 1314.86 219.61 0.998159
4 1211.27 105.54 1325.83 160.13 0.997948
4 450.28 624.25 508.55 743.89 0.997557
4 755.83 885.24 858.20 990.36 0.997278
4 999.81 394.90 1099.57 494.23 0.997267
4 1049.24 319.56 1149.10 439.88 0.995891
4 1086.04 122.87 1195.81 177.11 0.995326
4 530.57 563.74 639.68 632.56 0.995218
1 446.54 761.42 509.84 896.44 0.995170
4 729.77 554.76 839.07 615.24 0.994645
4 847.34 215.16 952.43 317.00 0.994075
4 833.24 82.15 934.17 150.12 0.992180
4 782.19 324.78 876.13 414.33 0.991961
4 440.12 938.96 502.89 1048.90 0.979412
4 879.47 178.33 991.91 273.17 0.973208
4 723.20 139.63 814.73 236.98 0.956407
4 728.10 437.85 793.28 503.10 0.932467
4 793.97 445.60 891.56 534.15 0.915341
1 367.17 558.07 395.20 660.60 0.903656
4 1197.64 316.59 1325.73 441.74 0.899760
4 981.14 517.68 1037.16 575.54 0.853322
4 1321.38 287.81 1399.07 370.40 0.807406
2 724.03 81.19 991.80 414.83 0.792417
4 1259.42 246.83 1394.90 334.78 0.789652
4 1139.70 416.14 1213.97 508.84 0.764986
4 1068.44 94.55 1127.25 156.01 0.756911
6 1198.24 332.98 1398.89 1049.30 0.748635
4 844.64 113.17 929.86 178.66 0.741530
4 723.22 493.68 794.44 569.54 0.734155
4 985.63 614.70 1078.76 702.10 0.733400
4 1173.43 395.26 1321.19 514.02 0.714997
3 1069.70 3.01 1286.34 159.87 0.694765
4 670.13 1037.19 718.52 1049.68 0.662925
4 671.77 757.31 720.57 813.76 0.656198
4 1255.79 286.16 1364.02 375.03 0.653890
4 1049.96 437.39 1099.15 493.75 0.649451
4 1198.61 357.30 1274.61 440.21 0.648759
4 1286.04 505.98 1377.40 587.39 0.647323
4 1072.32 41.91 1217.77 176.47 0.626732
4 670.79 890.64 757.38 1008.27 0.617619
4 671.41 988.08 708.39 1005.74 0.572977
6 972.04 694.26 1229.22 1048.79 0.561906
1 925.10 788.10 946.30 838.56 0.531184
10 741.39 145.25 889.63 331.71 0.483646
4 818.48 1007.51 859.32 1049.27 0.471588
4 978.57 1014.15 1006.41 1049.81 0.466207
10 722.95 81.80 934.56 237.96 0.298310
9 1204.91 432.14 1398.87 1049.34 0.227101
6 18.60 281.41 424.51 1049.06 0.224514
10 26.15 695.64 361.37 1048.61 0.144858
