4 1481.01 437.19 1571.80 499.04 0.999902
4 785.55 798.69 962.61 943.39 0.999279
4 22.51 792.41 127.52 912.15 0.998726
5 1.06 348.90 137.72 501.33 0.998361
4 269.84 552.12 364.75 637.30 0.995487
1 1166.87 354.52 1184.10 398.00 0.983300
3 518.85 527.66 595.06 581.60 0.978777
1 396.40 540.66 416.19 574.35 0.912567
4 246.25 468.69 279.11 496.72 0.884776
6 1198.35 405.36 1272.96 475.87 0.856718
3 1063.89 421.39 1086.74 444.12 0.835605
4 1218.73 405.68 1269.34 458.30 0.816276
4 1076.00 370.16 1108.97 399.84 0.805285
4 1086.87 394.84 1127.98 420.86 0.798934
3 442.90 529.69 464.73 560.50 0.782852
6 1049.05 731.57 1229.03 1077.14 0.778497
4 1.12 349.75 60.96 399.38 0.751897
6 1250.35 406.68 1269.08 455.53 0.748844
4 528.82 464.11 548.47 486.93 0.716772
3 374.68 559.31 392.95 597.47 0.706761
2 1605.34 513.08 1628.35 545.50 0.706041
3 1198.56 450.71 1228.58 475.00 0.695833
4 877.60 803.10 962.32 884.73 0.686390
6 291.83 568.85 364.09 636.95 0.674053
6 1281.51 386.54 1350.07 441.87 0.667770
4 1252.16 442.44 1272.59 458.65 0.639927
3 1198.55 442.18 1272.78 476.37 0.636374
6 1072.06 352.84 1110.99 400.34 0.633922
6 472.38 457.70 522.20 492.20 0.632131
3 1153.55 864.78 1188.61 938.40 0.630079
4 368.56 529.48 421.22 570.05 0.626289
7 553.92 530.32 594.84 568.58 0.622391
4 1604.68 507.91 1643.85 545.81 0.614001
4 802.26 349.98 825.22 367.88 0.611467
1 1220.20 445.42 1232.31 476.21 0.607925
3 520.00 557.33 544.24 581.93 0.596245
3 535.92 503.57 550.34 528.35 0.580497
4 1515.42 353.07 1539.25 364.62 0.579895
6 1197.67 386.73 1350.67 477.28 0.573149
3 425.97 539.20 442.06 558.99 0.567929
4 1897.36 266.83 1914.38 278.08 0.555943
4 401.72 481.50 419.92 499.00 0.554460
1 1334.71 406.14 1350.65 425.88 0.553489
4 400.49 95.35 420.53 112.06 0.550795
4 838.62 400.70 873.79 420.69 0.543745
1 519.30 530.16 559.42 580.73 0.539424
2 424.20 524.87 461.56 560.42 0.538493
4 183.23 275.09 238.13 307.99 0.531551
4 271.45 552.54 331.25 593.54 0.529495
4 0.08 1038.34 44.79 1076.93 0.513955
2 556.07 513.33 571.50 534.49 0.513326
5 271.86 552.85 329.08 587.28 0.509269
2 1309.09 411.41 1321.60 431.87 0.496365
7 489.61 521.05 516.35 541.02 0.494059
4 441.05 514.23 482.10 534.50 0.479100
3 536.72 503.21 570.64 533.25 0.477205
7 444.58 527.25 477.93 560.36 0.470544
1 34.70 314.40 49.88 336.51 0.467424
3 400.47 520.32 459.95 560.15 0.464189
4 324.59 564.37 346.82 586.88 0.464081
4 0.10 985.11 47.07 1076.64 0.461136
4 426.66 82.96 448.79 95.70 0.454808
4 284.70 189.10 306.97 206.51 0.452160
2 1302.08 392.81 1318.03 431.39 0.442636
3 368.82 530.65 429.05 597.22 0.432158
4 293.65 219.68 337.25 240.44 0.404527
1 1210.22 348.85 1222.11 374.98 0.401973
1 1661.17 345.00 1675.01 374.96 0.399419
1 1167.08 376.56 1179.98 397.84 0.394824
1 466.67 529.55 478.73 558.96 0.391075
4 290.45 110.59 343.11 136.67 0.382157
6 134.56 0.45 250.51 77.86 0.335230
3 37.04 320.27 60.12 339.01 0.333513
4 189.39 108.43 243.30 136.07 0.314163
4 167.20 107.64 258.52 165.20 0.299397
