4 753.22 116.95 767.68 134.90 0.999759
4 706.32 67.53 720.56 83.19 0.999714
4 731.19 39.50 743.90 53.48 0.999621
4 707.44 120.80 721.56 141.16 0.999428
4 718.60 123.80 743.20 188.45 0.998959
5 981.13 361.14 1110.50 408.99 0.998515
5 586.34 67.51 618.19 119.12 0.998349
4 800.66 52.57 830.56 71.28 0.997968
4 572.21 78.73 585.77 93.61 0.997759
4 747.08 20.39 758.87 35.85 0.996537
4 704.77 257.44 732.58 309.56 0.996474
4 625.33 67.06 641.01 92.27 0.996338
5 656.35 43.08 673.40 87.20 0.995895
4 657.15 59.37 670.90 86.41 0.992863
1 227.78 603.48 240.74 628.85 0.987100
3 571.99 759.64 605.65 787.57 0.983958
4 648.91 48.06 658.76 57.68 0.982407
6 980.38 359.99 1343.08 413.31 0.979351
1 209.13 688.62 228.10 723.12 0.979095
4 1247.67 364.72 1342.83 412.21 0.976197
5 829.39 32.12 844.60 83.47 0.963762
4 629.01 66.86 640.19 79.49 0.924783
4 576.91 100.25 583.30 109.18 0.920298
4 823.54 55.98 833.09 70.06 0.915869
1 501.58 173.42 512.41 192.71 0.907943
5 587.09 714.60 623.49 783.97 0.891279
4 705.74 290.51 731.51 309.29 0.884007
4 660.03 42.91 672.20 53.88 0.867861
4 699.62 30.89 706.00 41.43 0.866162
6 337.42 1.34 388.96 39.66 0.863362
4 655.08 27.24 661.13 37.00 0.858227
4 885.07 116.49 898.47 140.21 0.854174
4 733.33 7.24 743.39 19.21 0.842391
4 706.82 267.87 729.78 292.70 0.837355
4 783.95 10.44 803.86 25.25 0.832757
6 629.22 58.31 654.29 118.06 0.824453
4 629.46 104.92 638.55 116.19 0.822996
4 841.39 110.45 856.91 127.00 0.818471
4 686.74 6.84 694.93 27.41 0.812768
6 641.50 2.65 660.21 32.29 0.808350
4 589.77 101.61 609.56 119.04 0.803145
4 561.54 252.64 575.48 269.74 0.797279
4 581.75 56.56 599.80 73.51 0.790535
1 837.28 627.81 847.08 650.76 0.788831
4 541.24 166.11 549.81 178.67 0.788567
6 323.89 20.45 346.03 53.54 0.766501
3 198.89 699.45 228.36 730.46 0.763212
4 567.79 118.76 582.07 132.02 0.757250
1 489.47 175.24 498.93 194.43 0.749745
4 1300.80 38.90 1318.48 63.29 0.746048
4 720.13 170.50 741.27 188.18 0.733701
1 766.86 304.42 774.41 319.88 0.726297
4 562.17 69.09 586.27 93.94 0.725960
4 1270.10 270.01 1313.99 300.38 0.720273
1 259.09 609.89 266.56 623.97 0.718173
4 201.01 519.78 239.65 550.07 0.713362
3 929.08 239.36 947.03 256.25 0.709931
6 286.17 4.13 323.18 35.74 0.695160
7 572.41 714.03 623.78 787.04 0.676640
4 591.74 749.42 621.27 781.58 0.662319
6 311.85 1.91 347.08 53.15 0.661919
1 574.55 173.05 581.88 196.39 0.656256
4 565.33 42.39 582.78 52.97 0.650393
1 1094.62 759.41 1106.26 786.88 0.636533
3 877.29 475.24 898.84 490.11 0.617015
4 648.57 43.30 671.99 57.71 0.596687
4 1058.43 346.83 1107.69 363.86 0.584889
1 239.19 592.82 250.11 610.12 0.544774
1 1031.29 584.85 1051.84 617.33 0.544111
1 227.12 592.82 264.69 632.57 0.540718
3 246.29 436.65 290.20 485.90 0.538621
1 209.47 688.81 221.37 709.54 0.534848
2 493.09 174.38 502.02 194.76 0.531217
3 871.98 636.30 901.91 667.81 0.527905
1 1104.50 768.46 1116.87 787.03 0.526632
1 874.58 621.99 888.34 647.99 0.524480
4 1377.21 352.80 1396.98 370.40 0.519353
1 297.21 548.07 312.30 564.98 0.515297
4 423.74 172.26 458.40 195.41 0.508677
5 173.93 589.61 205.90 631.41 0.493666
4 1385.56 359.59 1396.93 370.29 0.493532
1 197.16 699.54 214.23 728.99 0.492231
4 1376.74 352.81 1388.49 364.70 0.487911
3 215.97 705.02 228.86 730.88 0.487598
1 327.27 493.85 336.52 508.71 0.484422
6 274.71 29.45 323.36 62.62 0.482711
1 822.94 567.36 833.81 586.95 0.471744
2 1094.82 759.15 1117.76 787.23 0.455365
6 275.22 0.68 389.71 62.04 0.451070
2 199.94 688.29 228.38 730.35 0.449192
4 130.82 453.97 175.23 499.54 0.442784
4 1368.53 510.54 1392.45 526.19 0.440824
4 1201.07 656.75 1236.98 694.88 0.436041
3 246.28 456.77 272.89 486.07 0.430650
1 1008.88 560.33 1018.37 573.92 0.424372
9 980.02 360.38 1262.80 410.92 0.412562
1 182.74 748.62 197.69 776.03 0.381049
1 173.96 667.44 186.74 683.70 0.349047
1 163.06 663.09 186.63 687.81 0.292985
