4 592.22 512.09 695.83 607.60 0.999461
4 582.57 169.04 615.33 218.69 0.998220
4 621.25 165.82 656.81 217.85 0.997453
4 540.16 163.59 568.02 213.72 0.996064
4 497.74 163.16 528.86 218.48 0.995446
6 669.67 130.84 722.26 272.85 0.993635
1 1011.84 511.23 1026.37 540.81 0.993058
1 1154.01 673.61 1177.13 711.86 0.992723
4 749.77 15.76 783.03 69.43 0.992500
4 740.26 0.06 761.90 13.78 0.990015
1 988.78 507.63 1003.04 532.91 0.989739
9 686.00 202.18 721.88 272.16 0.988267
5 652.56 693.90 694.26 787.40 0.977699
1 733.28 105.23 747.65 144.77 0.976587
5 541.63 226.52 575.59 282.09 0.972483
2 794.73 9.96 829.82 65.82 0.969563
1 1190.14 708.68 1211.60 732.89 0.966253
2 961.87 77.57 974.16 100.52 0.956084
2 1217.71 718.17 1246.66 751.65 0.953881
2 1307.14 95.33 1319.77 122.19 0.932841
1 333.18 629.30 351.45 656.70 0.927851
2 1057.82 531.24 1070.92 553.79 0.900774
2 319.32 626.46 352.41 657.01 0.887750
3 293.35 46.99 312.98 77.39 0.877859
1 319.45 626.59 334.23 647.78 0.840926
1 336.54 772.85 355.22 787.52 0.828087
2 1295.09 94.58 1330.30 123.52 0.767677
6 0.18 537.82 132.98 787.34 0.754141
2 293.32 8.75 387.55 73.12 0.730620
2 290.09 448.73 328.69 484.53 0.678963
