4 1287.13 68.06 1328.86 96.65 0.996110
4 934.86 312.17 951.31 327.55 0.993069
4 1069.78 420.99 1108.64 451.76 0.987401
6 650.56 747.62 786.64 887.89 0.982675
4 1159.84 374.78 1172.10 388.83 0.979094
4 1076.88 451.63 1115.45 477.56 0.978540
4 518.02 650.10 632.85 771.19 0.973501
4 681.47 926.27 761.06 1018.44 0.972445
6 1094.31 638.69 1301.55 811.77 0.970762
1 786.09 897.50 799.58 920.79 0.968627
4 1089.22 406.96 1124.79 433.79 0.962678
4 939.61 291.63 952.72 305.41 0.957105
4 1037.62 383.21 1065.16 405.89 0.951284
4 1306.63 47.53 1341.65 72.82 0.944737
4 879.51 221.70 906.70 236.61 0.934242
2 1196.92 184.79 1234.53 221.48 0.934222
4 1103.66 392.85 1139.25 418.09 0.923232
4 1376.16 391.68 1399.77 426.83 0.921490
4 743.27 243.67 756.50 256.51 0.912310
1 996.11 135.11 1007.38 162.45 0.909853
4 967.38 206.21 1008.34 242.70 0.895121
4 0.15 897.50 85.96 1016.44 0.891383
4 967.50 225.11 993.34 242.41 0.869500
6 952.86 890.43 1267.46 1049.57 0.866487
4 844.91 217.62 854.77 228.94 0.855551
4 1196.97 197.05 1218.47 221.01 0.841838
4 1244.73 147.20 1263.75 177.96 0.840852
4 897.53 223.73 907.37 234.24 0.832061
4 870.95 169.93 881.56 181.53 0.823984
4 674.23 224.11 683.97 234.62 0.813933
4 838.28 169.63 881.77 199.11 0.812000
4 926.82 235.31 937.16 247.36 0.805100
4 703.30 885.05 740.57 929.81 0.789941
4 1245.01 163.44 1258.09 177.34 0.782401
4 538.64 141.50 550.29 155.26 0.780767
4 1366.82 14.05 1379.51 31.51 0.779764
4 988.40 206.72 1008.23 227.62 0.778373
4 1033.04 398.45 1045.18 410.09 0.754885
4 518.42 735.82 585.01 771.30 0.742339
4 931.41 240.22 953.62 255.12 0.740874
9 803.41 884.73 882.85 967.57 0.730589
4 672.57 718.52 698.26 737.22 0.729443
4 1250.99 147.45 1262.97 159.71 0.714882
4 860.26 315.68 886.80 334.49 0.711724
4 1373.44 366.40 1393.50 388.41 0.711650
5 786.46 854.76 824.82 895.06 0.710591
4 1176.39 306.10 1197.97 327.46 0.707163
5 1099.16 951.83 1266.99 1049.51 0.705954
6 680.10 884.55 761.39 1020.51 0.701660
4 1330.20 29.75 1355.41 52.19 0.689492
6 555.12 650.85 632.38 715.41 0.685391
2 1146.24 545.34 1172.85 584.93 0.656120
4 1223.76 373.58 1251.78 407.33 0.652414
4 1033.86 396.77 1061.59 412.00 0.639773
4 951.90 438.13 976.36 455.68 0.637578
4 672.16 717.24 724.07 756.84 0.637234
3 1145.92 525.38 1185.25 585.29 0.636581
4 1256.96 332.92 1270.15 346.27 0.625541
4 1301.06 397.95 1319.05 416.05 0.613954
4 1026.32 691.57 1053.26 712.90 0.610405
4 1287.01 872.17 1327.96 909.47 0.607499
4 1018.25 443.41 1032.71 456.30 0.601208
4 702.92 735.71 723.08 755.16 0.595722
3 1189.72 440.03 1216.24 461.70 0.591384
4 690.90 722.18 711.34 744.25 0.582618
4 1337.18 339.52 1355.74 356.59 0.574150
2 1097.50 519.56 1111.56 542.43 0.572996
4 845.21 212.94 882.53 229.88 0.566057
4 1285.62 395.91 1319.40 421.77 0.562515
4 518.22 736.94 533.78 758.03 0.555858
4 1066.02 541.59 1087.83 565.36 0.555699
3 1020.60 434.89 1061.18 465.22 0.554047
4 1222.37 431.80 1276.86 461.53 0.545251
1 566.69 743.49 584.48 770.03 0.540551
4 670.11 995.38 724.59 1048.77 0.536852
4 888.83 953.74 917.29 987.74 0.534234
2 1224.39 258.59 1266.04 288.87 0.533242
4 698.06 949.11 750.07 995.75 0.533162
4 1285.65 812.74 1319.73 836.28 0.527540
2 775.85 884.97 800.53 921.27 0.518437
1 766.63 860.66 785.44 885.54 0.516442
4 1040.24 697.72 1053.41 712.23 0.507880
4 696.38 980.43 731.27 1015.43 0.507248
2 1062.79 586.85 1081.84 623.02 0.503335
1 1252.20 258.85 1265.61 274.06 0.491670
1 1218.89 186.46 1233.43 206.92 0.478121
1 769.03 157.36 791.77 197.86 0.474596
4 1266.09 987.70 1289.37 1020.07 0.472602
4 898.58 970.54 916.92 987.39 0.471430
4 1129.53 795.65 1169.33 829.38 0.469787
3 1271.51 803.51 1323.02 838.75 0.459720
1 1246.13 759.57 1261.16 790.55 0.457561
2 716.71 993.14 750.06 1018.21 0.456567
1 1181.71 746.33 1195.71 766.26 0.451737
2 588.71 711.81 603.56 731.85 0.448930
6 785.95 848.50 826.20 894.92 0.439842
2 1215.88 757.84 1226.75 779.50 0.429044
1 777.89 158.02 787.98 170.08 0.412952
1 888.97 952.81 901.10 970.42 0.412893
4 1378.27 765.28 1399.48 787.56 0.405648
1 714.31 990.82 733.15 1014.34 0.395373
4 0.29 898.02 30.14 930.14 0.395155
4 1372.76 742.23 1387.87 757.14 0.376866
5 0.09 905.56 44.04 1010.09 0.367112
9 1376.77 732.66 1399.63 787.98 0.189880
