4 943.15 14.68 982.86 54.48 0.999541
4 1270.15 0.23 1328.81 43.85 0.999364
5 1143.30 491.64 1378.01 787.22 0.998464
1 539.12 744.14 554.63 773.70 0.997530
1 582.78 633.64 595.07 661.43 0.997344
1 593.54 633.90 607.13 665.07 0.997244
1 529.12 713.91 543.29 738.99 0.997170
5 801.87 0.47 920.79 91.00 0.997001
1 565.11 758.77 578.11 785.50 0.996729
1 754.79 234.47 765.00 253.62 0.995996
1 604.76 103.79 614.60 127.78 0.995480
1 829.91 366.55 840.31 386.16 0.994402
1 508.97 720.07 522.15 745.99 0.992721
1 645.91 154.65 656.67 177.45 0.989309
1 631.33 105.64 642.33 128.87 0.986403
1 1021.95 647.16 1037.90 684.61 0.981705
1 575.91 159.83 585.54 183.73 0.977711
1 984.42 285.76 995.94 313.15 0.972367
1 1055.33 617.18 1072.30 657.19 0.971376
1 634.27 180.63 646.63 202.81 0.971131
1 609.77 155.60 619.62 182.06 0.969728
4 1370.24 20.94 1399.86 55.07 0.968208
1 558.76 162.78 570.46 187.23 0.963507
3 794.08 26.47 815.25 58.22 0.960814
4 1347.87 0.24 1399.75 57.14 0.958720
1 567.45 159.60 577.70 182.19 0.957194
2 582.83 632.81 607.20 665.25 0.914241
1 561.70 109.29 570.46 136.53 0.902038
3 634.70 189.11 656.18 209.24 0.885605
3 630.59 115.85 642.55 129.76 0.872568
1 1004.71 659.96 1015.23 678.39 0.858964
1 510.69 699.34 520.02 722.34 0.856477
3 876.27 176.92 905.02 241.63 0.850536
3 698.53 13.85 719.76 29.13 0.831806
1 632.32 0.11 642.50 12.59 0.826598
2 924.09 142.43 948.90 177.77 0.819801
3 530.71 720.77 542.95 739.37 0.805399
2 507.55 631.95 607.97 783.58 0.797762
3 938.99 420.32 974.47 455.77 0.784070
2 563.68 109.00 570.10 126.15 0.783497
2 559.32 158.16 585.80 186.96 0.765669
1 549.66 237.15 560.47 270.77 0.760103
3 634.99 191.48 647.02 204.69 0.745859
2 832.09 24.45 842.50 40.11 0.735934
1 1044.29 487.01 1060.76 512.13 0.730112
1 795.16 16.98 807.02 42.78 0.725604
3 801.99 35.99 814.69 56.86 0.720962
1 803.99 26.86 815.09 54.87 0.718683
2 558.08 124.13 565.92 136.71 0.710977
2 794.75 17.14 814.89 56.15 0.709564
2 646.93 195.93 656.26 208.93 0.693049
4 836.84 768.93 1025.91 787.76 0.641254
2 876.21 186.56 886.24 209.39 0.629563
2 633.90 231.54 642.64 243.90 0.623492
2 550.39 254.88 558.71 271.20 0.590792
2 633.80 180.17 656.02 208.92 0.590023
2 1004.38 616.62 1072.32 685.32 0.589808
2 508.65 713.11 579.35 785.41 0.588308
3 1022.55 661.37 1038.57 685.92 0.585158
2 698.83 7.78 718.88 28.73 0.583583
3 585.51 644.64 595.37 663.60 0.582973
2 889.16 188.80 900.31 209.21 0.579798
3 510.48 732.61 522.38 746.44 0.571596
4 1390.65 587.84 1399.88 617.10 0.561496
6 1143.31 491.58 1378.18 787.02 0.552005
1 950.05 431.18 962.57 454.31 0.548442
1 700.29 7.48 713.80 27.84 0.547008
2 1004.80 646.58 1038.68 684.94 0.532633
2 566.66 159.79 576.30 182.16 0.501949
2 534.37 431.13 543.37 452.94 0.497358
3 543.77 755.25 553.99 773.95 0.495480
2 557.55 101.13 658.70 208.84 0.488188
2 978.60 204.84 986.40 221.59 0.485568
9 782.76 766.79 1031.05 787.83 0.473116
2 528.64 429.65 537.73 449.50 0.421542
1 515.42 660.96 522.54 677.69 0.410162
2 554.33 100.61 768.50 255.20 0.401016
2 604.39 102.87 643.57 129.91 0.394234
2 503.98 2.76 657.93 785.93 0.219205
6 795.40 0.79 1380.90 786.24 0.119229
