4 97.63 53.02 122.82 81.90 0.999377
4 60.76 125.54 87.99 155.74 0.999183
4 762.83 263.94 799.08 292.56 0.998950
4 662.24 28.14 678.94 55.46 0.998745
5 364.73 319.63 473.27 368.04 0.997904
4 822.42 161.14 844.71 180.84 0.997418
4 271.73 267.61 290.12 302.79 0.995651
4 603.26 21.82 636.32 61.86 0.995090
4 619.77 308.99 660.05 329.71 0.995048
4 210.48 76.52 250.99 154.42 0.994210
4 966.98 671.46 994.51 713.51 0.993740
4 1353.34 331.12 1399.71 365.85 0.993369
4 819.39 91.00 845.85 181.53 0.993302
4 1167.92 307.90 1276.93 351.82 0.993013
4 1079.76 470.62 1200.72 517.43 0.992063
4 165.23 530.70 184.82 570.73 0.991876
4 979.66 722.59 1008.76 765.40 0.991823
4 162.58 270.68 194.52 332.06 0.990719
4 846.54 26.18 863.53 51.01 0.989598
4 1310.83 421.14 1382.63 523.40 0.988709
4 769.65 187.10 794.80 231.88 0.988096
4 206.89 370.94 251.20 392.35 0.988096
4 909.72 61.01 947.01 82.96 0.981412
4 1332.50 708.40 1365.58 753.84 0.980097
4 887.74 0.00 923.05 18.04 0.978634
4 435.08 548.72 456.12 591.16 0.978624
4 645.34 197.68 670.28 229.19 0.971084
4 321.92 575.71 342.32 618.95 0.969711
4 202.34 290.29 222.01 325.05 0.967854
4 985.18 371.24 1065.59 446.41 0.966280
5 993.75 485.94 1082.46 597.92 0.959918
4 617.68 2.82 628.78 21.63 0.957966
4 901.86 31.26 938.85 59.80 0.957793
5 960.58 475.54 1001.10 545.28 0.957234
1 1204.41 578.35 1234.83 621.17 0.953574
4 1250.68 566.60 1280.39 605.36 0.946445
4 1165.74 278.57 1210.00 302.86 0.943477
4 908.96 199.39 934.07 220.71 0.938692
4 1049.01 370.28 1117.74 437.76 0.930581
5 172.41 406.74 282.42 451.85 0.930251
4 460.17 96.26 477.24 118.09 0.923809
4 817.34 365.21 849.22 393.38 0.910566
4 1098.26 360.96 1170.83 438.04 0.910243
4 803.63 168.08 815.85 209.28 0.889594
4 1018.78 202.30 1080.30 228.15 0.881277
4 1275.63 559.87 1307.99 603.96 0.880013
4 1144.62 364.09 1202.72 423.62 0.876441
4 865.41 107.22 878.55 129.90 0.863647
4 729.59 172.25 738.17 184.96 0.859018
4 774.28 217.87 789.89 231.88 0.858688
4 25.53 0.31 81.45 44.69 0.855469
4 851.02 44.37 865.62 67.44 0.852089
4 858.70 89.89 876.41 112.92 0.847235
4 431.08 131.67 446.50 163.36 0.841173
4 751.60 440.89 771.92 475.50 0.835918
4 907.59 186.45 917.48 201.06 0.834075
6 564.41 244.81 596.16 272.08 0.831078
4 1185.97 187.48 1197.74 200.57 0.827905
4 457.98 124.09 469.31 138.38 0.821009
6 601.63 28.88 615.40 64.55 0.810860
4 462.57 145.09 472.66 158.82 0.810564
4 1203.76 182.24 1223.88 197.14 0.809532
4 478.05 15.47 489.58 31.92 0.809275
4 444.91 79.15 456.44 99.54 0.803708
4 659.01 2.72 679.41 24.11 0.791194
4 944.65 317.90 963.26 335.50 0.782231
1 688.75 268.80 701.44 293.37 0.777155
4 444.81 0.61 465.74 15.32 0.769548
6 658.38 2.36 681.56 56.74 0.769042
4 187.40 493.02 221.05 542.57 0.766815
4 210.42 651.18 235.04 689.53 0.766644
4 667.50 309.16 700.04 321.71 0.762753
4 1359.62 706.87 1399.30 756.31 0.760302
4 884.06 173.18 895.40 184.00 0.757736
6 789.11 168.00 815.46 210.18 0.735370
4 369.96 348.51 415.34 367.56 0.733562
4 1135.15 184.88 1192.90 211.48 0.721771
3 867.56 251.70 895.44 283.42 0.716855
4 819.50 381.46 851.43 407.77 0.715105
4 285.43 18.91 301.76 45.25 0.712676
4 611.40 40.94 634.82 61.65 0.711209
4 1310.68 421.09 1345.33 460.41 0.703982
6 457.72 86.15 481.11 159.58 0.703701
4 934.25 209.78 951.33 223.10 0.697725
6 624.39 138.65 671.06 230.19 0.697264
4 1055.70 202.78 1079.91 223.76 0.694392
4 1265.80 161.98 1303.36 182.70 0.684201
4 1318.14 400.64 1338.67 422.85 0.677930
5 1095.96 378.45 1154.78 438.50 0.672870
4 944.48 261.51 954.91 271.01 0.672805
4 1328.63 137.67 1393.03 166.41 0.672012
4 1197.99 278.37 1210.95 292.86 0.667502
4 97.97 64.40 111.93 81.54 0.665347
4 1300.96 153.00 1331.45 173.30 0.663200
4 864.68 393.49 893.08 421.98 0.657518
6 1023.68 485.79 1082.51 593.44 0.648073
4 1220.65 177.77 1236.37 190.90 0.641502
6 769.72 167.76 815.29 231.95 0.638612
4 1136.65 185.09 1162.51 199.03 0.638467
4 749.59 428.83 762.67 443.72 0.638263
6 1300.56 137.54 1393.14 174.83 0.635384
4 1116.68 199.27 1137.53 215.42 0.632442
4 1003.06 223.08 1021.76 237.37 0.632141
6 994.13 492.10 1055.45 597.12 0.628090
4 1265.06 168.90 1284.05 182.28 0.627391
3 1238.21 446.30 1292.71 513.12 0.619064
4 1220.68 171.25 1265.84 192.63 0.615380
6 572.40 652.30 664.33 745.15 0.614412
4 43.32 747.93 79.79 787.41 0.607646
4 763.47 477.00 776.97 493.80 0.605301
4 628.63 728.39 659.73 747.31 0.603318
4 943.08 209.03 973.99 224.61 0.601470
6 909.77 198.92 1081.60 241.33 0.598837
5 1233.60 702.62 1302.39 777.96 0.596251
3 537.52 296.46 568.33 315.35 0.591430
4 601.72 241.79 641.47 267.14 0.590172
6 982.75 307.18 1278.03 459.82 0.587465
4 997.02 781.17 1019.02 787.71 0.584570
4 865.64 406.06 880.41 420.84 0.584139
4 16.08 121.76 42.53 163.78 0.582878
4 1200.67 272.26 1247.39 293.04 0.575532
6 364.68 331.87 415.22 367.33 0.574816
4 936.25 447.99 953.02 466.23 0.570235
4 840.68 527.35 861.84 550.78 0.567154
4 777.06 756.95 795.06 780.84 0.565055
4 445.14 79.39 473.53 99.46 0.564179
4 1071.44 514.69 1118.14 538.07 0.562149
4 1313.40 553.66 1342.98 587.18 0.558275
4 1233.21 273.39 1246.62 281.97 0.545820
4 529.76 765.54 550.53 787.43 0.543604
4 411.03 335.30 472.61 358.67 0.532690
6 1311.48 364.36 1399.34 525.17 0.527488
6 162.29 270.14 222.09 332.77 0.515462
4 538.67 658.07 550.00 677.03 0.506540
1 673.57 450.02 686.07 481.95 0.495510
3 529.13 734.71 543.66 760.14 0.489973
4 165.85 530.70 183.39 547.55 0.487817
9 0.04 0.68 33.08 73.90 0.485767
3 313.13 357.69 355.24 375.38 0.472464
4 1343.63 490.98 1381.88 522.95 0.469384
6 1048.22 702.18 1302.74 787.37 0.457809
1 607.85 192.93 624.09 228.85 0.446949
4 1104.43 733.72 1123.68 751.16 0.432534
1 1234.71 702.96 1254.51 725.15 0.415481
9 940.50 201.04 1081.07 229.72 0.415341
4 15.54 191.03 34.71 205.44 0.401953
9 945.92 205.47 1014.45 225.61 0.392336
6 841.82 0.42 1399.00 239.18 0.379213
4 1274.68 771.99 1293.91 786.98 0.367123
1 1365.10 759.99 1380.94 779.48 0.365132
9 623.68 137.82 691.69 300.82 0.362240
4 32.83 25.31 56.86 44.47 0.349070
6 0.00 0.26 81.72 75.62 0.273019
10 590.42 631.79 608.08 674.14 0.211087
