4 898.74 400.13 1033.40 488.11 0.999915
4 879.96 320.97 1000.38 409.01 0.999888
4 1065.00 316.66 1199.00 410.99 0.999806
4 1331.89 338.41 1399.61 415.73 0.999729
4 889.67 156.83 948.88 256.07 0.999673
1 669.08 279.37 690.24 322.25 0.999672
4 1212.16 254.44 1331.24 333.70 0.999661
4 745.33 130.50 822.43 230.00 0.999653
4 1231.77 523.07 1376.67 631.99 0.999634
4 588.26 76.86 700.27 168.74 0.999487
4 695.14 703.90 893.03 865.97 0.999456
4 1330.47 202.09 1399.65 274.90 0.999452
4 1212.20 647.09 1373.36 778.56 0.999278
4 663.09 120.42 748.55 218.41 0.999257
4 1056.46 703.99 1215.02 837.63 0.999249
4 957.27 132.86 1042.18 240.90 0.999191
4 820.16 159.05 884.04 257.27 0.999151
1 773.60 430.42 793.03 464.51 0.999106
4 586.14 0.00 652.58 37.54 0.998334
4 0.37 672.83 197.60 872.87 0.998303
4 1343.54 609.64 1395.29 675.46 0.997724
4 1182.04 811.37 1357.86 957.56 0.997442
4 1001.45 85.22 1092.45 192.39 0.996863
4 1057.02 69.34 1146.28 167.04 0.995120
4 208.00 567.18 372.02 766.86 0.991050
1 285.19 345.45 320.25 411.57 0.989804
1 1086.17 653.58 1137.32 700.63 0.989277
1 393.13 461.34 424.89 540.93 0.974307
1 669.06 12.37 690.74 66.56 0.962542
4 0.13 360.04 18.41 438.65 0.958093
6 1018.63 825.39 1166.67 940.78 0.956071
9 750.51 33.83 927.48 129.92 0.955488
2 757.84 71.45 772.90 103.01 0.949601
2 931.28 0.00 966.33 43.00 0.942475
1 330.76 386.12 364.46 456.69 0.912264
2 970.01 927.58 993.35 975.72 0.910786
4 0.55 613.91 120.27 688.28 0.896411
2 1191.58 952.93 1313.27 1048.43 0.855319
4 1294.28 938.81 1399.30 1032.31 0.822806
7 1086.58 901.17 1184.99 1025.16 0.783859
2 16.44 542.26 58.12 581.42 0.575301
