4 670.10 604.72 710.68 649.83 0.999681
4 545.82 246.11 583.42 287.17 0.999668
4 577.22 325.47 611.35 368.40 0.999602
5 734.32 0.25 821.58 78.68 0.999589
4 440.44 602.43 484.04 647.27 0.999575
4 818.01 186.65 859.35 230.03 0.999573
4 768.86 390.91 810.71 437.45 0.999566
4 474.54 377.28 509.06 412.86 0.999530
4 435.09 561.26 478.97 605.19 0.999506
4 1076.66 262.32 1118.66 305.28 0.999315
4 865.02 101.37 906.27 144.35 0.999152
4 1298.18 7.36 1343.56 53.47 0.998879
4 1116.92 104.26 1153.43 143.14 0.998818
4 617.74 481.52 660.35 526.75 0.998387
4 190.50 588.65 230.81 629.90 0.998024
4 210.97 727.63 253.70 764.82 0.997036
4 187.46 422.46 273.55 512.48 0.996118
4 987.90 245.00 1025.82 284.07 0.995665
4 187.63 702.24 233.91 739.73 0.993488
4 864.24 691.57 878.99 729.62 0.993157
4 103.47 513.42 192.34 602.60 0.991917
4 1027.87 331.22 1097.47 399.80 0.991378
4 221.08 222.10 338.51 293.02 0.991171
4 241.29 530.95 284.09 573.10 0.990430
4 1014.65 100.58 1056.77 146.48 0.984487
4 745.57 667.43 775.90 714.96 0.982937
4 389.16 301.48 407.23 317.02 0.981743
4 453.20 290.09 496.64 351.03 0.979217
4 1272.53 112.32 1300.18 146.01 0.978856
4 528.17 125.55 545.25 151.81 0.970524
4 500.27 417.47 531.20 465.14 0.966726
4 8.23 729.97 68.99 771.06 0.965731
4 523.23 33.43 547.89 47.18 0.960436
4 1384.11 311.80 1399.84 344.63 0.959391
4 260.67 555.12 292.62 587.56 0.958743
4 854.20 771.23 873.07 787.55 0.956505
4 552.93 36.24 581.19 49.46 0.945893
4 55.54 751.11 95.11 786.60 0.940735
4 315.67 646.44 357.87 696.30 0.939605
4 1144.01 110.48 1216.24 184.66 0.939444
4 469.81 163.36 497.60 190.13 0.938296
4 670.75 19.30 688.22 39.28 0.938121
4 993.82 540.06 1067.47 605.75 0.925363
4 432.66 382.97 451.86 404.56 0.923522
4 321.90 449.98 382.79 515.54 0.920422
4 665.84 52.64 699.28 68.44 0.920388
5 761.16 678.47 814.28 787.01 0.913184
4 288.91 700.22 309.11 717.97 0.912365
4 128.69 774.63 151.97 787.67 0.911418
4 1111.49 180.24 1151.05 216.59 0.910525
4 532.71 62.81 569.00 80.73 0.908474
4 609.72 82.06 639.05 97.73 0.903612
4 929.64 394.53 957.37 425.67 0.898903
4 654.03 103.87 679.92 122.22 0.890626
4 988.45 260.34 1012.67 283.63 0.888616
4 1061.38 215.46 1115.68 275.53 0.885470
4 1214.68 68.50 1245.35 100.06 0.878034
4 399.88 240.80 408.63 257.10 0.877547
4 363.61 203.72 379.09 233.36 0.871057
4 690.80 13.66 715.35 29.77 0.870867
4 977.56 436.36 1003.58 468.82 0.869598
4 954.52 239.81 976.87 266.68 0.862323
4 820.23 730.81 840.19 766.45 0.859766
4 518.14 263.62 529.33 274.44 0.859287
4 928.78 216.55 949.71 240.00 0.857424
4 737.39 87.94 749.09 101.64 0.854361
4 443.89 355.70 464.67 378.04 0.850790
4 466.15 285.14 489.34 304.57 0.847008
4 824.18 718.46 842.75 734.42 0.840241
4 349.02 181.37 379.78 233.98 0.832584
4 620.59 52.68 650.87 67.95 0.832515
4 542.92 139.29 561.66 161.70 0.832351
4 629.87 111.34 647.50 130.60 0.830781
6 629.19 110.83 648.80 146.36 0.824587
4 909.65 50.40 928.25 66.32 0.823608
4 945.32 193.38 971.85 221.64 0.821585
4 428.02 149.83 440.34 166.33 0.819305
4 643.01 109.67 660.53 128.28 0.818712
6 103.01 421.81 274.03 603.15 0.817301
4 599.23 184.65 607.85 193.76 0.811569
4 971.24 215.42 1002.41 244.93 0.809735
4 287.09 572.27 358.83 650.06 0.808483
4 1355.40 0.16 1399.53 28.80 0.805095
4 714.20 2.28 741.00 22.78 0.799315
4 619.96 59.46 631.19 67.96 0.799270
4 821.33 626.79 849.48 670.46 0.799085
4 839.94 186.46 858.93 205.55 0.789201
3 1083.91 488.19 1137.67 566.66 0.787942
4 619.61 200.59 637.79 219.37 0.786378
4 635.03 52.99 650.33 64.73 0.777829
4 62.00 485.20 98.03 510.06 0.775172
4 919.40 169.36 951.93 201.09 0.772433
4 502.77 764.55 527.34 787.21 0.770392
4 901.51 193.73 927.08 220.31 0.766338
4 432.88 355.79 464.19 404.73 0.757967
4 455.92 248.84 465.66 259.06 0.757548
1 917.55 638.72 938.67 662.90 0.756688
4 622.62 82.21 638.68 93.47 0.749154
4 690.44 2.33 741.67 31.36 0.745318
4 821.70 160.27 840.02 175.04 0.743041
4 950.49 354.06 962.53 368.42 0.732361
4 1136.88 160.20 1167.53 188.07 0.729513
4 153.32 546.47 191.55 582.57 0.725099
4 658.57 574.94 694.10 611.07 0.719565
5 103.70 528.81 172.27 602.18 0.717857
4 1242.35 89.21 1273.85 119.36 0.714031
4 687.29 466.32 721.33 501.64 0.713668
4 1298.32 25.00 1324.69 53.06 0.711496
4 257.25 634.76 284.07 665.42 0.710778
4 320.85 497.60 344.03 514.91 0.709004
4 255.00 481.48 277.19 502.71 0.707483
4 929.48 395.60 979.67 451.94 0.701597
4 617.85 504.21 639.95 526.34 0.700682
4 591.42 324.61 610.22 342.20 0.696151
1 734.49 727.97 755.85 772.56 0.691961
4 1374.85 96.26 1399.61 109.76 0.691701
6 977.97 488.27 1067.23 605.50 0.691182
4 563.94 553.87 614.59 609.25 0.689145
4 1318.31 24.46 1367.97 62.45 0.687911
4 643.07 481.32 660.19 499.21 0.678962
4 987.36 303.88 999.82 316.82 0.678656
4 1060.90 242.90 1094.79 275.24 0.677949
4 321.22 386.99 335.82 405.03 0.676729
4 821.88 781.59 838.79 787.86 0.669811
4 809.74 682.40 824.38 710.98 0.668813
4 698.68 533.75 730.08 569.94 0.666479
5 504.83 687.85 602.08 787.09 0.661929
4 802.86 536.79 824.08 554.02 0.659379
4 216.41 774.12 246.08 787.67 0.656575
4 1155.52 224.29 1198.15 261.57 0.653302
6 935.17 599.30 1020.08 680.85 0.649250
4 318.58 656.63 347.65 678.39 0.648126
4 333.55 427.59 345.71 440.73 0.646653
4 287.80 615.22 329.29 647.63 0.639275
4 363.14 450.80 381.95 483.42 0.636090
4 647.25 765.30 692.12 787.69 0.626091
2 502.92 763.01 543.02 787.10 0.623727
4 86.77 695.04 112.09 717.59 0.615432
4 500.85 439.60 518.97 464.42 0.613872
4 156.83 513.43 192.12 545.08 0.611214
3 992.83 691.56 1110.13 767.09 0.611084
4 912.23 587.82 922.26 603.83 0.609737
4 456.03 245.38 476.44 259.15 0.607149
6 528.00 97.41 583.90 153.86 0.606668
4 671.60 683.78 706.37 729.32 0.606207
6 604.18 110.61 647.54 134.14 0.600363
4 831.82 597.79 864.77 644.03 0.596125
4 344.20 644.58 360.15 656.52 0.593739
4 913.82 394.92 927.47 409.63 0.590136
4 321.70 427.76 345.99 453.88 0.587475
4 108.87 638.23 138.90 676.85 0.587022
4 820.50 750.51 837.67 766.74 0.586226
1 1320.83 514.22 1379.88 559.47 0.582792
1 526.60 764.88 543.15 785.64 0.579596
4 710.15 675.21 725.53 686.40 0.574500
6 432.05 287.06 498.73 404.83 0.573869
4 713.28 773.03 736.24 787.66 0.573556
4 66.24 703.03 101.74 732.67 0.571528
6 288.71 645.08 359.11 718.18 0.570756
4 298.97 513.18 329.07 544.85 0.567379
1 1355.97 516.26 1375.01 549.78 0.567052
4 969.69 639.73 1002.75 674.03 0.565075
4 341.58 478.10 368.00 503.96 0.562306
6 266.75 568.24 359.55 659.65 0.561696
4 248.65 462.80 268.52 475.79 0.559948
2 1019.60 571.14 1052.60 608.79 0.557903
4 500.04 778.71 518.18 787.76 0.557388
4 566.17 97.31 583.47 107.09 0.552563
4 977.93 454.56 989.99 467.68 0.549653
4 688.90 751.35 713.34 768.89 0.548932
5 52.36 477.48 104.02 534.14 0.548821
4 745.91 695.92 765.20 714.49 0.548073
4 821.98 653.77 837.09 670.38 0.544018
4 864.00 569.98 880.11 587.39 0.542283
1 964.15 688.60 982.76 713.50 0.541870
4 189.19 519.46 297.06 630.53 0.538198
4 882.55 683.59 890.84 700.15 0.532155
4 670.68 703.34 687.84 727.18 0.529847
4 241.03 422.70 272.96 453.23 0.529455
4 718.68 749.24 735.78 771.95 0.527405
4 178.97 716.15 215.10 747.90 0.527248
4 833.28 626.38 849.51 645.66 0.523806
4 361.24 391.91 373.48 401.20 0.523503
4 1028.69 630.98 1045.52 648.94 0.521401
2 721.36 727.78 756.44 773.49 0.517859
4 366.04 73.72 408.82 104.07 0.510864
4 168.37 546.02 191.07 561.55 0.510457
4 3.59 729.09 26.57 751.72 0.506791
4 66.58 720.19 79.50 732.29 0.506218
1 981.15 575.87 999.63 601.82 0.504438
4 1235.36 533.19 1298.28 593.85 0.503299
4 945.00 560.27 955.96 571.66 0.499433
4 7.53 702.08 102.59 771.82 0.497810
4 267.30 634.98 281.29 655.45 0.492786
4 240.64 588.84 258.39 608.07 0.483343
4 167.73 429.10 179.79 444.61 0.475833
2 1321.17 514.89 1374.39 551.73 0.473192
2 590.75 324.57 611.12 352.34 0.472510
6 1061.24 109.86 1216.72 277.45 0.457394
6 221.17 222.13 338.54 293.07 0.456605
4 182.04 593.14 199.55 613.54 0.451426
4 965.50 689.36 981.02 706.58 0.450564
4 78.75 681.97 92.20 694.88 0.440424
4 1086.51 691.31 1109.82 714.21 0.429182
4 993.52 746.41 1010.97 766.55 0.421889
4 125.79 490.56 150.25 522.23 0.402774
4 74.03 457.47 90.92 473.11 0.398129
6 51.60 454.59 104.54 534.43 0.382507
4 179.49 82.29 203.89 94.97 0.353256
4 7.39 377.70 26.50 394.59 0.351599
9 1186.20 128.74 1399.01 330.43 0.297116
6 135.93 157.90 339.17 293.77 0.285500
9 1000.63 488.49 1056.90 549.15 0.262194
9 919.99 127.34 1399.58 786.61 0.050928
