4 868.83 15.63 903.08 64.92 0.997362
4 915.06 25.33 948.94 71.43 0.995804
1 586.32 622.42 602.29 656.80 0.991725
1 692.57 33.01 702.34 59.11 0.990716
1 603.59 404.64 615.34 426.44 0.989572
1 673.50 316.86 685.06 341.55 0.989337
1 503.94 687.67 520.52 713.42 0.988676
1 560.22 288.60 570.01 313.35 0.986639
1 672.11 381.98 682.55 405.17 0.985655
1 572.15 481.73 586.38 506.85 0.984671
1 574.45 458.43 587.40 481.23 0.983701
1 623.85 308.10 634.90 330.55 0.982914
1 1149.27 24.10 1161.62 46.08 0.982650
1 1160.90 6.53 1172.71 31.08 0.981158
1 521.79 565.30 536.77 599.33 0.980897
4 1108.52 71.52 1119.08 85.91 0.980839
4 485.39 138.28 513.10 158.17 0.972749
4 754.46 54.61 781.60 79.59 0.965483
4 506.78 146.50 523.48 162.45 0.959439
1 479.31 664.84 493.25 687.98 0.957283
1 573.56 338.50 584.61 359.06 0.951615
1 634.55 489.08 646.79 510.14 0.951140
2 468.53 723.90 501.14 759.53 0.949431
4 383.20 22.33 404.48 42.06 0.940379
1 603.84 277.68 618.85 304.24 0.932746
4 800.07 49.77 811.67 67.92 0.932358
4 942.57 237.98 958.84 259.14 0.931551
4 643.39 20.64 655.25 34.18 0.924776
1 651.45 102.50 666.59 122.14 0.924743
1 651.80 438.86 662.79 458.42 0.919934
4 923.10 236.72 959.48 269.99 0.919199
4 965.06 128.98 975.60 146.15 0.913483
4 944.16 179.66 956.11 191.02 0.911633
1 567.66 673.04 580.07 697.19 0.911316
2 462.57 272.76 717.86 787.31 0.897815
3 521.69 762.12 543.52 785.45 0.895417
1 526.03 703.16 542.62 722.00 0.894812
4 791.98 20.79 802.74 32.98 0.893324
1 524.38 752.51 542.63 783.41 0.891363
4 1287.18 0.15 1299.01 13.85 0.889857
4 626.48 57.34 635.85 68.97 0.882313
4 869.49 38.93 895.60 64.26 0.877415
1 683.32 0.00 694.34 16.25 0.872854
2 1089.03 0.29 1103.36 25.55 0.865120
4 970.97 16.84 982.77 27.80 0.859721
4 681.23 73.34 688.88 80.00 0.856743
1 698.15 0.86 706.55 16.93 0.854659
4 644.05 1.84 654.30 15.46 0.846722
4 959.77 143.04 969.16 155.11 0.845440
4 777.20 58.26 790.61 71.87 0.841899
4 600.79 26.58 612.43 43.63 0.816783
2 961.18 128.80 976.06 154.90 0.802041
4 915.99 49.03 939.63 70.27 0.799115
5 605.40 94.75 777.11 295.52 0.797623
2 702.39 292.60 716.51 316.23 0.794082
4 757.85 53.59 775.97 68.69 0.790332
4 879.25 745.45 894.08 764.07 0.790163
1 425.89 294.75 453.75 322.01 0.785907
4 1361.55 20.08 1391.36 55.02 0.784329
4 554.52 165.26 582.19 188.50 0.778496
4 428.88 235.02 445.45 256.52 0.775774
4 552.24 70.36 570.27 91.85 0.765815
4 885.69 406.63 914.84 446.51 0.753930
4 620.28 40.42 643.52 69.52 0.753875
3 478.30 326.61 497.29 347.87 0.753731
2 1003.09 0.14 1013.84 20.95 0.750605
2 1044.42 0.00 1054.18 18.02 0.743639
2 1012.43 0.13 1024.16 20.45 0.738377
2 468.69 735.84 488.08 760.82 0.731497
1 1122.35 0.00 1133.39 14.58 0.730898
2 566.49 277.91 716.20 516.76 0.727731
2 201.49 572.51 280.21 672.58 0.725204
5 820.00 711.93 891.85 787.41 0.724394
6 817.80 645.32 893.88 787.01 0.719514
2 1076.74 0.00 1086.07 9.46 0.713668
4 473.61 170.32 501.11 190.74 0.711967
2 1052.60 0.00 1064.26 14.49 0.706572
4 500.33 19.96 514.65 32.86 0.697408
3 585.18 137.22 601.88 157.45 0.694046
3 568.67 684.37 580.18 701.25 0.693010
4 571.86 257.03 587.37 268.54 0.691680
1 614.76 59.90 624.60 85.32 0.689409
2 1148.72 6.52 1172.72 46.74 0.687941
2 669.93 442.94 681.47 462.61 0.682636
6 451.01 218.48 530.53 277.85 0.679581
2 718.20 0.86 726.15 16.22 0.676322
2 699.17 0.67 711.06 16.86 0.671918
3 572.46 136.63 601.81 173.79 0.669404
2 468.57 677.57 556.41 785.84 0.667922
6 347.59 0.27 473.75 50.37 0.664126
2 482.53 724.19 500.81 746.37 0.662836
6 868.37 14.26 950.34 73.30 0.657967
2 1001.34 0.00 1174.28 47.66 0.655340
2 1117.08 36.44 1131.29 62.26 0.653685
6 0.39 667.46 153.80 787.51 0.652810
2 666.57 421.14 676.12 435.70 0.651277
4 452.05 170.95 465.87 184.14 0.649921
1 587.32 124.55 596.99 144.35 0.646776
3 561.41 299.57 571.06 314.46 0.646773
1 567.59 385.92 582.23 412.05 0.641123
1 425.83 295.64 438.36 316.42 0.633841
5 218.62 574.49 279.59 635.93 0.633194
2 572.29 80.58 584.16 115.60 0.631533
1 542.44 722.10 557.48 743.54 0.630520
1 572.50 255.50 588.53 278.89 0.616783
6 484.44 120.05 542.55 162.33 0.614027
4 202.24 607.78 276.27 673.94 0.607845
2 1002.17 0.00 1104.91 27.20 0.607108
1 495.19 776.45 510.25 787.52 0.606611
2 433.97 298.22 446.06 319.86 0.606099
2 708.50 1.02 718.35 16.27 0.605206
2 753.45 61.82 765.36 79.04 0.600922
4 481.85 180.45 496.33 189.73 0.595838
3 603.23 285.47 615.50 304.61 0.595082
2 603.33 279.26 612.36 303.63 0.593704
2 985.93 35.51 994.54 50.15 0.591262
3 440.45 305.44 454.01 321.91 0.588208
1 580.94 368.79 591.18 381.13 0.581589
2 470.22 141.92 478.18 156.28 0.579081
2 1095.13 0.27 1104.03 18.39 0.579021
4 837.08 769.46 869.23 786.24 0.568814
2 416.73 246.60 428.54 268.83 0.567325
4 389.11 184.97 403.57 196.21 0.566539
4 846.66 731.04 859.77 756.77 0.566404
2 586.34 124.45 597.84 151.84 0.564237
3 427.30 300.67 453.51 322.74 0.562240
2 661.22 474.28 672.40 487.49 0.561960
4 85.13 754.26 138.24 785.29 0.552535
2 542.49 92.55 557.08 116.50 0.550955
2 892.32 414.88 907.71 430.48 0.550686
4 393.86 165.02 413.31 182.24 0.549966
1 979.91 48.99 989.83 63.79 0.549398
4 568.59 736.60 583.85 762.20 0.547401
6 427.40 108.39 543.78 192.50 0.544358
2 800.34 0.52 811.96 21.60 0.544282
3 467.08 664.93 493.06 688.33 0.543663
2 677.45 367.58 690.34 387.81 0.543242
2 980.00 37.30 993.64 63.99 0.541659
4 374.92 183.14 389.63 193.88 0.537654
4 1.21 748.35 66.35 785.03 0.536415
3 501.99 363.93 517.99 388.39 0.536239
2 699.15 326.17 716.51 355.19 0.533001
3 238.34 612.89 277.46 668.78 0.529171
2 755.06 33.68 764.07 55.25 0.528606
3 477.54 323.83 518.61 348.62 0.527469
4 202.43 609.34 244.32 648.77 0.525192
2 570.33 148.16 583.44 174.32 0.524970
1 588.80 620.72 600.96 640.14 0.518578
2 778.88 0.88 791.51 25.57 0.503934
3 428.46 670.91 444.63 690.23 0.499810
2 705.77 325.29 716.49 340.70 0.492372
2 573.50 385.66 584.36 398.50 0.489970
2 567.93 368.69 591.45 411.82 0.489280
3 279.64 653.01 301.06 682.09 0.486102
2 571.54 255.69 595.49 280.75 0.480987
2 975.47 0.00 989.97 7.92 0.475090
1 649.42 412.10 662.42 430.43 0.469964
2 578.68 265.60 587.51 280.03 0.466018
4 12.59 708.59 47.32 733.95 0.462494
2 452.58 255.77 467.06 286.60 0.459411
2 527.78 638.20 536.14 655.54 0.450818
1 524.04 565.42 535.81 581.16 0.448555
1 568.37 745.95 578.98 762.58 0.438552
4 861.75 747.84 873.15 761.02 0.436154
2 682.86 0.04 713.23 17.55 0.430683
2 595.17 302.89 603.33 329.14 0.424995
2 844.06 761.57 854.50 780.21 0.422496
1 447.33 242.98 468.28 286.84 0.421268
2 232.01 592.13 252.95 629.27 0.420589
6 604.80 0.26 812.08 297.78 0.329952
6 335.58 0.12 628.19 280.08 0.324770
