4 1024.87 331.79 1059.37 376.90 0.999408
4 894.67 667.42 948.60 750.09 0.998889
4 1322.27 106.11 1344.56 124.59 0.998854
4 1134.42 35.56 1173.95 50.90 0.997819
4 1234.71 624.07 1286.05 707.51 0.997797
4 636.67 886.46 776.01 960.22 0.996958
4 1394.10 57.13 1435.01 73.22 0.996264
5 922.16 107.84 1003.92 187.13 0.993678
4 1223.63 0.17 1243.92 13.98 0.992176
4 670.46 838.06 796.80 897.10 0.990308
4 785.26 567.42 887.29 614.23 0.990294
4 1492.20 48.66 1528.27 63.84 0.987139
4 946.34 276.03 1004.73 304.24 0.986845
4 1338.11 46.04 1380.14 62.66 0.985850
4 996.85 96.09 1030.23 117.42 0.984548
4 854.95 490.15 948.86 528.68 0.981943
5 906.20 70.37 968.06 114.97 0.981801
3 606.36 777.57 648.19 811.40 0.980882
4 889.38 411.01 950.74 441.82 0.973952
4 999.05 130.65 1019.49 148.83 0.973452
4 1565.61 57.32 1592.96 73.24 0.971272
4 797.21 533.21 877.41 575.08 0.963476
4 993.19 181.02 1031.44 205.77 0.963331
4 673.02 258.63 709.92 288.05 0.960317
4 785.18 569.99 824.78 609.60 0.944242
4 1096.01 128.79 1107.04 144.20 0.940234
4 959.69 248.59 1013.59 279.70 0.936538
4 1479.40 36.17 1501.49 48.94 0.925801
4 840.30 129.10 862.13 148.23 0.923234
4 864.82 118.59 889.93 135.73 0.921620
4 1354.47 42.44 1384.41 57.43 0.918300
4 876.43 458.46 946.35 500.66 0.911061
4 320.85 354.35 385.74 413.41 0.910058
4 1054.56 118.86 1078.09 138.18 0.905936
4 1537.50 66.83 1571.08 84.24 0.903576
4 866.16 437.91 944.69 471.28 0.891230
4 1256.20 107.76 1283.97 129.22 0.878650
4 858.27 440.34 904.27 476.15 0.871399
4 1127.64 3.15 1139.62 14.89 0.860640
4 1468.47 109.43 1493.61 127.33 0.856773
1 1684.24 557.52 1704.99 591.08 0.855860
4 1436.12 98.68 1465.59 120.67 0.855794
4 1003.54 165.13 1050.50 190.71 0.850978
4 501.07 259.94 517.96 286.03 0.843527
6 127.40 662.24 534.12 1076.81 0.838593
3 1686.80 568.76 1704.25 591.50 0.830634
4 962.54 76.73 990.54 102.30 0.825190
1 1088.30 301.56 1102.80 326.29 0.823475
4 1330.61 1.26 1349.76 12.74 0.821601
4 1458.00 85.27 1472.46 102.45 0.811442
4 944.28 175.28 958.10 188.25 0.796693
4 961.61 219.58 1015.50 246.18 0.783481
4 1547.77 76.73 1580.49 95.69 0.780161
4 1337.45 47.83 1357.52 61.20 0.779707
4 1044.48 79.89 1064.43 94.08 0.777022
4 487.03 258.48 518.37 296.11 0.775975
4 1019.87 165.38 1044.30 182.26 0.772520
4 788.20 182.35 805.92 198.76 0.766953
4 1082.33 13.13 1106.89 26.16 0.765763
1 1766.40 682.85 1800.96 725.24 0.758285
4 1028.68 92.99 1061.11 114.61 0.756712
4 1576.29 38.74 1596.71 49.95 0.755491
4 1241.32 64.27 1256.49 75.90 0.755028
4 1721.53 20.23 1737.17 32.68 0.754610
3 642.30 603.06 684.50 641.72 0.753817
6 912.06 152.04 944.64 211.27 0.750257
6 905.75 74.10 938.21 114.11 0.749921
4 1489.39 33.94 1504.74 46.37 0.740809
4 1030.75 184.62 1059.10 207.50 0.739633
4 538.84 236.77 569.97 260.47 0.727139
4 811.97 147.35 838.85 172.44 0.723205
1 609.67 763.53 633.82 793.89 0.721964
4 1041.42 67.24 1076.16 93.27 0.718274
6 996.01 95.24 1031.08 151.70 0.716913
4 1007.78 220.19 1044.98 248.71 0.716301
4 999.37 50.33 1034.79 70.72 0.714815
4 1155.59 115.37 1188.50 134.74 0.712718
6 961.09 179.13 1045.93 249.88 0.712323
4 1590.24 101.13 1608.87 115.55 0.708688
4 1095.19 113.94 1111.14 125.46 0.707087
4 679.53 149.01 697.64 165.46 0.705036
4 670.91 842.76 711.67 885.95 0.704801
4 1496.99 217.46 1524.99 236.98 0.699373
4 1157.81 289.80 1211.40 327.61 0.694274
1 1047.59 236.00 1059.45 262.86 0.690430
4 539.28 736.98 586.16 762.55 0.683774
4 1254.63 104.01 1278.59 118.31 0.677935
4 636.37 581.73 685.17 642.65 0.668971
4 1046.80 227.95 1082.68 250.81 0.656473
4 767.75 211.60 792.51 232.01 0.649906
4 1390.76 79.03 1424.12 91.97 0.649708
4 1123.39 300.22 1148.27 319.41 0.648647
4 786.05 411.73 820.43 432.86 0.645527
4 851.61 367.57 887.75 397.53 0.639275
6 906.30 69.82 1005.88 187.95 0.633662
6 652.41 82.09 752.93 143.31 0.631236
4 876.53 139.09 915.57 163.80 0.629822
4 890.35 123.48 920.34 139.64 0.629581
4 396.09 247.76 430.69 274.38 0.627478
4 413.63 896.41 492.73 960.36 0.626271
3 692.44 548.48 740.33 578.76 0.623364
4 636.67 887.70 682.09 940.64 0.617060
4 773.14 666.55 829.66 689.47 0.613370
4 855.34 409.60 954.02 530.83 0.603906
6 945.27 246.15 1035.42 304.54 0.602320
4 419.81 902.56 468.17 942.41 0.599674
1 379.06 195.29 389.74 218.19 0.597388
3 1773.50 699.18 1802.07 725.53 0.589592
4 1055.01 116.89 1108.51 144.29 0.589354
1 1338.00 520.41 1349.74 545.50 0.588082
2 575.16 206.01 586.44 223.59 0.587974
4 104.25 246.88 139.34 267.05 0.580190
4 1618.65 355.32 1638.66 367.98 0.569443
4 538.90 209.42 576.16 231.39 0.568063
1 529.36 226.35 540.12 252.49 0.567964
4 863.64 117.71 921.44 141.02 0.559271
3 745.42 651.93 830.05 690.22 0.558868
4 612.23 141.46 634.82 157.12 0.552553
1 619.09 641.67 636.23 670.94 0.549100
4 563.03 648.31 587.00 666.29 0.543509
4 518.17 252.69 543.50 274.12 0.539155
4 1073.10 110.90 1109.46 125.96 0.531131
4 480.64 220.71 519.67 238.29 0.527453
2 1774.36 698.51 1791.79 724.84 0.526109
4 785.08 35.34 820.13 52.85 0.520308
3 826.83 354.77 865.87 379.19 0.517283
4 799.07 181.74 857.70 202.98 0.511777
2 395.81 253.95 409.76 280.30 0.509054
1 655.94 168.15 669.20 186.99 0.508119
2 1048.82 235.78 1071.17 258.53 0.505379
2 1062.12 236.96 1074.34 254.45 0.500849
1 609.09 644.43 627.13 670.80 0.498338
2 1288.95 328.09 1300.15 345.63 0.496351
2 785.11 451.16 795.20 475.20 0.492865
3 563.71 646.68 612.49 670.58 0.484247
4 517.73 235.63 568.37 275.17 0.481091
4 335.45 350.16 391.01 384.97 0.479766
4 1766.93 683.54 1792.07 704.31 0.472125
1 405.54 740.83 436.99 770.86 0.469713
4 1047.35 12.80 1108.03 28.62 0.468847
1 586.13 650.06 605.17 672.12 0.468509
4 608.33 132.88 672.66 162.52 0.458525
9 530.98 156.01 647.29 256.70 0.455937
2 585.93 642.06 636.06 673.04 0.443163
9 1471.40 221.79 1522.70 277.00 0.439773
2 755.50 479.20 770.62 503.33 0.437751
4 1158.57 0.00 1187.74 4.73 0.419056
9 1426.54 221.20 1497.78 262.39 0.402404
2 318.21 397.40 334.54 422.15 0.398556
2 614.67 609.43 636.24 670.72 0.397141
1 417.38 323.41 432.88 341.82 0.367111
9 777.87 136.37 922.81 392.82 0.321681
9 209.40 828.82 447.40 1077.17 0.314889
4 25.32 55.17 54.53 73.44 0.306911
4 180.39 18.50 227.14 42.91 0.306785
9 586.35 304.67 790.34 662.84 0.206631
9 0.66 598.04 356.87 1076.45 0.195290
9 478.29 124.97 943.09 661.60 0.162348
9 317.88 142.50 670.79 417.97 0.156086
