4 534.08 394.11 581.63 463.79 0.999476
4 1466.74 793.58 1527.18 892.05 0.999114
4 1454.10 534.31 1552.64 577.29 0.999102
4 1683.80 577.04 1742.71 663.50 0.999100
4 634.09 406.41 686.32 478.54 0.998583
4 1579.98 785.23 1654.76 878.87 0.997966
4 1817.26 744.34 1890.01 847.57 0.997573
4 549.52 694.95 605.50 758.42 0.997350
4 1215.39 759.42 1266.60 817.28 0.996058
4 1025.25 744.90 1075.12 783.99 0.995553
4 307.33 685.52 378.25 768.18 0.995413
4 872.90 420.81 914.02 499.19 0.994531
4 1712.52 7.55 1748.15 51.92 0.994438
4 1389.29 785.72 1453.30 877.08 0.993267
4 671.73 713.63 725.18 771.91 0.992731
4 1330.26 776.49 1384.96 826.30 0.992449
4 812.26 426.14 855.61 496.67 0.991897
4 248.89 439.21 336.57 479.30 0.981567
4 218.68 471.19 301.30 512.01 0.980739
4 299.68 477.73 395.79 509.80 0.976568
4 1689.99 248.89 1728.79 298.72 0.970737
2 479.41 678.29 510.07 732.18 0.957043
1 439.05 392.28 457.59 426.73 0.944468
4 201.20 539.75 237.40 573.99 0.942822
4 740.35 431.89 772.14 472.07 0.926588
4 812.58 466.43 847.89 496.06 0.919790
4 1858.17 718.11 1915.72 773.46 0.906524
4 280.70 559.61 355.54 619.09 0.900667
4 1623.58 255.14 1646.52 287.49 0.877247
4 605.34 717.05 671.63 771.19 0.872867
5 199.13 557.79 356.05 624.15 0.871623
4 1460.27 509.78 1489.17 540.10 0.819234
4 635.38 716.94 670.96 747.91 0.791520
4 1703.58 85.97 1724.43 128.96 0.785700
4 1874.93 83.71 1915.53 140.06 0.780257
4 1686.26 177.34 1707.29 204.94 0.724493
4 1700.40 250.19 1726.54 279.70 0.724233
1 150.50 682.48 179.86 720.70 0.718317
4 1739.91 275.77 1800.02 312.42 0.710942
4 1003.35 616.04 1065.26 661.64 0.710885
4 1059.53 631.92 1106.54 664.86 0.698861
4 1615.99 25.60 1654.92 44.11 0.694513
1 484.49 652.25 496.47 680.31 0.684792
3 437.41 400.67 457.47 428.63 0.677757
3 1715.74 201.78 1806.63 317.96 0.675054
4 1854.17 242.71 1911.59 275.07 0.646958
3 1713.69 255.94 1773.33 320.08 0.644236
3 1714.34 288.78 1742.94 319.77 0.641499
1 479.79 658.18 514.88 732.10 0.629242
4 1506.41 502.27 1528.89 528.48 0.621495
4 1433.38 1004.03 1553.59 1077.64 0.611409
4 1450.03 484.33 1509.59 541.09 0.609545
5 279.15 499.32 1467.37 678.91 0.602918
4 1073.45 625.99 1120.19 647.91 0.600919
4 1593.83 208.43 1634.55 228.04 0.599789
3 980.46 594.06 1015.93 630.96 0.599669
6 223.93 626.06 378.84 770.00 0.583041
6 548.99 694.07 670.97 777.00 0.582814
4 310.23 552.12 402.51 592.69 0.568926
1 501.62 657.96 514.49 678.91 0.566281
2 1056.30 440.88 1082.97 474.81 0.556379
4 1479.13 809.76 1524.15 859.70 0.542846
4 166.80 160.87 178.29 175.02 0.527033
1 1402.15 637.49 1413.03 654.86 0.523002
4 573.60 325.64 607.85 341.59 0.498620
4 210.12 539.89 235.93 558.50 0.498191
4 201.10 556.03 220.02 574.39 0.481199
1 1490.02 514.13 1506.40 536.45 0.473979
2 1399.93 637.21 1414.43 668.29 0.472324
1 1056.26 441.86 1068.42 473.31 0.470468
1 1262.25 480.96 1288.05 530.56 0.468845
4 279.76 342.21 300.43 355.40 0.451886
4 224.26 700.83 268.53 748.48 0.437919
1 1071.39 446.09 1083.33 467.38 0.425147
3 419.71 404.60 486.67 457.28 0.411071
3 124.53 653.33 168.05 703.49 0.409398
1 323.68 573.13 339.26 598.26 0.408485
1 1538.04 584.98 1548.37 608.14 0.406835
1 1407.83 542.15 1417.67 569.52 0.402952
1 484.98 651.87 514.09 681.43 0.390177
1 468.77 406.97 483.06 429.74 0.369660
3 124.34 620.37 193.10 703.40 0.369446
1 630.72 498.75 642.67 534.19 0.355558
3 124.12 671.59 147.77 704.03 0.351310
1 162.99 643.08 182.02 663.56 0.337396
