4 436.32 926.01 564.39 997.30 0.999063
4 1262.84 698.50 1374.06 758.78 0.998166
4 821.89 734.70 932.44 799.80 0.997824
4 315.98 812.25 445.71 885.19 0.997359
4 1356.94 635.72 1465.72 692.77 0.997314
4 1779.56 562.20 1888.08 614.20 0.997062
4 1077.16 805.43 1191.52 875.65 0.996461
4 1226.11 658.29 1334.54 714.59 0.995944
4 1493.46 614.10 1603.25 669.10 0.995432
4 1055.59 684.33 1144.34 741.97 0.995182
4 593.76 773.82 687.05 837.56 0.995163
4 150.52 841.21 274.64 917.70 0.994579
4 1529.51 652.01 1616.09 705.99 0.994507
4 1886.48 555.75 1915.75 593.15 0.992015
10 765.50 293.50 835.36 384.77 0.988028
3 11.86 889.87 110.16 934.16 0.987862
1 775.33 548.98 798.98 583.11 0.986887
10 672.57 303.33 729.50 386.08 0.986362
4 816.53 90.24 877.24 119.63 0.986148
4 1606.38 587.91 1719.19 641.53 0.983029
4 822.96 119.19 859.96 149.50 0.976061
3 211.37 690.77 249.10 713.64 0.951607
4 1076.77 493.38 1134.12 528.03 0.949882
4 720.86 73.58 732.01 97.95 0.945337
4 978.17 618.25 1080.25 666.65 0.938887
4 1604.53 417.76 1659.70 447.29 0.937621
4 1306.26 118.00 1374.64 151.83 0.922490
3 1362.69 507.81 1398.54 545.17 0.920114
2 1359.90 508.14 1411.75 553.41 0.912358
4 1785.58 844.47 1894.69 905.30 0.880669
1 557.65 241.40 582.46 295.94 0.873867
4 876.91 253.06 897.31 286.57 0.864667
4 1312.59 467.24 1367.48 493.76 0.860269
4 1771.77 398.18 1819.50 430.87 0.843137
4 557.83 763.16 587.35 794.01 0.838231
2 1428.37 581.21 1465.00 626.02 0.813067
4 1236.44 477.96 1303.93 503.51 0.807546
4 746.74 697.13 802.96 735.70 0.802964
4 373.78 770.41 446.90 813.08 0.790655
1 657.88 270.62 674.33 302.06 0.790308
4 1843.89 396.31 1893.97 429.16 0.788301
6 867.15 225.15 916.45 284.22 0.780949
4 659.65 136.15 678.11 160.91 0.777954
4 0.54 838.59 54.91 892.66 0.774462
2 1381.40 579.84 1465.12 634.57 0.767218
3 1252.39 529.49 1295.06 559.84 0.758418
3 1540.63 573.84 1573.56 609.44 0.752921
3 1236.16 600.70 1272.98 654.34 0.749200
4 570.90 33.55 615.65 57.26 0.740366
4 1393.05 443.97 1458.80 474.71 0.739137
3 1381.50 597.78 1421.75 636.11 0.739041
4 1103.33 506.15 1133.56 528.32 0.736397
4 1262.91 66.72 1327.27 106.54 0.724627
4 1263.20 82.08 1298.77 106.51 0.720463
4 91.90 816.79 177.41 848.01 0.720328
4 1192.76 492.05 1216.24 508.59 0.710405
4 1524.67 432.78 1572.24 456.40 0.708557
3 1387.36 200.69 1401.78 219.98 0.706975
4 1403.78 949.80 1498.36 1007.86 0.703907
4 234.08 797.64 313.89 845.47 0.701092
4 161.24 3.38 211.22 33.23 0.700896
5 821.47 483.00 901.58 539.33 0.699243
4 501.59 756.13 587.50 794.24 0.697647
3 873.21 676.85 930.10 713.07 0.690533
4 1791.42 230.72 1807.83 252.00 0.687084
1 1358.06 182.46 1372.69 213.27 0.685542
4 1243.44 994.66 1325.64 1059.64 0.677966
4 883.22 735.03 931.74 780.10 0.675749
4 1590.15 855.44 1718.76 904.64 0.675506
4 1204.13 2.87 1276.56 42.31 0.672903
4 1232.79 474.08 1260.18 502.81 0.672903
6 940.25 617.66 1083.68 699.26 0.672813
4 1160.72 597.68 1264.98 645.81 0.661643
4 1107.02 997.32 1192.71 1047.19 0.659255
4 1831.36 180.88 1859.70 203.62 0.653959
4 1819.02 97.72 1885.91 142.15 0.651983
1 967.50 675.65 982.80 704.45 0.650323
4 1390.15 449.89 1428.80 478.79 0.649450
4 1307.17 591.27 1375.08 627.64 0.646070
1 1383.33 585.23 1407.45 625.76 0.644452
4 1794.55 408.08 1820.10 431.13 0.643460
6 1391.96 417.80 1481.21 474.35 0.643454
1 888.24 249.42 971.99 345.39 0.641156
3 1362.90 524.65 1411.11 553.37 0.637971
4 1745.01 357.27 1787.95 390.81 0.633172
3 940.21 663.11 1039.37 709.19 0.631739
4 1772.87 173.44 1846.03 211.74 0.628676
1 1087.50 656.11 1110.25 689.16 0.628491
4 282.32 240.74 300.45 264.97 0.628392
4 1538.98 192.91 1579.02 214.38 0.627800
5 1176.63 415.17 1209.99 437.77 0.621421
4 1633.08 352.99 1662.75 371.76 0.620874
4 1263.76 479.12 1303.56 496.26 0.618483
4 557.66 714.58 619.46 749.77 0.617960
4 639.66 203.15 663.50 222.18 0.615197
3 1466.00 534.33 1512.24 568.63 0.610185
4 1139.12 421.40 1170.27 438.24 0.608640
4 1236.24 600.47 1310.78 654.12 0.605802
4 1251.24 407.34 1283.49 427.19 0.605526
4 1546.67 432.30 1588.50 450.15 0.601941
3 1409.78 580.68 1465.17 625.98 0.601591
4 1530.00 917.91 1618.54 976.14 0.600352
4 1552.31 364.02 1589.91 385.39 0.599969
3 1306.42 589.24 1336.26 628.02 0.592329
3 940.57 670.14 983.40 703.77 0.591209
3 1264.30 529.64 1294.47 546.08 0.590290
1 595.89 406.77 625.86 452.26 0.587748
3 1494.47 534.08 1512.21 555.51 0.582611
4 1667.75 350.20 1699.44 368.78 0.582323
3 775.35 558.56 798.51 582.09 0.581154
1 1405.17 449.37 1425.22 479.55 0.580252
3 872.77 662.12 981.91 727.38 0.579324
3 1672.43 469.37 1703.34 493.57 0.575228
4 1527.91 375.02 1555.92 387.98 0.573322
4 1601.51 357.08 1628.07 370.86 0.566507
4 1298.13 401.33 1326.29 413.35 0.563763
4 1026.78 1005.71 1122.70 1076.98 0.563459
4 1655.40 419.72 1680.96 439.21 0.563096
4 670.20 281.50 699.91 302.92 0.562548
2 1702.98 450.97 1725.30 468.09 0.562317
4 1870.44 276.73 1915.73 308.35 0.561431
3 1467.93 535.09 1571.84 610.27 0.559022
4 1282.84 914.39 1447.77 983.86 0.555366
4 1598.38 430.47 1619.68 446.63 0.554599
3 1389.75 532.92 1411.90 552.28 0.548188
4 1245.16 949.36 1499.62 1060.16 0.546512
2 527.50 7.98 543.76 36.44 0.546099
4 1794.70 535.61 1831.85 563.75 0.543665
4 289.46 615.58 339.09 642.18 0.537377
2 1669.98 287.27 1690.40 305.14 0.531730
3 557.32 763.06 614.95 794.92 0.528809
3 707.22 523.77 739.09 548.03 0.525229
4 1158.56 999.18 1192.94 1041.87 0.525159
2 1560.65 367.96 1577.37 401.69 0.521927
4 598.36 498.89 636.48 518.47 0.517231
2 1130.25 490.23 1149.97 513.77 0.514640
4 785.64 61.95 840.44 87.22 0.509974
4 98.75 651.94 132.23 671.33 0.509383
4 1762.70 521.82 1831.98 563.30 0.504577
1 1384.33 585.18 1399.32 605.52 0.500495
4 1796.59 803.20 1911.07 848.01 0.499861
3 1680.32 612.53 1714.33 636.69 0.489898
4 1279.62 929.05 1325.11 982.17 0.487108
4 1570.75 917.04 1617.72 959.15 0.486917
1 1478.59 483.45 1494.44 503.27 0.484354
4 1832.70 562.14 1888.52 599.15 0.479325
4 99.28 556.56 182.53 590.44 0.473158
1 573.63 216.59 588.96 247.90 0.461249
1 278.79 617.80 298.76 662.79 0.458195
4 411.29 0.00 455.22 21.43 0.454768
4 172.60 630.38 227.44 659.03 0.451249
1 668.34 232.42 681.53 255.02 0.451026
3 606.53 1060.60 675.03 1077.66 0.450034
2 571.48 192.37 593.29 247.36 0.448283
1 749.07 202.89 765.68 245.52 0.441449
9 1.34 541.95 454.94 688.93 0.435999
1 1153.81 461.45 1172.71 509.94 0.433590
1 756.16 252.08 771.70 273.65 0.432713
9 1390.96 415.80 1562.60 478.79 0.431145
9 919.80 461.53 1006.03 546.81 0.428520
9 819.08 452.12 911.87 540.60 0.425769
4 150.88 87.79 185.47 128.93 0.424621
1 572.76 192.09 592.91 220.80 0.415772
4 147.48 559.13 182.70 585.64 0.412994
9 1.06 608.59 139.23 681.55 0.400553
3 0.85 838.20 93.49 892.81 0.400428
9 820.39 451.53 903.77 486.44 0.394067
10 895.30 287.86 971.88 345.27 0.389517
4 201.07 185.93 225.86 205.54 0.386876
1 887.66 249.98 916.63 300.50 0.384227
4 0.48 838.20 20.10 863.97 0.370793
4 0.33 575.69 34.35 606.63 0.359676
4 703.01 0.01 765.24 5.77 0.354142
4 245.45 0.26 281.39 15.81 0.354140
9 1745.33 304.26 1915.20 391.46 0.353030
10 956.10 337.48 994.83 376.62 0.351220
9 1818.04 251.07 1915.58 380.77 0.346721
1 595.83 407.23 616.69 425.95 0.343321
9 1739.05 355.23 1877.61 427.05 0.341063
1 98.96 652.15 119.51 683.19 0.311167
2 518.03 3.84 590.78 295.93 0.284777
