2 0.84 0.59 0.89 0.75 0.504998
2 0.47 0.51 0.50 0.64 0.554944
2 0.12 0.43 0.15 0.53 0.436586
2 0.06 0.39 0.10 0.50 0.472376
2 0.63 0.58 0.67 0.75 0.429409
2 0.72 0.49 0.76 0.62 0.422403
2 0.10 0.37 0.13 0.46 0.362159
2 0.80 0.53 0.83 0.68 0.395465
2 0.61 0.50 0.64 0.62 0.325331
2 0.67 0.47 0.70 0.61 0.332812
2 0.88 0.39 0.91 0.48 0.352730
2 0.65 0.56 0.69 0.71 0.325368
2 0.39 0.49 0.43 0.54 0.294659
2 0.41 0.47 0.44 0.54 0.316095
2 0.97 0.49 1.00 0.58 0.314961
2 0.44 0.31 0.46 0.38 0.294270
2 0.84 0.39 0.87 0.48 0.300369
2 0.58 0.46 0.61 0.58 0.312181
2 0.49 0.30 0.50 0.37 0.322341
2 0.82 0.38 0.85 0.46 0.286448
2 0.89 0.32 0.92 0.39 0.299281
2 0.71 0.43 0.73 0.53 0.276822
4 0.13 0.21 0.17 0.24 0.327625
2 0.34 0.37 0.36 0.46 0.312794
2 0.87 0.36 0.88 0.44 0.282634
2 0.58 0.37 0.60 0.45 0.286355
2 0.20 0.37 0.22 0.47 0.303704
2 0.83 0.53 0.88 0.59 0.250495
2 0.93 0.34 0.95 0.39 0.316640
4 0.24 0.20 0.26 0.22 0.273256
3 0.10 0.22 0.15 0.27 0.296478
2 0.85 0.32 0.86 0.39 0.275152
9 0.80 0.16 0.85 0.18 0.340173
2 0.13 0.28 0.15 0.36 0.257587
3 0.29 0.38 0.34 0.43 0.369055
2 0.36 0.36 0.38 0.44 0.286000
2 0.18 0.35 0.20 0.44 0.249979
4 0.02 0.25 0.06 0.28 0.310463
4 0.20 0.22 0.23 0.25 0.283413
2 0.00 0.20 0.96 0.75 0.256937
2 0.16 0.32 0.17 0.39 0.280092
6 0.68 0.15 0.71 0.17 0.201860
2 0.30 0.30 0.31 0.37 0.219060
2 0.61 0.46 0.64 0.54 0.255635
2 0.69 0.43 0.71 0.55 0.234565
2 0.57 0.27 0.58 0.30 0.205987
2 0.85 0.27 0.86 0.33 0.223392
2 0.27 0.37 0.29 0.46 0.232775
2 0.42 0.31 0.44 0.39 0.206899
2 0.38 0.36 0.40 0.44 0.227249
2 0.11 0.26 0.12 0.33 0.234616
4 0.29 0.19 0.30 0.20 0.283745
2 0.31 0.37 0.33 0.44 0.236690
2 0.28 0.33 0.30 0.39 0.213382
2 0.41 0.38 0.44 0.44 0.213756
2 0.23 0.37 0.25 0.46 0.226648
4 0.20 0.15 0.21 0.16 0.203559
2 0.81 0.47 0.84 0.53 0.264857
2 0.34 0.31 0.35 0.37 0.214002
9 0.90 0.16 1.00 0.19 0.222679
1 0.47 0.51 0.50 0.64 0.244103
1 0.06 0.39 0.10 0.50 0.242790
4 0.18 0.21 0.20 0.23 0.224466
2 0.95 0.26 0.96 0.31 0.214258
2 0.73 0.26 0.75 0.30 0.218653
2 0.84 0.53 0.88 0.59 0.254615
1 0.84 0.59 0.89 0.75 0.231562
2 64.77 0.59 64.82 0.75 0.492321
2 64.40 0.51 64.43 0.64 0.531946
2 64.56 0.58 64.60 0.75 0.415139
2 64.65 0.49 64.69 0.62 0.425044
3 64.96 0.52 65.00 0.61 0.375173
2 64.05 0.43 64.08 0.53 0.403325
2 64.72 0.53 64.76 0.68 0.372975
9 64.72 0.16 64.78 0.18 0.470798
2 64.00 0.39 64.02 0.50 0.367594
2 64.60 0.47 64.63 0.61 0.328719
2 64.81 0.39 64.84 0.48 0.357364
2 64.03 0.37 64.05 0.46 0.326751
2 64.37 0.31 64.39 0.38 0.292483
2 64.32 0.49 64.34 0.54 0.254324
2 64.54 0.50 64.56 0.62 0.297302
2 64.34 0.47 64.37 0.54 0.303255
2 64.74 0.38 64.77 0.47 0.291465
2 64.51 0.46 64.54 0.58 0.292078
2 64.42 0.30 64.43 0.37 0.329694
2 64.82 0.32 64.84 0.39 0.303875
2 64.77 0.39 64.79 0.48 0.298118
2 64.26 0.37 64.29 0.47 0.313795
3 64.03 0.23 64.07 0.27 0.291963
2 64.77 0.32 64.79 0.40 0.273540
2 64.80 0.36 64.81 0.44 0.289653
2 64.29 0.36 64.31 0.44 0.274805
2 64.77 0.53 64.81 0.59 0.253488
2 64.12 0.37 64.15 0.47 0.279521
2 64.86 0.34 64.87 0.39 0.320448
2 64.72 0.53 64.78 0.68 0.216206
4 64.21 0.19 64.23 0.20 0.303358
4 64.17 0.20 64.18 0.22 0.275883
2 64.11 0.35 64.13 0.44 0.237955
2 64.09 0.32 64.10 0.39 0.269190
2 64.92 0.26 64.93 0.30 0.288954
2 64.74 0.47 64.77 0.53 0.226851
2 64.20 0.37 64.22 0.46 0.238012
4 64.13 0.15 64.14 0.16 0.264720
2 64.00 0.20 64.88 0.75 0.219316
2 64.04 0.26 64.05 0.33 0.228403
4 64.11 0.21 64.13 0.23 0.257720
2 64.22 0.30 64.24 0.37 0.216329
2 64.94 0.49 64.97 0.59 0.253881
2 64.64 0.43 64.66 0.53 0.272295
2 64.88 0.26 64.89 0.31 0.241981
2 64.54 0.46 64.56 0.54 0.224072
2 64.78 0.27 64.79 0.32 0.212055
2 64.06 0.27 64.08 0.36 0.236661
4 64.40 0.19 64.42 0.21 0.230705
2 64.31 0.36 64.33 0.44 0.215529
2 64.51 0.37 64.53 0.45 0.263845
2 64.30 0.22 64.31 0.27 0.214371
2 64.58 0.56 64.61 0.71 0.304018
9 64.82 0.16 64.93 0.19 0.231805
2 64.27 0.31 64.28 0.37 0.225599
3 64.22 0.38 64.27 0.43 0.397907
4 64.06 0.21 64.10 0.24 0.288404
1 64.40 0.51 64.43 0.64 0.244070
2 64.95 0.46 64.97 0.51 0.223112
2 64.16 0.37 64.17 0.46 0.208709
2 64.79 0.53 64.81 0.59 0.213037
9 64.40 0.09 64.47 0.12 0.201022
2 64.24 0.37 64.26 0.45 0.206376
2 64.62 0.43 64.64 0.55 0.221866
2 64.66 0.26 64.68 0.30 0.205004
1 64.77 0.59 64.82 0.75 0.220278
2 64.99 0.30 65.00 0.35 0.204548
2 64.32 0.49 64.36 0.54 0.222505
2 64.90 0.49 64.94 0.55 0.222202
