4 0.48 0.29 0.51 0.32 0.475473
4 0.77 0.43 0.82 0.46 0.418345
4 0.43 0.23 0.46 0.26 0.539226
4 0.49 0.27 0.53 0.30 0.333666
4 0.08 0.02 0.15 0.06 0.323968
4 0.57 0.28 0.61 0.31 0.306748
4 0.54 0.29 0.57 0.32 0.397016
4 0.68 0.14 0.70 0.16 0.227664
10 0.61 0.53 0.66 0.61 0.234684
4 0.51 0.28 0.53 0.30 0.282452
4 504.21 0.43 504.26 0.46 0.516303
5 504.83 0.49 504.92 0.58 0.405148
4 504.56 0.45 504.64 0.50 0.273241
4 504.92 0.40 504.96 0.45 0.301226
4 504.01 0.28 504.04 0.31 0.338572
4 504.72 0.29 504.75 0.32 0.298585
1 504.55 0.38 504.57 0.40 0.285691
4 504.95 0.21 504.98 0.25 0.339330
4 504.91 0.34 504.94 0.36 0.202483
9 504.00 0.25 504.04 0.31 0.233248
9 504.00 0.22 504.04 0.31 0.219956
4 504.89 0.36 504.92 0.39 0.224185
4 504.51 0.40 504.52 0.41 0.213044
4 504.98 0.39 505.00 0.42 0.216323
4 504.86 0.39 504.90 0.43 0.214011
4 504.83 0.32 504.85 0.34 0.201536
4 504.48 0.37 504.50 0.38 0.240475
10 504.05 0.53 504.10 0.61 0.229354
4 504.55 0.37 504.61 0.40 0.231164
5 504.58 0.45 504.64 0.49 0.248727
4 504.46 -0.00 504.58 0.03 0.384784
4 0.48 0.29 0.51 0.32 0.475473
4 0.77 0.43 0.82 0.46 0.418345
4 0.43 0.23 0.46 0.26 0.539226
4 0.49 0.27 0.53 0.30 0.333666
4 0.08 0.02 0.15 0.06 0.323968
4 0.57 0.28 0.61 0.31 0.306748
4 0.54 0.29 0.57 0.32 0.397016
4 0.68 0.14 0.70 0.16 0.227664
10 0.61 0.53 0.66 0.61 0.234684
4 0.51 0.28 0.53 0.30 0.282452
4 504.21 0.43 504.26 0.46 0.516303
5 504.83 0.49 504.92 0.58 0.405148
4 504.56 0.45 504.64 0.50 0.273241
4 504.92 0.40 504.96 0.45 0.301226
4 504.01 0.28 504.04 0.31 0.338572
4 504.72 0.29 504.75 0.32 0.298585
1 504.55 0.38 504.57 0.40 0.285691
4 504.95 0.21 504.98 0.25 0.339330
4 504.91 0.34 504.94 0.36 0.202483
9 504.00 0.25 504.04 0.31 0.233248
9 504.00 0.22 504.04 0.31 0.219956
4 504.89 0.36 504.92 0.39 0.224185
4 504.51 0.40 504.52 0.41 0.213044
4 504.98 0.39 505.00 0.42 0.216323
4 504.86 0.39 504.90 0.43 0.214011
4 504.83 0.32 504.85 0.34 0.201536
4 504.48 0.37 504.50 0.38 0.240475
10 504.05 0.53 504.10 0.61 0.229354
4 504.55 0.37 504.61 0.40 0.231164
5 504.58 0.45 504.64 0.49 0.248727
4 504.46 -0.00 504.58 0.03 0.384784
