6 0.72 0.00 0.79 0.13 0.500843
4 0.00 0.76 0.15 0.99 0.439461
4 0.29 0.21 0.36 0.34 0.407986
5 0.78 0.52 0.84 0.67 0.335499
4 0.28 0.00 0.35 0.02 0.432751
6 0.29 0.20 0.45 0.56 0.438020
4 0.21 0.63 0.28 0.78 0.307834
1 0.12 0.23 0.15 0.25 0.368293
1 0.06 0.53 0.10 0.55 0.339756
1 0.54 0.42 0.56 0.45 0.345876
2 0.08 0.08 0.10 0.12 0.321279
2 0.15 0.37 0.17 0.40 0.299029
2 0.14 0.41 0.16 0.43 0.311639
1 0.18 0.09 0.21 0.12 0.291388
1 0.17 0.20 0.21 0.25 0.279976
2 0.10 0.41 0.13 0.45 0.322716
2 0.56 0.63 0.57 0.68 0.305090
2 0.13 0.39 0.15 0.41 0.291999
2 0.17 0.08 0.21 0.12 0.239860
2 0.17 0.02 0.21 0.13 0.202839
2 0.18 0.02 0.20 0.05 0.211423
3 0.08 0.09 0.11 0.13 0.260114
2 0.10 0.17 0.11 0.21 0.219047
2 0.17 0.04 0.18 0.07 0.202221
2 0.10 0.41 0.15 0.46 0.261147
3 0.15 0.38 0.17 0.40 0.257274
9 504.15 0.00 504.23 0.13 0.498260
2 504.79 0.13 504.82 0.16 0.404884
2 504.77 0.12 504.80 0.16 0.395627
2 504.85 0.86 504.89 0.89 0.391201
2 504.75 0.12 504.82 0.16 0.328693
2 504.69 0.15 504.70 0.18 0.322846
6 504.22 0.52 504.28 0.67 0.288855
2 504.75 0.13 504.78 0.16 0.401890
1 504.79 0.13 504.82 0.16 0.310626
2 504.85 0.95 504.88 0.98 0.263442
2 504.85 0.95 504.90 1.00 0.336984
4 504.95 0.25 505.00 0.31 0.285499
1 504.77 0.12 504.80 0.16 0.343278
2 504.87 0.97 504.90 1.00 0.256967
1 504.75 0.13 504.78 0.16 0.259286
1 504.69 0.15 504.70 0.18 0.220312
6 0.72 0.00 0.79 0.13 0.500843
4 0.00 0.76 0.15 0.99 0.439461
4 0.29 0.21 0.36 0.34 0.407986
5 0.78 0.52 0.84 0.67 0.335499
4 0.28 0.00 0.35 0.02 0.432751
6 0.29 0.20 0.45 0.56 0.438020
4 0.21 0.63 0.28 0.78 0.307834
1 0.12 0.23 0.15 0.25 0.368293
1 0.06 0.53 0.10 0.55 0.339756
1 0.54 0.42 0.56 0.45 0.345876
2 0.08 0.08 0.10 0.12 0.321279
2 0.15 0.37 0.17 0.40 0.299029
2 0.14 0.41 0.16 0.43 0.311639
1 0.18 0.09 0.21 0.12 0.291388
1 0.17 0.20 0.21 0.25 0.279976
2 0.10 0.41 0.13 0.45 0.322716
2 0.56 0.63 0.57 0.68 0.305090
2 0.13 0.39 0.15 0.41 0.291999
2 0.17 0.08 0.21 0.12 0.239860
2 0.17 0.02 0.21 0.13 0.202839
2 0.18 0.02 0.20 0.05 0.211423
3 0.08 0.09 0.11 0.13 0.260114
2 0.10 0.17 0.11 0.21 0.219047
2 0.17 0.04 0.18 0.07 0.202221
2 0.10 0.41 0.15 0.46 0.261147
3 0.15 0.38 0.17 0.40 0.257274
9 504.15 0.00 504.23 0.13 0.498260
2 504.79 0.13 504.82 0.16 0.404884
2 504.77 0.12 504.80 0.16 0.395627
2 504.85 0.86 504.89 0.89 0.391201
2 504.75 0.12 504.82 0.16 0.328693
2 504.69 0.15 504.70 0.18 0.322846
6 504.22 0.52 504.28 0.67 0.288855
2 504.75 0.13 504.78 0.16 0.401890
1 504.79 0.13 504.82 0.16 0.310626
2 504.85 0.95 504.88 0.98 0.263442
2 504.85 0.95 504.90 1.00 0.336984
4 504.95 0.25 505.00 0.31 0.285499
1 504.77 0.12 504.80 0.16 0.343278
2 504.87 0.97 504.90 1.00 0.256967
1 504.75 0.13 504.78 0.16 0.259286
1 504.69 0.15 504.70 0.18 0.220312
