4 0.05 0.45 0.20 0.61 0.540299
4 0.26 0.23 0.35 0.32 0.490173
4 0.88 0.56 0.97 0.72 0.463632
4 0.87 0.41 0.95 0.53 0.420628
4 0.17 0.32 0.28 0.43 0.420564
4 0.88 0.74 1.00 0.95 0.415281
4 0.11 0.00 0.23 0.07 0.257991
1 0.28 0.12 0.31 0.16 0.321326
4 0.21 0.00 0.27 0.02 0.255857
4 0.00 0.00 0.09 0.06 0.243448
1 0.29 0.19 0.31 0.23 0.252003
3 0.82 0.33 0.87 0.36 0.211318
4 0.61 0.00 0.66 0.06 0.249269
4 0.00 0.02 0.09 0.06 0.289223
4 0.11 0.02 0.22 0.07 0.209986
4 504.43 0.18 504.55 0.24 0.498154
4 504.53 0.33 504.69 0.43 0.503212
4 504.43 0.45 504.52 0.57 0.500818
4 504.66 0.90 504.81 1.00 0.423660
4 504.30 0.41 504.39 0.53 0.476481
4 504.43 0.11 504.55 0.17 0.381252
4 504.46 0.03 504.56 0.07 0.458349
4 504.31 0.56 504.40 0.72 0.468501
4 504.56 0.18 504.66 0.22 0.373972
4 504.58 0.25 504.70 0.32 0.470951
4 504.61 0.03 504.74 0.09 0.377637
4 504.53 0.49 504.64 0.62 0.416827
4 504.62 0.20 504.74 0.26 0.473855
3 504.77 0.64 504.84 0.68 0.499354
4 504.52 0.90 504.65 1.00 0.370048
4 504.78 0.00 504.84 0.06 0.345896
1 504.57 0.03 504.59 0.07 0.344362
1 504.80 0.04 504.82 0.08 0.294149
3 504.26 0.33 504.31 0.36 0.344655
4 504.65 0.54 504.78 0.72 0.336285
4 504.56 0.00 504.66 0.04 0.338086
4 504.59 0.63 504.71 0.82 0.303991
4 504.70 0.00 504.77 0.04 0.285417
4 504.68 0.16 504.79 0.22 0.393004
4 504.73 0.03 504.78 0.07 0.298835
4 504.89 0.00 504.98 0.04 0.292593
4 504.32 0.60 504.71 0.95 0.223036
4 504.84 0.00 504.87 0.04 0.251926
4 504.88 0.00 505.00 0.05 0.220906
4 504.56 0.16 504.64 0.19 0.227361
4 504.55 0.63 504.71 0.82 0.258939
4 504.57 0.02 504.66 0.07 0.293620
4 504.92 0.00 504.99 0.05 0.225379
4 504.58 0.02 504.66 0.07 0.240132
4 504.32 0.74 504.44 0.95 0.229239
4 504.32 0.74 504.50 0.95 0.225353
3 504.56 0.05 504.61 0.07 0.248964
3 504.56 0.05 504.58 0.07 0.205422
3 504.85 0.57 504.90 0.61 0.206819
4 504.56 0.16 504.66 0.22 0.363507
4 504.56 0.16 504.66 0.20 0.210766
4 0.05 154.28 0.20 154.43 0.540056
4 0.26 154.06 0.36 154.15 0.497777
4 0.88 154.39 0.97 154.55 0.496879
4 0.87 154.23 0.95 154.36 0.457673
4 0.17 154.14 0.28 154.26 0.459681
1 0.29 154.01 0.31 154.06 0.408982
4 0.91 154.82 1.00 155.00 0.427923
4 0.15 154.00 0.26 154.10 0.262165
4 0.88 154.57 1.00 154.78 0.424997
4 504.53 154.16 504.69 154.26 0.540926
4 504.43 154.01 504.55 154.07 0.530411
4 504.30 154.24 504.39 154.36 0.491259
4 504.43 154.28 504.52 154.40 0.498986
4 504.31 154.39 504.40 154.55 0.491275
5 504.58 154.07 504.70 154.15 0.508347
3 504.77 154.47 504.84 154.51 0.532034
4 504.56 154.00 504.66 154.05 0.458590
4 504.53 154.31 504.64 154.45 0.356705
4 504.62 154.03 504.74 154.08 0.504894
4 504.68 154.00 504.78 154.04 0.387031
4 504.32 154.41 504.71 154.78 0.268962
4 504.35 154.72 504.89 155.00 0.208410
4 504.67 154.72 504.81 155.00 0.298156
1 504.95 154.47 504.99 154.54 0.263704
4 504.65 154.37 504.78 154.55 0.289645
4 504.59 154.46 504.71 154.64 0.234050
10 504.52 154.73 504.65 155.00 0.218998
4 504.32 154.57 504.44 154.78 0.207404
4 504.55 154.45 504.71 154.65 0.212241
