1 273.00 425.00 288.00 449.00
1 253.00 399.00 273.00 432.00
10 189.00 403.00 202.00 425.00
4 216.00 447.00 285.00 477.00
4 261.00 463.00 314.00 501.00
10 320.00 546.00 335.00 579.00
4 0.00 418.00 37.00 449.00
4 955.00 394.00 1007.00 421.00
4 908.00 416.00 965.00 448.00
4 887.00 425.00 942.00 459.00
4 864.00 434.00 920.00 471.00
4 972.00 428.00 1021.00 465.00
1 1114.00 402.00 1125.00 426.00
4 1044.00 539.00 1116.00 579.00
4 1077.00 370.00 1133.00 397.00
4 1057.00 378.00 1112.00 411.00
4 1158.00 325.00 1198.00 352.00
4 1131.00 334.00 1184.00 364.00
4 1113.00 346.00 1163.00 373.00
10 1115.00 311.00 1136.00 328.00
4 1120.00 300.00 1157.00 320.00
4 1144.00 289.00 1162.00 308.00
4 1262.00 515.00 1311.00 555.00
4 1416.00 86.00 1444.00 104.00
4 1410.00 90.00 1432.00 106.00
4 1403.00 92.00 1424.00 108.00
4 1386.00 99.00 1414.00 113.00
4 1368.00 101.00 1397.00 117.00
4 1346.00 106.00 1375.00 124.00
4 1338.00 112.00 1364.00 127.00
1 1531.00 958.00 1555.00 987.00
1 1596.00 991.00 1616.00 1028.00
1 1610.00 1045.00 1635.00 1077.00
9 421.00 641.00 586.00 776.00
6 580.00 744.00 685.00 827.00
6 665.00 795.00 774.00 876.00
4 320.00 929.00 425.00 1016.00
6 253.00 859.00 341.00 947.00
4 192.00 821.00 275.00 896.00
8 0.00 324.00 23.00 350.00
7 1831.00 622.00 1849.00 650.00
