9 43.00 439.00 196.00 498.00
9 139.00 241.00 272.00 284.00
9 282.00 228.00 406.00 268.00
9 275.00 254.00 402.00 300.00
4 495.00 231.00 519.00 262.00
4 320.00 400.00 378.00 431.00
4 337.00 475.00 391.00 508.00
4 515.00 686.00 545.00 751.00
4 697.00 480.00 722.00 534.00
5 737.00 167.00 762.00 208.00
4 761.00 34.00 782.00 65.00
4 800.00 3.00 821.00 32.00
1 805.00 243.00 811.00 257.00
1 807.00 231.00 813.00 250.00
1 800.00 224.00 810.00 244.00
1 798.00 219.00 806.00 244.00
9 993.00 218.00 1093.00 275.00
9 791.00 253.00 879.00 308.00
4 879.00 489.00 918.00 541.00
9 999.00 116.00 1047.00 140.00
1 1122.00 118.00 1133.00 139.00
1 1115.00 114.00 1126.00 136.00
1 1104.00 117.00 1113.00 141.00
1 1207.00 48.00 1242.00 73.00
1 830.00 118.00 840.00 138.00
1 823.00 118.00 834.00 136.00
4 106.00 243.00 149.00 271.00
1 416.00 753.00 427.00 766.00
1 945.00 589.00 954.00 609.00
4 486.00 546.00 528.00 600.00
9 293.00 209.00 361.00 248.00
1 232.00 215.00 245.00 233.00
1 307.00 202.00 318.00 218.00
1 523.00 111.00 532.00 126.00
1 579.00 73.00 587.00 89.00
1 446.00 224.00 455.00 241.00
1 464.00 220.00 471.00 232.00
1 467.00 217.00 474.00 230.00
1 582.00 209.00 589.00 223.00
1 583.00 206.00 591.00 221.00
