4 913.76 673.75 1033.42 746.29 0.999294
1 388.39 635.53 406.27 674.79 0.998842
1 0.43 0.83 0.45 0.88 0.997703
4 373.69 571.52 481.52 622.08 0.997252
4 1016.42 552.48 1098.98 624.42 0.997073
4 600.59 453.38 645.85 509.65 0.997011
4 846.50 594.00 956.93 656.95 0.996674
3 464.73 0.91 464.74 0.95 0.996606
4 1112.05 486.04 1155.78 542.92 0.996551
4 0.95 0.78 1.00 0.84 0.995926
4 632.35 379.40 678.35 422.85 0.995767
4 656.82 546.56 761.64 609.92 0.995657
4 464.50 0.88 464.64 0.98 0.995411
4 525.04 486.97 568.48 558.29 0.995130
4 557.90 405.06 608.30 453.07 0.994793
4 1218.48 692.13 1290.97 764.46 0.993575
4 1234.11 473.85 1295.73 529.87 0.993277
3 1116.03 696.01 1129.35 726.43 0.993113
4 0.59 0.64 0.63 0.73 0.992845
4 464.98 0.66 465.00 0.73 0.990661
4 439.17 520.14 500.00 576.13 0.990242
4 667.66 327.97 709.18 368.19 0.990086
4 1298.20 389.26 1345.28 433.47 0.990014
4 1261.19 551.11 1319.32 617.41 0.989860
4 464.72 0.63 464.77 0.71 0.989741
4 1131.99 411.75 1173.87 466.45 0.989732
4 0.71 0.50 0.76 0.55 0.989721
4 464.43 0.78 464.55 0.86 0.988889
4 1338.89 501.56 1359.88 556.97 0.988291
4 464.84 0.90 464.92 1.00 0.986489
4 464.19 0.50 464.24 0.55 0.986486
4 0.75 0.43 0.79 0.48 0.985180
4 1202.71 411.91 1244.93 459.43 0.984680
4 0.62 0.53 0.68 0.59 0.983943
4 1068.11 420.59 1103.06 473.68 0.982925
4 419.24 423.15 470.33 469.84 0.980475
4 464.07 0.64 464.12 0.73 0.978340
4 464.62 0.72 464.71 0.82 0.977283
4 464.23 0.43 464.27 0.48 0.977061
4 464.00 0.68 464.04 0.75 0.976657
4 0.90 0.20 0.92 0.23 0.976550
4 464.10 0.53 464.16 0.59 0.976285
4 746.15 220.87 776.79 248.56 0.974850
4 0.67 0.59 0.72 0.67 0.973443
4 0.42 0.75 0.54 0.81 0.973213
4 464.00 0.76 464.02 0.81 0.971536
4 0.80 0.35 0.83 0.39 0.970829
4 772.52 181.14 800.10 205.65 0.970391
4 1119.76 321.11 1156.30 363.03 0.969661
3 1264.69 387.77 1278.74 408.20 0.968116
4 1191.99 364.14 1232.93 407.56 0.965603
4 464.93 0.51 464.98 0.57 0.965330
4 803.28 153.64 825.90 173.91 0.965329
4 464.74 0.54 464.79 0.61 0.963996
4 363.84 327.35 408.63 362.13 0.963376
4 464.38 0.20 464.40 0.23 0.962517
4 404.36 326.36 446.02 369.55 0.961784
1 464.73 0.89 464.75 0.95 0.961510
4 0.86 0.24 0.89 0.27 0.961342
4 713.79 269.95 746.92 299.91 0.960644
1 816.68 504.05 833.78 543.66 0.959092
4 464.15 0.59 464.20 0.67 0.957754
4 464.67 0.55 464.71 0.62 0.953874
4 1140.69 289.11 1173.27 325.18 0.953025
4 0.47 0.55 0.52 0.61 0.952825
4 518.24 337.23 558.01 379.62 0.951823
3 464.68 0.92 464.70 0.96 0.949900
4 829.07 121.29 850.39 138.92 0.948745
4 464.86 0.62 464.93 0.69 0.948610
3 1073.39 706.42 1093.69 737.51 0.948587
4 1071.31 265.01 1098.07 299.69 0.946579
4 1184.09 320.68 1219.35 356.85 0.943055
4 1104.43 244.86 1131.56 276.38 0.942585
4 0.83 0.29 0.87 0.32 0.942311
5 1316.23 632.47 1359.71 764.07 0.941963
4 370.61 415.55 424.64 467.67 0.941816
4 1293.98 603.56 1359.52 680.13 0.941739
4 324.32 418.04 378.13 466.27 0.938592
4 464.28 0.35 464.32 0.39 0.937805
4 438.67 329.67 483.76 373.94 0.937414
4 0.00 0.93 0.03 0.99 0.936783
4 854.21 27.40 878.39 41.85 0.935522
4 858.59 78.90 875.12 94.09 0.932111
4 464.89 0.72 464.95 0.81 0.931422
4 0.73 0.71 0.85 0.80 0.931132
1 464.69 0.90 464.71 0.95 0.926927
4 464.82 0.54 464.87 0.60 0.926221
4 464.32 0.29 464.35 0.32 0.923528
6 464.76 0.21 464.82 0.29 0.923016
4 285.49 414.20 341.25 461.72 0.922125
6 1282.85 97.28 1359.51 134.29 0.920816
4 464.21 0.71 464.33 0.80 0.920617
1 1264.72 378.72 1280.22 407.18 0.905519
4 432.29 291.67 473.77 326.05 0.901975
4 467.86 294.98 508.34 327.89 0.900578
4 546.37 240.73 580.73 277.84 0.899080
4 1176.82 282.11 1207.48 313.52 0.898738
4 512.45 240.65 545.89 274.69 0.894032
4 0.96 0.10 0.98 0.12 0.893717
4 1122.18 223.55 1148.41 251.85 0.893196
6 1070.23 313.78 1126.19 427.37 0.893176
4 0.49 0.68 0.56 0.75 0.892345
2 836.04 509.94 848.06 543.80 0.892200
4 734.19 23.67 765.22 35.55 0.891182
3 718.94 502.45 736.46 528.99 0.890357
4 464.44 0.10 464.46 0.12 0.889164
4 1167.69 253.11 1197.99 280.24 0.888824
1 464.11 0.61 464.13 0.66 0.885437
4 1122.44 199.77 1149.31 225.33 0.884715
4 0.49 716.55 89.57 764.26 0.879040
4 464.73 0.42 464.77 0.47 0.878985
6 1298.74 631.70 1359.70 764.24 0.878294
4 397.61 284.22 441.19 323.32 0.872220
4 464.06 0.44 464.10 0.49 0.871347
4 464.41 0.16 464.43 0.18 0.870890
4 537.46 316.92 565.06 340.78 0.870668
4 1070.07 378.42 1125.38 427.31 0.870630
4 843.12 100.31 863.48 117.33 0.870176
3 464.11 0.63 464.13 0.66 0.869072
4 464.68 0.35 464.71 0.39 0.869039
3 0.63 0.63 0.64 0.66 0.868165
4 464.74 0.29 464.76 0.33 0.867156
4 464.34 0.24 464.38 0.27 0.863535
4 464.75 0.38 464.79 0.43 0.862868
4 499.23 300.79 537.80 332.49 0.862526
4 464.80 0.37 464.83 0.41 0.859006
4 464.80 0.42 464.84 0.47 0.858674
4 448.86 229.69 480.77 264.17 0.855863
4 464.81 0.48 464.86 0.53 0.852445
2 755.02 495.37 767.10 530.05 0.852088
4 0.93 0.16 0.95 0.18 0.850655
4 504.70 174.94 532.13 197.71 0.840750
4 647.61 234.75 670.04 254.85 0.839768
4 464.08 0.41 464.11 0.45 0.839737
4 0.99 0.08 1.00 0.10 0.839394
2 1115.31 680.58 1133.89 726.04 0.838901
4 527.30 218.60 557.61 242.91 0.837263
2 719.50 494.53 736.55 528.31 0.836433
4 1162.01 221.42 1194.64 247.87 0.835428
6 1148.35 159.78 1197.97 222.12 0.834817
1 464.39 0.66 464.41 0.71 0.834287
4 887.43 60.15 899.24 75.42 0.833038
4 0.58 0.44 0.62 0.49 0.831538
4 0.45 0.43 0.50 0.48 0.830676
4 641.12 179.15 666.27 207.05 0.830007
4 1113.04 170.14 1138.64 197.65 0.829935
4 464.47 0.08 464.49 0.10 0.825977
4 558.28 220.65 588.83 245.37 0.825874
4 0.60 0.41 0.63 0.45 0.824785
4 587.10 178.03 610.41 203.81 0.821904
4 464.00 0.43 464.02 0.48 0.821400
4 464.92 0.79 465.00 0.89 0.818660
4 464.72 0.19 464.74 0.22 0.810390
4 664.83 131.79 686.52 154.10 0.810053
4 464.71 0.15 464.73 0.18 0.809934
4 464.72 0.22 464.75 0.26 0.808384
6 0.34 0.36 0.38 0.39 0.802486
4 478.95 234.98 517.83 269.50 0.802147
4 1109.58 148.22 1130.47 169.62 0.801332
4 71.22 729.91 145.62 764.25 0.799748
1 464.42 0.67 464.43 0.71 0.798750
1 1079.94 689.58 1098.17 723.43 0.798272
4 1097.90 115.08 1115.74 134.09 0.795703
4 469.51 214.62 501.92 239.91 0.795303
4 1202.30 190.17 1225.66 215.55 0.793405
4 0.49 0.43 0.54 0.49 0.792660
4 1165.98 97.99 1186.54 123.07 0.792131
4 0.41 0.43 0.46 0.47 0.790378
4 0.41 0.54 0.47 0.61 0.789030
4 1305.36 144.24 1359.43 175.62 0.787903
6 464.76 0.02 464.77 0.06 0.786152
2 0.91 0.66 0.93 0.71 0.785163
4 464.30 0.13 464.31 0.15 0.780095
4 141.08 739.65 208.74 764.49 0.779213
4 464.71 0.32 464.75 0.36 0.778255
4 585.18 224.39 615.76 253.01 0.777904
1 464.89 0.50 464.91 0.53 0.774795
4 1200.06 213.33 1231.05 242.45 0.773759
4 1080.84 32.14 1095.64 48.94 0.773050
4 464.06 0.32 464.09 0.36 0.770651
4 669.47 52.23 696.95 69.11 0.769035
4 1182.27 135.14 1205.34 154.95 0.768298
2 718.25 493.41 767.16 532.44 0.767730
4 687.16 94.67 706.16 114.31 0.767194
4 619.98 221.46 643.69 238.85 0.766968
4 612.90 182.42 636.50 205.87 0.765375
4 1159.36 53.08 1176.96 72.99 0.763761
4 577.75 249.17 602.99 277.32 0.763491
4 535.41 176.24 558.12 197.49 0.761936
4 622.65 162.69 648.13 184.86 0.761859
4 464.25 0.12 464.27 0.15 0.761546
4 0.09 708.43 24.33 757.02 0.758546
2 777.56 681.02 794.26 715.05 0.756146
4 464.27 0.12 464.29 0.15 0.754038
4 644.49 130.42 663.14 152.63 0.748634
4 686.68 129.38 712.44 156.57 0.744698
4 497.04 219.71 527.07 242.79 0.744005
2 559.18 465.77 576.91 500.37 0.739931
4 1095.36 89.23 1114.26 112.99 0.739754
4 597.22 161.22 621.69 182.95 0.738749
4 674.16 167.88 692.11 185.38 0.734811
4 464.78 0.33 464.82 0.37 0.734511
3 561.95 478.19 576.66 502.18 0.733395
1 631.96 723.74 656.53 764.10 0.732374
4 464.21 0.21 464.23 0.24 0.731514
3 464.29 0.66 464.31 0.69 0.731356
4 682.84 30.47 702.12 44.00 0.730541
4 464.04 0.39 464.08 0.43 0.730508
4 306.64 271.33 338.85 296.03 0.729508
4 708.96 95.63 727.97 114.33 0.728869
4 728.62 97.22 745.76 115.71 0.728378
2 738.95 495.60 754.24 528.31 0.728032
4 1100.67 56.39 1117.93 71.61 0.725536
2 761.33 258.84 770.93 281.02 0.718139
4 0.52 0.38 0.57 0.43 0.715672
4 570.74 126.95 592.46 148.47 0.715338
4 464.14 0.23 464.16 0.27 0.714751
4 464.01 0.39 464.05 0.43 0.713691
4 1142.28 117.90 1160.92 134.72 0.712924
4 0.60 0.23 0.62 0.26 0.712026
4 0.36 0.55 0.42 0.61 0.711401
4 597.34 98.61 623.67 113.65 0.707249
4 482.43 31.20 512.37 44.16 0.702777
3 464.89 0.51 464.91 0.53 0.702118
4 0.66 0.23 0.68 0.27 0.699273
4 464.20 0.23 464.23 0.27 0.698042
4 464.20 0.17 464.22 0.20 0.697973
4 464.82 0.28 464.86 0.32 0.697872
4 1154.13 80.50 1172.52 96.20 0.693002
4 1094.74 73.56 1111.82 89.36 0.692489
4 464.76 0.18 464.79 0.21 0.692117
4 1284.49 126.77 1305.39 145.30 0.691529
4 1146.38 139.59 1169.75 159.67 0.689679
4 464.14 0.29 464.17 0.33 0.689155
3 754.04 506.51 765.61 531.65 0.689104
4 464.76 0.15 464.78 0.18 0.688337
5 464.95 0.83 465.00 1.00 0.685927
4 464.67 0.49 464.74 0.56 0.685021
4 464.74 0.26 464.77 0.29 0.683997
4 464.07 0.29 464.10 0.32 0.681354
6 0.15 215.49 77.99 413.57 0.676687
1 464.29 0.65 464.30 0.69 0.674519
4 464.07 0.20 464.09 0.23 0.667964
6 464.73 0.03 464.76 0.07 0.667473
4 464.01 0.28 464.04 0.31 0.662089
4 464.69 0.04 464.71 0.06 0.654618
4 464.17 0.24 464.19 0.27 0.652149
4 0.72 0.23 0.74 0.27 0.650340
4 464.78 0.13 464.81 0.16 0.650100
4 464.25 0.17 464.28 0.20 0.649010
4 464.05 0.23 464.08 0.26 0.648979
1 464.32 0.65 464.34 0.69 0.648146
4 464.68 0.20 464.69 0.22 0.646661
4 1077.91 312.72 1108.22 333.57 0.646424
3 738.42 505.37 758.47 531.59 0.645766
4 464.00 0.30 464.02 0.34 0.645643
4 464.08 0.23 464.11 0.26 0.643389
4 464.71 0.07 464.73 0.09 0.640243
4 464.09 0.32 464.13 0.36 0.635783
4 0.94 0.13 0.97 0.15 0.633919
4 464.11 0.29 464.14 0.32 0.632608
4 0.48 0.38 0.53 0.43 0.631025
4 464.70 0.10 464.72 0.12 0.630150
4 464.85 0.23 464.86 0.25 0.627571
4 0.70 0.21 0.72 0.24 0.625467
4 464.18 0.21 464.21 0.24 0.625452
4 464.82 0.25 464.85 0.28 0.622212
2 371.50 616.95 385.47 639.46 0.621885
4 464.00 0.38 464.01 0.42 0.621114
3 464.19 0.96 464.21 1.00 0.618940
2 0.84 0.65 0.86 0.70 0.617803
4 0.56 0.39 0.60 0.43 0.616499
6 1141.24 18.57 1157.56 41.96 0.614969
4 0.79 0.12 0.81 0.15 0.612042
2 406.89 618.78 420.53 643.05 0.611678
4 464.42 0.13 464.45 0.15 0.610799
4 464.22 0.17 464.25 0.20 0.609927
2 0.93 0.67 0.95 0.71 0.608599
4 464.17 0.17 464.19 0.20 0.608013
4 464.15 0.21 464.18 0.24 0.607912
2 356.91 615.56 369.25 637.97 0.606050
4 464.77 0.11 464.79 0.13 0.605809
4 464.21 0.16 464.23 0.18 0.605726
2 464.31 0.65 464.32 0.69 0.604592
4 0.77 0.12 0.79 0.15 0.603239
6 464.72 0.01 464.74 0.03 0.600209
4 0.82 0.03 0.85 0.05 0.598623
4 464.13 0.33 464.15 0.36 0.594018
1 1117.27 680.67 1133.69 709.30 0.592687
4 0.72 0.17 0.74 0.20 0.591483
4 464.12 0.17 464.14 0.19 0.589768
4 0.74 0.17 0.76 0.20 0.589723
4 464.78 0.07 464.80 0.10 0.584458
4 464.70 0.12 464.73 0.15 0.583573
4 0.32 0.54 0.38 0.60 0.581298
4 464.09 0.16 464.12 0.19 0.579125
4 0.08 0.95 0.16 1.00 0.578933
4 0.66 0.29 0.69 0.33 0.578017
4 0.57 0.32 0.61 0.36 0.576863
4 464.20 0.31 464.23 0.33 0.575939
4 464.78 0.29 464.82 0.32 0.575216
4 0.67 0.21 0.69 0.24 0.572408
4 0.00 0.94 0.10 1.00 0.571586
4 464.10 0.21 464.12 0.23 0.570632
4 0.72 0.31 0.75 0.33 0.570628
4 0.77 0.17 0.79 0.20 0.569620
4 0.95 0.04 0.98 0.05 0.569348
2 390.35 620.09 403.55 641.52 0.568959
3 464.67 0.92 464.70 0.96 0.568430
6 464.68 0.43 464.73 0.49 0.567355
4 464.44 0.04 464.46 0.05 0.562708
4 0.59 0.29 0.62 0.32 0.561538
4 0.61 0.32 0.65 0.36 0.557652
4 464.82 0.23 464.84 0.25 0.553443
4 464.78 0.03 464.79 0.04 0.548861
4 464.68 0.41 464.72 0.44 0.543564
4 0.64 0.32 0.67 0.36 0.532808
2 308.40 611.84 320.21 630.33 0.531702
3 405.84 626.27 422.28 643.87 0.529791
4 0.70 0.02 0.73 0.04 0.529687
2 0.81 0.65 0.82 0.69 0.527840
4 464.30 0.03 464.34 0.05 0.523755
4 0.58 0.20 0.61 0.23 0.512778
4 464.03 0.29 464.07 0.32 0.511852
4 0.68 0.24 0.71 0.27 0.509746
4 0.50 0.30 0.54 0.35 0.509000
4 0.81 0.13 0.83 0.15 0.506279
4 464.15 0.13 464.18 0.15 0.506112
4 0.73 0.21 0.75 0.23 0.503938
4 464.80 0.18 464.83 0.20 0.503674
6 0.62 0.01 0.63 0.03 0.503350
4 0.75 0.22 0.77 0.25 0.503261
4 0.69 0.17 0.71 0.20 0.501811
7 464.23 0.07 464.26 0.09 0.494371
4 464.24 0.04 464.27 0.06 0.493373
3 0.71 0.95 0.73 1.00 0.493137
4 0.16 0.97 0.23 1.00 0.489680
4 464.17 0.29 464.20 0.31 0.488390
4 464.80 0.20 464.83 0.22 0.475509
4 464.18 0.03 464.21 0.04 0.475174
1 464.33 0.34 464.34 0.37 0.468640
4 0.56 0.23 0.60 0.26 0.467273
4 0.73 0.16 0.75 0.18 0.466255
4 464.27 0.04 464.31 0.06 0.465560
4 0.56 0.29 0.59 0.32 0.459027
4 464.68 0.03 464.70 0.04 0.455501
2 0.62 0.61 0.64 0.65 0.454646
1 464.35 0.89 464.37 0.93 0.450093
4 0.62 0.29 0.66 0.32 0.448185
4 0.76 0.04 0.78 0.06 0.447532
4 464.12 0.14 464.14 0.15 0.446828
4 0.67 0.13 0.70 0.15 0.446498
4 0.69 0.15 0.71 0.17 0.437512
4 0.69 0.29 0.72 0.31 0.435665
4 0.80 0.16 0.82 0.18 0.434652
2 464.29 0.64 464.34 0.69 0.428265
4 0.52 0.28 0.56 0.31 0.421984
2 0.82 0.65 0.84 0.69 0.420738
4 0.61 0.16 0.64 0.19 0.417049
4 766.24 751.67 783.19 764.58 0.415653
2 0.38 0.38 0.39 0.41 0.403942
4 0.53 0.31 0.58 0.35 0.397407
4 0.75 0.16 0.77 0.18 0.394853
4 0.61 0.21 0.64 0.23 0.391088
4 0.75 0.07 0.77 0.09 0.382282
4 0.64 0.17 0.66 0.19 0.378445
4 0.44 0.93 0.49 0.98 0.367943
4 0.55 0.03 0.58 0.05 0.362958
4 0.66 0.15 0.69 0.18 0.357237
4 0.54 0.04 0.57 0.06 0.355639
4 0.79 0.04 0.83 0.06 0.352098
4 0.54 0.44 0.58 0.47 0.348989
1 464.19 0.94 464.21 1.00 0.342186
4 0.64 0.14 0.66 0.15 0.340074
4 0.44 0.39 0.48 0.42 0.327859
3 0.80 0.66 0.82 0.69 0.325699
2 0.87 0.89 0.89 0.93 0.323153
2 0.57 0.16 0.58 0.19 0.321127
4 0.87 0.05 0.91 0.06 0.312435
3 0.30 0.39 0.33 0.41 0.305529
1 0.85 0.34 0.86 0.37 0.294964
2 0.80 0.64 0.86 0.70 0.285690
2 0.45 0.81 0.47 0.84 0.273023
