4 795.27 616.06 827.13 672.86 0.999809
4 657.22 563.15 683.57 613.49 0.999791
4 0.73 0.71 0.76 0.78 0.999710
4 504.17 0.71 504.20 0.78 0.999609
4 0.89 0.78 0.92 0.85 0.999597
4 738.57 505.78 765.89 559.89 0.999537
4 681.89 497.76 707.71 548.55 0.999515
4 504.32 0.78 504.36 0.85 0.999301
4 0.76 0.63 0.79 0.70 0.999244
4 844.35 562.41 877.71 621.55 0.999162
6 504.34 0.24 504.39 0.39 0.998983
4 0.82 0.64 0.85 0.71 0.998958
4 0.79 0.37 0.82 0.43 0.998788
4 0.70 0.51 0.73 0.57 0.998728
4 504.20 0.63 504.23 0.70 0.998619
4 630.02 403.97 654.91 452.24 0.998606
6 504.11 0.18 504.15 0.35 0.998218
4 0.74 0.48 0.77 0.54 0.998113
5 0.90 0.24 0.95 0.39 0.998070
4 665.25 377.61 689.00 428.05 0.997921
4 504.26 0.64 504.29 0.71 0.997177
4 0.94 0.71 0.98 0.79 0.996815
4 711.33 291.96 735.54 340.39 0.996558
4 0.81 0.10 0.84 0.15 0.996419
4 0.88 0.30 0.91 0.36 0.996287
4 727.17 78.64 749.32 121.07 0.996039
4 504.14 0.51 504.17 0.57 0.995510
4 504.32 0.30 504.34 0.36 0.995476
4 788.22 233.05 812.55 285.45 0.995430
4 0.98 0.26 1.00 0.33 0.995338
4 504.42 0.26 504.44 0.33 0.993918
6 809.78 185.81 855.97 309.31 0.993856
4 504.23 0.37 504.26 0.43 0.993300
4 504.18 0.48 504.21 0.54 0.993018
4 504.38 0.71 504.42 0.79 0.992533
5 606.25 144.89 641.76 272.94 0.992212
4 876.45 205.02 902.19 258.87 0.991664
4 504.25 0.10 504.27 0.15 0.991224
5 0.68 0.18 0.72 0.35 0.990794
4 0.78 0.20 0.80 0.26 0.985923
4 697.91 155.49 720.05 201.31 0.976907
2 1267.16 459.51 1310.78 550.18 0.960918
2 1213.14 511.56 1265.57 594.01 0.919145
4 504.22 0.20 504.24 0.26 0.852451
4 0.90 0.63 0.91 0.67 0.708813
4 504.48 0.08 504.51 0.11 0.552170
4 504.39 -0.00 504.41 0.01 0.485527
2 504.85 0.58 504.90 0.71 0.434283
1 504.79 0.65 504.86 0.75 0.359488
1 504.79 0.65 504.82 0.71 0.305491
