9 0.00 154.12 0.31 154.29 0.999803
4 1248.54 379.76 1393.51 452.42 0.999781
4 0.51 513.38 186.26 604.17 0.999683
4 0.30 605.18 153.96 705.59 0.999452
4 0.00 154.50 0.17 154.62 0.999062
4 0.00 0.57 0.21 0.67 0.998632
4 504.83 0.42 504.99 0.50 0.998420
4 504.83 154.25 504.99 154.33 0.998376
1 1276.83 530.26 1308.80 579.39 0.998247
4 0.00 154.40 0.21 154.50 0.998234
1 0.56 0.19 0.58 0.23 0.997992
9 0.26 264.09 274.32 414.93 0.997960
4 1156.97 217.54 1273.53 275.97 0.997942
4 0.00 0.68 0.17 0.79 0.997890
1 499.65 168.85 520.79 215.11 0.997052
1 0.56 154.02 0.58 154.07 0.996616
1 965.37 154.55 979.39 192.52 0.996471
4 1088.24 190.47 1198.73 244.72 0.996203
5 0.00 0.30 0.31 0.46 0.994669
4 806.58 151.67 875.00 197.43 0.994072
4 504.34 154.00 504.41 154.05 0.993102
4 1204.75 167.21 1309.52 214.41 0.993003
4 0.77 154.00 0.85 154.06 0.992440
4 1281.02 189.31 1395.58 240.33 0.991793
4 1117.94 143.21 1215.47 190.68 0.991720
1 504.51 0.17 504.53 0.21 0.990289
4 0.90 154.00 0.98 154.05 0.989722
4 0.51 0.20 0.56 0.25 0.987063
4 504.73 154.07 504.86 154.14 0.985735
3 715.17 876.18 794.82 938.65 0.984717
4 1213.07 127.49 1311.89 173.33 0.983489
4 694.81 157.43 759.67 210.77 0.982645
4 504.73 0.24 504.86 0.31 0.981663
4 458.15 178.44 503.97 226.44 0.977258
5 574.72 80.62 670.06 181.81 0.976653
1 504.86 154.42 504.90 154.48 0.976100
3 504.24 154.79 504.32 154.88 0.975822
1 504.86 0.59 504.90 0.65 0.974578
4 504.65 154.04 504.78 154.10 0.972189
4 752.02 126.46 805.93 165.58 0.971814
4 0.42 0.17 0.47 0.22 0.970404
6 504.08 0.09 504.18 0.20 0.968757
4 880.92 100.61 938.75 149.05 0.964265
4 0.78 0.18 0.85 0.23 0.958992
1 504.00 0.19 504.02 0.23 0.958048
4 770.65 66.51 841.94 112.63 0.957097
4 573.63 22.21 663.59 56.14 0.953053
4 789.06 109.03 842.40 147.17 0.952405
4 741.87 83.16 802.61 124.95 0.951093
4 504.34 0.17 504.41 0.22 0.950333
4 0.48 0.16 0.54 0.21 0.950285
1 717.15 860.13 769.55 920.02 0.948425
6 0.64 0.09 0.75 0.20 0.948392
4 376.32 155.12 424.73 200.51 0.944566
1 504.00 154.02 504.02 154.07 0.937227
5 0.00 154.83 0.30 155.00 0.934501
4 434.63 139.61 482.23 192.07 0.934087
4 1116.14 124.19 1188.03 155.55 0.933842
4 1112.47 86.58 1184.03 124.97 0.928708
6 1226.28 18.29 1346.40 77.48 0.924276
4 811.11 126.56 878.96 163.55 0.919319
4 504.65 0.21 504.78 0.27 0.914124
4 504.21 154.00 504.29 154.06 0.914016
4 715.29 91.09 772.28 140.75 0.898777
4 504.78 154.01 504.91 154.07 0.889870
4 0.49 154.00 0.54 154.04 0.883182
4 504.42 0.11 504.49 0.17 0.882317
5 0.78 896.37 271.24 1049.24 0.881409
4 641.53 13.41 723.98 48.13 0.875256
4 504.87 0.21 505.00 0.27 0.874526
1 0.80 154.79 0.86 154.86 0.860786
4 0.90 0.17 0.98 0.22 0.850097
4 504.21 0.18 504.29 0.23 0.842362
4 1266.73 76.95 1337.15 115.02 0.839976
4 504.87 154.04 504.99 154.10 0.834975
4 1316.06 154.35 1398.10 200.35 0.823269
2 717.94 860.53 758.81 902.16 0.822167
4 1322.91 52.46 1398.58 91.49 0.817004
4 504.79 0.19 504.91 0.24 0.813851
4 504.69 154.00 504.79 154.04 0.800987
4 504.28 0.14 504.34 0.18 0.795017
3 93.26 369.85 146.59 413.52 0.790599
4 1338.35 17.19 1387.81 57.19 0.789769
4 504.37 0.14 504.42 0.18 0.773293
4 504.24 0.10 504.30 0.16 0.759610
4 196.96 0.07 284.52 37.71 0.754318
4 504.32 0.12 504.38 0.16 0.746459
4 1266.25 85.80 1306.92 112.04 0.744833
4 504.68 0.16 504.79 0.21 0.740487
4 527.18 0.00 576.00 9.48 0.739619
3 0.08 0.38 0.16 0.47 0.736508
4 1184.17 88.95 1240.86 117.94 0.735241
6 233.52 221.67 379.40 286.93 0.732515
4 504.80 0.14 504.90 0.19 0.729276
4 0.88 0.12 0.94 0.16 0.703577
4 0.98 0.12 1.00 0.16 0.702284
2 944.82 100.15 957.22 126.92 0.698109
4 0.42 154.00 0.47 154.05 0.693245
4 504.27 0.09 504.33 0.14 0.679981
2 965.62 154.48 979.79 192.80 0.669388
4 0.51 154.03 0.56 154.08 0.665811
4 0.84 0.14 0.90 0.18 0.665298
2 0.80 0.96 0.85 1.00 0.655794
10 0.35 0.76 0.39 0.81 0.645288
3 76.59 356.81 224.44 417.70 0.616188
4 504.79 154.00 504.90 154.02 0.601571
4 0.86 0.07 0.94 0.12 0.599035
3 0.08 0.41 0.16 0.47 0.594919
4 504.15 0.11 504.22 0.16 0.587098
4 0.72 0.11 0.78 0.15 0.584827
4 504.10 154.00 504.19 154.03 0.570209
3 504.24 0.96 504.30 1.00 0.568910
4 504.30 0.07 504.38 0.12 0.567147
4 0.83 0.09 0.90 0.14 0.564732
10 0.35 154.58 0.39 154.64 0.559147
6 504.81 0.02 504.94 0.08 0.557023
6 0.26 154.07 0.42 154.15 0.555851
4 0.64 0.02 0.74 0.06 0.554074
4 504.09 0.03 504.18 0.06 0.546213
4 504.68 0.14 504.76 0.17 0.524951
6 504.00 154.00 504.19 154.11 0.519287
4 504.08 0.02 504.13 0.05 0.515693
4 504.90 0.13 504.99 0.17 0.500556
4 504.18 0.02 504.25 0.05 0.498296
4 504.77 0.12 504.87 0.16 0.484379
4 0.67 154.00 0.75 154.03 0.479324
4 504.76 0.10 504.82 0.13 0.479192
9 375.45 132.98 433.42 204.25 0.472286
4 504.68 0.10 504.75 0.13 0.461613
4 504.68 0.11 504.75 0.14 0.460883
4 504.89 0.09 504.99 0.14 0.460475
3 0.22 0.41 0.25 0.46 0.458275
4 504.85 0.10 504.90 0.12 0.458195
3 0.80 154.81 0.89 154.88 0.455777
4 504.85 0.09 504.94 0.13 0.453189
4 504.15 0.02 504.22 0.05 0.450526
6 0.26 0.25 0.42 0.32 0.435717
2 504.24 154.79 504.30 154.86 0.431933
4 504.68 0.10 504.74 0.12 0.427803
1 504.51 154.00 504.53 154.04 0.424147
2 0.80 0.96 0.83 1.00 0.417620
4 0.93 0.14 0.98 0.18 0.404870
2 504.24 0.96 504.29 1.00 0.404686
4 0.72 0.02 0.81 0.05 0.397143
3 0.08 154.24 0.16 154.29 0.391985
3 0.08 154.22 0.27 154.30 0.382512
10 0.34 0.76 0.39 0.87 0.371543
2 504.21 154.09 504.23 154.13 0.362056
1 504.21 0.26 504.23 0.30 0.361206
2 504.52 154.00 504.53 154.03 0.359855
4 0.72 0.02 0.78 0.05 0.340668
4 0.26 0.27 0.33 0.32 0.339037
4 0.17 0.18 0.25 0.22 0.333319
2 0.80 154.79 0.85 154.83 0.323997
4 0.64 0.02 0.69 0.05 0.323511
10 313.48 676.89 350.92 724.35 0.313476
2 0.82 0.96 0.85 1.00 0.312853
3 0.08 0.40 0.25 0.47 0.298987
4 0.58 -0.00 0.66 0.01 0.297757
2 0.80 154.79 0.89 154.88 0.279251
2 0.80 154.79 0.83 154.82 0.263395
