4 1136.71 634.85 1215.94 684.96 0.998305
4 1000.22 561.97 1050.52 600.34 0.997087
4 923.31 513.72 961.95 542.96 0.994240
4 835.49 462.60 859.27 481.29 0.993598
4 504.71 0.71 504.80 0.77 0.993461
4 0.90 0.50 0.92 0.52 0.992905
4 0.93 154.34 0.96 154.37 0.992133
4 803.10 449.64 823.71 465.15 0.990427
4 0.90 154.33 0.92 154.35 0.990211
4 0.93 0.52 0.96 0.54 0.989026
4 504.55 0.63 504.61 0.67 0.983844
4 504.55 154.46 504.61 154.50 0.982855
4 504.47 0.57 504.51 0.61 0.981216
4 504.37 154.34 504.40 154.37 0.976327
4 1220.65 642.74 1318.40 702.26 0.976036
4 978.74 481.65 1003.77 498.43 0.975312
4 1040.43 551.80 1090.88 586.96 0.974695
4 504.69 154.44 504.74 154.47 0.967609
4 504.47 154.40 504.51 154.43 0.967023
4 504.33 0.50 504.36 0.52 0.965859
4 504.53 0.54 504.56 0.56 0.965132
4 504.60 0.62 504.66 0.66 0.965035
4 504.69 0.61 504.74 0.64 0.961493
4 744.42 433.19 757.55 445.32 0.961160
4 504.53 154.37 504.56 154.39 0.960845
4 504.37 0.52 504.40 0.54 0.957898
4 876.39 482.69 908.69 512.76 0.953593
4 504.33 154.33 504.36 154.35 0.947324
1 1200.86 724.17 1223.85 766.34 0.946295
4 504.71 154.54 504.80 154.59 0.941048
4 0.98 154.37 1.00 154.40 0.936607
3 937.38 552.39 954.12 576.92 0.934351
4 504.27 154.31 504.28 154.32 0.930847
4 0.98 0.54 1.00 0.57 0.921918
4 504.56 0.53 504.57 0.55 0.906999
1 504.36 154.37 504.37 154.40 0.906623
1 504.36 0.55 504.37 0.57 0.904981
4 504.27 0.48 504.28 0.50 0.892737
3 1169.10 696.87 1196.11 727.13 0.888069
3 1195.20 734.13 1234.76 780.32 0.879784
2 1178.08 525.36 1192.56 542.94 0.878680
4 504.80 0.72 504.91 0.78 0.873287
2 504.73 154.41 504.74 154.44 0.864916
2 1153.27 523.36 1169.56 544.76 0.854724
4 1027.88 480.46 1039.04 495.80 0.854513
2 707.62 427.81 716.47 445.20 0.849930
4 1118.44 547.60 1170.73 572.69 0.847245
4 0.83 154.31 0.85 154.32 0.841918
4 504.60 154.44 504.66 154.48 0.820557
4 504.42 154.37 504.45 154.40 0.810711
4 0.73 154.25 0.74 154.27 0.788539
5 225.89 428.95 257.64 444.91 0.787381
1 0.92 0.55 0.93 0.57 0.784652
4 504.80 154.55 504.91 154.61 0.773097
1 825.23 490.05 834.67 511.40 0.766898
4 504.56 154.36 504.57 154.38 0.763997
3 504.74 0.78 504.77 0.81 0.737909
5 504.42 0.54 504.45 0.57 0.733183
2 936.62 544.25 956.34 576.07 0.716932
6 504.54 0.43 504.57 0.45 0.709329
4 504.42 0.55 504.45 0.57 0.701427
6 376.38 390.15 412.46 407.72 0.684915
2 1153.57 522.37 1193.17 545.05 0.680651
4 1002.95 476.88 1014.62 490.81 0.673247
4 0.30 154.31 0.31 154.32 0.670954
2 504.23 154.31 504.24 154.33 0.666471
4 0.83 0.48 0.85 0.50 0.661020
4 504.42 0.54 504.45 0.56 0.658167
4 707.90 393.88 725.97 405.53 0.657918
6 504.27 0.48 504.29 0.51 0.645722
6 504.54 154.26 504.57 154.28 0.645560
3 504.77 154.65 504.81 154.70 0.634797
3 504.48 154.45 504.50 154.47 0.633012
1 0.92 154.37 0.93 154.40 0.631345
4 1074.07 497.61 1086.73 514.78 0.629537
4 188.42 446.88 209.20 456.47 0.627002
2 1168.88 686.56 1196.13 725.81 0.621777
2 504.75 154.41 504.77 154.43 0.620969
4 649.16 381.94 663.38 390.89 0.612297
2 504.64 154.38 504.65 154.40 0.602107
6 0.42 0.43 0.46 0.45 0.600301
1 504.72 0.58 504.74 0.61 0.595840
1 504.23 0.48 504.24 0.50 0.590154
6 504.59 0.45 504.61 0.47 0.579018
5 0.25 154.31 0.29 154.33 0.578938
3 504.74 154.61 504.77 154.64 0.577724
4 504.17 154.25 504.18 154.26 0.575089
4 0.03 154.33 0.04 154.35 0.574397
3 504.48 0.62 504.50 0.64 0.574133
4 504.67 154.30 504.69 154.31 0.570507
4 504.17 0.43 504.18 0.44 0.567864
2 1107.35 507.88 1120.39 527.27 0.560973
4 0.73 0.43 0.74 0.44 0.557204
4 504.64 154.29 504.66 154.30 0.553603
3 504.77 0.82 504.82 0.87 0.551875
4 504.59 154.28 504.61 154.29 0.550022
1 504.75 0.59 504.77 0.61 0.548830
4 504.67 0.47 504.69 0.48 0.546113
4 504.64 0.46 504.66 0.47 0.539434
4 504.44 154.34 504.46 154.35 0.526190
5 0.25 0.48 0.29 0.50 0.521432
2 504.59 154.36 504.60 154.38 0.514608
4 504.21 154.26 504.22 154.27 0.513366
4 504.48 0.61 504.51 0.63 0.508340
4 504.23 0.44 504.25 0.45 0.502211
4 504.18 154.26 504.20 154.27 0.501102
1 504.64 0.55 504.65 0.57 0.499603
4 504.58 0.54 504.60 0.55 0.486027
4 504.32 0.47 504.34 0.48 0.473168
2 504.74 154.59 504.77 154.62 0.471986
2 504.27 154.33 504.28 154.34 0.470874
4 0.30 0.48 0.31 0.49 0.463378
4 504.18 0.43 504.20 0.44 0.460411
2 504.67 154.40 504.69 154.42 0.459479
4 504.84 154.26 504.87 154.27 0.456793
2 504.75 0.77 504.77 0.79 0.456002
2 504.67 0.57 504.69 0.59 0.453112
4 0.21 0.50 0.23 0.51 0.421885
4 0.21 154.33 0.23 154.34 0.417424
2 504.29 154.29 504.30 154.31 0.416284
4 0.10 154.32 0.13 154.34 0.415300
2 504.77 154.64 504.80 154.68 0.414249
2 504.48 154.43 504.51 154.46 0.408200
2 504.74 154.59 504.77 154.64 0.408039
7 742.84 433.08 759.66 456.99 0.402140
1 504.78 0.81 504.80 0.85 0.382303
1 504.78 154.64 504.80 154.68 0.381753
4 0.75 0.43 0.76 0.44 0.367139
9 0.42 154.26 0.46 154.28 0.366296
4 0.79 154.27 0.81 154.28 0.365151
4 0.10 0.49 0.13 0.51 0.363186
4 0.77 154.26 0.79 154.27 0.358695
4 0.77 0.43 0.79 0.44 0.358354
9 504.21 0.43 504.22 0.44 0.348367
4 0.79 0.44 0.81 0.45 0.345869
4 0.37 154.39 0.38 154.40 0.345367
4 0.52 154.25 0.54 154.27 0.344956
9 0.74 0.41 0.76 0.42 0.332334
9 985.28 387.54 1011.74 400.25 0.329001
2 0.79 0.48 0.80 0.50 0.324169
9 0.74 154.24 0.76 154.25 0.300671
1 0.85 154.29 0.86 154.31 0.249206
1 0.79 154.31 0.80 154.32 0.236554
