4 843.66 703.19 870.09 752.29 0.997813
4 738.40 577.36 764.06 629.93 0.997514
4 0.82 0.73 0.85 0.80 0.994541
4 0.94 0.89 0.97 0.95 0.994115
4 504.26 0.73 504.29 0.80 0.993790
4 712.10 635.79 738.28 690.92 0.993764
4 504.38 0.89 504.41 0.95 0.993146
4 0.56 0.46 0.58 0.51 0.993079
4 731.99 125.39 755.71 175.60 0.992889
4 877.03 414.52 906.25 459.96 0.991663
4 504.23 0.80 504.26 0.88 0.991063
4 0.82 0.16 0.84 0.22 0.990651
4 581.42 164.73 602.05 208.87 0.987935
4 659.61 318.71 688.98 370.27 0.986115
4 784.43 419.58 809.48 469.12 0.985197
4 0.79 0.81 0.82 0.87 0.981241
4 504.09 0.21 504.11 0.27 0.980958
4 504.37 0.37 504.39 0.43 0.979109
4 509.70 220.67 529.99 264.18 0.976542
4 500.42 364.20 519.98 401.01 0.974906
4 0.85 0.06 0.87 0.12 0.974782
4 810.32 313.34 835.11 358.64 0.973241
4 0.57 0.28 0.59 0.34 0.972897
4 611.52 280.22 634.26 324.68 0.971788
4 450.59 216.28 470.62 258.49 0.970561
4 504.17 0.40 504.21 0.47 0.970273
4 758.56 46.15 781.44 91.03 0.963792
4 504.25 0.16 504.28 0.22 0.963658
4 0.65 0.21 0.67 0.27 0.962228
4 649.18 32.70 669.99 75.94 0.961255
4 0.98 0.53 1.00 0.58 0.960102
4 504.16 0.04 504.19 0.10 0.957522
4 504.28 0.06 504.31 0.12 0.956404
4 831.64 291.34 856.35 336.91 0.956224
4 504.00 0.46 504.02 0.51 0.955365
4 504.01 0.28 504.03 0.34 0.953378
4 504.12 0.36 504.15 0.41 0.950919
4 0.72 0.04 0.75 0.10 0.950555
4 0.68 0.36 0.71 0.41 0.945835
4 660.32 149.18 703.35 260.35 0.940961
4 504.60 0.94 504.65 1.00 0.940450
5 0.74 0.19 0.78 0.33 0.934559
4 0.74 0.40 0.77 0.47 0.934482
5 504.18 0.19 504.22 0.33 0.932677
4 329.70 542.94 354.44 574.70 0.930855
4 504.34 0.40 504.37 0.46 0.927797
4 504.31 0.53 504.34 0.59 0.922523
4 0.88 0.53 0.90 0.60 0.916858
4 0.93 0.37 0.96 0.43 0.916679
4 0.50 0.27 0.53 0.33 0.907873
4 504.42 0.53 504.45 0.58 0.907236
4 1039.44 743.26 1084.68 787.25 0.900011
4 0.91 0.40 0.93 0.46 0.880081
5 856.46 488.68 892.76 565.73 0.873098
4 504.67 0.96 504.72 1.00 0.872066
6 921.42 509.89 969.90 584.93 0.834696
4 504.49 0.95 504.53 1.00 0.823320
4 504.53 0.95 504.59 1.00 0.812146
4 404.04 0.52 441.24 39.80 0.799043
4 939.39 747.14 979.76 787.16 0.793053
6 504.73 0.82 505.00 0.98 0.764412
5 504.39 0.62 504.43 0.72 0.762248
6 0.45 0.00 0.49 0.05 0.757135
6 504.47 0.65 504.52 0.74 0.742062
6 1171.84 649.08 1399.45 770.46 0.726234
4 512.69 247.85 528.90 264.26 0.722021
4 980.24 744.24 1037.06 787.52 0.693084
4 916.48 752.99 940.88 787.28 0.654015
4 1039.84 695.51 1072.60 725.69 0.646180
3 4.49 547.22 40.33 567.41 0.641600
4 369.79 598.12 391.79 622.74 0.619053
4 504.50 0.97 504.53 1.00 0.614904
4 504.46 0.95 504.49 1.00 0.609820
4 504.60 0.88 504.64 0.92 0.585285
4 1102.90 752.85 1144.89 787.39 0.584055
4 504.38 0.56 504.39 0.61 0.565832
4 453.50 750.38 472.98 770.58 0.533000
4 504.48 0.95 504.54 1.00 0.530765
3 504.21 0.40 504.23 0.44 0.527023
9 0.44 0.46 0.47 0.56 0.496089
3 504.25 0.39 504.27 0.43 0.446367
9 0.82 -0.00 1.00 0.74 0.427424
3 0.01 0.69 0.04 0.72 0.390901
4 0.38 0.69 0.40 0.71 0.362427
3 0.05 0.48 0.08 0.52 0.354446
4 0.24 0.88 0.31 0.92 0.315927
