4 691.27 257.04 721.66 285.48 0.997869
4 462.89 362.73 495.94 387.63 0.997415
4 0.66 0.40 0.69 0.43 0.997297
4 589.21 313.69 622.89 337.50 0.997160
4 0.52 0.46 0.55 0.49 0.995354
4 0.77 0.33 0.81 0.36 0.993710
4 504.21 0.33 504.24 0.36 0.992202
4 504.09 0.40 504.13 0.43 0.992136
5 401.91 404.01 499.09 455.31 0.990296
6 0.83 0.04 0.86 0.09 0.988755
9 468.30 184.69 637.51 262.26 0.987252
6 790.45 96.68 824.43 140.45 0.968438
5 485.06 300.80 574.74 358.50 0.960569
4 827.76 87.90 850.28 110.92 0.960013
6 0.45 0.51 0.56 0.58 0.957427
5 0.54 0.38 0.64 0.45 0.953901
6 938.30 15.30 970.42 53.24 0.939874
6 0.88 0.12 0.92 0.18 0.930780
6 741.67 34.38 773.52 73.38 0.929557
6 770.57 117.49 808.34 159.83 0.924344
5 500.27 329.72 578.39 373.18 0.920765
4 500.44 343.80 544.73 373.16 0.916691
4 585.67 92.46 607.68 118.82 0.910470
4 715.60 112.98 741.07 135.97 0.906063
6 504.48 0.02 504.52 0.07 0.901319
6 504.26 0.04 504.30 0.09 0.898728
6 788.84 221.78 826.46 249.37 0.890505
4 0.70 0.41 0.73 0.43 0.889923
4 750.47 236.21 786.75 263.59 0.887821
4 368.94 391.51 412.95 425.34 0.873195
5 504.36 0.25 504.39 0.29 0.870565
6 504.32 0.12 504.36 0.18 0.868082
6 504.26 0.08 504.29 0.13 0.867816
6 0.86 0.15 0.90 0.20 0.866655
6 504.30 0.15 504.34 0.20 0.865743
5 827.03 199.03 856.24 229.95 0.847512
5 1314.20 595.91 1380.69 639.60 0.844562
9 504.00 0.38 504.08 0.45 0.841977
4 851.66 170.83 869.36 196.44 0.840900
4 687.73 210.29 726.18 235.99 0.816953
5 504.32 0.28 504.36 0.32 0.811258
4 74.19 152.87 97.89 173.61 0.809313
6 504.12 0.05 504.19 0.14 0.804744
5 0.92 0.25 0.96 0.29 0.800302
4 634.85 3.26 653.84 21.91 0.797301
4 502.06 16.08 533.68 33.90 0.795449
4 504.09 0.12 504.12 0.15 0.794196
4 504.36 0.11 504.39 0.14 0.793975
3 888.55 374.50 910.32 396.35 0.785433
4 923.88 0.00 941.32 10.29 0.774099
4 745.97 77.81 761.70 101.05 0.767761
4 602.71 63.37 623.76 86.86 0.764750
6 612.67 42.62 676.60 107.19 0.749145
4 0.15 0.19 0.16 0.21 0.733580
4 541.71 108.30 562.96 135.09 0.719340
5 0.56 0.42 0.65 0.47 0.716219
6 0.68 0.05 0.76 0.14 0.713385
4 628.49 319.20 656.51 338.21 0.712228
5 0.88 0.28 0.92 0.32 0.686578
5 504.00 0.42 504.08 0.47 0.682485
6 0.82 0.08 0.85 0.13 0.672764
6 504.27 0.10 504.29 0.13 0.669290
4 504.11 0.08 504.13 0.11 0.661367
6 504.39 0.22 504.41 0.25 0.661049
5 0.61 0.42 0.65 0.45 0.660808
6 433.04 63.16 454.79 88.58 0.660535
6 504.55 0.00 504.59 0.05 0.636694
4 131.26 153.45 149.43 179.40 0.635161
4 0.41 0.50 0.46 0.54 0.631992
4 0.63 0.66 0.65 0.68 0.618952
5 504.04 0.42 504.08 0.45 0.616036
4 504.57 0.03 504.59 0.05 0.612773
4 504.27 0.30 504.32 0.33 0.610795
4 0.65 0.12 0.68 0.15 0.595019
6 0.95 0.22 0.97 0.25 0.578598
5 504.00 0.44 504.04 0.47 0.577940
4 504.03 0.04 504.06 0.07 0.576127
4 504.14 0.41 504.16 0.43 0.576030
4 504.00 0.02 504.03 0.04 0.574984
4 504.24 0.14 504.27 0.17 0.569165
4 504.14 0.41 504.17 0.43 0.563850
4 504.08 0.32 504.11 0.35 0.560775
6 0.51 0.03 0.56 0.07 0.559296
4 504.13 0.52 504.15 0.54 0.553286
4 504.15 0.01 504.17 0.03 0.552180
6 504.07 0.09 504.10 0.12 0.551890
4 0.92 0.11 0.95 0.14 0.546443
6 0.83 0.10 0.85 0.13 0.523591
6 0.27 0.26 0.29 0.30 0.523187
4 0.61 0.14 0.63 0.17 0.521915
4 0.80 0.14 0.83 0.17 0.520379
5 0.56 0.44 0.61 0.47 0.514204
6 0.60 0.04 0.62 0.07 0.510505
4 504.47 -0.00 504.49 0.01 0.508859
3 504.82 0.78 504.84 0.80 0.490544
4 504.69 0.33 504.71 0.34 0.468078
6 0.28 0.25 0.31 0.29 0.467662
9 457.18 27.03 500.29 53.56 0.455229
4 0.64 0.32 0.67 0.35 0.429644
4 0.69 0.52 0.71 0.54 0.421969
4 0.84 0.30 0.88 0.33 0.419716
4 0.58 0.12 0.60 0.15 0.416135
6 0.84 0.28 0.92 0.33 0.401966
4 0.33 0.26 0.35 0.28 0.352554
3 0.41 0.89 0.44 0.94 0.338009
4 0.18 0.19 0.20 0.20 0.321624
2 0.95 0.07 0.96 0.09 0.278353
