4 1800.47 597.04 1893.52 649.31 0.998709
4 1403.13 899.00 1504.63 978.14 0.998360
4 1024.22 642.50 1117.23 712.24 0.997512
4 1184.86 754.86 1272.17 821.09 0.996597
4 1276.76 817.91 1372.01 888.28 0.996379
5 716.34 0.72 716.45 0.80 0.995206
4 982.28 895.27 1043.01 956.80 0.995090
4 0.36 182.07 0.40 182.10 0.994901
4 940.14 594.83 1011.63 646.12 0.994631
4 0.36 0.27 0.40 0.31 0.994355
5 1020.00 0.72 1020.11 0.80 0.993556
4 0.50 182.08 0.54 182.11 0.993152
4 1110.62 942.99 1212.72 1037.00 0.992946
4 448.21 257.52 483.74 285.16 0.992364
4 579.07 546.37 648.77 606.13 0.990407
4 0.50 0.29 0.54 0.32 0.989080
4 323.08 245.50 359.24 274.89 0.988561
4 1020.43 182.80 1020.54 182.89 0.988184
4 1020.29 0.91 1020.39 0.99 0.986152
4 1020.87 0.67 1020.97 0.72 0.985717
4 707.50 651.24 776.84 721.14 0.984922
5 716.34 182.51 716.45 182.59 0.983338
4 1020.29 182.71 1020.39 182.79 0.983318
4 716.77 182.80 716.88 182.89 0.982765
3 716.15 182.90 716.17 182.94 0.982460
4 716.63 182.71 716.73 182.79 0.981681
1 847.26 964.15 868.28 1024.35 0.981171
4 1020.00 182.51 1020.11 182.59 0.981014
4 887.10 806.56 972.73 889.97 0.980071
4 1020.87 182.47 1020.98 182.52 0.979259
4 716.63 0.91 716.73 0.99 0.979223
4 0.28 182.08 0.31 182.11 0.978933
4 716.25 182.46 716.33 182.52 0.975123
4 1020.18 0.84 1020.28 0.92 0.974652
4 1020.18 182.64 1020.28 182.71 0.972889
4 716.25 0.67 716.33 0.72 0.968701
4 254.06 258.05 278.03 279.14 0.967659
4 661.46 602.54 718.26 666.46 0.967634
4 716.52 0.84 716.62 0.92 0.967488
3 0.95 182.90 0.97 182.94 0.966272
4 716.00 0.73 716.07 0.81 0.960207
4 716.52 182.64 716.62 182.71 0.958338
6 1516.67 966.16 1699.46 1077.35 0.955823
6 1431.50 204.79 1533.96 264.12 0.954499
4 716.30 182.80 716.37 182.87 0.950401
4 0.65 182.41 0.72 182.47 0.945411
4 0.29 0.29 0.31 0.31 0.943341
4 0.65 0.61 0.72 0.68 0.933645
4 0.74 182.47 0.80 182.54 0.924938
4 716.19 182.70 716.29 182.79 0.921239
5 0.90 182.62 0.99 182.71 0.906144
1 0.95 182.87 0.97 182.94 0.904977
3 338.58 976.89 382.96 1053.69 0.876207
4 805.94 736.75 889.31 814.98 0.869637
4 0.38 182.00 0.41 182.03 0.865178
7 903.21 915.99 982.95 981.68 0.857130
4 533.19 499.70 572.78 541.63 0.851415
4 716.00 182.52 716.07 182.60 0.849209
4 716.44 182.85 716.55 182.95 0.845825
4 0.79 0.73 0.87 0.81 0.829885
2 954.91 982.15 996.33 1036.29 0.822634
4 0.41 182.02 0.45 182.05 0.820766
4 0.41 0.22 0.45 0.25 0.817998
4 1826.44 49.06 1860.65 65.24 0.812943
4 716.10 182.62 716.19 182.71 0.799866
6 1424.50 327.06 1577.25 429.00 0.787051
7 1020.72 0.79 1020.75 0.82 0.781944
4 1020.95 0.05 1020.98 0.07 0.765738
4 716.19 0.90 716.25 0.94 0.756061
4 887.96 806.70 938.60 841.31 0.753838
4 369.59 201.14 398.75 223.62 0.752633
4 341.04 187.45 365.60 209.23 0.745587
4 0.74 0.67 0.80 0.74 0.744804
3 847.46 985.03 867.80 1025.05 0.734123
4 1020.10 182.85 1020.22 182.95 0.724722
4 1117.72 703.35 1192.50 756.84 0.718720
4 0.14 0.04 0.16 0.06 0.700083
4 716.10 0.82 716.19 0.91 0.684652
4 265.73 145.46 292.71 167.40 0.680035
4 198.22 209.44 230.06 227.47 0.676938
4 1870.49 47.81 1899.88 63.65 0.674631
1 244.24 333.25 261.91 359.27 0.663896
6 716.80 0.23 716.91 0.30 0.662651
4 716.19 0.90 716.29 0.99 0.654303
4 0.38 0.21 0.41 0.23 0.652135
2 973.65 983.64 993.04 1023.68 0.649026
4 305.90 156.64 335.91 178.81 0.648433
4 327.62 172.43 356.40 190.13 0.638800
4 251.10 119.47 277.12 139.99 0.630686
4 1020.90 0.05 1020.94 0.07 0.629437
4 0.30 0.16 0.33 0.19 0.628670
6 716.80 182.03 716.91 182.10 0.623434
6 1020.46 0.23 1020.57 0.30 0.617254
4 0.59 0.56 0.65 0.61 0.610584
4 716.89 182.88 716.95 182.95 0.610269
4 716.58 0.58 716.61 0.61 0.608508
1 1020.59 0.87 1020.61 0.89 0.605087
2 315.07 189.05 327.53 209.56 0.603478
4 716.89 182.87 717.00 182.95 0.598935
2 1020.78 182.53 1020.82 182.56 0.598404
4 716.45 182.58 716.53 182.64 0.595185
3 1662.66 710.82 1690.49 742.45 0.591989
4 0.34 0.17 0.37 0.20 0.590217
4 0.90 0.82 0.99 0.91 0.585312
4 716.41 182.97 716.45 183.00 0.583094
7 716.21 182.82 716.30 182.90 0.581164
4 1020.72 182.59 1020.75 182.62 0.578651
6 1020.55 182.88 1020.76 183.00 0.576534
4 716.30 182.80 716.39 182.89 0.575538
4 716.41 182.89 716.51 182.97 0.573635
4 1570.72 615.83 1602.38 638.56 0.568834
4 716.95 0.69 716.99 0.71 0.568557
6 716.79 0.36 716.96 0.48 0.566167
4 1020.61 182.49 1020.65 182.51 0.561714
4 716.95 182.49 716.99 182.51 0.556292
4 0.28 0.13 0.31 0.16 0.553700
4 0.79 182.52 0.87 182.60 0.551253
6 0.00 0.18 0.17 0.41 0.548526
4 0.60 182.35 0.65 182.40 0.545953
4 1020.00 182.81 1020.05 182.90 0.539973
2 716.27 182.89 716.31 182.95 0.539298
3 1020.60 182.67 1020.63 182.69 0.539220
1 716.15 182.87 716.17 182.94 0.538760
6 716.45 0.78 716.53 0.85 0.538156
6 1020.46 182.03 1020.57 182.10 0.536331
4 1020.56 182.88 1020.61 182.94 0.532918
4 1020.06 182.89 1020.17 182.98 0.530486
3 716.27 182.91 716.30 182.95 0.529706
4 716.96 182.25 716.99 182.27 0.523900
4 1020.89 0.04 1020.92 0.06 0.520889
4 0.99 0.91 1.00 0.94 0.518955
4 1720.43 653.63 1753.29 684.54 0.515160
4 716.61 182.98 716.65 183.00 0.513313
6 1020.45 0.36 1020.62 0.48 0.512923
4 716.19 182.70 716.26 182.74 0.512095
3 1020.59 0.87 1020.62 0.89 0.511942
4 1020.65 0.14 1020.68 0.15 0.510998
1 1020.53 182.50 1020.58 182.54 0.510786
1 1020.59 182.67 1020.61 182.69 0.510740
4 1020.74 0.17 1020.77 0.18 0.508846
1 1020.47 0.47 1020.49 0.49 0.505314
4 1020.07 182.97 1020.11 183.00 0.505179
4 1020.83 0.18 1020.86 0.19 0.505040
4 1020.69 0.14 1020.72 0.15 0.501676
3 1020.59 182.67 1020.62 182.69 0.501281
6 1020.83 -0.00 1020.89 0.03 0.501049
6 716.80 0.23 716.95 0.32 0.499020
4 0.22 182.03 0.25 182.05 0.498694
1 716.01 0.50 716.02 0.52 0.482757
1 1020.47 182.27 1020.49 182.29 0.480641
6 1020.49 0.24 1020.57 0.30 0.479887
6 1020.46 0.23 1020.61 0.32 0.478636
7 1020.61 0.69 1020.65 0.71 0.476108
1 1020.80 182.54 1020.82 182.56 0.476072
2 716.29 182.90 716.31 182.94 0.475869
4 0.22 0.23 0.25 0.25 0.471781
3 716.31 182.93 716.34 182.96 0.471446
1 716.81 0.47 716.83 0.49 0.470159
6 1020.45 182.16 1020.62 182.28 0.469099
2 1020.78 0.73 1020.82 0.76 0.463501
6 716.80 182.03 716.95 182.12 0.463485
4 0.37 0.19 0.40 0.22 0.462764
6 1020.46 182.03 1020.61 182.12 0.462646
6 716.79 182.16 716.96 182.28 0.460547
6 1020.11 182.58 1020.19 182.64 0.458654
2 1020.62 0.48 1020.63 0.49 0.455998
2 1020.91 0.09 1020.93 0.11 0.453196
2 716.27 182.89 716.29 182.94 0.452612
1 1020.78 182.53 1020.80 182.55 0.450181
4 0.47 182.25 0.52 182.28 0.449278
1 1020.80 0.74 1020.82 0.76 0.448654
2 1020.78 0.73 1020.80 0.75 0.443467
4 0.13 0.28 0.15 0.30 0.442173
4 716.89 0.14 716.92 0.15 0.439068
2 1020.62 182.27 1020.63 182.29 0.429902
1 716.93 0.87 716.95 0.89 0.427675
1 716.93 182.67 716.95 182.69 0.426699
2 716.81 182.26 716.83 182.29 0.422810
2 716.87 182.50 716.92 182.54 0.419473
6 716.89 182.87 717.00 182.99 0.417290
2 1020.56 182.50 1020.58 182.53 0.414921
4 0.83 182.56 0.87 182.60 0.406648
4 0.26 182.05 0.28 182.07 0.406317
1 716.15 182.87 716.17 182.91 0.405093
4 0.13 182.07 0.15 182.09 0.395849
4 0.44 0.24 0.48 0.27 0.385442
2 716.96 0.47 716.97 0.49 0.384521
4 0.18 0.07 0.20 0.09 0.382273
4 0.10 0.01 0.12 0.02 0.382043
4 0.03 0.10 0.06 0.12 0.378450
6 1020.77 182.07 1020.82 182.13 0.374852
4 0.03 182.46 0.10 182.53 0.374214
2 716.36 182.97 716.37 182.99 0.365698
2 716.22 182.81 716.24 182.85 0.365110
4 0.42 0.15 0.45 0.17 0.351721
4 0.44 182.04 0.48 182.06 0.351631
2 0.35 182.01 0.37 182.03 0.328302
4 0.17 0.06 0.19 0.07 0.314483
2 0.27 0.37 0.29 0.40 0.304021
2 0.43 0.68 0.44 0.71 0.294942
2 0.81 182.30 0.82 182.32 0.281111
2 0.59 182.74 0.60 182.76 0.280220
2 0.95 182.87 0.97 182.91 0.274658
1 0.81 0.50 0.82 0.52 0.270130
1 0.35 0.21 0.37 0.23 0.248193
9 1020.83 182.06 1020.97 182.14 0.247672
