4 504.10 0.15 504.11 0.18 0.998389
4 504.18 0.38 504.20 0.42 0.998152
4 648.25 422.32 675.01 459.48 0.998025
4 0.74 0.38 0.76 0.42 0.997928
4 590.95 120.63 605.76 140.13 0.997841
4 661.39 301.87 681.50 326.84 0.996855
4 775.17 333.61 797.96 366.94 0.996535
5 0.69 0.46 0.72 0.53 0.996434
4 504.16 0.54 504.19 0.58 0.995686
4 0.66 0.15 0.68 0.18 0.995131
4 504.30 0.42 504.33 0.47 0.994564
4 0.72 0.54 0.75 0.58 0.992844
4 0.73 0.27 0.75 0.29 0.991387
5 504.13 0.46 504.16 0.53 0.989151
5 617.50 365.68 648.80 421.42 0.988929
4 654.87 209.91 672.66 229.80 0.986248
4 702.10 253.46 722.14 280.22 0.983996
4 0.86 0.42 0.89 0.47 0.977650
4 504.17 0.27 504.19 0.29 0.977645
4 504.22 0.32 504.24 0.36 0.970212
4 762.93 259.09 787.31 294.23 0.949496
5 496.14 473.46 528.51 516.18 0.938745
5 504.00 0.60 504.03 0.65 0.915139
4 504.29 0.33 504.32 0.37 0.891720
4 0.78 0.32 0.81 0.36 0.818350
4 619.83 389.57 646.63 420.81 0.815472
4 504.09 0.43 504.10 0.46 0.806953
4 607.23 89.20 624.52 106.59 0.806873
4 0.85 0.33 0.88 0.37 0.751042
6 0.55 0.60 0.59 0.64 0.742503
4 504.11 0.11 504.13 0.14 0.725720
4 0.63 0.14 0.64 0.17 0.707886
4 504.06 0.14 504.08 0.17 0.693769
6 504.31 0.23 504.36 0.27 0.579677
6 504.90 0.30 505.00 0.38 0.534876
4 0.67 0.11 0.70 0.14 0.377649
4 0.85 0.35 0.88 0.37 0.349340
