4 867.07 242.35 892.86 266.25 0.998895
4 504.40 0.31 504.43 0.34 0.998678
4 0.97 0.31 1.00 0.34 0.998041
4 927.02 204.35 948.77 220.87 0.996404
4 1031.13 411.44 1074.51 461.50 0.994461
4 504.59 0.17 504.61 0.19 0.990187
4 1030.96 136.33 1053.47 149.80 0.989517
4 504.47 0.26 504.50 0.28 0.989098
5 1087.96 509.18 1175.78 571.96 0.988525
4 1050.75 213.66 1072.24 232.34 0.983694
4 877.35 344.99 908.05 380.81 0.983628
4 0.98 0.44 1.00 0.48 0.976818
4 504.42 0.44 504.45 0.48 0.967374
4 504.61 0.27 504.63 0.29 0.957917
4 504.59 0.52 504.64 0.59 0.945507
4 714.46 604.77 760.28 680.25 0.945418
4 1006.11 229.33 1038.66 267.14 0.919096
3 353.20 444.31 422.33 523.10 0.882018
4 504.23 0.77 504.29 0.86 0.881987
4 504.28 0.36 504.30 0.38 0.865442
4 752.17 314.81 785.16 338.85 0.838697
4 504.56 0.31 504.59 0.34 0.795376
4 751.30 284.32 773.38 300.46 0.783071
4 1006.43 248.04 1029.60 267.14 0.768480
6 504.65 0.65 504.75 0.73 0.759208
4 504.56 0.29 504.60 0.34 0.754588
4 938.87 139.16 975.59 155.78 0.742417
6 1120.29 526.96 1175.70 572.15 0.728122
5 504.65 0.65 504.70 0.70 0.718833
4 504.28 0.40 504.31 0.43 0.697508
9 799.19 183.87 856.77 209.33 0.680504
4 504.65 0.62 504.66 0.65 0.667359
5 1088.02 509.58 1132.74 548.83 0.654306
4 504.87 0.71 504.89 0.73 0.641516
4 504.64 0.32 504.66 0.35 0.617271
4 504.96 0.50 505.00 0.54 0.616004
4 0.80 0.77 0.85 0.86 0.585644
4 0.84 0.40 0.87 0.43 0.569931
4 504.27 0.16 504.29 0.17 0.532113
4 1082.06 490.94 1092.88 508.56 0.527039
4 504.49 0.18 504.52 0.20 0.491081
4 0.83 0.16 0.85 0.17 0.429314
4 0.84 0.36 0.87 0.38 0.412095
9 504.33 0.24 504.39 0.26 0.394340
9 0.51 0.21 0.56 0.25 0.371882
9 706.27 145.67 739.12 169.11 0.369985
9 0.89 0.23 0.96 0.27 0.348226
9 0.90 0.24 0.96 0.26 0.339827
4 0.84 0.36 0.89 0.38 0.308997
