4 690.32 337.53 732.86 361.64 0.999381
4 0.43 0.23 0.46 0.26 0.997558
4 383.35 181.82 410.96 203.20 0.996277
4 430.39 232.30 460.08 255.86 0.995570
4 0.48 0.29 0.51 0.32 0.991726
4 504.21 0.43 504.26 0.46 0.989958
5 1250.92 384.46 1332.17 456.08 0.989268
4 482.79 232.84 511.61 252.47 0.955733
4 0.54 0.29 0.57 0.32 0.955630
4 919.34 0.05 1019.29 21.24 0.953676
5 504.83 0.49 504.92 0.58 0.952416
4 1151.43 231.71 1177.87 250.36 0.942136
4 1355.31 168.90 1385.55 195.86 0.938127
4 504.95 0.21 504.98 0.25 0.920580
5 551.34 414.60 594.10 483.14 0.919853
4 1326.36 317.96 1362.40 350.01 0.918312
4 0.77 0.43 0.82 0.46 0.914281
4 441.34 212.40 476.01 239.17 0.904294
4 1009.06 355.48 1076.86 397.02 0.889074
4 504.01 0.28 504.04 0.31 0.867986
4 504.92 0.40 504.96 0.45 0.860946
4 508.50 216.82 543.34 243.05 0.858725
6 1026.83 113.97 1182.71 184.87 0.845087
4 504.72 0.29 504.75 0.32 0.784614
4 425.03 84.83 451.88 106.22 0.765747
4 80.47 18.58 129.92 44.42 0.747698
4 0.49 0.27 0.53 0.30 0.700749
4 1342.51 283.15 1373.08 315.35 0.665967
4 504.98 0.39 505.00 0.42 0.647232
4 936.05 290.81 955.86 303.25 0.627028
4 504.46 -0.00 504.58 0.03 0.618890
4 504.89 0.36 504.92 0.39 0.598820
4 1320.43 267.29 1343.76 285.48 0.592635
4 0.51 0.28 0.53 0.30 0.584357
4 504.86 0.39 504.90 0.43 0.572888
5 504.58 0.45 504.64 0.49 0.571992
4 504.51 0.40 504.52 0.41 0.570445
4 0.57 0.28 0.61 0.31 0.568938
4 504.56 0.45 504.64 0.50 0.563628
4 504.83 0.32 504.85 0.34 0.542561
4 0.08 0.02 0.15 0.06 0.537254
4 504.48 0.37 504.50 0.38 0.495722
4 504.55 0.37 504.61 0.40 0.487082
4 504.91 0.34 504.94 0.36 0.485049
1 504.55 0.38 504.57 0.40 0.433347
4 0.68 0.14 0.70 0.16 0.411581
9 504.00 0.25 504.04 0.31 0.392684
10 0.61 0.53 0.66 0.61 0.384046
9 504.00 0.22 504.04 0.31 0.376241
10 504.05 0.53 504.10 0.61 0.316760
