4 107.16 1015.51 228.46 1077.38 0.998815
4 1334.54 300.78 1426.27 345.06 0.998288
4 1370.58 100.11 1441.18 134.95 0.998280
4 1252.57 389.86 1298.02 463.04 0.996050
4 382.84 74.79 455.63 106.67 0.995318
4 716.60 0.44 716.65 0.52 0.995276
4 1314.46 396.36 1410.24 441.94 0.995275
4 0.43 0.08 0.51 0.12 0.995218
4 1340.00 17.87 1401.70 49.88 0.993389
4 1020.26 0.44 1020.31 0.52 0.992835
4 716.70 0.02 716.76 0.06 0.992044
4 554.70 109.16 581.28 136.50 0.990931
4 1366.39 34.48 1442.44 70.25 0.990365
4 1284.61 467.74 1382.18 516.15 0.989731
4 1096.61 85.59 1160.49 114.95 0.989278
4 1277.89 507.43 1369.12 561.60 0.989210
4 716.69 0.34 716.79 0.38 0.989131
4 716.73 0.11 716.81 0.15 0.988860
4 1020.39 0.11 1020.47 0.15 0.988637
4 716.43 0.09 716.50 0.13 0.988620
5 1020.39 0.04 1020.47 0.08 0.988029
5 437.78 96.23 521.12 157.09 0.987609
4 0.48 0.03 0.53 0.07 0.987345
4 716.60 182.23 716.65 182.31 0.986742
4 1020.26 182.23 1020.31 182.31 0.986042
5 716.73 0.04 716.81 0.08 0.984646
4 427.70 21.30 469.50 59.60 0.984576
4 1020.36 0.02 1020.43 0.06 0.983968
4 1020.35 0.34 1020.45 0.38 0.982468
4 0.12 182.93 0.25 183.00 0.975364
4 716.67 0.44 716.77 0.49 0.974238
4 601.51 72.52 625.46 96.37 0.969928
4 716.64 0.52 716.74 0.58 0.967363
4 790.78 81.72 824.19 107.34 0.966632
4 1331.02 366.01 1399.14 402.61 0.966131
4 716.63 0.57 716.73 0.63 0.958107
4 716.69 182.13 716.79 182.18 0.954571
4 716.63 182.36 716.73 182.43 0.944490
4 1020.33 0.44 1020.44 0.49 0.931975
4 241.80 459.56 281.63 495.39 0.927746
4 716.67 182.24 716.77 182.29 0.927309
4 1020.09 0.10 1020.16 0.13 0.926689
4 1556.29 41.28 1582.16 65.02 0.925742
4 1020.98 0.27 1021.00 0.30 0.925512
3 216.52 769.79 330.95 857.49 0.925064
4 0.27 182.31 0.31 182.35 0.919628
4 1020.35 182.13 1020.45 182.18 0.913567
4 1020.98 182.07 1021.00 182.10 0.906593
4 1020.30 0.52 1020.41 0.58 0.895925
4 1020.29 0.57 1020.39 0.63 0.882050
4 1020.29 182.36 1020.39 182.43 0.870775
4 716.64 182.32 716.75 182.37 0.865239
4 1564.32 6.43 1586.56 30.51 0.854866
4 1020.33 182.24 1020.44 182.29 0.833925
4 1191.82 15.91 1236.62 40.56 0.828432
4 1894.23 240.64 1915.70 270.24 0.826980
4 42.98 872.77 74.29 905.25 0.826715
4 1164.99 86.52 1207.60 111.18 0.798091
4 0.67 0.08 0.70 0.11 0.797121
4 716.08 0.09 716.12 0.12 0.795041
4 367.44 345.40 402.16 378.70 0.781605
4 1020.30 182.32 1020.41 182.37 0.776801
4 1195.73 0.00 1247.77 9.68 0.769294
4 716.69 0.41 716.76 0.45 0.764579
5 0.49 0.11 0.58 0.18 0.753175
3 1211.70 610.60 1266.94 651.23 0.724456
4 1473.82 26.53 1493.26 68.16 0.720860
4 716.69 182.21 716.76 182.25 0.692860
4 1020.35 0.41 1020.42 0.45 0.683819
4 0.41 182.18 0.45 182.22 0.683611
6 1020.00 0.00 1020.07 0.34 0.668949
3 146.29 458.84 175.92 489.12 0.659238
4 1020.97 0.18 1021.00 0.22 0.651319
4 716.96 0.69 717.00 0.74 0.636777
4 1020.35 182.21 1020.42 182.25 0.636234
3 716.02 0.88 716.04 0.93 0.550471
6 1412.54 0.38 1561.94 292.97 0.548919
6 1020.44 182.00 1020.55 182.12 0.536280
4 1020.18 0.02 1020.24 0.05 0.530669
4 1020.17 0.10 1020.21 0.12 0.529128
4 716.94 0.01 716.97 0.03 0.519234
4 716.28 0.36 716.32 0.39 0.518267
4 716.55 0.02 716.58 0.04 0.516371
4 716.52 0.10 716.55 0.12 0.514331
4 1020.93 -0.00 1021.00 0.02 0.503407
4 716.50 0.10 716.55 0.12 0.499353
4 0.05 182.77 0.08 182.81 0.492327
4 716.52 0.02 716.58 0.05 0.491129
3 1020.78 182.00 1020.84 182.04 0.477285
3 716.08 182.63 716.11 182.66 0.457976
4 1020.20 -0.00 1020.25 0.01 0.452756
6 716.96 182.49 717.00 182.53 0.444862
2 716.89 182.60 716.91 182.63 0.441139
2 1020.21 182.75 1020.26 182.80 0.423359
2 1020.21 182.96 1020.24 182.99 0.415643
4 0.88 0.09 0.92 0.12 0.388744
2 716.04 0.65 716.06 0.69 0.388445
4 0.16 0.52 0.20 0.54 0.381854
1 1020.21 0.95 1020.25 1.00 0.379931
4 0.62 0.12 0.65 0.15 0.376969
1 1020.21 0.96 1020.24 1.00 0.372961
4 0.79 182.68 0.81 182.70 0.371113
4 0.79 0.88 0.81 0.90 0.361306
1 1020.13 0.60 1020.15 0.63 0.344944
2 0.34 0.29 0.37 0.34 0.338160
2 716.00 182.65 716.05 182.76 0.334975
3 0.26 182.65 0.37 182.75 0.324507
3 0.24 0.85 0.37 0.96 0.293001
2 0.86 0.60 0.89 0.65 0.285732
2 0.86 182.40 0.89 182.45 0.281488
2 0.83 182.45 0.86 182.50 0.274511
2 0.78 182.65 0.85 182.74 0.272212
2 0.37 0.28 0.39 0.31 0.263524
