4 975.58 298.85 1122.20 382.66 0.999713
4 888.23 401.08 966.07 507.50 0.999515
4 776.87 364.51 850.64 474.38 0.999283
4 785.89 505.56 866.89 647.17 0.999264
4 887.42 159.41 995.14 214.16 0.999226
3 1195.34 573.50 1259.58 612.06 0.999206
4 47.53 402.74 182.03 543.93 0.999131
4 1058.70 180.51 1165.71 229.73 0.998951
4 1028.86 220.59 1130.40 289.15 0.998713
4 0.05 0.45 0.20 0.61 0.997853
4 0.88 154.39 0.97 154.55 0.997764
4 0.05 154.28 0.20 154.43 0.997402
4 234.80 207.33 317.37 290.23 0.997387
4 915.14 23.20 1001.50 60.48 0.997356
4 888.19 99.61 995.92 156.11 0.996745
4 504.31 154.39 504.40 154.55 0.996722
4 504.43 0.45 504.52 0.57 0.996383
4 1114.26 146.79 1208.30 192.24 0.996370
4 1058.76 28.58 1169.03 83.17 0.995971
4 504.31 0.56 504.40 0.72 0.995763
4 504.43 154.28 504.52 154.40 0.995286
4 0.88 0.56 0.97 0.72 0.995192
4 504.30 154.24 504.39 154.36 0.994428
4 980.72 435.15 1073.53 560.22 0.994250
4 0.87 154.23 0.95 154.36 0.994083
4 504.30 0.41 504.39 0.53 0.994006
4 0.26 0.23 0.35 0.32 0.993759
4 504.53 154.16 504.69 154.26 0.993473
4 1083.85 486.41 1202.84 645.44 0.993431
4 0.26 154.06 0.36 154.15 0.992754
4 1006.74 147.08 1098.01 196.83 0.992536
4 1102.86 802.15 1234.31 1049.39 0.992437
4 0.91 154.82 1.00 155.00 0.992321
4 1023.71 20.75 1101.72 59.70 0.990692
4 0.88 154.57 1.00 154.78 0.990029
4 153.44 287.18 253.52 385.53 0.989635
4 0.17 154.14 0.28 154.26 0.988690
5 504.58 154.07 504.70 154.15 0.988230
4 0.88 0.74 1.00 0.95 0.987498
4 504.53 0.33 504.69 0.43 0.987329
3 504.77 154.47 504.84 154.51 0.987295
4 504.43 154.01 504.55 154.07 0.987185
4 0.87 0.41 0.95 0.53 0.985904
4 1011.13 3.06 1092.35 34.77 0.985024
4 1201.49 0.21 1256.19 48.35 0.984586
3 504.77 0.64 504.84 0.68 0.979131
4 1.61 19.73 85.07 55.00 0.978864
4 504.43 0.18 504.55 0.24 0.978859
4 967.52 804.15 1086.60 1049.07 0.976989
4 832.13 137.11 902.05 171.93 0.975878
4 0.17 0.32 0.28 0.43 0.974794
4 504.53 0.49 504.64 0.62 0.974151
4 504.58 0.25 504.70 0.32 0.970768
4 818.67 888.47 934.61 1049.13 0.967078
4 504.62 154.03 504.74 154.08 0.966868
4 504.62 0.20 504.74 0.26 0.965196
4 1033.27 562.62 1143.37 730.38 0.965132
4 1300.88 0.10 1379.15 38.69 0.960913
1 0.29 154.01 0.31 154.06 0.952574
1 256.72 108.57 275.16 145.81 0.947102
4 95.37 23.52 203.99 59.26 0.942746
1 263.55 166.39 282.83 208.70 0.937625
4 504.66 0.90 504.81 1.00 0.936721
4 1132.58 20.26 1203.74 59.61 0.935267
4 504.56 154.00 504.66 154.05 0.929076
4 504.65 0.54 504.78 0.72 0.922731
4 504.46 0.03 504.56 0.07 0.917502
4 1129.35 0.86 1198.67 33.34 0.913182
4 504.59 0.63 504.71 0.82 0.910983
4 504.53 154.31 504.64 154.45 0.910811
3 0.32 642.27 50.72 734.94 0.907875
4 789.34 664.08 952.96 850.90 0.884177
4 504.78 0.00 504.84 0.06 0.879180
4 546.02 1.36 588.62 52.95 0.872485
1 1015.99 24.12 1032.77 59.90 0.859694
4 504.52 0.90 504.65 1.00 0.847913
4 504.67 154.72 504.81 155.00 0.844495
4 1253.65 0.26 1280.43 34.29 0.815054
4 504.68 0.16 504.79 0.22 0.798537
3 734.42 294.48 782.64 325.91 0.798247
4 1007.70 146.44 1065.25 171.42 0.791463
4 504.65 154.37 504.78 154.55 0.764099
4 504.84 0.00 504.87 0.04 0.757152
1 504.57 0.03 504.59 0.07 0.756234
4 504.56 0.16 504.66 0.22 0.737854
4 504.43 0.11 504.55 0.17 0.737556
1 1218.16 30.95 1236.31 68.12 0.733997
4 504.32 0.74 504.44 0.95 0.711684
4 504.61 0.03 504.74 0.09 0.705002
4 186.53 0.30 242.43 21.66 0.700801
4 504.73 0.03 504.78 0.07 0.681583
4 504.68 154.00 504.78 154.04 0.679997
4 504.56 0.18 504.66 0.22 0.660359
4 504.32 0.74 504.50 0.95 0.633776
4 504.32 154.41 504.71 154.78 0.627433
4 504.59 154.46 504.71 154.64 0.601096
3 504.26 0.33 504.31 0.36 0.595153
4 504.56 0.00 504.66 0.04 0.584789
4 504.57 0.02 504.66 0.07 0.569554
4 504.32 0.60 504.71 0.95 0.566948
4 504.70 0.00 504.77 0.04 0.564210
3 118.56 57.91 150.55 93.73 0.563187
4 504.55 154.45 504.71 154.65 0.540774
4 504.89 0.00 504.98 0.04 0.538723
4 0.61 0.00 0.66 0.06 0.524415
4 504.92 0.00 504.99 0.05 0.522656
4 504.32 154.57 504.44 154.78 0.514405
1 504.80 0.04 504.82 0.08 0.503867
4 504.35 154.72 504.89 155.00 0.502184
3 504.56 0.05 504.58 0.07 0.491743
4 0.15 154.00 0.26 154.10 0.479661
4 504.56 0.16 504.64 0.19 0.464978
4 504.88 0.00 505.00 0.05 0.464180
3 504.85 0.57 504.90 0.61 0.456316
4 504.56 0.16 504.66 0.20 0.450885
3 504.56 0.05 504.61 0.07 0.442371
4 0.00 0.02 0.09 0.06 0.414323
1 0.28 0.12 0.31 0.16 0.396608
4 0.11 0.00 0.23 0.07 0.394308
1 504.95 154.47 504.99 154.54 0.389949
4 0.00 0.00 0.09 0.06 0.384815
4 0.21 0.00 0.27 0.02 0.338646
1 0.29 0.19 0.31 0.23 0.319337
4 0.11 0.02 0.22 0.07 0.314119
3 0.82 0.33 0.87 0.36 0.282468
10 504.52 154.73 504.65 155.00 0.224089
