4 1221.72 173.59 1324.50 216.17 0.982216
4 1276.08 193.40 1359.52 233.39 0.980812
4 1243.79 241.79 1310.14 313.35 0.968632
4 1170.85 160.40 1257.42 199.33 0.968041
4 1128.90 146.50 1199.41 184.30 0.956946
4 969.69 108.52 1033.57 140.04 0.956288
4 832.60 148.73 889.17 186.86 0.954525
4 943.99 168.78 1004.26 217.48 0.953730
4 1167.62 240.62 1225.32 298.60 0.953655
4 696.62 63.20 734.50 87.56 0.951922
4 874.86 150.74 939.21 198.20 0.948618
4 614.50 67.94 657.67 92.61 0.945635
4 1094.25 140.92 1147.46 173.69 0.940253
4 562.96 154.79 657.14 197.49 0.937489
4 788.64 135.76 853.57 177.08 0.931229
4 1015.46 119.09 1078.82 147.65 0.929356
1 714.96 495.12 752.79 564.75 0.926197
4 488.44 77.44 527.28 100.93 0.923931
4 1055.09 129.71 1121.82 163.50 0.921674
4 908.49 94.68 962.60 124.41 0.921409
4 797.16 76.41 857.53 103.52 0.921182
4 673.27 11.91 707.14 30.80 0.921087
4 525.13 147.46 608.12 185.18 0.913786
4 1032.89 195.57 1088.67 244.57 0.913492
4 610.81 169.10 691.10 208.12 0.905995
4 787.69 63.69 817.83 87.86 0.905583
4 802.60 105.31 858.77 145.80 0.904274
1 359.84 710.46 389.07 764.34 0.902964
4 849.67 37.03 902.90 60.70 0.900733
4 703.49 118.62 765.17 156.17 0.891582
4 748.07 61.84 782.62 85.96 0.887057
4 499.67 136.23 575.55 171.08 0.878918
4 523.49 72.92 564.34 97.04 0.875469
4 635.32 180.76 723.38 223.16 0.873965
4 765.27 109.79 816.47 139.00 0.866645
4 659.57 68.90 707.79 93.73 0.862955
4 644.94 93.23 700.20 121.55 0.852594
4 721.75 99.20 780.39 127.63 0.852055
4 557.79 96.15 629.68 125.96 0.847576
4 569.35 66.91 619.92 95.54 0.837780
4 668.50 99.09 734.55 127.47 0.836736
4 742.11 131.33 798.77 166.23 0.836025
4 651.46 119.02 714.63 151.29 0.829511
4 785.41 2.41 819.26 17.65 0.821551
1 912.47 272.23 926.00 319.83 0.804749
1 619.09 587.01 643.80 660.69 0.787502
4 356.05 96.64 397.91 118.19 0.770838
4 440.47 78.65 509.31 109.40 0.751974
5 1083.26 193.16 1150.53 264.84 0.749519
1 617.77 563.81 639.48 637.83 0.748096
1 531.20 180.99 543.78 218.45 0.724759
4 1003.38 56.58 1017.42 67.60 0.720258
1 685.95 412.38 710.56 460.47 0.686637
5 363.82 103.84 409.01 141.76 0.636487
2 420.53 161.70 434.28 196.76 0.602924
2 414.72 170.32 423.85 195.84 0.567942
2 912.32 272.22 925.20 319.32 0.558361
2 249.67 131.59 261.53 163.69 0.531063
7 942.82 507.11 1007.94 582.95 0.529355
2 805.83 339.50 827.00 384.33 0.526725
2 857.02 223.00 870.58 252.13 0.525619
2 848.73 345.78 869.42 393.37 0.501013
2 746.49 357.98 769.39 405.30 0.500244
3 888.22 107.10 903.03 128.38 0.499451
2 798.20 365.20 818.33 418.27 0.489511
2 831.63 251.24 853.11 296.23 0.488424
2 817.45 372.75 839.31 428.25 0.475712
2 807.25 252.71 820.61 290.42 0.473390
7 841.01 554.82 903.76 643.31 0.445527
5 438.79 102.43 483.41 136.71 0.439082
2 785.95 206.15 804.79 244.12 0.436279
2 601.04 107.23 637.95 150.00 0.412318
10 685.00 661.38 759.42 760.00 0.408518
4 1082.85 191.77 1151.40 265.76 0.392880
2 693.99 207.05 886.50 295.13 0.382144
3 626.76 208.28 650.97 232.65 0.365954
10 840.26 553.34 905.26 644.04 0.357020
2 783.37 381.98 801.05 434.92 0.350367
10 751.25 599.33 818.91 690.60 0.328524
1 708.56 352.88 723.38 406.35 0.314502
7 848.89 35.40 903.87 61.37 0.313973
1 707.35 351.96 724.02 406.78 0.313897
1 911.27 271.79 926.72 320.02 0.312659
1 461.37 168.10 474.34 205.90 0.312324
1 848.12 345.02 869.75 393.59 0.309016
1 625.45 199.47 652.88 232.76 0.297523
1 460.22 167.41 475.72 206.25 0.292126
10 362.02 100.67 409.53 141.81 0.278171
10 834.00 547.05 913.46 652.51 0.276346
7 438.10 94.22 510.30 137.77 0.275365
3 256.48 106.38 292.87 131.38 0.274245
2 682.52 338.07 877.00 463.57 0.266807
5 438.89 94.65 509.82 137.04 0.263874
2 702.90 337.87 876.21 439.98 0.259494
1 530.60 179.99 544.74 219.03 0.258263
1 782.64 381.59 801.61 435.01 0.249100
7 835.90 673.63 899.28 709.43 0.246304
1 248.54 130.93 262.53 164.13 0.246270
1 445.04 418.58 532.07 485.91 0.237245
1 420.15 161.21 435.61 197.21 0.226773
1 598.48 108.14 639.10 150.87 0.222088
4 556.86 94.71 632.21 126.52 0.220201
3 67.12 335.64 131.33 392.07 0.217079
3 825.80 237.39 881.13 282.73 0.212896
4 747.55 60.43 783.37 86.96 0.210695
2 871.28 221.23 886.23 255.31 0.209133
1 390.58 139.35 405.24 174.43 0.207070
4 523.26 71.58 564.69 98.04 0.205992
3 942.52 533.73 1005.31 583.28 0.204549
1 856.56 222.16 871.46 252.07 0.203095
1 358.61 155.65 373.75 190.94 0.202244
1 785.70 205.71 804.93 243.36 0.199729
1 871.20 220.53 886.86 254.63 0.199434
1 975.59 587.59 1013.60 629.62 0.197393
1 806.83 251.11 821.68 291.17 0.197337
1 743.29 282.24 758.05 314.72 0.195533
3 887.37 105.90 903.83 128.71 0.194486
1 329.27 144.46 343.03 176.22 0.193956
2 391.10 140.69 404.65 174.26 0.191910
4 784.62 1.54 819.84 18.11 0.191266
3 305.09 134.05 331.42 167.22 0.190684
2 359.27 156.67 372.97 190.70 0.189667
4 439.49 78.02 510.22 113.30 0.189628
4 437.97 101.03 483.03 137.30 0.187315
10 846.72 553.60 902.66 595.96 0.186414
4 672.48 9.67 708.37 31.97 0.185305
4 642.43 -0.11 671.00 4.28 0.184778
3 621.11 194.16 656.98 235.84 0.182501
2 744.05 283.27 757.07 314.64 0.182032
1 413.74 169.66 424.34 196.43 0.179209
5 1071.96 179.87 1162.42 279.16 0.172812
6 821.91 536.26 929.51 670.15 0.172072
4 696.56 61.76 735.31 88.41 0.169805
1 232.21 372.31 282.19 421.76 0.166746
10 684.36 598.55 820.46 759.79 0.166015
1 317.67 383.93 342.22 413.08 0.165431
4 1237.61 233.22 1318.11 320.55 0.163677
1 1037.43 143.04 1050.83 174.36 0.162454
1 251.28 372.49 281.89 417.62 0.162213
1 775.05 630.77 799.27 668.67 0.161799
1 512.99 438.61 531.33 483.18 0.161497
1 1050.85 137.74 1065.43 176.99 0.160401
1 1051.83 144.00 1065.10 176.67 0.160260
4 786.55 62.15 819.61 89.19 0.160181
10 934.15 497.30 1019.10 597.38 0.159850
1 5.40 40.57 21.53 68.15 0.159038
3 189.13 40.59 204.87 57.32 0.156288
1 941.74 505.65 1009.15 584.30 0.155395
7 67.40 336.45 129.15 380.80 0.154270
1 625.67 110.17 638.87 141.99 0.154141
7 2.92 151.77 220.30 254.88 0.154112
1 600.92 119.52 613.52 149.50 0.153941
2 549.78 0.42 663.90 38.23 0.153360
1 346.42 135.47 360.95 165.97 0.153235
3 124.45 105.51 158.98 138.45 0.152869
7 19.17 302.48 78.80 348.14 0.152616
10 289.26 116.19 358.06 139.78 0.151928
1 870.57 220.25 886.81 268.27 0.150994
1 883.09 91.43 903.28 127.79 0.149970
10 840.98 582.40 902.81 642.26 0.149620
2 684.72 203.51 917.77 452.22 0.148923
7 644.52 93.28 859.46 179.53 0.148620
1 883.33 92.61 894.97 123.52 0.148078
1 216.80 32.13 229.61 55.85 0.147895
1 157.60 131.90 205.70 172.16 0.147750
3 295.13 296.04 377.60 355.97 0.146399
2 599.13 112.85 631.15 150.82 0.144919
10 690.46 661.49 756.50 713.92 0.144306
2 1.85 29.50 235.15 70.91 0.144211
1 694.02 217.45 709.93 252.31 0.143804
6 751.02 599.07 819.17 690.59 0.143365
10 949.71 506.42 1007.41 544.19 0.142332
10 357.71 96.69 411.32 143.84 0.140752
1 628.84 195.62 649.27 229.75 0.140284
2 692.43 206.91 814.99 290.50 0.139859
1 553.51 15.27 566.22 35.55 0.138279
2 744.57 338.84 872.82 436.04 0.137916
1 615.77 562.40 645.57 660.59 0.137590
1 480.38 107.31 496.76 137.20 0.137368
1 744.77 210.74 759.55 236.38 0.137259
7 148.84 421.37 265.36 516.44 0.137126
7 415.20 91.14 511.24 139.77 0.136895
10 289.07 115.63 359.30 166.81 0.135410
3 231.01 380.82 270.62 443.04 0.135213
3 265.19 113.52 289.32 134.16 0.135073
7 0.78 451.61 129.94 599.69 0.134672
3 404.64 25.05 424.64 42.43 0.134274
1 205.99 191.74 220.38 216.94 0.133561
2 692.59 206.68 809.27 268.69 0.133124
2 586.42 0.09 610.46 23.37 0.131152
1 204.05 31.24 216.52 56.08 0.131025
3 717.67 296.35 774.21 356.21 0.129794
1 706.09 218.51 721.54 258.89 0.129363
6 567.09 60.50 736.12 97.48 0.127906
10 289.57 115.74 358.27 158.71 0.127366
1 295.36 102.88 309.71 122.68 0.126932
1 783.60 69.52 799.05 106.61 0.126627
1 309.86 331.36 335.18 380.36 0.126361
6 567.80 63.52 658.17 96.61 0.126024
3 231.72 383.50 266.77 427.90 0.125952
1 1030.38 137.30 1041.68 165.05 0.124935
1 744.32 211.12 760.78 250.11 0.124480
2 1028.34 131.02 1066.84 177.97 0.124307
3 3.07 94.21 70.26 129.12 0.124130
1 73.76 37.18 87.02 59.79 0.123739
1 779.11 227.62 797.26 280.80 0.123679
7 18.69 272.21 115.08 348.34 0.123542
1 645.07 4.38 654.35 23.17 0.123091
3 625.73 206.09 652.30 232.87 0.122684
3 704.04 257.26 794.92 303.38 0.122202
10 516.92 0.64 538.52 15.23 0.121705
3 136.33 42.50 178.31 62.79 0.121320
1 806.84 235.32 821.76 260.00 0.120897
7 47.20 94.47 69.52 124.97 0.120831
4 935.46 157.60 1014.00 228.64 0.120748
2 289.04 119.35 482.21 213.50 0.120252
1 638.06 3.73 646.80 23.27 0.119857
10 329.01 92.48 410.95 143.11 0.119287
1 821.09 22.82 830.57 43.34 0.119200
2 693.90 211.27 787.27 268.11 0.118710
1 413.15 363.01 446.46 417.01 0.117507
10 435.82 77.78 513.09 137.12 0.116602
1 188.47 427.55 217.28 484.91 0.116569
1 820.81 22.74 831.88 54.08 0.115073
1 742.40 281.65 759.36 330.69 0.114423
3 231.68 381.33 267.55 426.47 0.114359
1 181.56 131.24 197.10 167.48 0.114072
6 727.64 588.23 837.89 709.79 0.114030
1 618.38 562.94 638.11 599.29 0.113925
3 410.14 105.03 442.74 143.79 0.113900
1 889.48 94.45 903.51 127.63 0.111978
1 598.74 0.65 609.27 22.62 0.111643
1 765.65 71.83 782.38 101.05 0.110653
6 749.99 60.95 859.56 105.74 0.110386
1 60.24 36.65 88.50 61.03 0.110242
3 721.30 238.14 768.84 269.34 0.110109
3 734.49 243.88 767.66 268.26 0.108625
3 413.04 105.45 441.43 132.60 0.108450
2 760.23 69.16 800.71 106.78 0.108411
3 126.64 112.59 158.44 138.71 0.107325
1 526.84 176.03 549.04 221.69 0.106876
3 481.80 110.52 509.99 138.09 0.106704
2 690.48 207.34 890.48 451.65 0.106580
3 2.77 103.68 42.61 128.53 0.106142
6 841.45 27.42 913.78 68.57 0.105764
1 183.29 131.34 196.11 148.10 0.105544
1 333.76 96.70 347.17 118.97 0.105016
1 189.38 29.91 230.82 58.38 0.104992
1 771.33 72.04 784.39 100.53 0.104782
1 587.69 0.04 598.96 20.71 0.103644
1 723.58 263.48 739.27 297.60 0.103496
1 727.94 224.76 746.80 262.39 0.101873
1 613.47 115.09 627.65 147.92 0.101838
1 569.45 16.65 579.11 34.86 0.101334
4 849.10 35.38 903.90 61.38 0.100287
1 746.36 357.29 769.48 405.38 0.054039
1 805.50 339.28 826.50 384.71 0.046965
1 296.42 132.04 308.26 160.12 0.045437
1 779.52 228.72 795.25 259.46 0.043364
1 762.77 221.42 777.47 262.96 0.041627
1 832.51 252.32 853.23 296.72 0.037368
1 798.20 365.20 818.33 418.27 0.037014
7 569.35 66.91 619.92 95.54 0.034543
1 817.72 373.29 839.45 428.60 0.033518
