4 1174.19 1064.76 1589.74 1360.82 0.998999
4 327.04 250.30 454.75 370.27 0.996355
4 73.67 502.01 319.90 658.74 0.995144
4 363.80 695.81 648.97 889.91 0.993465
4 37.23 165.14 149.26 276.76 0.992244
4 100.20 51.07 286.63 163.36 0.991192
4 1595.35 708.03 1866.98 977.56 0.986190
4 175.48 201.36 295.56 325.08 0.984869
4 1089.90 521.03 1303.81 749.81 0.982438
4 1885.70 818.25 1999.54 978.20 0.977711
4 258.43 831.54 578.31 1054.55 0.974628
4 785.48 396.98 1062.45 568.71 0.947610
4 531.14 310.70 751.85 448.48 0.942264
4 410.54 403.72 640.76 553.01 0.928584
4 1376.09 665.71 1651.56 961.67 0.880295
4 18.88 0.33 208.32 101.69 0.863279
1 1522.84 548.87 1577.50 639.23 0.837214
1 961.29 300.30 994.23 387.36 0.773985
4 1376.85 665.95 1553.45 770.55 0.768742
1 1000.91 257.21 1027.78 324.85 0.754883
4 554.77 36.80 633.64 94.00 0.671113
3 1358.29 371.31 1395.43 415.41 0.622111
3 0.17 0.34 69.37 39.06 0.576319
7 1231.61 326.56 1322.14 394.95 0.567544
3 943.78 385.57 1021.69 460.39 0.551402
3 1018.40 277.03 1087.81 346.50 0.535230
3 1847.27 682.30 1964.26 793.32 0.520821
3 1017.56 296.49 1051.97 346.40 0.519333
2 1459.27 353.77 1512.20 447.82 0.517458
3 1915.85 514.77 1965.78 578.45 0.509474
3 1471.66 590.24 1568.21 676.08 0.508812
3 1269.65 546.61 1332.65 590.81 0.506539
7 453.09 84.38 521.79 144.81 0.505876
1 1670.00 666.55 1718.00 733.16 0.501242
3 1471.17 591.40 1530.98 654.94 0.499560
3 1149.10 308.69 1211.49 373.53 0.498877
7 410.40 402.72 641.77 553.00 0.492395
3 547.02 65.65 619.78 123.75 0.452876
3 1411.91 350.07 1470.55 403.71 0.452228
1 959.90 298.71 996.87 388.37 0.450198
10 1685.19 302.64 1962.62 550.88 0.448939
3 451.84 82.78 553.04 145.04 0.440884
7 1089.93 518.35 1304.07 749.53 0.432898
3 746.65 135.14 821.17 195.10 0.407770
3 1232.81 325.34 1322.57 395.35 0.370364
7 783.33 393.58 1063.29 570.26 0.363410
3 1356.68 369.09 1395.58 416.40 0.359472
1 1664.49 665.32 1719.15 732.99 0.359393
7 1374.26 664.07 1652.95 963.83 0.337814
1 1000.06 255.84 1029.31 324.60 0.336506
3 1811.66 676.87 1964.74 795.07 0.311995
7 17.80 0.76 209.90 101.94 0.296810
1 528.58 761.80 591.65 820.64 0.291603
3 448.31 78.19 553.64 147.15 0.288893
7 252.96 688.01 656.56 1062.95 0.279691
10 1408.83 293.40 1510.29 405.96 0.279486
7 1595.63 707.49 1867.40 980.05 0.275421
4 1399.47 709.55 1651.69 961.28 0.275150
2 941.57 248.70 1082.42 458.07 0.274322
1 1153.14 307.74 1200.47 359.15 0.274134
1 1534.70 339.26 1565.63 385.75 0.269352
1 1521.10 548.46 1578.10 672.35 0.268992
1 1022.51 136.60 1049.36 220.00 0.267176
1 1872.63 678.56 1937.98 748.69 0.265914
1 1459.44 353.10 1512.95 447.49 0.260196
1 970.31 145.76 999.46 224.39 0.258046
3 451.84 82.28 521.47 144.93 0.254051
1 1813.44 675.70 1965.17 795.62 0.250805
3 1808.68 628.58 1996.34 796.91 0.250304
2 1431.14 332.19 1569.76 452.63 0.248818
2 953.66 248.66 1084.12 391.50 0.248446
3 1015.41 291.65 1053.15 346.19 0.247458
2 997.84 250.80 1087.84 347.53 0.241306
1 1468.54 543.97 1582.99 678.31 0.236870
10 385.49 374.84 677.82 584.43 0.235256
7 1369.81 659.28 1870.78 984.17 0.233654
1 1866.25 411.86 1900.07 472.61 0.233130
3 535.87 44.52 634.67 125.99 0.229916
4 1136.09 1002.67 1635.28 1391.41 0.224896
1 549.33 44.36 598.80 112.30 0.224452
2 1461.39 355.37 1512.02 423.33 0.221098
3 932.83 373.82 1034.69 471.98 0.214754
1 1546.46 341.01 1567.14 384.95 0.214389
1 1916.81 513.48 1966.14 578.25 0.213406
1 1607.69 364.90 1634.71 444.54 0.209443
3 1349.90 361.79 1403.23 424.07 0.207732
1 1809.35 729.19 1865.69 793.62 0.206582
3 542.21 63.91 617.96 122.51 0.204689
1 1811.52 729.60 1845.95 769.36 0.203391
1 1532.54 337.68 1567.69 386.10 0.201197
3 1886.48 688.83 1964.63 793.44 0.199492
7 1870.47 469.40 1995.19 576.99 0.198308
6 1685.17 302.65 1962.59 550.97 0.198046
2 1874.92 679.81 1937.28 740.15 0.196832
3 1504.95 610.91 1574.60 680.83 0.195507
1 1119.12 222.88 1151.45 284.62 0.194611
1 1023.13 140.45 1048.73 219.94 0.192492
3 1435.05 394.22 1466.47 430.72 0.192275
1 1205.25 260.13 1245.28 333.35 0.191133
3 981.09 400.14 1022.61 459.89 0.189681
3 1136.48 294.09 1225.20 384.29 0.189276
2 1155.58 307.98 1202.62 356.77 0.188841
4 1596.35 708.07 1746.30 810.17 0.187727
3 1915.59 533.90 1960.63 578.82 0.187105
7 1591.65 673.15 1868.39 981.42 0.187039
1 1761.51 380.09 1796.79 442.55 0.186075
3 536.14 62.88 641.31 127.84 0.185583
3 1217.30 303.30 1342.57 416.41 0.185480
1 551.47 763.23 591.28 814.81 0.183094
3 944.10 387.32 979.11 438.92 0.182933
2 1867.11 412.23 1900.08 472.98 0.181931
1 1258.64 319.62 1290.55 365.06 0.181493
1 1875.22 679.24 1914.38 735.36 0.180678
3 1527.67 624.53 1574.02 681.47 0.180050
3 983.75 401.70 1021.85 459.69 0.180013
1 1604.95 663.19 1717.76 734.08 0.175057
1 557.91 763.15 589.76 802.90 0.173614
1 536.16 456.42 593.85 505.57 0.172565
1 942.67 387.31 980.29 439.90 0.172351
1 1432.98 349.31 1516.82 452.58 0.171670
2 949.24 244.10 1574.10 462.58 0.168753
1 1873.46 677.89 1958.63 746.22 0.163485
1 1788.80 726.43 1865.50 796.95 0.162377
10 1873.98 626.56 1997.53 694.17 0.161560
10 1866.80 464.18 1994.74 580.12 0.161362
1 1434.65 393.59 1466.15 430.61 0.161290
3 1525.20 620.61 1574.89 680.16 0.158969
1 1000.35 147.14 1030.69 219.23 0.158935
1 1849.46 677.80 1930.83 786.40 0.157111
3 1911.04 499.90 1986.17 582.32 0.155159
1 1907.84 686.44 1941.30 741.63 0.153598
3 1147.73 326.32 1206.15 373.67 0.152762
10 1409.68 294.39 1471.17 403.07 0.152318
3 1023.81 256.21 1089.35 326.95 0.151899
1 1913.65 440.95 1976.34 505.87 0.150386
3 1234.90 352.16 1284.14 396.18 0.149371
1 1332.84 265.88 1359.51 315.93 0.148539
1 1791.57 726.48 1849.13 772.68 0.147857
1 1482.71 354.08 1511.09 386.73 0.146572
4 59.82 468.77 352.66 690.05 0.146532
1 1518.45 567.23 1537.59 607.65 0.145129
1 1177.91 306.92 1204.63 350.03 0.144177
4 343.90 668.17 677.94 922.03 0.144022
2 947.56 237.38 1645.38 508.10 0.143619
1 1517.43 566.11 1541.11 636.81 0.142332
7 1373.91 664.38 1553.04 771.90 0.142256
3 430.03 63.36 571.77 162.08 0.139806
2 1467.38 544.30 1585.16 682.01 0.139730
2 966.58 136.07 1056.19 227.30 0.139077
3 444.59 43.46 623.55 148.59 0.138726
10 1814.47 458.59 1891.97 541.12 0.137237
2 919.30 229.16 1125.42 479.77 0.136733
10 1832.30 345.73 1997.57 577.09 0.136685
3 1411.57 352.96 1472.52 405.15 0.135554
10 1832.06 463.65 1993.82 581.46 0.134442
1 1273.15 334.65 1304.97 383.24 0.133981
1 1732.46 356.15 1765.01 391.47 0.132912
4 1170.84 1039.57 1594.84 1364.31 0.132258
1 968.12 146.92 989.61 223.92 0.131253
3 1048.02 285.43 1089.00 327.61 0.131097
1 1760.54 374.27 1815.80 443.98 0.130802
4 763.36 365.83 1090.68 605.05 0.130543
7 69.04 488.49 658.77 1065.20 0.130469
4 311.10 230.35 475.25 387.22 0.130303
1 1605.33 360.62 1647.36 450.78 0.129865
10 1231.75 319.23 1293.60 369.34 0.129525
2 1455.51 527.57 1608.53 699.38 0.128562
2 30.72 9.78 1984.91 1369.90 0.128006
1 200.95 561.32 239.52 596.90 0.127439
1 1015.67 254.84 1040.60 320.83 0.127400
7 29.41 10.83 306.33 333.26 0.126350
6 404.41 305.20 757.17 555.19 0.126211
3 999.52 254.24 1053.24 344.75 0.125619
10 437.62 47.08 556.72 150.56 0.124292
1 1178.53 306.51 1205.01 344.16 0.124263
6 19.69 4.35 305.07 175.64 0.123728
10 1809.77 680.14 1924.25 794.80 0.122589
6 408.97 400.19 642.15 553.48 0.122539
4 510.41 280.24 784.18 477.50 0.121269
6 1868.66 473.86 1954.89 562.34 0.121099
10 1815.67 332.04 1979.90 546.53 0.120458
1 1261.79 330.39 1308.26 383.41 0.116125
3 453.02 102.91 512.09 145.65 0.115980
10 1900.74 389.79 1997.47 494.94 0.114876
3 1843.48 721.65 1918.41 793.41 0.114527
10 1595.07 663.84 1714.00 808.04 0.114054
10 1830.45 328.68 1965.49 550.55 0.113647
3 426.92 64.61 581.06 168.18 0.111937
1 1498.06 343.57 1527.13 406.19 0.111199
1 1804.56 725.24 1915.84 794.42 0.110720
6 1811.13 692.52 1870.45 764.73 0.110446
10 1831.79 386.12 1998.19 575.57 0.110186
2 898.38 131.83 1069.71 266.17 0.109923
1 903.44 223.17 935.27 262.28 0.109821
1 1507.12 339.28 1534.61 387.99 0.109561
4 1071.63 975.61 1725.29 1417.73 0.107335
1 1535.23 548.23 1559.42 583.27 0.107307
10 1276.44 330.76 1321.97 385.43 0.107093
1 1192.07 223.90 1220.43 295.99 0.105812
10 585.29 66.41 641.76 126.90 0.104012
1 1460.38 405.26 1490.90 451.41 0.103924
1 1816.43 402.53 1851.69 453.34 0.103613
2 955.70 253.40 1035.92 390.57 0.103363
1 225.06 541.96 271.89 589.93 0.102264
1 442.72 44.97 492.22 113.12 0.102105
2 941.61 244.81 1328.85 452.48 0.101575
1 1129.69 224.45 1152.53 282.29 0.101425
10 1145.79 263.22 1246.34 374.60 0.101331
1 1972.45 428.38 1999.56 495.56 0.101251
10 1188.72 296.96 1229.75 345.71 0.101234
4 222.52 801.44 616.92 1093.11 0.100775
1 1932.72 513.65 1965.98 553.44 0.100475
1 901.19 214.64 953.02 263.25 0.100151
1 1531.29 340.82 1550.33 380.58 0.046400
1 1869.90 491.93 1901.94 556.00 0.040948
1 1461.38 355.31 1512.10 423.89 0.033436
1 1149.08 310.10 1211.70 373.34 0.031143
