4 1144.62 330.33 1184.26 352.93 0.955687
4 1109.34 313.16 1143.47 333.55 0.954930
4 985.27 254.57 1009.97 269.46 0.944085
4 1012.13 267.85 1043.79 286.74 0.936751
4 844.36 187.86 865.89 200.87 0.912985
4 954.98 241.21 984.84 258.44 0.898448
4 1195.36 351.05 1230.38 372.86 0.764426
4 1079.27 363.81 1097.32 377.11 0.700335
4 732.69 134.21 752.62 147.14 0.675529
4 1056.55 362.76 1073.54 375.14 0.662844
4 1002.52 209.44 1017.56 220.54 0.662706
4 913.71 240.42 929.14 253.35 0.657517
4 1137.27 260.87 1150.97 272.89 0.631060
4 1245.23 244.07 1269.54 264.51 0.602854
4 913.61 219.21 932.38 233.39 0.602534
4 894.01 216.63 911.66 230.75 0.553401
4 967.25 230.17 985.07 238.93 0.552648
4 909.37 296.85 923.93 309.15 0.544275
4 872.75 198.11 885.77 208.39 0.534379
4 1060.81 349.62 1077.92 362.64 0.497526
6 688.00 137.97 723.96 155.32 0.495066
4 923.90 256.91 950.33 273.78 0.493827
10 340.67 254.76 410.50 330.82 0.479861
2 793.36 154.96 1227.13 431.41 0.469362
4 1126.73 408.93 1140.90 424.06 0.438098
4 1077.23 380.95 1099.97 392.06 0.435687
2 886.26 213.05 1225.54 429.67 0.415311
6 0.36 84.40 278.75 288.64 0.403641
7 1105.12 307.30 1187.80 359.12 0.393852
10 1.10 83.02 280.04 289.11 0.303350
7 952.73 235.46 1045.65 291.41 0.299193
7 1143.97 328.43 1185.65 355.12 0.245151
10 343.11 255.27 406.42 298.41 0.228596
4 843.16 185.32 867.60 202.07 0.211092
10 317.56 252.77 438.56 349.58 0.205330
4 955.31 239.85 985.96 259.58 0.203427
4 984.59 252.55 1011.25 270.85 0.200451
4 980.56 321.47 994.82 332.01 0.196563
4 1164.46 339.10 1183.84 352.22 0.196220
4 792.15 161.39 812.24 174.70 0.192623
7 1089.44 297.39 1189.63 364.41 0.190999
7 1010.96 265.95 1044.79 288.26 0.190821
4 779.54 120.84 811.76 138.57 0.189611
4 1012.82 321.34 1025.77 330.87 0.189551
4 965.12 244.63 984.63 258.16 0.184990
7 954.21 236.31 1012.18 272.70 0.181213
4 798.56 121.20 812.32 134.06 0.180012
4 777.45 118.92 813.30 140.31 0.177806
7 1108.32 311.41 1144.60 335.05 0.176886
1 1135.74 258.61 1152.45 275.29 0.175394
3 1112.07 379.76 1133.75 404.76 0.175193
1 1020.52 245.58 1034.27 268.47 0.173229
1 1343.96 482.90 1355.42 496.96 0.165661
1 340.80 254.54 410.60 330.58 0.162948
4 962.01 242.93 985.65 258.82 0.143163
10 1108.54 311.50 1144.51 335.12 0.140094
10 1011.01 265.96 1044.75 288.39 0.139053
2 891.61 207.68 1191.08 371.37 0.138254
10 317.76 253.85 414.01 347.86 0.137557
1 1254.19 245.41 1270.67 267.74 0.133667
1 1249.58 242.88 1271.92 268.04 0.131824
4 731.61 132.35 753.92 148.83 0.131072
1 818.71 155.14 833.48 172.87 0.126939
10 1143.85 328.20 1185.93 355.68 0.123285
2 822.80 162.78 1193.70 395.61 0.118980
6 1029.23 26.04 1397.98 246.64 0.117995
5 394.11 56.50 436.79 80.73 0.116840
9 777.43 118.40 813.90 140.84 0.110003
1 1321.22 485.47 1331.37 498.83 0.107563
6 361.80 20.07 640.15 181.66 0.106063
1 398.74 255.14 411.74 291.57 0.101738
10 1290.92 506.72 1308.39 528.77 0.101495
