1 0.84 0.59 0.89 0.75 0.506205
1 0.47 0.51 0.50 0.64 0.570868
1 0.06 0.39 0.10 0.50 0.464410
1 0.63 0.58 0.67 0.75 0.435568
1 0.12 0.43 0.15 0.53 0.435709
1 0.72 0.49 0.76 0.62 0.429722
1 0.80 0.53 0.83 0.68 0.421247
1 0.58 0.46 0.61 0.58 0.329726
1 0.39 0.49 0.43 0.54 0.269421
1 0.67 0.47 0.70 0.61 0.338651
1 0.10 0.37 0.13 0.46 0.377143
1 0.20 0.37 0.22 0.47 0.295572
1 0.84 0.39 0.87 0.48 0.303530
1 0.82 0.38 0.85 0.46 0.302515
1 0.65 0.56 0.69 0.71 0.346815
1 0.71 0.43 0.73 0.53 0.283399
1 0.89 0.32 0.92 0.39 0.291438
1 0.88 0.39 0.91 0.48 0.334528
1 0.61 0.50 0.64 0.62 0.329322
1 0.44 0.31 0.46 0.38 0.268056
1 0.41 0.47 0.44 0.54 0.304945
1 0.49 0.30 0.50 0.37 0.301991
1 0.93 0.34 0.95 0.39 0.278742
1 0.33 0.37 0.36 0.46 0.280063
1 0.87 0.36 0.88 0.44 0.278123
1 0.69 0.43 0.71 0.55 0.253470
1 0.85 0.32 0.86 0.39 0.254426
1 0.36 0.36 0.38 0.44 0.260003
1 0.80 0.53 0.85 0.68 0.229397
1 0.18 0.35 0.20 0.44 0.250894
1 0.13 0.28 0.15 0.36 0.233231
1 0.84 0.53 0.88 0.59 0.303275
1 0.16 0.32 0.17 0.39 0.253988
1 0.61 0.46 0.63 0.54 0.253126
1 0.97 0.49 1.00 0.58 0.244177
1 0.27 0.37 0.29 0.46 0.219252
1 0.30 0.30 0.31 0.37 0.200612
1 0.31 0.37 0.33 0.45 0.220145
1 0.42 0.31 0.44 0.39 0.226148
1 0.38 0.36 0.40 0.44 0.208547
1 0.11 0.26 0.12 0.33 0.204761
1 0.58 0.35 0.60 0.45 0.209073
1 0.41 0.38 0.44 0.44 0.216545
1 0.23 0.37 0.25 0.46 0.224683
1 0.34 0.31 0.35 0.37 0.212675
1 0.58 0.37 0.60 0.45 0.265502
1 0.81 0.47 0.84 0.53 0.236886
1 0.39 0.49 0.41 0.54 0.231970
2 0.47 0.51 0.50 0.64 0.663268
2 0.84 0.59 0.89 0.75 0.604254
2 0.06 0.39 0.10 0.50 0.563892
2 0.63 0.58 0.67 0.75 0.539747
2 0.12 0.43 0.15 0.53 0.536318
2 0.72 0.49 0.76 0.62 0.526815
2 0.80 0.53 0.83 0.68 0.499323
2 0.10 0.37 0.13 0.46 0.464795
2 0.88 0.39 0.91 0.48 0.448444
2 0.58 0.46 0.61 0.58 0.403906
2 0.82 0.38 0.85 0.46 0.391610
2 0.49 0.30 0.50 0.37 0.423604
2 0.44 0.31 0.46 0.38 0.375519
2 0.39 0.49 0.43 0.54 0.388789
2 0.61 0.50 0.64 0.62 0.408158
2 0.84 0.39 0.87 0.48 0.396137
2 0.89 0.32 0.92 0.39 0.367423
2 0.41 0.47 0.44 0.54 0.384045
2 0.20 0.37 0.22 0.47 0.366092
2 0.93 0.34 0.95 0.39 0.373975
2 0.65 0.56 0.69 0.71 0.396482
2 0.69 0.43 0.71 0.55 0.289168
2 0.87 0.36 0.88 0.44 0.370139
2 0.33 0.37 0.36 0.46 0.391603
2 0.84 0.53 0.88 0.59 0.370503
2 0.85 0.32 0.86 0.39 0.327413
2 0.13 0.28 0.15 0.36 0.334406
2 0.16 0.32 0.17 0.39 0.356501
2 0.97 0.49 1.00 0.58 0.344971
2 0.36 0.36 0.38 0.44 0.374827
2 0.18 0.35 0.20 0.44 0.319735
2 0.67 0.47 0.70 0.61 0.432269
2 0.11 0.26 0.12 0.33 0.291064
2 0.00 0.19 0.97 0.76 0.371464
2 0.27 0.37 0.29 0.46 0.305524
2 0.61 0.46 0.63 0.54 0.319342
2 0.42 0.31 0.44 0.39 0.296675
2 0.57 0.27 0.58 0.30 0.244216
2 0.31 0.37 0.33 0.45 0.324160
2 0.80 0.53 0.85 0.68 0.241176
2 0.90 0.26 0.92 0.31 0.230324
2 0.89 0.26 0.90 0.34 0.254667
2 0.85 0.27 0.86 0.33 0.271381
2 0.41 0.38 0.44 0.44 0.275738
2 0.23 0.37 0.25 0.46 0.300516
2 0.38 0.36 0.40 0.44 0.278964
2 0.58 0.37 0.60 0.45 0.393235
2 0.52 0.26 0.53 0.31 0.225377
2 0.81 0.47 0.85 0.53 0.275330
2 0.06 0.31 0.08 0.36 0.233750
2 0.47 0.25 0.48 0.28 0.204533
2 0.30 0.30 0.31 0.37 0.287302
2 0.34 0.31 0.35 0.37 0.295051
2 0.72 0.37 0.73 0.44 0.249829
2 0.28 0.32 0.30 0.39 0.257494
2 0.22 0.32 0.23 0.38 0.203993
2 0.04 0.30 0.06 0.35 0.229335
2 0.81 0.47 0.84 0.53 0.304293
2 0.58 0.35 0.60 0.45 0.275322
2 0.00 0.31 0.02 0.39 0.204215
2 0.71 0.43 0.73 0.53 0.369450
2 0.37 0.22 0.39 0.26 0.201369
2 0.58 0.35 0.59 0.43 0.223764
2 0.93 0.34 0.96 0.39 0.267719
3 0.29 0.38 0.34 0.43 0.408439
4 0.02 0.25 0.06 0.28 0.306541
4 0.13 0.21 0.17 0.24 0.245230
4 0.20 0.22 0.23 0.25 0.204987
4 0.29 0.19 0.30 0.20 0.209849
6 0.36 0.17 0.39 0.20 0.211563
9 0.80 0.16 0.85 0.18 0.300277
1 64.40 0.51 64.43 0.64 0.562073
1 64.77 0.59 64.82 0.75 0.489202
1 64.56 0.58 64.60 0.75 0.425651
1 64.65 0.49 64.69 0.62 0.419531
1 64.05 0.43 64.08 0.53 0.405665
1 64.58 0.56 64.61 0.71 0.327664
1 64.74 0.38 64.77 0.46 0.304849
1 64.81 0.39 64.84 0.48 0.344138
1 64.51 0.46 64.54 0.58 0.320872
1 64.60 0.47 64.63 0.61 0.325357
1 64.72 0.53 64.76 0.68 0.404395
1 64.00 0.39 64.02 0.50 0.353061
1 64.32 0.49 64.34 0.54 0.271391
1 64.37 0.31 64.39 0.38 0.266528
1 64.34 0.47 64.37 0.54 0.306114
1 64.03 0.37 64.05 0.46 0.336307
1 64.77 0.39 64.79 0.48 0.302074
1 64.82 0.32 64.84 0.39 0.294408
1 64.26 0.37 64.29 0.46 0.278039
1 64.54 0.50 64.56 0.62 0.307691
1 64.42 0.30 64.43 0.37 0.304612
1 64.77 0.32 64.79 0.40 0.263709
1 64.12 0.37 64.15 0.47 0.271404
1 64.72 0.53 64.78 0.68 0.326244
1 64.80 0.36 64.81 0.44 0.279118
1 64.86 0.34 64.87 0.39 0.284902
1 64.29 0.36 64.31 0.44 0.261334
1 64.77 0.53 64.81 0.59 0.242934
1 64.74 0.47 64.77 0.53 0.230506
1 64.11 0.36 64.13 0.44 0.235523
1 64.09 0.32 64.10 0.39 0.245117
1 64.54 0.46 64.56 0.54 0.248087
1 64.04 0.26 64.05 0.33 0.200995
1 64.51 0.35 64.53 0.45 0.266521
1 64.20 0.37 64.22 0.46 0.213738
1 64.94 0.50 64.97 0.59 0.226052
1 64.24 0.37 64.26 0.45 0.217509
1 64.31 0.36 64.33 0.44 0.204572
1 64.64 0.37 64.66 0.44 0.206459
1 64.27 0.31 64.28 0.37 0.220499
1 64.16 0.37 64.17 0.46 0.213962
1 64.06 0.27 64.08 0.36 0.214432
1 64.64 0.43 64.66 0.53 0.274966
1 64.51 0.37 64.53 0.45 0.228956
1 64.62 0.43 64.64 0.55 0.213777
1 64.35 0.31 64.37 0.39 0.210274
1 64.32 0.49 64.36 0.54 0.208980
2 64.40 0.51 64.43 0.64 0.655593
2 64.77 0.59 64.82 0.75 0.590612
2 64.56 0.58 64.60 0.75 0.532534
2 64.65 0.49 64.69 0.62 0.534411
2 64.05 0.43 64.08 0.53 0.513270
2 64.81 0.39 64.84 0.48 0.463996
2 64.00 0.39 64.02 0.50 0.473382
2 64.74 0.38 64.77 0.46 0.408240
2 64.51 0.46 64.54 0.58 0.408050
2 64.42 0.30 64.43 0.37 0.428643
2 64.37 0.31 64.39 0.38 0.385921
2 64.77 0.39 64.79 0.48 0.395362
2 64.60 0.47 64.63 0.61 0.425792
2 64.72 0.53 64.76 0.68 0.480909
2 64.34 0.47 64.37 0.54 0.391912
2 64.77 0.32 64.79 0.40 0.349318
2 64.54 0.50 64.56 0.62 0.394598
2 64.82 0.32 64.84 0.39 0.386710
2 64.32 0.49 64.34 0.54 0.356591
2 64.80 0.36 64.81 0.44 0.395751
2 64.26 0.37 64.29 0.46 0.396311
2 64.86 0.34 64.87 0.39 0.410954
2 64.58 0.56 64.61 0.71 0.389050
2 64.51 0.37 64.53 0.45 0.329923
2 64.09 0.32 64.10 0.39 0.349399
2 64.64 0.43 64.66 0.53 0.369561
2 64.74 0.47 64.77 0.53 0.304522
2 64.29 0.36 64.31 0.44 0.373252
2 64.13 0.37 64.15 0.47 0.355768
2 64.03 0.37 64.05 0.46 0.440761
2 64.11 0.35 64.13 0.44 0.319497
2 64.04 0.26 64.05 0.33 0.288110
2 64.72 0.53 64.78 0.68 0.315579
2 64.77 0.53 64.81 0.59 0.316289
2 64.92 0.26 64.93 0.30 0.256052
2 64.81 0.27 64.83 0.34 0.279327
2 64.20 0.37 64.22 0.46 0.305765
2 64.24 0.37 64.26 0.45 0.325399
2 64.62 0.43 64.64 0.55 0.246731
2 64.50 0.27 64.51 0.30 0.224994
2 64.54 0.46 64.56 0.54 0.289522
2 64.83 0.26 64.85 0.31 0.238911
2 64.31 0.36 64.33 0.44 0.272426
2 64.27 0.31 64.28 0.37 0.304497
2 64.94 0.49 64.97 0.59 0.308150
2 64.16 0.37 64.17 0.46 0.298331
2 64.22 0.30 64.24 0.37 0.264890
2 64.64 0.37 64.66 0.44 0.278262
2 64.00 0.26 64.02 0.31 0.209791
2 64.78 0.27 64.79 0.32 0.246707
2 64.88 0.26 64.89 0.30 0.212797
2 64.06 0.27 64.08 0.36 0.309901
2 64.21 0.32 64.23 0.39 0.267033
2 64.30 0.22 64.31 0.27 0.208560
2 64.35 0.31 64.36 0.38 0.277578
2 64.00 0.19 64.88 0.75 0.340697
2 64.45 0.26 64.46 0.31 0.206748
2 64.95 0.46 64.97 0.51 0.254135
2 64.34 0.38 64.37 0.44 0.237477
2 64.99 0.30 65.00 0.36 0.227173
2 64.15 0.32 64.16 0.38 0.214702
2 64.95 0.46 64.98 0.55 0.213293
2 64.00 0.19 64.99 0.76 0.246723
2 64.51 0.35 64.53 0.45 0.347763
2 64.62 0.43 64.64 0.51 0.220008
2 64.32 0.49 64.36 0.54 0.214586
2 64.78 0.53 64.81 0.59 0.216183
3 64.96 0.52 65.00 0.61 0.575576
3 64.22 0.38 64.27 0.43 0.490857
4 64.13 0.15 64.14 0.16 0.222353
4 64.21 0.19 64.23 0.20 0.222554
4 64.06 0.21 64.10 0.24 0.222472
9 64.72 0.16 64.78 0.18 0.389645
