1 0.87 0.32 0.89 0.37 0.641885
1 0.82 0.17 0.83 0.20 0.445631
1 0.47 0.12 0.48 0.14 0.367834
1 0.62 0.10 0.64 0.13 0.295491
1 0.46 0.12 0.47 0.15 0.314760
1 0.67 0.08 0.68 0.11 0.259219
1 0.56 0.25 0.57 0.28 0.222551
2 0.87 0.32 0.89 0.37 0.685629
2 0.82 0.17 0.83 0.20 0.527664
2 0.62 0.10 0.64 0.13 0.469041
2 0.47 0.12 0.48 0.14 0.456366
2 0.89 0.64 0.91 0.71 0.436378
2 0.67 0.08 0.68 0.11 0.408897
2 0.46 0.12 0.47 0.15 0.395956
2 0.56 0.25 0.57 0.28 0.298370
2 0.63 0.00 0.64 0.03 0.208134
2 0.64 0.04 0.64 0.06 0.207335
2 0.46 0.12 0.48 0.15 0.228480
3 0.30 0.20 0.33 0.23 0.244607
3 0.32 0.18 0.36 0.20 0.227978
3 0.89 0.64 0.91 0.71 0.212736
4 -0.00 0.72 0.10 0.89 0.666673
4 0.74 0.14 0.77 0.17 0.562107
4 0.75 0.23 0.79 0.28 0.576218
4 0.28 0.24 0.33 0.29 0.530187
4 0.39 0.11 0.43 0.15 0.530461
4 0.57 0.38 0.62 0.47 0.608486
4 0.50 0.85 0.60 1.00 0.626853
4 0.93 0.60 1.00 0.70 0.525095
4 0.59 0.26 0.63 0.33 0.538026
4 0.97 0.46 1.00 0.52 0.553671
4 0.91 0.51 0.98 0.60 0.528799
4 0.43 0.20 0.45 0.24 0.530706
4 0.80 0.12 0.83 0.16 0.509329
4 0.67 0.00 0.70 0.03 0.429517
4 0.57 0.20 0.61 0.25 0.474691
4 0.60 0.16 0.64 0.21 0.427832
4 0.66 0.20 0.68 0.25 0.460843
4 0.82 0.06 0.85 0.08 0.371580
4 0.77 0.32 0.82 0.39 0.609143
4 0.75 0.09 0.77 0.11 0.449113
4 0.89 0.64 0.91 0.71 0.297280
4 0.75 0.02 0.76 0.03 0.351551
4 0.97 0.34 0.99 0.38 0.453376
4 0.35 0.33 0.37 0.36 0.255804
4 0.50 0.09 0.52 0.10 0.306766
4 0.49 0.04 0.52 0.05 0.316042
4 0.32 0.33 0.39 0.43 0.312205
4 0.42 0.06 0.47 0.10 0.259152
4 0.82 0.06 0.83 0.08 0.319603
4 0.81 0.01 0.82 0.03 0.275114
4 0.49 0.10 0.51 0.13 0.299859
4 0.65 0.05 0.67 0.06 0.271097
4 0.63 0.05 0.65 0.06 0.235689
4 0.63 0.10 0.64 0.12 0.241512
4 0.44 0.06 0.47 0.09 0.236939
4 0.33 0.33 0.37 0.39 0.217699
4 0.20 0.98 0.40 1.00 0.433278
4 0.49 0.09 0.52 0.13 0.244637
5 0.97 0.46 1.00 0.51 0.429765
5 0.39 0.11 0.43 0.15 0.420545
5 0.66 0.20 0.68 0.25 0.427763
5 0.44 0.06 0.47 0.09 0.411626
5 0.67 0.00 0.70 0.03 0.431815
5 0.28 0.24 0.33 0.29 0.418317
5 0.77 0.32 0.82 0.39 0.422023
5 0.75 0.23 0.79 0.28 0.422474
5 0.57 0.20 0.61 0.25 0.380470
5 0.57 0.38 0.62 0.47 0.440936
5 0.80 0.12 0.83 0.16 0.425173
5 0.59 0.26 0.63 0.33 0.379992
5 0.43 0.20 0.45 0.24 0.385328
5 0.50 0.85 0.60 1.00 0.307539
5 0.74 0.14 0.77 0.17 0.353479
5 0.82 0.06 0.85 0.08 0.279983
5 0.75 0.09 0.77 0.11 0.314293
5 0.32 0.33 0.39 0.43 0.271342
5 0.93 0.60 1.00 0.70 0.279582
5 0.60 0.16 0.64 0.21 0.317037
5 0.91 0.51 0.98 0.60 0.287171
5 0.97 0.34 0.99 0.37 0.282283
5 0.49 0.10 0.51 0.13 0.238004
5 0.49 0.04 0.51 0.05 0.204394
5 0.00 0.72 0.10 0.89 0.220732
5 0.82 0.06 0.83 0.08 0.206143
5 0.42 0.06 0.47 0.10 0.209897
5 0.21 0.98 0.40 1.00 0.245354
5 0.49 0.09 0.52 0.13 0.210893
6 0.32 0.33 0.39 0.43 0.445124
6 0.66 0.20 0.68 0.25 0.342130
6 0.67 0.00 0.70 0.03 0.378871
6 0.44 0.06 0.47 0.09 0.304622
6 0.75 0.09 0.77 0.11 0.279738
6 0.42 0.06 0.47 0.10 0.330532
6 0.80 0.12 0.83 0.16 0.282902
6 0.82 0.06 0.85 0.08 0.221880
6 0.57 0.38 0.62 0.47 0.210619
6 0.74 0.08 0.78 0.11 0.261686
7 0.32 0.33 0.39 0.43 0.272559
7 0.75 0.09 0.77 0.11 0.201143
7 0.74 0.08 0.77 0.11 0.200911
9 0.32 0.33 0.39 0.43 0.286516
9 0.66 0.20 0.68 0.25 0.224845
9 0.67 0.00 0.70 0.03 0.286342
9 0.44 0.06 0.47 0.09 0.240691
9 0.75 0.09 0.77 0.11 0.232615
9 0.82 0.06 0.85 0.08 0.207991
9 0.49 0.04 0.51 0.05 0.222291
10 0.50 0.85 0.60 1.00 0.288823
10 0.57 0.38 0.62 0.47 0.245751
10 0.77 0.32 0.82 0.39 0.276131
10 0.00 0.72 0.10 0.89 0.299978
10 0.59 0.26 0.63 0.33 0.222990
10 0.42 0.06 0.47 0.10 0.210101
10 0.32 0.33 0.39 0.43 0.217411
10 0.75 0.23 0.79 0.28 0.222107
10 0.89 0.64 0.91 0.71 0.210639
1 464.35 0.32 464.37 0.37 0.634156
1 464.30 0.17 464.31 0.20 0.473956
1 464.37 0.64 464.40 0.71 0.477103
1 464.69 0.86 464.72 0.94 0.633509
1 464.11 0.10 464.12 0.13 0.294051
1 464.15 0.08 464.16 0.11 0.217629
2 464.69 0.86 464.72 0.94 0.693541
2 464.35 0.32 464.37 0.37 0.691549
2 464.30 0.17 464.31 0.20 0.557352
2 464.37 0.64 464.40 0.71 0.697497
2 464.11 0.10 464.12 0.13 0.432864
2 464.86 0.21 464.88 0.25 0.378591
2 464.15 0.08 464.16 0.11 0.387022
2 464.63 0.69 464.64 0.72 0.250956
2 464.24 0.02 464.24 0.04 0.311401
2 464.95 0.86 464.97 0.89 0.270316
2 464.12 0.04 464.13 0.06 0.240127
2 464.12 0.00 464.12 0.03 0.283282
2 464.04 0.25 464.05 0.28 0.289691
2 464.11 0.04 464.16 0.07 0.216352
2 464.26 -0.00 464.27 0.02 0.241829
2 464.85 0.20 464.88 0.25 0.210492
2 464.85 0.20 464.86 0.25 0.201853
2 464.08 0.10 464.09 0.12 0.219783
2 464.24 -0.00 464.25 0.01 0.205252
3 464.39 0.38 464.41 0.41 0.218569
3 464.37 0.67 464.40 0.71 0.244249
4 464.42 0.60 464.52 0.70 0.541548
4 464.23 0.23 464.27 0.28 0.597891
4 464.05 0.38 464.10 0.48 0.607868
4 464.22 0.14 464.25 0.17 0.562629
4 464.39 0.51 464.47 0.60 0.537205
4 464.28 0.12 464.31 0.16 0.517429
4 464.07 0.26 464.11 0.33 0.521398
4 464.25 0.32 464.30 0.39 0.617418
4 464.00 0.85 464.08 1.00 0.555577
4 464.09 0.16 464.12 0.21 0.455535
4 464.05 0.20 464.09 0.25 0.456747
4 464.45 0.46 464.55 0.54 0.487142
4 464.16 0.00 464.18 0.03 0.437635
4 464.23 0.09 464.25 0.11 0.461712
4 464.14 0.20 464.17 0.25 0.455457
4 464.30 0.05 464.33 0.08 0.448081
4 464.45 0.34 464.48 0.38 0.428700
4 464.71 0.87 464.77 0.96 0.337190
4 464.59 0.76 464.65 0.85 0.258594
4 464.29 0.01 464.30 0.03 0.295949
4 464.14 0.05 464.15 0.06 0.306076
4 464.38 0.08 464.43 0.11 0.258896
4 464.95 0.50 465.00 0.55 0.254405
4 464.24 0.02 464.24 0.03 0.223169
4 464.13 0.02 464.14 0.03 0.204809
5 464.25 0.32 464.30 0.39 0.515034
5 464.45 0.46 464.55 0.54 0.498688
5 464.05 0.20 464.09 0.25 0.442059
5 464.07 0.26 464.11 0.33 0.471543
5 464.23 0.23 464.27 0.28 0.490616
5 464.14 0.20 464.17 0.25 0.471676
5 464.05 0.38 464.10 0.47 0.490759
5 464.28 0.12 464.31 0.16 0.454893
5 464.16 0.00 464.18 0.03 0.427575
5 464.42 0.60 464.52 0.70 0.376370
5 464.39 0.51 464.46 0.60 0.406036
5 464.09 0.16 464.12 0.21 0.389708
5 464.00 0.85 464.08 1.00 0.346576
5 464.22 0.14 464.25 0.17 0.417426
5 464.45 0.34 464.48 0.37 0.295664
5 464.59 0.76 464.65 0.85 0.288150
5 464.23 0.09 464.25 0.11 0.311944
5 464.30 0.05 464.33 0.08 0.297342
5 464.71 0.87 464.77 0.96 0.235779
6 464.14 0.20 464.17 0.25 0.432662
6 464.23 0.08 464.25 0.11 0.345181
6 464.16 0.00 464.18 0.03 0.348270
6 464.59 0.76 464.65 0.85 0.252107
6 464.07 0.26 464.11 0.33 0.282180
6 464.05 0.20 464.09 0.25 0.283254
6 464.28 0.12 464.31 0.16 0.308598
6 464.05 0.38 464.10 0.47 0.280635
6 464.23 0.23 464.27 0.28 0.246937
6 464.09 0.16 464.12 0.21 0.218647
6 464.25 0.32 464.30 0.39 0.206385
6 464.22 0.14 464.25 0.17 0.232885
7 464.23 0.09 464.25 0.11 0.247988
7 464.14 0.20 464.17 0.25 0.219299
9 464.14 0.20 464.17 0.25 0.321187
9 464.23 0.09 464.25 0.11 0.290198
9 464.07 0.26 464.11 0.33 0.278599
9 464.25 0.32 464.30 0.39 0.271291
9 464.28 0.12 464.31 0.16 0.293080
9 464.16 0.00 464.18 0.03 0.295474
9 464.23 0.23 464.27 0.28 0.266802
9 464.05 0.20 464.09 0.25 0.226012
9 464.09 0.16 464.12 0.21 0.211075
9 464.22 0.14 464.25 0.17 0.242845
9 464.30 0.05 464.33 0.08 0.217164
10 464.59 0.76 464.65 0.85 0.335373
10 464.42 0.60 464.52 0.70 0.322816
10 464.25 0.32 464.30 0.39 0.276032
10 464.00 0.85 464.08 1.00 0.274792
10 464.05 0.38 464.10 0.47 0.239792
10 464.45 0.46 464.55 0.54 0.226734
10 464.07 0.26 464.11 0.33 0.225664
10 464.23 0.23 464.27 0.28 0.245286
10 464.14 0.20 464.17 0.25 0.213225
10 464.22 0.14 464.25 0.17 0.205190
10 464.39 0.51 464.46 0.60 0.234004
1 0.87 0.32 0.89 0.37 0.641885
1 0.82 0.17 0.83 0.20 0.445631
1 0.47 0.12 0.48 0.14 0.367834
1 0.62 0.10 0.64 0.13 0.295491
1 0.46 0.12 0.47 0.15 0.314760
1 0.67 0.08 0.68 0.11 0.259219
1 0.56 0.25 0.57 0.28 0.222551
2 0.87 0.32 0.89 0.37 0.685629
2 0.82 0.17 0.83 0.20 0.527664
2 0.62 0.10 0.64 0.13 0.469041
2 0.47 0.12 0.48 0.14 0.456366
2 0.89 0.64 0.91 0.71 0.436378
2 0.67 0.08 0.68 0.11 0.408897
2 0.46 0.12 0.47 0.15 0.395956
2 0.56 0.25 0.57 0.28 0.298370
2 0.63 0.00 0.64 0.03 0.208134
2 0.64 0.04 0.64 0.06 0.207335
2 0.46 0.12 0.48 0.15 0.228480
3 0.30 0.20 0.33 0.23 0.244607
3 0.32 0.18 0.36 0.20 0.227978
3 0.89 0.64 0.91 0.71 0.212736
4 -0.00 0.72 0.10 0.89 0.666673
4 0.74 0.14 0.77 0.17 0.562107
4 0.75 0.23 0.79 0.28 0.576218
4 0.28 0.24 0.33 0.29 0.530187
4 0.39 0.11 0.43 0.15 0.530461
4 0.57 0.38 0.62 0.47 0.608486
4 0.50 0.85 0.60 1.00 0.626853
4 0.93 0.60 1.00 0.70 0.525095
4 0.59 0.26 0.63 0.33 0.538026
4 0.97 0.46 1.00 0.52 0.553671
4 0.91 0.51 0.98 0.60 0.528799
4 0.43 0.20 0.45 0.24 0.530706
4 0.80 0.12 0.83 0.16 0.509329
4 0.67 0.00 0.70 0.03 0.429517
4 0.57 0.20 0.61 0.25 0.474691
4 0.60 0.16 0.64 0.21 0.427832
4 0.66 0.20 0.68 0.25 0.460843
4 0.82 0.06 0.85 0.08 0.371580
4 0.77 0.32 0.82 0.39 0.609143
4 0.75 0.09 0.77 0.11 0.449113
4 0.89 0.64 0.91 0.71 0.297280
4 0.75 0.02 0.76 0.03 0.351551
4 0.97 0.34 0.99 0.38 0.453376
4 0.35 0.33 0.37 0.36 0.255804
4 0.50 0.09 0.52 0.10 0.306766
4 0.49 0.04 0.52 0.05 0.316042
4 0.32 0.33 0.39 0.43 0.312205
4 0.42 0.06 0.47 0.10 0.259152
4 0.82 0.06 0.83 0.08 0.319603
4 0.81 0.01 0.82 0.03 0.275114
4 0.49 0.10 0.51 0.13 0.299859
4 0.65 0.05 0.67 0.06 0.271097
4 0.63 0.05 0.65 0.06 0.235689
4 0.63 0.10 0.64 0.12 0.241512
4 0.44 0.06 0.47 0.09 0.236939
4 0.33 0.33 0.37 0.39 0.217699
4 0.20 0.98 0.40 1.00 0.433278
4 0.49 0.09 0.52 0.13 0.244637
5 0.97 0.46 1.00 0.51 0.429765
5 0.39 0.11 0.43 0.15 0.420545
5 0.66 0.20 0.68 0.25 0.427763
5 0.44 0.06 0.47 0.09 0.411626
5 0.67 0.00 0.70 0.03 0.431815
5 0.28 0.24 0.33 0.29 0.418317
5 0.77 0.32 0.82 0.39 0.422023
5 0.75 0.23 0.79 0.28 0.422474
5 0.57 0.20 0.61 0.25 0.380470
5 0.57 0.38 0.62 0.47 0.440936
5 0.80 0.12 0.83 0.16 0.425173
5 0.59 0.26 0.63 0.33 0.379992
5 0.43 0.20 0.45 0.24 0.385328
5 0.50 0.85 0.60 1.00 0.307539
5 0.74 0.14 0.77 0.17 0.353479
5 0.82 0.06 0.85 0.08 0.279983
5 0.75 0.09 0.77 0.11 0.314293
5 0.32 0.33 0.39 0.43 0.271342
5 0.93 0.60 1.00 0.70 0.279582
5 0.60 0.16 0.64 0.21 0.317037
5 0.91 0.51 0.98 0.60 0.287171
5 0.97 0.34 0.99 0.37 0.282283
5 0.49 0.10 0.51 0.13 0.238004
5 0.49 0.04 0.51 0.05 0.204394
5 0.00 0.72 0.10 0.89 0.220732
5 0.82 0.06 0.83 0.08 0.206143
5 0.42 0.06 0.47 0.10 0.209897
5 0.21 0.98 0.40 1.00 0.245354
5 0.49 0.09 0.52 0.13 0.210893
6 0.32 0.33 0.39 0.43 0.445124
6 0.66 0.20 0.68 0.25 0.342130
6 0.67 0.00 0.70 0.03 0.378871
6 0.44 0.06 0.47 0.09 0.304622
6 0.75 0.09 0.77 0.11 0.279738
6 0.42 0.06 0.47 0.10 0.330532
6 0.80 0.12 0.83 0.16 0.282902
6 0.82 0.06 0.85 0.08 0.221880
6 0.57 0.38 0.62 0.47 0.210619
6 0.74 0.08 0.78 0.11 0.261686
7 0.32 0.33 0.39 0.43 0.272559
7 0.75 0.09 0.77 0.11 0.201143
7 0.74 0.08 0.77 0.11 0.200911
9 0.32 0.33 0.39 0.43 0.286516
9 0.66 0.20 0.68 0.25 0.224845
9 0.67 0.00 0.70 0.03 0.286342
9 0.44 0.06 0.47 0.09 0.240691
9 0.75 0.09 0.77 0.11 0.232615
9 0.82 0.06 0.85 0.08 0.207991
9 0.49 0.04 0.51 0.05 0.222291
10 0.50 0.85 0.60 1.00 0.288823
10 0.57 0.38 0.62 0.47 0.245751
10 0.77 0.32 0.82 0.39 0.276131
10 0.00 0.72 0.10 0.89 0.299978
10 0.59 0.26 0.63 0.33 0.222990
10 0.42 0.06 0.47 0.10 0.210101
10 0.32 0.33 0.39 0.43 0.217411
10 0.75 0.23 0.79 0.28 0.222107
10 0.89 0.64 0.91 0.71 0.210639
1 464.35 0.32 464.37 0.37 0.634156
1 464.30 0.17 464.31 0.20 0.473956
1 464.37 0.64 464.40 0.71 0.477103
1 464.69 0.86 464.72 0.94 0.633509
1 464.11 0.10 464.12 0.13 0.294051
1 464.15 0.08 464.16 0.11 0.217629
2 464.69 0.86 464.72 0.94 0.693541
2 464.35 0.32 464.37 0.37 0.691549
2 464.30 0.17 464.31 0.20 0.557352
2 464.37 0.64 464.40 0.71 0.697497
2 464.11 0.10 464.12 0.13 0.432864
2 464.86 0.21 464.88 0.25 0.378591
2 464.15 0.08 464.16 0.11 0.387022
2 464.63 0.69 464.64 0.72 0.250956
2 464.24 0.02 464.24 0.04 0.311401
2 464.95 0.86 464.97 0.89 0.270316
2 464.12 0.04 464.13 0.06 0.240127
2 464.12 0.00 464.12 0.03 0.283282
2 464.04 0.25 464.05 0.28 0.289691
2 464.11 0.04 464.16 0.07 0.216352
2 464.26 -0.00 464.27 0.02 0.241829
2 464.85 0.20 464.88 0.25 0.210492
2 464.85 0.20 464.86 0.25 0.201853
2 464.08 0.10 464.09 0.12 0.219783
2 464.24 -0.00 464.25 0.01 0.205252
3 464.39 0.38 464.41 0.41 0.218569
3 464.37 0.67 464.40 0.71 0.244249
4 464.42 0.60 464.52 0.70 0.541548
4 464.23 0.23 464.27 0.28 0.597891
4 464.05 0.38 464.10 0.48 0.607868
4 464.22 0.14 464.25 0.17 0.562629
4 464.39 0.51 464.47 0.60 0.537205
4 464.28 0.12 464.31 0.16 0.517429
4 464.07 0.26 464.11 0.33 0.521398
4 464.25 0.32 464.30 0.39 0.617418
4 464.00 0.85 464.08 1.00 0.555577
4 464.09 0.16 464.12 0.21 0.455535
4 464.05 0.20 464.09 0.25 0.456747
4 464.45 0.46 464.55 0.54 0.487142
4 464.16 0.00 464.18 0.03 0.437635
4 464.23 0.09 464.25 0.11 0.461712
4 464.14 0.20 464.17 0.25 0.455457
4 464.30 0.05 464.33 0.08 0.448081
4 464.45 0.34 464.48 0.38 0.428700
4 464.71 0.87 464.77 0.96 0.337190
4 464.59 0.76 464.65 0.85 0.258594
4 464.29 0.01 464.30 0.03 0.295949
4 464.14 0.05 464.15 0.06 0.306076
4 464.38 0.08 464.43 0.11 0.258896
4 464.95 0.50 465.00 0.55 0.254405
4 464.24 0.02 464.24 0.03 0.223169
4 464.13 0.02 464.14 0.03 0.204809
5 464.25 0.32 464.30 0.39 0.515034
5 464.45 0.46 464.55 0.54 0.498688
5 464.05 0.20 464.09 0.25 0.442059
5 464.07 0.26 464.11 0.33 0.471543
5 464.23 0.23 464.27 0.28 0.490616
5 464.14 0.20 464.17 0.25 0.471676
5 464.05 0.38 464.10 0.47 0.490759
5 464.28 0.12 464.31 0.16 0.454893
5 464.16 0.00 464.18 0.03 0.427575
5 464.42 0.60 464.52 0.70 0.376370
5 464.39 0.51 464.46 0.60 0.406036
5 464.09 0.16 464.12 0.21 0.389708
5 464.00 0.85 464.08 1.00 0.346576
5 464.22 0.14 464.25 0.17 0.417426
5 464.45 0.34 464.48 0.37 0.295664
5 464.59 0.76 464.65 0.85 0.288150
5 464.23 0.09 464.25 0.11 0.311944
5 464.30 0.05 464.33 0.08 0.297342
5 464.71 0.87 464.77 0.96 0.235779
6 464.14 0.20 464.17 0.25 0.432662
6 464.23 0.08 464.25 0.11 0.345181
6 464.16 0.00 464.18 0.03 0.348270
6 464.59 0.76 464.65 0.85 0.252107
6 464.07 0.26 464.11 0.33 0.282180
6 464.05 0.20 464.09 0.25 0.283254
6 464.28 0.12 464.31 0.16 0.308598
6 464.05 0.38 464.10 0.47 0.280635
6 464.23 0.23 464.27 0.28 0.246937
6 464.09 0.16 464.12 0.21 0.218647
6 464.25 0.32 464.30 0.39 0.206385
6 464.22 0.14 464.25 0.17 0.232885
7 464.23 0.09 464.25 0.11 0.247988
7 464.14 0.20 464.17 0.25 0.219299
9 464.14 0.20 464.17 0.25 0.321187
9 464.23 0.09 464.25 0.11 0.290198
9 464.07 0.26 464.11 0.33 0.278599
9 464.25 0.32 464.30 0.39 0.271291
9 464.28 0.12 464.31 0.16 0.293080
9 464.16 0.00 464.18 0.03 0.295474
9 464.23 0.23 464.27 0.28 0.266802
9 464.05 0.20 464.09 0.25 0.226012
9 464.09 0.16 464.12 0.21 0.211075
9 464.22 0.14 464.25 0.17 0.242845
9 464.30 0.05 464.33 0.08 0.217164
10 464.59 0.76 464.65 0.85 0.335373
10 464.42 0.60 464.52 0.70 0.322816
10 464.25 0.32 464.30 0.39 0.276032
10 464.00 0.85 464.08 1.00 0.274792
10 464.05 0.38 464.10 0.47 0.239792
10 464.45 0.46 464.55 0.54 0.226734
10 464.07 0.26 464.11 0.33 0.225664
10 464.23 0.23 464.27 0.28 0.245286
10 464.14 0.20 464.17 0.25 0.213225
10 464.22 0.14 464.25 0.17 0.205190
10 464.39 0.51 464.46 0.60 0.234004
