1 0.17 0.36 0.21 0.42 0.253169
1 0.00 0.00 1.00 1.00 0.201166
1 0.66 0.97 0.69 1.00 0.213965
2 0.00 0.00 1.00 1.00 0.224229
2 0.86 0.34 0.88 0.38 0.206126
2 0.66 0.97 0.69 1.00 0.221952
3 0.48 0.15 0.57 0.23 0.462571
4 0.86 0.34 0.88 0.38 0.632990
4 0.76 0.19 0.78 0.22 0.595440
4 0.84 0.09 0.86 0.12 0.525507
4 0.90 0.71 0.93 0.77 0.595022
4 0.66 0.97 0.69 1.00 0.561934
4 0.75 0.54 0.78 0.58 0.609748
4 0.94 0.51 0.96 0.55 0.575945
4 0.92 0.60 0.94 0.66 0.563164
4 0.92 0.23 0.94 0.27 0.532747
4 0.92 0.03 0.93 0.06 0.484788
4 0.79 0.11 0.80 0.14 0.414258
4 0.75 0.11 0.77 0.14 0.431539
4 0.76 0.38 0.78 0.42 0.495206
4 0.76 0.07 0.77 0.10 0.363159
4 0.71 0.14 0.72 0.16 0.226014
4 0.79 0.07 0.81 0.10 0.330084
4 0.87 0.79 0.89 0.84 0.269640
4 0.80 0.04 0.81 0.07 0.303231
4 0.76 0.03 0.77 0.06 0.299307
4 0.77 0.00 0.78 0.03 0.292591
4 0.15 0.07 0.18 0.09 0.212342
4 0.80 0.01 0.82 0.04 0.234683
5 0.90 0.71 0.93 0.77 0.528938
5 0.84 0.09 0.86 0.12 0.479037
5 0.75 0.54 0.77 0.58 0.534831
5 0.76 0.19 0.78 0.22 0.482320
5 0.86 0.34 0.88 0.38 0.510122
5 0.92 0.60 0.94 0.66 0.485300
5 0.94 0.51 0.96 0.55 0.471771
5 0.92 0.23 0.94 0.27 0.447175
5 0.76 0.38 0.78 0.42 0.441299
5 0.75 0.11 0.77 0.14 0.401023
5 0.92 0.03 0.93 0.06 0.407206
5 0.79 0.11 0.80 0.14 0.373682
5 0.76 0.07 0.77 0.10 0.342614
5 0.80 0.04 0.81 0.07 0.318231
5 0.66 0.97 0.69 1.00 0.311083
5 0.75 0.78 0.78 0.87 0.223367
5 0.77 0.00 0.80 0.06 0.269048
5 0.77 0.00 0.78 0.03 0.294160
5 0.79 0.82 0.82 0.86 0.251345
5 0.87 0.79 0.89 0.84 0.265726
5 0.76 0.03 0.77 0.06 0.299301
5 0.79 0.08 0.81 0.10 0.313066
5 0.80 0.00 0.82 0.04 0.241093
6 0.90 0.71 0.93 0.77 0.394577
6 0.75 0.54 0.77 0.58 0.436937
6 0.84 0.09 0.86 0.12 0.375057
6 0.92 0.23 0.94 0.27 0.391765
6 0.86 0.34 0.88 0.38 0.408647
6 0.76 0.38 0.78 0.42 0.397590
6 0.75 0.78 0.78 0.87 0.340659
6 0.92 0.60 0.94 0.66 0.385100
6 0.92 0.03 0.93 0.06 0.381285
6 0.94 0.51 0.96 0.55 0.376585
6 0.76 0.19 0.78 0.22 0.358823
6 0.79 0.82 0.82 0.87 0.316097
6 0.76 0.07 0.77 0.10 0.259113
6 0.77 0.00 0.80 0.07 0.228256
6 0.75 0.11 0.77 0.14 0.280033
6 0.80 0.04 0.81 0.07 0.221690
6 0.79 0.11 0.80 0.14 0.269057
6 0.87 0.79 0.89 0.84 0.271621
6 0.76 0.03 0.77 0.06 0.218588
6 0.77 0.00 0.78 0.03 0.207459
7 0.75 0.54 0.78 0.58 0.305507
7 0.86 0.34 0.88 0.38 0.268689
7 0.84 0.09 0.86 0.12 0.219279
7 0.90 0.71 0.93 0.77 0.234742
7 0.92 0.60 0.94 0.66 0.253806
7 0.92 0.23 0.94 0.27 0.213277
7 0.76 0.19 0.78 0.22 0.205648
7 0.94 0.51 0.96 0.55 0.200987
9 0.84 0.09 0.86 0.12 0.473325
9 0.76 0.38 0.78 0.42 0.478832
9 0.94 0.51 0.96 0.55 0.477045
9 0.92 0.23 0.94 0.27 0.453593
9 0.90 0.71 0.93 0.77 0.445098
9 0.92 0.03 0.93 0.06 0.444637
9 0.86 0.34 0.88 0.38 0.479897
9 0.92 0.60 0.94 0.66 0.458946
9 0.76 0.19 0.78 0.22 0.453790
9 0.75 0.11 0.77 0.14 0.389928
9 0.77 0.00 0.80 0.06 0.306272
9 0.80 0.04 0.81 0.07 0.326466
9 0.79 0.11 0.80 0.14 0.367754
9 0.76 0.07 0.77 0.10 0.349903
9 0.75 0.78 0.78 0.87 0.233559
9 0.79 0.82 0.82 0.86 0.306216
9 0.76 0.03 0.77 0.06 0.319181
9 0.75 0.54 0.77 0.58 0.504773
9 0.77 0.00 0.78 0.03 0.308427
9 0.80 0.00 0.82 0.04 0.279504
9 0.87 0.79 0.89 0.84 0.269421
9 0.66 0.97 0.69 1.00 0.202417
9 0.79 0.08 0.81 0.10 0.296860
10 0.90 0.71 0.93 0.77 0.418085
10 0.86 0.34 0.88 0.38 0.331526
10 0.75 0.78 0.78 0.87 0.306896
10 0.79 0.81 0.82 0.86 0.322946
10 0.75 0.54 0.77 0.58 0.335736
10 0.92 0.60 0.94 0.66 0.333854
10 0.84 0.08 0.86 0.12 0.263827
10 0.87 0.79 0.89 0.84 0.314760
10 0.94 0.51 0.96 0.55 0.272947
10 0.92 0.23 0.94 0.26 0.239654
10 0.76 0.19 0.78 0.22 0.236913
10 0.76 0.38 0.78 0.42 0.211854
10 0.75 0.11 0.77 0.14 0.203359
1 504.49 0.55 504.50 0.60 0.212623
1 504.10 0.97 504.12 1.00 0.226765
1 504.52 0.00 505.00 0.69 0.213937
2 504.49 0.55 504.50 0.60 0.271214
2 504.67 0.59 504.71 0.68 0.289811
4 504.28 0.09 504.29 0.12 0.486238
4 504.34 0.71 504.37 0.77 0.548213
4 504.30 0.34 504.31 0.38 0.581539
4 504.19 0.54 504.21 0.58 0.558987
4 504.36 0.03 504.37 0.06 0.479368
4 504.20 0.19 504.22 0.22 0.523522
4 504.38 0.51 504.40 0.55 0.495069
4 504.51 0.07 504.54 0.09 0.419299
4 504.50 0.13 504.54 0.17 0.461233
4 504.10 0.97 504.12 1.00 0.449130
4 504.19 0.11 504.20 0.14 0.410833
4 504.36 0.23 504.38 0.27 0.494137
4 504.22 0.11 504.24 0.14 0.391621
4 504.41 0.92 504.44 0.98 0.408271
4 504.35 0.60 504.38 0.66 0.449200
4 504.20 0.38 504.21 0.42 0.474039
4 504.43 0.73 504.47 0.82 0.331599
4 504.93 0.90 504.95 0.92 0.239911
4 504.46 0.05 504.50 0.07 0.384062
4 504.56 0.02 504.58 0.04 0.438496
4 504.19 0.07 504.21 0.10 0.340003
4 504.50 0.04 504.54 0.07 0.396706
4 504.43 -0.00 504.47 0.01 0.299409
4 504.23 0.08 504.25 0.10 0.301837
4 504.49 0.57 504.50 0.59 0.324438
4 504.73 0.95 504.77 0.99 0.201182
4 504.23 0.04 504.25 0.07 0.278201
4 504.20 0.03 504.21 0.06 0.274215
4 504.30 0.79 504.33 0.84 0.274732
4 504.13 0.20 504.14 0.22 0.203102
4 504.85 0.98 504.89 1.00 0.209776
4 504.57 -0.00 504.58 0.01 0.228557
4 504.24 0.01 504.26 0.04 0.230607
4 504.20 0.00 504.22 0.03 0.243874
4 504.23 0.82 504.25 0.87 0.204359
5 504.34 0.71 504.37 0.77 0.543137
5 504.43 0.73 504.47 0.82 0.514777
5 504.28 0.09 504.29 0.12 0.476578
5 504.30 0.34 504.31 0.38 0.520896
5 504.41 0.92 504.44 0.98 0.502823
5 504.38 0.51 504.40 0.55 0.502372
5 504.36 0.03 504.37 0.06 0.476988
5 504.19 0.54 504.21 0.58 0.532492
5 504.20 0.19 504.22 0.22 0.468960
5 504.20 0.38 504.21 0.42 0.467600
5 504.35 0.60 504.38 0.66 0.452795
5 504.19 0.11 504.20 0.14 0.408133
5 504.36 0.23 504.38 0.27 0.456375
5 504.50 0.04 504.54 0.07 0.384842
5 504.51 0.07 504.54 0.09 0.316148
5 504.22 0.11 504.24 0.14 0.378151
5 504.23 0.04 504.25 0.07 0.312138
5 504.19 0.07 504.21 0.10 0.354376
5 504.19 0.78 504.22 0.87 0.263842
5 504.30 0.79 504.33 0.84 0.333415
5 504.50 0.13 504.53 0.17 0.259581
5 504.46 0.05 504.50 0.07 0.317055
5 504.56 0.02 504.58 0.04 0.358133
5 504.10 0.97 504.12 1.00 0.226810
5 504.20 0.03 504.21 0.06 0.296686
5 504.24 0.01 504.26 0.04 0.258348
5 504.23 0.82 504.25 0.87 0.265521
5 504.43 -0.00 504.47 0.01 0.250365
5 504.20 0.00 504.22 0.03 0.295447
5 504.23 0.08 504.24 0.10 0.290472
5 504.21 0.00 504.24 0.06 0.259916
5 504.50 0.13 504.54 0.17 0.302221
6 504.36 0.03 504.37 0.06 0.421345
6 504.43 0.73 504.47 0.82 0.405842
6 504.30 0.34 504.31 0.38 0.452629
6 504.28 0.09 504.29 0.12 0.395570
6 504.38 0.51 504.40 0.55 0.445283
6 504.34 0.71 504.37 0.77 0.420796
6 504.20 0.38 504.21 0.42 0.442965
6 504.20 0.19 504.22 0.22 0.397061
6 504.36 0.23 504.38 0.27 0.417027
6 504.50 0.04 504.54 0.07 0.342959
6 504.41 0.92 504.44 0.98 0.387191
6 504.19 0.54 504.21 0.58 0.439781
6 504.19 0.78 504.22 0.87 0.329797
6 504.35 0.60 504.38 0.66 0.393883
6 504.19 0.07 504.21 0.10 0.310912
6 504.23 0.04 504.25 0.07 0.280988
6 504.22 0.11 504.24 0.14 0.323465
6 504.23 0.82 504.25 0.87 0.327673
6 504.56 0.02 504.58 0.04 0.300651
6 504.19 0.11 504.20 0.14 0.339250
6 504.50 0.13 504.54 0.17 0.286388
6 504.21 0.00 504.24 0.06 0.241550
6 504.51 0.07 504.54 0.09 0.243748
6 504.30 0.79 504.33 0.85 0.327361
6 504.20 0.03 504.21 0.06 0.255515
6 504.43 0.24 504.65 0.77 0.246300
6 504.24 0.01 504.26 0.04 0.241662
6 504.20 0.00 504.22 0.03 0.246574
6 504.46 0.05 504.50 0.07 0.243894
6 504.42 0.00 504.54 0.24 0.202538
6 504.23 0.08 504.24 0.10 0.229189
6 504.43 -0.00 504.47 0.01 0.202101
7 504.30 0.34 504.32 0.38 0.257810
7 504.19 0.54 504.21 0.58 0.268067
7 504.38 0.51 504.40 0.55 0.238404
7 504.34 0.71 504.37 0.77 0.212216
7 504.36 0.23 504.38 0.27 0.208716
7 504.35 0.60 504.38 0.66 0.215972
9 504.28 0.09 504.29 0.12 0.474557
9 504.38 0.51 504.40 0.55 0.505239
9 504.36 0.03 504.37 0.06 0.488656
9 504.20 0.38 504.21 0.42 0.482890
9 504.30 0.34 504.31 0.38 0.490757
9 504.34 0.71 504.37 0.77 0.470928
9 504.20 0.19 504.22 0.22 0.456796
9 504.19 0.54 504.21 0.58 0.488597
9 504.41 0.92 504.44 0.98 0.413474
9 504.36 0.23 504.38 0.27 0.456283
9 504.35 0.60 504.38 0.66 0.450417
9 504.19 0.07 504.21 0.10 0.384791
9 504.22 0.11 504.24 0.14 0.396908
9 504.23 0.04 504.25 0.07 0.348462
9 504.43 0.73 504.47 0.82 0.354617
9 504.19 0.11 504.20 0.14 0.423348
9 504.20 0.03 504.21 0.06 0.328573
9 504.21 0.00 504.24 0.06 0.290149
9 504.50 0.04 504.54 0.07 0.303263
9 504.24 0.01 504.26 0.04 0.313472
9 504.20 0.00 504.22 0.03 0.328191
9 504.19 0.78 504.22 0.87 0.261369
9 504.23 0.82 504.25 0.87 0.318192
9 504.51 0.07 504.54 0.09 0.244542
9 504.50 0.13 504.54 0.17 0.226300
9 504.30 0.79 504.33 0.84 0.310744
9 504.56 0.02 504.58 0.04 0.294424
9 504.10 0.97 504.12 1.00 0.209151
9 504.23 0.08 504.24 0.10 0.303442
9 504.43 -0.00 504.47 0.01 0.221722
9 504.46 0.05 504.50 0.07 0.210046
9 504.22 -0.00 504.24 0.01 0.200964
10 504.34 0.71 504.37 0.77 0.381718
10 504.30 0.34 504.31 0.38 0.296004
10 504.43 0.73 504.47 0.82 0.300747
10 504.41 0.92 504.44 0.98 0.285554
10 504.19 0.78 504.22 0.87 0.257952
10 504.19 0.54 504.21 0.58 0.290894
10 504.35 0.60 504.38 0.66 0.280181
10 504.28 0.08 504.29 0.12 0.248179
10 504.38 0.51 504.40 0.55 0.247005
10 504.23 0.81 504.25 0.86 0.251436
10 504.20 0.19 504.22 0.22 0.227130
10 504.36 0.23 504.38 0.27 0.222804
10 504.19 0.11 504.20 0.14 0.210619
10 504.36 0.03 504.37 0.06 0.207218
10 504.30 0.79 504.33 0.85 0.256506
1 0.17 0.36 0.21 0.42 0.253169
1 0.00 0.00 1.00 1.00 0.201166
1 0.66 0.97 0.69 1.00 0.213965
2 0.00 0.00 1.00 1.00 0.224229
2 0.86 0.34 0.88 0.38 0.206126
2 0.66 0.97 0.69 1.00 0.221952
3 0.48 0.15 0.57 0.23 0.462571
4 0.86 0.34 0.88 0.38 0.632990
4 0.76 0.19 0.78 0.22 0.595440
4 0.84 0.09 0.86 0.12 0.525507
4 0.90 0.71 0.93 0.77 0.595022
4 0.66 0.97 0.69 1.00 0.561934
4 0.75 0.54 0.78 0.58 0.609748
4 0.94 0.51 0.96 0.55 0.575945
4 0.92 0.60 0.94 0.66 0.563164
4 0.92 0.23 0.94 0.27 0.532747
4 0.92 0.03 0.93 0.06 0.484788
4 0.79 0.11 0.80 0.14 0.414258
4 0.75 0.11 0.77 0.14 0.431539
4 0.76 0.38 0.78 0.42 0.495206
4 0.76 0.07 0.77 0.10 0.363159
4 0.71 0.14 0.72 0.16 0.226014
4 0.79 0.07 0.81 0.10 0.330084
4 0.87 0.79 0.89 0.84 0.269640
4 0.80 0.04 0.81 0.07 0.303231
4 0.76 0.03 0.77 0.06 0.299307
4 0.77 0.00 0.78 0.03 0.292591
4 0.15 0.07 0.18 0.09 0.212342
4 0.80 0.01 0.82 0.04 0.234683
5 0.90 0.71 0.93 0.77 0.528938
5 0.84 0.09 0.86 0.12 0.479037
5 0.75 0.54 0.77 0.58 0.534831
5 0.76 0.19 0.78 0.22 0.482320
5 0.86 0.34 0.88 0.38 0.510122
5 0.92 0.60 0.94 0.66 0.485300
5 0.94 0.51 0.96 0.55 0.471771
5 0.92 0.23 0.94 0.27 0.447175
5 0.76 0.38 0.78 0.42 0.441299
5 0.75 0.11 0.77 0.14 0.401023
5 0.92 0.03 0.93 0.06 0.407206
5 0.79 0.11 0.80 0.14 0.373682
5 0.76 0.07 0.77 0.10 0.342614
5 0.80 0.04 0.81 0.07 0.318231
5 0.66 0.97 0.69 1.00 0.311083
5 0.75 0.78 0.78 0.87 0.223367
5 0.77 0.00 0.80 0.06 0.269048
5 0.77 0.00 0.78 0.03 0.294160
5 0.79 0.82 0.82 0.86 0.251345
5 0.87 0.79 0.89 0.84 0.265726
5 0.76 0.03 0.77 0.06 0.299301
5 0.79 0.08 0.81 0.10 0.313066
5 0.80 0.00 0.82 0.04 0.241093
6 0.90 0.71 0.93 0.77 0.394577
6 0.75 0.54 0.77 0.58 0.436937
6 0.84 0.09 0.86 0.12 0.375057
6 0.92 0.23 0.94 0.27 0.391765
6 0.86 0.34 0.88 0.38 0.408647
6 0.76 0.38 0.78 0.42 0.397590
6 0.75 0.78 0.78 0.87 0.340659
6 0.92 0.60 0.94 0.66 0.385100
6 0.92 0.03 0.93 0.06 0.381285
6 0.94 0.51 0.96 0.55 0.376585
6 0.76 0.19 0.78 0.22 0.358823
6 0.79 0.82 0.82 0.87 0.316097
6 0.76 0.07 0.77 0.10 0.259113
6 0.77 0.00 0.80 0.07 0.228256
6 0.75 0.11 0.77 0.14 0.280033
6 0.80 0.04 0.81 0.07 0.221690
6 0.79 0.11 0.80 0.14 0.269057
6 0.87 0.79 0.89 0.84 0.271621
6 0.76 0.03 0.77 0.06 0.218588
6 0.77 0.00 0.78 0.03 0.207459
7 0.75 0.54 0.78 0.58 0.305507
7 0.86 0.34 0.88 0.38 0.268689
7 0.84 0.09 0.86 0.12 0.219279
7 0.90 0.71 0.93 0.77 0.234742
7 0.92 0.60 0.94 0.66 0.253806
7 0.92 0.23 0.94 0.27 0.213277
7 0.76 0.19 0.78 0.22 0.205648
7 0.94 0.51 0.96 0.55 0.200987
9 0.84 0.09 0.86 0.12 0.473325
9 0.76 0.38 0.78 0.42 0.478832
9 0.94 0.51 0.96 0.55 0.477045
9 0.92 0.23 0.94 0.27 0.453593
9 0.90 0.71 0.93 0.77 0.445098
9 0.92 0.03 0.93 0.06 0.444637
9 0.86 0.34 0.88 0.38 0.479897
9 0.92 0.60 0.94 0.66 0.458946
9 0.76 0.19 0.78 0.22 0.453790
9 0.75 0.11 0.77 0.14 0.389928
9 0.77 0.00 0.80 0.06 0.306272
9 0.80 0.04 0.81 0.07 0.326466
9 0.79 0.11 0.80 0.14 0.367754
9 0.76 0.07 0.77 0.10 0.349903
9 0.75 0.78 0.78 0.87 0.233559
9 0.79 0.82 0.82 0.86 0.306216
9 0.76 0.03 0.77 0.06 0.319181
9 0.75 0.54 0.77 0.58 0.504773
9 0.77 0.00 0.78 0.03 0.308427
9 0.80 0.00 0.82 0.04 0.279504
9 0.87 0.79 0.89 0.84 0.269421
9 0.66 0.97 0.69 1.00 0.202417
9 0.79 0.08 0.81 0.10 0.296860
10 0.90 0.71 0.93 0.77 0.418085
10 0.86 0.34 0.88 0.38 0.331526
10 0.75 0.78 0.78 0.87 0.306896
10 0.79 0.81 0.82 0.86 0.322946
10 0.75 0.54 0.77 0.58 0.335736
10 0.92 0.60 0.94 0.66 0.333854
10 0.84 0.08 0.86 0.12 0.263827
10 0.87 0.79 0.89 0.84 0.314760
10 0.94 0.51 0.96 0.55 0.272947
10 0.92 0.23 0.94 0.26 0.239654
10 0.76 0.19 0.78 0.22 0.236913
10 0.76 0.38 0.78 0.42 0.211854
10 0.75 0.11 0.77 0.14 0.203359
1 504.49 0.55 504.50 0.60 0.212623
1 504.10 0.97 504.12 1.00 0.226765
1 504.52 0.00 505.00 0.69 0.213937
2 504.49 0.55 504.50 0.60 0.271214
2 504.67 0.59 504.71 0.68 0.289811
4 504.28 0.09 504.29 0.12 0.486238
4 504.34 0.71 504.37 0.77 0.548213
4 504.30 0.34 504.31 0.38 0.581539
4 504.19 0.54 504.21 0.58 0.558987
4 504.36 0.03 504.37 0.06 0.479368
4 504.20 0.19 504.22 0.22 0.523522
4 504.38 0.51 504.40 0.55 0.495069
4 504.51 0.07 504.54 0.09 0.419299
4 504.50 0.13 504.54 0.17 0.461233
4 504.10 0.97 504.12 1.00 0.449130
4 504.19 0.11 504.20 0.14 0.410833
4 504.36 0.23 504.38 0.27 0.494137
4 504.22 0.11 504.24 0.14 0.391621
4 504.41 0.92 504.44 0.98 0.408271
4 504.35 0.60 504.38 0.66 0.449200
4 504.20 0.38 504.21 0.42 0.474039
4 504.43 0.73 504.47 0.82 0.331599
4 504.93 0.90 504.95 0.92 0.239911
4 504.46 0.05 504.50 0.07 0.384062
4 504.56 0.02 504.58 0.04 0.438496
4 504.19 0.07 504.21 0.10 0.340003
4 504.50 0.04 504.54 0.07 0.396706
4 504.43 -0.00 504.47 0.01 0.299409
4 504.23 0.08 504.25 0.10 0.301837
4 504.49 0.57 504.50 0.59 0.324438
4 504.73 0.95 504.77 0.99 0.201182
4 504.23 0.04 504.25 0.07 0.278201
4 504.20 0.03 504.21 0.06 0.274215
4 504.30 0.79 504.33 0.84 0.274732
4 504.13 0.20 504.14 0.22 0.203102
4 504.85 0.98 504.89 1.00 0.209776
4 504.57 -0.00 504.58 0.01 0.228557
4 504.24 0.01 504.26 0.04 0.230607
4 504.20 0.00 504.22 0.03 0.243874
4 504.23 0.82 504.25 0.87 0.204359
5 504.34 0.71 504.37 0.77 0.543137
5 504.43 0.73 504.47 0.82 0.514777
5 504.28 0.09 504.29 0.12 0.476578
5 504.30 0.34 504.31 0.38 0.520896
5 504.41 0.92 504.44 0.98 0.502823
5 504.38 0.51 504.40 0.55 0.502372
5 504.36 0.03 504.37 0.06 0.476988
5 504.19 0.54 504.21 0.58 0.532492
5 504.20 0.19 504.22 0.22 0.468960
5 504.20 0.38 504.21 0.42 0.467600
5 504.35 0.60 504.38 0.66 0.452795
5 504.19 0.11 504.20 0.14 0.408133
5 504.36 0.23 504.38 0.27 0.456375
5 504.50 0.04 504.54 0.07 0.384842
5 504.51 0.07 504.54 0.09 0.316148
5 504.22 0.11 504.24 0.14 0.378151
5 504.23 0.04 504.25 0.07 0.312138
5 504.19 0.07 504.21 0.10 0.354376
5 504.19 0.78 504.22 0.87 0.263842
5 504.30 0.79 504.33 0.84 0.333415
5 504.50 0.13 504.53 0.17 0.259581
5 504.46 0.05 504.50 0.07 0.317055
5 504.56 0.02 504.58 0.04 0.358133
5 504.10 0.97 504.12 1.00 0.226810
5 504.20 0.03 504.21 0.06 0.296686
5 504.24 0.01 504.26 0.04 0.258348
5 504.23 0.82 504.25 0.87 0.265521
5 504.43 -0.00 504.47 0.01 0.250365
5 504.20 0.00 504.22 0.03 0.295447
5 504.23 0.08 504.24 0.10 0.290472
5 504.21 0.00 504.24 0.06 0.259916
5 504.50 0.13 504.54 0.17 0.302221
6 504.36 0.03 504.37 0.06 0.421345
6 504.43 0.73 504.47 0.82 0.405842
6 504.30 0.34 504.31 0.38 0.452629
6 504.28 0.09 504.29 0.12 0.395570
6 504.38 0.51 504.40 0.55 0.445283
6 504.34 0.71 504.37 0.77 0.420796
6 504.20 0.38 504.21 0.42 0.442965
6 504.20 0.19 504.22 0.22 0.397061
6 504.36 0.23 504.38 0.27 0.417027
6 504.50 0.04 504.54 0.07 0.342959
6 504.41 0.92 504.44 0.98 0.387191
6 504.19 0.54 504.21 0.58 0.439781
6 504.19 0.78 504.22 0.87 0.329797
6 504.35 0.60 504.38 0.66 0.393883
6 504.19 0.07 504.21 0.10 0.310912
6 504.23 0.04 504.25 0.07 0.280988
6 504.22 0.11 504.24 0.14 0.323465
6 504.23 0.82 504.25 0.87 0.327673
6 504.56 0.02 504.58 0.04 0.300651
6 504.19 0.11 504.20 0.14 0.339250
6 504.50 0.13 504.54 0.17 0.286388
6 504.21 0.00 504.24 0.06 0.241550
6 504.51 0.07 504.54 0.09 0.243748
6 504.30 0.79 504.33 0.85 0.327361
6 504.20 0.03 504.21 0.06 0.255515
6 504.43 0.24 504.65 0.77 0.246300
6 504.24 0.01 504.26 0.04 0.241662
6 504.20 0.00 504.22 0.03 0.246574
6 504.46 0.05 504.50 0.07 0.243894
6 504.42 0.00 504.54 0.24 0.202538
6 504.23 0.08 504.24 0.10 0.229189
6 504.43 -0.00 504.47 0.01 0.202101
7 504.30 0.34 504.32 0.38 0.257810
7 504.19 0.54 504.21 0.58 0.268067
7 504.38 0.51 504.40 0.55 0.238404
7 504.34 0.71 504.37 0.77 0.212216
7 504.36 0.23 504.38 0.27 0.208716
7 504.35 0.60 504.38 0.66 0.215972
9 504.28 0.09 504.29 0.12 0.474557
9 504.38 0.51 504.40 0.55 0.505239
9 504.36 0.03 504.37 0.06 0.488656
9 504.20 0.38 504.21 0.42 0.482890
9 504.30 0.34 504.31 0.38 0.490757
9 504.34 0.71 504.37 0.77 0.470928
9 504.20 0.19 504.22 0.22 0.456796
9 504.19 0.54 504.21 0.58 0.488597
9 504.41 0.92 504.44 0.98 0.413474
9 504.36 0.23 504.38 0.27 0.456283
9 504.35 0.60 504.38 0.66 0.450417
9 504.19 0.07 504.21 0.10 0.384791
9 504.22 0.11 504.24 0.14 0.396908
9 504.23 0.04 504.25 0.07 0.348462
9 504.43 0.73 504.47 0.82 0.354617
9 504.19 0.11 504.20 0.14 0.423348
9 504.20 0.03 504.21 0.06 0.328573
9 504.21 0.00 504.24 0.06 0.290149
9 504.50 0.04 504.54 0.07 0.303263
9 504.24 0.01 504.26 0.04 0.313472
9 504.20 0.00 504.22 0.03 0.328191
9 504.19 0.78 504.22 0.87 0.261369
9 504.23 0.82 504.25 0.87 0.318192
9 504.51 0.07 504.54 0.09 0.244542
9 504.50 0.13 504.54 0.17 0.226300
9 504.30 0.79 504.33 0.84 0.310744
9 504.56 0.02 504.58 0.04 0.294424
9 504.10 0.97 504.12 1.00 0.209151
9 504.23 0.08 504.24 0.10 0.303442
9 504.43 -0.00 504.47 0.01 0.221722
9 504.46 0.05 504.50 0.07 0.210046
9 504.22 -0.00 504.24 0.01 0.200964
10 504.34 0.71 504.37 0.77 0.381718
10 504.30 0.34 504.31 0.38 0.296004
10 504.43 0.73 504.47 0.82 0.300747
10 504.41 0.92 504.44 0.98 0.285554
10 504.19 0.78 504.22 0.87 0.257952
10 504.19 0.54 504.21 0.58 0.290894
10 504.35 0.60 504.38 0.66 0.280181
10 504.28 0.08 504.29 0.12 0.248179
10 504.38 0.51 504.40 0.55 0.247005
10 504.23 0.81 504.25 0.86 0.251436
10 504.20 0.19 504.22 0.22 0.227130
10 504.36 0.23 504.38 0.27 0.222804
10 504.19 0.11 504.20 0.14 0.210619
10 504.36 0.03 504.37 0.06 0.207218
10 504.30 0.79 504.33 0.85 0.256506
