1 0.60 0.21 0.62 0.24 0.595006
1 0.70 0.19 0.72 0.22 0.328926
1 0.96 0.34 0.98 0.38 0.266340
2 0.60 0.21 0.62 0.24 0.633368
2 0.70 0.19 0.72 0.22 0.450136
2 0.96 0.34 0.98 0.38 0.360351
2 0.93 0.43 0.96 0.45 0.253535
2 0.77 0.15 0.80 0.19 0.210445
3 0.60 0.49 0.64 0.53 0.325336
3 0.97 0.41 1.00 0.47 0.200109
3 0.70 0.19 0.72 0.22 0.248287
4 0.55 0.10 0.66 0.15 0.644063
4 0.53 0.36 0.63 0.46 0.655720
4 0.80 0.22 0.91 0.30 0.632759
4 0.72 0.05 0.79 0.11 0.546230
4 0.27 0.06 0.29 0.08 0.215475
4 0.77 0.16 0.80 0.19 0.213987
4 0.39 0.08 0.41 0.10 0.208743
5 0.80 0.21 0.91 0.30 0.638576
5 0.53 0.36 0.63 0.46 0.652636
5 0.55 0.10 0.66 0.15 0.404782
5 0.72 0.05 0.79 0.11 0.369180
6 0.53 0.36 0.63 0.46 0.402475
6 0.79 0.21 0.91 0.30 0.404645
6 0.55 0.10 0.66 0.15 0.390118
6 0.45 0.58 0.59 0.75 0.253398
6 0.72 0.05 0.79 0.11 0.337028
7 0.55 0.10 0.66 0.15 0.280597
7 0.79 0.21 0.91 0.30 0.241731
7 0.53 0.36 0.63 0.46 0.213852
7 0.11 0.65 0.45 0.93 0.206591
8 0.02 0.63 0.17 0.71 0.227764
8 0.57 0.29 1.00 0.84 0.232823
8 0.11 0.65 0.45 0.92 0.254136
9 0.45 0.58 0.59 0.75 0.337508
9 0.80 0.21 0.91 0.30 0.307375
9 0.53 0.36 0.63 0.46 0.323040
9 0.55 0.10 0.66 0.15 0.267027
9 0.72 0.05 0.79 0.11 0.219965
10 0.20 0.66 0.32 0.84 0.342831
10 0.53 0.36 0.63 0.46 0.318772
10 0.11 0.65 0.45 0.93 0.293885
10 0.79 0.21 0.91 0.30 0.297201
10 0.03 0.34 0.08 0.42 0.225337
10 0.02 0.64 0.08 0.71 0.259158
10 0.72 0.05 0.79 0.11 0.232104
10 0.55 0.10 0.66 0.15 0.247294
10 0.21 0.82 0.27 0.90 0.226819
10 0.31 0.76 0.37 0.87 0.204160
10 0.11 0.71 0.21 0.88 0.270290
1 716.13 0.43 716.16 0.45 0.243240
1 716.00 0.00 717.00 1.00 0.233701
1 716.26 0.93 716.29 0.96 0.218249
2 716.13 0.43 716.16 0.45 0.248750
2 716.26 0.93 716.29 0.96 0.226480
2 716.10 0.80 716.13 0.83 0.220418
2 716.74 0.00 716.78 0.01 0.232249
2 716.00 0.00 717.00 1.00 0.219868
2 716.00 0.21 716.11 0.30 0.202521
2 716.37 0.62 716.50 0.72 0.201832
2 716.23 0.45 716.35 0.55 0.201342
4 716.42 0.67 716.55 0.78 0.593511
4 716.00 0.22 716.11 0.30 0.694832
4 716.23 0.45 716.35 0.55 0.589748
4 716.57 0.92 716.71 1.00 0.722991
4 716.37 0.62 716.50 0.72 0.604980
4 716.19 0.42 716.30 0.51 0.575884
5 716.37 0.62 716.50 0.72 0.612696
5 716.00 0.21 716.11 0.30 0.644074
5 716.23 0.45 716.35 0.55 0.573146
5 716.42 0.67 716.55 0.78 0.548274
5 716.57 0.92 716.71 1.00 0.538294
5 716.19 0.42 716.30 0.51 0.502046
6 716.00 0.21 716.11 0.30 0.416034
6 716.23 0.45 716.35 0.55 0.338778
6 716.37 0.62 716.50 0.72 0.348192
6 716.42 0.67 716.55 0.78 0.306110
6 716.19 0.42 716.30 0.51 0.295497
6 716.18 0.28 716.26 0.39 0.203210
6 716.57 0.92 716.71 1.00 0.226989
8 716.39 0.48 716.49 0.60 0.317705
8 716.64 0.72 716.76 0.84 0.302177
8 716.00 0.48 716.46 1.00 0.254165
8 716.35 0.00 717.00 0.53 0.220255
8 716.18 0.28 716.26 0.36 0.236517
9 716.00 0.21 716.11 0.30 0.351278
9 716.18 0.28 716.26 0.39 0.232791
9 716.37 0.62 716.50 0.72 0.257117
9 716.23 0.45 716.35 0.55 0.232204
9 716.42 0.67 716.55 0.78 0.200242
10 716.79 0.00 716.93 0.11 0.438459
10 716.00 0.21 716.11 0.30 0.304538
10 716.42 0.67 716.55 0.78 0.255970
10 716.23 0.45 716.35 0.55 0.258522
10 716.37 0.62 716.50 0.72 0.248822
10 716.85 0.18 716.90 0.24 0.200228
10 716.19 0.42 716.30 0.51 0.222342
1 1020.00 0.00 1021.00 1.00 0.323632
1 1020.04 0.62 1020.16 0.72 0.220312
2 1020.00 0.00 1021.00 1.00 0.310368
2 1020.04 0.62 1020.16 0.72 0.233842
2 1020.34 0.92 1020.36 0.93 0.216905
2 1020.08 0.67 1020.21 0.78 0.202374
4 1020.23 0.92 1020.37 1.00 0.703358
4 1020.08 0.67 1020.21 0.78 0.533869
4 1020.04 0.62 1020.16 0.72 0.519687
4 1020.64 0.81 1020.75 0.92 0.258028
5 1020.04 0.62 1020.16 0.72 0.605732
5 1020.08 0.67 1020.21 0.78 0.546275
5 1020.64 0.81 1020.75 0.92 0.299004
5 1020.23 0.92 1020.37 1.00 0.384693
6 1020.64 0.81 1020.75 0.92 0.443829
6 1020.04 0.62 1020.16 0.72 0.431675
6 1020.08 0.67 1020.21 0.78 0.398080
7 1020.64 0.81 1020.75 0.92 0.265658
8 1020.05 0.49 1020.15 0.60 0.263022
8 1020.00 0.00 1021.00 1.00 0.221686
8 1020.00 0.00 1021.00 0.69 0.260838
8 1020.05 0.49 1020.15 0.58 0.216488
9 1020.64 0.81 1020.75 0.92 0.360881
9 1020.04 0.62 1020.16 0.72 0.377787
9 1020.08 0.67 1020.21 0.78 0.313950
9 1020.66 0.59 1021.00 1.00 0.203490
9 1020.30 0.72 1020.52 0.91 0.205246
9 1020.70 0.17 1021.00 0.39 0.209015
9 1020.00 -0.00 1021.00 1.00 0.204297
10 1020.45 0.00 1020.59 0.11 0.392052
10 1020.70 0.17 1021.00 0.37 0.384235
10 1020.64 0.81 1020.75 0.92 0.292254
10 1020.04 0.62 1020.16 0.72 0.289080
10 1020.08 0.67 1020.21 0.78 0.284950
10 1020.84 0.25 1021.00 0.36 0.214021
1 0.60 182.00 0.62 182.04 0.650248
2 0.60 182.00 0.62 182.04 0.602592
2 0.54 182.39 0.55 182.42 0.204987
2 0.71 182.00 0.73 182.02 0.244445
3 0.60 182.29 0.64 182.33 0.301120
4 0.53 182.16 0.62 182.25 0.653766
4 0.80 182.01 0.91 182.10 0.640697
5 0.53 182.16 0.63 182.25 0.682758
5 0.80 182.01 0.91 182.10 0.659690
6 0.53 182.16 0.63 182.25 0.508158
6 0.45 182.38 0.60 182.55 0.309707
6 0.80 182.01 0.91 182.10 0.398182
6 0.20 182.04 0.33 182.19 0.256517
7 0.80 182.01 0.91 182.10 0.258675
7 0.11 182.45 0.45 182.72 0.200382
7 0.53 182.16 0.63 182.25 0.285737
8 0.17 182.72 0.35 182.84 0.220835
8 0.57 182.09 1.00 182.64 0.232557
8 0.39 182.51 0.85 182.90 0.233333
8 0.11 182.45 0.45 182.72 0.241552
8 0.20 182.45 0.45 182.67 0.218699
9 0.45 182.38 0.60 182.55 0.374522
9 0.53 182.16 0.63 182.25 0.517168
9 0.80 182.01 0.91 182.10 0.290580
10 0.20 182.45 0.31 182.63 0.339859
10 0.53 182.16 0.62 182.25 0.343631
10 0.03 182.14 0.08 182.21 0.255388
10 0.80 182.01 0.91 182.10 0.268253
10 0.31 182.56 0.37 182.64 0.246772
10 0.02 182.43 0.08 182.51 0.233020
10 0.11 182.45 0.45 182.72 0.228289
10 0.17 182.74 0.27 182.92 0.251162
10 0.17 182.72 0.35 182.93 0.236324
10 0.11 182.51 0.21 182.68 0.241730
10 0.21 182.62 0.27 182.72 0.220511
1 716.26 182.72 716.29 182.76 0.241850
1 716.13 182.23 716.16 182.25 0.234574
1 716.35 182.43 716.38 182.47 0.236740
1 716.57 182.72 716.71 182.84 0.206631
2 716.26 182.72 716.29 182.76 0.265810
2 716.13 182.23 716.16 182.25 0.228113
2 716.35 182.43 716.38 182.47 0.209011
2 716.90 182.92 716.96 182.96 0.202661
3 716.76 182.72 716.81 182.76 0.213177
3 716.20 182.79 716.24 182.82 0.210108
3 716.65 182.63 716.69 182.66 0.205867
4 716.57 182.72 716.71 182.84 0.690527
4 716.23 182.25 716.35 182.35 0.569197
4 716.00 182.01 716.11 182.10 0.666496
4 716.42 182.47 716.55 182.58 0.566257
4 716.37 182.41 716.50 182.51 0.572450
4 716.19 182.21 716.30 182.31 0.557277
4 716.51 182.80 716.61 182.97 0.648338
4 716.91 182.92 717.00 183.00 0.323612
5 716.00 182.01 716.11 182.10 0.633455
5 716.23 182.25 716.35 182.35 0.566748
5 716.57 182.72 716.71 182.84 0.636198
5 716.37 182.41 716.50 182.51 0.602777
5 716.42 182.47 716.55 182.58 0.548680
5 716.19 182.21 716.30 182.31 0.525369
5 716.51 182.80 716.61 182.97 0.392865
6 716.00 182.01 716.11 182.10 0.396847
6 716.37 182.41 716.50 182.51 0.371383
6 716.23 182.25 716.35 182.35 0.362116
6 716.57 182.72 716.71 182.84 0.337224
6 716.42 182.47 716.55 182.58 0.319846
6 716.19 182.21 716.30 182.31 0.333515
6 716.18 182.08 716.26 182.19 0.256570
6 716.51 182.80 716.61 182.97 0.272711
7 716.51 182.80 716.61 182.97 0.274061
8 716.39 182.28 716.49 182.40 0.304372
8 716.64 182.52 716.76 182.63 0.291587
8 716.00 182.27 716.50 182.93 0.284086
8 716.18 182.08 716.26 182.19 0.214598
8 716.39 182.28 716.49 182.37 0.225870
9 716.00 182.01 716.11 182.10 0.349742
9 716.37 182.41 716.50 182.51 0.290059
9 716.23 182.25 716.35 182.35 0.248797
9 716.18 182.08 716.26 182.19 0.221378
9 716.57 182.72 716.71 182.84 0.273632
9 716.42 182.47 716.55 182.58 0.261363
9 716.19 182.21 716.30 182.31 0.234321
9 716.51 182.80 716.61 182.97 0.240335
10 716.51 182.80 716.61 182.97 0.395955
10 716.23 182.25 716.35 182.35 0.316890
10 716.57 182.72 716.71 182.84 0.347164
10 716.37 182.41 716.50 182.51 0.316641
10 716.00 182.01 716.11 182.10 0.309033
10 716.42 182.47 716.54 182.58 0.291368
10 716.19 182.21 716.30 182.30 0.283273
10 716.13 182.23 716.16 182.25 0.201315
1 1020.17 182.80 1020.27 182.97 0.225651
1 1020.58 182.92 1020.69 183.00 0.200479
1 1020.23 182.72 1020.37 182.84 0.235986
1 1020.01 182.43 1020.04 182.47 0.253895
1 1020.56 182.92 1020.60 182.96 0.206865
1 1020.00 182.00 1021.00 183.00 0.208221
1 1020.56 182.92 1020.62 182.96 0.207787
2 1020.56 182.92 1020.60 182.96 0.267883
2 1020.58 182.93 1020.69 183.00 0.307778
2 1020.01 182.43 1020.04 182.47 0.281036
2 1020.04 182.41 1020.16 182.51 0.200316
2 1020.23 182.72 1020.37 182.84 0.212340
2 1020.56 182.92 1020.62 182.96 0.269118
2 1020.81 182.80 1020.85 182.84 0.205175
4 1020.23 182.72 1020.37 182.84 0.652360
4 1020.08 182.47 1020.21 182.58 0.531903
4 1020.04 182.41 1020.16 182.51 0.533309
4 1020.17 182.80 1020.27 182.97 0.582328
4 1020.31 182.63 1020.35 182.66 0.216718
4 1020.64 182.60 1020.76 182.72 0.234287
5 1020.04 182.41 1020.16 182.51 0.573482
5 1020.08 182.47 1020.21 182.58 0.535466
5 1020.23 182.72 1020.37 182.84 0.562200
5 1020.64 182.60 1020.75 182.72 0.316972
5 1020.17 182.80 1020.27 182.97 0.351745
6 1020.64 182.60 1020.75 182.72 0.422297
6 1020.08 182.47 1020.21 182.58 0.364076
6 1020.00 182.65 1020.16 182.94 0.326670
6 1020.04 182.41 1020.16 182.51 0.382842
6 1020.23 182.72 1020.37 182.84 0.298249
6 1020.17 182.80 1020.27 182.97 0.282492
6 1020.78 182.82 1020.91 182.93 0.215494
7 1020.17 182.80 1020.27 182.97 0.302970
7 1020.64 182.60 1020.75 182.72 0.230084
8 1020.05 182.28 1020.15 182.40 0.228584
8 1020.25 182.00 1021.00 182.49 0.233415
8 1020.00 182.65 1020.16 182.93 0.219055
8 1020.30 182.52 1020.42 182.64 0.215754
8 1020.05 182.28 1020.15 182.37 0.227832
9 1020.64 182.60 1020.75 182.72 0.309438
9 1020.00 182.65 1020.16 182.94 0.289601
9 1020.04 182.41 1020.16 182.51 0.288290
9 1020.17 182.80 1020.27 182.97 0.229940
9 1020.08 182.47 1020.21 182.58 0.257822
9 1020.23 182.72 1020.37 182.84 0.224168
10 1020.17 182.80 1020.27 182.97 0.398296
10 1020.78 182.81 1020.91 182.93 0.311674
10 1020.23 182.72 1020.37 182.84 0.261491
10 1020.20 182.89 1020.27 182.97 0.264279
10 1020.64 182.60 1020.75 182.72 0.236927
10 1020.04 182.41 1020.16 182.51 0.220967
10 1020.08 182.47 1020.21 182.58 0.218292
