1 0.44 0.73 0.45 0.76 0.293224
1 0.31 0.79 0.31 0.80 0.427137
1 0.22 0.78 0.23 0.80 0.219647
2 0.27 0.83 0.28 0.89 0.329396
2 0.44 0.73 0.45 0.76 0.337768
2 0.31 0.79 0.31 0.80 0.415135
2 0.22 0.78 0.23 0.80 0.217998
2 0.27 0.83 0.28 0.87 0.219985
4 0.44 0.95 0.46 0.97 0.328486
4 0.56 0.71 0.58 0.72 0.215418
4 0.37 0.79 0.39 0.80 0.246824
6 0.24 0.85 0.39 1.00 0.463069
6 0.89 0.69 0.95 0.74 0.331706
6 0.59 0.73 0.70 0.76 0.209974
9 0.24 0.85 0.38 1.00 0.342011
9 0.59 0.73 0.70 0.76 0.361450
10 0.81 0.63 0.86 0.72 0.432471
10 0.24 0.85 0.38 1.00 0.254015
10 0.54 0.50 0.61 0.60 0.201218
1 504.24 0.63 504.29 0.72 0.282236
1 504.13 0.87 504.16 0.90 0.226686
2 504.47 0.72 504.84 0.77 0.350603
4 504.57 0.73 504.59 0.75 0.275107
5 504.57 0.73 504.59 0.75 0.253863
6 504.33 0.69 504.39 0.74 0.422988
6 504.53 0.62 505.00 0.78 0.211585
6 504.09 0.73 504.13 0.75 0.203854
9 504.22 0.67 504.25 0.69 0.227224
9 504.03 0.73 504.13 0.76 0.285280
9 504.09 0.73 504.13 0.75 0.240129
9 504.03 0.74 504.10 0.76 0.244132
10 504.24 0.63 504.29 0.72 0.441988
10 504.57 0.73 504.59 0.75 0.210125
1 0.44 154.56 0.45 154.59 0.295873
1 0.31 154.61 0.32 154.63 0.438265
2 0.44 154.56 0.45 154.59 0.317422
2 0.27 154.66 0.28 154.70 0.229595
2 0.22 154.70 0.24 154.74 0.291689
2 0.31 154.61 0.31 154.63 0.402468
2 0.19 154.71 0.21 154.74 0.229437
2 0.38 154.61 0.39 154.63 0.206642
2 0.37 154.62 0.38 154.63 0.202541
4 0.31 154.86 0.35 154.88 0.402996
4 0.46 154.53 0.49 154.54 0.217356
4 0.44 154.78 0.46 154.80 0.310962
4 0.56 154.54 0.58 154.55 0.216498
6 0.24 154.68 0.39 154.83 0.427982
6 0.89 154.52 0.95 154.57 0.324282
6 0.21 154.68 0.40 154.85 0.349591
6 0.81 154.46 0.86 154.55 0.228931
7 0.24 154.68 0.39 154.83 0.276296
8 0.24 154.68 0.38 154.82 0.213351
9 0.24 154.68 0.38 154.83 0.447227
9 0.78 154.50 0.81 154.51 0.224763
9 0.59 154.57 0.67 154.59 0.228134
9 0.59 154.56 0.70 154.59 0.204130
9 0.21 154.68 0.39 154.85 0.260345
10 0.24 154.68 0.38 154.83 0.378721
10 0.81 154.46 0.86 154.55 0.347550
10 0.54 154.32 0.60 154.43 0.207469
10 0.48 154.96 0.51 154.99 0.248645
10 0.21 154.68 0.39 154.85 0.256299
1 504.00 154.54 505.00 155.00 0.271688
1 504.24 154.46 504.29 154.55 0.254655
1 504.33 154.52 504.39 154.57 0.218300
1 504.13 154.70 504.16 154.73 0.215956
2 504.60 154.57 504.84 154.59 0.286945
2 504.62 154.61 505.00 155.00 0.214838
2 504.47 154.54 504.84 154.60 0.294682
2 504.13 154.70 504.16 154.73 0.217476
4 504.57 154.56 504.59 154.57 0.315215
4 504.00 154.54 504.02 154.55 0.246938
5 504.57 154.56 504.59 154.57 0.230262
6 504.33 154.52 504.39 154.57 0.493686
6 504.25 154.46 504.29 154.55 0.250030
6 504.21 154.55 504.23 154.58 0.223590
7 504.33 154.52 504.39 154.57 0.262891
9 504.22 154.50 504.25 154.51 0.241398
9 504.33 154.52 504.39 154.57 0.249007
10 504.24 154.46 504.29 154.55 0.464860
10 504.33 154.52 504.39 154.57 0.287750
10 504.57 154.56 504.59 154.57 0.210068
