1 0.96 0.08 0.97 0.14 0.507390
1 0.86 0.19 0.89 0.25 0.375324
1 0.88 0.19 0.90 0.25 0.215456
2 0.96 0.08 0.97 0.14 0.541493
2 0.86 0.19 0.89 0.25 0.403767
2 0.69 0.35 0.73 0.44 0.217909
2 0.88 0.19 0.90 0.25 0.297164
4 0.47 0.61 0.55 0.74 0.759827
4 0.69 0.35 0.73 0.44 0.741375
4 0.64 0.00 0.68 0.05 0.609870
4 0.59 0.19 0.64 0.26 0.646659
5 0.47 0.61 0.55 0.74 0.665324
5 0.69 0.35 0.73 0.44 0.638144
5 0.64 0.01 0.68 0.05 0.508664
5 0.59 0.19 0.64 0.26 0.476789
6 0.47 0.61 0.55 0.74 0.563022
6 0.69 0.35 0.73 0.44 0.557072
6 0.64 0.01 0.68 0.05 0.449403
6 0.59 0.19 0.64 0.26 0.379954
6 0.87 0.25 0.92 0.36 0.229640
7 0.47 0.61 0.55 0.74 0.463158
7 0.69 0.35 0.73 0.44 0.434067
7 0.64 0.01 0.68 0.05 0.336832
7 0.87 0.25 0.92 0.36 0.247511
7 0.59 0.19 0.64 0.26 0.276723
8 0.47 0.61 0.55 0.74 0.287219
8 0.69 0.35 0.73 0.44 0.282246
8 0.64 0.01 0.68 0.05 0.213844
9 0.69 0.35 0.73 0.44 0.637108
9 0.64 0.01 0.68 0.05 0.520413
9 0.47 0.61 0.55 0.74 0.510560
9 0.59 0.19 0.64 0.26 0.505795
10 0.47 0.61 0.55 0.74 0.563091
10 0.69 0.35 0.73 0.44 0.581101
10 0.59 0.19 0.64 0.26 0.342850
10 0.64 0.01 0.68 0.05 0.352782
10 0.87 0.25 0.92 0.36 0.250328
1 504.40 0.08 504.41 0.14 0.646591
1 504.32 0.19 504.34 0.25 0.280486
2 504.40 0.08 504.41 0.14 0.614595
2 504.32 0.19 504.34 0.25 0.366136
2 504.13 0.35 504.17 0.44 0.236251
2 504.30 0.18 504.34 0.26 0.276062
4 504.13 0.35 504.17 0.44 0.703371
4 504.03 0.19 504.08 0.26 0.624210
4 504.08 0.00 504.12 0.05 0.493713
5 504.13 0.35 504.17 0.44 0.615717
5 504.08 0.01 504.12 0.05 0.439338
5 504.03 0.19 504.08 0.26 0.413380
5 504.08 -0.00 504.14 0.05 0.206807
6 504.13 0.35 504.17 0.44 0.577074
6 504.08 0.01 504.12 0.05 0.409568
6 504.03 0.19 504.08 0.26 0.305449
6 504.08 0.00 504.14 0.05 0.267358
6 504.31 0.25 504.36 0.36 0.245817
7 504.13 0.35 504.17 0.44 0.463419
7 504.08 0.01 504.12 0.05 0.295748
7 504.31 0.25 504.36 0.36 0.245610
7 504.03 0.19 504.08 0.26 0.224164
8 504.13 0.35 504.17 0.44 0.280047
9 504.13 0.35 504.17 0.44 0.603646
9 504.08 0.01 504.12 0.05 0.444861
9 504.03 0.19 504.08 0.26 0.356449
9 504.08 -0.00 504.14 0.05 0.211301
10 504.13 0.35 504.17 0.44 0.596228
10 504.31 0.25 504.36 0.36 0.294792
10 504.42 0.28 504.55 0.39 0.202543
10 504.03 0.19 504.08 0.26 0.261214
10 504.08 0.01 504.12 0.05 0.251423
1 0.96 0.08 0.97 0.14 0.507390
1 0.86 0.19 0.89 0.25 0.375324
1 0.88 0.19 0.90 0.25 0.215456
2 0.96 0.08 0.97 0.14 0.541493
2 0.86 0.19 0.89 0.25 0.403767
2 0.69 0.35 0.73 0.44 0.217909
2 0.88 0.19 0.90 0.25 0.297164
4 0.47 0.61 0.55 0.74 0.759827
4 0.69 0.35 0.73 0.44 0.741375
4 0.64 0.00 0.68 0.05 0.609870
4 0.59 0.19 0.64 0.26 0.646659
5 0.47 0.61 0.55 0.74 0.665324
5 0.69 0.35 0.73 0.44 0.638144
5 0.64 0.01 0.68 0.05 0.508664
5 0.59 0.19 0.64 0.26 0.476789
6 0.47 0.61 0.55 0.74 0.563022
6 0.69 0.35 0.73 0.44 0.557072
6 0.64 0.01 0.68 0.05 0.449403
6 0.59 0.19 0.64 0.26 0.379954
6 0.87 0.25 0.92 0.36 0.229640
7 0.47 0.61 0.55 0.74 0.463158
7 0.69 0.35 0.73 0.44 0.434067
7 0.64 0.01 0.68 0.05 0.336832
7 0.87 0.25 0.92 0.36 0.247511
7 0.59 0.19 0.64 0.26 0.276723
8 0.47 0.61 0.55 0.74 0.287219
8 0.69 0.35 0.73 0.44 0.282246
8 0.64 0.01 0.68 0.05 0.213844
9 0.69 0.35 0.73 0.44 0.637108
9 0.64 0.01 0.68 0.05 0.520413
9 0.47 0.61 0.55 0.74 0.510560
9 0.59 0.19 0.64 0.26 0.505795
10 0.47 0.61 0.55 0.74 0.563091
10 0.69 0.35 0.73 0.44 0.581101
10 0.59 0.19 0.64 0.26 0.342850
10 0.64 0.01 0.68 0.05 0.352782
10 0.87 0.25 0.92 0.36 0.250328
1 504.40 0.08 504.41 0.14 0.646591
1 504.32 0.19 504.34 0.25 0.280486
2 504.40 0.08 504.41 0.14 0.614595
2 504.32 0.19 504.34 0.25 0.366136
2 504.13 0.35 504.17 0.44 0.236251
2 504.30 0.18 504.34 0.26 0.276062
4 504.13 0.35 504.17 0.44 0.703371
4 504.03 0.19 504.08 0.26 0.624210
4 504.08 0.00 504.12 0.05 0.493713
5 504.13 0.35 504.17 0.44 0.615717
5 504.08 0.01 504.12 0.05 0.439338
5 504.03 0.19 504.08 0.26 0.413380
5 504.08 -0.00 504.14 0.05 0.206807
6 504.13 0.35 504.17 0.44 0.577074
6 504.08 0.01 504.12 0.05 0.409568
6 504.03 0.19 504.08 0.26 0.305449
6 504.08 0.00 504.14 0.05 0.267358
6 504.31 0.25 504.36 0.36 0.245817
7 504.13 0.35 504.17 0.44 0.463419
7 504.08 0.01 504.12 0.05 0.295748
7 504.31 0.25 504.36 0.36 0.245610
7 504.03 0.19 504.08 0.26 0.224164
8 504.13 0.35 504.17 0.44 0.280047
9 504.13 0.35 504.17 0.44 0.603646
9 504.08 0.01 504.12 0.05 0.444861
9 504.03 0.19 504.08 0.26 0.356449
9 504.08 -0.00 504.14 0.05 0.211301
10 504.13 0.35 504.17 0.44 0.596228
10 504.31 0.25 504.36 0.36 0.294792
10 504.42 0.28 504.55 0.39 0.202543
10 504.03 0.19 504.08 0.26 0.261214
10 504.08 0.01 504.12 0.05 0.251423
