1 0.35 0.21 0.37 0.23 0.261955
1 0.61 0.76 0.63 0.79 0.222839
1 0.81 0.50 0.82 0.52 0.244411
1 0.27 0.37 0.29 0.40 0.218948
2 0.35 0.21 0.37 0.23 0.330264
2 0.27 0.37 0.29 0.40 0.289636
2 0.61 0.76 0.63 0.79 0.226049
2 0.54 0.18 0.56 0.21 0.272006
2 0.43 0.68 0.44 0.70 0.241651
2 0.26 0.23 0.27 0.25 0.274849
2 0.81 0.50 0.82 0.52 0.268580
2 0.84 0.87 0.85 0.89 0.219062
2 0.73 0.45 0.75 0.47 0.208941
2 0.57 0.79 0.58 0.80 0.213835
2 0.15 0.25 0.16 0.28 0.215412
4 0.36 0.27 0.40 0.31 0.516890
4 0.65 0.61 0.72 0.68 0.504679
4 0.50 0.29 0.54 0.32 0.564975
4 0.29 0.29 0.31 0.31 0.411339
4 0.79 0.73 0.87 0.80 0.418222
4 0.14 0.04 0.16 0.06 0.271630
4 0.22 0.23 0.25 0.25 0.262121
4 0.60 0.56 0.65 0.60 0.426390
4 0.41 0.22 0.45 0.25 0.349836
4 0.38 0.21 0.41 0.23 0.288899
4 0.13 0.28 0.15 0.30 0.231499
4 0.28 0.13 0.31 0.16 0.242701
4 0.74 0.67 0.80 0.74 0.432287
4 0.90 0.82 0.99 0.91 0.373191
4 0.34 0.17 0.37 0.20 0.259993
4 0.30 0.16 0.33 0.19 0.261381
4 0.10 0.01 0.12 0.02 0.241890
4 0.42 0.15 0.45 0.17 0.266430
4 0.03 0.10 0.06 0.12 0.259703
4 0.18 0.07 0.20 0.09 0.201082
4 0.47 0.45 0.51 0.49 0.245996
4 0.44 0.24 0.48 0.27 0.233952
4 0.37 0.19 0.40 0.21 0.254152
4 0.03 0.67 0.09 0.73 0.265518
4 0.99 0.91 1.00 0.94 0.214137
4 0.52 0.21 0.57 0.23 0.224919
5 0.65 0.61 0.72 0.68 0.461558
5 0.74 0.67 0.80 0.74 0.422857
5 0.36 0.27 0.40 0.31 0.350008
5 0.60 0.56 0.64 0.60 0.391326
5 0.50 0.29 0.54 0.32 0.372851
5 0.79 0.73 0.87 0.80 0.384862
5 0.90 0.82 0.99 0.91 0.381719
5 0.14 0.04 0.16 0.06 0.238152
5 0.28 0.13 0.31 0.16 0.208766
5 0.38 0.21 0.41 0.23 0.239504
5 0.22 0.23 0.25 0.25 0.213014
5 0.42 0.15 0.45 0.17 0.218224
5 0.29 0.29 0.31 0.31 0.265339
5 0.41 0.22 0.45 0.25 0.247799
5 0.37 0.19 0.40 0.21 0.213924
5 0.03 0.67 0.09 0.73 0.236892
5 0.30 0.16 0.33 0.19 0.211412
5 0.34 0.17 0.37 0.20 0.210052
5 0.16 0.57 0.21 0.63 0.206194
6 0.90 0.82 0.99 0.91 0.379948
6 0.74 0.67 0.80 0.74 0.338913
6 0.65 0.61 0.72 0.68 0.352479
6 0.79 0.73 0.87 0.80 0.319747
6 0.00 0.18 0.16 0.41 0.230303
6 0.59 0.56 0.64 0.60 0.303423
6 0.50 0.29 0.54 0.32 0.209165
7 0.90 0.82 0.99 0.91 0.216499
7 0.65 0.61 0.72 0.68 0.216120
9 0.90 0.82 0.99 0.91 0.350475
9 0.74 0.67 0.80 0.74 0.318062
9 0.79 0.73 0.87 0.80 0.312627
9 0.60 0.56 0.64 0.60 0.282551
9 0.65 0.61 0.72 0.68 0.309804
9 0.50 0.29 0.54 0.32 0.240500
10 0.31 0.55 0.34 0.58 0.279430
10 0.38 0.61 0.40 0.64 0.247168
10 0.65 0.61 0.72 0.68 0.235558
10 0.34 0.57 0.37 0.61 0.236139
10 0.50 0.29 0.54 0.32 0.204944
1 716.81 0.47 716.83 0.49 0.340484
1 716.93 0.87 716.95 0.89 0.383939
1 716.01 0.50 716.02 0.52 0.287610
1 716.96 0.47 716.97 0.49 0.203167
2 716.81 0.47 716.83 0.49 0.392668
2 716.93 0.87 716.95 0.89 0.340046
2 716.87 0.71 716.92 0.74 0.296526
2 716.01 0.50 716.02 0.52 0.321919
2 716.96 0.47 716.97 0.49 0.293368
2 716.25 0.32 716.26 0.35 0.235464
2 716.06 0.87 716.10 0.91 0.213906
2 716.73 0.46 716.75 0.48 0.243939
2 716.84 0.14 716.85 0.16 0.207876
2 716.76 0.45 716.77 0.46 0.212562
2 716.51 0.50 716.52 0.52 0.200144
2 716.88 0.12 716.89 0.14 0.200102
2 716.81 0.12 716.89 0.17 0.204850
4 716.63 0.91 716.73 0.99 0.521615
4 716.25 0.67 716.33 0.72 0.514996
4 716.52 0.84 716.62 0.92 0.528344
4 716.34 0.72 716.45 0.80 0.468380
4 716.19 0.90 716.25 0.94 0.330248
4 716.00 0.73 716.07 0.81 0.434946
4 716.95 0.69 716.99 0.71 0.385546
4 716.06 0.87 716.10 0.91 0.265163
4 716.10 0.82 716.19 0.91 0.358136
4 716.23 0.94 716.29 0.99 0.216168
4 716.58 0.58 716.61 0.61 0.215002
4 716.19 0.90 716.29 0.99 0.364528
4 716.76 0.13 716.77 0.14 0.213620
4 716.97 0.46 716.99 0.48 0.243354
4 716.20 0.93 716.29 0.99 0.220236
5 716.34 0.72 716.45 0.80 0.637555
5 716.25 0.67 716.33 0.72 0.387866
5 716.52 0.84 716.62 0.92 0.421020
5 716.19 0.90 716.25 0.94 0.265825
5 716.19 0.90 716.29 0.99 0.325123
5 716.63 0.91 716.73 0.99 0.393047
5 716.10 0.82 716.19 0.91 0.248010
5 716.00 0.73 716.07 0.80 0.316007
5 716.45 0.79 716.52 0.84 0.214801
6 716.34 0.72 716.45 0.80 0.444717
6 716.10 0.82 716.19 0.91 0.368044
6 716.25 0.67 716.33 0.72 0.365649
6 716.79 0.36 716.96 0.48 0.245766
6 716.80 0.23 716.91 0.30 0.307796
6 716.52 0.84 716.62 0.92 0.288588
6 716.00 0.72 716.07 0.81 0.308962
6 716.19 0.90 716.29 0.99 0.241931
6 716.45 0.78 716.53 0.85 0.270954
6 716.63 0.91 716.73 0.99 0.244545
7 716.25 0.67 716.33 0.72 0.247131
7 716.19 0.90 716.29 0.99 0.201720
7 716.34 0.72 716.45 0.80 0.210403
7 716.10 0.82 716.19 0.91 0.201211
9 716.34 0.72 716.45 0.80 0.502160
9 716.25 0.67 716.33 0.72 0.426448
9 716.19 0.90 716.29 0.99 0.352507
9 716.10 0.82 716.19 0.91 0.328753
9 716.52 0.84 716.62 0.92 0.345010
9 716.79 0.36 716.96 0.48 0.251460
9 716.00 0.73 716.07 0.81 0.350349
9 716.19 0.90 716.26 0.94 0.217898
9 716.63 0.91 716.73 0.99 0.302117
9 716.45 0.78 716.52 0.85 0.263406
10 716.52 0.84 716.62 0.92 0.403356
10 716.93 0.87 716.95 0.89 0.270845
10 716.25 0.67 716.33 0.72 0.265877
10 716.84 0.24 716.91 0.29 0.268258
10 716.63 0.91 716.73 0.99 0.334570
10 716.80 0.23 716.91 0.30 0.234307
10 716.34 0.72 716.45 0.80 0.315032
10 716.19 0.90 716.29 0.99 0.214666
1 1020.59 0.87 1020.61 0.89 0.423251
1 1020.47 0.47 1020.49 0.49 0.331874
1 1020.80 0.74 1020.82 0.76 0.311460
1 1020.78 0.73 1020.80 0.75 0.233546
2 1020.47 0.47 1020.49 0.49 0.411868
2 1020.59 0.87 1020.61 0.89 0.377062
2 1020.53 0.71 1020.58 0.74 0.275998
2 1020.78 0.73 1020.80 0.75 0.328101
2 1020.54 0.12 1020.55 0.14 0.230350
2 1020.80 0.74 1020.82 0.76 0.376392
2 1020.62 0.47 1020.63 0.49 0.293153
2 1020.47 0.14 1020.49 0.16 0.238966
2 1020.42 0.10 1020.43 0.12 0.224455
2 1020.91 0.09 1020.93 0.11 0.263511
2 1020.42 0.45 1020.43 0.47 0.201874
2 1020.15 0.50 1020.16 0.52 0.217693
2 1020.78 0.73 1020.82 0.76 0.287201
2 1020.72 0.79 1020.73 0.82 0.202679
2 1020.39 0.46 1020.41 0.48 0.214515
3 1020.72 0.79 1020.75 0.82 0.320529
3 1020.61 0.69 1020.65 0.71 0.243417
3 1020.59 0.87 1020.62 0.89 0.243282
3 1020.78 0.73 1020.82 0.76 0.200375
4 1020.87 0.67 1020.97 0.72 0.594613
4 1020.18 0.84 1020.28 0.92 0.569646
4 1020.72 0.79 1020.75 0.82 0.448365
4 1020.00 0.72 1020.11 0.80 0.520290
4 1020.29 0.91 1020.39 0.99 0.554748
4 1020.95 0.05 1020.98 0.07 0.323464
4 1020.78 0.73 1020.82 0.76 0.395106
4 1020.62 0.69 1020.65 0.71 0.404077
4 1020.90 0.05 1020.94 0.07 0.293853
4 1020.74 0.17 1020.77 0.18 0.203392
4 1020.80 0.02 1020.83 0.03 0.202794
4 1020.57 0.14 1020.58 0.15 0.226686
4 1020.83 0.02 1020.86 0.03 0.203592
4 1020.63 0.46 1020.65 0.48 0.209933
4 1020.80 0.03 1020.83 0.05 0.213235
4 1020.93 0.87 1020.96 0.90 0.201036
5 1020.00 0.72 1020.11 0.80 0.619142
5 1020.87 0.67 1020.97 0.72 0.483094
5 1020.29 0.91 1020.39 0.99 0.438323
5 1020.18 0.84 1020.28 0.92 0.470902
5 1020.90 0.05 1020.94 0.07 0.272073
5 1020.95 0.05 1020.98 0.07 0.250748
6 1020.00 0.72 1020.11 0.80 0.403503
6 1020.45 0.36 1020.62 0.48 0.282411
6 1020.46 0.23 1020.57 0.30 0.267400
6 1020.83 0.00 1020.89 0.03 0.201255
6 1020.72 0.79 1020.75 0.82 0.205267
6 1020.18 0.84 1020.28 0.92 0.283109
6 1020.50 0.24 1020.57 0.29 0.238373
6 1020.11 0.78 1020.19 0.85 0.258774
6 1020.87 0.67 1020.97 0.73 0.247515
6 1020.29 0.91 1020.39 0.99 0.225451
7 1020.72 0.79 1020.75 0.82 0.243398
9 1020.00 0.72 1020.11 0.80 0.475285
9 1020.45 0.36 1020.62 0.48 0.270784
9 1020.18 0.84 1020.28 0.92 0.306972
9 1020.11 0.78 1020.18 0.84 0.261670
9 1020.87 0.67 1020.97 0.72 0.288144
9 1020.29 0.91 1020.39 0.99 0.268627
10 1020.49 0.24 1020.57 0.30 0.394308
10 1020.18 0.84 1020.28 0.92 0.388935
10 1020.72 0.79 1020.75 0.82 0.276770
10 1020.29 0.91 1020.39 0.99 0.302712
10 1020.87 0.67 1020.97 0.72 0.201456
10 1020.00 0.72 1020.11 0.80 0.237381
10 1020.46 0.23 1020.57 0.30 0.229297
1 0.95 182.87 0.97 182.94 0.556595
1 0.35 182.01 0.37 182.03 0.240952
2 0.95 182.87 0.97 182.94 0.635665
2 0.35 182.01 0.37 182.03 0.379785
2 0.27 182.17 0.29 182.20 0.297519
2 0.43 182.48 0.44 182.50 0.253338
2 0.59 182.74 0.60 182.76 0.249089
2 0.81 182.30 0.82 182.32 0.220345
2 0.53 182.88 0.54 182.89 0.253742
2 0.55 182.58 0.57 182.60 0.220644
2 0.58 182.60 0.59 182.62 0.204395
2 0.84 182.67 0.85 182.68 0.209999
2 0.26 182.03 0.27 182.05 0.267976
2 0.15 182.05 0.16 182.07 0.249644
2 0.57 182.59 0.58 182.60 0.203599
3 0.95 182.90 0.97 182.94 0.231471
4 0.36 182.07 0.40 182.10 0.566008
4 0.50 182.08 0.54 182.11 0.578513
4 0.65 182.41 0.72 182.48 0.500040
4 0.28 182.09 0.31 182.11 0.452977
4 0.41 182.02 0.45 182.05 0.385086
4 0.38 182.01 0.41 182.03 0.358939
4 0.74 182.47 0.80 182.54 0.412729
4 0.60 182.35 0.64 182.40 0.404390
4 0.27 182.17 0.29 182.20 0.285181
4 0.22 182.03 0.25 182.05 0.257052
4 0.03 182.46 0.09 182.53 0.315802
4 0.47 182.25 0.52 182.29 0.347864
4 0.14 182.08 0.15 182.09 0.216335
4 0.79 182.52 0.87 182.60 0.305642
4 0.94 182.65 0.99 182.71 0.227990
4 0.90 182.62 0.99 182.71 0.271218
4 0.44 182.04 0.47 182.06 0.230749
4 0.26 182.05 0.28 182.07 0.221213
4 0.83 182.56 0.87 182.60 0.218302
4 0.79 182.52 0.84 182.57 0.201516
4 0.35 182.01 0.37 182.03 0.251327
5 0.74 182.47 0.80 182.54 0.406426
5 0.65 182.41 0.72 182.47 0.438737
5 0.60 182.35 0.64 182.40 0.386364
5 0.50 182.08 0.54 182.11 0.337238
5 0.36 182.07 0.40 182.10 0.334392
5 0.90 182.62 0.99 182.71 0.352590
5 0.28 182.08 0.31 182.11 0.283163
5 0.38 182.01 0.41 182.03 0.284414
5 0.79 182.52 0.86 182.60 0.316305
5 0.41 182.02 0.45 182.05 0.251843
5 0.03 182.46 0.10 182.52 0.259550
5 0.37 182.00 0.41 182.03 0.225036
5 0.47 182.25 0.52 182.29 0.234565
6 0.90 182.62 0.99 182.71 0.378977
6 0.74 182.47 0.80 182.54 0.293990
6 0.37 182.00 0.41 182.03 0.211720
6 0.65 182.41 0.72 182.48 0.287093
6 0.60 182.35 0.64 182.40 0.295378
6 0.79 182.52 0.86 182.60 0.261702
6 0.47 182.25 0.52 182.29 0.244672
6 0.50 182.08 0.54 182.12 0.210360
7 0.90 182.62 0.99 182.71 0.211111
8 0.43 182.78 1.00 183.00 0.308875
9 0.90 182.62 0.99 182.71 0.353664
9 0.37 182.00 0.41 182.03 0.295295
9 0.74 182.47 0.80 182.54 0.278244
9 0.60 182.35 0.64 182.40 0.265654
9 0.79 182.52 0.86 182.60 0.278287
9 0.65 182.41 0.72 182.47 0.274257
9 0.50 182.08 0.54 182.11 0.221464
9 0.47 182.25 0.52 182.29 0.218977
9 0.12 182.62 0.40 183.00 0.214907
10 0.65 182.41 0.72 182.47 0.233033
10 0.50 182.08 0.54 182.12 0.209295
1 716.15 182.87 716.17 182.94 0.526148
1 716.93 182.67 716.95 182.69 0.299386
1 716.81 182.26 716.83 182.29 0.224175
1 716.36 182.97 716.37 182.99 0.223246
1 716.29 182.90 716.31 182.94 0.272054
1 716.27 182.90 716.29 182.98 0.206874
1 716.27 182.89 716.29 182.95 0.209072
2 716.15 182.87 716.17 182.94 0.566539
2 716.87 182.50 716.92 182.54 0.270907
2 716.93 182.67 716.95 182.69 0.264254
2 716.81 182.27 716.83 182.29 0.265466
2 716.27 182.89 716.29 182.95 0.305834
2 716.36 182.97 716.37 182.99 0.301470
2 716.29 182.90 716.31 182.94 0.373718
2 716.27 182.90 716.29 182.95 0.247969
2 716.27 182.89 716.31 182.95 0.308643
2 716.25 182.87 716.27 182.91 0.262075
2 716.22 182.81 716.24 182.85 0.223897
2 716.96 182.27 716.97 182.29 0.218886
2 716.28 182.89 716.29 182.94 0.268433
3 716.95 182.48 716.99 182.51 0.233212
3 716.93 182.67 716.96 182.70 0.259944
3 716.31 182.93 716.34 182.96 0.204667
3 716.15 182.90 716.17 182.94 0.259107
4 716.77 182.80 716.88 182.89 0.560484
4 716.52 182.64 716.62 182.71 0.524680
4 716.63 182.71 716.73 182.79 0.547763
4 716.44 182.85 716.55 182.95 0.449671
4 716.34 182.51 716.45 182.59 0.494373
4 716.30 182.80 716.37 182.87 0.339822
4 716.95 182.49 716.99 182.51 0.458398
4 716.25 182.46 716.33 182.52 0.527782
4 716.19 182.70 716.29 182.79 0.445272
4 716.41 182.97 716.45 183.00 0.276441
4 716.00 182.52 716.07 182.60 0.389429
4 716.89 182.88 716.95 182.95 0.298900
4 716.10 182.62 716.19 182.71 0.370764
4 716.19 182.70 716.26 182.74 0.201931
4 716.21 182.82 716.30 182.90 0.250924
4 716.61 182.98 716.65 183.00 0.244281
4 716.41 182.89 716.51 182.98 0.273317
4 716.89 182.88 717.00 182.95 0.363797
4 716.06 182.67 716.10 182.71 0.231646
4 716.45 182.58 716.53 182.64 0.316400
4 716.97 182.25 716.99 182.27 0.241206
4 716.87 182.50 716.92 182.54 0.248941
4 716.30 182.80 716.39 182.89 0.358216
4 716.61 182.97 716.76 183.00 0.249641
5 716.34 182.51 716.45 182.59 0.559867
5 716.44 182.85 716.55 182.95 0.502341
5 716.89 182.88 716.95 182.95 0.329396
5 716.30 182.80 716.37 182.87 0.375961
5 716.77 182.80 716.88 182.89 0.424792
5 716.19 182.70 716.29 182.79 0.357968
5 716.25 182.46 716.33 182.52 0.376085
5 716.52 182.64 716.62 182.71 0.356003
5 716.63 182.71 716.73 182.79 0.355392
5 716.10 182.62 716.19 182.71 0.319012
5 716.45 182.58 716.52 182.64 0.311081
5 716.89 182.87 717.00 182.99 0.220131
5 716.00 182.52 716.07 182.60 0.308134
5 716.61 182.98 716.65 183.00 0.221834
5 716.89 182.88 717.00 182.95 0.264593
5 716.30 182.80 716.39 182.89 0.294258
6 716.34 182.51 716.45 182.59 0.414082
6 716.10 182.62 716.19 182.71 0.395341
6 716.80 182.03 716.91 182.09 0.317014
6 716.45 182.58 716.53 182.64 0.329231
6 716.44 182.85 716.55 182.95 0.300388
6 716.89 182.87 717.00 182.99 0.259007
6 716.79 182.16 716.96 182.28 0.261342
6 716.30 182.80 716.37 182.87 0.268575
6 716.00 182.52 716.07 182.60 0.332021
6 716.19 182.70 716.29 182.79 0.289636
6 716.25 182.46 716.33 182.52 0.335693
6 716.77 182.80 716.88 182.89 0.269848
6 716.52 182.64 716.62 182.71 0.260817
6 716.89 182.88 716.95 182.95 0.205526
6 716.63 182.71 716.73 182.79 0.242487
7 716.10 182.62 716.19 182.71 0.217532
7 716.25 182.46 716.33 182.52 0.225948
9 716.34 182.51 716.45 182.59 0.436396
9 716.10 182.62 716.19 182.71 0.343375
9 716.44 182.85 716.55 182.95 0.315051
9 716.25 182.46 716.33 182.52 0.368357
9 716.45 182.58 716.52 182.64 0.316733
9 716.89 182.88 716.95 182.95 0.207180
9 716.79 182.16 716.96 182.27 0.228631
9 716.30 182.80 716.36 182.87 0.246087
9 716.00 182.52 716.07 182.60 0.301727
9 716.77 182.80 716.88 182.89 0.282960
9 716.52 182.64 716.62 182.71 0.266527
9 716.89 182.87 717.00 182.99 0.231267
9 716.19 182.70 716.29 182.79 0.344739
9 716.63 182.71 716.73 182.79 0.256209
10 716.52 182.64 716.62 182.71 0.337247
10 716.93 182.67 716.95 182.69 0.262802
10 716.44 182.85 716.55 182.95 0.287908
10 716.34 182.51 716.45 182.59 0.286864
10 716.63 182.71 716.73 182.79 0.299714
10 716.77 182.80 716.88 182.89 0.275486
10 716.83 182.04 716.91 182.09 0.225827
10 716.89 182.88 716.95 182.95 0.230528
10 716.25 182.46 716.33 182.52 0.215060
10 716.30 182.80 716.36 182.87 0.205224
10 716.19 182.70 716.29 182.79 0.227550
1 1020.59 182.67 1020.61 182.69 0.397344
1 1020.47 182.26 1020.49 182.29 0.291584
1 1020.53 182.50 1020.58 182.54 0.200403
1 1020.80 182.54 1020.82 182.56 0.346339
1 1020.78 182.53 1020.80 182.55 0.327172
2 1020.53 182.50 1020.58 182.54 0.318612
2 1020.59 182.67 1020.61 182.69 0.405649
2 1020.47 182.26 1020.49 182.29 0.376853
2 1020.78 182.53 1020.80 182.55 0.377695
2 1020.80 182.54 1020.82 182.56 0.372121
2 1020.72 182.82 1020.76 182.88 0.253526
2 1020.42 182.25 1020.43 182.27 0.240896
2 1020.72 182.59 1020.75 182.62 0.241860
2 1020.02 182.97 1020.03 182.99 0.249188
2 1020.74 182.82 1020.76 182.86 0.216814
2 1020.62 182.27 1020.63 182.29 0.270564
2 1020.29 182.66 1020.31 182.69 0.204335
2 1020.56 182.50 1020.58 182.53 0.246041
2 1020.78 182.53 1020.82 182.56 0.315307
3 1020.72 182.59 1020.75 182.62 0.274138
3 1020.61 182.49 1020.65 182.51 0.214928
3 1020.60 182.67 1020.62 182.69 0.200219
3 1020.59 182.67 1020.62 182.69 0.208072
4 1020.87 182.47 1020.97 182.52 0.555544
4 1020.43 182.80 1020.54 182.89 0.584435
4 1020.18 182.64 1020.28 182.71 0.547715
4 1020.10 182.85 1020.21 182.96 0.453188
4 1020.29 182.71 1020.39 182.79 0.554852
4 1020.00 182.51 1020.11 182.59 0.507433
4 1020.61 182.49 1020.65 182.51 0.434382
4 1020.56 182.88 1020.61 182.94 0.420826
4 1020.72 182.59 1020.75 182.62 0.401342
4 1020.07 182.97 1020.11 183.00 0.251487
4 1020.00 182.81 1020.05 182.90 0.378846
4 1020.07 182.89 1020.17 182.98 0.271908
4 1020.65 182.73 1020.69 182.76 0.203316
4 1020.00 182.81 1020.02 182.84 0.223602
4 1020.27 182.98 1020.31 183.00 0.229440
4 1020.31 182.16 1020.35 182.19 0.201734
4 1020.78 182.53 1020.82 182.56 0.281954
5 1020.00 182.51 1020.11 182.59 0.540277
5 1020.10 182.85 1020.21 182.96 0.460921
5 1020.43 182.80 1020.54 182.89 0.374908
5 1020.87 182.47 1020.97 182.52 0.414327
5 1020.56 182.88 1020.61 182.94 0.295235
5 1020.18 182.64 1020.28 182.71 0.323589
5 1020.00 182.81 1020.05 182.90 0.302905
5 1020.29 182.71 1020.39 182.79 0.311420
5 1020.00 182.81 1020.02 182.84 0.214659
5 1020.11 182.58 1020.18 182.64 0.264536
6 1020.55 182.88 1020.76 183.00 0.399406
6 1020.00 182.51 1020.11 182.59 0.381079
6 1020.45 182.16 1020.62 182.28 0.304817
6 1020.43 182.80 1020.54 182.89 0.287950
6 1020.46 182.03 1020.57 182.09 0.270451
6 1020.10 182.85 1020.21 182.95 0.261955
6 1020.18 182.64 1020.28 182.71 0.255443
6 1020.11 182.58 1020.19 182.64 0.299012
6 1020.29 182.71 1020.39 182.79 0.214517
6 1020.87 182.47 1020.97 182.52 0.224741
9 1020.00 182.51 1020.11 182.59 0.444635
9 1020.56 182.88 1020.76 183.00 0.250483
9 1020.12 182.58 1020.18 182.64 0.272593
9 1020.45 182.16 1020.62 182.28 0.233654
9 1020.10 182.85 1020.21 182.95 0.242159
9 1020.18 182.64 1020.28 182.71 0.252418
9 1020.43 182.80 1020.54 182.89 0.246275
9 1020.29 182.71 1020.39 182.79 0.226140
9 1020.87 182.47 1020.97 182.52 0.244456
10 1020.18 182.64 1020.28 182.71 0.351358
10 1020.43 182.80 1020.54 182.89 0.312260
10 1020.50 182.04 1020.57 182.09 0.288974
10 1020.72 182.59 1020.75 182.62 0.267500
10 1020.29 182.71 1020.39 182.79 0.317307
10 1020.56 182.88 1020.61 182.94 0.276199
10 1020.59 182.67 1020.61 182.69 0.236404
10 1020.10 182.85 1020.21 182.96 0.274439
10 1020.00 182.51 1020.11 182.59 0.255641
