1 0.92 0.55 0.93 0.57 0.482800
1 0.79 0.48 0.80 0.50 0.345008
2 0.92 0.55 0.93 0.57 0.432724
2 0.67 0.38 1.00 0.58 0.301533
2 0.79 0.48 0.80 0.50 0.290530
2 0.76 0.45 0.77 0.47 0.207932
2 0.79 0.48 0.80 0.50 0.211987
4 0.90 0.50 0.92 0.52 0.534509
4 0.93 0.52 0.96 0.54 0.544501
4 0.21 0.50 0.23 0.51 0.303109
4 0.98 0.54 1.00 0.57 0.377341
4 0.83 0.48 0.85 0.50 0.388967
4 0.37 0.57 0.38 0.57 0.204305
4 0.79 0.44 0.81 0.45 0.211318
4 0.30 0.48 0.31 0.49 0.216551
4 0.73 0.43 0.74 0.44 0.216659
4 0.77 0.43 0.79 0.44 0.240843
4 0.03 0.50 0.04 0.52 0.229833
5 0.98 0.54 1.00 0.57 0.418120
5 0.90 0.50 0.92 0.52 0.311952
5 0.25 0.48 0.29 0.50 0.247457
5 0.83 0.48 0.85 0.50 0.301898
5 0.93 0.52 0.96 0.54 0.248298
6 0.98 0.54 1.00 0.57 0.428517
6 0.42 0.44 0.46 0.45 0.272934
6 0.83 0.48 0.85 0.51 0.302578
6 0.90 0.50 0.92 0.52 0.273090
6 0.83 0.48 0.85 0.50 0.259512
6 0.93 0.52 0.96 0.54 0.203681
6 0.25 0.48 0.29 0.50 0.263643
9 0.98 0.54 1.00 0.57 0.460146
9 0.42 0.44 0.46 0.45 0.276831
9 0.90 0.50 0.92 0.52 0.347481
9 0.83 0.48 0.85 0.51 0.257238
9 0.93 0.52 0.96 0.54 0.269566
9 0.75 0.43 0.76 0.44 0.204350
9 0.83 0.48 0.85 0.50 0.308526
9 0.25 0.48 0.29 0.50 0.322771
9 0.79 0.44 0.81 0.45 0.204337
10 0.90 0.50 0.92 0.52 0.275909
10 0.98 0.54 1.00 0.57 0.237828
10 0.93 0.52 0.96 0.54 0.271530
1 504.36 0.55 504.37 0.57 0.409889
1 504.72 0.58 504.74 0.61 0.257934
1 504.75 0.59 504.77 0.61 0.306247
1 504.78 0.81 504.80 0.85 0.301160
1 504.23 0.48 504.24 0.50 0.312276
1 504.64 0.55 504.65 0.57 0.237150
1 504.74 0.76 504.77 0.81 0.222187
1 504.67 0.57 504.69 0.59 0.212807
1 504.77 0.81 504.81 0.87 0.202378
2 504.36 0.55 504.37 0.57 0.474102
2 504.72 0.58 504.74 0.61 0.429293
2 504.78 0.81 504.80 0.85 0.420074
2 504.75 0.59 504.77 0.61 0.437245
2 504.23 0.48 504.24 0.50 0.387830
2 504.64 0.55 504.65 0.57 0.383983
2 504.74 0.76 504.77 0.81 0.377954
2 504.67 0.57 504.69 0.59 0.357008
2 504.48 0.62 504.50 0.64 0.298388
2 504.58 0.54 504.60 0.55 0.332497
2 504.16 0.42 504.90 0.88 0.234043
2 504.48 0.61 504.51 0.64 0.211228
2 504.29 0.46 504.30 0.48 0.234357
2 504.56 0.53 504.57 0.55 0.263655
2 504.55 0.53 504.78 0.61 0.234325
2 504.26 0.49 504.26 0.50 0.216521
2 504.77 0.81 504.81 0.87 0.226052
3 504.74 0.78 504.77 0.81 0.206039
4 504.71 0.71 504.80 0.77 0.602703
4 504.55 0.63 504.61 0.67 0.563126
4 504.47 0.57 504.51 0.61 0.495558
4 504.33 0.50 504.36 0.52 0.508834
4 504.80 0.72 504.91 0.78 0.558575
4 504.37 0.52 504.40 0.54 0.489900
4 504.60 0.62 504.66 0.66 0.511285
4 504.53 0.54 504.56 0.56 0.479858
4 504.69 0.61 504.74 0.64 0.491496
4 504.42 0.55 504.45 0.57 0.380179
4 504.64 0.56 504.65 0.57 0.333203
4 504.42 0.54 504.45 0.56 0.402320
4 504.48 0.61 504.51 0.63 0.381457
4 504.58 0.54 504.60 0.55 0.361536
4 504.56 0.53 504.57 0.55 0.313097
4 504.27 0.48 504.28 0.50 0.414201
4 504.67 0.47 504.69 0.48 0.263872
4 504.23 0.44 504.25 0.45 0.200394
4 504.67 0.57 504.69 0.59 0.203930
4 504.21 0.43 504.22 0.44 0.201490
4 504.64 0.46 504.65 0.47 0.274300
4 504.75 0.59 504.77 0.61 0.218658
4 504.32 0.48 504.34 0.48 0.230510
5 504.60 0.62 504.66 0.65 0.498046
5 504.80 0.72 504.91 0.78 0.429211
5 504.42 0.54 504.45 0.57 0.304782
5 504.33 0.50 504.36 0.52 0.326114
5 504.55 0.63 504.61 0.67 0.393904
5 504.47 0.57 504.51 0.61 0.331281
5 504.69 0.61 504.74 0.64 0.334491
5 504.42 0.54 504.45 0.56 0.300074
5 504.71 0.71 504.80 0.76 0.351820
5 504.53 0.54 504.56 0.56 0.317969
5 504.37 0.52 504.40 0.54 0.280511
5 504.27 0.48 504.28 0.50 0.306960
5 504.42 0.55 504.45 0.57 0.246623
6 504.42 0.54 504.45 0.57 0.308659
6 504.54 0.43 504.57 0.45 0.317649
6 504.27 0.48 504.29 0.51 0.289681
6 504.33 0.50 504.36 0.52 0.279016
6 504.60 0.62 504.66 0.66 0.216028
6 504.53 0.54 504.56 0.56 0.278246
6 504.69 0.61 504.74 0.64 0.248842
6 504.47 0.57 504.51 0.61 0.207946
6 504.27 0.48 504.28 0.50 0.238642
6 504.37 0.52 504.40 0.54 0.201503
6 504.55 0.63 504.61 0.67 0.201495
6 504.59 0.45 504.61 0.47 0.216121
9 504.42 0.54 504.45 0.57 0.295154
9 504.33 0.50 504.36 0.52 0.283827
9 504.54 0.43 504.57 0.45 0.316887
9 504.69 0.61 504.74 0.63 0.219242
9 504.53 0.54 504.56 0.56 0.266777
9 504.18 0.43 504.20 0.44 0.200742
9 504.27 0.48 504.28 0.50 0.294284
9 504.37 0.52 504.40 0.54 0.202727
9 504.59 0.45 504.61 0.47 0.205035
10 504.80 0.72 504.91 0.78 0.266890
10 504.74 0.77 504.77 0.81 0.289619
10 504.47 0.57 504.51 0.61 0.226501
10 504.42 0.54 504.45 0.57 0.200778
10 504.71 0.71 504.80 0.77 0.253125
10 504.55 0.63 504.61 0.67 0.233693
10 504.74 0.78 504.77 0.81 0.224551
10 504.60 0.62 504.66 0.66 0.213246
1 0.92 154.37 0.93 154.40 0.425629
1 0.79 154.31 0.80 154.32 0.332323
1 0.83 154.31 0.85 154.34 0.244275
1 0.85 154.29 0.86 154.31 0.261130
2 0.92 154.37 0.93 154.40 0.412007
2 0.79 154.31 0.80 154.32 0.330508
2 0.83 154.31 0.85 154.34 0.210008
2 0.85 154.29 0.86 154.31 0.292579
2 0.73 154.27 0.97 154.40 0.224827
2 0.73 154.28 0.74 154.29 0.215403
2 0.82 154.32 0.83 154.33 0.252530
2 0.91 154.33 0.92 154.35 0.203955
2 0.67 154.21 1.00 154.40 0.240937
2 0.82 154.31 0.85 154.34 0.201168
4 0.90 154.33 0.92 154.35 0.569562
4 0.93 154.34 0.96 154.37 0.584863
4 0.83 154.31 0.85 154.32 0.471620
4 0.98 154.37 1.00 154.40 0.485482
4 0.25 154.31 0.29 154.32 0.224211
4 0.21 154.33 0.23 154.34 0.282124
4 0.30 154.31 0.31 154.32 0.286094
4 0.52 154.26 0.54 154.27 0.214355
4 0.03 154.33 0.04 154.35 0.272486
4 0.10 154.32 0.13 154.34 0.201050
4 0.79 154.27 0.81 154.28 0.210522
4 0.73 154.26 0.74 154.27 0.215036
5 0.98 154.37 1.00 154.40 0.470899
5 0.25 154.31 0.29 154.32 0.370804
5 0.90 154.33 0.92 154.35 0.342976
5 0.93 154.34 0.96 154.37 0.292328
5 0.83 154.31 0.85 154.32 0.262599
6 0.25 154.31 0.29 154.32 0.376708
6 0.98 154.37 1.00 154.40 0.498522
6 0.90 154.33 0.92 154.35 0.322597
6 0.93 154.34 0.96 154.37 0.317936
6 0.42 154.26 0.46 154.28 0.239218
9 0.25 154.31 0.29 154.32 0.427877
9 0.98 154.37 1.00 154.40 0.536538
9 0.90 154.33 0.92 154.35 0.351530
9 0.42 154.26 0.46 154.28 0.221256
9 0.93 154.34 0.96 154.37 0.300166
9 0.83 154.31 0.85 154.32 0.266086
10 0.90 154.33 0.92 154.35 0.299838
10 0.98 154.37 1.00 154.40 0.270800
10 0.93 154.34 0.96 154.37 0.310439
10 0.83 154.31 0.85 154.32 0.217750
1 504.36 154.37 504.37 154.40 0.346656
1 504.73 154.41 504.74 154.44 0.268389
1 504.23 154.31 504.24 154.32 0.294695
1 504.74 154.59 504.77 154.64 0.245500
1 504.78 154.64 504.80 154.68 0.298107
1 504.75 154.41 504.77 154.43 0.276312
1 504.64 154.38 504.65 154.40 0.225993
1 504.77 154.64 504.81 154.70 0.236414
1 504.67 154.39 504.69 154.42 0.205849
1 504.58 154.36 504.60 154.38 0.217737
1 504.29 154.29 504.30 154.31 0.207200
2 504.72 154.41 504.74 154.44 0.423330
2 504.36 154.37 504.37 154.40 0.444115
2 504.75 154.41 504.77 154.43 0.424952
2 504.23 154.31 504.24 154.32 0.389070
2 504.64 154.38 504.65 154.40 0.370412
2 504.74 154.59 504.77 154.64 0.362269
2 504.77 154.64 504.80 154.68 0.335700
2 504.48 154.44 504.50 154.47 0.316273
2 504.78 154.64 504.80 154.68 0.343556
2 504.58 154.36 504.60 154.38 0.352952
2 504.67 154.39 504.69 154.42 0.324555
2 504.58 154.36 504.78 154.44 0.208079
2 504.75 154.42 504.76 154.43 0.229445
2 504.77 154.64 504.81 154.70 0.280151
2 504.29 154.29 504.30 154.31 0.304178
2 504.20 154.28 504.21 154.30 0.206079
2 504.56 154.36 504.57 154.38 0.269859
2 504.48 154.43 504.51 154.47 0.223585
2 504.27 154.32 504.28 154.34 0.251111
2 504.77 154.64 504.79 154.68 0.201473
2 504.26 154.31 504.26 154.33 0.243477
2 504.17 154.26 504.83 154.71 0.224480
2 504.17 154.26 504.82 154.70 0.218147
2 504.56 154.36 504.78 154.44 0.217169
3 504.74 154.61 504.77 154.64 0.209971
4 504.55 154.46 504.61 154.50 0.571430
4 504.60 154.44 504.66 154.48 0.538516
4 504.80 154.55 504.91 154.61 0.548234
4 504.47 154.40 504.51 154.44 0.521593
4 504.33 154.33 504.36 154.35 0.524174
4 504.69 154.44 504.74 154.47 0.530327
4 504.71 154.54 504.80 154.59 0.592216
4 504.42 154.37 504.45 154.40 0.472529
4 504.37 154.34 504.40 154.37 0.515030
4 504.53 154.37 504.56 154.39 0.506892
4 504.27 154.31 504.28 154.32 0.473091
4 504.48 154.44 504.51 154.46 0.406762
4 504.64 154.38 504.65 154.40 0.268073
4 504.59 154.37 504.60 154.38 0.289201
4 504.56 154.36 504.57 154.38 0.333363
4 504.59 154.28 504.61 154.29 0.260224
4 504.67 154.30 504.69 154.31 0.288042
4 504.42 154.37 504.45 154.38 0.241673
4 504.23 154.27 504.25 154.28 0.225838
4 504.64 154.29 504.65 154.30 0.201259
4 504.67 154.40 504.69 154.41 0.206465
4 504.21 154.26 504.22 154.27 0.206783
4 504.64 154.29 504.66 154.30 0.266145
5 504.60 154.44 504.66 154.48 0.463075
5 504.42 154.37 504.45 154.40 0.384711
5 504.80 154.55 504.91 154.61 0.470051
5 504.33 154.33 504.36 154.35 0.308890
5 504.71 154.54 504.80 154.59 0.382063
5 504.47 154.40 504.51 154.44 0.324488
5 504.69 154.44 504.74 154.47 0.324925
5 504.27 154.31 504.28 154.32 0.276352
5 504.53 154.37 504.56 154.38 0.285041
5 504.37 154.34 504.40 154.37 0.258076
5 504.55 154.46 504.61 154.50 0.317899
6 504.42 154.37 504.45 154.40 0.286001
6 504.33 154.33 504.36 154.35 0.277037
6 504.54 154.26 504.57 154.27 0.228482
6 504.80 154.55 504.91 154.61 0.267085
6 504.71 154.54 504.80 154.59 0.254011
6 504.60 154.44 504.66 154.48 0.208713
6 504.53 154.37 504.56 154.38 0.240044
6 504.37 154.34 504.40 154.37 0.208351
6 504.27 154.31 504.28 154.32 0.235458
6 504.69 154.44 504.74 154.46 0.208789
9 504.42 154.37 504.45 154.40 0.240359
9 504.33 154.33 504.36 154.35 0.221962
9 504.80 154.55 504.91 154.61 0.211157
9 504.27 154.31 504.28 154.32 0.202218
10 504.80 154.55 504.91 154.61 0.293156
10 504.71 154.54 504.80 154.59 0.272604
10 504.42 154.37 504.45 154.40 0.206757
10 504.47 154.40 504.51 154.44 0.213908
10 504.33 154.33 504.36 154.35 0.205037
10 504.67 154.40 504.69 154.42 0.203715
10 504.37 154.34 504.40 154.37 0.204625
10 504.60 154.44 504.66 154.48 0.215762
10 504.55 154.46 504.61 154.50 0.226990
