1 0.06 0.53 0.10 0.56 0.471141
1 0.17 0.08 0.21 0.12 0.397575
1 0.54 0.42 0.56 0.45 0.360352
1 0.08 0.08 0.10 0.12 0.370465
1 0.16 0.20 0.21 0.25 0.309022
1 0.12 0.23 0.15 0.25 0.361106
1 0.56 0.63 0.57 0.68 0.330489
1 0.15 0.37 0.17 0.40 0.317530
1 0.14 0.40 0.16 0.43 0.300134
1 0.10 0.41 0.13 0.44 0.346587
1 0.18 0.02 0.20 0.05 0.295182
1 0.13 0.39 0.15 0.41 0.278127
1 0.19 0.09 0.21 0.12 0.209268
1 0.12 0.23 0.19 0.28 0.213350
1 0.54 0.61 0.56 0.63 0.218804
1 0.10 0.41 0.15 0.46 0.300483
1 0.10 0.17 0.11 0.21 0.200085
1 0.17 0.03 0.18 0.07 0.222012
2 0.06 0.53 0.10 0.55 0.627759
2 0.54 0.42 0.56 0.45 0.564269
2 0.12 0.23 0.15 0.25 0.560427
2 0.08 0.08 0.10 0.12 0.557531
2 0.10 0.41 0.13 0.44 0.512671
2 0.17 0.08 0.21 0.12 0.550402
2 0.17 0.20 0.21 0.25 0.419958
2 0.14 0.41 0.16 0.43 0.485773
2 0.15 0.37 0.17 0.40 0.504527
2 0.13 0.39 0.15 0.41 0.441852
2 0.56 0.63 0.57 0.68 0.451218
2 0.18 0.02 0.20 0.05 0.443905
2 0.18 0.09 0.21 0.12 0.223954
2 0.10 0.17 0.11 0.21 0.361160
2 0.54 0.61 0.56 0.63 0.360340
2 0.17 0.02 0.21 0.07 0.213492
2 0.83 0.80 0.84 0.82 0.213342
2 0.17 0.20 0.18 0.24 0.243323
2 0.17 0.03 0.18 0.07 0.304711
2 0.40 0.34 0.43 0.39 0.275238
2 0.40 0.34 0.42 0.38 0.202713
2 0.54 0.61 0.57 0.63 0.282089
2 0.10 0.41 0.15 0.46 0.324233
4 0.00 0.76 0.15 0.99 0.622309
4 0.21 0.63 0.28 0.78 0.597058
4 0.29 0.21 0.36 0.34 0.589367
4 0.72 0.00 0.79 0.13 0.643254
4 0.28 0.00 0.35 0.02 0.459880
4 0.78 0.52 0.84 0.67 0.519269
4 0.06 0.53 0.10 0.55 0.412428
4 0.15 0.37 0.17 0.40 0.268016
4 0.18 0.09 0.21 0.12 0.209755
4 0.51 0.47 0.53 0.50 0.223878
4 0.54 0.42 0.56 0.45 0.214455
4 0.17 0.08 0.21 0.12 0.236005
5 0.21 0.63 0.28 0.78 0.525451
5 0.00 0.76 0.15 0.99 0.522664
5 0.72 0.00 0.79 0.13 0.536869
5 0.29 0.21 0.36 0.34 0.439444
5 0.78 0.52 0.84 0.67 0.404431
5 0.28 0.00 0.35 0.02 0.320298
6 0.21 0.63 0.28 0.78 0.530678
6 0.72 0.00 0.79 0.13 0.502064
6 0.29 0.20 0.45 0.56 0.455179
6 0.00 0.77 0.15 0.99 0.411263
6 0.29 0.21 0.36 0.34 0.404466
6 0.78 0.52 0.84 0.67 0.420330
6 0.28 0.00 0.35 0.02 0.323986
7 0.21 0.63 0.28 0.78 0.398449
7 0.78 0.52 0.84 0.67 0.374599
7 0.72 0.00 0.79 0.13 0.319275
7 0.29 0.21 0.36 0.34 0.277447
7 0.00 0.77 0.15 0.99 0.249497
8 0.78 0.52 0.84 0.67 0.310052
8 0.21 0.63 0.28 0.78 0.327340
8 0.72 0.00 0.79 0.13 0.262057
8 0.29 0.21 0.36 0.34 0.209793
9 0.72 0.00 0.79 0.13 0.619762
9 0.21 0.63 0.28 0.78 0.510043
9 0.00 0.77 0.15 0.99 0.377331
9 0.29 0.21 0.36 0.34 0.373138
9 0.78 0.52 0.84 0.67 0.389346
9 0.28 0.00 0.35 0.02 0.343853
9 0.29 0.20 0.45 0.56 0.233003
10 0.29 0.21 0.36 0.34 0.446789
10 0.78 0.52 0.84 0.67 0.449037
10 0.72 0.00 0.79 0.13 0.413432
10 0.21 0.63 0.28 0.78 0.385408
10 0.06 0.53 0.10 0.55 0.316869
10 0.21 0.67 0.27 0.75 0.346564
10 0.29 0.20 0.45 0.56 0.224374
10 0.15 0.37 0.17 0.40 0.215562
1 504.77 0.12 504.80 0.16 0.529790
1 504.79 0.13 504.82 0.16 0.528563
1 504.75 0.13 504.78 0.16 0.513937
1 504.85 0.86 504.89 0.89 0.350216
1 504.69 0.15 504.70 0.18 0.336694
1 504.87 0.97 504.90 1.00 0.217768
1 504.75 0.12 504.82 0.16 0.248604
1 504.85 0.95 504.90 1.00 0.272269
1 504.85 0.95 504.88 0.98 0.234539
2 504.77 0.12 504.80 0.16 0.589802
2 504.79 0.13 504.82 0.16 0.586024
2 504.85 0.86 504.89 0.89 0.504929
2 504.69 0.15 504.70 0.18 0.456049
2 504.75 0.13 504.78 0.16 0.583235
2 504.85 0.95 504.88 0.98 0.326481
2 504.85 0.95 504.90 1.00 0.420413
2 504.00 0.63 504.01 0.68 0.214972
2 504.75 0.12 504.82 0.16 0.268262
2 504.87 0.97 504.90 1.00 0.306513
2 504.85 0.86 504.87 0.89 0.256824
2 504.87 0.97 504.90 1.00 0.212096
2 504.87 0.97 504.90 1.00 0.224633
3 504.85 0.86 504.89 0.89 0.267069
3 504.85 0.95 504.90 1.00 0.294729
4 504.15 0.00 504.23 0.13 0.648228
4 504.22 0.52 504.28 0.67 0.535603
4 504.85 0.86 504.89 0.89 0.238791
4 504.95 0.25 505.00 0.31 0.363501
5 504.15 0.00 504.23 0.13 0.540860
5 504.22 0.52 504.28 0.67 0.412892
5 504.23 0.52 504.28 0.63 0.239303
5 504.95 0.25 505.00 0.31 0.313736
6 504.15 0.00 504.23 0.13 0.535370
6 504.22 0.52 504.28 0.67 0.449110
6 504.95 0.25 505.00 0.31 0.367520
7 504.22 0.52 504.28 0.67 0.492608
7 504.15 0.00 504.23 0.13 0.378533
8 504.22 0.52 504.28 0.67 0.429149
8 504.15 0.00 504.23 0.13 0.322319
9 504.15 -0.00 504.23 0.13 0.692763
9 504.22 0.52 504.28 0.67 0.377273
10 504.22 0.52 504.28 0.67 0.546676
10 504.15 0.00 504.23 0.13 0.541749
10 504.85 0.86 504.89 0.89 0.292648
10 504.95 0.25 505.00 0.31 0.266023
10 504.23 0.55 504.27 0.63 0.259772
10 504.75 0.13 504.78 0.16 0.218292
10 504.85 0.95 504.90 1.00 0.223878
1 0.06 0.53 0.10 0.56 0.471141
1 0.17 0.08 0.21 0.12 0.397575
1 0.54 0.42 0.56 0.45 0.360352
1 0.08 0.08 0.10 0.12 0.370465
1 0.16 0.20 0.21 0.25 0.309022
1 0.12 0.23 0.15 0.25 0.361106
1 0.56 0.63 0.57 0.68 0.330489
1 0.15 0.37 0.17 0.40 0.317530
1 0.14 0.40 0.16 0.43 0.300134
1 0.10 0.41 0.13 0.44 0.346587
1 0.18 0.02 0.20 0.05 0.295182
1 0.13 0.39 0.15 0.41 0.278127
1 0.19 0.09 0.21 0.12 0.209268
1 0.12 0.23 0.19 0.28 0.213350
1 0.54 0.61 0.56 0.63 0.218804
1 0.10 0.41 0.15 0.46 0.300483
1 0.10 0.17 0.11 0.21 0.200085
1 0.17 0.03 0.18 0.07 0.222012
2 0.06 0.53 0.10 0.55 0.627759
2 0.54 0.42 0.56 0.45 0.564269
2 0.12 0.23 0.15 0.25 0.560427
2 0.08 0.08 0.10 0.12 0.557531
2 0.10 0.41 0.13 0.44 0.512671
2 0.17 0.08 0.21 0.12 0.550402
2 0.17 0.20 0.21 0.25 0.419958
2 0.14 0.41 0.16 0.43 0.485773
2 0.15 0.37 0.17 0.40 0.504527
2 0.13 0.39 0.15 0.41 0.441852
2 0.56 0.63 0.57 0.68 0.451218
2 0.18 0.02 0.20 0.05 0.443905
2 0.18 0.09 0.21 0.12 0.223954
2 0.10 0.17 0.11 0.21 0.361160
2 0.54 0.61 0.56 0.63 0.360340
2 0.17 0.02 0.21 0.07 0.213492
2 0.83 0.80 0.84 0.82 0.213342
2 0.17 0.20 0.18 0.24 0.243323
2 0.17 0.03 0.18 0.07 0.304711
2 0.40 0.34 0.43 0.39 0.275238
2 0.40 0.34 0.42 0.38 0.202713
2 0.54 0.61 0.57 0.63 0.282089
2 0.10 0.41 0.15 0.46 0.324233
4 0.00 0.76 0.15 0.99 0.622309
4 0.21 0.63 0.28 0.78 0.597058
4 0.29 0.21 0.36 0.34 0.589367
4 0.72 0.00 0.79 0.13 0.643254
4 0.28 0.00 0.35 0.02 0.459880
4 0.78 0.52 0.84 0.67 0.519269
4 0.06 0.53 0.10 0.55 0.412428
4 0.15 0.37 0.17 0.40 0.268016
4 0.18 0.09 0.21 0.12 0.209755
4 0.51 0.47 0.53 0.50 0.223878
4 0.54 0.42 0.56 0.45 0.214455
4 0.17 0.08 0.21 0.12 0.236005
5 0.21 0.63 0.28 0.78 0.525451
5 0.00 0.76 0.15 0.99 0.522664
5 0.72 0.00 0.79 0.13 0.536869
5 0.29 0.21 0.36 0.34 0.439444
5 0.78 0.52 0.84 0.67 0.404431
5 0.28 0.00 0.35 0.02 0.320298
6 0.21 0.63 0.28 0.78 0.530678
6 0.72 0.00 0.79 0.13 0.502064
6 0.29 0.20 0.45 0.56 0.455179
6 0.00 0.77 0.15 0.99 0.411263
6 0.29 0.21 0.36 0.34 0.404466
6 0.78 0.52 0.84 0.67 0.420330
6 0.28 0.00 0.35 0.02 0.323986
7 0.21 0.63 0.28 0.78 0.398449
7 0.78 0.52 0.84 0.67 0.374599
7 0.72 0.00 0.79 0.13 0.319275
7 0.29 0.21 0.36 0.34 0.277447
7 0.00 0.77 0.15 0.99 0.249497
8 0.78 0.52 0.84 0.67 0.310052
8 0.21 0.63 0.28 0.78 0.327340
8 0.72 0.00 0.79 0.13 0.262057
8 0.29 0.21 0.36 0.34 0.209793
9 0.72 0.00 0.79 0.13 0.619762
9 0.21 0.63 0.28 0.78 0.510043
9 0.00 0.77 0.15 0.99 0.377331
9 0.29 0.21 0.36 0.34 0.373138
9 0.78 0.52 0.84 0.67 0.389346
9 0.28 0.00 0.35 0.02 0.343853
9 0.29 0.20 0.45 0.56 0.233003
10 0.29 0.21 0.36 0.34 0.446789
10 0.78 0.52 0.84 0.67 0.449037
10 0.72 0.00 0.79 0.13 0.413432
10 0.21 0.63 0.28 0.78 0.385408
10 0.06 0.53 0.10 0.55 0.316869
10 0.21 0.67 0.27 0.75 0.346564
10 0.29 0.20 0.45 0.56 0.224374
10 0.15 0.37 0.17 0.40 0.215562
1 504.77 0.12 504.80 0.16 0.529790
1 504.79 0.13 504.82 0.16 0.528563
1 504.75 0.13 504.78 0.16 0.513937
1 504.85 0.86 504.89 0.89 0.350216
1 504.69 0.15 504.70 0.18 0.336694
1 504.87 0.97 504.90 1.00 0.217768
1 504.75 0.12 504.82 0.16 0.248604
1 504.85 0.95 504.90 1.00 0.272269
1 504.85 0.95 504.88 0.98 0.234539
2 504.77 0.12 504.80 0.16 0.589802
2 504.79 0.13 504.82 0.16 0.586024
2 504.85 0.86 504.89 0.89 0.504929
2 504.69 0.15 504.70 0.18 0.456049
2 504.75 0.13 504.78 0.16 0.583235
2 504.85 0.95 504.88 0.98 0.326481
2 504.85 0.95 504.90 1.00 0.420413
2 504.00 0.63 504.01 0.68 0.214972
2 504.75 0.12 504.82 0.16 0.268262
2 504.87 0.97 504.90 1.00 0.306513
2 504.85 0.86 504.87 0.89 0.256824
2 504.87 0.97 504.90 1.00 0.212096
2 504.87 0.97 504.90 1.00 0.224633
3 504.85 0.86 504.89 0.89 0.267069
3 504.85 0.95 504.90 1.00 0.294729
4 504.15 0.00 504.23 0.13 0.648228
4 504.22 0.52 504.28 0.67 0.535603
4 504.85 0.86 504.89 0.89 0.238791
4 504.95 0.25 505.00 0.31 0.363501
5 504.15 0.00 504.23 0.13 0.540860
5 504.22 0.52 504.28 0.67 0.412892
5 504.23 0.52 504.28 0.63 0.239303
5 504.95 0.25 505.00 0.31 0.313736
6 504.15 0.00 504.23 0.13 0.535370
6 504.22 0.52 504.28 0.67 0.449110
6 504.95 0.25 505.00 0.31 0.367520
7 504.22 0.52 504.28 0.67 0.492608
7 504.15 0.00 504.23 0.13 0.378533
8 504.22 0.52 504.28 0.67 0.429149
8 504.15 0.00 504.23 0.13 0.322319
9 504.15 -0.00 504.23 0.13 0.692763
9 504.22 0.52 504.28 0.67 0.377273
10 504.22 0.52 504.28 0.67 0.546676
10 504.15 0.00 504.23 0.13 0.541749
10 504.85 0.86 504.89 0.89 0.292648
10 504.95 0.25 505.00 0.31 0.266023
10 504.23 0.55 504.27 0.63 0.259772
10 504.75 0.13 504.78 0.16 0.218292
10 504.85 0.95 504.90 1.00 0.223878
