1 0.77 0.80 0.79 0.85 0.326252
1 0.47 0.59 0.49 0.62 0.308181
1 0.65 0.96 0.68 1.00 0.227623
1 0.15 0.72 0.16 0.75 0.222109
1 0.88 0.85 0.90 0.88 0.220192
2 0.77 0.81 0.79 0.85 0.358139
2 0.65 0.96 0.68 1.00 0.286648
2 0.47 0.59 0.49 0.62 0.346844
2 0.88 0.85 0.90 0.88 0.289492
2 0.57 0.79 0.58 0.82 0.247042
2 0.62 0.88 0.65 0.91 0.242574
2 0.15 0.72 0.16 0.75 0.233687
2 0.24 0.76 0.26 0.78 0.200600
2 0.74 0.95 0.76 0.97 0.207550
3 0.83 0.88 0.88 0.91 0.265476
4 0.71 0.26 0.74 0.29 0.317711
4 0.23 0.25 0.26 0.27 0.535682
4 0.79 0.35 0.83 0.37 0.337964
4 0.82 0.02 0.83 0.03 0.371008
4 0.91 0.35 0.94 0.37 0.319457
4 0.99 0.36 1.00 0.37 0.393066
4 0.21 0.36 0.23 0.38 0.380590
4 0.37 0.23 0.39 0.25 0.342719
4 0.85 0.34 0.88 0.36 0.273541
4 0.94 0.38 0.96 0.40 0.310568
4 0.60 0.53 0.62 0.55 0.276614
4 0.52 0.29 0.55 0.30 0.241181
4 0.74 0.34 0.77 0.36 0.274530
4 0.79 0.26 0.81 0.27 0.260619
4 0.18 0.17 0.20 0.20 0.336791
4 0.98 0.05 0.99 0.06 0.297538
4 0.09 0.77 0.11 0.79 0.235628
4 0.06 0.81 0.07 0.83 0.207322
4 0.41 0.39 0.43 0.41 0.269754
4 0.90 0.10 0.93 0.11 0.264211
4 0.93 0.10 0.96 0.11 0.264469
4 0.57 0.24 0.59 0.25 0.248612
4 0.01 0.97 0.08 1.00 0.218723
4 0.35 0.22 0.36 0.24 0.248595
4 0.29 0.66 0.32 0.69 0.259324
4 0.63 0.24 0.65 0.25 0.219001
4 0.07 0.28 0.08 0.30 0.202168
4 0.99 0.23 1.00 0.25 0.217699
4 0.12 0.26 0.14 0.29 0.202066
4 0.89 0.48 0.91 0.50 0.212763
4 0.99 0.08 1.00 0.10 0.267139
4 0.71 0.27 0.74 0.29 0.306635
5 0.91 0.35 0.94 0.37 0.376058
5 0.86 0.34 0.88 0.36 0.293673
5 0.79 0.35 0.83 0.37 0.254211
5 0.23 0.25 0.26 0.27 0.371343
5 0.71 0.26 0.74 0.29 0.235040
5 0.51 0.31 0.53 0.34 0.221046
5 0.12 0.26 0.14 0.29 0.259762
5 0.37 0.23 0.39 0.25 0.219572
5 0.94 0.38 0.96 0.40 0.217580
5 0.18 0.17 0.20 0.20 0.281668
5 0.74 0.34 0.76 0.36 0.205631
5 0.98 0.23 1.00 0.25 0.220532
5 0.99 0.36 1.00 0.37 0.203608
5 0.71 0.27 0.74 0.29 0.242068
6 0.24 0.32 0.31 0.36 0.445239
6 0.85 0.34 0.88 0.36 0.296477
6 0.51 0.31 0.53 0.34 0.313769
6 0.12 0.16 0.26 0.26 0.316137
6 0.79 0.63 0.89 0.68 0.308503
6 0.44 0.42 0.58 0.58 0.236780
6 0.91 0.35 0.94 0.37 0.272211
6 0.23 0.25 0.26 0.27 0.344562
6 0.37 0.23 0.39 0.25 0.245370
6 0.71 0.26 0.74 0.29 0.230446
6 0.79 0.35 0.83 0.37 0.226388
6 0.11 0.26 0.14 0.29 0.247204
6 0.62 0.44 0.67 0.58 0.208763
6 0.12 0.26 0.14 0.29 0.211347
9 0.12 0.16 0.26 0.26 0.531990
9 0.24 0.32 0.31 0.36 0.431915
9 0.51 0.31 0.53 0.34 0.332995
9 0.79 0.63 0.89 0.68 0.363422
9 0.97 0.21 1.00 0.25 0.231030
9 0.37 0.23 0.39 0.25 0.271139
9 0.91 0.35 0.94 0.37 0.236451
9 0.23 0.25 0.26 0.27 0.356955
9 0.85 0.34 0.88 0.36 0.203852
9 0.71 0.26 0.74 0.29 0.208077
9 0.79 0.35 0.85 0.37 0.232900
10 0.71 0.92 0.74 0.98 0.458786
10 0.68 0.91 0.77 1.00 0.239606
10 0.88 0.85 0.90 0.88 0.213402
1 504.21 0.80 504.23 0.85 0.437914
1 504.32 0.85 504.34 0.88 0.264201
1 504.01 0.79 504.02 0.82 0.222296
1 504.48 0.93 504.50 1.00 0.244101
1 504.06 0.87 504.08 0.91 0.223276
1 504.20 0.89 504.22 0.94 0.215359
1 504.09 0.96 504.11 1.00 0.205724
1 504.01 0.77 504.03 0.82 0.221792
2 504.21 0.80 504.23 0.85 0.449864
2 504.32 0.85 504.34 0.88 0.352772
2 504.06 0.88 504.09 0.91 0.288523
2 504.01 0.79 504.02 0.82 0.294741
2 504.09 0.96 504.11 1.00 0.282372
2 504.63 0.58 504.66 0.61 0.255670
2 504.48 0.93 504.50 1.00 0.214013
2 504.45 0.06 504.47 0.10 0.205480
2 504.29 0.88 504.31 0.91 0.257917
2 504.68 0.82 504.69 0.84 0.207507
2 504.20 0.89 504.22 0.93 0.258531
2 504.26 0.79 504.28 0.81 0.220035
3 504.26 0.88 504.32 0.92 0.253525
4 504.15 0.27 504.18 0.29 0.455311
4 504.60 0.42 504.62 0.46 0.448455
4 504.42 0.36 504.46 0.37 0.485835
4 504.35 0.35 504.38 0.37 0.359001
4 504.23 0.35 504.27 0.37 0.357363
4 504.63 0.58 504.66 0.61 0.323381
4 504.25 0.02 504.27 0.03 0.374118
4 504.37 0.38 504.40 0.40 0.362244
4 504.04 0.53 504.05 0.55 0.309158
4 504.42 0.08 504.44 0.10 0.323077
4 504.42 0.05 504.43 0.06 0.358012
4 504.29 0.34 504.32 0.36 0.306204
4 504.46 0.08 504.48 0.10 0.305176
4 504.49 0.73 504.55 0.77 0.320605
4 504.17 0.34 504.20 0.36 0.290881
4 504.34 0.10 504.37 0.11 0.241270
4 504.23 0.26 504.24 0.27 0.252537
4 504.60 0.96 504.64 1.00 0.240739
4 504.93 0.84 505.00 0.87 0.203585
4 504.06 0.58 504.08 0.60 0.231324
4 504.06 0.44 504.08 0.45 0.242311
4 504.33 0.48 504.35 0.50 0.249910
4 504.56 0.25 504.65 0.29 0.243590
4 504.45 0.00 504.47 0.02 0.295503
4 504.37 0.10 504.40 0.11 0.238378
4 504.00 0.24 504.03 0.25 0.241287
4 504.73 0.18 504.76 0.21 0.205874
4 504.58 0.42 504.59 0.43 0.215898
4 504.60 0.94 504.64 1.00 0.228138
4 504.05 0.48 504.06 0.50 0.202070
4 504.31 0.00 504.32 0.02 0.238129
4 504.40 0.09 504.43 0.11 0.232750
4 504.64 0.59 504.66 0.61 0.271096
5 504.60 0.42 504.62 0.46 0.420418
5 504.35 0.35 504.38 0.37 0.344043
5 504.56 0.25 504.65 0.29 0.411953
5 504.59 0.70 504.63 0.78 0.334400
5 504.29 0.34 504.32 0.36 0.316178
5 504.45 0.26 504.52 0.30 0.509707
5 504.15 0.27 504.18 0.29 0.331284
5 504.23 0.35 504.27 0.37 0.284624
5 504.60 0.96 504.64 1.00 0.234288
5 504.42 0.36 504.46 0.37 0.315165
5 504.42 0.05 504.43 0.06 0.255648
5 504.49 0.73 504.55 0.77 0.249445
5 504.42 0.08 504.44 0.10 0.253296
5 504.59 0.94 504.64 1.00 0.230126
5 504.00 0.22 504.03 0.25 0.202113
5 504.04 0.53 504.05 0.55 0.200985
5 504.37 0.38 504.39 0.40 0.239062
5 504.23 0.35 504.29 0.37 0.213136
6 504.45 0.26 504.52 0.30 0.526468
6 504.56 0.25 504.65 0.29 0.502761
6 504.58 0.70 504.63 0.78 0.459460
6 504.29 0.34 504.32 0.36 0.315315
6 504.60 0.42 504.62 0.46 0.370189
6 504.22 0.63 504.33 0.69 0.284811
6 504.93 0.84 505.00 0.87 0.207932
6 504.00 0.22 504.03 0.25 0.281107
6 504.06 0.51 504.09 0.58 0.214176
6 504.45 0.38 504.47 0.41 0.230886
6 504.15 0.27 504.18 0.29 0.264789
6 504.23 0.35 504.27 0.37 0.231523
6 504.35 0.35 504.38 0.37 0.231412
6 504.42 0.04 504.43 0.06 0.208234
6 504.42 0.36 504.46 0.37 0.249741
6 504.42 0.08 504.44 0.10 0.207058
6 504.37 0.38 504.40 0.40 0.206573
6 504.48 0.73 504.54 0.77 0.225227
6 504.60 0.94 504.64 1.00 0.206849
6 504.23 0.35 504.29 0.37 0.201744
7 504.58 0.70 504.63 0.78 0.274030
7 504.45 0.26 504.52 0.30 0.248768
7 504.56 0.25 504.65 0.29 0.209805
8 504.59 0.70 504.63 0.78 0.205376
9 504.45 0.26 504.52 0.30 0.632043
9 504.56 0.25 504.65 0.29 0.585152
9 504.58 0.70 504.63 0.78 0.473845
9 504.60 0.42 504.62 0.46 0.382244
9 504.49 0.73 504.54 0.77 0.319995
9 504.29 0.34 504.32 0.36 0.271770
9 504.23 0.63 504.33 0.68 0.296298
9 504.00 0.22 504.03 0.25 0.246138
9 504.35 0.35 504.38 0.37 0.250347
9 504.06 0.51 504.09 0.58 0.200151
9 504.42 0.04 504.43 0.06 0.214640
9 504.15 0.27 504.18 0.29 0.229808
9 504.23 0.35 504.27 0.37 0.221954
9 504.42 0.36 504.46 0.37 0.223246
9 504.23 0.35 504.29 0.37 0.208135
10 504.14 0.92 504.18 0.98 0.433257
10 504.59 0.70 504.63 0.78 0.210304
10 504.12 0.91 504.21 1.00 0.247453
10 504.32 0.85 504.34 0.88 0.210322
1 0.77 0.80 0.79 0.85 0.326252
1 0.47 0.59 0.49 0.62 0.308181
1 0.65 0.96 0.68 1.00 0.227623
1 0.15 0.72 0.16 0.75 0.222109
1 0.88 0.85 0.90 0.88 0.220192
2 0.77 0.81 0.79 0.85 0.358139
2 0.65 0.96 0.68 1.00 0.286648
2 0.47 0.59 0.49 0.62 0.346844
2 0.88 0.85 0.90 0.88 0.289492
2 0.57 0.79 0.58 0.82 0.247042
2 0.62 0.88 0.65 0.91 0.242574
2 0.15 0.72 0.16 0.75 0.233687
2 0.24 0.76 0.26 0.78 0.200600
2 0.74 0.95 0.76 0.97 0.207550
3 0.83 0.88 0.88 0.91 0.265476
4 0.71 0.26 0.74 0.29 0.317711
4 0.23 0.25 0.26 0.27 0.535682
4 0.79 0.35 0.83 0.37 0.337964
4 0.82 0.02 0.83 0.03 0.371008
4 0.91 0.35 0.94 0.37 0.319457
4 0.99 0.36 1.00 0.37 0.393066
4 0.21 0.36 0.23 0.38 0.380590
4 0.37 0.23 0.39 0.25 0.342719
4 0.85 0.34 0.88 0.36 0.273541
4 0.94 0.38 0.96 0.40 0.310568
4 0.60 0.53 0.62 0.55 0.276614
4 0.52 0.29 0.55 0.30 0.241181
4 0.74 0.34 0.77 0.36 0.274530
4 0.79 0.26 0.81 0.27 0.260619
4 0.18 0.17 0.20 0.20 0.336791
4 0.98 0.05 0.99 0.06 0.297538
4 0.09 0.77 0.11 0.79 0.235628
4 0.06 0.81 0.07 0.83 0.207322
4 0.41 0.39 0.43 0.41 0.269754
4 0.90 0.10 0.93 0.11 0.264211
4 0.93 0.10 0.96 0.11 0.264469
4 0.57 0.24 0.59 0.25 0.248612
4 0.01 0.97 0.08 1.00 0.218723
4 0.35 0.22 0.36 0.24 0.248595
4 0.29 0.66 0.32 0.69 0.259324
4 0.63 0.24 0.65 0.25 0.219001
4 0.07 0.28 0.08 0.30 0.202168
4 0.99 0.23 1.00 0.25 0.217699
4 0.12 0.26 0.14 0.29 0.202066
4 0.89 0.48 0.91 0.50 0.212763
4 0.99 0.08 1.00 0.10 0.267139
4 0.71 0.27 0.74 0.29 0.306635
5 0.91 0.35 0.94 0.37 0.376058
5 0.86 0.34 0.88 0.36 0.293673
5 0.79 0.35 0.83 0.37 0.254211
5 0.23 0.25 0.26 0.27 0.371343
5 0.71 0.26 0.74 0.29 0.235040
5 0.51 0.31 0.53 0.34 0.221046
5 0.12 0.26 0.14 0.29 0.259762
5 0.37 0.23 0.39 0.25 0.219572
5 0.94 0.38 0.96 0.40 0.217580
5 0.18 0.17 0.20 0.20 0.281668
5 0.74 0.34 0.76 0.36 0.205631
5 0.98 0.23 1.00 0.25 0.220532
5 0.99 0.36 1.00 0.37 0.203608
5 0.71 0.27 0.74 0.29 0.242068
6 0.24 0.32 0.31 0.36 0.445239
6 0.85 0.34 0.88 0.36 0.296477
6 0.51 0.31 0.53 0.34 0.313769
6 0.12 0.16 0.26 0.26 0.316137
6 0.79 0.63 0.89 0.68 0.308503
6 0.44 0.42 0.58 0.58 0.236780
6 0.91 0.35 0.94 0.37 0.272211
6 0.23 0.25 0.26 0.27 0.344562
6 0.37 0.23 0.39 0.25 0.245370
6 0.71 0.26 0.74 0.29 0.230446
6 0.79 0.35 0.83 0.37 0.226388
6 0.11 0.26 0.14 0.29 0.247204
6 0.62 0.44 0.67 0.58 0.208763
6 0.12 0.26 0.14 0.29 0.211347
9 0.12 0.16 0.26 0.26 0.531990
9 0.24 0.32 0.31 0.36 0.431915
9 0.51 0.31 0.53 0.34 0.332995
9 0.79 0.63 0.89 0.68 0.363422
9 0.97 0.21 1.00 0.25 0.231030
9 0.37 0.23 0.39 0.25 0.271139
9 0.91 0.35 0.94 0.37 0.236451
9 0.23 0.25 0.26 0.27 0.356955
9 0.85 0.34 0.88 0.36 0.203852
9 0.71 0.26 0.74 0.29 0.208077
9 0.79 0.35 0.85 0.37 0.232900
10 0.71 0.92 0.74 0.98 0.458786
10 0.68 0.91 0.77 1.00 0.239606
10 0.88 0.85 0.90 0.88 0.213402
1 504.21 0.80 504.23 0.85 0.437914
1 504.32 0.85 504.34 0.88 0.264201
1 504.01 0.79 504.02 0.82 0.222296
1 504.48 0.93 504.50 1.00 0.244101
1 504.06 0.87 504.08 0.91 0.223276
1 504.20 0.89 504.22 0.94 0.215359
1 504.09 0.96 504.11 1.00 0.205724
1 504.01 0.77 504.03 0.82 0.221792
2 504.21 0.80 504.23 0.85 0.449864
2 504.32 0.85 504.34 0.88 0.352772
2 504.06 0.88 504.09 0.91 0.288523
2 504.01 0.79 504.02 0.82 0.294741
2 504.09 0.96 504.11 1.00 0.282372
2 504.63 0.58 504.66 0.61 0.255670
2 504.48 0.93 504.50 1.00 0.214013
2 504.45 0.06 504.47 0.10 0.205480
2 504.29 0.88 504.31 0.91 0.257917
2 504.68 0.82 504.69 0.84 0.207507
2 504.20 0.89 504.22 0.93 0.258531
2 504.26 0.79 504.28 0.81 0.220035
3 504.26 0.88 504.32 0.92 0.253525
4 504.15 0.27 504.18 0.29 0.455311
4 504.60 0.42 504.62 0.46 0.448455
4 504.42 0.36 504.46 0.37 0.485835
4 504.35 0.35 504.38 0.37 0.359001
4 504.23 0.35 504.27 0.37 0.357363
4 504.63 0.58 504.66 0.61 0.323381
4 504.25 0.02 504.27 0.03 0.374118
4 504.37 0.38 504.40 0.40 0.362244
4 504.04 0.53 504.05 0.55 0.309158
4 504.42 0.08 504.44 0.10 0.323077
4 504.42 0.05 504.43 0.06 0.358012
4 504.29 0.34 504.32 0.36 0.306204
4 504.46 0.08 504.48 0.10 0.305176
4 504.49 0.73 504.55 0.77 0.320605
4 504.17 0.34 504.20 0.36 0.290881
4 504.34 0.10 504.37 0.11 0.241270
4 504.23 0.26 504.24 0.27 0.252537
4 504.60 0.96 504.64 1.00 0.240739
4 504.93 0.84 505.00 0.87 0.203585
4 504.06 0.58 504.08 0.60 0.231324
4 504.06 0.44 504.08 0.45 0.242311
4 504.33 0.48 504.35 0.50 0.249910
4 504.56 0.25 504.65 0.29 0.243590
4 504.45 0.00 504.47 0.02 0.295503
4 504.37 0.10 504.40 0.11 0.238378
4 504.00 0.24 504.03 0.25 0.241287
4 504.73 0.18 504.76 0.21 0.205874
4 504.58 0.42 504.59 0.43 0.215898
4 504.60 0.94 504.64 1.00 0.228138
4 504.05 0.48 504.06 0.50 0.202070
4 504.31 0.00 504.32 0.02 0.238129
4 504.40 0.09 504.43 0.11 0.232750
4 504.64 0.59 504.66 0.61 0.271096
5 504.60 0.42 504.62 0.46 0.420418
5 504.35 0.35 504.38 0.37 0.344043
5 504.56 0.25 504.65 0.29 0.411953
5 504.59 0.70 504.63 0.78 0.334400
5 504.29 0.34 504.32 0.36 0.316178
5 504.45 0.26 504.52 0.30 0.509707
5 504.15 0.27 504.18 0.29 0.331284
5 504.23 0.35 504.27 0.37 0.284624
5 504.60 0.96 504.64 1.00 0.234288
5 504.42 0.36 504.46 0.37 0.315165
5 504.42 0.05 504.43 0.06 0.255648
5 504.49 0.73 504.55 0.77 0.249445
5 504.42 0.08 504.44 0.10 0.253296
5 504.59 0.94 504.64 1.00 0.230126
5 504.00 0.22 504.03 0.25 0.202113
5 504.04 0.53 504.05 0.55 0.200985
5 504.37 0.38 504.39 0.40 0.239062
5 504.23 0.35 504.29 0.37 0.213136
6 504.45 0.26 504.52 0.30 0.526468
6 504.56 0.25 504.65 0.29 0.502761
6 504.58 0.70 504.63 0.78 0.459460
6 504.29 0.34 504.32 0.36 0.315315
6 504.60 0.42 504.62 0.46 0.370189
6 504.22 0.63 504.33 0.69 0.284811
6 504.93 0.84 505.00 0.87 0.207932
6 504.00 0.22 504.03 0.25 0.281107
6 504.06 0.51 504.09 0.58 0.214176
6 504.45 0.38 504.47 0.41 0.230886
6 504.15 0.27 504.18 0.29 0.264789
6 504.23 0.35 504.27 0.37 0.231523
6 504.35 0.35 504.38 0.37 0.231412
6 504.42 0.04 504.43 0.06 0.208234
6 504.42 0.36 504.46 0.37 0.249741
6 504.42 0.08 504.44 0.10 0.207058
6 504.37 0.38 504.40 0.40 0.206573
6 504.48 0.73 504.54 0.77 0.225227
6 504.60 0.94 504.64 1.00 0.206849
6 504.23 0.35 504.29 0.37 0.201744
7 504.58 0.70 504.63 0.78 0.274030
7 504.45 0.26 504.52 0.30 0.248768
7 504.56 0.25 504.65 0.29 0.209805
8 504.59 0.70 504.63 0.78 0.205376
9 504.45 0.26 504.52 0.30 0.632043
9 504.56 0.25 504.65 0.29 0.585152
9 504.58 0.70 504.63 0.78 0.473845
9 504.60 0.42 504.62 0.46 0.382244
9 504.49 0.73 504.54 0.77 0.319995
9 504.29 0.34 504.32 0.36 0.271770
9 504.23 0.63 504.33 0.68 0.296298
9 504.00 0.22 504.03 0.25 0.246138
9 504.35 0.35 504.38 0.37 0.250347
9 504.06 0.51 504.09 0.58 0.200151
9 504.42 0.04 504.43 0.06 0.214640
9 504.15 0.27 504.18 0.29 0.229808
9 504.23 0.35 504.27 0.37 0.221954
9 504.42 0.36 504.46 0.37 0.223246
9 504.23 0.35 504.29 0.37 0.208135
10 504.14 0.92 504.18 0.98 0.433257
10 504.59 0.70 504.63 0.78 0.210304
10 504.12 0.91 504.21 1.00 0.247453
10 504.32 0.85 504.34 0.88 0.210322
