1 0.25 0.10 1.00 1.00 0.314100
1 0.82 0.31 0.84 0.34 0.291356
1 0.79 0.31 0.85 0.44 0.217929
1 0.79 0.35 0.84 0.44 0.265185
2 0.82 0.31 0.84 0.34 0.254934
2 0.41 0.18 0.52 0.21 0.250636
4 0.82 0.31 0.84 0.34 0.486890
4 0.33 0.59 0.36 0.61 0.385878
4 0.79 0.36 0.84 0.44 0.349906
4 0.55 0.17 0.57 0.18 0.239636
4 0.17 0.78 0.21 0.83 0.258442
4 0.04 0.52 0.07 0.55 0.214609
4 0.79 0.41 0.82 0.44 0.220867
4 0.07 0.52 0.09 0.54 0.200310
5 0.82 0.31 0.84 0.34 0.354738
5 0.79 0.36 0.84 0.44 0.372625
5 0.03 0.52 0.07 0.55 0.245879
6 0.79 0.36 0.84 0.44 0.389828
6 0.82 0.31 0.84 0.34 0.329620
6 0.03 0.52 0.07 0.55 0.222590
6 0.79 0.31 0.84 0.44 0.235978
7 0.79 0.36 0.84 0.44 0.322527
7 0.82 0.31 0.84 0.34 0.270112
9 0.82 0.31 0.84 0.34 0.362322
9 0.79 0.36 0.84 0.44 0.404055
10 0.82 0.31 0.84 0.34 0.356234
10 0.79 0.36 0.84 0.44 0.419306
10 0.80 0.36 0.84 0.42 0.218876
10 0.79 0.31 0.84 0.44 0.244392
1 504.52 0.59 504.57 0.66 0.403941
1 504.00 0.00 505.00 1.00 0.280459
1 504.25 0.31 504.28 0.34 0.250097
1 504.45 0.15 504.47 0.16 0.230601
1 504.60 0.34 505.00 1.00 0.217734
2 504.52 0.59 504.57 0.66 0.367986
2 504.69 0.34 504.91 0.44 0.255097
2 504.45 0.15 504.47 0.16 0.258945
2 504.00 0.00 505.00 1.00 0.280047
2 504.25 0.31 504.28 0.34 0.249093
2 504.59 0.34 505.00 1.00 0.211895
4 504.45 0.15 504.47 0.16 0.483561
4 504.25 0.31 504.28 0.34 0.451201
4 504.63 0.06 504.64 0.07 0.418803
4 504.57 0.07 504.59 0.09 0.409804
4 504.68 0.04 504.70 0.05 0.365741
4 504.52 0.59 504.57 0.66 0.405964
4 504.23 0.36 504.28 0.44 0.367810
4 504.54 0.10 504.56 0.12 0.319931
4 504.70 0.43 504.74 0.46 0.286504
4 504.37 0.21 504.38 0.23 0.252046
4 504.90 0.23 504.96 0.26 0.300059
4 504.78 0.12 504.80 0.14 0.246401
4 504.47 0.00 504.48 0.02 0.280378
4 504.54 0.14 504.57 0.16 0.256758
4 504.49 0.17 504.51 0.18 0.211425
4 504.65 0.23 504.67 0.25 0.282731
4 504.38 0.24 504.39 0.26 0.201438
4 504.23 0.41 504.26 0.44 0.211336
4 504.69 0.27 504.71 0.29 0.210987
5 504.23 0.36 504.28 0.44 0.446226
5 504.25 0.31 504.28 0.34 0.306588
5 504.52 0.59 504.57 0.66 0.313440
5 504.45 0.15 504.47 0.16 0.242484
5 504.63 0.06 504.64 0.07 0.249386
5 504.68 0.04 504.70 0.05 0.207887
5 504.78 0.12 504.80 0.14 0.211777
5 504.70 0.35 504.74 0.39 0.215706
5 504.57 0.07 504.59 0.09 0.220783
5 504.79 0.01 504.83 0.05 0.222397
5 504.90 0.23 504.96 0.25 0.255100
6 504.23 0.36 504.28 0.44 0.477094
6 504.25 0.31 504.28 0.34 0.263016
6 504.86 0.22 505.00 0.32 0.210406
6 504.52 0.59 504.57 0.66 0.212701
7 504.23 0.36 504.28 0.44 0.330636
7 504.25 0.31 504.28 0.34 0.204335
8 504.23 0.36 504.28 0.44 0.208298
9 504.23 0.36 504.28 0.44 0.505534
9 504.25 0.31 504.28 0.34 0.318232
9 504.86 0.22 505.00 0.32 0.256599
9 504.68 0.04 504.70 0.05 0.226586
9 504.70 0.35 504.74 0.39 0.253944
9 504.63 0.06 504.64 0.07 0.218612
10 504.25 0.31 504.28 0.34 0.380603
10 504.52 0.59 504.57 0.66 0.410957
10 504.23 0.36 504.28 0.44 0.404472
10 504.45 0.15 504.47 0.16 0.232540
10 504.23 0.31 504.28 0.44 0.207079
1 0.25 0.10 1.00 1.00 0.314100
1 0.82 0.31 0.84 0.34 0.291356
1 0.79 0.31 0.85 0.44 0.217929
1 0.79 0.35 0.84 0.44 0.265185
2 0.82 0.31 0.84 0.34 0.254934
2 0.41 0.18 0.52 0.21 0.250636
4 0.82 0.31 0.84 0.34 0.486890
4 0.33 0.59 0.36 0.61 0.385878
4 0.79 0.36 0.84 0.44 0.349906
4 0.55 0.17 0.57 0.18 0.239636
4 0.17 0.78 0.21 0.83 0.258442
4 0.04 0.52 0.07 0.55 0.214609
4 0.79 0.41 0.82 0.44 0.220867
4 0.07 0.52 0.09 0.54 0.200310
5 0.82 0.31 0.84 0.34 0.354738
5 0.79 0.36 0.84 0.44 0.372625
5 0.03 0.52 0.07 0.55 0.245879
6 0.79 0.36 0.84 0.44 0.389828
6 0.82 0.31 0.84 0.34 0.329620
6 0.03 0.52 0.07 0.55 0.222590
6 0.79 0.31 0.84 0.44 0.235978
7 0.79 0.36 0.84 0.44 0.322527
7 0.82 0.31 0.84 0.34 0.270112
9 0.82 0.31 0.84 0.34 0.362322
9 0.79 0.36 0.84 0.44 0.404055
10 0.82 0.31 0.84 0.34 0.356234
10 0.79 0.36 0.84 0.44 0.419306
10 0.80 0.36 0.84 0.42 0.218876
10 0.79 0.31 0.84 0.44 0.244392
1 504.52 0.59 504.57 0.66 0.403941
1 504.00 0.00 505.00 1.00 0.280459
1 504.25 0.31 504.28 0.34 0.250097
1 504.45 0.15 504.47 0.16 0.230601
1 504.60 0.34 505.00 1.00 0.217734
2 504.52 0.59 504.57 0.66 0.367986
2 504.69 0.34 504.91 0.44 0.255097
2 504.45 0.15 504.47 0.16 0.258945
2 504.00 0.00 505.00 1.00 0.280047
2 504.25 0.31 504.28 0.34 0.249093
2 504.59 0.34 505.00 1.00 0.211895
4 504.45 0.15 504.47 0.16 0.483561
4 504.25 0.31 504.28 0.34 0.451201
4 504.63 0.06 504.64 0.07 0.418803
4 504.57 0.07 504.59 0.09 0.409804
4 504.68 0.04 504.70 0.05 0.365741
4 504.52 0.59 504.57 0.66 0.405964
4 504.23 0.36 504.28 0.44 0.367810
4 504.54 0.10 504.56 0.12 0.319931
4 504.70 0.43 504.74 0.46 0.286504
4 504.37 0.21 504.38 0.23 0.252046
4 504.90 0.23 504.96 0.26 0.300059
4 504.78 0.12 504.80 0.14 0.246401
4 504.47 0.00 504.48 0.02 0.280378
4 504.54 0.14 504.57 0.16 0.256758
4 504.49 0.17 504.51 0.18 0.211425
4 504.65 0.23 504.67 0.25 0.282731
4 504.38 0.24 504.39 0.26 0.201438
4 504.23 0.41 504.26 0.44 0.211336
4 504.69 0.27 504.71 0.29 0.210987
5 504.23 0.36 504.28 0.44 0.446226
5 504.25 0.31 504.28 0.34 0.306588
5 504.52 0.59 504.57 0.66 0.313440
5 504.45 0.15 504.47 0.16 0.242484
5 504.63 0.06 504.64 0.07 0.249386
5 504.68 0.04 504.70 0.05 0.207887
5 504.78 0.12 504.80 0.14 0.211777
5 504.70 0.35 504.74 0.39 0.215706
5 504.57 0.07 504.59 0.09 0.220783
5 504.79 0.01 504.83 0.05 0.222397
5 504.90 0.23 504.96 0.25 0.255100
6 504.23 0.36 504.28 0.44 0.477094
6 504.25 0.31 504.28 0.34 0.263016
6 504.86 0.22 505.00 0.32 0.210406
6 504.52 0.59 504.57 0.66 0.212701
7 504.23 0.36 504.28 0.44 0.330636
7 504.25 0.31 504.28 0.34 0.204335
8 504.23 0.36 504.28 0.44 0.208298
9 504.23 0.36 504.28 0.44 0.505534
9 504.25 0.31 504.28 0.34 0.318232
9 504.86 0.22 505.00 0.32 0.256599
9 504.68 0.04 504.70 0.05 0.226586
9 504.70 0.35 504.74 0.39 0.253944
9 504.63 0.06 504.64 0.07 0.218612
10 504.25 0.31 504.28 0.34 0.380603
10 504.52 0.59 504.57 0.66 0.410957
10 504.23 0.36 504.28 0.44 0.404472
10 504.45 0.15 504.47 0.16 0.232540
10 504.23 0.31 504.28 0.44 0.207079
