1 0.89 0.28 0.91 0.32 0.297751
1 0.50 0.28 0.51 0.30 0.341432
1 0.47 0.20 0.48 0.23 0.309863
1 0.52 0.28 0.53 0.30 0.339240
1 0.59 0.43 0.60 0.46 0.284694
1 0.58 0.26 0.59 0.30 0.241785
1 0.65 0.26 0.66 0.28 0.200644
2 0.50 0.28 0.51 0.30 0.437079
2 0.89 0.28 0.91 0.32 0.381166
2 0.47 0.20 0.48 0.23 0.393023
2 0.52 0.28 0.53 0.30 0.418443
2 0.65 0.26 0.66 0.28 0.307216
2 0.59 0.43 0.60 0.46 0.332956
2 0.47 0.28 0.48 0.30 0.302202
2 0.08 0.28 0.09 0.30 0.223624
2 0.58 0.26 0.59 0.30 0.338808
2 0.68 0.25 0.69 0.27 0.317924
2 0.40 0.23 0.41 0.24 0.256031
2 0.92 0.15 0.93 0.17 0.206926
2 0.99 0.02 1.00 0.05 0.225037
2 0.65 0.09 0.65 0.11 0.219437
2 0.58 0.14 0.59 0.17 0.209846
2 0.47 0.25 0.70 0.31 0.212531
4 0.37 0.60 0.44 0.65 0.674504
4 0.58 0.87 0.61 0.96 0.660689
4 0.36 0.51 0.42 0.54 0.621673
4 0.89 0.01 0.92 0.04 0.562385
4 0.82 0.21 0.85 0.27 0.626833
4 0.85 0.05 0.87 0.08 0.613381
4 0.55 0.29 0.58 0.33 0.510361
4 0.98 0.63 1.00 0.68 0.478412
4 0.78 0.61 0.80 0.68 0.602538
4 0.12 0.31 0.16 0.34 0.430656
4 0.21 0.36 0.27 0.38 0.290422
4 0.00 0.45 0.04 0.50 0.305537
4 0.56 0.75 0.58 0.76 0.238778
4 0.08 0.28 0.09 0.30 0.245052
4 0.75 0.07 0.76 0.09 0.214588
4 0.36 0.81 0.37 0.83 0.247624
4 0.44 0.97 0.46 1.00 0.211177
4 0.54 0.69 0.57 0.71 0.208996
4 0.93 0.01 0.95 0.03 0.228705
4 0.21 0.36 0.30 0.40 0.233242
5 0.82 0.21 0.85 0.26 0.538791
5 0.58 0.87 0.61 0.96 0.558209
5 0.78 0.61 0.80 0.67 0.521840
5 0.30 0.29 0.46 0.37 0.413027
5 0.85 0.05 0.87 0.08 0.514823
5 0.16 0.30 0.31 0.36 0.397071
5 0.21 0.36 0.27 0.38 0.321350
5 0.89 0.01 0.92 0.04 0.471380
5 0.55 0.29 0.58 0.33 0.433421
5 0.36 0.51 0.42 0.54 0.447625
5 0.37 0.60 0.44 0.65 0.442116
5 0.33 0.27 0.40 0.30 0.328856
5 0.98 0.63 1.00 0.68 0.360858
5 0.12 0.31 0.16 0.34 0.357975
5 0.07 0.56 0.22 0.63 0.292107
5 0.86 0.78 0.89 0.80 0.233042
5 0.21 0.36 0.30 0.40 0.292457
6 0.78 0.61 0.80 0.67 0.446125
6 0.07 0.56 0.22 0.63 0.456235
6 0.30 0.29 0.46 0.37 0.401376
6 0.16 0.30 0.31 0.36 0.388252
6 0.82 0.22 0.85 0.26 0.422346
6 0.85 0.05 0.87 0.08 0.417775
6 0.36 0.51 0.42 0.54 0.376479
6 0.55 0.29 0.58 0.33 0.355427
6 0.58 0.87 0.61 0.96 0.343381
6 0.89 0.01 0.92 0.04 0.375065
6 0.91 0.32 0.98 0.39 0.318365
6 0.33 0.27 0.40 0.30 0.322568
6 0.86 0.78 0.89 0.80 0.283801
6 0.16 0.27 0.46 0.38 0.212870
6 0.21 0.36 0.27 0.38 0.218985
6 0.98 0.63 1.00 0.68 0.293922
6 0.12 0.31 0.16 0.34 0.279527
6 0.56 0.75 0.59 0.76 0.209892
6 0.37 0.60 0.44 0.65 0.273473
6 0.21 0.36 0.30 0.40 0.277838
7 0.55 0.29 0.58 0.33 0.218775
7 0.78 0.61 0.80 0.67 0.209224
7 0.30 0.29 0.46 0.37 0.212658
9 0.16 0.30 0.31 0.36 0.502835
9 0.30 0.29 0.46 0.37 0.499966
9 0.07 0.56 0.22 0.63 0.400804
9 0.33 0.27 0.40 0.30 0.374927
9 0.82 0.21 0.85 0.26 0.424926
9 0.85 0.05 0.87 0.08 0.421111
9 0.89 0.01 0.91 0.04 0.404973
9 0.78 0.61 0.80 0.67 0.320534
9 0.91 0.32 0.98 0.39 0.277182
9 0.86 0.78 0.89 0.80 0.232466
9 0.98 0.63 1.00 0.68 0.284668
9 0.58 0.87 0.61 0.96 0.279318
9 0.55 0.29 0.58 0.33 0.291710
9 0.16 0.27 0.46 0.38 0.226826
9 0.12 0.31 0.16 0.34 0.220489
9 0.36 0.51 0.42 0.54 0.234778
9 0.21 0.36 0.30 0.40 0.292542
10 0.78 0.61 0.80 0.67 0.455808
10 0.58 0.87 0.61 0.96 0.350456
10 0.55 0.29 0.58 0.33 0.332876
10 0.07 0.56 0.22 0.63 0.248337
10 0.37 0.60 0.43 0.65 0.265358
10 0.30 0.28 0.46 0.37 0.238726
10 0.36 0.51 0.42 0.54 0.232601
10 0.82 0.21 0.85 0.26 0.217001
10 0.85 0.05 0.87 0.08 0.224083
10 0.16 0.30 0.31 0.36 0.213813
1 504.33 0.28 504.34 0.32 0.275433
1 504.03 0.43 504.04 0.46 0.295570
1 504.09 0.26 504.10 0.28 0.233099
2 504.03 0.43 504.04 0.46 0.301056
2 504.33 0.28 504.34 0.32 0.361335
2 504.09 0.26 504.10 0.28 0.263262
2 504.62 0.14 504.70 0.17 0.437880
2 504.12 0.25 504.13 0.27 0.232442
2 504.67 0.02 504.77 0.06 0.288218
4 504.33 0.00 504.35 0.04 0.577124
4 504.26 0.22 504.29 0.27 0.602819
4 504.29 0.05 504.31 0.08 0.591708
4 504.01 0.87 504.05 0.96 0.615621
4 504.00 0.29 504.02 0.34 0.464315
4 504.43 0.62 504.46 0.67 0.582002
4 504.21 0.61 504.24 0.68 0.602351
4 504.50 0.15 504.53 0.18 0.326711
4 504.79 0.07 504.83 0.09 0.266233
4 504.18 0.08 504.20 0.09 0.226841
4 504.30 0.78 504.32 0.80 0.219757
4 504.08 0.83 504.09 0.84 0.204704
4 504.76 0.61 504.80 0.67 0.232085
4 504.55 0.14 504.60 0.18 0.295215
4 504.55 0.27 504.65 0.35 0.335111
4 504.97 0.27 505.00 0.33 0.208425
4 504.35 0.32 504.42 0.39 0.303932
4 504.37 0.01 504.39 0.03 0.249528
4 504.67 0.00 504.69 0.02 0.234023
4 504.36 0.15 504.37 0.17 0.232686
4 504.54 0.00 504.57 0.03 0.219323
4 504.79 0.06 504.83 0.10 0.215885
4 504.55 0.14 504.62 0.18 0.205426
5 504.26 0.21 504.29 0.26 0.597536
5 504.01 0.87 504.05 0.96 0.609449
5 504.21 0.61 504.24 0.67 0.579510
5 504.29 0.05 504.31 0.08 0.575516
5 504.33 0.00 504.35 0.04 0.556172
5 504.00 0.29 504.02 0.34 0.457456
5 504.43 0.62 504.46 0.67 0.372384
5 504.50 0.15 504.53 0.18 0.316352
5 504.55 0.27 504.65 0.35 0.377487
5 504.55 0.15 504.60 0.18 0.300313
5 504.35 0.32 504.42 0.39 0.323834
5 504.42 0.62 504.46 0.68 0.426329
5 504.55 0.14 504.60 0.18 0.266705
6 504.55 0.27 504.65 0.35 0.518543
6 504.21 0.61 504.24 0.68 0.497495
6 504.35 0.32 504.42 0.39 0.491782
6 504.29 0.05 504.31 0.08 0.486890
6 504.33 0.01 504.35 0.04 0.454945
6 504.26 0.22 504.29 0.27 0.491057
6 504.50 0.15 504.54 0.18 0.362210
6 504.55 0.15 504.60 0.18 0.341208
6 504.01 0.87 504.05 0.96 0.402001
6 504.00 0.29 504.02 0.34 0.414645
6 504.42 0.62 504.46 0.68 0.473789
6 504.30 0.78 504.32 0.81 0.297985
6 504.19 0.17 504.22 0.19 0.210312
6 504.79 0.07 504.83 0.09 0.203292
6 504.37 0.01 504.39 0.03 0.218520
6 504.50 0.15 504.55 0.18 0.214711
6 504.55 0.14 504.62 0.18 0.252208
7 504.55 0.27 504.65 0.35 0.238725
7 504.35 0.32 504.42 0.39 0.210637
7 504.21 0.61 504.24 0.68 0.204616
9 504.33 0.00 504.35 0.04 0.541302
9 504.26 0.22 504.29 0.26 0.533011
9 504.29 0.05 504.31 0.08 0.528372
9 504.35 0.32 504.42 0.39 0.448137
9 504.50 0.15 504.54 0.18 0.425786
9 504.01 0.87 504.05 0.96 0.432267
9 504.21 0.61 504.24 0.68 0.481375
9 504.55 0.15 504.60 0.18 0.375751
9 504.00 0.29 504.02 0.34 0.431061
9 504.43 0.62 504.46 0.67 0.356032
9 504.30 0.78 504.32 0.81 0.331315
9 504.55 0.27 504.65 0.35 0.417226
9 504.19 0.17 504.22 0.19 0.249587
9 504.37 0.01 504.39 0.03 0.273917
9 504.55 0.14 504.60 0.18 0.277684
9 504.55 0.14 504.62 0.18 0.222964
9 504.42 0.62 504.46 0.68 0.383549
9 504.37 0.01 504.39 0.04 0.216382
10 504.21 0.61 504.24 0.67 0.458539
10 504.55 0.27 504.65 0.35 0.370397
10 504.01 0.87 504.05 0.96 0.354467
10 504.42 0.62 504.46 0.68 0.338012
10 504.26 0.21 504.29 0.26 0.232273
10 504.29 0.05 504.31 0.08 0.223874
10 504.35 0.32 504.42 0.39 0.281416
10 504.33 0.01 504.35 0.04 0.206483
1 0.89 0.28 0.91 0.32 0.297751
1 0.50 0.28 0.51 0.30 0.341432
1 0.47 0.20 0.48 0.23 0.309863
1 0.52 0.28 0.53 0.30 0.339240
1 0.59 0.43 0.60 0.46 0.284694
1 0.58 0.26 0.59 0.30 0.241785
1 0.65 0.26 0.66 0.28 0.200644
2 0.50 0.28 0.51 0.30 0.437079
2 0.89 0.28 0.91 0.32 0.381166
2 0.47 0.20 0.48 0.23 0.393023
2 0.52 0.28 0.53 0.30 0.418443
2 0.65 0.26 0.66 0.28 0.307216
2 0.59 0.43 0.60 0.46 0.332956
2 0.47 0.28 0.48 0.30 0.302202
2 0.08 0.28 0.09 0.30 0.223624
2 0.58 0.26 0.59 0.30 0.338808
2 0.68 0.25 0.69 0.27 0.317924
2 0.40 0.23 0.41 0.24 0.256031
2 0.92 0.15 0.93 0.17 0.206926
2 0.99 0.02 1.00 0.05 0.225037
2 0.65 0.09 0.65 0.11 0.219437
2 0.58 0.14 0.59 0.17 0.209846
2 0.47 0.25 0.70 0.31 0.212531
4 0.37 0.60 0.44 0.65 0.674504
4 0.58 0.87 0.61 0.96 0.660689
4 0.36 0.51 0.42 0.54 0.621673
4 0.89 0.01 0.92 0.04 0.562385
4 0.82 0.21 0.85 0.27 0.626833
4 0.85 0.05 0.87 0.08 0.613381
4 0.55 0.29 0.58 0.33 0.510361
4 0.98 0.63 1.00 0.68 0.478412
4 0.78 0.61 0.80 0.68 0.602538
4 0.12 0.31 0.16 0.34 0.430656
4 0.21 0.36 0.27 0.38 0.290422
4 0.00 0.45 0.04 0.50 0.305537
4 0.56 0.75 0.58 0.76 0.238778
4 0.08 0.28 0.09 0.30 0.245052
4 0.75 0.07 0.76 0.09 0.214588
4 0.36 0.81 0.37 0.83 0.247624
4 0.44 0.97 0.46 1.00 0.211177
4 0.54 0.69 0.57 0.71 0.208996
4 0.93 0.01 0.95 0.03 0.228705
4 0.21 0.36 0.30 0.40 0.233242
5 0.82 0.21 0.85 0.26 0.538791
5 0.58 0.87 0.61 0.96 0.558209
5 0.78 0.61 0.80 0.67 0.521840
5 0.30 0.29 0.46 0.37 0.413027
5 0.85 0.05 0.87 0.08 0.514823
5 0.16 0.30 0.31 0.36 0.397071
5 0.21 0.36 0.27 0.38 0.321350
5 0.89 0.01 0.92 0.04 0.471380
5 0.55 0.29 0.58 0.33 0.433421
5 0.36 0.51 0.42 0.54 0.447625
5 0.37 0.60 0.44 0.65 0.442116
5 0.33 0.27 0.40 0.30 0.328856
5 0.98 0.63 1.00 0.68 0.360858
5 0.12 0.31 0.16 0.34 0.357975
5 0.07 0.56 0.22 0.63 0.292107
5 0.86 0.78 0.89 0.80 0.233042
5 0.21 0.36 0.30 0.40 0.292457
6 0.78 0.61 0.80 0.67 0.446125
6 0.07 0.56 0.22 0.63 0.456235
6 0.30 0.29 0.46 0.37 0.401376
6 0.16 0.30 0.31 0.36 0.388252
6 0.82 0.22 0.85 0.26 0.422346
6 0.85 0.05 0.87 0.08 0.417775
6 0.36 0.51 0.42 0.54 0.376479
6 0.55 0.29 0.58 0.33 0.355427
6 0.58 0.87 0.61 0.96 0.343381
6 0.89 0.01 0.92 0.04 0.375065
6 0.91 0.32 0.98 0.39 0.318365
6 0.33 0.27 0.40 0.30 0.322568
6 0.86 0.78 0.89 0.80 0.283801
6 0.16 0.27 0.46 0.38 0.212870
6 0.21 0.36 0.27 0.38 0.218985
6 0.98 0.63 1.00 0.68 0.293922
6 0.12 0.31 0.16 0.34 0.279527
6 0.56 0.75 0.59 0.76 0.209892
6 0.37 0.60 0.44 0.65 0.273473
6 0.21 0.36 0.30 0.40 0.277838
7 0.55 0.29 0.58 0.33 0.218775
7 0.78 0.61 0.80 0.67 0.209224
7 0.30 0.29 0.46 0.37 0.212658
9 0.16 0.30 0.31 0.36 0.502835
9 0.30 0.29 0.46 0.37 0.499966
9 0.07 0.56 0.22 0.63 0.400804
9 0.33 0.27 0.40 0.30 0.374927
9 0.82 0.21 0.85 0.26 0.424926
9 0.85 0.05 0.87 0.08 0.421111
9 0.89 0.01 0.91 0.04 0.404973
9 0.78 0.61 0.80 0.67 0.320534
9 0.91 0.32 0.98 0.39 0.277182
9 0.86 0.78 0.89 0.80 0.232466
9 0.98 0.63 1.00 0.68 0.284668
9 0.58 0.87 0.61 0.96 0.279318
9 0.55 0.29 0.58 0.33 0.291710
9 0.16 0.27 0.46 0.38 0.226826
9 0.12 0.31 0.16 0.34 0.220489
9 0.36 0.51 0.42 0.54 0.234778
9 0.21 0.36 0.30 0.40 0.292542
10 0.78 0.61 0.80 0.67 0.455808
10 0.58 0.87 0.61 0.96 0.350456
10 0.55 0.29 0.58 0.33 0.332876
10 0.07 0.56 0.22 0.63 0.248337
10 0.37 0.60 0.43 0.65 0.265358
10 0.30 0.28 0.46 0.37 0.238726
10 0.36 0.51 0.42 0.54 0.232601
10 0.82 0.21 0.85 0.26 0.217001
10 0.85 0.05 0.87 0.08 0.224083
10 0.16 0.30 0.31 0.36 0.213813
1 504.33 0.28 504.34 0.32 0.275433
1 504.03 0.43 504.04 0.46 0.295570
1 504.09 0.26 504.10 0.28 0.233099
2 504.03 0.43 504.04 0.46 0.301056
2 504.33 0.28 504.34 0.32 0.361335
2 504.09 0.26 504.10 0.28 0.263262
2 504.62 0.14 504.70 0.17 0.437880
2 504.12 0.25 504.13 0.27 0.232442
2 504.67 0.02 504.77 0.06 0.288218
4 504.33 0.00 504.35 0.04 0.577124
4 504.26 0.22 504.29 0.27 0.602819
4 504.29 0.05 504.31 0.08 0.591708
4 504.01 0.87 504.05 0.96 0.615621
4 504.00 0.29 504.02 0.34 0.464315
4 504.43 0.62 504.46 0.67 0.582002
4 504.21 0.61 504.24 0.68 0.602351
4 504.50 0.15 504.53 0.18 0.326711
4 504.79 0.07 504.83 0.09 0.266233
4 504.18 0.08 504.20 0.09 0.226841
4 504.30 0.78 504.32 0.80 0.219757
4 504.08 0.83 504.09 0.84 0.204704
4 504.76 0.61 504.80 0.67 0.232085
4 504.55 0.14 504.60 0.18 0.295215
4 504.55 0.27 504.65 0.35 0.335111
4 504.97 0.27 505.00 0.33 0.208425
4 504.35 0.32 504.42 0.39 0.303932
4 504.37 0.01 504.39 0.03 0.249528
4 504.67 0.00 504.69 0.02 0.234023
4 504.36 0.15 504.37 0.17 0.232686
4 504.54 0.00 504.57 0.03 0.219323
4 504.79 0.06 504.83 0.10 0.215885
4 504.55 0.14 504.62 0.18 0.205426
5 504.26 0.21 504.29 0.26 0.597536
5 504.01 0.87 504.05 0.96 0.609449
5 504.21 0.61 504.24 0.67 0.579510
5 504.29 0.05 504.31 0.08 0.575516
5 504.33 0.00 504.35 0.04 0.556172
5 504.00 0.29 504.02 0.34 0.457456
5 504.43 0.62 504.46 0.67 0.372384
5 504.50 0.15 504.53 0.18 0.316352
5 504.55 0.27 504.65 0.35 0.377487
5 504.55 0.15 504.60 0.18 0.300313
5 504.35 0.32 504.42 0.39 0.323834
5 504.42 0.62 504.46 0.68 0.426329
5 504.55 0.14 504.60 0.18 0.266705
6 504.55 0.27 504.65 0.35 0.518543
6 504.21 0.61 504.24 0.68 0.497495
6 504.35 0.32 504.42 0.39 0.491782
6 504.29 0.05 504.31 0.08 0.486890
6 504.33 0.01 504.35 0.04 0.454945
6 504.26 0.22 504.29 0.27 0.491057
6 504.50 0.15 504.54 0.18 0.362210
6 504.55 0.15 504.60 0.18 0.341208
6 504.01 0.87 504.05 0.96 0.402001
6 504.00 0.29 504.02 0.34 0.414645
6 504.42 0.62 504.46 0.68 0.473789
6 504.30 0.78 504.32 0.81 0.297985
6 504.19 0.17 504.22 0.19 0.210312
6 504.79 0.07 504.83 0.09 0.203292
6 504.37 0.01 504.39 0.03 0.218520
6 504.50 0.15 504.55 0.18 0.214711
6 504.55 0.14 504.62 0.18 0.252208
7 504.55 0.27 504.65 0.35 0.238725
7 504.35 0.32 504.42 0.39 0.210637
7 504.21 0.61 504.24 0.68 0.204616
9 504.33 0.00 504.35 0.04 0.541302
9 504.26 0.22 504.29 0.26 0.533011
9 504.29 0.05 504.31 0.08 0.528372
9 504.35 0.32 504.42 0.39 0.448137
9 504.50 0.15 504.54 0.18 0.425786
9 504.01 0.87 504.05 0.96 0.432267
9 504.21 0.61 504.24 0.68 0.481375
9 504.55 0.15 504.60 0.18 0.375751
9 504.00 0.29 504.02 0.34 0.431061
9 504.43 0.62 504.46 0.67 0.356032
9 504.30 0.78 504.32 0.81 0.331315
9 504.55 0.27 504.65 0.35 0.417226
9 504.19 0.17 504.22 0.19 0.249587
9 504.37 0.01 504.39 0.03 0.273917
9 504.55 0.14 504.60 0.18 0.277684
9 504.55 0.14 504.62 0.18 0.222964
9 504.42 0.62 504.46 0.68 0.383549
9 504.37 0.01 504.39 0.04 0.216382
10 504.21 0.61 504.24 0.67 0.458539
10 504.55 0.27 504.65 0.35 0.370397
10 504.01 0.87 504.05 0.96 0.354467
10 504.42 0.62 504.46 0.68 0.338012
10 504.26 0.21 504.29 0.26 0.232273
10 504.29 0.05 504.31 0.08 0.223874
10 504.35 0.32 504.42 0.39 0.281416
10 504.33 0.01 504.35 0.04 0.206483
