4 971.41 214.89 996.25 232.94 0.999127
4 547.54 494.56 597.77 540.78 0.992205
1 640.19 515.55 651.51 539.58 0.983607
2 759.70 568.31 775.30 598.19 0.981337
4 52.47 190.96 77.26 204.25 0.981077
7 954.69 692.22 1029.51 750.81 0.964627
6 325.18 250.30 425.31 313.29 0.963580
3 919.51 733.19 947.72 762.01 0.933584
1 720.40 565.23 735.81 586.93 0.924362
4 315.07 163.51 334.48 175.90 0.920218
4 103.74 221.33 127.25 237.50 0.907877
1 950.47 722.63 965.77 749.57 0.837672
5 1128.82 946.08 1312.01 1049.68 0.790310
6 32.15 206.16 73.38 234.26 0.751768
1 928.83 728.92 946.33 754.71 0.728023
4 459.78 469.67 477.11 491.04 0.691776
4 413.87 248.03 437.46 270.81 0.673824
3 758.99 577.42 773.98 599.26 0.666565
2 767.57 515.57 781.73 539.60 0.588438
1 1359.12 955.23 1388.80 983.33 0.568453
1 1065.37 968.00 1085.47 998.67 0.500477
4 832.09 554.24 850.44 569.72 0.494747
