4 568.98 383.76 607.78 420.00 0.980724
4 609.49 317.26 640.87 344.80 0.973361
4 677.21 252.50 701.25 273.63 0.970981
4 905.31 385.57 927.43 411.40 0.963476
4 802.58 149.97 817.37 164.59 0.958663
4 739.30 685.62 773.35 744.96 0.955117
4 853.82 221.77 865.32 236.06 0.944161
4 978.43 213.63 992.01 225.31 0.908253
4 810.95 108.92 823.93 122.67 0.905963
4 750.22 182.54 767.39 197.64 0.905941
4 794.69 95.93 805.61 105.92 0.860150
4 791.09 385.41 812.67 399.68 0.848560
4 779.67 147.85 796.25 161.86 0.841436
1 1262.02 493.00 1271.38 511.84 0.840579
4 249.17 212.38 278.70 224.75 0.826957
4 822.85 88.07 832.72 98.56 0.809282
1 505.12 338.99 518.10 361.53 0.808193
4 816.60 220.65 829.10 234.99 0.784737
4 794.89 68.39 805.10 78.55 0.739401
4 808.98 258.53 826.01 280.13 0.731158
4 197.77 212.86 223.25 223.72 0.719403
4 769.07 186.38 788.22 202.82 0.683421
1 1122.43 496.84 1132.41 515.80 0.671580
4 231.34 229.89 255.60 240.11 0.668433
4 844.02 172.52 856.56 184.85 0.651841
4 891.83 22.77 899.30 29.72 0.648963
4 814.22 40.50 822.57 47.86 0.642677
4 799.65 53.37 812.02 65.97 0.636704
4 867.14 18.56 876.34 25.58 0.629698
4 837.74 151.22 851.42 163.66 0.628791
4 709.61 125.14 726.29 136.71 0.624948
4 712.68 304.86 735.01 325.51 0.624175
4 853.87 323.18 869.47 334.43 0.621585
4 838.74 87.92 850.84 99.89 0.609299
4 880.82 217.68 894.79 227.85 0.603143
4 786.76 79.33 797.89 90.59 0.602658
4 683.48 0.01 698.42 6.90 0.602351
4 833.79 59.99 842.75 69.36 0.599770
6 111.88 114.18 167.02 161.71 0.596283
4 853.52 40.00 862.95 48.04 0.595101
4 954.77 6.48 971.73 16.59 0.592957
4 848.89 37.05 856.54 43.62 0.558889
4 899.03 17.56 910.40 25.13 0.546683
2 309.44 223.21 320.62 241.22 0.545908
5 197.40 588.91 323.32 726.35 0.542713
4 816.23 180.63 832.52 203.20 0.537969
6 92.59 231.17 145.02 254.55 0.536451
4 914.82 10.26 924.89 17.30 0.535776
2 504.74 338.62 517.87 361.20 0.517624
6 955.66 289.72 1046.17 424.45 0.517074
9 438.27 128.78 490.80 145.73 0.513974
3 504.86 347.13 518.01 362.06 0.510356
4 830.12 71.96 840.82 83.15 0.490870
4 827.01 40.59 834.59 47.92 0.475019
2 1246.43 499.71 1256.23 514.34 0.460088
2 1052.98 599.68 1064.25 618.89 0.459542
6 222.03 624.03 379.22 787.32 0.450558
2 505.58 340.16 512.24 358.74 0.442523
2 1261.52 492.69 1270.87 511.31 0.437756
2 1246.84 492.81 1271.36 515.43 0.426489
2 722.26 305.97 731.26 322.12 0.416865
10 954.30 287.30 1047.74 425.80 0.383065
9 524.87 88.54 563.36 113.32 0.382895
9 497.45 88.36 563.80 114.92 0.377984
2 1122.22 496.54 1131.92 515.13 0.364104
2 1370.81 376.20 1380.12 394.33 0.355839
9 911.37 47.16 950.71 71.37 0.343429
10 195.59 586.95 324.16 726.54 0.342821
9 657.77 87.48 746.68 122.92 0.342154
9 363.66 79.05 395.64 95.57 0.341827
7 222.08 626.72 378.72 787.02 0.338975
1 503.69 337.96 518.89 361.57 0.324451
10 110.14 112.74 168.32 162.03 0.323266
4 567.93 382.06 608.81 421.02 0.321734
4 737.77 683.75 774.99 745.95 0.317802
1 1121.43 495.71 1133.31 516.57 0.314793
4 608.33 315.34 642.17 345.90 0.302410
7 196.43 586.23 381.06 784.58 0.296441
7 279.33 623.15 379.64 734.85 0.264625
1 1051.06 597.67 1066.08 620.49 0.255330
1 1356.84 374.37 1390.41 406.68 0.247060
4 676.32 250.67 702.62 274.84 0.245925
1 1260.74 491.74 1272.83 512.03 0.245240
1 1244.69 490.46 1273.91 516.60 0.244453
10 91.92 229.14 145.84 255.25 0.244122
7 269.70 623.53 380.55 765.94 0.237205
4 903.94 383.74 928.58 412.42 0.235350
1 500.48 335.21 522.02 365.25 0.229286
10 715.77 280.06 1049.54 426.84 0.219269
9 910.61 47.02 951.71 79.15 0.219036
10 1123.06 582.02 1334.61 786.37 0.214205
1 1245.30 498.50 1257.78 515.38 0.208393
4 768.33 182.48 788.79 202.79 0.205295
1 1367.55 374.47 1381.15 396.30 0.204674
7 479.71 642.56 524.30 697.32 0.204564
4 189.06 144.12 208.43 154.47 0.198594
2 309.75 223.94 321.02 241.45 0.197326
9 512.51 115.03 532.48 127.95 0.197283
1 308.34 220.47 322.10 242.70 0.194665
4 471.82 114.38 496.07 128.27 0.194397
4 1358.14 375.95 1389.23 404.34 0.192466
1 1052.74 599.04 1064.78 619.39 0.190159
1 1246.74 499.80 1256.87 515.17 0.189759
10 938.47 268.39 1061.93 444.90 0.187009
4 994.26 207.91 1007.11 218.58 0.186022
9 659.56 87.96 745.76 114.60 0.185812
10 221.24 724.81 304.50 785.83 0.183012
6 119.50 231.44 144.79 253.92 0.182955
6 789.94 364.72 824.10 399.85 0.181401
4 730.09 677.33 782.69 751.74 0.178702
3 503.56 344.37 518.87 362.88 0.175469
4 196.14 657.72 258.68 726.00 0.175049
10 1067.56 612.44 1112.67 705.24 0.172775
4 815.16 179.38 833.68 204.02 0.166730
10 910.09 45.67 952.22 74.38 0.165802
4 837.15 71.33 855.10 100.12 0.164322
3 496.04 332.14 527.38 369.23 0.163739
4 852.10 220.35 866.79 237.16 0.163031
1 1117.00 492.79 1137.68 519.63 0.161438
2 541.50 105.08 577.71 127.72 0.159291
3 1353.41 369.43 1394.22 410.67 0.155833
2 237.75 217.24 322.86 275.81 0.154887
4 563.53 377.27 613.19 425.72 0.153628
10 815.49 218.69 830.83 236.42 0.152316
4 802.12 148.77 818.47 165.54 0.150584
4 787.87 363.44 819.64 400.49 0.149219
4 749.18 180.82 767.68 198.96 0.149145
6 194.93 210.78 225.92 224.53 0.146636
4 900.45 379.65 932.35 416.26 0.146086
6 671.39 53.52 696.36 69.82 0.142665
4 807.60 257.11 826.83 281.04 0.141998
6 437.79 127.00 492.65 146.65 0.140087
1 715.80 303.49 735.72 325.41 0.139793
2 8.33 4.30 908.76 784.52 0.137941
4 778.66 146.34 797.01 163.18 0.136312
2 533.16 100.33 580.58 135.83 0.135856
3 1045.39 591.65 1072.03 624.77 0.135667
4 809.59 107.26 825.42 123.77 0.133476
4 247.16 210.80 279.58 225.59 0.133045
3 1356.87 380.39 1389.58 405.82 0.131946
2 526.28 147.22 585.56 175.81 0.131546
10 1120.12 581.18 1384.03 786.00 0.130889
4 195.61 586.52 324.31 726.58 0.129082
10 977.41 212.44 992.56 226.61 0.124573
1 720.67 304.78 733.56 323.02 0.123715
10 1255.64 629.94 1385.10 767.92 0.123289
4 789.90 382.76 813.80 401.26 0.118415
9 88.01 224.04 152.01 260.05 0.116339
7 766.50 169.70 797.78 203.45 0.116276
6 164.31 109.43 210.40 127.76 0.115488
4 602.61 308.89 648.92 352.35 0.115050
3 502.93 337.41 519.67 362.38 0.114751
6 75.37 155.32 118.24 175.85 0.114190
4 842.15 163.19 858.98 186.22 0.112365
4 766.89 180.46 788.77 203.64 0.110283
1 8.33 4.30 908.76 784.52 0.109289
10 220.42 719.84 325.72 785.91 0.108124
1 1358.21 374.62 1386.37 403.25 0.104297
1 720.64 127.81 729.55 148.22 0.102977
4 799.10 51.74 813.08 66.77 0.100321
8 505.58 340.16 512.24 358.74 0.049066
8 722.26 305.97 731.26 322.12 0.048902
8 1262.31 493.34 1270.86 511.47 0.048828
8 1122.97 497.26 1131.63 515.33 0.048819
7 505.58 340.16 512.24 358.74 0.048754
8 1370.81 376.20 1380.12 394.33 0.048726
7 722.26 305.97 731.26 322.12 0.048537
1 1247.09 500.06 1255.91 515.17 0.048532
8 309.44 223.21 320.62 241.22 0.048479
7 1262.31 493.34 1270.86 511.47 0.048438
7 1122.97 497.26 1131.63 515.33 0.048425
1 505.58 340.16 512.24 358.74 0.048402
10 505.58 340.16 512.24 358.74 0.048398
8 1052.98 599.68 1064.25 618.89 0.048364
7 1370.81 376.20 1380.12 394.33 0.048301
3 505.58 340.16 512.24 358.74 0.048131
1 722.26 305.97 731.26 322.12 0.048119
10 722.26 305.97 731.26 322.12 0.048119
8 506.03 339.34 517.48 361.26 0.048105
10 1122.97 497.26 1131.63 515.33 0.047975
7 309.44 223.21 320.62 241.22 0.047972
1 1370.81 376.20 1380.12 394.33 0.047836
7 1052.98 599.68 1064.25 618.89 0.047819
10 1370.81 376.20 1380.12 394.33 0.047816
3 722.26 305.97 731.26 322.12 0.047805
3 1262.31 493.34 1270.86 511.47 0.047657
3 1122.97 497.26 1131.63 515.33 0.047638
7 506.03 339.34 517.48 361.26 0.047474
3 1370.81 376.20 1380.12 394.33 0.047452
1 309.44 223.21 320.62 241.22 0.047394
10 309.44 223.21 320.62 241.22 0.047393
1 1052.98 599.68 1064.25 618.89 0.047212
10 1052.98 599.68 1064.25 618.89 0.047196
3 309.44 223.21 320.62 241.22 0.046958
10 506.03 339.34 517.48 361.26 0.046752
3 1052.98 599.68 1064.25 618.89 0.046729
3 506.03 339.34 517.48 361.26 0.046211
8 1246.44 492.33 1271.04 514.83 0.045818
7 1246.44 492.33 1271.04 514.83 0.044424
1 1246.44 492.33 1271.04 514.83 0.042836
10 1246.44 492.33 1271.04 514.83 0.042831
3 1246.44 492.33 1271.04 514.83 0.041636
