4 880.82 80.89 905.67 111.82 0.960426
4 890.04 16.31 911.62 41.93 0.886301
4 881.79 249.24 914.37 289.51 0.853707
1 809.04 176.83 822.43 212.10 0.781737
7 881.68 247.08 913.79 289.50 0.594755
2 793.23 176.19 822.95 213.42 0.477010
10 881.57 247.45 913.77 289.72 0.405536
7 880.84 80.75 905.15 112.02 0.392553
2 744.40 180.82 756.34 202.66 0.385210
7 879.45 245.95 915.88 291.41 0.327128
7 873.17 9.90 919.88 118.98 0.325950
2 790.30 173.69 825.26 215.07 0.312344
2 793.03 180.18 803.04 209.27 0.300050
2 729.31 163.93 828.16 265.89 0.287550
7 873.59 238.80 923.53 301.09 0.285333
1 807.97 175.83 823.15 212.14 0.272306
2 724.61 161.66 828.31 320.97 0.260655
7 874.70 75.53 912.68 115.91 0.260610
7 888.78 14.31 912.27 42.57 0.257739
2 800.60 180.23 810.94 211.23 0.257569
7 879.21 79.53 905.77 112.52 0.247732
7 868.42 71.18 919.82 122.05 0.236276
10 874.86 75.10 912.40 116.12 0.232934
3 862.17 230.52 937.31 316.00 0.230339
2 732.28 165.83 826.25 258.91 0.225050
2 792.96 178.31 810.38 212.88 0.223141
1 791.14 177.42 806.83 212.80 0.221010
7 870.66 236.18 926.42 305.31 0.212555
2 719.34 159.11 833.60 285.68 0.206423
2 785.01 168.86 830.63 220.96 0.206211
7 882.97 10.69 917.78 45.77 0.205513
7 889.36 14.79 911.54 42.00 0.197026
7 870.21 71.50 924.79 304.50 0.191109
7 874.96 240.32 921.89 299.03 0.190766
10 886.74 12.36 914.42 43.94 0.180193
10 873.30 3.20 929.28 50.50 0.178538
4 882.50 9.67 917.94 45.90 0.176863
10 854.14 63.71 937.05 138.71 0.172098
2 702.73 153.88 838.22 333.48 0.171853
4 862.63 66.78 926.35 129.78 0.166761
4 877.90 4.12 926.06 46.87 0.166523
4 873.95 74.95 912.63 116.31 0.161227
3 882.36 260.33 913.69 290.17 0.160052
3 881.89 254.78 913.28 289.19 0.159362
2 738.73 169.51 825.52 218.51 0.150335
10 89.54 133.16 592.96 1043.88 0.148574
1 741.74 179.34 758.88 206.63 0.147619
10 856.19 225.68 943.02 321.55 0.141881
7 847.67 218.50 957.17 339.39 0.140682
1 684.34 578.58 700.67 610.91 0.136521
7 861.53 66.99 937.32 317.40 0.135393
4 857.94 64.33 930.43 133.91 0.129857
10 655.82 332.16 716.79 393.53 0.129699
1 663.07 374.05 705.41 502.75 0.128643
7 856.21 8.55 938.90 138.84 0.128487
1 791.17 177.33 809.42 212.85 0.126548
7 881.76 88.22 902.80 111.53 0.125095
1 667.76 375.51 698.35 436.68 0.121377
1 678.29 365.98 781.45 695.40 0.119164
10 338.49 335.31 783.35 1044.15 0.116835
2 734.30 168.24 805.16 266.09 0.115148
1 737.67 179.51 763.04 259.54 0.114266
10 554.38 316.36 588.62 403.90 0.113297
9 870.90 5.15 934.81 62.52 0.112458
10 75.84 12.92 602.82 1045.10 0.109648
1 691.50 372.03 776.96 662.51 0.109561
5 651.76 308.97 758.13 401.66 0.105725
1 668.70 371.38 779.29 655.35 0.104406
4 879.31 79.54 905.46 112.59 0.101808
1 687.33 580.91 697.98 609.19 0.075621
10 889.88 16.07 911.12 41.84 0.066027
8 744.40 180.82 756.34 202.66 0.048522
8 793.03 180.18 803.04 209.27 0.048350
8 687.33 580.91 697.98 609.19 0.048292
8 800.60 180.23 810.94 211.23 0.048183
7 744.40 180.82 756.34 202.66 0.048030
8 810.84 177.78 821.71 211.33 0.047932
7 793.03 180.18 803.04 209.27 0.047800
7 687.33 580.91 697.98 609.19 0.047723
7 800.60 180.23 810.94 211.23 0.047577
1 744.40 180.82 756.34 202.66 0.047471
10 744.40 180.82 756.34 202.66 0.047467
8 794.59 179.94 809.37 212.40 0.047281
7 810.84 177.78 821.71 211.33 0.047243
1 793.03 180.18 803.04 209.27 0.047174
10 793.03 180.18 803.04 209.27 0.047171
10 687.33 580.91 697.98 609.19 0.047072
3 744.40 180.82 756.34 202.66 0.047045
1 800.60 180.23 810.94 211.23 0.046889
10 800.60 180.23 810.94 211.23 0.046885
3 793.03 180.18 803.04 209.27 0.046700
3 687.33 580.91 697.98 609.19 0.046584
10 810.84 177.78 821.71 211.33 0.046455
7 794.59 179.94 809.37 212.40 0.046375
3 800.60 180.23 810.94 211.23 0.046366
3 810.84 177.78 821.71 211.33 0.045865
1 794.59 179.94 809.37 212.40 0.045351
10 794.59 179.94 809.37 212.40 0.045339
3 794.59 179.94 809.37 212.40 0.044563
