4 1677.48 94.87 1749.73 124.69 0.954732
4 1710.02 125.63 1784.22 161.11 0.910948
4 267.83 81.51 307.61 105.18 0.717558
1 38.28 690.85 88.16 739.85 0.703079
4 1812.67 128.07 1914.74 172.84 0.699172
4 249.42 94.64 291.07 123.92 0.696026
4 1579.99 152.99 1606.46 173.60 0.655686
4 221.20 48.52 280.80 75.65 0.654185
4 1603.31 83.85 1637.02 105.39 0.651978
5 1528.69 57.28 1583.57 86.41 0.647531
5 1535.75 949.53 1637.41 1050.52 0.626602
4 1813.37 128.59 1884.58 166.79 0.570392
4 1632.03 47.32 1657.77 69.00 0.551417
4 233.04 59.73 287.45 87.72 0.544446
4 1579.63 148.45 1628.59 174.63 0.539212
2 495.60 44.34 505.98 61.44 0.528646
4 1603.28 83.58 1657.91 109.96 0.526941
2 61.73 696.61 95.28 745.03 0.511237
2 578.03 666.25 593.75 686.50 0.499923
2 1255.47 627.97 1273.15 647.16 0.476179
2 260.80 747.95 278.34 776.39 0.474240
10 1019.64 514.86 1240.14 679.92 0.471886
2 895.52 182.58 908.03 208.11 0.469953
4 188.61 26.59 239.17 53.89 0.469072
2 991.18 862.56 1001.43 885.37 0.464905
2 1099.67 724.97 1110.72 744.96 0.464439
2 1286.03 566.83 1295.58 582.82 0.463858
2 982.68 177.70 1307.17 515.15 0.462401
2 571.04 717.10 585.85 742.15 0.452430
2 272.70 314.19 292.10 351.48 0.450713
2 539.87 799.81 552.64 825.04 0.446375
2 258.55 736.82 299.55 775.84 0.445257
2 250.25 674.61 264.46 693.28 0.443483
2 577.91 666.31 595.72 695.81 0.442297
2 276.73 788.86 294.84 821.35 0.442055
2 899.58 936.10 916.64 967.43 0.434771
2 248.68 674.37 265.36 705.54 0.427379
2 1181.54 517.94 1194.10 539.75 0.419734
2 454.61 567.75 466.64 589.07 0.403724
2 551.54 521.48 564.99 545.82 0.394555
2 270.00 744.80 283.21 774.85 0.394359
2 967.84 6.81 1495.09 523.07 0.385569
2 727.19 1015.10 741.78 1039.02 0.385304
2 352.58 865.40 369.67 898.00 0.381393
1 25.67 688.73 92.59 745.67 0.367824
2 1489.21 1039.69 1516.92 1077.16 0.364944
2 539.93 592.72 552.39 616.93 0.347587
2 1206.92 185.85 1304.31 408.25 0.347377
7 218.97 43.90 309.59 127.96 0.329228
2 736.11 946.34 746.97 976.29 0.325546
4 1708.96 122.43 1786.15 162.79 0.311072
2 1035.04 1047.00 1057.02 1077.68 0.305465
3 1480.87 1025.83 1537.77 1076.41 0.303240
7 247.10 76.59 311.62 126.26 0.297180
4 1676.24 91.81 1750.91 126.11 0.289795
4 1527.41 54.36 1584.89 87.57 0.264859
1 896.41 933.97 920.20 969.39 0.237956
1 59.79 694.76 97.36 746.33 0.227486
5 1517.23 931.77 1651.36 1059.23 0.217158
1 1563.52 893.07 1594.49 941.06 0.212259
2 26.98 690.34 93.71 745.99 0.212000
2 1005.68 315.07 1067.98 376.54 0.205455
7 1813.07 125.81 1911.11 173.82 0.204975
1 258.15 745.70 280.24 777.83 0.196987
4 220.30 46.51 290.04 89.03 0.192668
4 1524.32 49.30 1588.44 90.32 0.191109
7 24.30 714.19 53.83 743.77 0.190942
1 509.38 659.57 532.10 693.80 0.190606
4 249.05 79.86 308.71 123.92 0.184732
1 898.79 935.75 918.70 968.92 0.184490
4 1504.78 60.90 1529.36 76.20 0.183616
4 171.88 4.14 214.54 35.23 0.180848
1 254.72 733.63 303.01 779.02 0.178391
3 1657.75 798.65 1709.67 863.20 0.172196
1 349.91 863.17 372.09 899.14 0.171041
4 229.81 53.16 289.79 89.04 0.165874
7 214.96 779.15 246.09 804.31 0.163301
1 1033.62 252.73 1055.73 286.81 0.158232
1 590.49 653.73 617.14 690.78 0.155459
4 1520.12 10.54 1626.01 52.42 0.152731
1 451.70 563.88 469.07 591.64 0.152163
1 23.74 687.44 98.24 751.10 0.148698
10 1615.18 367.72 1710.88 448.19 0.147844
1 274.76 785.60 296.62 821.51 0.147542
4 170.92 4.75 239.38 54.97 0.144739
1 1283.32 565.07 1298.90 585.01 0.142081
1 536.72 796.25 555.06 827.18 0.141072
4 247.66 77.87 311.16 125.97 0.139942
7 1252.79 624.62 1277.04 648.85 0.139573
5 1293.62 630.55 1363.61 705.33 0.137163
1 372.01 915.02 393.12 944.52 0.136501
4 1520.27 9.35 1657.17 62.62 0.136473
6 1211.15 691.48 1284.21 775.20 0.135818
2 978.58 239.71 1128.30 520.76 0.134946
4 186.90 24.24 239.27 55.03 0.134799
4 1674.53 89.41 1787.15 165.20 0.134422
2 1185.30 182.22 1313.62 411.08 0.134135
1 1209.47 372.01 1233.12 410.51 0.133636
4 170.73 3.16 216.67 41.02 0.132430
9 1481.66 913.93 1661.58 1069.48 0.132126
3 1668.10 825.97 1699.69 862.93 0.131771
5 894.43 984.74 985.41 1074.08 0.128078
2 779.37 109.52 817.49 148.64 0.127772
10 25.12 697.53 95.48 748.22 0.125707
4 248.31 92.52 292.07 125.77 0.123122
3 583.08 547.02 627.16 587.67 0.122835
1 246.43 670.78 267.65 699.00 0.122817
1 538.76 575.34 567.41 617.13 0.122396
1 1375.22 213.44 1400.37 266.23 0.119176
3 1660.47 819.49 1700.44 863.12 0.118628
10 1480.12 1025.43 1538.12 1076.42 0.118149
4 1812.88 126.08 1908.62 173.10 0.117824
2 968.43 71.12 1343.14 528.06 0.117681
6 1820.25 6.42 1913.89 77.78 0.116583
4 257.33 78.71 310.12 107.13 0.116237
5 889.61 955.06 988.24 1073.63 0.114658
1 240.21 670.24 270.44 706.80 0.112555
1 987.94 860.15 1004.24 886.93 0.112191
2 461.30 20.10 625.06 242.19 0.112080
10 1575.04 394.48 1650.83 449.02 0.111324
3 1546.26 172.05 1580.21 197.60 0.110924
1 733.25 405.73 750.51 429.49 0.110853
2 1004.25 311.07 1111.32 377.99 0.110724
1 1372.88 697.71 1398.11 736.23 0.110662
1 576.02 663.50 596.57 688.15 0.110605
1 26.42 689.95 87.99 743.32 0.109678
1 735.43 504.70 769.49 550.45 0.108527
4 1629.32 43.47 1659.88 70.94 0.108438
10 1673.50 837.15 1695.41 862.56 0.104788
1 1249.48 131.78 1277.16 164.55 0.104163
1 1374.63 698.41 1396.87 727.10 0.102630
10 339.78 914.15 394.52 961.50 0.102513
9 1516.83 42.37 1594.84 97.40 0.102427
1 1033.84 778.06 1048.33 799.49 0.102137
1 1764.13 219.09 1790.68 255.71 0.100847
1 1036.64 781.37 1044.61 797.99 0.050123
8 1036.64 781.37 1044.61 797.99 0.049466
8 1286.03 566.83 1295.58 582.82 0.049384
7 1036.64 781.37 1044.61 797.99 0.049287
8 495.60 44.34 505.98 61.44 0.049283
1 780.09 999.33 789.61 1022.68 0.049208
7 1286.03 566.83 1295.58 582.82 0.049178
8 1099.67 724.97 1110.72 744.96 0.049110
8 780.09 999.33 789.61 1022.68 0.049103
10 1036.64 781.37 1044.61 797.99 0.049084
8 991.18 862.56 1001.43 885.37 0.049056
1 1099.67 724.97 1110.72 744.96 0.049048
7 495.60 44.34 505.98 61.44 0.049045
1 1286.03 566.83 1295.58 582.82 0.049032
8 454.61 567.75 466.64 589.07 0.048965
10 1286.03 566.83 1295.58 582.82 0.048944
3 1036.64 781.37 1044.61 797.99 0.048931
8 250.25 674.61 264.46 693.28 0.048929
8 1181.54 517.94 1194.10 539.75 0.048895
7 1099.67 724.97 1110.72 744.96 0.048813
7 780.09 999.33 789.61 1022.68 0.048804
8 539.93 592.72 552.39 616.93 0.048783
1 495.60 44.34 505.98 61.44 0.048774
10 495.60 44.34 505.98 61.44 0.048772
3 1286.03 566.83 1295.58 582.82 0.048768
7 991.18 862.56 1001.43 885.37 0.048742
8 578.03 666.25 593.75 686.50 0.048716
8 895.52 182.58 908.03 208.11 0.048711
8 539.87 799.81 552.64 825.04 0.048701
8 736.11 946.34 746.97 976.29 0.048688
8 551.54 521.48 564.99 545.82 0.048680
8 1255.47 627.97 1273.15 647.16 0.048632
7 454.61 567.75 466.64 589.07 0.048620
8 727.19 1015.10 741.78 1039.02 0.048591
7 250.25 674.61 264.46 693.28 0.048572
8 377.38 917.45 391.12 943.24 0.048571
3 495.60 44.34 505.98 61.44 0.048567
7 1181.54 517.94 1194.10 539.75 0.048527
8 1036.29 256.26 1049.37 284.36 0.048517
8 571.04 717.10 585.85 742.15 0.048504
10 1099.67 724.97 1110.72 744.96 0.048473
10 780.09 999.33 789.61 1022.68 0.048462
8 270.00 744.80 283.21 774.85 0.048399
10 991.18 862.56 1001.43 885.37 0.048383
7 539.93 592.72 552.39 616.93 0.048377
8 1376.75 700.04 1395.22 722.85 0.048299
7 578.03 666.25 593.75 686.50 0.048288
7 895.52 182.58 908.03 208.11 0.048281
7 539.87 799.81 552.64 825.04 0.048267
7 736.11 946.34 746.97 976.29 0.048250
7 551.54 521.48 564.99 545.82 0.048240
1 454.61 567.75 466.64 589.07 0.048227
10 454.61 567.75 466.64 589.07 0.048225
3 1099.67 724.97 1110.72 744.96 0.048219
3 780.09 999.33 789.61 1022.68 0.048206
1 250.25 674.61 264.46 693.28 0.048183
7 1255.47 627.97 1273.15 647.16 0.048176
10 250.25 674.61 264.46 693.28 0.048164
7 727.19 1015.10 741.78 1039.02 0.048121
3 991.18 862.56 1001.43 885.37 0.048113
1 1181.54 517.94 1194.10 539.75 0.048108
10 1181.54 517.94 1194.10 539.75 0.048106
8 1036.77 1053.59 1056.18 1077.83 0.048102
7 377.38 917.45 391.12 943.24 0.048094
7 1036.29 256.26 1049.37 284.36 0.048023
7 571.04 717.10 585.85 742.15 0.048005
8 260.80 747.95 278.34 776.39 0.047987
3 454.61 567.75 466.64 589.07 0.047930
1 539.93 592.72 552.39 616.93 0.047914
10 539.93 592.72 552.39 616.93 0.047914
8 248.68 674.37 265.36 705.54 0.047903
8 577.91 666.31 595.72 695.81 0.047879
7 270.00 744.80 283.21 774.85 0.047865
3 250.25 674.61 264.46 693.28 0.047859
8 899.58 936.10 916.64 967.43 0.047843
1 578.03 666.25 593.75 686.50 0.047814
1 895.52 182.58 908.03 208.11 0.047800
10 578.03 666.25 593.75 686.50 0.047799
1 539.87 799.81 552.64 825.04 0.047793
3 1181.54 517.94 1194.10 539.75 0.047790
10 895.52 182.58 908.03 208.11 0.047790
10 539.87 799.81 552.64 825.04 0.047772
1 1255.47 627.97 1273.15 647.16 0.047765
1 736.11 946.34 746.97 976.29 0.047757
8 352.58 865.40 369.67 898.00 0.047753
10 736.11 946.34 746.97 976.29 0.047750
1 551.54 521.48 564.99 545.82 0.047739
10 551.54 521.48 564.99 545.82 0.047737
7 1376.75 700.04 1395.22 722.85 0.047732
8 511.21 661.57 530.09 692.15 0.047669
10 1255.47 627.97 1273.15 647.16 0.047654
8 276.73 788.86 294.84 821.35 0.047626
1 727.19 1015.10 741.78 1039.02 0.047592
10 727.19 1015.10 741.78 1039.02 0.047585
3 539.93 592.72 552.39 616.93 0.047566
1 377.38 917.45 391.12 943.24 0.047564
10 377.38 917.45 391.12 943.24 0.047550
1 571.04 717.10 585.85 742.15 0.047548
7 1036.77 1053.59 1056.18 1077.83 0.047469
1 1036.29 256.26 1049.37 284.36 0.047465
10 1036.29 256.26 1049.37 284.36 0.047458
10 571.04 717.10 585.85 742.15 0.047435
3 578.03 666.25 593.75 686.50 0.047432
3 895.52 182.58 908.03 208.11 0.047422
3 539.87 799.81 552.64 825.04 0.047401
3 736.11 946.34 746.97 976.29 0.047376
3 551.54 521.48 564.99 545.82 0.047360
7 260.80 747.95 278.34 776.39 0.047316
8 544.90 580.45 564.45 614.48 0.047316
3 1255.47 627.97 1273.15 647.16 0.047263
1 270.00 744.80 283.21 774.85 0.047262
10 270.00 744.80 283.21 774.85 0.047255
8 1376.03 700.15 1395.45 735.33 0.047243
7 248.68 674.37 265.36 705.54 0.047203
3 727.19 1015.10 741.78 1039.02 0.047182
7 577.91 666.31 595.72 695.81 0.047173
3 377.38 917.45 391.12 943.24 0.047141
7 899.58 936.10 916.64 967.43 0.047124
1 1376.75 700.04 1395.22 722.85 0.047109
10 1376.75 700.04 1395.22 722.85 0.047084
8 272.70 314.19 292.10 351.48 0.047082
3 1036.29 256.26 1049.37 284.36 0.047035
3 571.04 717.10 585.85 742.15 0.047007
7 352.58 865.40 369.67 898.00 0.047004
7 511.21 661.57 530.09 692.15 0.046892
7 276.73 788.86 294.84 821.35 0.046834
3 270.00 744.80 283.21 774.85 0.046798
1 1036.77 1053.59 1056.18 1077.83 0.046748
10 1036.77 1053.59 1056.18 1077.83 0.046746
1 260.80 747.95 278.34 776.39 0.046609
3 1376.75 700.04 1395.22 722.85 0.046599
10 260.80 747.95 278.34 776.39 0.046550
1 899.58 936.10 916.64 967.43 0.046520
8 592.70 655.80 617.69 690.53 0.046498
7 544.90 580.45 564.45 614.48 0.046421
1 248.68 674.37 265.36 705.54 0.046411
10 248.68 674.37 265.36 705.54 0.046404
1 577.91 666.31 595.72 695.81 0.046372
10 577.91 666.31 595.72 695.81 0.046365
7 1376.03 700.15 1395.45 735.33 0.046324
10 899.58 936.10 916.64 967.43 0.046302
3 1036.77 1053.59 1056.18 1077.83 0.046204
1 352.58 865.40 369.67 898.00 0.046151
10 352.58 865.40 369.67 898.00 0.046148
7 272.70 314.19 292.10 351.48 0.046109
1 511.21 661.57 530.09 692.15 0.046007
10 511.21 661.57 530.09 692.15 0.046004
3 260.80 747.95 278.34 776.39 0.045975
1 276.73 788.86 294.84 821.35 0.045937
10 276.73 788.86 294.84 821.35 0.045930
8 1489.21 1039.69 1516.92 1077.16 0.045810
3 248.68 674.37 265.36 705.54 0.045805
3 577.91 666.31 595.72 695.81 0.045759
3 899.58 936.10 916.64 967.43 0.045686
3 352.58 865.40 369.67 898.00 0.045506
1 1376.03 700.15 1395.45 735.33 0.045409
1 544.90 580.45 564.45 614.48 0.045400
10 544.90 580.45 564.45 614.48 0.045398
3 511.21 661.57 530.09 692.15 0.045338
7 592.70 655.80 617.69 690.53 0.045331
10 1376.03 700.15 1395.45 735.33 0.045274
3 276.73 788.86 294.84 821.35 0.045252
8 1564.89 895.74 1592.11 939.33 0.045214
1 272.70 314.19 292.10 351.48 0.044999
10 272.70 314.19 292.10 351.48 0.044997
3 544.90 580.45 564.45 614.48 0.044632
8 1295.24 657.53 1327.33 699.66 0.044546
3 1376.03 700.15 1395.45 735.33 0.044486
7 1489.21 1039.69 1516.92 1077.16 0.044414
3 272.70 314.19 292.10 351.48 0.044164
1 592.70 655.80 617.69 690.53 0.043998
10 592.70 655.80 617.69 690.53 0.043997
7 1564.89 895.74 1592.11 939.33 0.043618
8 61.73 696.61 95.28 745.03 0.043446
3 592.70 655.80 617.69 690.53 0.042997
1 1489.21 1039.69 1516.92 1077.16 0.042824
10 1489.21 1039.69 1516.92 1077.16 0.042818
7 1295.24 657.53 1327.33 699.66 0.042727
1 1564.89 895.74 1592.11 939.33 0.041813
10 1564.89 895.74 1592.11 939.33 0.041795
3 1489.21 1039.69 1516.92 1077.16 0.041621
7 61.73 696.61 95.28 745.03 0.041261
1 1295.24 657.53 1327.33 699.66 0.040652
10 1295.24 657.53 1327.33 699.66 0.040649
8 37.81 691.45 86.60 739.36 0.040569
3 1564.89 895.74 1592.11 939.33 0.040427
3 1295.24 657.53 1327.33 699.66 0.039091
1 61.73 696.61 95.28 745.03 0.038766
10 61.73 696.61 95.28 745.03 0.038765
7 37.81 691.45 86.60 739.36 0.037425
3 61.73 696.61 95.28 745.03 0.036892
10 37.81 691.45 86.60 739.36 0.033832
3 37.81 691.45 86.60 739.36 0.031137
4 1535.75 949.53 1637.41 1050.52 0.021663
