4 294.12 260.64 422.96 326.66 0.578918
4 1195.71 372.73 1353.31 437.99 0.615462
4 880.01 408.54 1044.29 477.28 0.531856
4 495.05 527.76 675.75 620.18 0.444740
4 17.21 282.96 164.85 341.94 0.587111
4 638.81 46.24 679.39 92.83 0.544310
4 694.64 107.91 732.82 156.87 0.494333
4 521.99 0.52 558.39 33.06 0.509943
4 756.63 469.10 922.83 557.83 0.503037
4 372.39 141.89 473.95 202.46 0.361500
4 952.84 0.00 986.62 20.49 0.496113
2 2.83 0.69 512.71 235.38 0.410943
1 1052.89 141.03 1069.28 180.35 0.441537
4 713.91 3.31 741.50 43.71 0.501547
3 229.11 208.04 294.40 240.90 0.322064
1 814.20 199.36 836.25 238.91 0.431298
1 525.88 162.71 539.95 202.43 0.375537
4 1180.34 93.80 1333.74 166.87 0.247588
3 335.82 160.41 373.05 194.86 0.228048
4 133.45 72.26 176.22 99.43 0.164733
1 106.69 312.28 137.26 362.61 0.238271
3 284.50 188.92 307.91 217.96 0.175401
3 263.78 30.81 326.27 123.45 0.241831
4 128.32 46.95 187.40 100.10 0.186336
4 422.52 107.62 464.93 143.50 0.217954
1 496.70 40.53 509.37 66.16 0.199693
2 36.78 197.08 72.44 236.26 0.145995
3 78.74 206.96 109.32 232.10 0.162300
9 127.80 47.15 191.04 132.27 0.138518
1 478.93 69.89 489.96 93.21 0.090645
1 731.63 658.79 764.69 712.65 0.213484
5 504.83 528.19 638.01 583.70 0.112634
3 354.24 66.25 370.95 94.22 0.112829
1 706.36 664.43 732.19 712.67 0.197710
3 392.22 91.64 423.22 126.13 0.136674
3 262.98 29.90 294.32 61.72 0.118530
3 203.27 204.85 235.61 230.90 0.167014
7 204.12 201.89 294.59 241.76 0.166739
6 1016.91 0.40 1109.17 121.58 0.107417
4 748.63 138.67 760.07 166.73 0.130975
4 1022.77 38.05 1036.84 55.22 0.097228
1 288.76 122.49 304.58 153.62 0.130241
6 1206.21 172.38 1244.80 220.23 0.097053
1 326.80 118.44 340.50 158.45 0.149732
1 307.14 127.33 321.09 155.09 0.132400
4 1094.80 100.45 1115.38 118.25 0.111063
1 1020.29 37.91 1037.14 60.70 0.136102
2 314.41 65.30 331.49 107.23 0.087435
3 311.76 175.21 328.10 204.45 0.136687
4 836.55 684.92 1040.08 763.86 0.091474
4 1316.74 380.14 1353.03 413.49 0.084977
1 451.09 1.95 462.13 25.97 0.118412
1 362.76 169.29 375.08 198.24 0.125211
4 1308.42 136.40 1334.63 165.67 0.093398
1 106.58 137.94 125.88 174.69 0.102218
1 170.37 183.99 189.79 220.15 0.132606
1 497.37 0.08 509.30 27.16 0.142017
4 7.45 127.35 50.54 153.05 0.090112
4 37.80 83.93 60.97 105.84 0.099894
2 36.46 155.03 107.15 236.17 0.085295
3 81.75 123.80 110.40 137.28 0.083267
4 1143.26 0.30 1189.23 16.58 0.128642
4 24.14 38.65 47.32 57.05 0.082326
1 106.86 312.23 118.70 340.97 0.108569
2 35.70 94.18 312.01 234.02 0.087634
3 116.40 202.80 160.07 230.96 0.137878
2 351.86 47.25 489.77 145.04 0.103305
6 1096.05 72.50 1335.17 169.52 0.192852
1 137.61 197.50 151.68 227.50 0.104571
2 450.57 57.12 466.10 91.68 0.091955
1 405.93 110.11 422.25 148.85 0.096817
1 84.61 154.02 101.85 189.81 0.105774
4 1102.69 83.56 1137.63 104.29 0.093724
1 436.83 14.00 448.27 38.98 0.105483
1 323.13 16.54 337.92 44.77 0.090815
3 527.19 179.78 539.68 202.61 0.126261
1 378.36 89.77 389.51 123.09 0.114654
1 284.80 188.71 296.98 216.56 0.095384
3 0.86 63.52 65.24 157.19 0.113314
1 124.57 203.84 137.89 228.40 0.101069
1 303.03 28.00 315.63 54.99 0.080692
2 185.00 160.51 206.65 206.89 0.085027
1 420.11 55.73 432.81 81.40 0.098859
1 400.32 75.98 412.65 106.97 0.082841
1 287.71 173.26 304.81 213.73 0.085502
2 76.22 92.75 107.03 133.07 0.096495
1 342.14 4.39 352.67 26.39 0.104346
1 233.42 167.91 254.74 212.95 0.086102
4 189.83 91.96 243.86 126.63 0.081964
3 78.17 175.52 105.94 204.57 0.097649
3 39.05 208.24 58.62 234.02 0.103269
3 145.43 182.29 165.88 203.45 0.099834
3 427.98 88.16 447.94 109.42 0.085802
1 378.51 9.51 389.74 34.71 0.097041
4 134.38 88.16 215.59 154.68 0.092962
3 704.45 676.45 777.09 714.80 0.135288
1 361.70 148.32 376.69 166.67 0.092601
10 755.95 679.01 775.79 698.25 0.109360
4 1208.64 105.54 1284.66 130.76 0.083797
3 471.11 69.41 490.46 95.06 0.103405
3 282.98 82.42 329.17 125.13 0.080547
3 814.69 213.49 835.23 238.11 0.083082
3 112.59 326.76 139.05 363.46 0.090914
6 1093.42 72.43 1208.97 138.72 0.087701
9 923.17 14.81 936.78 35.85 0.114998
7 398.18 107.15 465.20 149.95 0.088514
3 390.41 0.00 415.43 13.65 0.084188
4 347.35 150.56 401.15 185.76 0.114573
4 1092.64 72.66 1174.95 130.34 0.123528
1 214.81 71.08 229.22 99.28 0.083825
