4 662.14 194.05 694.64 229.05 0.494176
4 679.97 83.57 703.36 106.04 0.418631
4 587.17 248.24 623.41 291.60 0.524360
4 636.27 344.19 683.87 399.67 0.494495
4 552.42 391.58 598.35 457.09 0.483807
3 720.72 391.15 738.59 424.22 0.365053
4 631.41 87.76 656.79 117.22 0.418617
4 668.03 126.94 693.88 154.61 0.446155
4 616.05 119.25 641.50 149.98 0.434050
4 714.52 14.95 732.29 33.30 0.427530
4 955.68 221.00 988.83 260.56 0.425229
4 283.88 612.47 337.31 680.76 0.473037
4 591.26 68.51 616.01 92.21 0.417027
4 577.43 161.44 616.41 204.70 0.394979
3 889.50 83.40 923.64 113.98 0.360046
4 726.18 125.31 751.21 152.19 0.398552
4 549.87 145.96 583.59 183.91 0.389891
4 633.86 473.54 690.67 555.51 0.398058
3 85.71 400.10 110.88 434.00 0.477441
1 721.74 274.66 734.17 305.71 0.361703
6 392.10 116.33 444.78 149.70 0.322084
4 815.37 55.22 838.54 82.75 0.352744
4 621.97 639.46 692.62 762.79 0.380896
4 458.10 180.83 481.92 201.88 0.316217
2 279.58 287.32 306.89 319.49 0.251732
4 742.52 106.66 762.86 130.55 0.352285
3 214.05 290.69 233.56 311.53 0.281821
1 113.91 397.78 135.18 438.58 0.413194
3 922.12 115.00 945.53 141.54 0.262795
4 1228.92 94.68 1252.56 113.05 0.337616
4 601.28 29.30 635.68 56.05 0.271953
5 147.31 290.12 219.41 335.56 0.280639
4 788.79 0.73 803.85 14.97 0.327742
2 280.90 178.07 295.75 197.57 0.231688
1 1162.70 355.79 1178.87 387.65 0.281770
9 1206.55 405.61 1325.41 497.66 0.244038
4 827.49 22.99 845.60 41.03 0.334647
2 694.07 27.93 702.90 44.45 0.290710
6 955.74 64.81 1023.47 150.29 0.215598
1 298.23 140.78 309.80 170.95 0.280750
1 1158.15 554.48 1202.37 625.70 0.266928
4 810.18 8.09 840.13 26.26 0.287103
6 0.31 302.97 88.77 515.96 0.183259
4 486.56 47.70 509.12 68.25 0.277309
1 638.99 155.28 650.26 180.12 0.309005
1 205.70 280.02 220.41 308.24 0.189773
3 406.50 157.40 427.99 174.16 0.168650
3 722.18 287.77 733.38 306.53 0.324025
1 280.10 285.32 294.29 318.56 0.204495
1 817.64 29.16 825.44 42.78 0.224169
1 784.10 225.22 794.41 255.12 0.222860
3 379.96 170.86 400.14 196.94 0.190817
1 790.33 226.89 800.85 256.89 0.200780
4 610.67 3.33 631.86 28.90 0.346420
3 287.58 274.88 318.79 310.99 0.191400
5 1282.77 44.39 1318.42 88.90 0.142943
4 1282.14 45.29 1343.18 90.38 0.238072
3 331.74 178.54 359.10 202.60 0.178550
4 501.69 39.11 521.75 51.78 0.255903
3 470.82 66.62 487.28 83.25 0.162368
4 818.20 232.37 852.80 256.32 0.209627
3 638.60 162.58 650.49 181.17 0.362523
4 770.87 209.03 819.58 250.50 0.177119
6 997.06 316.33 1062.25 376.81 0.227603
4 770.72 209.95 785.67 232.55 0.213654
1 74.62 441.72 94.72 464.23 0.247534
9 954.35 62.56 1024.84 177.16 0.194254
4 792.78 229.15 816.41 252.37 0.127944
3 343.67 167.07 360.47 183.38 0.174607
1 1076.50 436.29 1118.00 472.41 0.191619
4 970.39 260.21 986.68 280.96 0.183586
4 846.16 592.44 913.90 694.59 0.166367
1 420.58 144.77 432.22 162.00 0.168646
4 497.01 46.10 510.22 57.60 0.102353
5 834.05 199.06 862.69 233.52 0.161798
3 525.37 14.95 536.86 25.90 0.135431
4 586.88 40.78 600.83 58.19 0.199161
1 720.54 376.67 739.00 423.43 0.139809
4 744.98 87.68 757.45 96.61 0.116945
4 835.42 15.35 846.81 25.12 0.126542
3 266.12 180.01 295.40 198.23 0.118519
1 29.61 121.26 55.40 151.33 0.116083
7 455.27 34.23 479.48 57.78 0.093173
4 980.58 182.28 1022.84 216.28 0.195186
6 833.04 198.45 864.13 250.08 0.110183
1 489.04 19.51 495.61 35.16 0.128390
2 1256.71 69.53 1272.48 88.63 0.141365
3 365.78 193.85 379.78 210.81 0.101255
1 718.68 122.70 726.54 146.28 0.224744
1 725.54 379.21 735.07 394.21 0.123981
6 111.86 114.01 216.03 163.48 0.121620
6 793.06 217.73 819.52 253.11 0.132710
3 922.15 114.89 939.47 128.71 0.159673
3 258.10 139.34 298.28 159.95 0.101885
3 264.40 141.21 314.34 197.97 0.088091
2 333.35 179.68 347.89 200.99 0.092011
3 911.19 95.27 924.54 113.07 0.125381
4 1132.30 656.64 1208.89 764.07 0.118217
1 959.25 96.53 975.73 129.20 0.126682
3 1256.69 62.73 1287.05 89.29 0.147917
1 61.74 113.52 81.36 151.03 0.130960
3 1240.48 36.91 1269.29 74.33 0.133765
3 417.47 150.88 440.42 163.21 0.112735
4 485.79 41.33 536.68 70.27 0.116194
9 1028.04 350.89 1359.57 763.91 0.102994
1 856.42 663.68 883.42 743.34 0.140319
1 358.68 171.58 370.72 195.25 0.134713
3 829.48 236.80 853.24 257.43 0.104090
6 599.18 2.63 636.21 57.09 0.094090
3 330.58 146.00 380.37 209.15 0.125535
4 1312.32 52.53 1342.53 67.13 0.137560
2 478.21 32.61 491.96 48.23 0.091397
4 1253.19 26.93 1276.09 56.64 0.139609
4 579.55 40.88 589.93 51.45 0.105115
3 465.99 43.33 478.75 56.30 0.095955
4 1270.86 61.66 1288.76 78.89 0.108889
2 525.41 3.36 537.52 25.47 0.110609
3 387.25 157.14 404.03 178.80 0.124645
3 518.87 195.46 533.96 218.36 0.083729
3 343.42 167.32 371.45 198.62 0.080603
4 851.24 6.65 865.47 23.83 0.116389
6 1241.20 27.38 1344.61 90.94 0.105860
4 1258.09 134.63 1293.02 157.67 0.165534
3 344.10 146.02 367.36 182.02 0.107272
3 631.13 50.38 638.61 59.82 0.087464
3 258.65 138.01 281.75 153.42 0.101603
6 1293.67 480.71 1359.79 593.79 0.085617
2 205.83 280.36 233.07 311.36 0.189610
4 792.12 200.02 814.13 213.95 0.084990
4 598.41 21.43 607.01 33.17 0.105215
2 284.02 271.41 295.70 289.78 0.099285
1 1219.53 455.92 1247.73 477.16 0.096485
2 386.81 158.21 402.00 180.91 0.091424
1 1158.35 554.46 1177.58 593.32 0.143788
2 1058.42 335.72 1070.12 366.99 0.091012
4 908.19 191.21 948.62 222.04 0.082839
4 604.89 44.76 623.70 56.50 0.080142
3 279.63 148.89 297.34 160.28 0.102011
4 178.73 588.87 337.03 681.67 0.082695
6 856.19 2.07 878.58 23.18 0.098678
2 722.13 377.60 737.48 412.88 0.087475
3 281.24 175.65 314.99 197.60 0.109912
4 600.81 30.45 616.42 47.39 0.113229
4 240.43 141.64 269.75 160.00 0.090722
4 889.69 83.38 914.03 110.54 0.228320
2 606.50 162.66 616.56 192.52 0.084804
4 492.83 0.28 514.61 17.93 0.083674
6 812.39 48.36 838.74 83.33 0.146678
3 386.01 179.21 396.24 196.70 0.082278
9 1105.10 133.98 1291.73 156.87 0.083469
3 298.45 152.28 311.42 172.65 0.090284
7 801.55 498.73 913.80 696.36 0.123456
4 1105.46 133.22 1122.00 151.42 0.093621
4 519.43 45.45 537.02 62.54 0.147828
3 298.53 287.74 318.40 309.81 0.122056
3 280.05 303.67 294.18 318.97 0.096479
2 199.52 174.90 211.00 195.04 0.088387
9 1309.03 54.51 1359.73 125.73 0.080669
3 788.42 239.77 799.66 257.06 0.116052
2 24.89 112.53 80.71 153.86 0.112739
4 839.57 107.42 857.61 133.71 0.089257
3 291.66 296.68 307.18 318.78 0.096740
2 85.77 400.03 110.69 434.13 0.085689
4 1294.23 43.44 1316.97 62.16 0.086453
3 387.86 168.23 401.60 185.42 0.095233
2 548.83 75.46 752.32 762.58 0.080029
3 897.24 95.96 912.12 114.72 0.095385
4 22.66 191.44 55.06 221.72 0.097716
