1 603.39 414.30 644.53 518.98 0.532592
1 681.04 239.95 708.46 301.59 0.418103
5 262.24 316.78 377.03 417.49 0.455231
1 719.81 418.44 755.60 516.78 0.418558
1 486.86 231.39 508.20 277.10 0.436817
1 845.75 217.33 864.13 246.01 0.362347
1 327.65 343.31 369.77 393.06 0.304740
1 804.28 449.64 840.02 539.06 0.383639
1 771.18 409.69 804.75 503.24 0.365719
1 750.04 431.68 786.52 519.45 0.374074
2 490.02 254.00 507.01 288.57 0.546046
6 706.28 340.53 808.64 430.49 0.353636
1 633.42 249.35 656.90 304.62 0.424671
2 498.51 202.92 522.52 233.50 0.262210
1 566.43 114.76 576.62 137.34 0.278945
2 719.13 405.20 848.63 538.31 0.242177
3 654.45 258.17 687.22 296.88 0.308179
1 748.99 178.84 768.73 221.53 0.227721
1 699.36 233.96 713.13 294.61 0.356733
3 513.83 183.66 527.80 205.24 0.275453
3 630.18 212.94 669.39 250.33 0.316414
7 743.15 377.96 808.87 428.16 0.200069
1 655.82 252.90 672.73 277.86 0.242964
5 468.38 318.58 490.36 359.43 0.265421
3 616.97 204.59 652.99 236.85 0.276618
2 660.18 162.66 687.16 187.04 0.277070
2 804.45 430.72 848.28 538.83 0.106923
7 798.50 233.42 871.63 287.54 0.224331
3 617.20 217.84 633.28 236.88 0.107609
6 660.01 162.47 703.88 187.70 0.242029
1 557.98 118.69 565.37 135.45 0.231008
2 632.70 232.67 713.59 305.94 0.111921
1 513.02 167.71 528.42 203.65 0.193814
1 502.69 191.32 518.80 221.99 0.221047
2 472.84 170.49 488.04 193.71 0.259510
1 826.50 431.01 848.53 516.67 0.315846
4 549.23 67.96 558.54 74.44 0.234378
2 522.15 120.91 534.35 148.49 0.154417
1 614.75 61.99 623.46 75.14 0.159667
2 496.90 115.09 505.76 132.12 0.150511
1 541.97 76.25 549.98 93.92 0.159315
3 374.41 367.57 396.10 400.50 0.094612
3 375.78 365.59 425.48 446.44 0.141709
2 632.54 63.57 646.02 79.87 0.125216
2 535.25 86.78 543.27 104.10 0.153516
2 655.34 253.86 674.34 292.07 0.160531
3 375.12 354.26 484.78 457.20 0.157461
2 640.77 206.47 658.28 238.03 0.131979
2 512.86 150.20 526.46 173.66 0.147890
3 846.23 227.33 860.95 246.24 0.147414
2 557.98 114.58 576.93 137.68 0.122349
7 712.95 368.68 757.54 422.64 0.210470
2 508.26 156.55 518.07 180.13 0.139911
2 500.43 101.95 543.70 229.36 0.106680
2 590.24 68.37 596.45 80.23 0.130546
3 514.17 141.51 526.72 153.91 0.140207
9 739.08 14.36 777.37 25.18 0.174499
3 747.90 203.77 763.79 221.39 0.128830
3 633.94 256.44 675.17 297.22 0.093666
2 568.32 123.61 576.84 137.86 0.157163
2 530.23 106.46 542.40 132.92 0.131157
4 813.87 23.33 831.87 31.19 0.124609
4 713.51 24.32 727.15 29.88 0.108460
4 632.17 70.70 645.26 80.14 0.128141
2 756.80 61.48 767.36 71.89 0.104102
7 707.64 339.84 808.85 465.18 0.085138
4 744.67 435.28 761.48 474.23 0.111383
2 552.17 73.71 561.34 88.67 0.120397
2 504.30 112.98 510.94 126.67 0.101317
2 725.81 369.52 757.08 398.02 0.089069
4 740.09 38.93 752.20 43.52 0.099270
2 473.02 65.66 567.91 287.38 0.136705
2 514.99 129.63 525.26 151.16 0.119108
4 897.60 31.37 915.57 36.92 0.091178
3 506.61 214.60 522.68 233.32 0.084765
2 513.21 167.81 528.20 190.26 0.129671
10 363.45 351.24 380.60 377.52 0.103781
4 301.25 139.00 323.42 159.36 0.080238
2 560.25 69.33 566.83 83.06 0.097212
3 497.00 120.23 505.63 132.02 0.114034
2 541.02 67.91 566.70 94.16 0.083497
2 523.55 103.74 530.24 116.87 0.083736
2 639.78 63.21 645.71 73.57 0.109523
4 727.23 52.79 749.51 64.53 0.085236
2 517.93 104.20 525.39 117.94 0.094384
3 522.70 132.55 534.24 148.69 0.102935
2 471.68 75.11 852.48 535.78 0.120435
2 517.81 111.19 527.43 129.46 0.085156
4 549.02 68.22 567.01 80.52 0.107168
1 754.11 178.67 764.58 200.06 0.191734
2 747.97 193.12 762.20 218.20 0.098165
3 498.62 202.59 508.72 225.09 0.098997
4 32.94 118.31 141.79 154.17 0.098123
4 742.96 56.71 767.97 70.93 0.083609
4 654.49 56.95 666.70 64.42 0.105849
3 472.79 176.88 482.24 194.28 0.088772
