4 0.25 68.49 89.73 129.19 0.577126
1 255.10 422.91 288.47 513.24 0.379105
1 846.13 231.07 878.10 280.57 0.304424
2 448.80 361.43 522.70 446.18 0.249246
1 407.69 337.41 431.87 400.25 0.304030
1 402.79 230.20 429.16 291.43 0.252727
4 0.45 489.10 90.68 539.20 0.311466
1 305.65 302.70 337.59 368.87 0.294411
3 836.68 170.01 886.38 217.09 0.287156
1 667.11 322.22 701.12 392.90 0.255215
1 193.87 298.00 225.10 359.58 0.266519
2 341.74 478.70 428.28 533.53 0.302130
1 264.96 348.29 296.29 411.84 0.223716
1 588.09 110.43 608.80 157.26 0.199225
1 287.68 223.12 305.54 267.16 0.239514
1 268.44 270.17 299.05 333.72 0.249275
1 592.62 339.29 623.29 408.26 0.220996
1 327.39 204.84 347.07 238.85 0.251773
1 378.71 183.36 399.83 235.19 0.189701
1 777.26 294.42 814.19 351.65 0.216347
4 109.05 107.30 174.01 163.27 0.261933
3 788.50 195.80 818.37 241.66 0.185798
1 387.76 140.89 409.01 193.40 0.189860
1 735.53 208.26 760.81 262.42 0.194725
1 751.42 290.58 778.82 344.82 0.200917
3 619.81 92.34 672.73 138.96 0.197848
1 525.63 225.38 548.81 282.42 0.187673
4 447.82 23.49 490.90 53.61 0.171348
4 843.68 107.32 896.99 158.70 0.206926
4 44.88 491.09 90.42 520.76 0.169446
1 737.98 340.26 768.21 388.39 0.176146
1 670.06 192.87 695.07 248.85 0.171424
3 740.22 174.76 781.07 214.01 0.181736
1 524.09 104.80 542.92 150.89 0.158765
1 690.84 174.47 713.57 227.32 0.164449
2 189.08 13.65 882.94 529.23 0.200901
3 311.01 121.64 357.74 145.49 0.160734
1 674.92 254.78 698.14 315.97 0.174027
3 341.22 433.33 430.15 533.73 0.255980
4 835.97 99.86 896.21 128.20 0.210276
1 415.14 181.19 434.58 231.30 0.147163
2 925.62 251.28 958.54 328.20 0.150262
4 244.73 91.19 359.16 145.49 0.236292
1 230.29 291.46 261.04 347.63 0.201041
1 542.93 119.92 561.60 166.92 0.160390
1 486.97 230.77 517.30 289.35 0.169141
1 870.56 511.55 900.23 539.20 0.214257
1 780.30 227.97 810.28 284.09 0.209576
1 723.70 387.53 752.81 454.16 0.179438
1 6.69 480.07 48.61 539.00 0.202047
1 792.16 84.17 812.05 111.45 0.164679
1 618.83 248.42 639.40 304.51 0.149890
2 682.99 420.98 731.68 476.78 0.212545
1 568.14 241.81 592.49 298.44 0.144049
1 479.50 131.89 496.14 177.88 0.147277
4 546.64 56.87 617.89 111.83 0.169888
1 523.02 164.43 541.55 214.50 0.163202
1 593.50 162.31 613.84 208.75 0.132135
4 286.26 31.54 369.14 90.58 0.158826
9 247.02 92.69 351.61 134.19 0.088254
1 611.27 129.59 628.60 180.32 0.151109
1 497.11 148.74 515.63 199.10 0.153403
1 656.82 5.71 670.70 39.88 0.129802
3 676.27 69.78 707.15 99.35 0.137309
1 637.22 275.76 655.77 310.29 0.131113
1 235.26 151.35 248.72 191.66 0.125333
1 449.77 218.67 472.72 273.53 0.139017
4 269.56 1.90 350.17 63.64 0.136365
7 739.70 173.39 818.37 242.25 0.120099
1 657.84 265.30 677.21 306.82 0.152138
1 240.82 335.84 268.20 393.81 0.149943
4 392.98 21.68 490.15 60.12 0.159424
1 82.91 176.38 122.17 223.18 0.150444
4 40.38 18.24 134.75 70.31 0.128175
3 248.63 131.39 282.24 174.30 0.093411
5 152.76 0.80 354.50 99.79 0.162549
1 447.98 386.97 473.17 441.39 0.137654
1 459.55 117.11 476.81 161.09 0.135209
1 594.70 203.91 615.52 252.45 0.129901
1 250.00 108.87 268.64 132.31 0.120189
1 434.25 177.49 454.55 230.05 0.132874
2 193.28 269.25 338.68 412.14 0.107716
3 588.74 320.03 615.12 344.20 0.109310
1 624.64 200.81 645.30 249.71 0.132763
3 547.58 84.78 586.74 112.41 0.110116
1 564.33 207.83 583.37 259.01 0.126986
4 815.62 87.11 853.44 118.80 0.175370
1 646.84 149.08 667.07 193.00 0.146864
1 639.50 193.16 657.57 247.61 0.122442
7 835.60 103.47 896.16 217.12 0.110211
2 378.70 104.42 712.21 407.26 0.126926
4 898.21 142.58 959.37 197.10 0.135838
4 846.20 114.44 870.75 149.14 0.112668
2 469.88 177.38 486.05 219.62 0.107482
3 929.28 403.85 959.55 455.28 0.127087
1 557.52 138.72 575.97 176.24 0.127263
6 284.46 23.00 491.16 132.02 0.132524
2 711.98 143.89 746.18 183.65 0.106983
9 357.35 41.78 407.51 90.86 0.083592
1 788.63 527.22 804.02 539.58 0.119183
1 685.64 18.90 699.70 55.36 0.098438
4 331.99 120.74 360.54 141.89 0.090083
4 702.58 0.47 766.67 38.38 0.221558
2 490.23 86.30 509.44 119.69 0.109270
2 606.42 254.52 620.67 287.61 0.090512
2 574.57 288.84 612.93 341.24 0.095968
2 477.68 216.71 494.76 261.97 0.093356
2 725.27 372.84 751.78 401.95 0.091515
2 863.73 158.83 881.34 184.00 0.087316
4 245.15 76.52 288.08 100.82 0.083691
1 940.27 262.87 959.36 328.45 0.134759
9 243.77 3.38 415.22 140.26 0.096587
3 681.90 414.33 751.12 476.97 0.120342
1 448.32 153.26 468.93 202.55 0.133716
3 395.12 479.76 428.47 524.83 0.098158
7 452.62 361.79 522.86 412.86 0.110525
4 70.98 40.83 135.41 72.49 0.118221
3 574.52 296.84 615.25 344.60 0.105068
2 652.13 70.08 667.42 99.97 0.105121
1 464.48 387.21 496.52 445.79 0.097404
2 439.54 137.50 455.17 167.85 0.098741
4 527.98 0.39 586.67 27.97 0.083927
4 42.18 513.23 82.97 538.95 0.086104
6 701.57 0.80 846.01 99.33 0.111777
6 244.39 1.90 372.40 141.68 0.107325
6 32.62 1.24 361.39 137.28 0.096885
1 360.22 479.81 401.17 520.20 0.128830
2 498.03 206.70 517.69 240.54 0.107777
2 556.92 168.24 576.54 211.36 0.083887
9 309.12 94.55 351.88 127.57 0.093824
9 284.91 31.46 372.24 132.39 0.095111
4 927.52 165.86 959.80 196.11 0.080144
9 151.53 0.64 351.00 79.35 0.080409
