4 497.46 386.23 541.57 439.93 0.513251
1 552.23 461.46 572.24 508.04 0.504845
4 383.16 447.54 453.09 538.85 0.415139
4 492.22 229.79 516.60 249.04 0.421159
4 445.89 342.95 486.06 408.02 0.491039
4 372.34 358.32 414.94 410.34 0.427676
1 514.91 496.72 538.64 539.27 0.476595
1 354.32 440.10 373.19 485.54 0.474774
1 417.71 287.15 427.83 309.71 0.349493
1 407.24 392.81 418.80 426.87 0.325045
1 441.59 318.59 455.50 346.51 0.363821
2 476.58 255.01 486.80 269.95 0.255658
3 441.12 329.90 455.70 349.06 0.314405
1 445.92 255.75 456.05 273.48 0.232981
1 528.43 266.21 537.29 285.15 0.256330
3 745.86 462.33 778.65 496.98 0.280155
1 476.34 249.01 486.98 269.00 0.255344
3 417.31 297.15 426.54 313.20 0.195937
1 504.46 242.18 513.74 260.95 0.211174
1 434.59 416.87 452.73 451.58 0.313026
1 494.36 259.75 504.76 281.22 0.277847
3 477.15 258.21 486.36 269.87 0.164517
3 555.47 485.52 569.53 508.08 0.209533
4 111.17 137.35 123.50 151.54 0.215796
2 476.98 163.42 485.52 175.57 0.176746
6 918.63 94.24 958.22 122.05 0.159048
4 124.43 140.84 148.02 151.38 0.188275
2 322.59 159.41 329.61 172.72 0.191956
4 542.17 263.40 558.39 284.12 0.195677
3 518.47 520.73 536.22 539.53 0.217867
4 492.72 236.59 507.45 249.02 0.183607
6 381.75 141.34 405.92 162.45 0.167313
1 495.40 176.10 500.17 184.33 0.158976
6 702.17 76.40 750.40 96.28 0.158842
4 148.24 168.17 167.70 182.31 0.156512
4 454.47 168.35 468.15 180.76 0.136955
9 106.22 110.38 178.49 146.91 0.111769
1 501.13 272.88 513.82 292.84 0.222989
3 414.92 265.71 428.27 277.13 0.120160
1 472.34 186.18 479.89 198.33 0.155038
2 347.51 145.78 573.68 538.70 0.148420
2 443.37 438.94 456.13 465.03 0.119318
4 441.78 192.07 455.68 208.84 0.091975
1 426.41 255.55 434.39 271.72 0.204100
2 496.01 259.50 503.60 270.08 0.137328
1 509.38 185.40 518.81 201.29 0.179309
4 260.08 160.79 275.81 170.35 0.089801
2 429.44 406.95 458.85 463.73 0.132652
6 700.70 69.29 723.68 95.02 0.112622
6 822.21 351.19 959.26 525.13 0.153964
4 439.47 175.16 458.39 194.04 0.113463
3 440.03 437.04 455.87 465.14 0.127442
3 323.60 332.52 359.77 355.97 0.139634
4 482.51 143.06 493.59 153.61 0.128081
6 423.91 148.47 442.40 163.27 0.103274
2 415.26 255.35 433.91 277.24 0.102738
2 770.24 507.82 804.00 539.36 0.108986
3 470.03 171.40 477.75 183.50 0.133144
9 903.82 93.82 958.88 122.63 0.128225
4 726.25 443.33 768.45 486.01 0.127780
2 128.00 181.22 143.24 202.69 0.118970
4 825.73 485.91 876.08 520.49 0.120717
4 333.20 167.41 354.52 185.68 0.085809
4 528.94 257.81 559.29 291.31 0.105563
4 302.83 161.26 316.34 173.08 0.082567
3 501.46 277.53 512.89 293.08 0.127009
1 330.62 534.89 339.58 539.89 0.144847
4 439.10 164.14 455.22 179.50 0.085297
2 260.41 156.03 330.89 186.05 0.117468
4 411.64 227.11 427.97 243.72 0.105138
3 446.51 262.15 455.65 273.84 0.135481
2 338.75 143.20 345.00 154.95 0.094524
3 408.39 406.30 424.14 437.92 0.113909
2 509.75 185.60 515.94 194.92 0.111493
3 694.17 458.76 715.96 492.98 0.159433
6 701.29 66.70 805.08 98.14 0.093108
3 504.27 246.59 513.26 261.04 0.185692
4 296.42 162.27 318.54 178.38 0.084539
1 412.54 397.32 424.93 436.79 0.165790
3 463.29 188.59 470.18 202.17 0.107340
2 499.19 194.42 504.60 205.50 0.120851
3 494.18 265.72 504.57 281.47 0.150569
2 439.22 146.93 485.08 202.64 0.093729
2 439.73 227.96 447.70 240.66 0.092294
3 528.28 278.86 537.22 293.01 0.110878
2 446.36 319.04 455.94 345.21 0.092190
2 441.97 319.28 450.56 343.88 0.105625
2 415.49 240.06 538.46 315.69 0.083925
2 269.92 173.29 276.56 185.13 0.084693
2 505.79 256.27 514.38 274.73 0.093093
9 720.54 76.53 749.87 88.75 0.081350
