5 689.02 320.37 766.92 446.42 0.501904
4 704.15 509.84 782.92 610.35 0.459483
4 609.66 200.15 646.31 235.12 0.429229
4 673.28 171.47 708.92 206.38 0.414193
4 656.72 135.91 689.66 167.81 0.405875
4 595.54 243.19 640.11 292.51 0.422798
5 676.71 75.24 715.71 126.53 0.336199
6 534.04 319.52 654.78 685.31 0.361225
4 504.21 725.79 647.74 764.20 0.379011
4 639.94 53.13 660.88 71.55 0.356178
4 707.55 668.86 850.90 762.79 0.267789
4 645.29 228.61 693.03 269.45 0.391888
4 631.66 1.61 649.25 18.30 0.284358
4 661.60 269.70 712.38 335.04 0.285455
4 612.76 14.94 630.58 30.95 0.283982
4 627.36 33.86 645.18 50.40 0.326743
4 679.24 51.15 711.92 82.32 0.264966
4 610.22 122.00 652.68 153.43 0.314287
5 610.17 76.71 658.93 153.84 0.298959
4 575.74 319.90 652.31 356.87 0.213848
1 1307.96 183.39 1331.68 216.92 0.256905
4 613.94 77.98 657.14 124.14 0.240116
1 1347.07 174.72 1359.80 202.18 0.282885
4 634.71 26.00 645.54 38.62 0.214603
4 615.18 103.68 649.57 123.29 0.268982
2 1310.13 175.70 1359.67 204.94 0.088531
4 610.02 4.37 627.18 18.42 0.213568
3 1297.70 190.21 1358.57 232.48 0.100668
4 623.29 73.92 641.90 83.50 0.185217
10 689.07 320.34 766.88 446.27 0.091015
3 1308.61 194.32 1328.83 218.11 0.167497
1 1301.06 173.83 1359.47 219.99 0.164617
4 681.73 107.56 714.17 126.70 0.089284
4 598.36 0.47 610.61 13.94 0.213814
10 534.15 319.10 655.18 685.37 0.086321
4 485.87 0.20 873.95 763.10 0.105466
6 1190.69 0.81 1359.62 299.31 0.105979
4 684.17 30.07 698.13 47.38 0.088452
6 1267.86 162.90 1359.51 216.98 0.082642
5 168.91 278.37 233.72 358.28 0.088578
1 1312.31 103.58 1334.50 137.19 0.080772
10 504.15 725.81 648.00 764.27 0.088397
4 623.65 74.15 659.34 95.81 0.152339
7 505.05 319.03 652.77 762.88 0.116722
4 672.83 87.52 681.49 105.80 0.088103
4 1267.98 173.84 1321.28 209.02 0.081650
