4 48.91 200.81 84.39 240.81 0.406719
4 30.33 137.85 50.65 153.41 0.406537
1 727.54 446.27 743.25 487.43 0.290832
1 2.19 172.92 957.82 538.40 0.350643
4 306.83 128.36 330.06 144.63 0.243114
1 44.12 306.73 56.59 339.29 0.289808
4 74.37 110.22 111.52 127.84 0.254868
4 339.27 118.83 361.38 131.54 0.259297
4 121.89 205.28 182.84 225.09 0.287052
1 357.51 324.53 368.07 349.22 0.223133
1 904.63 257.97 914.18 282.23 0.213603
1 649.74 291.55 661.79 317.40 0.181822
1 777.75 376.76 791.66 405.99 0.241166
1 837.40 372.45 853.15 407.16 0.219879
4 279.63 119.29 309.03 132.99 0.238613
5 47.83 199.02 110.91 241.09 0.182669
6 48.64 200.55 84.62 241.16 0.164636
4 10.25 122.15 24.43 138.69 0.237759
1 175.99 432.54 188.29 462.47 0.239414
1 205.62 427.05 224.26 467.47 0.223804
3 532.51 377.38 545.51 392.81 0.136134
1 607.40 473.22 618.29 499.97 0.181735
3 248.92 176.71 263.80 192.74 0.169693
1 399.77 323.39 410.08 343.48 0.171609
1 549.42 329.60 560.45 359.62 0.153139
3 624.37 420.32 647.38 447.60 0.160225
1 873.47 258.12 884.21 280.53 0.204202
1 532.81 368.20 544.87 391.99 0.165089
1 422.23 260.63 430.60 285.69 0.163875
1 655.86 240.27 663.83 262.83 0.158161
4 183.07 176.58 199.88 187.61 0.192770
2 222.28 361.32 251.55 417.09 0.108876
1 236.07 378.29 251.49 412.79 0.203976
1 222.31 384.75 234.46 417.86 0.194253
1 728.35 280.34 741.98 298.66 0.166256
1 512.27 422.42 529.17 458.08 0.146331
2 684.01 211.51 694.98 226.46 0.094249
1 549.34 419.33 564.54 442.28 0.172254
1 489.00 303.10 499.73 329.91 0.161546
1 208.85 248.07 222.26 270.73 0.174912
4 578.37 129.73 617.38 142.31 0.164318
4 170.41 187.88 199.72 204.31 0.186649
3 500.16 176.72 519.76 192.48 0.145337
1 300.78 528.77 312.66 539.70 0.182158
1 484.71 359.96 495.07 384.30 0.166227
4 85.21 201.59 111.01 219.88 0.207701
9 627.30 72.06 646.31 81.48 0.178053
1 848.29 388.16 859.82 412.69 0.162610
3 165.82 507.30 192.84 530.29 0.187566
1 459.77 502.02 473.88 528.98 0.137071
1 166.17 497.63 199.31 530.37 0.211395
2 159.48 174.39 950.49 537.97 0.183027
1 606.37 319.55 618.27 347.73 0.163330
4 50.44 231.86 90.41 253.32 0.162915
3 109.64 231.16 152.52 262.65 0.205909
1 929.41 230.60 938.12 251.37 0.203412
4 806.64 201.59 818.29 210.59 0.159658
3 549.36 426.60 564.78 443.30 0.113944
1 675.73 206.58 682.17 224.46 0.145978
1 566.62 227.44 575.76 246.10 0.142383
1 725.76 302.90 736.09 321.65 0.146287
3 102.05 255.20 117.79 272.14 0.130612
9 699.35 65.81 721.78 81.40 0.120181
1 640.14 263.00 650.16 278.52 0.132840
3 477.88 446.06 493.44 462.21 0.129874
1 410.55 249.89 418.27 269.36 0.134355
4 53.09 152.20 80.20 171.59 0.178283
7 127.59 231.06 152.56 261.40 0.103939
4 0.08 254.19 25.84 274.83 0.140341
3 501.75 207.70 537.69 231.13 0.154467
1 632.40 364.91 642.53 391.91 0.148069
1 615.00 264.40 623.81 286.39 0.100572
9 916.18 198.26 959.71 225.86 0.120852
4 150.97 172.07 178.60 187.33 0.176925
4 761.48 103.56 787.56 124.07 0.128320
3 618.87 260.57 629.82 272.36 0.097788
2 165.34 359.78 252.82 533.16 0.104801
1 758.90 190.64 766.58 207.69 0.111664
4 486.09 112.64 508.53 123.50 0.122511
4 417.57 117.64 440.02 134.25 0.144667
1 473.71 327.56 485.41 355.23 0.126883
1 439.45 473.98 451.38 504.12 0.137721
1 532.55 446.79 542.99 470.28 0.119920
1 480.88 523.65 496.81 539.57 0.138358
2 534.33 339.34 543.24 359.17 0.089108
4 173.38 124.46 196.75 136.58 0.160092
1 224.65 361.55 235.72 386.34 0.125985
4 124.65 118.74 139.69 130.57 0.127073
1 526.64 333.29 537.16 358.64 0.130900
1 662.04 185.16 670.03 204.49 0.101016
3 442.72 484.30 464.90 511.49 0.134978
4 113.69 103.35 132.76 114.42 0.162267
1 502.74 258.44 510.52 278.28 0.098038
2 386.87 297.16 402.07 330.70 0.101359
3 355.78 234.94 391.98 268.25 0.151526
4 363.86 125.00 389.27 137.54 0.169331
2 697.61 304.13 718.42 342.54 0.095958
1 871.84 290.04 880.95 301.49 0.144456
1 161.05 235.49 173.03 252.35 0.149359
1 798.55 288.16 807.01 305.65 0.131477
1 770.16 333.00 783.63 363.23 0.155619
1 629.91 237.85 637.22 253.92 0.114150
3 760.08 350.48 771.57 361.50 0.087542
3 477.54 443.91 517.04 473.70 0.155808
4 0.18 272.32 38.63 298.46 0.136308
1 629.26 398.83 641.69 426.03 0.116598
5 386.07 110.94 404.19 130.55 0.093363
2 469.24 234.27 478.80 256.82 0.091640
9 155.99 84.17 241.58 134.96 0.087287
1 448.35 234.16 455.70 256.30 0.097072
2 496.81 262.06 503.31 275.43 0.088020
4 19.71 96.47 37.72 110.95 0.114801
3 332.44 207.59 349.82 226.90 0.084966
1 546.57 499.19 556.75 525.88 0.088044
4 74.24 238.43 90.61 252.50 0.080087
2 656.64 188.62 662.91 204.15 0.088706
2 2.57 181.88 335.63 330.68 0.112600
1 897.74 195.27 907.61 211.33 0.110625
1 456.64 233.22 465.16 256.76 0.088454
1 533.44 485.04 548.61 523.00 0.105788
6 105.02 188.71 127.59 207.10 0.101227
4 745.89 85.27 759.96 95.04 0.091686
1 443.10 168.25 451.08 182.82 0.088991
4 48.02 0.09 77.61 7.57 0.109611
4 312.78 0.43 335.65 11.54 0.105104
2 838.22 219.05 846.16 237.52 0.095991
1 391.76 296.50 401.63 321.12 0.114880
1 354.41 206.53 362.17 224.55 0.085277
5 25.91 199.97 85.67 248.10 0.168683
1 575.38 481.50 592.30 518.54 0.099228
1 88.15 261.68 99.13 281.98 0.096931
9 735.17 56.33 763.69 82.95 0.087676
4 208.89 152.17 230.98 169.43 0.097346
2 464.15 345.56 476.29 374.24 0.086477
3 464.47 357.18 475.24 374.86 0.080489
9 415.80 89.61 451.61 102.80 0.083863
1 647.74 411.66 660.24 446.74 0.130926
4 0.16 207.72 35.18 240.68 0.097088
4 92.24 115.55 110.15 126.29 0.148278
1 575.11 458.94 588.90 491.13 0.136506
4 738.95 79.23 760.17 94.28 0.081349
4 73.75 113.07 88.99 123.70 0.129393
4 110.34 210.06 144.78 232.06 0.114044
1 776.31 332.78 784.19 345.77 0.085796
3 286.34 191.53 300.46 208.83 0.115549
4 263.16 116.77 290.43 130.85 0.114638
3 760.24 342.97 783.85 363.78 0.101585
2 617.48 249.37 626.51 268.21 0.081711
2 207.69 251.04 215.79 270.29 0.094162
2 750.98 187.05 767.07 208.55 0.083022
3 207.65 251.33 222.72 271.14 0.098687
6 828.27 28.63 959.57 150.91 0.096370
4 641.97 12.85 668.73 23.82 0.095867
3 87.02 229.36 117.89 246.72 0.080844
3 387.39 305.53 401.48 329.65 0.109959
6 1.16 199.44 85.57 245.22 0.082507
9 695.17 54.56 763.07 85.80 0.087216
1 816.44 291.95 826.46 308.15 0.125719
9 0.20 207.82 33.89 231.91 0.085182
6 150.43 171.62 200.04 204.99 0.098362
2 182.57 224.36 199.48 247.59 0.098829
4 292.83 142.72 315.00 155.48 0.125625
1 477.74 439.74 492.35 461.62 0.092184
2 566.19 227.61 576.01 256.36 0.083134
1 376.37 534.03 386.23 539.92 0.117801
4 806.30 200.74 833.55 211.72 0.082024
7 804.65 170.27 854.24 198.63 0.104370
4 429.88 100.72 448.41 114.68 0.094280
1 608.12 369.82 620.86 390.88 0.123679
2 527.84 207.88 536.28 225.20 0.084556
3 526.46 338.34 543.84 359.89 0.122976
2 503.15 194.24 509.21 209.32 0.094242
1 606.40 338.95 617.09 363.35 0.099932
4 111.84 152.12 129.28 166.66 0.082468
9 0.15 144.01 22.96 193.66 0.081370
2 463.88 221.17 470.64 236.87 0.082644
4 25.62 223.49 52.05 240.13 0.094562
1 808.44 216.66 814.90 231.30 0.117614
4 279.22 119.35 330.03 145.96 0.080162
1 205.84 427.11 220.59 447.25 0.110405
7 501.69 212.56 537.82 230.96 0.090211
4 40.16 123.89 58.11 135.76 0.107724
3 176.74 443.57 188.37 463.12 0.123128
1 556.44 474.55 566.94 498.54 0.099979
4 277.50 116.97 290.28 128.54 0.082647
3 463.55 220.64 485.89 241.05 0.097842
2 826.60 298.54 836.44 313.03 0.090274
4 14.82 153.99 22.98 165.27 0.081051
9 95.22 183.26 131.88 206.89 0.090978
2 697.64 305.00 707.58 328.19 0.089915
2 933.19 384.71 946.24 407.44 0.080570
2 526.50 333.19 542.42 359.43 0.086563
4 107.73 131.06 133.22 150.94 0.128166
3 894.77 195.31 908.36 211.93 0.086477
1 750.94 187.83 758.72 207.50 0.116095
