4 559.35 264.80 649.54 305.77 0.441636
4 481.87 181.37 503.52 201.87 0.495099
4 759.47 391.16 813.70 435.85 0.461602
5 464.57 201.00 480.17 226.39 0.344606
3 462.97 497.94 483.91 539.10 0.553202
4 401.70 245.46 415.47 262.04 0.418853
7 464.60 200.99 480.38 229.36 0.089144
1 375.90 487.53 405.87 539.26 0.365309
4 134.99 438.61 208.22 501.10 0.294883
6 146.83 352.79 238.17 402.39 0.359995
4 595.88 370.71 664.07 451.19 0.368080
4 783.07 413.66 918.25 486.08 0.338520
3 312.73 227.48 331.75 241.43 0.270419
3 489.59 268.64 504.67 290.94 0.302832
1 416.00 312.26 431.31 343.92 0.316469
3 417.39 326.03 429.54 344.33 0.307077
1 462.41 471.42 483.64 520.82 0.359888
3 520.25 266.91 528.81 282.20 0.374744
1 519.49 255.81 530.11 281.17 0.275667
5 447.40 119.57 473.36 136.62 0.286320
1 489.62 262.79 504.57 288.82 0.293824
1 264.83 417.38 289.51 450.42 0.245358
7 250.76 314.68 281.61 351.50 0.185036
1 387.39 266.94 400.80 295.43 0.269639
3 448.15 242.34 466.93 266.52 0.256441
6 191.84 476.15 257.04 532.85 0.172638
3 466.03 217.57 479.37 230.77 0.158016
4 243.75 494.55 302.19 538.75 0.190030
3 84.47 343.06 123.55 374.10 0.274338
1 346.56 227.19 356.20 250.78 0.234752
4 316.94 207.84 336.29 227.62 0.215504
1 275.23 440.82 291.38 488.46 0.192343
3 147.00 359.42 177.81 393.30 0.227160
4 289.96 223.46 300.08 233.22 0.315337
3 385.95 276.40 400.66 295.67 0.237313
9 433.02 107.85 464.85 119.17 0.214767
4 440.52 140.64 454.51 151.67 0.216855
1 349.60 273.55 364.11 294.18 0.258061
3 113.27 467.44 151.94 507.65 0.235032
7 0.21 345.13 71.94 476.34 0.200945
4 477.31 104.39 494.68 113.04 0.210577
1 239.98 447.47 255.78 479.01 0.227220
3 503.68 209.82 512.79 221.63 0.166917
7 545.45 223.52 598.41 278.69 0.140453
1 324.37 427.04 339.83 466.21 0.227714
7 337.37 440.39 361.65 467.45 0.148097
7 413.01 203.43 456.21 227.06 0.188125
1 687.54 298.15 706.58 342.04 0.216829
6 510.18 107.04 568.30 126.59 0.212616
4 217.58 434.55 303.11 482.45 0.201707
4 723.86 361.13 815.09 438.56 0.208686
3 161.80 327.68 182.94 346.59 0.112903
6 268.83 285.26 388.94 329.17 0.199808
1 366.80 224.86 374.86 246.80 0.210611
2 311.64 507.61 331.76 538.55 0.114327
4 514.43 90.77 523.14 98.05 0.146323
3 18.59 347.86 70.47 411.84 0.133595
3 486.51 157.27 495.68 168.01 0.135311
1 140.95 481.08 159.76 513.09 0.192823
1 241.81 340.15 251.12 363.30 0.177997
3 522.25 227.48 541.23 243.62 0.140907
4 534.15 133.65 549.46 152.00 0.180123
4 484.46 84.40 502.50 94.35 0.186190
4 551.57 116.92 565.92 127.83 0.161527
4 0.09 425.62 48.22 476.43 0.218429
1 504.23 201.90 512.69 220.70 0.185325
4 414.92 106.00 429.06 116.66 0.151465
4 217.82 519.22 262.55 539.57 0.125231
3 113.34 471.13 133.81 494.89 0.087520
2 307.93 427.06 338.72 470.47 0.140941
2 448.86 235.23 466.58 257.63 0.180641
6 543.39 223.26 598.63 292.89 0.170882
4 574.50 189.80 588.80 200.50 0.125326
2 304.67 485.03 336.26 538.62 0.186636
2 686.95 297.03 795.08 370.02 0.146416
3 203.97 352.67 238.16 383.34 0.139905
7 225.53 441.41 299.59 482.36 0.093515
6 290.24 207.41 336.22 233.79 0.132111
3 660.13 286.58 681.89 303.75 0.160195
3 39.10 348.37 70.09 378.14 0.146207
7 305.08 440.46 356.94 490.24 0.208170
4 290.23 219.55 319.30 234.52 0.132493
2 609.68 402.60 651.36 434.61 0.149173
6 427.08 166.31 463.01 194.30 0.107876
2 240.29 515.22 269.86 538.80 0.085983
3 252.08 329.26 281.01 352.27 0.111590
2 522.03 211.86 564.22 245.74 0.091837
3 398.99 528.09 409.57 539.63 0.107684
1 771.73 330.96 793.16 367.00 0.163096
4 197.42 471.26 234.39 510.64 0.131222
1 84.52 327.78 111.90 368.29 0.141782
4 344.84 212.99 376.34 230.65 0.143627
7 601.55 218.44 612.76 235.14 0.091623
7 522.98 142.42 549.95 160.98 0.081403
7 285.26 434.85 303.17 480.34 0.094971
3 529.92 229.95 547.25 246.14 0.088573
1 381.98 511.09 402.45 539.46 0.131730
4 441.83 130.63 454.11 142.02 0.127439
4 559.46 271.14 598.75 303.00 0.160773
7 304.20 457.75 355.01 537.26 0.097026
7 159.57 322.16 183.10 346.43 0.121862
4 489.15 120.23 503.58 128.93 0.120584
1 307.37 457.78 325.10 487.04 0.157354
2 253.27 443.98 285.44 488.43 0.100900
2 505.52 201.92 511.69 212.52 0.080859
4 467.63 181.10 477.93 193.80 0.092275
1 375.59 215.30 384.49 231.36 0.131296
2 376.43 510.20 407.15 539.49 0.092792
1 448.77 235.32 458.95 255.61 0.144112
4 444.95 203.12 456.32 213.07 0.117243
2 203.64 308.83 218.48 335.64 0.116403
1 249.07 285.43 258.35 307.27 0.151675
4 526.81 525.61 569.65 539.64 0.143223
3 203.80 352.09 216.99 369.97 0.086585
4 499.65 89.31 508.58 95.87 0.113161
3 396.29 511.65 408.15 539.58 0.093932
1 69.99 319.30 88.34 350.43 0.100695
1 303.67 222.85 312.16 241.13 0.121043
6 559.36 264.64 649.76 305.70 0.091654
2 610.27 409.46 630.39 433.91 0.127740
4 389.94 149.57 412.04 162.24 0.094495
7 515.26 183.57 529.24 206.06 0.089144
2 596.12 370.77 664.11 451.01 0.093036
2 172.38 304.27 219.10 337.61 0.095833
7 543.81 249.71 586.97 292.56 0.096967
2 305.66 427.74 361.00 488.83 0.100574
4 468.24 117.35 478.69 125.87 0.084642
2 500.39 147.97 505.45 158.71 0.099625
3 285.35 257.35 311.71 280.11 0.105109
1 481.60 172.19 489.58 185.01 0.111190
6 532.85 133.71 552.00 159.45 0.096344
6 440.04 130.27 455.14 152.04 0.173939
1 515.99 168.36 521.77 178.87 0.105221
3 248.02 336.18 267.39 360.20 0.083857
2 344.13 234.49 350.72 250.81 0.132157
2 225.94 335.72 240.84 359.50 0.117323
3 225.22 341.00 240.42 360.48 0.092953
3 225.91 326.74 280.91 362.33 0.122620
1 161.67 360.14 177.40 389.94 0.123042
2 255.65 331.28 267.57 351.13 0.116185
2 151.54 526.94 167.97 539.68 0.087146
3 541.74 253.80 551.20 265.40 0.099920
2 232.21 500.48 249.36 523.10 0.082550
4 512.49 176.84 521.89 191.19 0.124879
1 19.15 386.26 54.64 411.28 0.209510
9 531.47 160.86 572.58 178.09 0.100111
1 19.72 386.55 35.82 406.06 0.091208
2 709.70 316.64 724.11 348.85 0.092287
4 598.18 371.07 650.98 407.21 0.107195
2 521.36 191.73 601.70 244.33 0.080193
7 443.01 203.86 456.48 225.92 0.147456
6 373.76 176.41 386.07 196.88 0.113098
2 635.29 406.10 650.63 432.57 0.100547
2 226.31 447.02 245.83 478.39 0.107429
3 690.33 394.04 715.89 410.87 0.091658
6 551.19 109.79 567.61 128.05 0.085305
3 551.69 223.14 566.03 233.54 0.088536
6 782.63 391.48 923.36 488.47 0.081180
7 147.03 360.39 227.36 402.13 0.134051
4 515.63 182.64 529.17 194.46 0.096434
6 426.19 113.88 474.17 136.70 0.118104
9 502.66 75.70 522.61 94.47 0.081727
2 555.16 254.19 573.69 275.88 0.082537
4 424.53 178.30 444.13 190.05 0.114218
9 428.43 166.19 458.89 186.38 0.113145
3 300.27 267.77 311.55 280.01 0.097889
2 269.25 277.39 281.48 295.53 0.093583
3 343.92 216.18 354.40 231.18 0.081365
4 418.14 150.94 433.65 162.08 0.082383
4 216.86 442.24 247.32 477.26 0.101255
4 428.47 110.27 451.71 120.46 0.099598
2 225.05 417.47 297.24 489.44 0.091038
9 803.63 78.72 959.51 206.75 0.086675
1 317.88 439.33 331.31 470.37 0.142870
9 414.53 106.21 429.32 128.88 0.086493
3 227.96 312.49 247.29 331.33 0.082894
3 378.86 297.81 389.96 322.45 0.096476
3 583.69 212.64 596.73 225.11 0.107769
9 352.61 196.43 394.91 227.60 0.089067
1 122.84 510.42 153.61 539.06 0.090381
4 462.66 129.35 473.01 136.69 0.083708
2 412.81 206.76 422.42 224.17 0.085228
7 304.06 286.61 387.09 328.24 0.089044
2 110.51 125.14 657.15 536.51 0.086013
6 217.83 494.42 302.20 539.26 0.116874
6 723.92 361.83 766.90 438.02 0.080748
4 823.50 410.92 918.85 453.99 0.123663
4 305.42 439.79 361.25 471.01 0.201980
3 686.82 314.21 704.18 343.68 0.124671
4 455.77 109.48 464.15 116.98 0.088711
2 538.92 221.82 549.66 245.55 0.093005
1 38.99 124.44 108.82 472.19 0.091358
2 554.01 207.02 562.23 219.42 0.092166
2 723.57 327.96 738.27 360.64 0.081299
3 126.49 335.50 153.84 354.02 0.088148
2 493.68 170.59 501.19 181.68 0.102346
2 136.89 481.50 159.93 528.48 0.082007
2 318.54 489.34 335.49 517.01 0.081220
4 266.90 298.23 311.19 327.17 0.114963
