6 495.50 255.76 531.09 360.53 0.421377
4 552.42 213.58 569.83 232.34 0.452184
4 531.53 123.61 542.78 135.01 0.478595
4 380.27 204.10 406.02 232.73 0.324439
4 382.67 515.65 420.48 539.52 0.312147
4 546.95 109.01 556.54 121.16 0.353935
4 434.09 70.85 447.83 84.07 0.350262
4 252.48 126.76 273.72 137.25 0.299087
4 481.19 90.55 491.30 100.97 0.352048
1 373.60 267.47 382.34 285.88 0.293159
4 320.90 127.33 332.85 136.74 0.329767
4 482.56 79.67 490.69 87.98 0.355629
4 765.83 527.96 816.62 539.77 0.185076
3 373.39 274.28 382.03 286.53 0.319141
4 271.72 128.84 293.55 139.64 0.274683
4 336.18 126.33 345.54 135.44 0.304051
4 657.50 72.75 668.94 80.76 0.247588
4 576.71 140.22 587.56 152.02 0.272397
5 380.15 175.66 412.15 233.03 0.266681
4 514.54 73.52 529.81 86.40 0.242600
4 794.01 63.56 808.75 71.00 0.227352
4 562.32 69.07 578.05 80.03 0.191006
6 586.11 107.84 628.65 129.83 0.225003
2 765.51 525.50 903.14 539.71 0.169112
1 540.17 219.40 547.21 235.32 0.229530
1 903.25 133.58 911.23 149.50 0.149043
4 313.41 108.57 329.74 120.15 0.178669
6 553.39 65.51 578.11 80.47 0.182415
4 334.61 162.64 341.18 172.53 0.183752
3 600.34 269.34 615.12 300.72 0.119093
1 528.27 217.66 535.51 231.84 0.154357
4 586.41 68.70 602.37 77.94 0.179881
4 500.14 51.45 507.93 58.09 0.160030
1 922.30 142.65 932.79 152.81 0.147903
5 498.37 255.74 529.49 284.54 0.120404
4 591.90 133.19 600.16 143.48 0.194908
4 651.83 164.20 658.26 172.24 0.092041
4 510.08 69.29 522.74 77.42 0.128286
4 508.91 48.14 518.45 55.61 0.138164
1 616.69 123.35 622.68 135.35 0.159479
2 902.62 133.40 933.42 153.40 0.128340
4 537.49 69.33 548.22 74.92 0.135065
4 856.49 75.59 873.21 84.99 0.128141
3 528.30 101.58 538.28 115.29 0.141498
4 354.01 109.38 363.19 123.92 0.113976
1 0.31 505.91 100.93 539.55 0.158259
1 651.80 163.76 661.34 174.25 0.127032
3 642.57 389.80 665.65 421.58 0.090734
6 497.97 255.53 529.72 300.12 0.092911
9 463.56 48.81 487.22 57.31 0.097546
3 312.35 296.34 327.10 318.09 0.086824
4 251.42 150.12 257.36 158.39 0.099287
9 586.64 107.66 628.59 120.53 0.125922
4 532.21 187.61 546.54 201.19 0.093674
1 506.72 80.47 513.35 96.67 0.122381
4 342.81 116.65 352.99 124.83 0.126299
4 724.21 99.44 730.07 105.62 0.114587
6 440.29 58.62 473.36 72.69 0.136082
4 377.27 88.46 386.52 99.40 0.123151
6 433.64 63.61 448.58 84.44 0.182089
4 723.88 98.47 743.29 107.03 0.096394
3 665.48 451.60 690.06 485.04 0.080378
9 400.73 41.25 422.34 50.70 0.099429
4 391.34 124.53 400.42 135.21 0.125257
4 493.09 47.36 502.94 55.63 0.083782
4 639.03 107.67 654.53 118.99 0.133130
4 555.94 134.13 560.88 143.40 0.116561
4 850.70 525.99 903.13 539.60 0.093119
4 696.84 104.12 704.17 110.38 0.117147
2 507.45 187.19 514.82 200.90 0.093942
4 483.19 122.76 491.76 130.51 0.085120
9 585.74 106.53 654.08 130.87 0.112440
6 380.28 204.01 406.13 232.94 0.089740
4 672.51 89.66 682.72 95.31 0.108303
4 367.19 136.81 379.79 153.27 0.103787
4 553.14 53.15 559.41 59.47 0.084221
4 340.42 116.66 356.82 132.64 0.082730
2 506.59 80.84 512.35 89.50 0.083922
4 787.45 101.38 798.47 109.77 0.084918
6 373.23 79.24 390.38 99.92 0.083509
9 173.26 84.61 255.39 136.46 0.086601
4 366.11 111.42 376.76 121.08 0.091125
4 243.17 141.24 257.48 156.33 0.089408
4 355.51 116.45 362.64 124.07 0.104114
4 702.64 123.46 714.87 130.38 0.095271
3 540.28 226.18 546.23 235.59 0.228327
3 901.56 142.27 909.19 151.35 0.088002
3 653.42 165.88 661.70 174.98 0.116484
