1 324.51 413.98 358.20 449.75 0.551971
1 338.09 259.05 364.54 291.00 0.523561
1 579.32 280.95 599.67 307.54 0.551136
1 407.58 181.18 433.10 214.32 0.531271
1 400.23 315.62 431.18 345.93 0.514039
1 369.57 366.27 399.95 398.87 0.515630
1 311.61 466.98 346.95 499.47 0.526627
1 1072.89 287.80 1110.08 319.52 0.500317
1 500.82 270.92 522.42 290.28 0.492386
1 415.66 15.62 439.23 59.30 0.436498
1 1132.28 272.76 1168.78 299.10 0.439805
1 1193.27 26.53 1224.13 62.50 0.445183
1 1091.96 333.21 1124.36 358.85 0.432276
1 369.33 4.65 397.84 40.05 0.397646
1 1151.76 298.10 1185.69 326.86 0.421009
1 601.68 673.83 627.84 702.80 0.418712
1 231.96 328.67 263.81 362.43 0.436232
1 1139.29 387.88 1197.05 410.23 0.356574
1 262.97 0.09 285.18 24.14 0.322082
1 1108.88 374.42 1146.43 408.47 0.364913
1 439.99 0.13 468.49 28.05 0.342509
2 1071.93 271.87 1217.56 411.71 0.184484
1 1242.78 359.33 1279.26 390.02 0.261818
2 1108.05 374.61 1121.98 400.22 0.140377
1 1234.03 77.33 1290.28 99.09 0.369199
2 1108.19 374.05 1197.05 410.92 0.128831
2 1179.36 314.20 1217.49 351.11 0.168626
1 409.95 0.61 426.07 27.56 0.203539
3 146.06 649.18 179.85 674.06 0.192698
1 184.26 146.18 196.65 175.48 0.169582
2 146.28 646.43 206.36 674.15 0.176084
1 1292.98 323.39 1326.96 350.24 0.253426
6 1222.17 301.96 1319.58 391.29 0.156746
1 221.12 295.18 264.05 314.34 0.211042
2 92.11 473.32 109.39 502.31 0.098182
2 311.61 467.13 347.24 499.51 0.113578
2 220.91 295.40 241.51 308.55 0.150006
2 400.43 315.72 431.31 346.06 0.103977
2 138.02 203.75 149.52 227.58 0.136621
2 1291.64 375.43 1304.02 388.38 0.105341
2 339.74 686.60 357.17 699.65 0.186438
2 338.33 259.29 364.46 291.02 0.097782
2 154.15 404.06 188.43 457.95 0.091096
4 410.44 697.40 430.72 709.57 0.119324
7 140.11 610.70 206.56 674.70 0.139117
2 368.89 0.52 468.54 60.42 0.158959
1 798.48 1.44 827.80 47.60 0.151954
3 294.74 290.97 326.56 314.49 0.117780
1 1279.14 35.40 1316.45 71.74 0.105949
2 177.94 647.04 188.87 661.23 0.097254
2 1193.12 41.60 1210.78 62.52 0.098219
6 678.71 691.72 757.52 709.14 0.104807
2 437.77 0.67 455.24 26.31 0.091484
2 176.63 241.00 188.95 255.59 0.084168
4 440.55 698.53 455.62 712.19 0.092486
4 241.55 680.49 308.48 713.75 0.128041
2 717.41 296.26 801.19 404.41 0.158691
4 1317.28 671.31 1359.35 718.93 0.125707
2 1073.05 287.93 1110.39 319.51 0.087831
1 1184.61 314.48 1217.14 337.40 0.228345
4 875.59 706.57 914.21 717.81 0.088647
2 1171.13 27.60 1184.95 54.21 0.094549
2 245.26 297.84 264.56 312.50 0.088291
2 1271.94 55.67 1290.83 90.33 0.087842
2 295.18 14.24 305.60 35.12 0.098358
2 324.49 414.21 358.45 450.02 0.080200
2 231.91 328.63 263.72 362.53 0.088184
2 500.94 271.08 522.63 290.04 0.084132
3 601.27 678.18 634.28 702.78 0.093728
3 1192.73 43.36 1212.14 63.45 0.081353
2 555.99 0.00 567.64 12.29 0.084667
2 1222.55 330.29 1237.37 349.98 0.091042
2 218.93 177.70 604.93 501.98 0.099326
2 407.47 181.22 433.23 214.27 0.114371
2 579.46 281.11 599.72 307.65 0.086667
