4 390.47 597.76 488.69 673.43 0.560967
4 840.12 244.14 899.85 267.10 0.477144
4 485.94 383.86 525.02 432.85 0.503009
4 465.33 126.39 508.56 143.05 0.499326
4 849.34 536.09 951.12 594.90 0.477552
4 897.05 696.65 1027.53 763.80 0.428595
4 849.31 490.77 930.49 543.87 0.446766
4 470.16 454.93 516.54 518.13 0.498182
4 431.68 327.24 493.81 364.82 0.434115
4 815.64 392.41 896.79 426.03 0.397531
4 649.95 194.25 673.13 216.97 0.430478
3 1039.04 448.36 1070.54 469.28 0.339566
4 875.17 599.71 994.64 661.55 0.413284
3 968.28 331.29 999.92 350.88 0.346466
4 779.17 325.61 825.45 349.56 0.337709
1 532.80 598.55 547.72 636.45 0.398936
4 782.54 268.84 830.08 292.97 0.334965
1 796.06 422.06 808.90 451.11 0.305345
4 799.32 158.54 818.77 176.16 0.366958
3 297.65 296.45 324.53 311.70 0.277160
4 746.22 175.75 778.09 198.87 0.342088
1 251.38 484.92 268.37 524.20 0.288426
1 880.80 354.53 892.02 383.90 0.328543
1 432.86 280.40 443.03 305.45 0.282214
4 576.73 44.42 588.26 56.18 0.291901
2 217.78 602.19 244.18 642.15 0.349481
4 809.15 427.22 837.40 457.14 0.296854
1 265.67 302.47 280.51 328.86 0.283445
3 419.55 154.26 450.43 171.76 0.207375
1 871.75 321.71 881.00 347.52 0.275628
4 565.78 92.36 579.69 106.95 0.311773
3 242.26 349.35 265.24 367.64 0.233238
4 762.47 195.36 809.93 216.67 0.308123
2 1252.40 700.83 1299.17 730.00 0.250501
3 274.28 427.19 308.07 450.79 0.233855
3 321.87 272.36 349.69 291.28 0.220808
3 1199.75 640.42 1245.14 665.71 0.317962
4 411.09 693.32 454.88 758.88 0.254060
5 915.57 637.47 1037.51 700.78 0.091198
3 1015.15 477.64 1058.47 510.71 0.228500
3 1286.27 742.59 1352.37 764.64 0.338661
3 329.52 350.41 360.18 378.31 0.206242
1 883.71 321.55 893.49 346.62 0.279273
2 1123.02 531.80 1165.88 557.12 0.250955
4 915.55 637.29 1043.16 701.08 0.402141
4 160.59 76.53 184.61 88.47 0.246800
4 590.09 27.34 601.13 36.60 0.258957
2 917.11 308.05 933.94 330.28 0.330383
1 283.72 537.28 296.23 568.95 0.273753
1 458.95 429.25 480.93 468.24 0.251562
4 772.17 294.45 842.83 323.87 0.245572
3 247.52 376.04 279.96 399.41 0.188886
1 421.99 281.75 430.60 304.20 0.234921
4 590.44 87.86 604.31 106.39 0.327179
1 286.06 499.79 302.08 532.98 0.284663
4 541.47 82.70 553.22 97.56 0.252038
4 717.07 109.17 746.92 124.27 0.229323
5 442.34 535.46 480.76 600.95 0.222456
3 917.07 308.10 933.96 329.97 0.088663
3 950.20 311.83 976.20 336.21 0.264696
4 548.85 50.71 560.39 62.69 0.201060
4 808.71 424.72 900.93 457.37 0.337054
3 285.06 351.13 318.79 368.17 0.177952
4 1264.67 316.20 1290.58 332.61 0.204848
3 277.46 514.93 302.38 540.95 0.239913
1 314.51 557.31 334.27 606.76 0.258180
3 1230.14 655.26 1277.79 691.45 0.276328
4 559.76 31.70 571.80 45.31 0.218931
3 296.22 429.12 346.48 457.09 0.233961
4 333.89 100.46 364.54 119.65 0.183232
4 815.27 212.33 829.34 234.79 0.287657
3 1114.36 578.26 1149.70 604.21 0.308107
3 311.89 380.74 374.07 406.42 0.204482
1 811.04 225.87 819.20 249.76 0.233704
6 523.72 24.10 551.75 46.98 0.189098
4 599.65 6.86 610.01 17.72 0.188149
3 1113.97 578.11 1181.02 619.45 0.285573
1 894.19 322.01 903.72 346.49 0.251367
6 433.39 327.26 493.91 364.36 0.082174
3 386.09 330.29 421.52 357.30 0.148702
4 583.44 9.42 592.25 18.66 0.214628
3 222.22 327.25 246.54 345.46 0.189315
5 390.52 597.52 488.78 673.27 0.084807
7 378.68 253.84 411.81 276.46 0.124671
2 872.22 319.25 915.48 383.92 0.214036
3 347.61 246.10 375.23 263.72 0.164190
3 907.48 258.56 949.10 272.10 0.145917
3 446.00 562.95 479.15 599.25 0.173126
7 385.49 318.04 422.01 357.15 0.127460
2 553.27 175.87 568.01 191.44 0.232742
3 347.00 330.78 378.43 353.99 0.178032
1 704.00 159.92 711.83 178.22 0.233027
4 679.36 89.19 707.28 105.41 0.158678
7 320.23 245.49 347.51 263.51 0.147753
3 354.77 288.72 379.40 302.39 0.239280
3 827.56 475.46 854.86 498.39 0.126163
3 275.43 322.67 310.26 350.28 0.173668
9 638.89 25.04 686.64 54.78 0.146674
4 524.92 69.82 539.56 83.98 0.204803
3 402.35 217.16 428.07 232.43 0.173862
1 424.95 115.56 431.60 130.06 0.168638
2 545.22 148.07 560.17 164.08 0.197053
4 662.65 83.04 682.62 99.47 0.223989
3 330.00 314.15 367.80 342.09 0.154964
1 698.00 160.42 704.80 177.71 0.179966
4 493.28 106.27 509.10 118.84 0.157160
4 646.67 103.32 681.80 122.86 0.219535
4 166.85 390.74 196.15 417.40 0.201306
4 815.70 398.50 838.51 424.16 0.139636
3 1230.30 669.79 1253.66 691.04 0.107497
4 683.79 198.83 693.30 207.24 0.084529
4 751.09 110.73 785.02 125.59 0.161000
3 1009.14 384.88 1034.38 399.57 0.232581
1 644.90 118.52 652.38 135.12 0.160235
4 1265.93 308.77 1316.79 333.11 0.240070
4 969.02 183.38 1019.61 217.23 0.231871
1 572.51 173.55 580.47 189.73 0.201771
1 789.83 758.00 806.90 764.98 0.096809
3 375.48 296.53 408.06 317.87 0.164656
4 604.61 21.70 614.59 31.21 0.205698
7 276.36 669.00 366.34 763.89 0.131679
4 811.65 134.74 828.12 152.68 0.178067
2 664.97 158.79 712.75 192.66 0.125917
3 1025.21 515.07 1059.15 542.55 0.174877
1 777.56 231.68 786.55 250.37 0.202832
4 260.11 75.50 288.14 87.22 0.143686
4 416.29 92.75 443.42 103.91 0.159276
3 475.35 288.36 504.82 309.83 0.149358
3 1071.57 505.20 1128.04 532.73 0.184670
3 1076.44 524.77 1119.38 568.67 0.201413
4 541.55 63.63 556.36 75.86 0.187120
1 360.88 152.61 369.17 170.99 0.178864
4 514.84 102.46 536.71 116.98 0.129584
2 826.48 463.44 856.37 498.25 0.254168
4 536.48 43.37 550.91 53.15 0.172810
2 278.48 536.00 335.70 607.54 0.089081
7 409.68 254.28 432.65 276.07 0.108587
4 275.02 744.25 302.17 764.15 0.102281
4 993.19 194.40 1019.13 216.77 0.218688
1 666.17 163.45 676.93 189.67 0.185625
4 905.95 244.44 949.92 271.88 0.087881
4 680.03 99.79 696.66 118.16 0.134105
3 341.02 190.83 358.63 210.26 0.174798
7 410.07 95.81 428.61 112.72 0.098320
1 375.05 154.46 383.31 170.79 0.146437
4 356.80 703.96 402.25 764.48 0.177534
7 216.95 546.60 282.85 642.38 0.100403
3 391.49 270.76 417.10 289.42 0.143756
3 152.08 93.11 164.77 114.16 0.153633
3 301.89 260.72 327.18 276.12 0.193892
4 443.86 195.70 461.72 211.95 0.107704
1 903.79 338.45 915.71 357.02 0.192928
3 842.14 336.06 857.33 352.91 0.168987
6 969.49 160.98 1020.86 217.84 0.133665
3 193.33 705.80 252.96 763.62 0.172021
7 315.96 676.06 364.48 739.15 0.105265
4 464.71 106.60 495.21 123.34 0.288935
3 1039.03 478.79 1059.20 507.86 0.113414
4 551.62 19.67 572.24 40.24 0.116756
3 1032.09 531.07 1057.90 572.51 0.167686
4 820.18 326.57 857.33 352.42 0.103726
1 676.32 174.21 684.46 192.97 0.161175
4 769.16 114.36 784.77 125.67 0.104359
3 793.96 218.86 814.37 235.45 0.104689
9 638.29 42.12 684.54 70.49 0.119278
4 751.48 113.02 767.17 125.30 0.101245
3 201.75 348.19 264.93 368.68 0.149219
1 778.01 158.99 785.02 176.56 0.162971
4 529.27 54.38 557.71 76.93 0.096353
9 662.88 44.75 682.01 58.22 0.093764
7 443.22 103.83 469.09 120.66 0.102520
4 644.58 14.95 664.92 26.67 0.143321
4 241.43 74.14 258.65 87.25 0.138362
3 1289.84 450.14 1317.53 477.97 0.157762
4 892.26 38.22 908.94 54.27 0.146793
2 787.00 219.54 821.01 251.32 0.084764
4 694.01 105.82 707.63 120.56 0.159524
4 540.96 10.11 555.33 21.07 0.147017
3 250.58 557.09 276.29 586.81 0.080650
1 638.30 601.27 654.54 630.31 0.096812
4 391.89 83.74 413.18 100.95 0.149789
5 676.21 88.83 708.92 115.85 0.129094
3 416.46 189.46 442.93 212.06 0.136829
1 668.94 123.55 676.08 136.81 0.141438
3 1020.23 476.81 1165.89 575.80 0.120328
4 798.13 104.95 817.77 125.40 0.111350
3 788.31 238.14 808.31 251.46 0.128351
3 1042.69 518.73 1081.11 554.30 0.140120
3 638.80 614.75 653.94 630.48 0.097292
1 816.98 195.71 827.81 211.46 0.145144
3 397.41 181.07 417.32 199.98 0.146408
3 827.80 462.26 853.65 480.03 0.154670
1 395.85 153.04 403.82 167.89 0.142540
9 203.08 47.25 387.12 91.38 0.086979
3 1044.33 481.92 1094.16 507.95 0.180598
4 520.89 93.43 540.18 114.17 0.136368
3 347.75 382.85 374.11 405.85 0.109833
4 163.93 64.64 189.79 81.28 0.107868
4 665.09 57.06 686.42 72.22 0.161107
2 245.16 94.77 270.20 109.09 0.111229
4 1239.80 305.26 1260.68 315.54 0.107391
1 642.47 201.42 651.30 222.01 0.090823
4 676.10 69.40 706.56 86.56 0.092928
3 1134.66 578.16 1148.71 602.44 0.103797
4 334.03 114.02 360.38 133.30 0.100595
4 522.62 81.07 540.32 93.06 0.107601
6 662.42 83.33 709.19 113.42 0.133222
3 217.08 705.62 253.08 740.16 0.104899
4 769.17 284.84 837.28 307.21 0.158140
3 365.05 314.99 396.89 335.06 0.092305
3 568.03 100.98 579.29 112.96 0.087896
4 128.32 305.18 145.30 327.25 0.103182
4 1200.68 301.88 1260.87 318.51 0.093765
4 529.80 57.88 545.71 70.36 0.126198
4 789.09 212.17 829.55 235.84 0.149821
3 444.05 199.33 460.87 211.90 0.092506
2 422.00 278.21 443.36 306.24 0.145094
1 638.86 100.39 644.84 112.94 0.120788
3 208.26 332.03 227.35 350.00 0.114744
4 760.62 307.62 776.22 336.50 0.089938
7 364.11 204.71 398.71 224.67 0.121995
4 459.95 273.46 510.48 297.73 0.142882
4 521.52 89.61 541.17 103.00 0.143981
3 378.82 99.07 396.21 111.63 0.121657
1 262.99 96.86 270.39 109.22 0.129474
9 211.74 56.27 260.48 86.97 0.083445
3 1215.20 591.16 1238.36 621.96 0.220333
7 412.88 266.93 431.56 283.61 0.085982
4 1281.02 586.66 1304.84 614.93 0.085453
3 1014.95 477.04 1124.27 513.29 0.091765
4 629.39 41.15 642.46 54.04 0.124560
3 443.20 108.03 457.46 119.96 0.094019
4 796.20 291.05 842.05 312.74 0.097682
4 628.46 0.24 655.89 16.68 0.090615
2 639.49 200.96 651.98 222.16 0.166489
2 510.54 104.00 519.31 117.68 0.086050
1 547.53 148.04 557.24 162.41 0.121272
7 475.08 275.49 508.63 309.83 0.093744
1 892.67 342.75 903.58 363.74 0.149708
9 336.00 50.20 386.27 82.00 0.084731
1 338.21 305.83 352.74 322.14 0.139748
3 1076.90 484.54 1125.43 511.38 0.128133
1 464.34 61.19 474.00 101.09 0.084512
1 935.62 257.18 947.35 271.41 0.098665
3 248.93 322.39 274.68 347.74 0.122510
4 414.41 238.71 435.06 261.18 0.080495
3 1006.05 360.06 1036.44 424.85 0.089866
4 818.18 113.02 827.59 126.48 0.083540
3 1284.47 625.59 1299.68 647.20 0.093631
4 580.96 33.19 589.92 42.98 0.123766
3 337.26 306.18 365.16 323.97 0.126464
4 1076.97 389.72 1091.79 408.36 0.084721
3 1289.74 450.25 1359.38 515.57 0.091999
4 1187.60 303.25 1269.57 333.95 0.139257
3 370.71 181.77 388.68 201.01 0.108308
3 325.36 429.67 346.72 450.76 0.105954
3 43.52 484.03 65.47 508.39 0.132118
6 488.17 93.53 509.85 116.40 0.081485
3 1335.72 640.88 1359.57 685.22 0.201714
1 373.16 180.81 381.36 199.54 0.098071
3 156.77 710.84 224.87 764.22 0.135630
3 892.63 338.66 915.87 360.78 0.204896
4 410.46 253.55 432.23 267.08 0.087278
3 192.15 552.44 212.89 578.34 0.123978
4 300.36 76.88 311.52 86.98 0.080950
4 639.53 55.69 659.12 70.84 0.116876
4 878.34 28.54 909.03 55.30 0.109431
4 646.79 10.25 661.58 20.37 0.080241
3 985.14 297.44 998.19 313.68 0.131087
2 422.42 282.45 430.18 304.01 0.092108
4 1269.85 302.46 1298.87 318.88 0.108431
3 853.84 634.97 867.93 654.43 0.081552
1 267.04 544.31 283.32 568.97 0.100989
3 1199.79 536.97 1221.61 566.85 0.095413
1 774.93 353.56 782.56 373.69 0.096770
7 347.75 217.21 392.31 243.84 0.110029
4 674.15 89.07 687.70 101.02 0.109270
9 337.73 66.70 361.18 79.24 0.083205
1 270.52 480.19 285.11 510.33 0.119348
3 253.46 313.31 285.04 330.18 0.090059
1 307.10 556.18 320.62 603.53 0.092806
3 1097.24 510.70 1136.29 532.39 0.096227
2 449.17 72.02 457.41 89.87 0.081781
3 1250.13 603.68 1297.00 645.33 0.093846
10 308.40 708.56 331.16 742.03 0.108828
3 272.38 328.66 293.12 348.42 0.091965
3 80.55 736.77 123.60 762.73 0.100400
6 327.38 532.71 480.64 606.60 0.137806
4 768.46 287.92 787.41 304.10 0.103637
3 217.80 602.52 243.98 641.60 0.082196
6 554.70 0.37 569.59 15.89 0.084911
3 389.13 363.99 416.85 379.86 0.087739
3 510.18 281.64 525.42 301.71 0.088472
4 840.24 244.15 859.71 264.35 0.105298
4 772.17 299.70 804.99 322.86 0.097644
3 346.18 343.57 362.89 356.91 0.097555
4 626.10 21.26 642.10 36.16 0.106035
6 1184.83 301.86 1316.89 334.72 0.086603
9 676.48 32.73 689.22 49.33 0.096105
4 563.54 19.79 576.10 31.57 0.106477
4 715.67 111.46 730.51 122.64 0.082113
3 416.36 197.66 432.07 212.39 0.138676
7 72.59 720.88 126.89 762.52 0.083332
4 535.65 62.33 546.66 75.19 0.082019
2 372.82 177.75 382.56 199.58 0.095470
3 748.64 224.47 768.28 235.42 0.122951
4 352.64 105.35 364.83 118.68 0.097588
4 1135.11 305.09 1159.60 332.41 0.082671
