4 339.53 460.61 390.47 574.62 0.481287
4 198.85 29.77 261.03 142.41 0.484321
4 334.33 596.53 391.65 707.83 0.465225
4 349.69 0.39 404.06 103.54 0.465564
4 529.97 128.18 596.73 243.17 0.428137
4 860.88 459.00 907.82 557.96 0.509645
4 510.02 456.94 554.62 562.41 0.435716
4 412.60 240.20 519.66 284.36 0.349470
4 1091.68 718.42 1204.61 764.41 0.376443
3 606.68 93.74 625.34 130.38 0.369851
4 919.45 38.75 1025.91 88.01 0.401244
4 931.53 746.36 1002.49 764.69 0.370222
4 551.36 619.23 597.48 738.33 0.399166
4 566.87 442.35 615.16 573.49 0.360275
1 604.71 77.47 625.94 129.84 0.352208
1 1057.20 167.26 1079.21 189.40 0.317849
1 1122.33 169.36 1154.88 205.43 0.299411
4 1059.04 513.81 1127.95 578.41 0.229272
2 855.99 135.17 903.90 233.54 0.251510
1 928.04 653.13 949.07 687.82 0.223221
4 559.51 683.78 591.96 715.97 0.111291
2 882.07 665.20 901.46 698.97 0.128193
3 915.55 242.77 1001.73 293.65 0.185585
4 1317.97 635.53 1359.45 668.49 0.196771
4 412.12 127.86 596.90 284.94 0.159692
3 1014.73 475.77 1128.37 579.81 0.151821
1 1260.29 587.64 1283.10 616.13 0.110926
2 882.09 652.39 949.75 699.44 0.100363
1 607.85 77.86 624.03 99.45 0.180593
4 1060.35 543.84 1100.17 576.66 0.101378
5 1218.28 731.05 1249.54 764.67 0.115201
2 698.84 544.86 715.58 566.02 0.095358
4 922.08 242.99 1001.14 261.86 0.122532
4 1016.83 476.35 1068.42 527.03 0.154481
4 1266.20 463.17 1322.54 545.11 0.096010
2 1055.79 165.65 1154.88 206.65 0.081205
1 1154.16 567.91 1186.83 599.52 0.133397
4 1060.53 409.74 1084.88 446.80 0.102253
4 513.96 519.19 548.46 538.99 0.080047
4 34.30 749.62 84.22 764.42 0.135442
2 1057.03 167.48 1066.77 188.77 0.109629
4 187.76 249.15 200.30 310.01 0.091071
4 205.04 0.05 236.13 4.85 0.084044
1 21.78 433.41 36.97 467.42 0.083329
2 928.09 666.61 944.53 687.41 0.109453
2 1112.42 738.05 1128.17 759.27 0.082046
2 21.93 194.12 46.36 232.25 0.087592
4 1249.34 535.19 1286.26 618.19 0.114074
4 1298.90 503.58 1323.18 551.67 0.081475
