5 364.31 318.60 394.14 363.90 0.540740
4 449.07 359.84 478.65 390.85 0.505680
4 339.37 416.70 384.96 466.15 0.503718
4 493.23 354.16 522.71 385.94 0.451502
4 492.93 237.82 505.20 250.22 0.459788
3 334.15 401.03 350.39 423.86 0.364353
3 470.53 429.98 483.14 450.07 0.397478
4 464.25 250.35 481.96 266.99 0.413119
2 439.13 424.16 454.13 449.33 0.389074
4 365.00 336.19 389.50 363.75 0.352774
1 364.64 392.60 375.35 415.90 0.335936
1 390.45 434.77 404.53 463.59 0.341761
3 390.63 446.71 403.89 471.29 0.489870
2 458.04 263.49 470.00 278.55 0.284730
2 403.05 364.58 415.03 389.46 0.327384
1 469.97 419.16 482.57 444.88 0.336062
1 355.83 391.36 363.92 416.52 0.303198
3 419.34 380.19 428.77 394.71 0.230899
4 485.19 162.54 494.12 170.63 0.305720
1 495.11 283.46 503.58 300.07 0.288873
1 433.29 268.85 440.69 285.23 0.263303
4 457.31 197.62 468.59 211.05 0.280176
3 484.76 340.83 498.34 358.48 0.197440
4 447.95 215.61 459.41 225.61 0.289523
4 484.23 332.80 499.71 358.23 0.252338
1 127.73 492.46 138.91 511.66 0.245297
1 440.85 283.17 447.63 299.98 0.255580
3 216.18 481.80 252.64 518.11 0.154985
1 418.55 369.19 428.84 394.26 0.301509
1 333.31 394.38 349.94 422.00 0.243154
2 332.97 391.26 376.35 421.97 0.188242
1 409.12 333.78 420.55 356.99 0.154590
1 467.68 234.45 472.79 246.09 0.212244
1 439.74 417.48 453.44 439.64 0.303038
7 218.71 489.30 243.71 517.63 0.103434
2 683.45 179.81 699.97 199.15 0.148533
3 365.94 401.09 375.12 416.42 0.212857
3 442.07 237.05 449.23 247.32 0.160598
7 137.79 491.45 159.68 519.37 0.159848
2 438.46 229.67 452.04 246.27 0.146535
1 487.48 195.39 492.68 205.17 0.171260
1 333.44 394.37 343.44 407.12 0.160665
4 368.22 287.64 389.49 305.19 0.135232
1 542.53 356.67 551.77 374.81 0.205954
9 229.80 136.55 277.63 156.84 0.080978
3 410.02 346.77 418.64 360.01 0.211816
1 454.59 243.74 459.52 255.67 0.176764
1 417.44 347.98 427.72 368.76 0.204609
4 475.42 172.29 482.85 181.58 0.160526
1 511.03 275.83 517.23 287.77 0.195661
2 403.19 333.77 429.48 393.30 0.140696
3 10.95 430.06 44.77 475.47 0.086595
9 686.58 143.62 705.86 150.07 0.109659
2 473.93 195.25 480.65 205.54 0.102436
4 479.02 165.23 485.60 173.43 0.145078
7 103.43 490.58 159.73 539.13 0.100415
4 500.94 354.09 516.82 369.39 0.080626
4 438.82 218.93 445.33 227.31 0.117357
3 408.53 350.37 417.35 365.82 0.145893
4 466.20 192.81 473.57 201.59 0.106738
1 368.12 290.53 375.16 305.53 0.125493
4 450.22 207.95 460.08 217.86 0.086631
2 332.75 153.25 524.02 470.79 0.096215
4 499.24 146.91 506.12 155.85 0.094078
4 359.08 289.53 367.69 298.93 0.152481
2 382.02 288.38 389.40 304.04 0.085747
2 445.67 229.69 451.99 241.72 0.103019
3 495.20 288.94 503.59 300.72 0.235594
2 512.25 358.05 522.64 379.53 0.086414
1 403.93 364.04 414.37 377.27 0.116124
2 355.83 391.14 375.86 417.15 0.105625
3 440.98 288.53 447.53 300.37 0.174825
2 498.90 174.37 502.47 180.44 0.081982
7 215.84 461.22 253.32 518.05 0.088965
3 542.50 361.93 551.83 375.51 0.149176
3 417.32 353.45 426.77 368.05 0.133157
