4 309.95 269.12 376.93 321.36 0.454630
4 1019.77 654.16 1085.54 714.01 0.445658
4 1027.15 235.18 1091.81 292.69 0.445637
4 287.94 626.17 350.00 689.61 0.375407
4 113.32 508.24 165.33 579.10 0.384303
4 140.63 233.19 194.30 296.04 0.408243
4 1117.19 376.73 1186.97 412.34 0.456685
4 1031.88 153.22 1084.52 208.12 0.387470
4 977.49 113.12 1041.81 173.92 0.390655
4 1093.37 575.80 1158.95 630.74 0.449384
4 1309.83 540.25 1358.23 613.75 0.368938
4 299.52 80.28 362.59 140.18 0.362268
4 1142.14 522.03 1198.84 587.79 0.397127
4 935.34 82.81 1000.69 141.54 0.362942
4 1002.34 707.54 1072.07 755.56 0.419078
5 1048.42 582.54 1190.06 707.14 0.289656
2 248.73 295.23 270.70 312.25 0.334550
4 923.77 566.06 974.37 622.67 0.363196
4 252.95 597.92 312.42 661.74 0.385179
4 272.99 107.93 331.04 174.53 0.304237
4 1146.70 447.03 1216.23 486.30 0.423807
4 185.37 180.38 242.71 232.39 0.359717
4 912.32 57.82 969.67 115.00 0.300801
4 344.82 719.74 414.22 763.98 0.336298
4 434.78 258.27 466.98 289.95 0.292642
1 774.69 87.53 793.41 109.13 0.301485
4 936.81 174.95 1014.78 233.25 0.333814
4 1154.52 212.46 1194.32 283.02 0.335045
4 1270.09 546.78 1305.19 608.35 0.405885
4 1203.93 222.56 1243.50 290.78 0.268177
4 353.70 32.23 413.67 91.59 0.259249
1 798.76 56.48 816.96 80.09 0.292100
4 325.04 670.48 390.63 730.94 0.360902
4 412.98 43.31 435.80 62.25 0.254724
4 904.75 258.74 940.66 291.15 0.332071
2 412.78 44.58 427.94 61.77 0.125404
2 774.05 55.82 818.37 110.71 0.182218
4 360.36 231.10 379.88 246.97 0.271585
4 1256.55 224.16 1290.66 260.03 0.261100
4 88.48 225.29 135.98 291.45 0.316509
4 324.07 53.10 387.23 113.58 0.264492
4 1062.88 94.69 1077.79 106.90 0.150935
4 210.44 151.98 268.80 210.08 0.276381
1 1031.77 401.40 1046.86 417.73 0.151001
2 1122.07 155.22 1150.46 178.32 0.238420
4 898.31 15.88 958.98 74.14 0.227979
2 1158.12 347.88 1187.15 363.55 0.242631
4 1249.49 223.72 1291.17 298.29 0.219268
4 973.64 738.50 1039.34 764.32 0.301968
1 1052.32 546.40 1065.91 560.77 0.170148
1 506.68 72.38 519.63 96.17 0.290553
1 523.94 70.80 534.15 92.28 0.307610
4 1104.25 142.23 1126.89 161.92 0.191435
4 1025.60 92.55 1056.90 109.94 0.199553
4 919.26 258.43 940.34 279.19 0.202630
4 797.79 258.82 830.11 290.57 0.242379
4 252.08 597.46 419.55 764.02 0.111206
4 1224.48 631.44 1277.09 676.06 0.158859
4 1253.77 127.40 1292.28 157.17 0.200230
4 1249.58 192.47 1271.37 207.75 0.181481
2 1017.94 51.12 1043.35 79.78 0.188661
3 1071.63 107.96 1104.00 136.13 0.147805
4 1133.77 745.27 1162.58 764.51 0.145363
4 58.53 306.72 82.51 318.21 0.160142
4 1080.06 189.21 1108.63 220.87 0.165951
4 1184.99 699.48 1207.84 713.33 0.085224
6 1133.50 621.67 1359.46 764.62 0.102423
4 544.49 258.52 575.61 290.55 0.145210
4 1055.90 94.95 1084.56 117.33 0.226814
2 1057.65 290.38 1073.43 302.55 0.120389
3 133.52 679.36 191.63 742.28 0.142242
4 1164.02 506.02 1256.24 529.26 0.092893
2 1040.18 26.30 1056.36 47.34 0.143469
2 1079.92 175.66 1108.97 221.07 0.121524
4 133.86 679.65 169.43 714.16 0.145705
4 1237.63 620.68 1258.75 634.08 0.091602
4 1081.07 114.49 1103.99 135.95 0.106199
4 878.25 0.12 931.55 36.50 0.203561
4 1321.71 503.87 1359.46 523.71 0.111785
2 1002.43 37.52 1025.75 60.03 0.146910
4 1204.14 487.47 1227.80 497.88 0.081615
2 1091.15 175.49 1105.69 192.93 0.117777
3 1156.87 348.28 1187.56 382.52 0.104717
2 501.76 55.59 821.19 111.80 0.137222
2 1014.15 292.33 1024.28 304.29 0.106557
4 372.36 185.93 1013.75 582.89 0.201025
4 1012.23 585.37 1032.10 605.51 0.099317
6 0.94 600.89 194.89 764.28 0.115881
6 1225.29 102.42 1359.13 209.37 0.098982
4 1252.03 694.19 1269.14 711.52 0.080122
9 5.00 569.65 64.86 620.11 0.097602
4 1133.89 700.33 1207.92 764.55 0.132643
4 1213.15 222.89 1242.46 254.17 0.093288
3 1144.65 185.15 1168.65 200.83 0.103963
1 425.92 45.14 436.53 61.94 0.141626
4 1104.18 141.95 1150.34 178.78 0.087018
4 435.23 259.68 455.58 279.55 0.098768
4 1126.02 156.42 1138.00 169.24 0.096619
4 232.38 173.36 269.05 209.47 0.126141
4 1086.36 66.84 1102.58 84.82 0.153484
4 1055.42 94.71 1103.71 136.38 0.105654
4 1299.44 235.75 1311.96 247.86 0.084943
2 506.50 72.45 519.75 96.35 0.083745
4 1172.59 349.59 1187.21 361.99 0.120665
4 1019.30 7.51 1039.56 28.07 0.120212
2 47.72 276.92 58.76 299.88 0.080100
3 308.74 153.04 330.66 175.41 0.093662
4 1063.92 125.95 1078.27 143.22 0.085107
4 1294.97 147.71 1359.36 185.97 0.085643
4 1134.43 163.80 1150.65 177.44 0.114178
4 133.82 679.71 154.70 702.88 0.096553
7 7.18 273.20 58.62 300.30 0.085616
2 1336.51 242.65 1359.30 306.73 0.269508
2 799.09 56.51 810.88 75.19 0.095969
4 1172.41 161.95 1187.76 178.27 0.120591
4 377.07 55.60 413.43 91.29 0.100962
4 210.41 150.73 241.70 180.81 0.092598
4 0.05 200.80 9.91 264.81 0.161488
4 1339.12 286.33 1352.24 305.46 0.101073
4 353.77 31.61 388.65 64.97 0.081452
3 508.06 80.56 519.60 96.26 0.087729
4 196.60 100.44 207.75 113.03 0.094681
4 25.15 288.90 37.38 299.42 0.089772
2 1336.40 243.43 1351.03 272.02 0.106849
