4 930.82 220.40 959.06 245.27 0.534548
4 1145.14 575.42 1181.10 610.56 0.501216
4 359.26 156.01 387.46 180.59 0.424617
4 441.12 312.94 471.14 334.81 0.334623
4 238.88 253.02 259.68 278.64 0.409369
4 235.10 475.98 289.58 506.91 0.424368
4 571.55 124.10 591.71 143.14 0.412200
4 288.52 292.19 325.96 315.28 0.328290
4 336.20 754.82 372.72 764.96 0.263092
4 700.68 141.63 720.81 164.20 0.454246
4 186.53 322.40 220.77 343.38 0.331197
4 393.41 221.14 425.21 241.55 0.362118
4 946.30 698.92 978.41 740.62 0.366063
4 910.65 706.02 942.34 746.44 0.347068
4 324.06 222.51 357.39 239.86 0.339577
4 360.62 488.55 400.74 514.65 0.259163
4 873.03 647.75 907.99 692.91 0.298438
4 282.38 268.91 316.28 290.92 0.329502
4 772.05 464.89 798.96 498.40 0.283543
4 414.22 259.36 446.42 281.77 0.272454
4 914.05 650.56 946.84 691.11 0.314361
4 421.99 274.25 456.28 295.47 0.263323
4 709.13 318.24 731.76 345.89 0.253380
4 607.60 675.45 635.63 715.08 0.218695
4 377.76 538.50 416.20 566.65 0.229479
4 381.59 558.47 420.80 584.77 0.228303
4 306.53 702.47 353.67 734.35 0.234402
4 403.98 633.40 445.02 664.32 0.245343
5 854.94 89.87 876.59 113.88 0.260251
4 346.90 323.21 380.37 345.33 0.247651
4 469.55 377.51 504.70 399.48 0.232941
4 728.16 391.43 753.35 422.68 0.255268
4 339.95 306.27 378.36 327.91 0.257919
4 639.84 239.92 661.83 267.63 0.289906
4 612.27 716.84 632.05 749.74 0.273854
4 384.99 419.01 426.72 444.93 0.225481
4 275.38 592.65 318.84 622.20 0.232581
4 837.58 525.09 865.31 559.00 0.246865
4 473.00 409.01 509.89 433.54 0.212602
4 786.59 438.64 812.27 471.65 0.253989
4 569.30 618.29 610.17 646.15 0.232411
4 727.64 351.61 749.31 381.14 0.249567
4 489.48 426.38 526.06 450.41 0.206096
4 559.65 592.82 602.14 622.40 0.219657
4 205.62 387.23 243.95 413.43 0.244407
4 266.42 566.46 310.31 596.36 0.225847
4 420.79 524.71 457.70 550.05 0.220416
4 492.07 714.94 535.76 745.00 0.199691
4 589.30 654.51 625.44 693.60 0.224113
4 262.10 548.06 305.62 574.34 0.238804
4 662.32 282.50 686.64 314.15 0.270976
4 283.17 613.38 326.86 640.34 0.246446
4 413.78 506.89 449.96 532.03 0.205954
4 528.13 70.95 546.26 91.60 0.347550
4 578.45 638.58 614.76 673.45 0.235260
4 690.77 282.67 711.90 310.35 0.286031
4 590.79 163.12 611.07 187.52 0.366988
4 486.58 675.14 527.18 704.18 0.209897
4 1207.14 582.77 1219.39 596.52 0.163570
4 305.85 674.74 355.93 706.06 0.237279
4 795.74 504.31 825.08 542.47 0.257799
4 551.05 55.33 565.44 73.88 0.230426
4 487.68 0.30 505.94 19.37 0.288098
4 417.61 672.34 466.44 701.16 0.216794
4 251.82 529.48 295.33 557.78 0.259950
4 748.52 427.32 773.35 456.98 0.260877
4 669.32 253.42 691.09 279.84 0.239519
4 887.60 605.22 919.74 648.40 0.256411
4 524.75 515.59 568.09 541.22 0.209203
4 503.89 740.93 549.72 764.48 0.202297
4 497.84 443.47 536.07 467.65 0.211144
4 395.35 458.72 433.27 482.08 0.224634
4 499.64 37.24 513.68 53.94 0.252113
4 434.35 559.88 473.52 587.32 0.204009
4 339.90 267.77 371.86 287.78 0.192698
4 860.77 561.09 890.04 598.30 0.233840
4 546.03 556.23 584.58 583.78 0.212508
4 527.72 539.20 569.28 566.03 0.192193
4 470.30 392.67 506.83 417.25 0.208054
4 506.17 461.53 543.10 487.51 0.213118
4 751.99 392.71 777.82 425.37 0.222067
4 519.40 497.60 560.51 522.83 0.215101
4 517.78 42.61 534.71 63.57 0.245793
4 471.09 658.22 512.06 687.91 0.209829
4 209.16 223.26 221.43 236.26 0.192377
4 329.84 246.87 366.03 263.84 0.190217
4 443.28 595.27 483.17 624.40 0.217089
4 811.21 484.79 841.05 521.41 0.243369
4 428.67 692.71 475.19 724.07 0.123165
4 196.03 354.62 236.63 381.22 0.222012
4 440.58 576.51 482.42 602.31 0.213085
4 503.17 20.80 519.77 41.36 0.273787
4 133.19 252.52 145.52 262.55 0.189815
4 369.16 372.58 403.20 393.64 0.225188
4 511.17 477.74 551.96 507.05 0.208274
4 457.96 637.48 502.36 666.30 0.211451
4 383.23 403.59 420.62 423.62 0.216740
4 201.06 370.35 242.01 396.24 0.209295
4 533.07 42.26 548.28 61.45 0.240299
4 280.95 637.83 326.31 666.89 0.228876
4 455.18 615.26 500.02 643.04 0.193427
4 825.26 555.19 855.64 593.89 0.248290
4 400.95 473.45 437.76 498.26 0.208049
4 446.50 735.12 494.65 764.63 0.194145
4 656.81 226.48 675.84 251.26 0.250216
4 405.92 487.98 441.73 514.18 0.219770
4 280.59 651.65 340.18 690.07 0.192315
4 439.00 713.34 485.55 747.64 0.217909
4 554.17 573.58 595.87 600.23 0.215788
4 210.43 200.56 226.52 211.15 0.186547
4 622.81 212.68 636.51 229.17 0.109499
4 941.59 752.50 966.54 764.77 0.187794
4 378.18 384.21 415.64 406.42 0.209294
4 703.20 354.70 727.39 385.59 0.264132
4 190.59 341.29 226.74 363.76 0.232386
4 867.37 619.01 885.26 641.54 0.097254
4 21.49 278.21 30.23 285.42 0.102116
4 62.47 260.27 92.93 273.21 0.164463
4 647.57 251.79 661.97 267.52 0.085105
4 187.46 218.63 641.65 763.77 0.097868
4 334.39 257.66 367.90 277.02 0.177009
4 409.87 377.85 426.15 394.76 0.109322
1 486.21 608.41 502.91 631.53 0.146479
4 199.04 401.32 211.30 423.42 0.099148
1 1190.10 317.33 1200.50 336.12 0.096575
4 835.76 572.22 855.34 594.00 0.094348
4 821.00 502.62 840.97 521.38 0.094797
4 855.36 602.15 885.39 641.75 0.267438
3 1252.72 426.66 1272.42 448.27 0.088358
4 164.54 243.61 185.20 256.53 0.145592
1 309.94 326.19 319.53 340.65 0.141331
4 79.42 260.83 93.78 271.79 0.090713
4 478.83 28.33 487.25 38.23 0.088307
4 329.61 247.96 344.38 262.73 0.115105
4 183.73 238.32 195.19 249.02 0.086492
4 334.15 261.43 349.34 275.90 0.086535
2 489.56 746.21 507.15 764.68 0.093910
4 181.99 205.74 196.03 213.99 0.089836
4 628.15 278.08 643.05 299.61 0.086147
4 524.36 0.15 541.78 12.24 0.113455
1 1165.92 274.92 1195.53 319.24 0.084357
5 235.08 476.06 289.53 506.49 0.107905
4 226.07 195.33 244.82 207.77 0.084754
4 761.09 406.64 777.87 425.32 0.091379
6 588.01 56.64 601.23 80.37 0.089505
4 675.13 64.30 694.15 87.13 0.088431
4 187.23 321.69 245.08 422.81 0.080496
4 945.09 230.28 958.78 245.05 0.080134
4 707.75 150.69 720.67 163.88 0.086516
