1 778.55 245.59 793.86 282.56 0.461646
4 835.99 456.58 927.52 537.70 0.503231
4 686.57 246.99 732.10 296.53 0.516691
4 0.12 547.66 90.18 683.76 0.540729
1 732.58 129.42 741.55 156.13 0.377589
4 815.12 386.86 880.99 460.66 0.494657
4 658.23 103.19 686.61 130.35 0.467430
4 448.07 649.32 536.80 764.17 0.485644
4 673.97 177.70 710.46 214.83 0.492747
4 242.96 180.09 297.45 224.86 0.443251
4 525.52 201.08 566.17 252.51 0.442940
4 716.75 93.82 745.07 124.20 0.418027
4 541.39 125.25 573.18 161.07 0.392389
4 510.66 153.21 546.91 193.39 0.429193
4 590.31 154.97 613.88 193.06 0.315395
6 375.93 44.95 425.05 75.07 0.448566
4 865.37 354.79 957.32 411.09 0.520078
4 511.00 288.75 557.26 363.56 0.391875
4 384.62 155.03 407.75 185.32 0.406112
4 310.71 249.46 354.05 274.19 0.314192
4 732.01 42.33 761.60 59.85 0.280706
4 602.96 0.18 623.79 21.54 0.366654
4 348.83 83.61 383.57 114.51 0.460195
3 270.09 154.95 298.67 175.18 0.333095
3 288.09 132.67 321.16 155.93 0.331935
4 870.81 259.05 891.79 287.75 0.362959
1 422.30 89.18 431.45 111.34 0.316768
4 184.75 751.47 350.88 764.73 0.308700
1 560.46 78.49 570.27 101.88 0.329969
1 1081.66 660.18 1109.41 722.11 0.462013
4 1102.37 666.92 1155.31 732.74 0.377615
4 446.91 43.32 464.38 65.93 0.295300
6 289.56 249.42 354.77 332.18 0.270912
2 794.49 487.82 819.31 544.51 0.223230
2 1233.22 160.82 1247.89 192.47 0.234567
3 897.25 322.81 923.79 354.50 0.238090
4 441.07 69.74 462.97 96.69 0.302269
2 601.26 64.13 610.92 84.91 0.257201
2 504.76 196.05 512.57 216.61 0.226285
4 671.82 66.89 688.11 81.96 0.288381
3 794.76 512.42 818.34 544.99 0.250317
4 564.50 35.17 581.04 47.43 0.214423
2 413.82 92.56 423.19 113.62 0.204499
2 1319.00 656.84 1333.81 681.22 0.203917
3 230.31 153.32 246.79 177.86 0.225275
3 873.10 300.85 900.59 318.31 0.236350
3 814.59 278.13 835.91 315.20 0.229186
6 666.58 59.46 695.23 82.35 0.201619
