1 519.57 269.58 536.08 317.83 0.519822
1 441.56 243.28 455.80 284.76 0.468700
1 481.93 260.40 496.03 303.85 0.512235
1 526.75 235.64 541.98 274.50 0.495121
1 577.00 96.44 583.31 115.23 0.328763
1 464.81 258.93 479.88 296.90 0.369996
1 583.01 79.58 591.20 95.25 0.274249
1 592.12 97.15 599.09 114.18 0.313889
1 584.02 98.49 591.52 114.53 0.302153
2 577.39 76.64 602.43 115.99 0.187218
1 462.75 251.95 474.39 288.75 0.318073
2 440.49 240.63 539.00 318.46 0.186900
1 597.95 81.01 602.93 94.30 0.275498
4 664.70 28.13 681.45 34.65 0.227376
1 608.54 66.09 613.28 80.00 0.219617
2 439.13 66.70 606.49 319.56 0.115865
1 577.35 72.11 583.92 91.54 0.175769
3 425.69 169.00 439.62 188.38 0.103900
1 407.78 151.67 415.52 179.63 0.124858
4 934.42 33.17 946.04 40.21 0.091541
4 921.24 31.96 935.77 40.07 0.082634
4 722.70 28.53 745.05 37.23 0.096800
4 770.35 31.27 785.96 38.40 0.084218
6 694.12 23.39 704.53 33.70 0.111846
2 577.87 71.63 583.36 84.49 0.100486
2 462.67 251.91 471.11 275.56 0.085152
10 477.93 176.56 488.18 193.84 0.093513
2 468.45 253.05 477.79 275.48 0.093312
2 441.54 243.39 455.86 284.72 0.113099
3 487.83 174.55 499.83 188.54 0.089961
4 747.43 30.50 760.89 37.72 0.089725
4 758.30 30.69 768.30 39.07 0.081635
4 945.40 31.21 958.87 39.67 0.107558
4 616.44 20.09 627.44 24.91 0.117085
2 584.00 98.75 591.03 114.53 0.096626
