4 973.60 415.16 998.49 441.42 0.425566
4 915.97 438.11 940.90 470.86 0.411626
4 968.54 979.12 1037.55 1078.55 0.363212
4 702.05 735.41 772.27 809.69 0.494905
3 756.69 892.37 777.51 926.38 0.404130
4 767.62 648.31 811.69 691.89 0.435311
4 848.91 1035.06 926.59 1079.62 0.338851
4 1049.96 352.48 1069.92 373.84 0.353866
4 607.15 891.95 688.76 981.67 0.341890
4 927.72 407.58 949.57 430.45 0.396542
4 529.96 987.83 635.06 1079.29 0.335713
4 1029.61 546.08 1064.91 580.25 0.446374
5 701.66 735.19 772.34 810.00 0.094903
4 1035.93 252.49 1051.17 267.61 0.311417
2 879.19 846.36 903.29 878.63 0.328550
3 936.49 797.56 957.35 824.78 0.318663
2 920.41 527.97 936.51 558.84 0.265152
3 793.49 809.36 813.26 841.04 0.407198
4 1002.58 284.36 1018.20 301.22 0.275481
4 888.52 415.99 901.32 430.78 0.308998
4 16.13 364.61 84.08 400.60 0.262209
3 924.89 755.07 944.08 785.31 0.237313
1 255.08 785.28 273.70 832.49 0.290796
4 1035.86 236.66 1047.59 249.95 0.206614
4 1061.52 263.64 1075.36 279.63 0.272046
1 761.19 788.98 779.07 831.42 0.285214
4 688.15 803.28 718.85 873.71 0.317410
4 1083.27 327.47 1104.48 351.16 0.237158
3 977.01 749.64 992.76 773.48 0.285914
3 861.61 498.69 882.95 521.28 0.145861
4 820.87 318.18 848.88 340.99 0.222684
4 557.22 596.95 587.34 623.04 0.182111
1 936.46 782.04 957.13 820.17 0.251082
1 793.18 792.61 813.30 838.48 0.273435
6 1577.72 131.44 1638.66 166.07 0.183871
6 548.68 112.22 630.44 133.56 0.243179
1 744.15 784.79 760.58 828.04 0.258464
1 898.61 1054.04 925.71 1079.64 0.208296
1 848.06 588.37 860.47 618.54 0.255328
4 1031.12 336.88 1049.40 356.90 0.286115
3 961.02 343.42 980.27 367.07 0.176231
2 982.00 377.32 998.23 403.77 0.240200
1 976.72 737.09 993.82 772.85 0.264775
4 1051.70 152.54 1066.24 165.18 0.172530
6 1082.77 307.29 1105.93 351.84 0.131314
1 970.85 630.23 986.32 663.76 0.287896
1 679.02 1040.79 705.38 1079.07 0.222404
4 1041.64 437.42 1070.06 462.39 0.286475
4 1117.11 143.03 1149.58 154.66 0.221916
1 993.33 491.21 1005.91 520.06 0.209261
1 974.74 533.69 988.72 562.37 0.240037
4 903.71 229.22 932.17 250.60 0.138031
1 618.44 1024.42 636.86 1078.04 0.208034
1 879.82 830.31 902.64 870.99 0.252311
1 757.55 873.77 777.56 916.01 0.250694
2 673.11 1004.58 700.20 1050.49 0.223972
2 745.35 785.61 813.48 840.74 0.105585
4 1044.90 154.97 1064.53 172.75 0.137616
2 235.86 868.81 285.69 908.24 0.202889
1 940.88 492.67 951.78 519.78 0.206274
3 430.36 700.42 474.47 730.56 0.112182
1 923.94 742.63 947.01 777.16 0.208357
4 1097.61 219.44 1123.00 236.50 0.138775
6 1176.19 115.37 1205.07 136.09 0.142114
2 8.58 702.01 454.25 1078.60 0.150583
4 951.21 388.17 968.77 406.79 0.127219
4 1134.21 1013.00 1154.77 1040.55 0.104919
4 571.55 285.89 598.90 302.95 0.195431
1 1052.07 381.80 1063.16 402.07 0.166361
4 222.19 164.36 243.28 177.92 0.101541
2 672.60 984.47 705.81 1078.37 0.115137
6 1205.09 114.22 1255.31 136.34 0.148419
4 941.77 236.67 963.76 249.73 0.152324
3 1052.74 980.15 1071.18 1002.87 0.133311
4 1001.89 231.62 1023.87 251.69 0.175952
4 1072.32 243.54 1087.16 259.70 0.138639
4 871.23 487.62 889.03 507.42 0.154186
2 870.54 487.68 888.83 518.79 0.107659
3 1056.63 413.95 1073.52 435.78 0.113168
4 867.18 316.88 900.47 340.00 0.114883
4 1065.20 252.98 1078.45 265.44 0.190098
2 1031.16 357.28 1044.67 378.54 0.116466
2 842.67 527.96 858.77 550.82 0.166139
4 1134.12 214.99 1155.06 229.99 0.150153
1 1019.51 430.69 1029.70 452.44 0.190500
1 1030.29 506.17 1040.94 533.86 0.216786
5 1030.29 336.51 1050.01 369.40 0.122376
1 111.15 961.07 135.61 996.13 0.157828
7 865.30 487.46 889.80 520.60 0.139574
2 316.90 718.82 432.81 825.51 0.161161
4 934.22 381.96 951.59 403.52 0.177892
1 914.98 509.00 928.37 532.28 0.163331
3 615.35 1053.99 635.55 1078.76 0.095440
1 554.32 561.45 569.23 589.02 0.132487
4 1088.42 311.82 1103.12 330.29 0.151825
4 958.36 148.13 975.59 159.78 0.101504
3 971.82 640.66 985.36 664.06 0.188636
4 1104.07 1009.15 1155.16 1044.16 0.116080
4 886.00 456.01 897.85 474.90 0.102611
1 1733.10 272.58 1748.90 306.21 0.119214
1 467.52 614.64 482.24 642.37 0.168065
7 177.42 915.85 228.31 952.40 0.095630
2 1002.01 344.36 1011.91 364.89 0.098644
4 565.08 286.08 616.81 321.51 0.098728
4 1030.75 190.89 1043.04 204.65 0.111676
2 1007.78 474.33 1027.50 509.82 0.086878
6 790.04 300.75 866.32 345.52 0.144592
2 110.72 941.76 190.81 998.05 0.119066
4 990.18 292.75 1003.11 308.77 0.125917
2 1058.36 294.66 1067.61 312.60 0.111450
9 869.80 316.59 899.20 332.42 0.080228
2 1025.29 292.43 1034.02 310.42 0.122312
4 1168.02 377.42 1183.50 396.18 0.128965
4 35.74 273.44 64.37 299.46 0.098131
1 524.11 635.05 540.18 675.22 0.151604
4 699.59 648.88 731.54 680.65 0.124982
4 689.52 839.88 716.18 871.54 0.116205
1 46.40 1038.68 73.65 1077.56 0.132035
1 75.00 1015.75 103.15 1043.58 0.153459
2 1017.37 485.53 1028.39 509.70 0.143771
2 1026.62 369.40 1036.83 388.52 0.122722
6 1092.54 214.01 1125.64 238.24 0.117575
1 95.01 911.21 113.74 956.03 0.147968
1 685.11 984.91 703.03 1014.99 0.134147
4 1143.13 501.49 1162.99 531.71 0.114921
1 885.62 831.12 898.42 852.56 0.089702
4 1095.12 297.46 1107.06 312.77 0.112480
4 740.77 426.29 757.56 445.05 0.100570
2 45.62 1015.65 131.95 1078.10 0.123510
4 1130.76 197.90 1142.73 209.81 0.099679
3 1021.47 359.22 1037.49 386.87 0.097465
4 1073.72 555.46 1087.20 570.97 0.113522
6 158.00 133.87 178.50 150.48 0.087022
4 870.96 326.92 889.12 342.99 0.128021
1 1007.95 473.97 1017.54 494.79 0.143494
4 739.85 450.91 758.75 471.08 0.110524
3 1035.29 475.43 1051.40 498.21 0.139793
4 956.64 321.20 981.42 343.06 0.098659
6 15.40 363.42 210.70 412.97 0.086890
9 1069.82 136.02 1105.54 153.43 0.099791
4 532.79 1042.11 596.71 1079.18 0.082041
1 409.65 721.05 430.43 751.56 0.130773
3 983.67 383.77 998.00 404.04 0.129676
6 1819.83 137.82 1875.77 161.93 0.083336
2 1083.20 260.94 1093.54 279.63 0.104744
2 612.88 761.29 641.22 791.79 0.101920
2 155.36 941.81 189.81 981.87 0.132695
2 1130.97 983.98 1153.99 1013.79 0.107740
3 848.05 595.95 860.42 618.42 0.143458
1 328.99 769.47 348.92 804.17 0.118450
4 756.07 298.18 780.45 315.33 0.101995
4 808.33 323.85 831.23 341.06 0.137341
4 1229.15 450.89 1246.76 478.97 0.106390
2 916.63 430.52 1068.19 565.91 0.085436
1 235.98 874.16 258.18 908.14 0.140870
2 555.38 153.31 1152.90 1076.34 0.118421
3 1073.19 524.36 1086.47 543.83 0.121812
4 1162.30 355.25 1177.70 373.50 0.127728
1 575.65 1053.24 598.46 1079.17 0.143098
2 316.16 764.60 389.45 824.55 0.080437
1 803.69 1070.89 816.12 1079.93 0.119168
7 1019.91 355.38 1044.50 381.87 0.098111
4 1075.09 237.65 1088.70 250.69 0.100051
2 98.46 1019.47 120.46 1045.95 0.090677
4 817.95 591.03 845.17 630.23 0.083310
2 360.45 767.42 383.05 815.15 0.097255
4 1124.64 278.38 1145.55 293.58 0.096565
3 975.00 542.08 988.93 563.20 0.186189
2 318.11 786.42 336.74 806.62 0.100065
2 9.37 1059.12 37.43 1078.99 0.098140
3 523.98 651.50 541.74 678.71 0.086702
4 1091.99 210.86 1103.76 221.42 0.088861
3 1020.44 358.26 1031.57 376.33 0.109759
2 156.27 851.74 190.94 887.59 0.094828
2 1184.31 795.67 1201.20 823.82 0.091603
2 1076.03 307.64 1086.25 326.46 0.094562
1 1193.73 746.94 1214.09 810.62 0.080397
4 857.76 322.61 877.94 339.87 0.086225
3 376.81 764.50 401.42 795.35 0.104732
4 1237.95 278.97 1263.17 296.37 0.090169
4 1018.93 207.17 1041.89 223.57 0.080981
3 352.47 801.08 377.24 831.98 0.086319
3 680.02 1002.40 702.22 1046.95 0.095200
3 744.53 805.85 757.75 828.35 0.163183
2 134.71 962.88 162.43 997.55 0.099358
2 45.09 941.15 192.46 1077.89 0.098773
4 949.38 297.95 961.56 310.28 0.098964
1 66.30 1041.91 91.62 1078.15 0.119879
1 545.95 629.73 557.40 652.04 0.113083
9 994.57 221.96 1030.52 252.43 0.091077
2 1036.35 272.51 1045.00 287.80 0.097315
2 967.81 386.72 976.39 405.30 0.093966
1 1147.09 987.34 1158.31 1014.66 0.093153
2 676.96 985.01 702.51 1019.78 0.129813
6 687.79 735.47 773.38 872.22 0.105770
2 545.04 629.10 559.28 663.01 0.107713
3 941.27 499.04 951.65 520.05 0.181200
3 257.03 811.02 273.71 833.89 0.084131
2 1171.64 528.70 1186.39 563.71 0.104862
6 558.53 126.28 597.76 143.83 0.100920
2 1125.37 833.13 1138.49 857.55 0.094992
3 1.59 999.14 32.27 1027.98 0.246465
7 1050.97 954.12 1085.82 1003.30 0.098394
1 15.31 911.94 35.74 968.84 0.153738
3 544.11 594.42 561.68 615.69 0.082826
2 1029.85 454.05 1041.18 475.72 0.141726
9 790.28 300.79 865.53 330.41 0.114442
3 375.53 736.06 428.26 785.94 0.081220
