4 807.15 339.89 928.92 393.16 0.478574
4 609.90 190.01 657.40 243.13 0.497337
4 430.40 372.43 528.04 464.70 0.397363
4 452.84 462.23 532.29 575.32 0.382383
4 173.80 615.98 290.20 739.89 0.424387
4 350.61 465.38 447.88 518.90 0.368370
1 256.45 304.84 276.21 352.86 0.437909
4 509.72 242.87 545.19 295.21 0.430170
4 715.60 205.81 786.21 258.62 0.385051
4 720.38 138.39 756.40 182.97 0.368226
3 726.67 619.52 748.28 653.04 0.309924
4 677.46 42.18 740.48 76.08 0.289544
1 103.66 735.57 131.79 763.89 0.351364
1 723.46 594.61 749.86 648.37 0.389681
4 633.01 33.00 658.48 68.24 0.378657
4 740.98 265.40 791.33 324.17 0.272211
2 214.41 561.22 266.67 599.03 0.307277
4 688.55 7.98 722.22 38.10 0.351315
4 825.39 545.20 916.95 668.81 0.474243
4 625.27 104.56 656.23 144.48 0.283736
4 890.91 303.53 936.30 343.16 0.348909
3 327.80 334.70 368.67 368.37 0.298202
4 479.82 184.69 528.05 231.15 0.315428
1 127.29 742.79 148.23 764.04 0.310988
1 214.71 562.03 234.51 596.05 0.260285
2 360.11 424.24 397.92 452.15 0.270954
2 583.69 0.00 597.57 17.00 0.217995
3 286.90 194.20 307.92 217.37 0.240741
3 1020.94 334.54 1060.50 364.56 0.168033
2 328.04 335.08 346.04 365.96 0.264358
1 922.20 700.07 944.53 763.64 0.218642
1 327.34 131.75 342.69 176.01 0.166089
2 239.24 572.92 266.60 598.89 0.195059
3 359.88 385.86 434.19 452.20 0.186388
3 845.59 162.78 878.52 195.29 0.201852
4 694.20 66.80 723.85 91.88 0.165612
3 292.75 328.70 303.72 352.70 0.152837
4 692.36 84.43 752.76 147.76 0.133036
4 722.21 84.63 752.60 121.91 0.242979
1 916.77 529.95 946.96 651.68 0.135015
4 304.16 473.24 352.93 509.14 0.204387
4 801.32 314.44 864.53 352.53 0.152212
4 1256.75 670.38 1359.25 764.27 0.134676
2 45.86 722.03 81.14 755.46 0.131168
2 755.13 321.74 771.90 341.79 0.159607
3 801.29 323.11 864.52 352.51 0.126683
4 754.10 249.53 797.97 278.90 0.191477
6 115.08 505.95 152.56 575.17 0.115108
4 363.62 386.93 405.72 417.66 0.192774
3 380.99 423.90 400.00 450.67 0.151361
4 740.69 248.21 826.18 341.81 0.090826
4 686.83 150.84 725.80 174.37 0.123300
3 290.01 219.81 300.27 234.19 0.106959
1 327.75 132.14 338.74 151.27 0.103357
1 918.87 576.70 942.21 625.15 0.084738
3 82.53 710.80 128.20 745.41 0.194877
4 676.72 157.30 718.01 211.67 0.118776
6 1039.13 381.66 1098.31 524.64 0.081338
3 1020.87 337.55 1034.95 364.03 0.129435
4 1283.50 552.78 1341.39 624.88 0.149264
4 1018.44 293.09 1071.66 364.62 0.131455
1 723.13 518.03 764.43 645.74 0.099774
3 345.79 347.09 365.37 368.24 0.126810
1 208.95 346.97 224.07 395.90 0.098523
3 56.95 711.51 110.82 746.63 0.095845
6 1013.04 271.90 1074.84 368.36 0.103582
2 748.14 176.35 768.85 209.05 0.118110
4 1099.19 557.92 1140.45 609.77 0.104447
4 670.12 0.17 696.64 6.96 0.156941
3 776.82 223.05 792.10 243.61 0.115411
3 744.09 238.28 761.07 262.37 0.121110
3 567.35 0.00 606.70 16.71 0.142786
2 801.21 324.63 831.42 352.55 0.123294
4 32.52 462.23 66.25 500.57 0.092369
3 215.15 573.01 234.17 596.25 0.082679
4 977.50 328.02 1013.33 386.79 0.156685
2 107.18 710.70 128.74 733.99 0.094450
3 231.13 303.92 246.25 330.24 0.119757
2 46.47 711.14 148.96 763.73 0.133095
3 998.53 337.68 1035.22 366.89 0.114347
2 923.38 700.32 943.97 737.97 0.089582
3 214.13 553.61 286.77 599.04 0.217772
4 518.63 156.75 546.42 187.74 0.230658
4 0.24 493.73 41.34 519.20 0.113010
3 249.83 270.97 264.42 297.30 0.091016
4 633.99 32.52 656.90 47.58 0.096570
2 103.21 735.60 148.18 763.96 0.155433
4 506.50 0.88 558.04 37.67 0.132791
4 529.11 0.28 554.58 17.25 0.106845
3 782.84 0.04 811.11 20.60 0.093909
4 378.69 129.02 392.70 149.89 0.088648
2 413.79 418.23 430.49 439.69 0.090322
4 824.00 85.92 853.56 126.81 0.115646
1 406.86 417.76 430.81 447.12 0.169683
7 287.12 177.58 308.45 217.04 0.087842
3 855.30 130.76 874.10 163.02 0.102683
1 731.06 598.14 748.51 630.11 0.113138
4 0.20 453.50 41.85 519.14 0.112513
3 922.29 740.37 950.78 764.38 0.113963
4 1014.40 271.50 1038.45 298.08 0.083153
3 276.04 195.28 304.34 234.44 0.114409
4 858.59 43.85 877.06 71.20 0.096053
2 406.16 402.69 437.03 447.69 0.163433
4 1008.18 708.52 1064.78 764.41 0.089810
3 744.61 222.71 789.55 261.44 0.120633
4 890.69 282.65 968.56 344.22 0.094967
4 751.05 0.16 778.73 38.20 0.083357
2 56.86 722.68 79.50 741.55 0.094610
5 741.22 264.90 792.38 340.82 0.147629
