4 275.50 483.27 357.81 528.50 0.547152
4 863.51 346.91 878.17 361.55 0.497168
4 882.59 285.25 893.60 296.61 0.369127
4 781.19 327.94 795.75 338.86 0.423311
4 652.64 310.74 663.00 320.71 0.323517
6 1422.33 226.95 1918.39 280.96 0.198223
1 496.69 245.76 982.27 1078.98 0.126555
6 1685.90 193.69 1919.04 276.46 0.088472
4 903.96 298.28 911.59 309.05 0.189624
9 1586.67 246.70 1916.60 280.70 0.160094
4 1785.85 886.74 1814.70 913.62 0.091482
1 807.94 270.65 818.86 292.05 0.104010
5 275.14 483.10 357.84 528.68 0.102380
4 1623.66 883.26 1645.39 904.49 0.088630
6 1422.76 227.02 1689.41 261.98 0.168716
4 762.30 306.70 778.22 321.01 0.090162
1 114.74 295.13 135.83 325.75 0.091939
4 610.22 405.78 628.49 415.81 0.087736
4 796.17 250.10 809.34 259.27 0.088505
4 647.24 390.93 661.58 399.41 0.084344
4 864.66 271.36 871.87 278.55 0.121632
4 696.57 391.66 708.15 399.53 0.088641
4 740.97 297.81 752.58 307.00 0.086561
4 691.82 306.00 701.50 313.32 0.095879
4 883.15 256.24 894.68 267.33 0.088093
9 665.44 268.39 724.87 285.99 0.085046
4 917.62 313.66 923.88 321.22 0.084262
