4 181.71 190.08 293.67 234.99 0.515407
4 619.80 179.53 719.11 227.53 0.528463
4 429.13 35.22 468.81 69.52 0.471743
4 1223.29 227.36 1342.31 276.86 0.576591
4 796.67 188.99 906.58 238.42 0.510254
4 1163.75 112.38 1229.21 151.02 0.558431
4 222.97 266.35 350.93 325.57 0.537889
4 485.57 219.58 595.78 274.02 0.491898
1 1232.29 503.88 1258.29 556.68 0.510479
4 969.61 272.18 1089.48 322.48 0.506002
4 1008.02 233.75 1121.48 279.88 0.491365
4 384.73 209.27 492.07 264.60 0.496070
4 1133.24 55.30 1171.49 90.21 0.439841
1 665.81 627.34 699.28 706.77 0.384311
4 1303.96 103.34 1359.72 145.60 0.497873
4 512.10 678.38 604.41 764.48 0.463578
3 367.76 177.61 405.28 200.44 0.356643
1 1044.81 610.47 1078.84 668.04 0.482368
3 72.81 72.19 103.99 90.11 0.420368
1 56.50 568.26 92.06 617.27 0.402663
1 451.50 537.91 483.84 582.83 0.407865
1 1239.22 81.11 1253.83 111.60 0.375934
4 1006.80 74.79 1046.99 101.22 0.289830
4 576.39 55.78 613.82 92.23 0.461290
3 1034.03 192.59 1072.25 216.23 0.288342
1 432.60 549.03 457.87 589.04 0.396512
1 42.65 103.19 59.64 136.31 0.360938
1 1036.71 126.61 1049.14 154.25 0.362406
1 470.21 52.62 480.60 80.62 0.351776
1 253.65 85.20 272.62 117.16 0.345664
1 377.24 167.46 394.11 196.40 0.357824
4 408.04 1.55 436.99 27.68 0.334484
1 61.77 610.63 96.46 658.80 0.364674
2 1052.72 40.33 1086.06 58.88 0.332658
2 50.64 611.20 114.22 666.22 0.139050
4 886.27 34.11 919.48 59.92 0.398365
4 873.74 13.27 906.22 40.45 0.332567
3 1047.88 629.85 1078.35 668.80 0.302608
4 642.03 0.00 665.53 8.64 0.383062
3 959.83 42.31 984.25 61.47 0.290335
1 1027.24 125.32 1038.80 151.88 0.295198
4 857.08 0.00 881.68 9.52 0.279247
1 568.04 92.16 582.64 119.91 0.328482
3 451.79 547.01 503.10 586.68 0.394237
2 221.70 53.36 245.98 73.25 0.234144
1 1308.87 260.49 1328.66 289.10 0.319754
3 256.48 99.76 274.61 118.02 0.286263
1 999.93 81.81 1013.23 111.73 0.208336
3 115.20 75.96 143.43 93.54 0.263025
1 1052.93 184.28 1067.35 210.63 0.286413
4 1249.96 28.56 1272.46 56.08 0.223353
2 394.83 28.00 416.01 56.96 0.221367
1 265.65 43.79 276.67 63.70 0.213324
1 919.78 34.80 928.54 58.85 0.245056
3 46.50 585.00 117.02 624.61 0.321586
3 265.64 52.16 285.30 65.83 0.222367
3 566.55 102.81 583.79 122.86 0.294456
4 836.57 188.81 896.76 206.43 0.209577
4 1278.99 0.26 1300.67 19.36 0.242088
3 1000.66 93.73 1026.49 114.06 0.224812
2 1027.65 124.71 1049.36 154.68 0.157699
2 1035.89 184.32 1072.65 214.41 0.146510
1 139.50 64.00 150.30 85.08 0.216571
3 293.97 17.69 316.10 36.87 0.171200
3 662.37 658.85 698.44 700.16 0.200661
4 643.68 179.47 710.90 198.55 0.158769
3 3.36 57.01 26.41 78.96 0.235213
3 1043.42 2.18 1068.30 32.99 0.162283
2 148.71 63.56 162.85 83.69 0.153371
2 1000.00 80.99 1030.62 113.31 0.134132
1 1012.35 84.62 1030.26 112.43 0.180208
1 330.66 26.07 340.02 43.31 0.221910
3 1192.42 14.70 1220.46 36.38 0.185208
3 1249.97 37.59 1270.69 59.49 0.127374
3 661.69 679.80 683.68 703.85 0.124861
2 393.04 15.48 400.48 32.29 0.121167
3 1199.77 39.52 1221.61 53.55 0.168657
4 1289.03 41.03 1322.96 65.01 0.184906
2 46.59 570.14 117.32 625.20 0.108759
4 225.92 190.09 292.69 214.70 0.125079
2 253.94 85.43 267.06 105.90 0.081428
4 666.24 259.93 715.34 294.58 0.127188
2 265.34 43.60 284.81 65.50 0.148830
7 388.20 27.41 416.51 61.80 0.142365
4 126.93 46.17 161.61 64.83 0.119459
3 388.61 45.15 406.84 68.38 0.169944
3 396.56 43.15 407.86 58.97 0.089753
2 1053.46 40.51 1066.93 58.50 0.137834
6 191.30 22.00 215.81 51.63 0.091610
2 1213.66 14.80 1224.78 38.08 0.138562
4 48.38 36.63 114.76 65.89 0.169506
3 84.16 595.35 117.51 624.32 0.087270
2 304.46 20.45 315.57 36.57 0.114082
4 1069.71 92.87 1134.34 119.07 0.090590
4 0.03 231.98 14.73 273.13 0.431431
2 466.50 546.94 486.38 584.19 0.111017
2 368.23 167.71 404.13 199.21 0.125547
3 49.89 626.00 114.43 666.62 0.240475
2 1018.74 85.47 1031.63 111.56 0.081524
4 493.60 219.56 562.46 239.92 0.129619
2 1064.24 185.94 1073.85 202.84 0.089045
2 1059.02 186.42 1073.54 213.39 0.093584
2 1041.13 193.94 1055.62 214.20 0.125613
2 1199.69 15.63 1224.50 52.98 0.082941
3 144.51 71.44 163.56 84.41 0.112857
2 1055.18 184.12 1066.18 201.54 0.129961
2 1308.67 261.96 1321.43 288.32 0.091458
4 89.15 36.57 114.12 60.15 0.088911
2 432.89 537.78 482.96 589.22 0.163106
2 1232.31 504.34 1258.18 556.55 0.087579
9 48.74 36.44 114.58 58.58 0.125945
4 1199.61 23.85 1271.43 57.22 0.103303
4 949.71 37.39 974.39 50.41 0.092217
2 294.06 19.99 302.82 35.63 0.094736
2 222.24 55.43 233.39 72.34 0.090013
3 1238.71 96.30 1251.85 111.98 0.096962
4 1240.99 17.30 1265.33 36.36 0.086492
7 1307.51 216.57 1341.48 289.01 0.084996
3 1034.21 195.31 1051.97 215.55 0.080369
3 1307.79 273.28 1330.68 289.07 0.093369
4 396.00 27.51 413.64 38.03 0.108552
3 1050.66 15.80 1068.14 33.14 0.140707
4 1134.88 5.75 1167.70 35.43 0.088521
4 1346.96 97.50 1359.83 108.63 0.146919
3 304.72 26.02 315.48 36.89 0.084210
