1 1008.22 712.85 1023.88 747.95 0.448996
1 676.60 508.96 688.20 536.74 0.435217
4 476.12 546.53 509.87 588.40 0.398162
4 851.38 650.92 896.75 709.25 0.348871
4 690.46 459.50 711.01 483.21 0.344219
4 458.70 576.03 480.17 604.99 0.339931
4 975.38 634.88 1024.25 671.09 0.324314
4 451.07 437.45 471.06 455.64 0.336699
4 878.49 713.28 933.74 763.29 0.358532
4 654.83 406.94 670.28 425.31 0.331085
4 615.34 391.00 631.36 411.31 0.298248
4 0.24 584.11 62.15 614.21 0.313624
4 818.14 588.24 853.35 620.76 0.264137
4 601.65 292.40 625.71 308.65 0.255724
4 6.08 541.92 67.16 568.54 0.396466
4 16.76 560.71 113.02 594.45 0.298511
4 532.05 448.91 552.99 468.03 0.286809
4 543.21 348.26 576.49 373.82 0.197683
4 633.01 359.55 646.31 372.03 0.266043
4 129.99 727.10 218.65 764.43 0.400519
4 265.12 486.67 325.46 510.01 0.320693
4 950.83 593.68 980.45 621.20 0.269633
4 1021.47 688.00 1081.94 734.90 0.387348
4 920.15 562.16 957.11 595.03 0.260713
4 654.38 358.55 666.71 371.33 0.230245
4 853.17 485.62 874.97 505.33 0.259272
4 544.52 424.49 561.72 445.98 0.254379
4 781.85 506.30 810.58 536.30 0.191679
4 494.72 537.35 523.90 563.01 0.282520
4 670.63 320.03 679.93 329.97 0.260749
4 565.15 397.42 583.42 411.24 0.224509
4 656.37 376.55 668.34 392.03 0.289865
4 732.18 409.56 745.01 421.11 0.255447
4 642.41 300.96 649.90 309.01 0.224762
4 404.35 729.81 447.39 758.47 0.234618
6 719.40 347.23 747.98 368.52 0.185487
4 514.78 486.34 534.45 509.07 0.228194
4 274.17 504.27 340.65 528.76 0.250069
4 393.37 508.72 416.03 523.62 0.209235
4 857.11 464.86 875.42 483.43 0.220923
4 511.36 471.85 533.71 491.11 0.198901
4 810.53 331.12 841.13 357.18 0.135462
4 769.22 478.53 788.04 498.43 0.196664
3 403.76 653.51 469.78 758.77 0.204727
1 989.73 689.05 1002.66 717.68 0.253250
4 751.08 351.36 766.79 363.10 0.193938
4 574.51 378.98 588.56 391.78 0.237135
4 645.64 349.38 655.66 359.35 0.224716
4 742.77 422.21 761.24 442.72 0.196291
4 354.48 450.11 375.64 466.03 0.195336
1 399.28 464.97 411.72 493.55 0.138896
4 790.72 531.93 821.56 563.19 0.196591
3 1101.68 697.64 1144.64 729.67 0.217643
4 800.71 554.39 827.37 586.29 0.195610
4 672.55 298.07 681.71 307.13 0.166868
6 722.07 362.17 754.77 381.44 0.144570
1 633.00 428.75 647.44 445.24 0.182075
4 820.65 442.97 844.73 460.84 0.173678
6 796.22 237.90 909.29 335.92 0.129182
4 763.72 330.36 784.30 342.74 0.122468
3 441.73 655.24 469.48 727.28 0.201692
1 617.88 462.42 625.01 480.10 0.172661
4 834.27 615.96 870.91 653.76 0.201837
6 60.45 305.03 93.11 317.78 0.139520
4 889.47 527.43 922.10 553.07 0.194012
4 549.54 412.39 562.97 424.71 0.185953
4 647.37 317.29 656.90 326.45 0.165821
9 797.23 308.26 838.06 334.97 0.099141
3 675.84 520.29 687.65 538.48 0.098540
4 550.03 363.17 577.14 378.96 0.130865
4 635.74 327.20 644.94 336.06 0.185326
2 901.13 333.18 931.67 364.40 0.108430
4 705.96 311.05 723.62 320.88 0.114189
1 612.75 462.69 624.94 497.66 0.156487
4 749.15 440.26 766.59 455.29 0.153313
3 442.10 695.84 458.03 727.75 0.161491
1 680.94 345.85 687.74 359.47 0.200738
4 152.23 542.79 212.05 569.64 0.186109
4 672.05 270.10 681.77 284.48 0.097128
4 231.80 432.43 248.69 442.03 0.157747
2 901.75 333.41 911.25 355.05 0.108884
4 755.07 454.98 774.10 470.04 0.142109
4 646.48 259.43 664.68 266.93 0.112147
4 794.08 341.19 813.56 353.53 0.109345
4 794.90 400.59 811.48 416.14 0.159678
4 683.96 289.27 696.48 296.93 0.117719
4 834.28 488.12 847.13 501.23 0.132677
4 980.97 666.41 1009.75 695.95 0.182106
4 799.73 547.94 823.07 566.52 0.101146
4 961.27 446.54 978.93 465.94 0.101897
6 837.86 292.38 982.53 453.98 0.084082
9 926.27 431.02 945.59 454.40 0.101591
4 760.57 464.24 780.13 481.43 0.135248
2 1063.48 534.00 1105.54 570.91 0.091157
2 412.44 453.15 423.24 481.20 0.100584
4 373.42 434.09 397.76 458.06 0.100411
4 363.35 506.82 391.54 527.03 0.143730
4 623.70 273.24 635.94 285.23 0.099384
6 721.94 252.35 798.97 330.59 0.086483
4 126.02 283.33 152.75 296.56 0.087188
6 183.82 235.89 243.50 258.94 0.105580
4 348.55 462.56 373.63 487.96 0.133526
4 147.75 270.38 167.40 281.01 0.100104
4 950.88 629.41 966.49 651.07 0.081124
4 719.62 405.24 729.63 416.67 0.104617
4 875.73 461.14 897.54 481.80 0.133784
1 554.67 665.46 568.55 707.84 0.118197
4 722.03 279.39 731.13 287.82 0.119337
4 683.58 309.75 693.63 317.89 0.114616
4 387.31 413.62 412.29 436.02 0.138202
4 505.66 393.29 526.58 407.88 0.106436
1 389.29 476.10 400.83 508.83 0.102125
1 647.84 270.11 655.10 283.68 0.107088
1 613.03 478.04 620.26 498.29 0.105146
4 554.29 399.82 566.85 412.46 0.119657
4 790.05 481.60 808.05 494.77 0.127462
2 1086.23 552.00 1098.44 570.22 0.092347
3 879.63 500.76 921.56 629.22 0.080546
4 899.20 500.14 919.32 515.01 0.124270
4 543.82 348.38 565.19 361.05 0.154404
4 695.04 300.97 706.36 310.36 0.095731
4 672.97 269.40 679.95 277.12 0.085193
4 861.16 448.93 877.42 462.35 0.106059
4 692.27 307.25 706.46 317.37 0.092241
2 537.54 664.99 567.93 688.25 0.082625
4 618.75 335.93 635.28 345.36 0.100054
4 559.68 459.78 583.46 487.00 0.088779
4 561.70 562.09 587.22 579.73 0.083911
4 577.25 500.33 592.14 510.88 0.090894
2 919.06 339.47 931.60 364.25 0.091180
4 534.99 318.59 558.03 338.69 0.090420
4 230.45 504.06 278.29 529.89 0.095696
4 852.38 372.90 872.97 386.16 0.086384
4 696.01 294.93 704.27 302.47 0.110009
6 246.45 409.14 342.03 464.05 0.139414
2 376.46 453.54 422.63 510.75 0.108122
4 355.45 496.37 371.65 519.40 0.088902
4 504.91 378.55 513.54 392.94 0.088135
4 220.33 452.26 251.09 475.12 0.091960
4 900.66 537.54 922.81 555.86 0.107055
4 553.94 408.65 565.36 419.70 0.081477
4 543.30 389.83 556.40 403.67 0.092583
4 0.18 382.38 14.54 408.15 0.118962
4 611.68 302.44 622.61 311.21 0.152649
4 1221.83 260.96 1240.76 270.70 0.095056
4 776.78 380.86 791.70 392.56 0.118549
4 693.64 459.34 706.63 470.97 0.101639
2 454.03 653.59 469.71 689.25 0.081373
