1 406.29 485.40 423.86 538.99 0.411838
4 759.39 210.94 788.12 227.95 0.398964
5 430.18 103.34 470.32 125.19 0.314849
1 346.62 446.80 378.49 499.34 0.295733
4 635.75 263.79 674.28 289.89 0.336923
6 821.86 153.45 877.62 191.81 0.286571
2 85.51 352.99 117.35 388.93 0.228974
4 439.21 116.72 471.98 133.79 0.290972
1 206.39 263.84 217.44 288.66 0.283746
4 348.21 173.49 368.35 185.48 0.262261
1 86.76 353.13 102.21 387.09 0.297778
1 437.72 318.72 449.23 351.93 0.273299
1 426.06 325.20 436.91 352.58 0.287046
6 875.07 147.80 904.21 185.68 0.236475
4 329.03 157.94 344.09 168.42 0.265243
1 483.95 259.28 493.80 286.07 0.207484
1 474.10 259.66 484.31 285.99 0.213533
1 42.06 212.86 53.07 232.53 0.192581
4 176.90 170.99 222.94 191.00 0.225108
4 0.33 171.72 43.24 192.56 0.267336
1 409.44 284.89 419.89 313.21 0.217463
2 354.80 457.70 378.32 500.75 0.351132
1 445.68 291.15 455.95 320.58 0.228070
1 180.40 220.68 192.19 246.24 0.209594
4 178.50 169.28 206.95 183.59 0.220905
1 411.57 239.69 419.26 261.78 0.193428
1 143.34 227.59 153.52 247.72 0.240612
1 424.89 298.05 438.38 326.86 0.227970
1 271.62 220.19 279.39 240.59 0.180231
4 732.78 203.82 788.44 228.22 0.233113
4 51.95 175.78 69.12 185.34 0.196300
1 76.03 237.25 86.52 257.96 0.210837
1 160.98 271.62 172.58 297.18 0.278707
2 151.41 205.88 160.91 221.59 0.116306
1 156.40 332.26 165.51 344.48 0.234421
4 263.98 172.09 300.40 186.03 0.200272
1 504.76 285.36 514.01 310.31 0.242959
4 434.95 173.81 458.45 188.28 0.193272
1 445.38 271.41 454.44 291.05 0.171853
1 437.53 239.44 445.45 260.32 0.155649
1 309.85 207.52 317.42 224.31 0.154437
1 100.94 359.73 117.23 386.77 0.231406
6 914.97 168.33 940.88 187.11 0.116215
4 11.03 172.58 28.53 181.73 0.191029
9 689.15 278.12 778.93 291.24 0.160937
3 161.62 279.98 172.59 297.56 0.168700
1 400.21 280.29 410.49 300.65 0.172677
4 323.09 166.33 347.00 178.65 0.160915
2 7.53 190.09 577.72 538.22 0.115172
4 231.40 174.15 262.35 188.02 0.107252
1 255.66 209.76 264.31 228.88 0.151090
1 54.56 202.41 62.16 219.31 0.147150
1 306.18 196.40 313.18 212.28 0.138186
1 71.23 229.22 82.06 252.20 0.164808
4 153.50 135.88 168.82 149.25 0.150671
1 413.14 217.26 421.27 236.68 0.135684
2 225.96 212.93 234.26 226.14 0.113290
6 766.60 145.01 806.12 174.50 0.133666
3 359.58 216.50 378.89 232.24 0.132150
1 447.64 238.59 455.75 259.99 0.136761
3 85.24 364.54 118.09 389.93 0.316696
2 462.12 228.75 470.17 251.73 0.113241
2 216.05 210.29 227.66 232.35 0.125274
9 382.32 176.95 421.53 190.18 0.096062
4 385.54 149.69 395.27 157.92 0.186787
1 285.05 190.47 291.83 207.08 0.125991
3 85.31 367.50 102.01 387.21 0.097838
2 37.48 193.29 495.16 354.09 0.220966
4 776.13 201.39 791.46 216.22 0.173433
4 0.00 181.75 16.25 199.56 0.265353
2 474.11 258.58 493.69 287.02 0.082737
2 71.35 229.33 86.50 257.81 0.126119
6 874.89 147.55 941.09 189.76 0.101613
1 436.76 219.13 443.54 235.35 0.112259
4 646.19 282.44 657.35 291.73 0.089521
4 311.97 172.22 324.82 181.93 0.118047
1 278.96 204.86 285.30 220.65 0.114094
9 687.37 277.26 783.54 325.13 0.084753
4 373.14 170.08 423.41 190.53 0.091495
3 504.77 292.99 514.10 311.43 0.107670
4 347.16 158.86 357.61 170.23 0.155441
6 91.90 176.38 152.64 191.70 0.124633
2 453.10 231.55 461.68 250.17 0.102713
3 180.93 228.18 190.32 246.22 0.089487
4 331.82 196.43 357.58 213.34 0.108303
4 9.32 141.52 32.41 152.47 0.129327
2 80.82 199.77 88.10 210.11 0.116602
3 347.72 458.12 377.98 500.50 0.258736
2 41.24 200.37 90.31 258.42 0.093516
4 283.59 175.69 301.19 185.49 0.142477
6 0.05 172.93 14.66 200.05 0.088769
6 689.07 264.61 779.63 291.56 0.103093
4 64.56 181.27 92.19 193.28 0.108625
2 187.14 201.30 195.92 216.28 0.112333
4 79.18 183.11 91.47 192.69 0.083177
1 342.49 210.94 349.62 227.32 0.124758
1 282.66 214.11 291.20 231.94 0.114919
2 173.85 200.22 183.82 217.85 0.127976
1 3.48 190.76 12.00 205.99 0.176239
3 172.56 206.67 185.77 218.46 0.093364
4 311.75 158.13 356.96 181.95 0.110417
3 66.16 214.31 89.20 228.20 0.117046
9 875.67 156.53 902.95 184.46 0.155719
4 903.65 166.83 941.13 187.80 0.145573
2 66.18 214.59 74.05 227.44 0.102097
2 395.25 209.36 494.47 354.01 0.124092
4 92.37 176.40 115.75 189.98 0.091342
6 0.21 171.44 28.62 182.71 0.091081
2 73.46 213.55 81.63 226.61 0.086538
9 285.06 161.85 322.90 179.28 0.088493
2 78.86 213.70 88.48 227.13 0.097967
4 441.15 207.10 464.75 217.86 0.083448
3 261.82 196.38 274.98 212.49 0.099691
2 399.90 212.80 407.85 228.86 0.086997
4 660.92 272.78 674.58 287.56 0.081078
1 630.99 288.96 637.89 311.89 0.092231
2 360.53 447.24 377.95 473.76 0.090323
2 410.95 200.21 417.46 217.64 0.084981
4 731.99 206.68 762.84 224.03 0.095791
2 630.73 279.98 639.24 306.49 0.084770
10 443.21 388.68 503.31 415.99 0.103306
4 729.71 204.02 753.28 214.56 0.101696
2 334.13 196.07 341.59 213.54 0.081757
3 410.72 295.19 419.67 313.47 0.106539
2 71.36 228.95 80.80 243.70 0.120863
4 309.40 161.49 324.11 173.59 0.109343
2 172.58 199.49 196.82 218.05 0.087897
2 248.78 255.81 261.54 281.04 0.122634
9 767.26 145.36 907.37 195.78 0.122922
4 320.52 153.02 331.34 162.10 0.089319
3 400.19 288.04 419.29 302.00 0.108822
2 437.11 225.93 469.71 261.51 0.085678
9 0.11 151.66 16.43 177.28 0.091716
9 813.66 160.32 854.29 191.23 0.087817
