4 979.03 550.22 1090.39 650.15 0.526651
4 666.17 435.90 725.93 523.68 0.518246
4 686.50 599.08 760.32 726.49 0.500796
4 747.54 63.49 816.17 92.55 0.453847
4 458.54 513.98 528.10 618.64 0.499814
4 464.12 372.43 522.63 460.66 0.494234
4 667.86 270.25 713.24 323.99 0.456537
4 1023.72 661.97 1192.23 755.44 0.513043
4 664.42 339.90 713.41 409.08 0.464841
4 778.42 341.03 831.73 405.34 0.397582
4 834.93 536.67 911.92 635.65 0.527745
4 778.20 92.59 830.58 126.89 0.363435
1 521.99 404.06 542.86 448.39 0.399636
1 951.05 640.24 972.67 693.99 0.437939
4 673.02 93.48 692.48 124.25 0.349625
4 398.27 170.44 455.13 210.57 0.380153
1 508.69 187.32 520.61 220.10 0.350652
4 844.34 56.67 899.78 90.24 0.367522
4 374.36 625.76 474.92 764.17 0.410353
1 584.82 65.45 596.16 91.22 0.367165
4 654.76 174.83 694.38 222.93 0.353288
4 1204.67 737.12 1290.16 764.49 0.416158
4 390.10 75.93 429.27 103.37 0.391434
1 744.91 200.17 760.04 233.36 0.365308
4 395.61 154.44 433.69 189.41 0.342997
3 1110.57 573.50 1163.67 612.93 0.280063
1 712.43 101.00 724.81 128.79 0.344435
1 695.77 43.43 706.78 66.63 0.315022
1 713.10 149.92 726.70 178.36 0.340285
1 625.21 166.61 638.27 194.58 0.320792
4 534.93 100.96 553.59 115.94 0.334654
3 745.34 212.02 759.22 234.14 0.327377
1 689.74 134.33 704.16 161.91 0.327138
3 578.80 140.39 589.64 157.60 0.288247
3 343.54 512.70 393.18 543.33 0.273854
3 690.40 145.36 703.25 162.97 0.307592
3 297.49 661.33 329.82 695.28 0.213281
1 671.23 0.00 680.21 16.59 0.261308
1 578.13 129.00 591.21 155.15 0.312498
4 218.76 95.95 252.14 129.53 0.257735
1 627.68 32.99 641.49 55.68 0.245481
3 613.91 179.46 640.51 208.48 0.187950
3 327.94 538.76 352.73 569.86 0.145635
1 414.44 104.91 428.94 131.86 0.269599
3 627.25 40.86 641.72 57.32 0.202603
3 528.83 413.80 546.95 453.46 0.211070
3 713.01 113.66 723.78 130.72 0.257419
1 469.83 104.20 479.99 127.28 0.262169
1 790.09 35.86 802.03 61.73 0.177679
3 414.43 117.12 430.90 133.88 0.198057
3 530.61 434.42 544.73 454.13 0.095996
3 294.96 695.61 320.97 730.85 0.117693
1 617.00 173.95 630.67 197.61 0.160824
3 327.27 677.06 362.71 702.48 0.113439
9 859.55 0.33 948.69 52.61 0.193922
2 469.94 104.35 479.76 126.81 0.085405
3 713.60 161.23 726.75 179.29 0.179591
1 902.65 52.49 913.62 74.08 0.163963
3 293.62 661.10 361.95 737.13 0.159327
2 720.49 32.56 740.25 57.47 0.145744
1 782.20 32.02 793.18 58.08 0.142561
4 905.84 452.63 939.68 486.18 0.115330
6 0.45 346.94 261.76 764.28 0.112643
3 369.71 512.21 394.13 538.13 0.132339
6 0.62 0.83 400.91 763.31 0.191366
3 808.74 25.17 829.36 45.69 0.115668
9 0.28 667.25 72.00 764.55 0.117971
4 933.81 91.75 957.31 115.38 0.237940
4 331.19 38.66 361.04 69.37 0.107162
2 849.87 6.92 860.08 39.20 0.101077
3 492.88 196.57 504.22 233.88 0.150194
2 948.80 557.63 965.40 598.62 0.110431
2 445.85 300.44 458.09 318.78 0.112232
4 358.27 707.73 387.21 763.75 0.110260
6 1205.03 598.14 1359.06 764.28 0.111669
4 865.46 54.81 900.27 71.24 0.206332
4 787.85 18.70 831.47 43.49 0.112001
2 578.17 129.02 591.55 156.08 0.091269
2 493.70 196.37 503.43 224.55 0.157099
6 216.09 4.33 400.72 391.90 0.121014
4 30.79 149.31 51.33 167.69 0.085765
2 617.55 166.42 639.72 198.32 0.137664
6 216.28 3.04 336.28 163.37 0.083344
2 775.78 31.89 786.56 56.57 0.126866
3 946.39 679.87 968.88 694.13 0.088501
2 1062.80 458.20 1092.23 498.18 0.112619
4 372.28 36.42 392.07 73.55 0.113204
3 1057.98 457.95 1098.32 512.35 0.145825
3 405.62 325.76 449.39 356.81 0.113364
4 750.72 0.14 781.77 18.06 0.107955
4 555.78 103.16 569.23 112.97 0.130690
3 630.69 184.31 641.30 198.19 0.147670
3 296.46 692.70 352.31 724.05 0.085060
4 474.58 154.45 484.92 164.33 0.121251
3 790.84 41.26 802.10 61.98 0.122161
4 455.98 130.23 477.57 146.14 0.134146
2 966.38 34.90 982.04 74.95 0.085870
3 720.25 35.26 753.50 73.63 0.116593
3 521.83 434.43 544.79 471.82 0.229848
4 333.54 35.59 391.65 74.57 0.083783
4 606.81 0.00 625.31 8.11 0.160586
1 877.32 500.92 892.39 540.11 0.082684
1 746.88 54.04 755.30 72.95 0.135176
4 439.42 33.57 479.50 59.98 0.121668
3 440.95 300.96 464.14 323.26 0.081004
4 100.93 102.01 120.99 118.65 0.106340
3 942.52 46.03 953.00 61.99 0.083875
4 534.38 0.28 553.49 19.82 0.102446
9 902.23 0.83 946.98 30.88 0.127137
9 956.63 1.21 972.25 27.24 0.084439
4 114.72 44.43 140.75 59.06 0.113303
4 44.47 71.96 94.84 85.94 0.090811
4 903.98 75.57 957.82 114.65 0.098852
2 760.40 12.81 771.28 41.35 0.105070
2 952.32 104.86 971.00 149.47 0.081683
4 798.55 0.00 807.15 10.38 0.092349
6 503.18 93.97 515.46 120.33 0.106029
3 343.53 514.72 361.54 543.38 0.106055
3 346.11 637.34 387.44 674.64 0.080156
1 720.75 31.58 729.54 51.20 0.136110
3 435.08 312.00 456.61 335.34 0.081369
9 218.70 28.93 336.02 138.85 0.080075
3 309.78 514.93 393.23 608.57 0.112755
3 103.64 84.57 148.51 101.62 0.082686
3 347.22 488.86 363.62 511.68 0.106527
2 832.98 18.44 846.20 56.46 0.089888
2 135.33 84.84 148.91 99.26 0.083242
3 268.80 126.52 289.21 154.04 0.094998
3 618.08 40.71 642.30 69.63 0.115015
4 720.74 5.25 731.34 15.25 0.094650
2 730.02 33.33 739.78 51.52 0.110015
2 813.62 0.00 823.08 18.68 0.114206
3 902.26 50.38 941.66 79.90 0.098949
4 14.56 97.41 35.45 114.90 0.088044
2 746.93 52.48 755.90 72.57 0.104048
3 585.77 78.54 594.91 93.05 0.166403
3 801.12 74.04 816.00 90.06 0.082579
9 327.74 4.76 400.98 151.77 0.085123
3 310.06 539.05 353.21 609.50 0.080632
3 325.29 693.11 353.98 735.72 0.085675
2 414.68 105.08 429.01 132.32 0.081981
2 775.50 30.82 803.00 61.92 0.127749
3 696.00 53.43 704.45 68.26 0.127816
4 866.51 39.86 903.20 64.69 0.092653
3 327.86 489.89 393.65 569.97 0.183068
4 1332.60 708.10 1359.86 764.43 0.148390
9 379.09 71.76 398.55 146.08 0.086324
2 739.03 10.37 747.21 22.83 0.088428
