3 676.49 630.55 690.39 662.67 0.636461
5 377.11 484.18 503.94 549.63 0.506433
4 461.74 400.66 546.90 435.50 0.540406
1 617.84 624.17 636.55 661.43 0.451339
1 436.50 358.85 447.74 385.15 0.378331
4 446.96 228.51 496.65 248.06 0.416564
4 754.61 384.41 796.28 423.06 0.465959
4 602.94 258.50 626.85 286.46 0.377199
4 807.63 410.46 848.59 442.62 0.420130
1 497.15 231.69 507.49 253.81 0.327575
4 591.55 226.66 614.21 253.11 0.329743
4 711.25 316.95 745.11 347.66 0.383532
1 943.20 343.52 957.72 377.13 0.348113
4 730.54 344.79 764.16 374.92 0.375599
4 548.67 154.63 570.47 171.60 0.256941
4 532.43 179.03 552.09 198.14 0.271176
4 580.73 138.52 594.99 152.75 0.262675
4 698.39 258.36 721.80 291.66 0.311346
3 958.23 392.36 977.54 412.38 0.286867
4 590.20 101.48 603.57 114.13 0.223203
4 489.93 192.72 532.68 211.62 0.284865
4 646.81 181.19 664.81 199.70 0.246573
4 538.81 223.70 568.14 246.66 0.280848
4 512.58 201.54 554.04 223.61 0.276548
4 658.46 210.25 680.33 229.76 0.267311
4 923.03 589.69 960.95 634.37 0.305948
4 547.40 365.40 576.94 388.17 0.266861
4 217.94 543.15 257.45 572.73 0.293575
4 553.38 99.27 568.03 115.84 0.221179
4 559.16 461.90 600.07 522.50 0.504053
4 545.15 331.67 577.77 388.17 0.302085
4 674.74 222.19 698.41 241.07 0.275673
4 703.83 107.39 719.01 120.39 0.249571
4 770.28 344.43 789.84 362.30 0.283572
4 454.64 105.34 479.10 123.34 0.259613
4 483.94 98.98 519.16 119.35 0.271649
1 669.08 255.46 677.68 275.89 0.297681
4 899.90 535.04 937.81 570.38 0.258055
4 551.19 43.61 564.84 54.86 0.210777
4 514.81 163.43 545.11 179.33 0.248619
6 274.14 521.21 361.74 615.00 0.273645
1 620.14 195.90 628.55 212.29 0.200393
4 601.62 144.43 613.40 159.79 0.234706
4 459.66 94.61 474.56 105.57 0.223154
4 545.63 236.13 579.50 258.30 0.259844
4 543.25 284.83 565.98 310.33 0.274929
4 536.23 94.94 548.70 107.53 0.204824
4 531.36 145.04 546.97 160.23 0.219115
1 575.29 166.39 582.82 182.03 0.268841
4 472.58 79.54 492.27 91.71 0.172272
4 473.68 123.88 505.61 144.20 0.139947
1 961.66 380.96 977.47 408.22 0.258996
6 7.13 527.79 100.82 612.23 0.209656
1 676.24 614.11 690.73 649.64 0.438122
1 1279.67 672.28 1296.30 692.50 0.189243
4 536.45 116.73 549.73 130.97 0.196961
4 478.38 141.66 515.95 159.99 0.169729
4 466.06 168.22 506.64 187.83 0.219561
4 511.33 82.82 534.73 97.68 0.127740
4 560.95 302.59 584.80 342.95 0.240976
4 540.36 256.77 572.06 282.76 0.249032
6 376.98 484.06 503.78 549.53 0.105729
4 701.32 85.51 718.90 101.58 0.185612
3 1041.72 411.75 1061.74 441.70 0.182858
4 664.69 176.93 681.00 196.49 0.176355
1 838.84 230.82 849.54 253.52 0.177064
4 454.88 151.82 490.78 169.87 0.167543
4 627.15 41.08 643.25 52.13 0.151497
2 616.63 613.13 691.59 664.09 0.107744
1 555.40 126.71 563.29 139.88 0.217447
4 566.19 71.54 575.11 80.94 0.183243
3 961.47 367.64 977.18 381.17 0.089866
6 521.73 50.36 537.76 71.03 0.095563
4 819.73 385.31 845.26 412.03 0.200869
4 569.67 43.31 580.21 54.87 0.112763
4 622.71 149.11 643.55 163.36 0.135318
4 609.72 39.88 626.28 51.07 0.127592
4 520.75 97.64 539.02 108.59 0.140434
4 518.75 112.19 536.59 124.51 0.141175
4 527.48 29.52 540.66 38.02 0.161013
4 577.01 56.76 591.38 68.96 0.133792
4 519.70 44.30 533.97 54.16 0.145542
1 631.25 184.76 638.80 200.38 0.222470
4 571.21 95.22 584.28 106.72 0.156798
4 494.83 133.19 515.93 146.08 0.156350
4 439.92 165.59 469.24 182.05 0.179312
9 465.86 36.94 499.19 57.36 0.128450
4 144.16 484.02 173.30 504.41 0.164760
9 600.05 16.50 625.53 26.29 0.104947
4 472.61 158.12 509.47 175.83 0.130167
3 1123.28 499.32 1147.68 550.08 0.108902
4 633.37 156.30 659.79 175.37 0.131145
4 680.86 83.84 692.75 94.20 0.127711
4 542.56 34.59 553.24 44.34 0.117462
4 604.20 110.67 615.96 122.98 0.120907
6 625.39 33.14 643.37 51.18 0.123548
9 502.33 16.08 529.09 32.11 0.128376
9 519.00 44.47 535.26 59.76 0.086168
4 956.88 350.06 976.54 366.64 0.100609
4 692.07 104.08 704.29 114.53 0.097800
2 942.23 343.00 979.01 410.19 0.114288
4 550.70 89.70 565.81 101.14 0.107844
4 377.25 493.94 411.36 548.58 0.230380
2 1279.35 666.23 1314.94 708.90 0.121585
4 538.53 42.39 549.17 52.03 0.123310
2 872.17 298.37 882.75 317.38 0.159824
4 445.94 101.30 459.10 111.95 0.127269
7 141.59 526.69 231.79 615.37 0.149045
4 606.17 88.08 620.78 100.09 0.109683
1 1298.19 668.75 1315.50 708.52 0.110161
4 568.75 86.66 580.55 97.05 0.094948
4 482.99 100.72 494.46 116.30 0.094825
4 511.17 66.99 524.65 78.15 0.119902
4 506.87 34.66 517.98 45.85 0.108278
4 689.29 248.69 702.76 265.93 0.096747
4 591.42 80.90 607.33 93.76 0.085675
1 612.31 163.55 619.54 177.46 0.179988
4 602.64 31.33 612.18 41.01 0.094977
3 116.38 553.30 140.34 579.81 0.089729
7 957.45 366.26 979.40 411.69 0.083068
4 450.10 32.81 468.81 44.75 0.112985
3 32.80 578.97 69.89 610.83 0.098670
7 66.40 492.85 167.13 578.80 0.106134
2 960.41 367.97 978.57 405.15 0.089345
7 956.14 350.05 978.28 380.46 0.097314
4 610.06 124.18 624.57 136.74 0.089636
4 144.89 470.25 224.34 505.01 0.170579
4 619.34 112.78 634.31 125.63 0.129040
3 1001.61 394.90 1016.63 410.44 0.122406
4 522.44 128.42 544.81 143.93 0.082392
1 495.00 232.97 502.53 252.86 0.159437
4 510.77 120.83 528.95 135.83 0.098504
3 1183.88 571.93 1221.06 615.40 0.094297
4 518.27 73.14 535.27 86.44 0.087588
4 523.29 137.40 537.77 151.53 0.123628
4 618.71 137.31 641.70 153.35 0.090797
4 477.60 143.43 494.95 156.52 0.080098
4 678.00 95.28 690.88 107.91 0.080465
5 378.27 508.77 409.40 548.47 0.098277
5 274.82 521.60 360.53 592.03 0.174187
4 745.26 97.46 753.76 110.38 0.094896
9 449.82 32.76 500.52 90.60 0.092974
4 507.50 89.75 517.37 99.85 0.082572
4 638.91 149.01 651.38 158.84 0.085905
2 1004.53 386.36 1018.76 410.71 0.086591
2 441.40 104.30 450.37 118.41 0.085743
4 615.86 129.22 639.14 147.03 0.091121
3 494.50 236.97 507.01 254.42 0.172454
4 541.22 271.19 562.72 287.62 0.084837
4 899.64 501.89 969.18 570.51 0.126631
4 590.71 86.60 604.50 98.57 0.081982
9 675.96 60.98 721.23 99.45 0.094641
1 711.90 122.01 720.42 133.87 0.125740
2 857.97 290.70 865.64 303.99 0.082085
2 737.97 135.00 746.88 149.43 0.082626
1 647.10 185.73 654.69 201.58 0.093012
2 849.94 253.95 859.13 269.20 0.108566
4 523.54 59.78 536.34 71.17 0.105370
4 587.57 69.58 601.44 83.83 0.080357
5 541.57 272.75 566.63 310.71 0.152696
