4 1141.96 621.65 1194.96 680.62 0.379283
1 630.14 884.95 696.98 1044.83 0.377116
1 586.61 877.88 636.11 1044.67 0.360166
1 1621.84 856.40 1680.93 993.75 0.382453
1 1558.37 844.71 1618.18 997.45 0.398373
1 737.07 798.26 780.70 932.43 0.343268
1 1482.71 821.20 1528.27 979.17 0.347385
1 1601.37 776.38 1644.99 887.15 0.332347
1 1144.90 724.85 1196.07 794.06 0.285351
1 1438.56 827.87 1489.65 973.62 0.330761
1 372.29 915.28 450.41 1078.36 0.291183
1 1440.83 725.45 1475.66 821.28 0.332470
1 653.95 677.52 687.41 758.89 0.303545
1 358.29 695.98 395.80 800.27 0.269619
1 775.96 805.83 812.38 926.03 0.315247
1 1403.48 727.17 1437.58 820.34 0.354231
1 106.32 697.88 159.04 844.27 0.302637
1 1371.59 683.04 1399.79 759.51 0.317420
1 557.52 705.50 592.90 805.25 0.277288
1 620.53 673.27 652.26 755.69 0.276667
1 1558.46 771.04 1594.95 872.95 0.340170
1 1328.07 660.72 1352.51 726.53 0.283325
1 399.02 697.37 434.55 782.38 0.257725
1 1008.76 708.67 1036.99 803.42 0.248792
1 228.54 787.58 274.09 926.34 0.287568
1 773.98 707.43 807.55 803.36 0.244433
1 453.49 855.84 498.63 1038.60 0.301431
1 435.15 761.52 481.67 902.70 0.294040
1 751.77 709.58 778.53 797.04 0.234421
1 227.88 919.06 291.01 1078.24 0.246522
1 526.76 659.21 549.92 741.70 0.205850
1 1303.16 664.68 1326.08 723.00 0.278057
1 287.18 795.50 341.50 939.98 0.239956
1 852.39 642.47 879.30 706.52 0.261286
1 1131.50 667.63 1159.07 735.97 0.241739
1 500.73 697.65 532.94 801.31 0.305276
1 1027.85 713.99 1050.75 796.92 0.222799
1 586.03 644.94 614.73 725.12 0.211319
1 60.70 899.31 124.96 1073.52 0.233269
1 110.79 836.47 175.43 996.04 0.217069
1 12.18 719.73 79.00 861.14 0.298596
1 70.15 718.82 111.10 852.52 0.260290
1 1067.57 700.34 1094.25 770.01 0.202741
1 678.60 623.35 699.14 679.75 0.188559
1 542.23 652.80 569.77 737.40 0.174218
1 829.30 644.05 853.15 728.88 0.264648
1 395.50 764.83 440.70 893.54 0.249428
1 329.53 773.99 373.91 915.88 0.277865
4 1149.33 602.81 1187.33 622.99 0.176851
1 1114.78 633.11 1133.24 682.61 0.197098
1 793.12 692.88 819.77 781.71 0.209845
4 1129.49 596.14 1163.58 617.02 0.126672
1 365.84 854.11 425.06 985.91 0.221647
1 652.03 620.87 676.47 680.79 0.170094
2 0.00 516.31 1124.58 1076.90 0.261740
1 25.32 873.26 83.98 1069.95 0.186089
1 716.32 609.93 742.00 667.03 0.157811
1 609.09 652.08 632.50 725.81 0.169725
1 139.55 878.78 196.82 1038.29 0.168057
1 1078.22 664.88 1100.29 739.90 0.228202
1 1079.79 609.10 1099.17 661.16 0.201900
2 1436.67 816.79 1681.41 999.08 0.084799
2 815.50 598.07 834.49 641.57 0.122814
4 1051.54 511.42 1095.05 539.52 0.107794
1 193.86 822.52 246.75 938.66 0.219495
2 12.52 696.63 159.34 861.26 0.144220
6 1265.31 533.55 1468.76 755.56 0.099509
1 1018.61 689.09 1045.20 739.08 0.167221
1 168.48 902.32 232.63 1077.81 0.194282
1 949.91 599.10 968.41 646.32 0.153928
1 744.02 599.19 759.00 642.85 0.145775
6 1260.19 519.83 1919.22 1041.62 0.128493
2 887.39 522.34 1081.66 650.81 0.142141
2 1299.40 657.88 1683.92 996.99 0.259987
2 970.62 580.13 988.82 647.47 0.119841
2 651.64 606.65 743.70 684.08 0.101847
2 913.37 566.01 1008.09 649.66 0.126840
1 0.24 873.88 41.80 1061.72 0.233124
5 1740.51 490.75 1791.97 523.87 0.095024
6 859.58 488.53 912.94 566.71 0.155555
2 798.81 603.00 817.22 656.04 0.161633
1 625.64 620.57 645.24 672.93 0.145814
2 1047.81 570.87 1061.34 605.13 0.103711
3 717.30 633.61 741.29 667.56 0.089226
9 1788.21 465.66 1919.45 524.89 0.104635
9 1049.83 510.33 1121.52 544.43 0.117277
2 630.52 424.79 653.26 477.87 0.080650
2 703.42 625.82 724.46 684.22 0.130378
2 832.85 592.58 849.79 631.95 0.111486
3 918.01 597.75 941.91 638.43 0.129524
2 825.45 591.47 842.90 633.66 0.095193
9 976.83 516.36 1064.63 574.94 0.083606
2 1058.38 566.75 1071.44 603.94 0.086947
2 1073.21 575.05 1085.83 608.98 0.108760
3 1231.84 651.92 1254.96 688.07 0.110942
2 500.03 637.33 688.17 806.39 0.138710
2 991.62 584.58 1007.81 648.73 0.126630
1 1225.12 709.76 1255.40 796.64 0.184375
2 0.35 689.77 506.28 1077.56 0.083401
4 1062.99 535.88 1096.59 568.39 0.085052
4 615.62 593.27 676.71 628.83 0.083805
2 1078.92 665.03 1098.98 706.48 0.085399
4 655.98 591.77 679.01 623.30 0.080926
2 1321.75 662.46 1339.15 721.95 0.080895
1 1182.50 571.18 1303.22 881.42 0.103769
2 1047.11 565.91 1086.51 608.23 0.116226
2 1301.93 657.83 1476.53 823.52 0.094336
2 1018.14 688.63 1046.83 790.50 0.099868
2 1241.21 618.74 1253.55 657.33 0.107568
1 1102.51 540.85 1167.76 700.40 0.097872
2 66.51 737.52 95.03 849.85 0.080598
4 353.30 709.30 414.51 761.05 0.089346
4 1142.98 604.34 1213.93 649.92 0.093633
6 1139.69 606.22 1216.34 681.75 0.089276
2 797.83 589.91 850.23 647.09 0.167047
