4 1211.29 529.98 1340.35 581.49 0.586019
4 272.38 822.12 426.91 971.89 0.643293
4 804.35 390.12 858.68 426.16 0.511304
4 696.48 440.85 791.84 487.05 0.463723
4 652.27 472.60 748.79 519.23 0.520249
4 531.83 517.58 600.85 576.18 0.528745
4 800.19 782.02 890.52 909.33 0.523688
4 955.42 478.51 1062.37 526.90 0.527530
4 937.72 518.07 1086.47 585.35 0.449258
4 772.57 938.49 889.88 1079.20 0.491940
4 111.20 343.77 155.42 378.08 0.499764
4 794.79 263.61 820.16 283.91 0.424563
4 1163.85 488.64 1222.29 533.83 0.384411
4 1681.68 576.20 1893.60 673.30 0.454542
4 219.91 342.64 273.27 372.51 0.504574
4 1411.80 606.35 1562.61 677.15 0.456291
3 1324.03 973.98 1356.81 1016.88 0.459070
1 1302.20 931.60 1346.39 1008.01 0.378487
4 982.65 746.02 1165.18 1079.04 0.438811
4 728.85 331.83 764.93 363.63 0.315210
2 919.57 438.48 948.48 464.54 0.334886
4 652.33 225.16 672.32 242.54 0.330382
4 454.85 415.10 518.07 446.26 0.314319
4 681.61 235.19 711.17 258.70 0.254887
3 880.09 447.79 909.45 470.59 0.330201
4 1536.47 339.10 1575.71 363.06 0.327495
5 442.25 228.70 484.33 271.08 0.299690
4 453.18 429.92 497.70 471.26 0.342384
1 340.76 369.86 359.45 392.95 0.174520
1 921.32 430.20 942.85 460.90 0.342380
4 213.95 253.24 237.71 272.12 0.295674
4 407.39 426.93 497.23 490.45 0.182570
1 1325.60 959.28 1354.39 1014.06 0.312926
4 649.13 249.89 668.68 268.27 0.263259
4 721.46 302.17 753.55 329.55 0.230921
4 133.12 298.88 154.38 314.01 0.261172
4 672.75 325.57 710.21 363.16 0.287941
1 880.50 435.76 909.32 469.62 0.279239
6 1737.80 520.61 1846.62 581.95 0.202501
4 711.69 278.41 735.78 301.48 0.266179
4 1820.99 483.56 1891.93 517.20 0.301803
4 729.36 292.86 755.71 315.28 0.246537
1 588.90 356.44 601.87 385.75 0.237903
4 675.54 311.92 711.25 340.56 0.229859
4 430.79 268.90 464.42 295.02 0.220073
4 641.47 237.14 661.83 256.70 0.200239
6 1680.97 520.20 1893.76 673.80 0.234957
5 664.97 281.06 705.34 324.38 0.216810
4 694.50 260.64 716.24 282.53 0.192645
6 937.99 518.14 1086.44 585.14 0.083880
1 603.70 356.79 616.65 385.14 0.233487
4 481.71 404.02 518.03 420.27 0.292857
4 712.36 257.23 729.80 270.47 0.227474
4 665.14 258.68 698.84 284.22 0.174482
2 880.12 429.23 948.36 469.69 0.159148
1 1030.03 404.45 1049.36 430.43 0.216870
9 1143.45 184.67 1456.49 248.71 0.169649
9 1755.73 168.75 1842.42 204.35 0.111952
4 1679.69 351.63 1722.88 378.61 0.249988
4 1571.73 304.99 1620.61 353.71 0.149428
4 442.85 246.16 480.01 271.24 0.165820
9 0.34 270.08 113.26 317.04 0.113254
6 1681.53 295.25 1858.83 374.08 0.110222
6 1585.21 201.70 1919.79 379.55 0.163412
4 737.52 322.22 772.19 344.49 0.227707
4 312.39 395.63 388.40 438.05 0.110398
4 696.50 257.39 725.76 273.80 0.130741
4 380.58 332.51 425.79 363.33 0.153332
4 729.44 199.12 739.50 214.57 0.133055
6 1695.38 464.30 1736.01 511.22 0.120015
4 455.07 416.74 486.56 435.41 0.174724
2 589.13 355.36 616.26 387.73 0.226192
6 164.23 224.62 202.52 263.30 0.125897
6 1585.95 340.18 1653.29 392.81 0.153951
6 1860.83 321.58 1919.56 388.01 0.087688
1 604.96 313.70 615.54 337.62 0.149410
4 565.77 172.17 579.96 184.36 0.118265
6 1537.32 291.37 1588.71 322.04 0.088139
3 1377.35 564.42 1446.94 616.78 0.230372
6 419.53 246.42 481.18 274.94 0.083823
4 1371.14 327.77 1397.49 344.57 0.145245
4 1589.47 265.93 1613.45 291.05 0.208979
1 934.18 435.91 948.93 463.84 0.200705
3 934.51 440.56 949.13 463.67 0.093858
5 406.91 427.27 467.73 492.98 0.220163
3 1031.14 410.72 1050.65 431.20 0.177845
1 1802.57 784.56 1818.57 820.82 0.121812
6 204.31 236.28 238.03 272.16 0.113371
6 1657.56 510.40 1732.51 572.72 0.119731
4 506.20 292.45 548.73 314.95 0.116710
4 668.82 307.65 705.36 327.42 0.187752
3 588.52 365.62 601.86 387.01 0.167485
4 1412.32 605.60 1480.15 656.53 0.100720
4 1563.09 240.35 1576.75 252.50 0.112269
4 1671.57 340.66 1698.15 365.71 0.092305
4 665.06 281.55 704.96 310.61 0.186663
4 248.92 281.24 271.57 293.07 0.130471
9 1141.59 184.48 1540.39 320.78 0.174158
4 576.94 255.06 592.63 266.92 0.130329
9 1054.92 140.41 1126.63 153.93 0.088975
4 311.58 411.38 337.86 438.21 0.152885
4 1568.28 302.37 1608.14 326.17 0.094091
4 800.77 212.46 812.44 227.12 0.089269
6 1534.63 291.69 1620.57 352.20 0.088619
9 1517.39 187.68 1634.05 211.25 0.084119
4 1619.14 753.51 1710.04 814.33 0.114549
4 1005.41 321.59 1032.96 336.71 0.089480
7 1378.43 564.77 1562.89 678.06 0.084897
1 436.63 354.77 447.64 375.52 0.124077
4 508.49 144.25 528.96 160.84 0.085460
1 1329.19 938.41 1350.78 969.64 0.119929
9 1145.32 188.01 1276.87 237.77 0.118752
4 1841.70 498.19 1897.48 529.32 0.118625
4 103.25 243.13 135.56 257.44 0.109873
4 1562.98 308.39 1579.14 328.45 0.095910
10 1376.88 585.97 1399.48 609.99 0.109294
4 1841.08 338.69 1869.57 362.53 0.104377
6 1568.26 501.43 1731.52 571.69 0.085673
4 9.92 269.43 29.17 281.77 0.095356
1 1801.59 783.19 1830.98 852.58 0.097760
4 1786.14 464.05 1814.48 484.46 0.117926
4 645.67 224.34 772.17 367.85 0.082008
4 308.36 297.08 328.84 313.13 0.082270
4 1884.48 509.28 1919.48 538.96 0.240420
10 1417.28 563.86 1440.21 584.34 0.100822
3 1328.15 986.74 1345.96 1017.12 0.172993
9 1584.67 200.33 1906.15 293.86 0.080024
4 1681.06 537.89 1725.01 572.46 0.097749
4 1786.13 464.60 1855.08 511.55 0.080613
4 1465.76 383.81 1495.46 400.71 0.086359
4 662.48 257.26 686.93 275.35 0.095792
6 1654.74 326.73 1723.18 378.34 0.084292
3 340.62 376.23 359.73 393.39 0.207786
4 135.24 243.35 157.32 262.17 0.082942
3 919.28 441.87 936.27 462.15 0.103053
6 418.05 228.87 488.32 293.94 0.089334
3 455.32 458.80 468.88 483.20 0.099994
4 1654.73 327.10 1686.73 357.10 0.122846
4 1867.91 370.34 1919.55 403.85 0.082070
3 1376.81 563.98 1478.35 658.40 0.139796
3 1488.73 567.51 1519.97 583.72 0.092197
6 443.88 228.94 477.34 250.09 0.086421
