4 684.00 320.36 716.39 353.50 0.504967
4 596.04 421.68 638.23 478.01 0.487181
1 754.80 410.37 770.87 443.58 0.387081
4 669.27 231.80 694.33 255.23 0.388713
4 861.74 595.96 1023.80 764.38 0.409029
4 483.20 361.68 523.16 408.05 0.436574
4 702.07 471.77 749.24 527.72 0.531426
4 572.72 222.78 596.77 247.89 0.421450
4 355.98 494.21 475.84 543.61 0.535761
2 755.61 423.80 768.36 444.39 0.371229
2 265.31 462.39 299.44 505.55 0.215047
4 891.36 352.14 930.59 386.87 0.391839
1 520.05 554.38 538.77 605.83 0.399113
2 521.61 577.66 537.13 607.42 0.463748
4 835.09 340.86 898.58 373.01 0.409806
4 697.15 183.24 714.48 200.43 0.316433
4 655.48 185.13 675.36 204.28 0.299317
1 265.62 462.64 282.78 500.96 0.353575
1 617.04 322.54 629.01 350.59 0.319851
4 591.06 144.47 604.37 159.06 0.324166
4 793.53 243.88 849.51 271.44 0.376263
1 703.54 231.24 713.87 253.69 0.340930
4 670.75 200.45 689.67 219.52 0.323531
2 702.91 230.37 734.42 256.36 0.138485
1 725.69 233.70 734.34 255.39 0.307276
1 567.77 296.37 579.10 323.07 0.341901
4 636.69 130.64 652.04 142.96 0.253091
2 428.14 138.05 520.80 176.65 0.266844
4 677.57 174.71 695.63 193.58 0.269826
6 750.55 82.73 813.23 215.49 0.201146
1 496.42 441.40 512.45 468.17 0.201567
1 281.14 464.32 299.49 504.75 0.362970
5 483.22 333.02 536.57 408.88 0.327730
4 547.64 192.68 567.79 212.41 0.300258
4 493.91 102.25 520.03 113.77 0.222642
4 607.43 86.31 622.05 98.77 0.248541
4 596.50 114.67 610.69 127.09 0.228657
1 544.93 217.65 552.14 237.55 0.262367
4 562.60 46.28 577.55 62.31 0.299063
6 633.97 87.76 659.11 104.77 0.206619
4 456.18 133.07 489.58 149.57 0.256436
4 474.77 254.85 528.53 283.62 0.314435
4 506.22 85.97 533.47 100.20 0.202668
4 585.37 84.06 597.73 94.50 0.246653
4 494.38 132.12 532.19 151.20 0.256144
1 941.43 464.31 956.33 498.91 0.234359
4 619.07 137.73 635.00 149.63 0.260304
1 442.58 414.25 450.25 437.70 0.252340
4 726.04 705.68 798.26 764.59 0.224300
4 474.78 256.05 496.99 279.78 0.203333
4 647.93 145.44 665.01 158.62 0.219600
4 862.73 321.23 921.23 358.03 0.227337
2 941.26 463.85 968.76 513.87 0.157809
4 548.44 178.46 575.85 195.01 0.243276
4 735.83 122.16 754.54 136.13 0.197310
1 952.10 486.89 969.42 514.26 0.223078
4 343.40 723.21 436.26 764.61 0.212430
4 680.74 163.65 695.91 175.17 0.247313
4 475.25 69.13 489.03 85.25 0.224201
4 687.42 105.39 723.69 120.49 0.164326
4 806.42 243.86 847.52 258.61 0.149669
4 970.82 70.15 1003.63 83.67 0.182136
1 496.97 148.29 505.85 167.49 0.151740
5 475.50 42.62 504.92 60.45 0.238826
4 593.50 68.92 608.64 80.38 0.183008
4 721.23 151.26 743.71 164.43 0.135174
9 671.51 92.49 685.47 117.58 0.154910
4 655.16 102.61 665.99 113.78 0.161434
4 709.21 137.48 749.53 167.10 0.117010
4 648.58 167.34 666.44 184.85 0.187551
5 311.58 722.87 436.30 764.44 0.179877
4 476.58 110.80 514.95 127.44 0.179847
4 609.10 125.81 624.67 137.82 0.201672
4 810.47 193.40 831.48 207.92 0.132681
4 415.21 220.89 436.56 234.09 0.132314
6 712.79 53.60 803.08 103.33 0.130077
1 699.35 161.36 708.79 177.30 0.173724
4 382.60 119.67 393.23 131.29 0.147815
4 640.74 98.16 657.30 110.07 0.147265
4 422.83 112.75 434.32 124.97 0.127790
1 477.16 161.10 486.32 177.88 0.147383
4 712.62 106.80 752.46 126.33 0.143116
4 489.89 58.65 512.28 70.06 0.132594
4 517.62 134.06 532.13 150.23 0.163219
4 505.68 73.05 527.29 84.31 0.153715
4 350.26 266.52 393.94 286.89 0.155091
4 882.52 70.83 901.51 81.85 0.133515
4 458.06 43.63 472.91 52.97 0.166539
4 1272.44 259.22 1306.00 270.49 0.087611
4 944.04 757.55 1008.47 764.79 0.087472
1 510.86 149.56 518.56 162.47 0.126642
4 401.11 151.50 416.81 165.55 0.121600
3 534.23 371.25 551.23 413.36 0.125423
6 901.81 207.75 1359.12 763.37 0.094340
3 366.35 308.84 384.85 330.57 0.083221
4 521.61 114.12 534.47 128.30 0.177825
2 491.94 147.02 500.22 165.34 0.110327
1 444.81 146.91 452.41 165.23 0.125343
4 786.50 195.85 806.13 215.13 0.128588
3 617.78 331.81 628.14 352.00 0.372499
4 543.67 177.31 576.61 213.92 0.080948
1 430.09 154.44 436.29 165.70 0.137857
3 568.97 306.32 577.73 323.40 0.189927
4 611.42 142.64 620.18 154.63 0.090307
4 386.16 214.72 401.45 228.86 0.099718
4 411.26 92.28 428.28 102.73 0.100364
4 564.39 180.25 575.92 193.95 0.128236
1 436.43 177.29 445.26 192.08 0.134264
6 900.53 210.92 1116.08 592.05 0.100084
2 479.33 88.86 486.92 103.03 0.089881
6 419.28 40.17 474.85 66.09 0.086223
4 488.04 58.32 498.66 66.97 0.106450
4 493.30 118.02 512.86 128.43 0.141976
2 692.94 137.51 701.14 153.07 0.089961
4 672.97 131.74 684.17 142.08 0.082221
9 908.70 121.90 958.64 140.29 0.098704
4 847.91 310.27 886.57 337.73 0.125397
1 952.71 470.12 964.96 495.17 0.148445
3 642.67 119.35 661.98 136.40 0.082099
4 578.53 65.81 587.64 77.42 0.098285
4 650.75 154.34 667.80 170.02 0.177048
1 465.77 145.87 475.49 161.57 0.118180
4 695.84 81.91 707.08 92.59 0.093213
4 724.32 120.94 739.35 132.05 0.131802
9 659.68 76.14 693.26 115.33 0.087015
1 372.89 254.15 380.16 266.41 0.128928
2 617.45 106.57 623.75 118.34 0.090724
4 476.33 107.30 497.52 120.87 0.097280
4 502.28 66.52 516.34 75.46 0.096868
4 523.65 95.05 535.20 104.08 0.099929
9 660.67 74.17 690.38 91.23 0.112684
3 502.27 452.92 511.66 468.08 0.156823
6 908.19 111.22 961.64 141.24 0.107464
3 521.44 577.90 536.94 606.95 0.085442
1 561.84 216.55 572.31 233.28 0.099958
6 806.99 193.35 850.05 222.15 0.085057
3 267.86 473.61 281.71 500.06 0.130655
10 494.30 616.24 512.03 646.70 0.093317
4 384.33 142.96 417.18 168.46 0.091995
4 619.30 79.94 630.64 88.58 0.133063
2 683.76 138.49 690.27 152.28 0.096431
9 634.70 87.26 657.86 98.25 0.125611
2 702.82 137.79 710.81 153.02 0.091046
4 875.62 320.44 906.90 337.39 0.095699
1 481.12 146.61 488.70 161.53 0.094172
9 470.52 128.89 525.49 149.54 0.103037
4 545.16 183.89 565.93 200.32 0.117471
9 707.77 105.81 756.58 136.65 0.081825
4 883.83 47.86 902.87 60.11 0.082160
1 356.50 254.66 366.00 268.86 0.098297
2 456.04 147.06 465.03 160.64 0.109437
3 942.35 476.84 954.88 499.04 0.089882
9 751.37 83.40 813.36 192.64 0.096688
2 499.96 153.85 506.21 167.26 0.092605
7 292.65 671.59 436.04 764.69 0.089984
10 1071.40 210.83 1106.83 240.40 0.100484
4 518.14 89.62 533.83 101.41 0.090073
9 429.04 77.42 438.79 88.72 0.083233
2 475.24 144.76 509.99 178.41 0.116938
3 756.41 427.33 765.97 444.05 0.102129
5 467.69 133.14 489.26 146.61 0.083561
3 952.19 493.95 967.54 514.52 0.100820
4 506.27 87.22 519.93 95.68 0.085329
9 478.37 40.40 502.79 48.82 0.093632
7 483.84 286.23 533.27 466.17 0.105916
3 704.33 240.53 713.39 254.73 0.279656
