4 521.56 406.64 591.54 448.87 0.488978
1 860.13 593.91 888.90 649.60 0.466689
4 1229.41 452.19 1371.06 514.38 0.352629
3 465.17 429.21 512.20 455.55 0.267630
9 245.60 293.72 277.61 319.83 0.203385
4 671.28 344.49 738.02 372.21 0.299570
4 438.69 405.64 467.65 443.23 0.249362
4 126.60 340.40 167.84 361.12 0.215722
5 432.07 400.23 468.58 448.58 0.215067
4 1699.03 320.35 1719.03 345.44 0.163539
5 496.21 392.42 528.67 435.11 0.229636
3 847.16 622.97 877.48 654.32 0.255770
9 181.74 260.30 283.42 323.63 0.179314
9 90.72 250.09 177.71 265.94 0.170545
4 437.23 403.71 512.25 455.73 0.213035
1 516.47 406.14 529.82 440.20 0.232397
4 642.56 275.20 666.81 283.77 0.175253
4 1720.71 316.78 1744.09 345.33 0.163273
9 419.62 297.21 596.32 333.05 0.273508
4 565.92 309.38 581.72 327.97 0.088368
4 1781.62 518.98 1799.33 548.59 0.107245
9 415.18 279.11 737.57 334.58 0.139364
6 1720.18 308.08 1766.04 345.98 0.080664
2 260.00 455.08 295.52 480.63 0.083343
6 268.45 363.12 468.31 452.63 0.160276
4 484.19 303.86 512.89 325.98 0.107829
4 1781.29 518.71 1823.88 556.09 0.131772
5 355.48 372.26 468.01 450.08 0.157650
5 1743.89 307.64 1765.97 345.41 0.144043
9 5.82 252.22 284.98 323.33 0.119791
9 985.25 262.16 1047.65 278.94 0.128192
6 654.27 319.31 673.91 369.78 0.085456
4 480.51 287.82 493.71 297.39 0.102763
4 700.09 276.23 717.01 285.10 0.093477
4 584.93 274.44 602.94 281.90 0.132898
4 413.67 287.99 434.17 300.76 0.108831
6 267.79 350.62 292.54 385.27 0.108099
4 552.29 304.16 597.60 328.70 0.197377
4 656.01 348.83 673.54 369.74 0.106963
6 671.20 332.87 738.70 373.20 0.128169
4 45.90 271.57 63.63 281.64 0.091923
4 1698.38 307.70 1766.54 346.63 0.153366
6 435.02 391.70 528.33 454.86 0.129860
6 495.96 391.60 591.59 449.53 0.099947
4 0.17 288.99 22.66 306.84 0.145757
4 592.61 339.04 625.68 356.81 0.081068
4 722.53 352.33 737.26 368.26 0.097956
9 555.42 281.24 664.81 297.20 0.081787
9 441.74 303.67 482.66 329.65 0.108480
3 847.50 615.60 926.84 656.08 0.089917
4 466.05 429.38 488.13 454.19 0.130425
