4 715.45 126.81 747.50 161.02 0.538740
4 657.34 313.24 708.79 378.84 0.522725
4 438.30 29.25 494.55 52.74 0.515824
4 785.36 32.43 818.50 56.97 0.547875
4 783.30 406.02 839.01 498.49 0.471892
4 562.73 100.70 599.91 142.20 0.525387
4 872.39 122.38 907.17 163.05 0.493877
5 1003.06 446.86 1095.73 538.71 0.487715
1 975.06 275.48 988.54 304.70 0.424848
4 722.89 1.47 747.34 26.36 0.495505
1 912.19 182.62 924.74 214.57 0.426497
1 289.39 207.98 303.56 241.23 0.417378
1 811.82 127.94 824.35 155.06 0.404357
4 504.18 3.57 533.89 28.63 0.418087
4 1079.38 646.78 1184.86 764.30 0.391923
1 890.76 72.95 900.46 95.38 0.384407
1 466.38 62.21 476.66 83.70 0.357008
1 903.13 72.15 912.89 95.09 0.380615
3 738.64 435.29 756.49 464.27 0.404837
4 321.09 248.81 373.44 295.92 0.477152
1 1145.01 498.34 1164.57 549.86 0.394615
4 1047.58 528.93 1135.22 649.75 0.402980
6 1190.57 351.68 1359.36 665.97 0.323329
4 528.07 21.44 550.38 43.17 0.437665
1 393.37 85.08 402.79 106.12 0.328894
2 512.51 57.90 521.58 80.84 0.338217
2 1184.49 515.88 1205.35 557.98 0.313904
6 720.74 281.55 761.54 341.74 0.376398
1 436.43 277.92 465.15 321.25 0.241715
2 520.82 56.57 530.06 79.87 0.334565
4 904.07 32.76 920.74 57.90 0.342030
1 740.96 418.46 757.37 445.07 0.294149
3 770.33 0.09 779.53 15.53 0.210667
2 485.67 0.00 500.01 10.73 0.214864
4 30.32 404.21 147.27 506.38 0.215322
2 738.21 418.52 758.03 462.52 0.217136
4 30.47 437.29 88.00 505.65 0.229125
1 1112.26 510.27 1135.83 556.69 0.296868
2 383.74 84.78 402.84 107.40 0.203319
