5 331.69 183.98 428.01 239.28 0.526249
4 385.42 283.76 427.22 306.75 0.555623
4 471.35 243.85 503.17 262.72 0.521159
4 478.39 186.57 503.60 203.66 0.483334
4 263.70 205.58 294.03 225.54 0.452907
4 402.69 216.01 434.04 236.34 0.513233
4 540.29 194.94 563.57 208.94 0.416403
5 247.95 251.50 389.13 335.14 0.513136
4 627.03 174.03 647.72 185.85 0.445647
4 630.22 346.01 669.25 377.69 0.362985
1 478.29 356.42 485.65 375.40 0.373563
4 701.25 196.65 724.15 209.90 0.442744
4 578.27 191.74 602.50 204.63 0.370492
4 822.99 292.29 859.41 307.07 0.398496
4 542.71 179.06 567.50 193.04 0.387294
2 921.52 323.17 953.81 342.85 0.301515
4 488.45 213.08 516.55 226.95 0.396950
4 243.19 222.22 279.67 238.01 0.336242
5 144.64 255.63 310.14 353.56 0.346267
4 257.84 255.56 300.01 273.97 0.292746
1 588.79 226.47 597.82 241.65 0.280841
5 792.24 266.67 822.07 290.79 0.288010
5 564.00 352.32 588.49 405.11 0.320047
5 541.80 157.62 574.64 181.88 0.317522
3 731.26 295.42 755.86 310.21 0.231565
1 555.06 246.76 566.38 262.63 0.277979
1 63.00 220.61 68.32 232.68 0.200879
3 723.82 273.98 740.29 286.43 0.197337
7 820.37 386.74 870.28 415.34 0.157579
4 523.77 355.48 567.29 369.54 0.214448
1 845.29 394.41 856.84 414.70 0.269879
4 558.50 199.78 593.12 227.79 0.272953
1 498.48 162.80 509.04 176.27 0.175323
5 353.96 251.61 388.78 286.40 0.160303
2 199.75 250.03 215.80 263.47 0.208037
2 724.00 270.59 740.51 286.28 0.206170
4 698.58 160.08 718.37 170.19 0.153630
1 740.90 292.45 749.35 306.34 0.239232
4 613.56 167.22 623.68 173.11 0.220479
4 221.12 215.87 248.03 228.35 0.306087
1 791.13 273.62 797.07 284.88 0.187917
6 705.97 90.72 745.37 107.18 0.115791
6 0.10 184.66 43.62 294.98 0.220244
3 199.74 252.96 215.76 263.25 0.121895
1 78.75 222.34 87.64 239.46 0.170539
9 262.97 522.07 294.23 539.71 0.138840
1 731.19 293.02 756.60 310.65 0.180726
1 252.06 232.66 263.45 248.50 0.158353
3 918.62 331.18 929.34 345.93 0.143104
1 679.90 207.61 689.30 222.22 0.134412
4 589.60 163.95 600.37 170.17 0.233395
1 660.93 206.73 670.26 220.42 0.142108
3 307.99 376.74 333.11 402.93 0.132347
1 848.69 142.35 855.50 155.26 0.175646
4 237.56 392.12 267.34 414.68 0.113939
4 885.77 83.77 898.01 91.12 0.146631
5 541.88 162.95 558.08 182.02 0.155776
1 834.69 280.55 841.27 293.28 0.181995
1 200.74 245.93 207.65 258.16 0.149249
1 734.23 163.29 740.28 175.82 0.156453
1 842.05 285.16 848.71 295.37 0.195167
4 820.37 386.44 870.06 404.87 0.191536
9 0.19 226.21 41.02 293.56 0.129659
6 705.98 91.00 725.89 103.25 0.111676
6 384.86 169.92 445.00 191.56 0.128518
4 579.58 161.85 585.78 168.30 0.136148
4 881.57 185.50 917.17 198.25 0.157228
6 144.55 250.91 389.58 353.50 0.201681
5 173.67 346.68 256.33 403.58 0.185100
6 882.39 436.20 959.49 521.75 0.124535
3 37.41 216.55 49.43 226.40 0.108973
1 525.78 154.35 534.01 169.31 0.117406
1 944.63 325.34 952.96 338.19 0.156035
6 867.24 132.90 880.92 152.97 0.083239
2 37.14 206.46 48.59 225.42 0.098247
2 835.04 280.83 848.68 295.76 0.117384
4 221.06 219.20 229.29 228.19 0.171718
4 419.51 134.33 430.00 144.65 0.105265
4 550.28 370.80 560.61 382.70 0.088801
4 568.52 199.50 591.28 212.25 0.181923
1 729.25 179.24 733.96 189.13 0.149275
1 199.91 244.86 215.55 263.08 0.120933
4 17.77 117.81 30.97 126.83 0.090038
3 221.92 431.37 250.93 459.03 0.084018
6 523.07 354.43 605.03 371.48 0.188557
6 173.49 358.86 218.82 403.37 0.082300
1 732.48 269.72 738.82 279.93 0.173761
3 0.45 286.21 19.82 301.13 0.128474
4 654.04 183.26 659.72 192.31 0.090667
9 144.74 289.76 248.23 353.10 0.135382
1 874.55 362.85 882.88 377.94 0.148700
4 867.80 133.39 880.39 143.18 0.112861
1 472.56 167.80 480.19 183.33 0.098524
4 23.41 275.93 46.34 287.68 0.125399
9 331.93 202.93 364.99 239.14 0.089591
4 278.11 262.82 310.52 281.53 0.127360
6 93.64 167.36 135.99 241.89 0.080015
1 686.88 206.73 694.00 221.26 0.121749
3 920.82 328.09 952.72 343.03 0.162428
7 679.38 211.99 688.26 222.72 0.098964
4 238.59 346.99 255.47 364.54 0.093705
4 744.73 216.14 755.32 228.73 0.107868
6 165.57 214.23 199.59 239.68 0.128123
2 688.82 210.59 694.11 221.31 0.099724
4 869.07 159.49 880.49 168.58 0.132307
2 679.25 205.72 693.75 222.82 0.105991
1 633.99 358.22 640.56 370.07 0.118814
3 846.48 399.72 857.03 415.03 0.130244
9 235.44 205.51 255.39 215.88 0.092612
3 555.05 250.80 567.35 262.60 0.103949
9 548.37 156.96 574.62 167.05 0.082285
4 583.74 355.37 610.45 371.72 0.134277
4 742.41 175.19 760.01 183.42 0.096775
2 559.11 364.43 566.33 375.79 0.097202
1 740.46 264.81 751.62 281.69 0.138827
3 37.84 225.92 87.65 249.40 0.088587
3 657.73 210.57 671.20 220.79 0.114371
6 550.81 352.10 596.33 405.50 0.146007
4 922.17 192.98 955.81 204.89 0.084614
6 331.93 202.94 385.11 239.20 0.109420
3 679.07 211.19 693.86 222.99 0.104596
4 564.70 159.23 574.89 167.14 0.101705
1 834.51 301.79 841.27 315.60 0.101064
2 40.36 219.76 88.29 242.40 0.110210
4 386.38 209.59 406.05 223.27 0.082739
3 588.56 232.39 597.90 242.14 0.119482
6 523.45 346.12 669.71 376.50 0.080610
6 386.66 202.99 427.63 223.36 0.109481
3 739.27 269.90 751.93 282.09 0.158142
6 248.00 260.76 364.48 335.01 0.187944
6 332.63 251.62 388.71 307.53 0.128980
6 689.42 159.91 718.77 171.16 0.118134
4 823.22 292.47 838.34 304.10 0.082120
2 682.87 207.27 688.87 218.76 0.108267
2 78.63 219.93 83.87 229.22 0.083934
2 933.79 322.61 940.65 332.84 0.096501
2 664.86 121.99 669.65 130.83 0.083133
