4 442.89 264.68 461.41 283.08 0.505856
2 445.93 490.56 456.24 515.14 0.578171
4 452.36 228.12 461.20 236.49 0.381774
2 541.70 448.26 551.17 466.60 0.520113
1 443.77 473.77 456.87 506.18 0.436491
4 563.34 369.82 594.00 400.22 0.432565
4 473.49 268.78 490.00 286.78 0.358932
2 533.64 387.86 547.96 405.11 0.296519
1 500.43 334.20 510.14 356.56 0.358793
4 533.48 310.32 557.89 354.35 0.305099
4 519.17 246.64 545.87 273.87 0.349413
4 521.13 278.29 535.32 291.39 0.297877
1 533.59 377.97 546.78 403.19 0.318975
1 540.52 435.58 551.46 464.64 0.385264
3 501.23 344.12 509.67 357.11 0.350128
1 519.22 332.42 527.31 354.68 0.349501
1 82.78 249.24 95.77 284.64 0.217850
4 483.85 215.99 495.41 225.43 0.217593
6 471.84 166.18 485.84 180.97 0.193077
4 476.13 237.98 488.94 254.31 0.180060
4 474.71 254.79 493.86 276.13 0.181484
4 474.55 251.69 489.56 265.55 0.138255
9 472.17 171.11 484.54 180.24 0.172231
4 529.53 293.70 546.26 315.79 0.197133
1 508.17 264.07 514.04 279.50 0.201082
9 485.34 159.94 507.12 176.44 0.085415
4 441.36 169.23 450.37 176.52 0.132171
4 476.14 232.51 485.96 239.06 0.164491
4 489.65 187.64 506.37 196.52 0.150644
4 480.98 187.42 507.94 209.16 0.176778
3 517.63 319.70 526.34 333.69 0.161329
6 484.46 159.85 507.88 185.02 0.148452
4 481.60 198.29 492.64 208.80 0.148003
1 501.75 256.70 508.00 271.52 0.201644
2 500.08 312.92 528.18 357.23 0.141116
4 496.27 177.24 513.51 188.14 0.124288
6 497.87 168.17 509.30 177.93 0.158654
1 518.90 312.88 523.84 324.60 0.140545
1 517.89 313.01 525.61 331.80 0.193359
4 361.74 244.85 375.53 256.62 0.161616
3 405.80 291.65 419.68 309.21 0.117765
4 486.14 264.15 494.00 276.07 0.105584
7 843.55 134.27 871.51 154.05 0.094181
6 464.40 173.43 473.40 184.36 0.111309
4 440.81 177.84 449.35 186.76 0.136421
4 440.04 169.19 450.78 187.30 0.101079
4 442.12 246.28 452.62 255.56 0.123993
6 480.82 191.80 493.40 208.91 0.089440
1 465.32 234.46 470.88 246.03 0.138001
9 484.87 171.27 499.18 185.63 0.090059
3 465.55 238.64 470.64 246.21 0.142671
3 447.15 493.25 455.21 515.53 0.089057
9 454.62 183.57 491.87 204.08 0.098169
5 529.92 293.99 558.51 354.85 0.147086
2 441.84 214.42 557.88 513.62 0.121733
1 485.50 228.45 491.11 238.54 0.138994
4 349.42 220.85 368.18 229.82 0.099063
5 489.44 188.05 507.69 207.56 0.124031
3 520.44 341.40 527.04 355.19 0.200161
4 446.23 204.23 453.64 214.46 0.087850
9 454.67 182.28 491.31 189.73 0.083647
4 476.81 247.20 488.93 256.73 0.139445
4 536.11 309.65 556.45 322.26 0.083999
2 470.86 221.35 530.71 357.30 0.095269
4 444.27 189.60 452.09 196.56 0.083151
1 455.82 192.28 461.56 203.16 0.086624
2 591.08 403.90 598.57 414.09 0.117959
2 471.12 228.16 494.67 287.76 0.088769
3 508.61 268.55 514.34 279.38 0.138410
2 502.20 256.57 514.37 279.45 0.113459
4 500.17 228.37 512.33 240.63 0.114465
3 533.41 388.27 543.10 404.21 0.088693
2 474.58 254.07 482.04 265.46 0.082428
3 530.62 306.29 539.77 319.57 0.091245
3 407.03 298.04 415.07 309.45 0.091367
