4 904.06 272.06 1007.10 331.89 0.558233
4 717.49 146.31 790.67 200.83 0.528257
4 693.04 469.71 797.24 589.99 0.527349
3 154.83 264.31 205.33 298.60 0.502150
4 435.67 266.75 498.79 351.33 0.463309
4 603.79 173.00 652.70 223.91 0.529801
4 673.26 84.21 714.43 120.58 0.511176
4 414.94 351.27 482.02 456.08 0.495252
4 609.54 734.03 696.23 764.41 0.528804
4 516.47 3.95 547.04 38.89 0.434862
1 959.69 372.89 981.31 424.86 0.433614
4 1007.33 689.83 1133.94 764.46 0.532264
4 805.69 309.71 888.51 386.14 0.460823
1 1092.99 376.08 1126.94 431.75 0.392996
4 919.72 532.07 1052.39 667.83 0.509633
2 762.83 395.86 781.30 427.74 0.469714
4 427.21 191.63 476.76 252.69 0.465011
4 598.38 59.43 637.45 113.38 0.395581
4 851.28 416.95 961.89 523.74 0.456586
2 793.07 296.80 815.81 329.83 0.458059
4 659.41 40.25 711.23 71.53 0.470283
4 767.71 249.33 833.77 310.29 0.423584
4 1125.28 285.77 1202.55 363.61 0.381542
1 120.98 278.31 146.11 323.30 0.387848
4 430.32 137.89 478.49 193.14 0.393686
1 914.80 185.69 930.79 223.87 0.333764
1 1252.17 458.09 1287.52 503.03 0.372652
3 778.52 100.71 814.22 137.01 0.243283
2 727.14 396.55 748.39 432.53 0.380568
1 762.76 371.17 784.14 421.60 0.303731
1 792.47 218.06 809.87 250.06 0.350260
4 428.75 77.57 497.79 118.82 0.303130
5 1183.27 334.93 1267.35 431.28 0.343296
1 515.08 146.89 530.95 182.34 0.355615
3 345.68 550.07 437.52 646.81 0.387875
3 515.37 160.43 530.95 184.00 0.355104
1 726.02 372.44 749.88 412.91 0.309281
2 116.91 337.41 168.68 372.81 0.391904
4 443.01 102.27 485.09 148.23 0.360971
3 842.65 128.92 886.87 152.76 0.368393
3 1155.11 694.08 1248.77 761.66 0.450467
3 730.90 405.11 745.50 430.21 0.117114
3 208.60 187.71 247.58 212.57 0.333713
9 281.74 49.51 347.09 93.30 0.330886
4 889.59 138.22 935.36 183.71 0.303111
4 614.51 1.68 657.99 35.64 0.327850
4 584.81 10.36 610.29 40.01 0.278459
4 451.43 36.19 489.53 78.22 0.331340
4 316.24 138.56 347.09 163.69 0.297572
2 784.14 361.55 811.10 416.86 0.231053
2 1061.69 559.06 1097.30 609.01 0.365572
4 451.67 0.66 479.55 21.54 0.265328
2 346.98 209.87 389.11 244.51 0.348817
2 219.56 235.35 254.69 277.87 0.249878
1 219.54 241.32 238.93 277.72 0.273928
1 1159.61 399.32 1181.85 453.81 0.277952
3 162.72 290.03 203.00 323.21 0.155486
3 785.26 368.69 810.65 413.20 0.264783
4 242.85 124.64 301.41 170.03 0.256260
1 38.39 169.76 67.62 222.97 0.226282
1 1253.41 374.99 1270.61 408.13 0.253343
1 215.67 145.16 237.72 172.63 0.233705
3 222.29 251.27 240.26 278.42 0.284400
3 229.21 154.95 250.01 179.24 0.214911
3 726.06 387.09 749.38 412.77 0.148920
3 919.05 207.82 950.86 237.28 0.245117
1 397.64 0.11 408.48 25.55 0.219593
4 449.08 17.33 482.95 43.02 0.276722
1 1141.83 416.48 1170.81 457.31 0.365971
3 1070.38 574.75 1092.68 608.89 0.147096
1 1237.79 316.77 1251.54 341.97 0.232592
1 239.49 237.39 254.83 259.46 0.233529
1 1123.66 259.84 1147.32 291.75 0.201442
3 1238.19 492.46 1266.19 525.80 0.212025
2 908.03 196.35 918.89 220.75 0.171840
3 1155.16 707.21 1189.05 761.23 0.108739
4 815.15 66.27 843.63 94.57 0.190981
1 422.76 68.21 437.47 95.18 0.164837
3 1043.56 544.79 1098.72 610.26 0.272992
1 800.07 281.15 818.50 312.65 0.241543
1 1061.55 519.43 1071.35 538.29 0.168942
9 271.22 107.48 351.85 139.98 0.121236
2 37.33 179.94 53.77 224.02 0.178024
3 996.91 251.05 1017.06 277.07 0.203665
2 1093.00 375.28 1179.75 458.26 0.082524
3 116.75 337.30 168.94 375.39 0.101162
6 270.55 107.59 352.38 163.64 0.195741
1 1073.46 565.10 1097.88 595.23 0.261309
4 943.31 146.06 983.84 197.27 0.186147
1 973.90 220.04 992.20 252.04 0.205910
4 1232.80 267.49 1289.72 302.68 0.169861
6 944.69 146.68 966.30 194.67 0.102234
4 785.70 98.88 806.06 111.68 0.129781
4 205.51 122.97 249.48 154.53 0.185682
3 873.02 177.60 895.95 197.41 0.155745
2 200.15 178.63 247.95 212.32 0.254157
2 1061.78 558.14 1081.66 581.98 0.135118
4 1039.29 88.97 1079.85 121.46 0.186147
3 408.03 77.73 437.45 113.02 0.121705
3 935.62 192.26 968.17 222.43 0.163832
4 270.29 136.99 301.54 164.17 0.133676
1 1067.16 306.32 1081.99 348.85 0.180522
6 102.10 180.46 153.25 257.00 0.120043
2 722.25 79.61 738.17 114.64 0.137562
1 1086.73 518.93 1097.09 536.41 0.177172
2 1061.46 517.48 1097.71 538.97 0.130136
3 393.92 80.34 419.66 117.14 0.129608
1 784.23 361.03 806.52 392.45 0.187861
3 347.40 216.88 369.33 235.79 0.109907
1 849.54 116.12 861.17 133.58 0.174907
3 976.86 247.71 997.23 268.94 0.192934
3 1216.69 393.20 1248.04 434.77 0.142182
3 843.60 256.88 863.34 299.12 0.139497
2 43.98 170.43 67.39 215.51 0.129655
4 369.19 550.09 437.23 612.47 0.162013
4 600.05 23.96 615.86 43.83 0.128936
6 1118.50 284.59 1270.89 431.05 0.170135
7 380.38 65.24 435.78 116.92 0.097266
4 1216.64 316.06 1241.29 345.64 0.104077
3 110.34 316.47 127.67 344.98 0.128622
6 1280.88 320.92 1359.63 571.83 0.140214
4 410.37 4.11 426.87 24.70 0.106673
3 1198.62 709.28 1248.23 748.02 0.103542
3 394.67 99.01 414.93 118.59 0.096445
4 1237.10 300.82 1308.72 344.87 0.135931
6 383.05 38.43 424.17 109.38 0.134619
3 1047.25 580.73 1070.07 621.45 0.081757
7 946.16 229.27 978.00 264.77 0.112102
4 315.96 11.15 352.50 33.52 0.169856
2 55.96 337.58 77.33 389.62 0.124077
3 440.83 68.58 460.45 90.95 0.142575
3 272.38 90.09 306.30 112.75 0.116094
4 313.32 501.71 378.50 545.62 0.095502
3 932.27 152.02 946.48 182.24 0.100123
4 0.60 198.24 32.38 223.56 0.135198
6 1184.39 336.35 1223.52 405.96 0.148768
6 1115.60 259.29 1202.40 364.49 0.133454
6 69.97 51.28 202.56 255.41 0.172128
3 946.14 229.54 992.86 265.39 0.192592
4 280.57 0.46 301.03 25.33 0.118380
4 897.25 137.43 932.25 157.78 0.146441
3 47.89 269.99 64.11 310.65 0.129949
3 441.17 66.09 484.48 90.75 0.127478
2 743.01 96.52 752.47 124.59 0.110501
3 1226.51 251.74 1289.99 303.54 0.114826
2 131.30 106.92 142.62 134.70 0.098863
6 266.98 50.52 352.46 133.48 0.139646
2 773.85 365.94 786.10 382.61 0.085974
1 873.96 111.71 884.91 133.89 0.140351
9 0.10 100.26 57.19 369.98 0.098914
3 344.96 505.40 376.13 544.43 0.171343
2 76.63 167.28 93.78 203.77 0.104251
3 733.19 125.15 759.77 146.21 0.121514
4 920.94 107.40 950.53 130.19 0.149997
4 780.10 98.97 814.07 128.22 0.117212
3 794.50 187.99 812.10 213.37 0.084137
2 108.22 133.42 122.19 160.12 0.126208
2 1224.18 250.47 1247.60 276.29 0.110792
2 251.26 116.29 262.01 128.20 0.086055
2 1223.77 372.38 1270.83 409.04 0.112319
3 200.03 182.51 226.03 211.52 0.140267
3 117.35 335.81 137.65 370.26 0.080066
2 17.41 94.54 44.34 148.53 0.122149
1 904.97 116.10 914.94 142.30 0.105635
4 1214.13 108.94 1245.70 136.09 0.110894
3 345.86 591.88 394.73 646.81 0.099809
3 843.80 256.34 857.68 280.24 0.090222
2 473.75 0.07 484.78 18.64 0.099503
2 956.37 226.76 973.80 249.12 0.113969
3 1251.33 389.07 1272.03 410.11 0.103060
6 296.95 0.00 387.39 18.96 0.081970
9 54.04 0.95 293.52 262.73 0.101628
3 1218.84 373.44 1271.94 433.96 0.117273
2 380.24 78.55 394.43 106.58 0.123075
9 75.48 52.19 202.43 221.04 0.134539
2 1185.47 694.32 1230.14 734.29 0.092202
4 1125.46 111.32 1150.26 130.02 0.095884
4 1313.95 313.81 1359.53 354.51 0.081149
4 243.74 140.70 277.17 169.46 0.088239
3 374.89 88.43 395.39 109.60 0.084846
3 955.14 194.17 967.90 218.18 0.097855
4 232.97 125.08 253.33 150.51 0.084898
6 1299.23 462.26 1359.58 571.16 0.084650
4 342.75 0.00 387.85 18.10 0.110608
3 896.96 258.94 932.40 290.79 0.192811
3 907.74 202.17 931.28 237.26 0.093611
3 851.59 90.12 876.67 113.82 0.090820
2 1206.38 709.73 1231.46 732.74 0.085014
2 199.82 177.49 218.73 196.92 0.093033
3 1220.03 324.50 1248.11 348.07 0.080123
1 229.72 235.45 242.48 258.36 0.202205
3 813.82 215.00 857.75 279.97 0.085576
3 37.50 179.34 67.92 223.24 0.231015
2 1158.46 321.19 1170.00 343.73 0.085481
4 240.55 125.17 274.53 150.91 0.120464
3 976.29 239.25 1018.81 277.15 0.093546
4 298.85 0.10 367.14 18.43 0.107831
4 1102.73 89.90 1152.73 131.65 0.094828
3 28.90 0.65 68.92 88.87 0.087709
3 1042.93 545.16 1083.35 581.42 0.086798
4 1242.38 252.74 1276.50 275.80 0.101822
3 936.41 207.66 950.64 228.23 0.121256
2 588.49 0.45 599.51 15.46 0.093916
7 1196.62 376.77 1249.12 435.38 0.121533
3 723.73 125.50 746.41 148.24 0.083016
6 889.99 108.31 950.61 184.87 0.096742
2 725.32 361.21 807.89 431.96 0.112751
3 181.61 187.82 247.54 243.78 0.108440
2 1092.52 374.67 1289.15 522.38 0.084339
3 1224.30 249.92 1276.25 277.86 0.118254
4 1260.91 255.37 1276.22 270.46 0.086456
3 719.95 92.14 739.55 118.24 0.111582
3 905.15 170.34 928.12 186.97 0.090188
4 194.95 114.38 214.50 142.44 0.132095
9 942.34 109.66 990.42 201.58 0.094413
4 0.27 201.61 51.09 283.44 0.088408
3 37.69 197.11 53.30 224.42 0.098998
3 797.89 117.67 814.49 137.97 0.082226
3 51.71 186.68 67.96 215.25 0.085936
