5 248.50 345.98 840.55 512.05 0.488265
6 316.17 248.76 854.09 378.79 0.378028
4 912.58 0.18 1079.59 50.15 0.411592
4 1277.97 13.53 1359.57 79.01 0.437130
4 859.14 117.49 900.66 172.76 0.306669
4 895.74 0.04 926.42 26.06 0.326721
1 338.18 366.50 394.79 405.07 0.303256
4 834.98 133.03 878.13 197.37 0.259352
4 225.38 584.44 343.43 735.65 0.310914
6 445.07 185.19 799.04 271.91 0.267303
4 802.47 193.12 872.43 280.23 0.198770
6 451.56 38.54 770.00 113.82 0.216684
4 225.03 585.11 879.92 764.06 0.298286
6 575.15 0.32 767.90 33.05 0.198924
4 830.55 174.27 871.51 209.88 0.205805
5 575.38 0.33 727.54 32.81 0.204806
4 738.19 32.11 769.30 65.59 0.183250
4 755.24 254.88 807.72 329.64 0.191460
6 552.23 76.87 817.93 136.08 0.313741
4 605.61 118.65 643.36 146.16 0.185030
6 454.89 73.20 645.93 111.99 0.141213
6 311.44 590.06 880.07 764.26 0.184582
6 425.61 246.99 746.05 321.65 0.174329
4 1155.72 0.09 1189.45 10.60 0.191828
4 497.55 130.51 600.20 160.37 0.141921
5 726.14 275.32 853.29 379.11 0.134254
6 447.32 60.04 693.20 87.00 0.093718
4 579.25 206.50 656.80 230.77 0.107340
1 225.08 584.39 343.35 735.82 0.084510
4 1301.70 0.35 1359.64 22.68 0.139585
4 727.46 0.00 764.40 19.24 0.155264
10 392.01 279.75 486.21 320.16 0.106859
6 249.02 1.94 897.92 512.76 0.208306
2 561.05 179.29 593.71 199.85 0.129136
6 497.74 131.21 603.21 179.90 0.121586
1 792.29 443.57 814.34 466.95 0.117116
5 752.26 387.54 840.02 511.09 0.105398
5 731.49 55.53 768.33 102.58 0.120277
4 1108.73 0.01 1139.90 9.62 0.171547
6 552.48 95.55 618.78 129.16 0.102657
1 1316.98 89.93 1359.54 175.93 0.110824
6 247.82 346.11 840.67 512.23 0.088670
5 513.52 296.64 609.38 325.89 0.090415
6 486.80 27.28 771.58 68.59 0.151449
4 497.43 136.28 535.69 158.92 0.080040
6 723.55 1.12 776.08 66.56 0.086914
10 732.73 439.87 760.96 466.86 0.098097
10 391.83 282.30 428.75 309.91 0.092109
4 1317.53 92.22 1359.52 132.30 0.124056
10 622.05 329.99 638.66 350.25 0.109994
1 766.62 321.57 792.44 349.33 0.103974
6 1277.65 4.05 1359.77 176.86 0.082503
6 486.82 44.70 570.86 67.04 0.089550
2 549.80 183.36 566.60 197.96 0.094115
10 710.05 439.98 762.53 492.31 0.105203
6 712.88 387.43 839.23 511.65 0.083823
6 711.91 140.45 836.86 199.32 0.080391
5 776.91 77.01 817.34 135.36 0.080326
6 497.30 119.93 643.36 161.35 0.123545
4 1108.62 0.14 1189.60 11.32 0.109696
2 580.58 182.65 593.68 197.78 0.094751
10 427.93 296.44 459.90 319.21 0.083911
3 484.88 191.55 569.65 227.07 0.082050
6 497.32 134.80 838.54 199.26 0.249246
4 914.31 1.86 928.10 26.32 0.090770
4 1339.78 122.33 1359.73 176.17 0.126151
6 726.16 255.77 852.92 379.06 0.088879
6 581.87 181.49 814.58 235.92 0.088645
