5 941.29 44.32 1358.85 367.24 0.714224
2 173.79 217.08 345.41 621.27 0.344644
1 262.09 219.19 343.07 423.24 0.503835
1 175.43 354.48 305.28 620.15 0.526057
4 819.07 17.01 875.06 54.55 0.171087
4 942.46 45.29 1192.50 238.39 0.146473
4 866.87 31.40 884.03 42.95 0.124514
4 838.73 0.14 862.36 19.90 0.110187
4 834.75 20.52 861.56 37.44 0.128435
4 821.40 15.83 934.16 67.54 0.091615
3 0.23 480.30 36.48 596.92 0.122094
3 940.01 72.45 1034.54 135.92 0.107878
10 273.99 454.33 293.02 478.84 0.106820
3 938.91 73.46 968.10 135.38 0.094798
4 838.05 20.64 883.20 43.39 0.096629
