6 871.29 925.85 1143.88 1079.22 0.685080
1 870.56 917.33 910.53 985.20 0.485799
4 1331.58 785.65 1439.99 905.88 0.506481
4 1467.69 441.51 1518.99 486.78 0.401614
4 1653.34 542.79 1720.47 601.68 0.442684
4 1519.56 505.33 1579.75 557.58 0.433492
4 1727.88 447.50 1782.32 493.24 0.462901
4 1780.49 703.32 1862.27 799.82 0.489353
4 1410.85 588.30 1491.80 661.00 0.460422
4 1653.95 377.79 1691.49 407.71 0.430562
4 1402.89 515.94 1465.31 571.09 0.446243
4 1233.09 712.65 1335.09 806.55 0.403894
4 976.69 375.64 1028.56 408.06 0.448414
4 1432.89 328.21 1468.66 358.05 0.387873
4 1570.19 816.46 1669.77 934.43 0.439096
1 1099.27 760.16 1132.56 815.25 0.507704
4 1638.92 445.04 1686.85 494.74 0.404114
4 1607.96 337.44 1641.13 363.01 0.398903
4 1870.70 601.29 1919.70 667.05 0.457996
4 1479.01 383.90 1517.62 417.29 0.367903
4 1550.05 406.83 1595.44 445.81 0.371629
4 1291.41 349.82 1354.56 381.62 0.354236
4 1564.34 363.10 1598.33 391.97 0.351847
4 911.02 449.67 959.50 498.38 0.411084
4 1503.97 355.39 1539.39 386.81 0.345780
4 1567.04 610.21 1640.21 682.15 0.457557
1 1056.68 754.44 1087.37 812.43 0.443564
4 1485.87 321.42 1519.16 351.70 0.320053
4 1547.71 447.56 1593.67 491.10 0.377687
4 1248.90 269.98 1288.94 308.99 0.415192
4 1231.59 318.07 1266.80 337.68 0.343215
4 1476.97 281.48 1506.69 307.87 0.301345
3 863.96 946.17 910.84 1005.03 0.458530
2 1099.24 782.47 1130.48 828.33 0.530937
4 1049.53 474.76 1124.11 530.67 0.319689
2 1056.34 774.90 1085.49 816.24 0.461284
4 1653.23 295.09 1720.46 359.63 0.276297
3 1056.07 775.45 1083.93 816.63 0.081168
4 1549.68 324.55 1586.79 360.10 0.292171
4 1517.70 316.25 1548.17 341.14 0.296502
4 1745.72 332.17 1762.36 348.29 0.197782
4 1452.42 250.85 1480.82 280.37 0.219001
4 424.50 171.50 442.34 189.88 0.268874
9 1766.34 133.48 1919.14 168.34 0.152681
4 1526.11 293.11 1558.97 319.97 0.265592
4 351.32 149.81 372.18 162.89 0.222155
5 878.65 410.37 959.02 499.88 0.182517
4 916.12 431.04 950.11 459.63 0.259979
4 467.87 175.54 496.29 203.55 0.218454
4 1001.53 308.42 1060.67 334.25 0.161472
4 762.96 860.93 796.35 885.58 0.137745
3 844.93 963.58 891.54 1004.92 0.109251
4 737.53 427.07 788.79 457.74 0.216007
4 1532.98 283.90 1557.74 302.13 0.128919
6 1412.54 196.67 1522.84 245.39 0.136952
9 996.69 217.69 1213.83 278.49 0.135312
6 13.49 155.78 217.16 198.71 0.142924
4 1334.21 312.46 1375.55 329.78 0.120547
9 1666.88 159.84 1752.02 203.40 0.084021
2 865.30 917.61 911.62 1002.60 0.082168
4 1663.68 295.81 1717.55 326.74 0.110986
4 1696.66 181.52 1744.35 202.54 0.112285
2 1055.63 754.36 1132.85 826.85 0.142264
1 881.17 918.59 908.27 953.20 0.131324
4 1522.45 271.14 1538.35 287.65 0.165502
6 1372.21 149.74 1402.64 189.21 0.128779
1 1103.42 685.66 1119.20 717.65 0.156728
1 737.16 251.32 762.39 295.30 0.092123
4 1425.65 221.25 1443.98 231.99 0.143835
6 878.97 410.67 952.05 492.24 0.112858
6 1131.12 383.22 1183.02 421.63 0.128611
4 1132.58 535.15 1176.95 557.11 0.117390
1 1075.77 708.58 1091.92 741.80 0.135772
4 586.49 340.30 651.53 385.46 0.083267
4 1413.32 233.32 1431.31 250.58 0.139257
4 385.13 161.91 401.02 170.44 0.092162
4 281.42 157.38 306.77 174.31 0.117279
4 472.15 190.85 495.54 204.73 0.100151
4 1471.54 274.29 1495.71 291.90 0.115820
4 947.56 482.86 999.04 524.82 0.094565
6 40.87 156.59 114.55 180.67 0.086112
4 703.94 405.23 730.11 420.83 0.092783
4 1320.70 361.39 1354.50 381.35 0.113230
4 1349.70 169.86 1372.61 182.44 0.099300
4 767.02 279.14 795.17 295.58 0.131772
4 321.73 119.87 337.00 132.84 0.098567
4 1725.93 262.63 1754.67 295.49 0.098434
4 1266.68 332.58 1305.57 354.54 0.102354
4 1072.31 253.56 1113.64 275.88 0.114445
6 1024.62 550.65 1085.26 622.49 0.083984
4 796.59 319.83 818.92 341.48 0.082482
2 867.38 946.03 894.07 985.60 0.082878
4 2.37 281.33 46.26 301.22 0.091490
4 706.20 406.55 789.15 458.35 0.093695
4 1286.53 349.69 1322.41 373.14 0.140021
1 857.05 814.89 877.65 848.96 0.105018
4 1184.52 275.43 1208.85 294.47 0.088773
3 1105.25 782.08 1131.51 814.38 0.082110
4 1103.88 257.15 1154.49 276.17 0.120483
3 867.85 971.68 888.10 1005.20 0.080003
3 1100.07 799.38 1115.98 828.23 0.113434
4 281.17 137.73 303.33 150.71 0.086351
4 1360.30 316.72 1375.28 328.01 0.090746
4 1464.94 268.34 1484.33 282.99 0.126122
4 704.40 405.83 745.54 433.85 0.130739
4 1452.69 249.43 1473.35 264.15 0.152980
2 737.01 247.27 770.67 295.46 0.086544
4 1001.80 315.95 1027.75 329.38 0.126529
6 1248.68 268.67 1302.89 309.28 0.160675
