1 218.28 523.84 316.38 710.72 0.617085
1 2.97 551.48 114.24 727.09 0.570151
1 1146.83 387.31 1207.70 551.38 0.631141
1 1002.28 333.75 1045.78 464.77 0.634759
1 998.02 529.41 1057.65 674.29 0.625129
1 80.00 84.37 118.53 170.89 0.524913
1 251.93 111.23 286.50 213.90 0.554779
1 519.73 118.39 552.55 206.01 0.553467
1 199.77 111.14 239.06 205.82 0.516660
1 422.46 47.31 441.03 117.04 0.564556
1 801.68 109.50 829.41 194.71 0.508858
1 570.99 0.12 588.21 35.77 0.484603
1 1110.72 7.98 1129.46 54.79 0.436400
1 1070.96 88.92 1103.89 166.73 0.579447
1 114.71 129.08 138.91 178.04 0.461855
1 1166.19 15.58 1198.63 74.32 0.408101
1 514.18 156.49 534.39 212.32 0.410694
1 1120.91 599.28 1171.58 694.47 0.473862
1 780.10 109.98 804.14 188.01 0.512375
2 4.57 83.70 48.97 182.77 0.148279
1 522.47 0.10 535.91 31.24 0.441803
2 1043.50 6.70 1090.61 43.38 0.445063
1 1239.83 0.08 1253.31 23.62 0.385902
1 57.97 0.12 83.89 34.28 0.343090
1 975.83 0.02 990.46 32.65 0.365939
1 76.63 0.12 100.70 33.73 0.346744
1 1293.53 0.04 1314.52 33.09 0.369977
1 1006.37 2.99 1025.10 35.06 0.294275
1 1191.29 0.17 1207.77 49.82 0.286982
1 1022.08 0.77 1039.35 36.51 0.306351
1 404.70 405.67 422.35 467.00 0.219460
1 19.56 119.77 48.65 183.02 0.325634
1 1303.40 285.43 1359.34 422.71 0.357608
2 779.91 107.97 829.31 195.54 0.139899
1 837.61 0.00 862.53 19.03 0.206249
3 194.68 534.45 234.79 563.65 0.131879
2 1146.53 387.10 1207.70 551.56 0.092061
2 58.19 0.16 100.53 34.64 0.155994
1 792.35 0.00 805.95 14.03 0.272588
3 1135.05 658.32 1155.02 694.57 0.148707
2 1171.96 3.02 1193.03 32.38 0.179198
2 1070.93 88.87 1103.90 166.78 0.086469
2 1170.71 0.29 1207.20 50.71 0.143994
2 337.84 469.31 356.02 533.11 0.108723
2 1005.91 0.86 1038.83 36.49 0.175448
2 1308.47 306.77 1359.11 409.21 0.129294
2 3.77 82.05 288.89 214.14 0.105768
2 1312.33 285.29 1359.22 339.83 0.132656
2 997.95 529.34 1057.59 674.33 0.082168
2 993.70 331.52 1209.43 695.56 0.098502
1 4.43 83.62 35.31 170.74 0.403989
2 422.54 47.18 441.06 117.18 0.084231
3 1133.12 623.04 1163.86 694.01 0.095248
2 1002.11 333.82 1045.69 464.75 0.083572
3 1042.49 8.84 1061.98 37.67 0.083183
1 1349.90 0.42 1359.86 33.65 0.346079
2 1239.65 0.00 1266.87 23.83 0.095868
2 268.19 121.09 285.64 152.03 0.089732
1 1255.40 0.00 1270.23 3.98 0.209199
2 850.74 0.22 863.20 18.55 0.117207
3 835.54 0.34 886.89 19.47 0.135652
2 836.56 0.00 849.42 18.02 0.144824
2 518.18 155.37 536.86 210.27 0.080882
2 18.38 118.97 39.30 170.78 0.089540
2 1339.48 285.38 1359.50 323.74 0.087622
2 200.33 111.09 227.38 201.69 0.146190
4 1004.60 12.27 1053.90 37.90 0.100558
