4 1535.01 906.85 1678.43 1066.38 0.493041
1 926.13 567.00 947.10 624.76 0.430009
1 958.41 511.72 973.65 554.84 0.414109
4 1472.24 778.64 1599.72 895.27 0.435573
4 1437.29 634.80 1528.33 726.54 0.444388
4 1372.93 558.92 1460.17 637.05 0.415518
4 1151.63 295.37 1209.46 359.71 0.372413
1 1046.57 618.50 1073.07 656.43 0.358709
2 1116.43 305.75 1131.32 332.45 0.346103
4 1073.16 170.13 1093.03 197.44 0.339809
5 1020.43 327.03 1076.07 404.35 0.413473
4 972.43 296.78 1034.65 354.01 0.240080
5 1262.76 387.94 1360.82 452.07 0.244050
5 1133.80 247.65 1206.54 302.91 0.215598
4 1068.86 118.45 1086.17 134.99 0.226508
5 1108.61 213.07 1189.44 260.98 0.184502
6 942.63 294.29 1007.59 438.39 0.182149
6 1108.53 212.72 1206.83 303.80 0.168764
4 1011.85 209.13 1039.18 239.64 0.188182
4 727.07 134.47 766.11 151.44 0.136826
1 939.24 664.90 966.36 691.18 0.246997
3 1585.37 504.05 1622.56 538.95 0.111595
4 1021.57 345.41 1074.94 403.27 0.136357
4 1017.77 175.08 1045.68 193.44 0.166812
4 1170.25 303.76 1207.90 329.13 0.158606
4 992.74 198.46 1005.09 211.64 0.219497
4 1031.11 143.20 1048.12 164.91 0.203941
4 1012.39 185.72 1031.42 206.81 0.266936
4 962.63 481.06 998.40 511.95 0.212078
4 1024.03 131.16 1042.16 148.42 0.183328
4 527.01 120.72 564.33 134.11 0.089643
6 1127.23 145.40 1185.55 173.85 0.120656
4 963.82 271.07 1050.90 306.67 0.118734
4 1000.56 235.05 1045.23 256.57 0.127125
4 1148.99 112.19 1193.49 145.12 0.111778
9 886.64 132.83 974.51 175.55 0.101965
2 958.46 511.57 973.72 554.86 0.082953
4 104.44 108.01 131.51 118.10 0.118989
4 774.58 133.37 820.39 156.33 0.174824
4 815.69 138.19 854.41 158.33 0.111555
6 1076.66 134.59 1120.16 162.69 0.089482
1 985.62 523.27 999.26 542.96 0.148228
3 967.24 463.23 995.50 484.63 0.097244
4 981.68 221.67 1001.43 234.95 0.157491
3 1234.33 405.62 1248.22 433.69 0.107286
1 982.93 495.72 1001.51 526.56 0.204134
4 1166.67 324.02 1207.14 359.83 0.157514
6 891.65 95.66 998.70 137.35 0.143675
4 1047.33 100.95 1058.97 114.22 0.142597
3 1245.63 431.76 1263.01 460.74 0.115700
4 1057.67 86.04 1071.37 102.10 0.155292
4 219.18 96.33 268.05 112.87 0.092182
6 1097.53 177.04 1144.16 205.45 0.122482
6 998.23 105.60 1034.55 129.22 0.095682
4 394.81 114.10 436.16 127.71 0.096410
4 1151.26 294.98 1173.17 343.27 0.129708
4 255.35 109.89 285.40 125.77 0.088602
4 705.22 129.94 730.88 144.83 0.112039
4 422.41 115.74 435.99 127.05 0.115342
4 1229.18 284.28 1248.31 295.76 0.123775
3 1553.39 485.62 1633.88 538.21 0.098804
4 1178.45 124.83 1195.21 142.21 0.118985
9 1.02 54.22 289.92 117.42 0.114634
1 950.63 620.77 974.74 643.74 0.126761
4 1008.61 73.74 1024.17 90.58 0.105611
1 1057.69 618.66 1073.53 643.84 0.107116
4 304.60 111.89 322.27 123.62 0.091921
4 751.63 144.31 782.38 157.17 0.110792
4 1855.89 109.68 1918.95 128.03 0.083437
9 482.92 122.80 532.15 133.56 0.090359
4 550.13 122.10 565.05 134.00 0.110057
4 155.93 110.68 194.00 123.58 0.095061
4 1089.75 58.28 1106.64 73.95 0.114719
3 1819.41 539.94 1847.99 576.40 0.081585
4 1001.65 325.47 1031.26 354.44 0.106593
1 1067.60 399.35 1080.32 426.51 0.091883
3 1231.02 401.07 1264.09 460.29 0.086929
4 1323.53 126.88 1354.61 147.34 0.085864
4 975.10 271.70 1000.78 298.61 0.105961
4 1098.43 144.78 1121.95 161.92 0.099536
9 591.75 128.76 647.48 141.39 0.081423
4 561.75 126.73 584.94 136.02 0.087418
4 1371.11 555.05 1679.44 1069.38 0.123163
9 776.27 115.39 861.67 155.59 0.097241
4 1129.51 155.53 1149.70 176.03 0.119693
4 1117.00 315.58 1131.09 332.38 0.199145
4 1090.13 156.38 1109.26 173.03 0.106587
4 590.03 128.99 609.19 138.73 0.083644
2 926.51 567.48 947.36 625.03 0.091875
6 750.18 132.72 822.05 158.96 0.081341
4 1080.70 100.10 1096.90 113.37 0.090951
3 962.10 464.43 1001.50 512.54 0.101250
4 1102.36 72.19 1120.05 88.83 0.101314
4 1006.19 86.03 1028.17 106.06 0.082457
10 1753.66 656.32 1778.76 685.15 0.084744
2 956.87 665.82 967.45 681.66 0.087040
4 1076.71 137.14 1102.85 156.92 0.089448
4 1031.75 66.09 1046.23 78.99 0.081756
4 525.48 123.47 541.28 132.95 0.093417
6 971.66 296.31 1076.51 404.53 0.126052
4 961.39 286.86 982.00 305.45 0.092603
4 816.04 146.35 841.22 159.77 0.082465
6 1122.29 179.45 1143.09 203.27 0.097629
6 965.59 232.91 1051.90 306.37 0.101618
4 887.61 132.99 909.25 154.40 0.094286
4 1133.75 246.85 1169.71 274.85 0.097787
