5 407.68 186.21 440.67 203.74 0.466006
4 487.59 356.82 516.40 384.92 0.406230
6 594.90 352.93 676.79 453.87 0.256718
7 640.88 415.75 676.13 453.67 0.309986
4 473.58 271.68 491.53 289.57 0.362781
4 377.25 170.89 392.09 179.99 0.404126
4 217.51 331.65 259.06 353.80 0.329502
1 645.14 392.88 653.63 414.14 0.332731
4 601.06 191.21 624.47 203.51 0.267685
4 491.55 238.12 506.81 250.98 0.315969
4 233.19 318.67 276.01 337.53 0.332568
4 469.75 251.26 485.58 268.76 0.344273
4 512.87 309.07 535.56 330.36 0.349004
4 477.27 303.73 506.04 341.39 0.322318
1 326.00 524.34 336.91 539.44 0.280296
4 496.17 249.36 511.90 263.16 0.298122
2 537.18 194.20 562.82 204.78 0.307377
1 522.85 247.23 530.08 263.00 0.295014
4 507.75 290.08 529.39 308.74 0.319242
4 504.96 274.11 523.26 290.82 0.305934
4 430.09 164.11 439.48 173.70 0.305968
6 542.23 143.11 566.35 151.03 0.306086
4 498.25 260.81 515.22 276.01 0.296064
1 420.60 223.20 428.98 238.00 0.284607
6 165.80 479.30 257.83 539.46 0.218045
4 528.56 325.17 549.89 352.08 0.303924
4 464.27 168.51 475.58 179.03 0.214510
4 542.98 157.86 551.46 164.78 0.338523
9 571.39 135.02 590.27 144.55 0.230688
1 468.15 228.16 474.21 241.41 0.256946
7 66.83 477.87 143.95 539.54 0.164240
4 525.03 129.47 532.48 135.86 0.294976
4 475.51 170.01 487.34 179.60 0.216484
6 499.59 104.59 530.94 123.67 0.253733
4 289.32 199.71 304.69 212.41 0.276787
1 527.91 210.12 536.76 222.27 0.240328
1 103.41 502.63 131.44 538.10 0.206583
6 279.94 483.86 366.42 539.29 0.182298
4 487.21 161.30 497.03 170.21 0.196035
5 320.42 498.93 366.63 533.27 0.182930
4 307.99 244.30 329.50 265.09 0.220850
4 308.06 244.33 317.62 258.65 0.237435
4 542.64 143.19 554.51 149.88 0.230734
5 303.38 451.11 356.38 498.60 0.225502
6 510.34 133.60 520.22 145.71 0.190949
4 573.83 161.82 585.88 170.09 0.207916
1 453.43 209.69 462.75 221.53 0.208462
4 569.60 146.72 578.72 155.12 0.179268
1 348.34 293.70 360.99 316.06 0.125746
1 275.32 274.90 282.30 289.30 0.172236
7 165.63 421.40 268.04 539.23 0.129466
9 553.34 144.03 566.14 150.66 0.164317
4 574.38 161.49 596.06 172.42 0.195440
4 125.08 451.57 166.78 484.34 0.144963
4 322.39 289.03 337.63 299.88 0.090140
4 395.80 200.65 403.75 206.85 0.141403
3 678.58 457.61 699.55 480.73 0.120255
7 596.47 364.86 621.16 404.57 0.111245
4 582.06 152.79 595.13 159.46 0.154197
6 472.90 116.99 494.89 134.63 0.153810
3 40.77 243.12 83.80 266.40 0.188765
6 594.85 353.29 621.98 404.34 0.166680
4 389.58 194.87 397.33 203.91 0.160644
6 514.50 110.97 531.58 123.86 0.110826
7 626.13 397.74 643.44 419.51 0.124781
4 302.45 405.74 329.49 437.33 0.137457
1 544.00 194.61 552.83 205.04 0.139246
4 512.09 126.04 518.36 131.94 0.166309
7 290.41 405.55 331.27 466.17 0.109929
7 195.54 421.80 267.15 449.27 0.082816
7 334.54 451.42 356.44 495.32 0.094812
3 199.56 341.85 210.66 360.88 0.097137
7 240.25 422.95 277.52 472.39 0.085774
1 458.42 228.50 464.73 242.11 0.198507
4 225.76 422.95 238.74 443.54 0.099520
4 591.56 198.23 608.28 210.58 0.122424
4 594.66 353.19 611.50 369.37 0.121946
2 419.29 209.84 466.61 241.86 0.089496
4 195.75 422.50 238.73 449.32 0.155278
3 451.65 175.43 462.67 185.22 0.110783
4 460.29 146.34 474.23 153.99 0.108046
4 466.98 157.67 474.13 167.44 0.107530
4 554.46 111.82 561.64 118.99 0.127290
1 350.33 302.08 357.32 316.29 0.144393
4 0.66 445.39 69.27 510.02 0.116652
7 594.85 352.84 647.22 418.92 0.119423
1 610.45 183.57 617.18 195.76 0.133830
3 453.60 213.66 463.23 221.46 0.105680
2 239.25 310.17 261.02 324.42 0.088744
9 452.84 144.86 474.44 155.96 0.108406
4 481.70 164.71 492.27 172.58 0.155883
6 300.32 424.54 331.45 465.45 0.124924
1 303.17 287.56 311.74 297.36 0.096632
1 443.22 218.26 452.07 231.66 0.140699
3 318.46 377.89 333.57 395.89 0.111463
4 494.44 145.06 498.62 150.30 0.105730
3 595.41 169.75 602.12 178.17 0.110494
4 506.78 221.87 513.90 231.16 0.131716
4 192.79 333.79 211.90 353.73 0.084742
6 322.62 154.55 363.65 176.04 0.136214
1 494.73 226.73 502.07 237.58 0.187024
4 459.39 149.26 466.80 155.59 0.152707
1 281.01 259.67 291.60 283.37 0.091564
4 364.90 270.99 376.67 281.40 0.116626
4 523.44 114.91 535.05 125.61 0.121939
4 544.92 115.19 551.11 120.90 0.115886
1 419.48 197.50 425.21 208.40 0.108251
7 0.42 444.67 69.84 538.95 0.116620
7 185.60 446.71 223.95 492.28 0.122162
2 418.37 207.32 551.92 385.67 0.110318
3 255.16 332.71 265.02 345.82 0.111021
1 253.87 310.82 260.91 319.80 0.115441
4 403.77 145.48 414.26 154.72 0.099290
1 183.45 463.89 195.25 487.16 0.115937
9 581.07 153.40 597.01 162.56 0.113051
7 408.01 196.36 425.40 209.28 0.084366
4 388.18 196.58 403.44 206.53 0.170591
1 636.72 383.52 646.19 403.32 0.115423
7 240.65 422.92 267.71 443.07 0.108664
4 201.00 320.36 226.91 332.73 0.141597
1 324.23 328.69 336.69 351.06 0.080305
2 511.85 213.18 518.31 223.81 0.094600
7 148.17 456.51 190.07 500.65 0.110375
9 514.56 111.04 530.12 121.44 0.098185
4 537.10 195.32 549.51 204.27 0.117468
4 448.96 154.49 458.48 162.53 0.093517
2 546.88 165.49 551.42 173.63 0.086011
1 407.89 197.63 413.29 209.09 0.129902
4 229.87 326.97 266.10 344.10 0.142316
6 389.89 185.49 440.57 205.99 0.099305
2 637.05 383.53 654.00 415.05 0.096300
4 574.95 120.41 586.65 128.93 0.096637
9 326.21 154.33 363.54 167.13 0.115831
4 626.65 171.01 634.52 178.25 0.096750
2 457.30 210.51 463.03 220.97 0.087701
7 300.72 498.30 366.64 539.42 0.129887
9 574.73 152.62 597.58 170.35 0.094007
1 515.77 212.85 521.50 223.32 0.116824
4 464.33 160.22 497.66 180.57 0.107510
4 477.44 126.67 486.88 134.77 0.083411
2 418.47 208.74 537.81 241.40 0.094459
9 807.18 136.91 846.00 154.89 0.096480
6 299.70 489.70 332.67 539.67 0.082943
7 594.71 353.34 612.03 392.01 0.086154
4 20.29 446.99 67.05 475.52 0.107381
7 289.94 435.53 321.55 465.50 0.081921
4 551.11 194.86 562.35 204.26 0.086773
4 221.98 309.78 260.55 329.55 0.090933
