5 157.14 248.74 689.06 786.57 0.337577
1 156.60 248.83 690.62 786.62 0.102025
10 161.43 249.04 613.26 787.07 0.165423
4 38.22 44.64 90.45 109.42 0.299678
2 94.26 594.09 164.64 666.66 0.226727
4 159.02 713.05 197.29 739.86 0.188550
6 153.43 1.13 1008.85 785.95 0.137085
5 3.15 1.32 1014.33 785.94 0.182532
4 948.17 594.54 995.79 653.08 0.187481
2 748.89 36.38 772.30 67.76 0.153936
1 124.23 412.37 155.13 438.27 0.154227
2 95.19 595.04 121.77 636.88 0.135022
4 158.35 676.09 200.63 740.06 0.169077
4 911.86 481.51 997.53 654.58 0.121526
10 594.37 0.89 1009.54 785.24 0.111864
4 273.38 551.19 316.67 598.57 0.099823
4 101.54 246.21 202.93 296.84 0.117949
2 147.25 597.83 162.46 612.71 0.117672
1 306.40 469.72 425.81 718.72 0.082451
2 108.86 597.22 123.26 616.58 0.105661
3 52.19 596.14 122.92 652.93 0.082043
2 90.40 0.77 316.28 298.64 0.084224
2 130.01 602.71 144.78 621.52 0.094266
4 609.63 0.50 694.50 34.35 0.084653
2 652.46 74.90 672.96 111.72 0.086704
2 149.46 621.68 160.05 638.84 0.088824
2 55.42 574.11 171.49 701.00 0.088894
