4 529.90 594.61 650.43 808.85 0.533150
4 53.07 811.59 286.39 1014.72 0.516854
4 839.02 488.48 1030.07 669.93 0.461224
4 667.18 565.81 776.34 748.34 0.512448
3 1147.12 245.98 1220.86 312.01 0.503025
4 751.97 676.05 874.49 894.33 0.479063
4 1080.56 669.40 1320.95 821.89 0.422659
4 823.40 71.84 912.71 198.37 0.375554
4 0.24 645.08 106.39 738.74 0.408220
4 303.42 43.02 409.28 155.56 0.385826
1 0.37 240.60 53.91 298.11 0.363782
4 697.08 43.42 772.81 163.83 0.336167
2 373.83 885.34 587.87 1028.39 0.351209
1 72.42 230.48 110.35 273.66 0.339596
1 980.13 439.02 1040.02 499.08 0.374652
6 1104.39 500.72 1309.84 644.37 0.341633
1 976.60 250.55 1024.44 301.52 0.350112
6 1044.76 151.94 1326.56 254.55 0.306107
4 112.82 0.30 221.85 108.20 0.326397
4 655.38 258.38 753.25 453.30 0.250650
1 310.98 617.91 438.72 820.31 0.263125
3 436.53 296.53 549.96 421.25 0.230048
2 440.17 3.65 556.34 202.23 0.255784
1 0.08 410.81 61.43 441.76 0.283324
4 601.12 1006.84 847.41 1049.43 0.305216
2 264.38 489.07 450.73 638.44 0.188093
2 1147.85 241.78 1218.00 311.01 0.110688
1 159.51 422.59 224.94 497.48 0.299814
4 467.35 298.05 549.50 406.54 0.203832
2 1.18 229.62 124.81 299.31 0.181028
1 1158.14 239.68 1199.32 277.06 0.240262
3 272.04 596.72 319.89 638.74 0.165306
1 1158.28 385.54 1218.02 482.50 0.215940
1 457.17 311.86 491.86 355.70 0.164826
1 470.60 267.11 507.29 312.81 0.181510
4 0.21 0.13 125.24 193.69 0.230435
4 34.67 543.17 254.97 656.30 0.241298
7 299.98 280.06 466.35 378.96 0.160407
2 959.91 194.65 1026.14 260.96 0.210867
1 349.42 337.56 390.14 401.21 0.168206
4 1335.72 279.55 1399.14 340.79 0.212051
1 1353.11 0.37 1393.68 62.67 0.177431
4 302.90 197.66 405.63 306.01 0.140428
1 410.69 502.02 451.83 549.19 0.183147
4 386.90 284.14 467.97 373.91 0.133915
6 1042.24 1.08 1398.74 283.28 0.137642
6 814.46 69.46 921.78 375.30 0.128183
3 264.74 506.63 376.37 638.17 0.198715
3 962.39 161.47 1030.30 259.97 0.158480
2 292.88 506.20 373.84 537.51 0.129045
7 411.85 265.58 550.43 414.58 0.137462
10 311.21 658.96 411.91 814.51 0.149074
1 1160.19 385.32 1214.64 423.38 0.207412
7 37.40 573.05 255.42 655.41 0.107204
4 1377.00 656.94 1399.75 735.50 0.121046
2 300.57 278.63 395.36 415.50 0.088698
2 372.76 2.79 453.55 49.77 0.222436
3 971.91 230.39 1003.28 261.53 0.174765
2 457.51 267.29 506.88 354.25 0.096267
4 270.11 363.55 395.26 469.54 0.085358
2 993.86 250.51 1022.78 277.02 0.085521
2 894.58 541.52 922.52 575.88 0.136971
2 270.09 508.92 346.89 551.60 0.093988
1 959.93 195.55 1001.78 257.45 0.169353
3 300.33 300.19 369.31 376.83 0.167875
4 1000.49 241.63 1049.99 288.11 0.110711
7 1042.95 151.21 1327.50 313.91 0.115279
7 1105.42 518.63 1215.18 616.78 0.107288
1 974.83 595.59 1029.23 663.52 0.139988
2 88.63 242.88 110.63 271.82 0.124473
1 1036.20 585.94 1070.83 623.74 0.137519
4 892.42 173.97 927.46 256.91 0.109553
4 0.16 511.35 17.15 549.55 0.097542
4 0.32 386.73 71.09 438.67 0.123152
3 1104.68 541.15 1283.89 644.48 0.140875
1 1118.28 7.58 1166.02 69.63 0.117844
4 826.63 177.41 915.41 374.03 0.080076
2 466.96 267.17 549.65 367.63 0.136830
10 265.64 524.39 368.34 608.61 0.089391
2 2.66 0.80 1395.65 1047.89 0.087243
2 1161.09 444.94 1209.84 481.78 0.118332
7 0.83 548.16 255.12 738.67 0.120610
9 1045.15 77.33 1398.14 257.12 0.134827
6 0.19 0.27 222.13 193.34 0.191976
1 894.72 527.39 938.59 575.29 0.172247
4 744.91 869.37 846.51 983.87 0.163232
4 163.51 287.05 230.15 370.01 0.080841
1 6.47 457.05 78.52 537.21 0.136773
7 299.69 40.85 462.02 375.86 0.129373
2 273.83 493.68 452.33 556.80 0.109394
10 374.58 886.31 587.04 993.96 0.108679
2 460.15 310.75 532.80 360.16 0.152325
10 469.99 12.56 554.49 198.51 0.140908
4 952.40 64.40 1016.31 155.11 0.145317
4 1184.09 501.23 1309.26 595.72 0.129442
4 0.16 510.60 45.67 565.02 0.109726
4 971.74 160.78 1023.57 222.53 0.106857
10 489.92 363.95 514.77 401.32 0.107354
2 159.43 422.99 196.67 483.82 0.097952
1 96.11 418.80 145.19 477.46 0.139317
7 300.25 328.13 365.65 376.52 0.084205
4 1093.64 0.70 1338.33 102.36 0.090156
3 268.66 483.94 397.18 559.11 0.083381
7 43.29 473.94 217.42 570.76 0.103068
4 0.14 797.34 14.13 864.84 0.114122
2 1000.25 210.67 1027.13 254.14 0.106528
4 549.43 0.07 658.68 104.83 0.085419
2 595.19 0.48 658.90 103.62 0.101627
3 0.00 251.02 51.41 298.61 0.098848
2 310.61 279.57 368.18 335.13 0.138951
2 1097.34 231.58 1134.57 258.89 0.094376
7 959.89 194.17 1044.95 271.97 0.089254
4 214.52 1014.29 268.53 1049.44 0.108172
3 263.77 423.62 466.16 638.21 0.129672
2 157.59 882.14 203.66 925.42 0.105076
2 349.09 359.72 395.87 426.77 0.094929
2 310.42 305.71 334.76 338.62 0.103475
2 840.03 317.84 873.80 375.00 0.142832
6 302.96 137.20 414.07 304.56 0.086489
4 938.72 0.98 991.87 79.12 0.093580
2 1365.76 303.05 1396.91 337.25 0.142020
7 385.37 305.98 461.52 374.11 0.101026
2 367.97 502.06 452.14 551.74 0.103337
2 52.70 419.13 144.11 496.81 0.139150
4 1168.77 0.09 1289.29 41.85 0.100565
2 74.17 230.81 97.01 266.26 0.085660
2 376.99 49.22 393.92 80.22 0.109350
2 1117.57 0.57 1197.09 70.63 0.088098
5 303.12 43.68 416.70 254.77 0.095154
2 1121.33 517.58 1188.60 594.76 0.102311
10 1138.51 688.76 1202.51 765.67 0.080676
2 1231.73 0.19 1289.43 43.74 0.080824
4 0.22 457.77 57.59 574.59 0.088243
1 1121.88 518.24 1175.82 557.21 0.261467
7 1120.63 500.95 1308.79 597.59 0.086147
4 829.62 172.03 926.31 258.69 0.144827
1 434.60 312.10 488.92 422.35 0.098214
2 1.59 410.50 230.29 543.02 0.097607
7 968.54 159.69 1134.41 261.94 0.128019
7 263.81 352.69 477.03 639.12 0.083013
2 761.20 274.30 787.25 322.92 0.094157
10 662.83 290.87 741.69 433.88 0.088986
2 291.06 418.88 341.40 470.87 0.082489
4 86.23 1012.72 269.57 1048.95 0.081051
2 959.39 195.30 982.76 224.07 0.091858
2 396.23 16.68 426.39 48.37 0.088273
