4 1050.93 996.06 1086.69 1020.76 0.479745
10 409.58 544.88 594.12 682.53 0.334597
10 442.24 572.05 505.03 636.97 0.275666
5 645.09 157.73 666.17 239.10 0.231949
4 549.68 520.18 566.20 532.18 0.230617
4 778.48 587.33 792.34 618.72 0.252008
4 1055.38 1025.10 1109.44 1049.75 0.243754
5 1109.52 210.85 1124.20 242.50 0.189067
4 819.37 599.79 836.35 611.68 0.158281
4 841.58 660.76 859.33 688.28 0.156212
4 719.47 589.80 752.27 607.84 0.155445
4 534.86 503.81 548.38 513.92 0.131299
6 1068.12 116.26 1129.48 166.91 0.146848
1 650.28 58.63 665.73 92.06 0.179460
6 1182.51 114.56 1210.53 154.42 0.138052
4 524.17 445.64 548.80 463.12 0.098094
6 689.92 558.01 771.29 603.71 0.162395
4 1003.29 564.25 1035.30 579.11 0.099932
4 715.67 564.44 765.66 590.99 0.124371
6 1096.05 143.50 1130.39 168.92 0.101337
6 1091.35 922.62 1132.91 969.80 0.098668
6 1019.37 983.68 1030.84 1012.60 0.111290
4 478.30 519.74 497.82 535.03 0.099145
4 530.21 477.13 549.47 489.38 0.090838
6 691.89 561.09 717.15 593.85 0.098625
4 1327.82 470.89 1344.34 487.20 0.085977
10 722.10 611.90 741.18 630.78 0.118465
1 505.58 243.48 524.28 264.99 0.090069
4 1091.82 923.21 1131.70 949.29 0.112891
6 1067.91 2.85 1287.34 173.31 0.118841
9 527.32 515.88 567.46 533.45 0.107065
1 1071.80 18.61 1090.73 45.70 0.093732
6 645.47 584.75 663.92 652.76 0.104506
4 1102.55 952.72 1120.45 969.65 0.094248
4 1067.95 595.69 1083.84 608.84 0.088606
6 718.94 592.13 752.52 631.41 0.098002
5 1281.86 87.16 1301.78 120.99 0.105743
4 1124.30 828.52 1141.67 840.86 0.081994
4 965.16 987.18 979.32 1008.77 0.118407
4 716.99 570.33 745.65 585.82 0.096045
1 736.91 604.76 771.73 675.53 0.115761
1 752.39 605.89 769.32 634.95 0.080479
5 650.98 965.37 664.52 994.47 0.096855
4 1317.05 728.32 1397.11 799.31 0.086256
6 1112.68 120.19 1128.53 142.02 0.092664
6 1050.28 922.80 1134.27 1049.46 0.099625
