4 637.34 567.89 666.68 601.02 0.406144
4 691.09 599.27 710.44 617.37 0.290438
4 618.88 512.14 648.98 542.41 0.258567
4 710.39 631.78 744.23 675.39 0.254641
4 433.36 230.00 448.66 248.08 0.237455
4 600.97 389.61 627.33 410.53 0.253898
4 642.42 541.17 670.00 567.48 0.249864
4 284.12 10.27 311.88 33.07 0.182867
4 671.84 698.74 701.07 726.91 0.232344
4 186.23 212.96 212.18 236.38 0.187454
4 654.06 632.10 687.03 667.30 0.231402
4 506.37 375.69 533.82 401.73 0.195248
4 817.22 65.48 864.51 97.70 0.174146
4 738.87 744.43 766.10 781.29 0.185370
6 537.19 446.67 608.59 523.83 0.159493
4 888.92 41.62 915.61 62.84 0.155385
4 570.91 455.02 604.30 488.03 0.206705
4 881.25 290.38 901.52 315.07 0.168551
4 336.33 152.90 352.21 170.50 0.159667
4 659.73 661.63 681.56 691.46 0.186043
4 673.64 617.85 692.26 633.59 0.185382
4 801.50 91.59 834.19 113.55 0.137833
1 718.06 691.02 744.94 726.02 0.201620
4 387.30 347.99 403.24 362.30 0.151809
4 440.11 271.18 470.07 292.78 0.156132
2 5.40 2.29 1394.15 785.99 0.136360
4 686.62 717.81 701.94 736.39 0.143937
4 803.37 133.76 816.46 158.68 0.124060
4 454.85 358.46 475.93 379.83 0.152025
4 464.27 327.23 486.03 348.92 0.161839
4 482.66 350.75 506.93 373.79 0.172986
4 810.17 163.32 827.71 181.09 0.135889
4 369.54 163.99 381.98 174.92 0.134416
6 322.62 53.12 343.47 82.53 0.126570
4 556.38 517.32 578.91 535.78 0.109140
4 381.51 668.56 411.27 698.59 0.143007
4 697.94 732.75 725.42 760.97 0.122562
4 1278.35 13.99 1307.29 39.05 0.128852
4 456.10 229.22 476.98 249.22 0.129755
4 653.04 631.75 674.32 645.87 0.136839
4 450.18 254.68 479.71 272.99 0.123423
4 732.91 30.44 755.63 50.34 0.147249
4 385.03 330.64 402.81 345.77 0.154520
4 198.80 86.76 214.49 101.17 0.124266
4 959.10 154.03 977.18 169.32 0.107644
4 120.76 145.83 151.31 170.87 0.131571
4 659.33 519.45 674.28 534.28 0.112868
4 670.60 650.64 686.92 667.09 0.139208
4 864.34 542.19 892.08 572.16 0.121059
4 1078.54 259.49 1101.75 273.97 0.087672
4 124.65 39.99 151.41 55.80 0.115781
4 1115.58 34.39 1138.78 52.37 0.097325
4 798.88 381.16 836.50 422.99 0.103121
4 542.67 392.32 571.54 419.27 0.102704
4 879.40 588.96 908.26 612.52 0.096773
4 921.85 48.05 943.71 63.35 0.091548
4 588.99 474.02 604.48 487.89 0.104736
4 345.66 328.95 363.51 344.10 0.117916
1 1.33 165.12 453.92 786.55 0.097286
4 360.44 375.40 377.25 391.54 0.117096
4 308.04 354.14 324.25 376.99 0.111745
6 1168.24 681.09 1247.82 774.30 0.082249
6 801.89 49.60 841.05 79.89 0.093323
4 1115.24 702.35 1143.62 730.67 0.092685
4 388.97 187.21 401.51 200.52 0.140445
4 420.06 265.51 430.56 276.87 0.084634
4 237.94 72.91 253.61 93.75 0.093202
4 598.47 482.38 626.22 513.55 0.149552
4 903.92 258.03 930.14 279.09 0.087407
6 402.57 165.80 490.33 228.28 0.094304
4 346.99 186.80 360.90 202.14 0.112385
4 401.46 243.07 420.43 262.20 0.107143
4 351.35 348.57 368.24 363.32 0.105214
4 485.31 245.97 497.23 259.05 0.100612
4 159.79 60.60 173.18 73.06 0.111416
4 896.58 316.31 918.25 337.92 0.110383
4 1202.37 15.76 1222.88 35.28 0.092838
4 472.94 222.58 491.56 240.23 0.096498
4 675.17 619.16 703.98 654.44 0.106856
5 673.26 703.28 701.24 726.35 0.195072
6 669.33 503.77 723.39 577.12 0.083963
4 614.93 581.50 627.92 597.75 0.112725
6 840.93 158.43 862.43 181.04 0.090872
4 614.84 580.63 639.48 615.51 0.090006
6 671.06 699.45 702.66 736.27 0.097499
6 483.78 135.45 747.74 393.30 0.085433
4 648.51 582.76 666.02 600.52 0.110228
