1 556.71 235.99 574.16 254.88 0.367730
1 286.11 299.99 303.35 319.47 0.323463
1 1227.05 710.68 1267.41 771.75 0.304477
1 279.55 167.58 294.41 191.25 0.361938
1 755.51 659.26 768.25 683.01 0.300488
3 746.29 675.27 795.27 742.45 0.252846
1 649.83 259.36 663.50 275.45 0.340815
2 1350.34 734.48 1375.45 758.77 0.320461
1 646.03 181.99 659.17 200.86 0.309614
1 632.65 195.74 645.82 216.79 0.322598
1 831.82 536.39 842.92 556.12 0.282278
1 611.38 204.23 623.11 220.21 0.306013
1 480.11 324.73 499.51 355.11 0.243994
1 494.77 390.80 510.91 412.87 0.300962
4 1230.10 239.92 1263.09 261.20 0.192793
2 1236.07 766.40 1279.88 787.66 0.275341
3 342.57 542.93 372.12 567.90 0.186374
2 613.31 116.90 650.06 160.08 0.254840
4 333.09 482.94 346.64 493.04 0.211730
2 1001.30 399.65 1010.64 418.37 0.201734
1 785.94 558.77 797.02 574.43 0.252978
4 229.70 709.97 245.30 731.21 0.227036
2 668.27 571.25 684.49 583.09 0.197056
1 1265.45 179.35 1281.22 206.12 0.189532
1 1182.78 143.74 1203.87 177.13 0.195749
1 726.46 652.28 740.29 682.53 0.204688
2 611.40 180.90 660.06 222.63 0.151285
3 1333.12 734.53 1375.88 768.49 0.256578
2 507.40 433.49 520.45 453.61 0.204083
4 1118.15 525.61 1130.48 538.23 0.172845
1 606.80 746.60 645.08 785.57 0.229842
4 966.26 780.63 984.26 787.79 0.149656
2 47.93 640.41 60.62 669.60 0.143901
2 1046.58 285.35 1070.26 310.48 0.173553
4 476.05 637.23 526.40 676.09 0.141786
2 1302.85 557.92 1324.50 580.39 0.147863
1 343.88 478.45 354.08 496.60 0.162948
4 1092.96 220.97 1127.26 250.22 0.162817
1 270.56 131.73 288.01 149.25 0.167113
2 1046.43 293.01 1058.78 308.55 0.133763
1 690.86 656.69 706.67 676.16 0.237575
2 990.90 402.22 999.26 420.66 0.191667
2 1375.97 645.49 1387.02 655.99 0.094692
1 1257.09 136.21 1272.24 180.34 0.150209
4 241.65 96.36 268.74 110.75 0.122393
2 1049.93 232.21 1064.34 266.79 0.115968
2 1232.85 569.79 1249.22 595.49 0.122963
2 690.63 656.69 700.95 673.81 0.091180
4 1257.00 226.04 1280.86 238.75 0.119411
4 1257.58 227.91 1269.39 237.93 0.092471
2 62.83 70.22 82.15 91.36 0.218919
4 974.66 484.82 987.24 496.68 0.166582
2 1259.24 708.97 1270.37 722.29 0.131613
2 293.36 156.29 308.37 170.39 0.156986
1 349.00 549.99 362.45 567.67 0.152655
2 1182.46 129.76 1218.11 177.16 0.173862
4 1205.18 239.23 1225.46 253.47 0.121410
2 1047.01 232.03 1058.64 247.99 0.116195
4 952.57 489.92 968.50 503.01 0.141762
2 479.53 325.04 502.28 366.29 0.130104
3 691.00 639.01 796.26 742.62 0.090402
2 726.89 652.55 737.74 669.21 0.171588
4 211.20 78.57 223.55 93.32 0.149897
4 1081.67 686.15 1092.98 697.95 0.096407
2 1181.46 129.42 1282.41 213.19 0.093810
1 1250.43 176.53 1281.47 212.68 0.170448
3 1249.68 187.60 1281.88 213.99 0.103736
4 1346.93 481.56 1358.81 492.36 0.088855
2 1228.27 723.14 1253.39 741.12 0.134773
6 944.52 454.83 964.12 485.91 0.095188
2 1078.83 228.35 1093.24 248.91 0.110191
2 368.48 183.43 378.85 198.39 0.134377
2 643.85 215.72 654.75 231.81 0.166132
4 476.96 652.23 493.90 674.05 0.148698
4 1176.39 234.00 1237.61 277.49 0.102747
1 835.62 240.55 854.26 256.39 0.156600
2 198.25 285.61 208.20 304.16 0.177722
6 1229.94 224.39 1327.16 262.70 0.093931
2 967.56 380.87 985.71 399.85 0.094850
4 1102.12 524.76 1133.27 539.29 0.093495
3 1235.73 749.03 1319.13 787.58 0.093974
2 343.55 469.35 360.22 496.23 0.106965
2 664.74 534.71 844.55 585.20 0.084115
3 1326.97 514.68 1341.70 542.49 0.127768
2 479.78 324.11 520.97 454.29 0.121817
2 1302.33 748.96 1319.93 783.42 0.103679
4 345.30 468.52 359.94 478.68 0.083895
2 1200.81 130.68 1218.44 154.71 0.105998
2 404.42 74.42 424.67 109.30 0.080110
4 342.63 542.45 372.78 557.51 0.102667
2 746.36 573.40 754.34 581.87 0.108752
4 1154.96 205.28 1177.29 230.07 0.080021
2 1165.38 210.04 1175.86 231.07 0.113398
2 1227.29 557.23 1327.10 641.33 0.090865
2 270.45 132.61 280.98 146.24 0.111888
3 611.08 185.77 671.68 232.04 0.153658
2 832.51 536.55 841.99 547.43 0.098469
2 1051.62 253.19 1062.63 267.26 0.096639
2 367.66 183.24 386.45 213.50 0.093705
2 1226.96 721.73 1237.45 737.08 0.083347
2 737.95 573.50 753.94 583.47 0.084186
2 663.32 530.36 845.98 742.66 0.094943
3 1020.42 764.56 1058.58 787.59 0.089378
2 1376.27 642.85 1399.70 669.16 0.153620
3 1312.87 487.81 1342.05 542.39 0.125417
2 637.06 171.45 647.46 183.14 0.089689
2 1247.30 582.04 1260.19 600.89 0.082557
2 666.61 570.78 674.05 581.59 0.111202
2 401.72 262.19 420.36 289.90 0.080267
4 1229.75 226.83 1283.86 261.98 0.080909
2 990.86 398.96 1011.29 421.60 0.163656
2 231.73 263.81 240.84 283.38 0.146616
2 480.24 325.08 493.72 342.70 0.112348
4 893.80 600.47 903.19 612.71 0.084018
2 363.20 294.92 376.21 310.97 0.087242
6 334.83 126.34 544.71 725.19 0.134735
3 279.34 174.68 294.20 191.55 0.147899
2 613.47 121.61 629.38 159.80 0.087091
2 429.16 656.39 443.76 676.07 0.101902
3 480.13 334.02 503.47 366.69 0.137275
2 976.96 383.60 985.58 398.09 0.088412
