4 465.56 604.46 519.52 637.17 0.460628
4 379.43 848.89 448.51 893.08 0.497462
4 1080.65 453.52 1107.66 490.39 0.447017
4 404.30 776.99 468.16 817.06 0.499519
4 556.49 342.00 592.11 369.74 0.427774
4 1059.22 248.09 1092.78 265.81 0.392741
1 1144.80 587.61 1200.27 627.29 0.300835
4 1112.06 406.06 1134.33 433.12 0.425571
4 703.90 222.06 718.57 239.85 0.449093
6 498.88 372.71 608.97 437.02 0.341648
4 690.32 248.12 715.04 303.57 0.393632
4 1058.56 316.80 1095.61 334.52 0.340034
4 1223.69 779.98 1270.24 832.44 0.324156
4 739.29 85.73 751.17 101.20 0.323872
2 1224.32 621.90 1269.89 648.83 0.331322
4 745.37 62.19 757.47 79.67 0.297717
4 714.63 16.44 730.72 29.48 0.253401
4 478.80 312.86 497.57 328.72 0.292336
4 1189.41 767.43 1229.11 816.10 0.295942
4 730.94 107.22 748.02 134.41 0.264275
4 436.43 312.11 456.08 325.44 0.230018
4 1002.98 544.54 1028.32 584.39 0.246406
4 467.24 330.15 486.37 348.77 0.234137
4 930.08 375.91 954.42 419.86 0.295567
4 1284.51 773.44 1333.07 827.22 0.316408
4 1047.31 190.42 1067.77 204.29 0.310681
4 743.68 41.31 757.58 55.67 0.289434
4 1084.60 307.25 1114.93 323.00 0.274660
1 936.93 652.24 948.76 669.32 0.246711
5 1040.99 772.88 1077.07 786.00 0.242180
5 555.98 322.25 621.89 357.53 0.236468
4 988.08 394.65 1005.85 415.13 0.237806
5 1040.42 209.26 1067.78 248.88 0.214214
4 646.23 260.24 664.76 272.81 0.247409
4 897.68 67.56 947.24 88.95 0.224128
6 605.06 0.51 719.62 114.94 0.215975
3 1309.12 832.55 1367.34 901.60 0.281953
4 470.70 223.60 487.25 239.93 0.208640
4 881.92 288.13 911.88 311.92 0.240521
4 917.43 93.45 930.93 106.55 0.232803
4 564.05 38.73 591.79 59.94 0.201616
4 512.90 356.67 526.24 375.95 0.203365
1 1144.25 604.57 1156.65 623.34 0.208046
1 896.72 563.62 914.27 598.30 0.224249
4 469.85 271.45 511.32 302.07 0.197413
4 646.00 239.99 672.98 273.49 0.201331
4 890.14 208.19 901.68 222.45 0.200070
2 981.96 469.43 1015.57 500.55 0.203605
4 569.88 421.19 585.67 437.87 0.177526
2 896.51 563.56 956.35 600.53 0.145399
4 689.15 71.57 701.05 87.98 0.213044
2 846.40 203.40 861.65 225.04 0.158290
4 628.04 271.40 645.43 285.71 0.181662
4 1032.64 454.87 1060.68 484.10 0.183988
5 499.37 376.71 549.98 426.71 0.195655
1 1177.93 590.93 1193.65 622.63 0.176300
4 1217.43 25.92 1261.10 49.62 0.166285
1 811.12 194.67 820.30 210.63 0.160921
4 933.81 577.09 956.60 592.66 0.136115
6 576.81 245.86 633.35 296.46 0.158316
4 1000.54 446.12 1013.22 466.82 0.200748
4 501.37 464.01 522.27 479.66 0.161440
4 334.85 792.29 354.49 822.82 0.196346
4 970.55 0.93 999.28 18.93 0.147546
3 1320.24 904.21 1399.41 1048.94 0.134659
4 748.51 378.47 764.02 405.52 0.145023
4 657.89 209.49 681.56 227.26 0.168053
4 410.65 311.29 433.78 325.29 0.171440
4 558.81 303.77 578.75 317.00 0.154520
6 544.65 371.43 590.84 426.36 0.166774
2 845.76 172.64 864.45 225.21 0.148031
6 1040.47 205.17 1090.57 250.63 0.187395
4 556.75 324.00 594.46 348.03 0.167719
1 993.59 721.95 1030.62 769.94 0.121257
6 574.80 386.87 610.35 433.83 0.162821
4 566.34 548.57 594.94 572.15 0.143781
6 957.41 59.56 992.61 95.44 0.122836
3 897.38 577.04 937.12 600.42 0.109219
4 585.95 403.72 606.86 428.45 0.185249
4 1377.92 327.25 1392.70 342.37 0.107719
4 379.53 771.83 394.64 784.92 0.136095
4 812.09 561.36 825.61 572.43 0.119885
4 709.13 38.30 725.03 54.71 0.164605
1 1162.94 593.38 1179.22 624.64 0.179929
4 566.16 206.62 585.41 220.92 0.133491
4 432.86 222.18 447.80 235.61 0.149628
4 430.43 578.31 444.87 598.07 0.092482
6 564.69 2.51 657.81 61.93 0.117020
4 539.34 240.47 553.66 251.27 0.148086
1 1204.24 674.28 1223.93 688.91 0.097832
4 912.34 190.83 925.54 201.43 0.181668
4 633.61 285.24 649.90 304.72 0.106449
4 481.77 445.16 511.85 461.56 0.120516
1 920.95 577.38 936.59 596.62 0.136642
6 1056.74 16.64 1399.27 605.25 0.101482
4 992.73 719.17 1014.76 733.72 0.086916
4 1058.58 306.54 1118.88 335.48 0.136570
4 546.09 12.93 573.93 34.26 0.145021
4 556.38 344.40 570.96 365.46 0.082180
4 766.81 0.79 777.83 15.98 0.157975
5 17.89 799.80 71.05 855.45 0.130701
9 416.94 236.81 473.07 263.95 0.123072
4 1120.44 11.00 1146.98 43.20 0.128829
4 389.66 224.68 400.09 233.62 0.107659
4 691.56 277.16 709.30 303.13 0.167708
4 1070.16 290.05 1101.35 307.46 0.142282
4 1151.80 453.58 1170.79 479.62 0.147572
6 362.10 266.35 421.59 306.18 0.139095
4 421.77 220.71 433.31 232.64 0.095506
3 1160.00 599.77 1196.02 626.53 0.185403
3 1224.19 624.98 1251.08 647.78 0.147157
4 606.11 43.73 627.56 63.92 0.153948
2 917.46 577.75 938.19 605.72 0.099881
4 766.97 0.01 797.25 17.67 0.085253
4 396.71 657.14 408.19 683.07 0.117244
4 444.93 225.11 464.25 238.56 0.093012
4 628.80 310.99 644.31 327.81 0.118262
4 1235.94 565.22 1269.08 594.16 0.178578
6 591.36 323.57 621.56 356.91 0.171863
4 573.51 61.16 590.81 75.59 0.107778
1 981.26 469.40 990.58 492.22 0.143938
6 896.68 63.43 960.49 111.03 0.116758
4 256.77 915.97 272.43 943.40 0.092068
4 701.08 94.65 713.51 109.72 0.126107
2 921.70 576.34 956.85 594.50 0.086122
7 566.66 550.35 583.08 571.86 0.082398
4 757.64 25.61 767.87 37.15 0.173438
4 584.60 549.00 595.07 565.24 0.087845
4 407.84 309.11 487.63 348.59 0.098296
6 887.26 247.09 907.15 283.13 0.137577
6 628.55 238.70 674.10 326.22 0.098013
4 82.54 227.02 99.29 239.44 0.096343
4 888.24 233.22 913.91 248.33 0.128887
1 855.10 205.72 864.38 223.60 0.113675
7 600.62 339.84 619.91 359.79 0.086174
4 547.06 452.56 570.68 467.92 0.083747
1 1255.29 644.45 1268.02 661.79 0.145992
4 519.29 449.82 571.05 472.00 0.082479
1 1044.91 322.82 1051.71 336.22 0.104960
4 763.74 6.56 774.57 18.65 0.121159
4 439.03 538.36 458.58 567.52 0.082232
6 629.00 284.08 655.63 326.94 0.087378
4 766.14 186.05 779.84 202.21 0.103872
3 1325.56 934.30 1350.36 1045.43 0.116150
6 1099.73 238.34 1160.48 359.12 0.087407
4 523.65 452.39 549.39 469.70 0.117113
4 524.51 194.76 539.96 207.74 0.115656
6 1132.99 310.89 1158.36 359.06 0.091488
3 1253.14 625.43 1269.68 645.23 0.080246
4 511.78 20.01 522.30 35.45 0.093822
4 713.89 58.64 732.27 74.94 0.128231
4 1119.26 342.64 1134.43 358.93 0.095690
4 572.40 459.53 606.22 486.26 0.093689
4 711.88 14.69 723.23 27.40 0.091014
4 871.45 171.05 883.50 181.25 0.098791
4 425.22 218.50 488.06 242.93 0.114206
4 714.12 83.60 727.51 99.17 0.093468
4 1121.80 367.12 1134.04 387.59 0.082554
4 535.53 293.06 552.94 312.43 0.099768
6 1188.76 766.86 1270.60 833.44 0.105347
4 1320.59 205.42 1343.29 219.80 0.109950
6 324.46 310.38 387.48 334.28 0.083533
4 1320.42 261.31 1335.65 279.01 0.109332
4 536.22 284.73 580.01 314.75 0.080025
4 907.95 92.16 948.08 110.48 0.095244
4 920.11 219.00 932.00 230.62 0.093992
4 504.88 240.29 515.99 253.04 0.093696
4 389.29 295.51 404.97 307.97 0.122485
3 1159.49 608.62 1171.60 626.84 0.118536
4 1134.42 258.35 1150.78 277.62 0.126261
4 514.60 244.28 538.06 255.36 0.088529
4 878.52 178.33 900.58 193.56 0.101906
4 1326.89 118.12 1348.17 134.83 0.092914
1 781.91 894.03 795.54 921.58 0.100336
1 847.74 173.09 859.48 202.41 0.109343
4 881.57 289.53 895.33 304.48 0.110618
4 696.96 48.16 714.69 61.76 0.086911
4 1096.26 282.48 1107.93 300.18 0.083322
4 452.13 288.57 467.53 299.87 0.088104
4 1019.75 381.90 1039.25 403.59 0.110642
4 699.64 35.88 721.26 57.15 0.082534
4 1109.54 332.90 1134.45 359.98 0.091070
4 1155.86 778.21 1192.04 811.43 0.088772
4 1185.82 371.36 1204.74 384.96 0.093659
4 695.99 60.50 706.94 72.44 0.099775
1 791.83 613.41 799.01 634.35 0.097110
1 681.91 446.46 691.28 471.48 0.096221
4 479.69 444.74 550.49 478.36 0.110374
2 243.36 390.16 282.55 435.44 0.114150
1 836.05 849.09 846.32 873.83 0.086919
9 1056.68 146.69 1289.21 595.33 0.082364
4 1320.47 904.66 1398.13 963.13 0.098705
2 1180.06 601.36 1192.99 622.80 0.089526
6 1040.47 146.31 1097.40 265.86 0.094484
1 601.81 826.80 614.37 853.57 0.091777
4 456.88 227.26 473.18 240.28 0.089583
4 1151.00 288.69 1164.71 308.39 0.080031
6 493.41 272.17 511.43 301.35 0.127494
1 833.02 554.14 840.19 567.41 0.091477
4 407.05 310.27 436.29 341.76 0.098125
4 752.18 34.97 763.14 49.12 0.091582
2 423.55 331.30 441.50 358.67 0.081146
6 1154.63 778.16 1192.72 823.92 0.097775
4 1164.88 35.49 1183.98 48.70 0.113406
6 1155.70 767.37 1230.43 818.53 0.081512
2 789.29 203.10 797.31 218.34 0.083257
6 479.46 444.04 571.26 482.28 0.081842
4 1121.18 10.23 1143.70 25.02 0.115167
1 846.90 204.20 854.85 224.38 0.133492
4 716.15 40.04 727.82 53.29 0.092074
3 1144.04 603.69 1170.26 626.92 0.095773
1 790.75 706.33 800.49 729.60 0.097575
4 450.20 255.43 472.09 265.69 0.148417
2 1237.88 623.30 1252.48 645.90 0.083968
