9 0.59 525.54 397.07 787.28 0.806756
4 969.96 370.75 1053.38 420.21 0.683406
4 870.15 647.42 1019.87 787.17 0.626052
4 315.53 670.01 503.95 787.16 0.627824
4 49.46 495.30 135.13 563.80 0.574927
4 178.14 344.56 235.77 388.15 0.623798
4 305.32 273.59 343.19 300.46 0.529745
4 450.71 168.30 476.56 193.47 0.531964
4 592.81 405.45 638.22 448.20 0.418816
5 429.29 199.65 490.89 276.37 0.404666
1 299.16 473.42 315.31 500.59 0.319313
5 289.00 131.92 390.38 164.55 0.311216
6 128.84 196.32 227.12 264.24 0.318622
5 528.04 251.88 595.19 291.60 0.295368
4 391.36 242.89 418.72 269.93 0.339609
4 699.31 372.29 743.27 398.86 0.276242
6 428.24 188.22 649.60 339.29 0.262194
1 289.92 472.34 315.97 515.62 0.267745
9 529.30 20.46 576.10 55.71 0.130904
3 902.50 57.01 929.51 76.69 0.141751
1 6.54 324.30 22.50 348.79 0.227391
1 206.75 226.01 219.81 246.97 0.159882
4 71.60 103.89 88.41 113.22 0.170581
1 382.65 474.63 396.87 514.89 0.213161
4 220.43 199.27 236.45 211.81 0.162087
4 185.21 161.30 210.16 174.01 0.192181
4 1029.90 81.66 1072.75 96.90 0.182305
6 251.98 131.41 390.79 214.16 0.172007
5 885.42 31.71 955.44 65.42 0.132974
6 972.32 0.68 1222.47 118.91 0.111529
4 239.26 222.97 249.65 234.61 0.167277
6 1085.31 188.18 1190.50 252.28 0.170485
1 183.00 244.77 191.61 264.02 0.147347
6 241.50 181.91 272.56 203.80 0.160772
6 0.35 333.26 66.22 391.87 0.142051
4 147.81 115.60 169.51 128.90 0.140676
1 1008.22 408.45 1021.54 447.16 0.188109
4 0.19 354.56 38.42 389.78 0.147450
1 585.90 416.59 596.57 444.18 0.134699
1 890.29 40.47 901.19 65.76 0.095613
4 41.25 334.36 65.91 360.40 0.171677
5 944.45 103.64 1007.20 142.04 0.100368
1 830.05 56.37 838.40 71.32 0.109603
4 51.44 61.12 73.43 72.06 0.137511
2 178.88 222.24 228.05 263.38 0.146188
4 865.00 326.40 889.06 340.09 0.114701
6 427.09 199.53 501.32 333.52 0.095006
6 3.56 237.16 35.62 267.23 0.140775
1 373.45 520.21 383.81 544.97 0.120357
4 488.46 160.71 539.16 187.65 0.089570
4 561.10 61.45 592.32 85.81 0.111546
4 390.57 319.80 432.74 341.09 0.163247
1 502.36 251.93 517.90 288.95 0.105813
4 754.07 358.99 799.00 383.07 0.154453
4 981.26 282.59 1007.06 299.60 0.107547
6 733.44 344.06 770.65 379.67 0.106849
6 529.33 18.26 574.05 31.33 0.139836
1 76.69 294.85 90.97 322.19 0.117071
1 286.46 490.16 303.70 514.71 0.163120
4 539.23 46.53 550.36 58.70 0.091542
6 387.63 125.96 406.49 147.43 0.110351
6 1153.33 188.63 1190.51 224.08 0.116114
1 551.20 265.11 561.70 288.95 0.112472
4 941.59 45.56 982.04 70.49 0.082082
4 499.18 403.23 539.81 427.22 0.150013
1 220.09 301.54 231.29 331.53 0.142170
4 151.23 201.82 191.18 224.08 0.099517
4 32.46 31.05 55.13 41.51 0.093632
4 185.39 190.64 211.78 203.35 0.099584
1 199.55 233.04 208.95 249.73 0.133655
1 381.57 471.10 426.82 541.07 0.110833
6 96.64 95.12 186.33 129.28 0.097797
4 64.82 79.75 86.38 97.99 0.096589
6 169.73 190.25 212.79 207.34 0.083446
1 220.17 216.37 232.87 245.11 0.085278
4 1340.13 491.41 1385.41 531.17 0.105588
1 53.73 309.86 68.67 333.90 0.110447
3 214.16 71.35 232.23 94.15 0.117611
6 0.27 265.73 65.03 324.90 0.090011
4 173.49 78.22 190.52 89.23 0.107010
1 733.10 362.43 745.06 380.44 0.108155
6 460.54 279.58 499.31 325.42 0.110027
6 885.69 31.11 980.85 73.14 0.128229
4 487.76 164.17 504.88 185.49 0.148598
3 792.08 49.45 809.29 71.98 0.099613
6 572.45 404.84 638.54 455.40 0.099142
7 385.09 474.42 420.54 539.21 0.098559
4 168.12 201.07 190.32 214.44 0.108845
4 466.16 233.04 485.18 267.58 0.118281
4 285.96 222.58 298.22 236.71 0.093575
6 81.72 19.82 113.13 36.23 0.088573
2 216.72 228.67 226.02 246.14 0.090959
4 373.02 281.12 396.19 302.73 0.082723
6 127.79 130.67 392.66 265.66 0.120461
4 285.97 219.32 316.10 238.57 0.099907
9 543.70 34.15 575.14 54.76 0.085051
6 136.97 110.24 186.13 129.66 0.121444
1 574.84 416.86 594.59 459.38 0.081832
4 432.27 258.68 459.41 276.68 0.118667
3 672.63 56.19 696.93 71.19 0.085614
4 0.37 266.11 33.90 285.74 0.088790
4 699.13 373.31 720.68 394.48 0.108391
6 670.61 331.40 799.88 393.02 0.088111
4 436.31 182.95 451.07 194.22 0.081753
2 199.17 224.52 224.81 250.18 0.147985
6 466.91 215.19 503.10 293.13 0.110870
6 289.61 133.88 344.92 162.16 0.086234
6 560.74 55.51 641.88 86.83 0.081828
3 5.50 330.13 23.12 348.53 0.171795
4 78.85 128.68 98.39 141.72 0.099562
1 403.27 471.02 419.92 518.48 0.097374
6 0.36 193.21 233.90 330.34 0.100511
2 697.45 352.17 707.84 371.93 0.082595
2 412.83 511.99 428.15 538.00 0.082265
