4 644.74 252.71 674.75 273.08 0.392496
4 100.08 682.53 132.89 706.30 0.437192
4 319.52 605.18 350.01 631.23 0.409844
4 412.55 357.87 437.65 377.41 0.395077
4 595.09 274.42 624.66 294.90 0.396897
4 485.07 286.28 519.34 305.75 0.398315
4 758.53 353.35 787.63 377.19 0.367967
4 246.25 464.79 282.31 489.92 0.350265
4 441.92 613.85 471.32 643.17 0.288667
4 1078.49 236.67 1108.74 257.32 0.287394
4 936.04 254.62 958.04 273.54 0.316568
4 412.64 467.79 447.93 492.60 0.379601
4 394.31 697.01 444.83 768.53 0.271036
4 569.87 367.27 616.03 399.09 0.257008
4 1123.36 187.60 1152.56 206.47 0.271957
4 131.62 597.96 152.59 618.03 0.344514
4 762.85 196.35 789.35 216.96 0.317361
4 234.57 161.08 256.61 179.86 0.252432
4 275.27 178.68 287.52 197.26 0.227752
4 0.23 584.64 32.19 609.05 0.317541
4 181.06 95.96 216.03 129.80 0.151646
4 1274.66 32.83 1302.52 46.42 0.286724
5 633.25 76.51 784.10 208.22 0.242485
5 278.45 740.00 382.32 787.49 0.194622
4 321.42 691.69 367.99 735.96 0.276644
4 475.05 328.52 505.15 351.26 0.327898
4 45.30 228.83 66.21 247.68 0.293664
4 879.08 139.74 908.25 160.15 0.286171
4 182.39 406.34 198.18 417.38 0.257050
4 470.59 384.61 503.02 406.27 0.395922
4 438.44 311.77 461.66 340.14 0.243134
4 245.44 533.79 277.26 558.14 0.321314
4 1015.04 221.37 1091.60 261.55 0.200052
10 652.62 90.27 774.75 173.03 0.175468
1 1328.10 406.29 1350.18 444.40 0.227829
6 407.15 39.78 593.13 269.98 0.200757
6 138.77 110.57 210.79 182.48 0.169982
4 309.78 198.27 319.81 209.86 0.205142
4 283.99 158.10 298.74 179.77 0.170243
4 366.59 0.05 416.39 31.01 0.190469
5 422.61 0.57 463.45 38.99 0.188197
4 492.33 632.86 503.94 645.63 0.199399
4 285.60 142.87 295.87 155.82 0.182421
4 456.53 249.87 483.26 270.61 0.272715
4 814.17 350.56 827.94 364.58 0.164379
4 209.79 158.92 225.75 178.40 0.169714
10 654.47 119.83 706.24 169.11 0.220123
1 281.89 28.02 304.41 57.64 0.191173
4 1312.60 60.83 1341.87 77.62 0.160480
4 678.81 328.40 702.17 342.27 0.200677
5 1276.37 169.80 1349.34 191.91 0.172613
4 705.74 549.96 734.78 565.53 0.182719
4 555.72 737.64 575.20 767.32 0.167810
4 814.22 340.05 845.49 364.82 0.321731
4 192.09 28.30 202.38 37.46 0.123953
4 507.79 765.93 523.37 785.04 0.161788
4 472.26 676.21 490.69 705.32 0.151411
4 1007.22 170.24 1031.07 194.68 0.125435
5 554.87 707.30 585.08 768.18 0.173703
4 994.10 149.71 1016.04 166.76 0.177480
10 704.45 111.41 743.43 152.77 0.195087
6 407.38 187.50 513.05 271.82 0.114658
6 634.51 549.28 744.86 652.90 0.192399
4 695.07 228.64 724.00 250.25 0.205997
4 125.42 467.93 138.67 487.68 0.145679
4 231.45 128.54 250.23 145.15 0.180929
4 233.05 99.12 247.78 115.59 0.136605
4 267.76 170.16 276.26 179.14 0.111330
4 938.26 354.67 970.36 378.60 0.154418
4 356.86 15.70 372.55 33.68 0.137033
6 406.09 0.31 918.43 270.26 0.208509
6 512.31 594.60 550.83 650.89 0.160342
4 1124.79 79.32 1154.05 96.44 0.121744
4 523.79 567.85 537.50 578.69 0.131980
2 510.07 607.13 525.49 630.68 0.106859
4 632.05 512.84 661.36 548.12 0.151594
4 1250.64 206.59 1265.42 219.26 0.146013
4 912.07 112.96 929.22 125.43 0.125955
4 490.86 328.79 505.09 343.36 0.132554
6 0.31 240.10 61.10 394.09 0.124099
4 1386.22 128.25 1399.67 145.58 0.251100
4 998.94 111.24 1008.79 125.62 0.141945
4 543.20 296.96 573.13 320.39 0.209489
6 429.70 735.95 499.33 787.42 0.120612
4 469.78 648.99 484.23 668.47 0.140618
4 513.66 394.55 526.55 408.48 0.110179
1 527.06 439.25 539.13 456.84 0.126272
4 336.23 372.27 353.59 381.93 0.141087
1 287.81 353.30 329.06 389.40 0.155597
4 722.52 446.20 735.40 460.45 0.123373
4 532.31 255.87 543.55 265.53 0.100670
1 498.93 22.60 515.04 43.68 0.125635
4 773.80 196.75 789.25 210.25 0.105559
4 551.45 251.75 576.58 273.16 0.186256
4 1386.21 177.78 1399.70 192.38 0.256236
6 449.52 666.47 490.00 708.69 0.100458
4 277.57 202.73 296.42 222.76 0.139744
6 394.51 665.30 489.81 773.42 0.179315
6 527.76 597.02 571.61 679.26 0.121653
5 138.91 146.26 188.49 181.63 0.109370
4 473.70 777.59 488.60 787.66 0.094794
4 283.88 691.43 304.14 713.73 0.130187
4 242.96 25.71 258.40 42.19 0.130886
6 407.85 187.39 454.28 232.18 0.081066
4 895.67 82.76 906.26 94.10 0.082037
4 712.16 228.01 724.74 241.27 0.106651
4 884.26 81.08 906.40 95.08 0.159433
2 341.48 80.30 359.09 116.95 0.113030
4 1013.22 241.06 1026.09 261.00 0.136653
4 1036.89 227.39 1073.34 252.28 0.095436
4 515.49 605.59 527.16 618.77 0.092600
4 1236.61 208.85 1248.01 222.35 0.094305
4 169.26 709.93 188.35 728.33 0.154420
4 303.81 17.54 317.83 29.10 0.105723
4 498.72 587.08 519.48 608.24 0.142633
4 763.39 203.08 777.46 216.43 0.080551
4 687.92 345.81 713.14 359.26 0.151201
2 278.87 26.87 305.25 88.36 0.093629
4 357.17 5.83 392.59 33.68 0.101380
6 802.91 0.96 917.71 93.23 0.113076
6 444.79 116.46 519.94 191.39 0.092468
4 915.23 332.60 967.30 378.34 0.090698
4 552.27 85.68 571.05 106.35 0.110879
4 561.06 298.07 574.35 311.55 0.119987
4 409.82 699.28 441.46 722.54 0.086627
6 722.08 56.28 766.14 96.61 0.102602
4 272.64 709.85 289.74 727.45 0.107387
4 678.71 614.08 710.75 640.66 0.101498
4 983.97 105.82 1008.74 126.04 0.113058
4 310.16 166.89 325.80 190.12 0.116617
4 1178.12 35.99 1204.81 45.48 0.083976
4 306.30 179.58 326.71 194.79 0.108648
4 50.17 247.30 60.58 262.66 0.120082
4 356.95 748.76 381.25 764.91 0.087446
2 286.59 64.29 301.15 92.51 0.089523
4 918.80 226.64 934.39 244.87 0.129093
4 550.62 295.52 562.30 306.21 0.084663
4 919.02 222.67 949.81 246.43 0.142891
4 682.04 587.90 724.39 617.71 0.136320
4 139.31 548.80 162.42 570.65 0.146517
6 372.02 44.38 389.20 72.22 0.109779
4 1081.63 654.88 1123.41 675.78 0.119416
4 1015.62 238.25 1040.56 260.61 0.113390
6 436.19 701.54 465.36 746.42 0.099418
10 659.11 127.69 684.81 154.96 0.092340
4 640.22 598.42 679.24 628.86 0.154769
4 315.98 118.69 330.50 130.45 0.110798
4 312.08 119.48 333.04 139.72 0.104275
4 591.75 240.07 618.97 254.56 0.134439
10 1.27 0.28 131.92 92.00 0.105624
4 1007.93 201.24 1017.48 215.32 0.091297
5 695.07 577.42 726.71 600.50 0.097848
4 1277.46 157.93 1296.02 170.94 0.116331
4 678.44 328.11 718.06 358.58 0.107674
3 466.04 688.01 488.15 739.91 0.113121
4 223.36 1.14 238.64 20.19 0.095634
4 117.95 562.28 139.36 581.42 0.148164
4 865.58 81.44 906.31 107.27 0.112356
4 306.06 141.72 323.80 159.10 0.128890
4 460.47 165.88 492.33 190.34 0.126089
4 1126.13 21.18 1151.07 38.78 0.121197
2 297.14 354.07 323.72 387.85 0.105492
4 539.34 233.53 554.26 245.47 0.104103
4 1182.20 302.87 1210.73 317.60 0.082341
4 644.63 243.84 696.52 273.61 0.098329
4 1311.98 99.47 1340.60 110.70 0.085117
4 234.07 173.11 255.62 194.29 0.095239
4 1255.15 8.31 1276.31 19.13 0.121281
2 510.29 88.80 538.33 125.49 0.082444
4 289.60 64.48 300.99 81.00 0.086796
4 567.12 707.93 583.97 731.35 0.097425
4 758.51 180.01 781.86 192.96 0.091976
4 759.00 363.25 772.31 377.18 0.083130
4 835.58 179.22 856.30 194.01 0.099484
4 397.51 112.27 413.89 127.14 0.084387
4 164.83 509.60 184.00 529.10 0.094450
1 1264.02 159.05 1278.40 195.94 0.091566
4 918.09 394.14 939.32 412.04 0.092749
2 634.47 1.23 658.94 33.54 0.104171
4 1112.23 264.82 1134.31 279.94 0.112654
4 390.90 196.12 416.26 217.90 0.122038
4 1060.22 12.94 1079.99 33.00 0.087989
4 272.24 691.50 304.13 734.67 0.090855
4 600.43 104.40 635.50 131.82 0.102335
4 515.38 255.23 543.34 271.97 0.089851
4 1177.12 258.09 1191.16 273.61 0.081725
4 1076.22 276.64 1103.42 301.94 0.082297
4 232.71 116.75 251.96 131.08 0.100666
4 481.75 261.25 495.02 271.17 0.080096
4 293.99 650.57 311.01 669.40 0.095897
4 82.03 144.08 98.52 171.06 0.095157
3 392.24 113.05 414.17 143.10 0.083926
4 383.70 309.07 403.59 323.54 0.102531
4 491.59 0.00 517.59 22.36 0.082121
1 798.14 0.10 814.64 25.16 0.097086
4 610.65 0.04 632.10 11.83 0.109646
4 927.93 478.96 945.25 511.88 0.098105
6 481.63 632.41 505.60 675.25 0.097804
4 1177.49 252.67 1208.80 276.14 0.108254
6 423.63 700.43 466.99 779.63 0.084036
4 1192.85 254.74 1208.29 269.04 0.085614
4 406.95 715.66 436.88 738.07 0.094273
4 601.38 113.06 617.24 127.44 0.081638
4 127.71 528.17 151.92 552.37 0.099633
2 428.91 31.02 453.05 58.25 0.081737
1 208.81 144.91 226.05 180.11 0.127147
4 214.19 29.86 234.80 47.06 0.091030
4 522.27 340.74 544.63 360.97 0.095204
4 464.43 369.35 483.73 385.74 0.088033
4 336.38 366.01 367.23 382.01 0.088767
4 176.23 531.40 191.51 550.47 0.131223
4 541.86 308.34 552.06 320.27 0.084768
10 530.98 121.19 556.78 148.46 0.082157
4 906.99 337.88 927.94 360.33 0.107766
3 432.17 79.34 470.70 118.81 0.082295
6 543.08 199.48 585.26 232.89 0.123203
9 319.91 669.40 370.61 737.63 0.087156
4 994.82 149.74 1031.26 195.39 0.119217
4 616.62 218.60 637.33 235.31 0.095002
4 566.30 346.28 585.07 361.29 0.106245
4 656.47 229.69 676.18 249.78 0.081573
4 872.88 159.55 897.77 176.65 0.091745
6 935.80 221.25 1091.73 274.42 0.083368
6 677.96 586.19 727.04 644.99 0.089689
4 214.97 728.68 232.32 746.69 0.087822
6 1265.29 157.61 1349.32 194.52 0.129828
4 60.51 196.44 78.02 212.35 0.116190
4 674.83 244.16 696.84 261.94 0.092435
4 1047.08 281.82 1072.09 304.62 0.102488
4 515.96 239.91 538.68 254.15 0.082018
4 447.60 79.74 468.25 98.63 0.111453
4 815.73 112.42 831.48 127.82 0.081283
4 887.10 369.61 903.00 386.56 0.089830
4 455.71 287.80 469.64 303.84 0.096416
6 457.29 235.29 514.73 271.70 0.081382
4 803.62 113.10 831.44 141.04 0.083249
4 82.88 159.60 96.82 173.29 0.085772
4 102.62 597.04 152.45 620.99 0.089521
4 1236.58 205.28 1265.89 223.11 0.224790
4 1076.67 264.84 1134.28 302.57 0.085509
