3 1227.18 594.14 1339.26 712.64 0.560871
4 1187.84 796.35 1438.99 1058.31 0.399695
1 1235.68 401.69 1349.59 517.43 0.485190
1 789.17 565.69 939.77 710.13 0.411521
1 1223.69 569.89 1332.00 664.60 0.446125
4 1406.64 92.44 1666.37 271.79 0.478788
1 360.56 0.63 442.74 114.44 0.312223
2 49.38 191.60 354.65 424.57 0.348675
3 815.39 636.20 942.48 712.13 0.290422
3 1234.10 403.14 1352.65 516.87 0.356049
1 1508.11 150.38 1544.49 191.30 0.145204
3 50.18 192.41 313.14 303.73 0.184289
3 554.90 40.09 664.18 110.68 0.166474
2 789.02 565.28 940.86 710.42 0.096273
2 1221.64 398.61 1354.21 710.61 0.127865
5 1406.13 92.74 1667.66 271.66 0.101400
3 813.77 610.48 859.30 653.64 0.090211
2 545.62 0.75 665.01 110.65 0.293454
2 1313.96 412.29 1345.30 449.78 0.083143
1 378.30 1006.06 463.42 1076.71 0.149525
10 1233.12 470.89 1283.81 512.38 0.084957
3 545.24 0.23 793.98 111.58 0.163226
2 646.51 0.32 794.37 80.28 0.146018
10 1323.97 811.91 1430.73 900.98 0.083446
2 1290.22 407.76 1347.14 468.24 0.109385
3 248.88 13.39 311.46 87.65 0.138093
4 0.39 0.40 127.62 136.17 0.122458
2 749.03 24.74 795.22 79.22 0.094779
10 1292.65 570.67 1331.86 605.37 0.093393
3 539.65 478.08 617.00 563.21 0.126813
3 788.73 565.70 855.19 652.57 0.103696
10 1235.60 652.94 1275.40 697.21 0.104030
2 358.56 38.71 416.20 114.58 0.085738
3 249.06 0.08 394.28 88.75 0.098608
3 359.51 36.38 446.04 115.33 0.230217
2 786.05 398.49 1353.97 714.35 0.089301
10 284.57 368.85 396.28 467.23 0.081747
1 812.91 578.90 894.20 679.47 0.124803
3 48.58 189.46 393.46 466.07 0.125445
3 1233.02 444.99 1293.10 512.87 0.120997
