4 999.15 391.95 1181.03 451.32 0.713208
4 761.84 390.53 927.81 448.12 0.685036
4 538.46 377.72 711.80 443.94 0.641606
4 52.26 383.61 190.37 437.71 0.630400
6 1615.55 373.35 1724.62 475.01 0.450484
1 823.53 520.93 856.12 585.00 0.524504
1 527.34 518.86 564.51 591.82 0.550109
1 1233.59 477.00 1276.77 540.96 0.484436
1 698.56 505.24 734.89 586.02 0.497145
1 1122.14 482.96 1168.48 523.75 0.401044
1 1818.05 394.61 1850.24 466.52 0.465742
1 1419.08 410.30 1447.65 468.65 0.378643
1 1452.29 417.84 1483.91 459.87 0.388983
1 503.15 556.12 525.06 592.92 0.396795
3 1805.99 437.03 1865.81 478.69 0.340125
1 1386.80 438.16 1404.42 483.37 0.334104
1 1482.73 420.67 1505.79 453.75 0.293031
1 1355.15 410.57 1373.85 442.28 0.217199
1 1018.37 399.44 1034.07 415.96 0.210601
2 503.18 504.71 859.78 593.97 0.120111
1 1333.19 426.85 1366.62 455.49 0.209229
1 1674.73 421.26 1699.66 471.88 0.210197
2 1872.06 430.54 1910.15 471.57 0.154633
3 1615.99 408.65 1719.52 474.82 0.200238
2 1656.36 410.27 1714.42 473.76 0.152922
1 1872.13 441.28 1907.03 471.25 0.188789
2 1333.69 412.06 1371.82 455.25 0.146213
2 1811.57 394.42 1867.17 476.20 0.152075
4 1786.43 440.42 1815.06 464.35 0.107183
4 1391.04 418.85 1424.86 433.26 0.129503
7 1615.73 373.33 1724.35 475.04 0.092301
2 1369.84 413.09 1392.94 443.27 0.173260
1 723.02 527.22 746.88 585.45 0.159859
2 1707.10 413.36 1725.41 441.77 0.128751
4 1387.89 419.25 1426.70 463.44 0.123545
2 725.08 527.79 766.13 586.79 0.135376
1 735.23 548.89 765.57 586.43 0.143411
2 723.51 527.35 744.06 559.19 0.096755
2 998.96 399.91 1034.40 442.08 0.086054
2 1662.33 410.87 1695.75 437.68 0.086097
3 1675.21 425.65 1715.18 475.29 0.082269
2 1845.01 420.62 1870.01 474.83 0.093308
2 1333.48 409.36 1504.27 470.28 0.146389
10 135.56 722.35 177.17 750.25 0.122327
2 1650.64 410.19 1673.53 461.14 0.092241
4 1652.31 408.14 1699.52 437.43 0.106185
4 1365.32 416.51 1427.32 442.48 0.117778
2 1330.98 433.81 1344.37 456.01 0.105850
7 1384.74 419.46 1427.81 484.46 0.090991
3 693.62 531.55 765.88 586.74 0.084549
