4 519.13 725.12 548.69 764.24 0.486377
4 549.96 610.60 574.82 645.51 0.411152
4 579.01 619.83 603.83 652.60 0.405564
4 374.62 967.04 424.36 1033.95 0.531921
4 604.77 703.70 633.37 739.48 0.401232
4 633.41 723.94 659.53 757.79 0.392629
4 616.42 756.90 646.39 795.96 0.441508
4 917.82 410.67 950.41 434.36 0.297667
4 624.85 542.09 642.16 566.72 0.357704
4 726.42 293.27 740.48 310.07 0.281649
4 206.79 436.40 230.91 449.71 0.379626
4 664.31 527.49 683.96 549.64 0.306549
4 624.77 496.95 640.22 520.25 0.319815
5 1163.09 467.62 1297.48 528.38 0.330911
4 645.71 505.49 662.69 529.68 0.320581
4 0.04 935.22 57.25 994.98 0.372382
4 624.20 667.07 648.12 698.46 0.349067
4 710.60 390.49 725.35 409.60 0.293266
4 1165.90 414.02 1194.45 426.50 0.417437
5 114.54 485.52 436.19 778.31 0.291837
1 367.74 841.47 382.84 868.79 0.356835
4 668.68 571.57 689.24 595.07 0.302445
4 247.89 423.02 267.00 436.74 0.377189
4 674.59 429.77 689.28 448.57 0.299175
1 319.19 911.94 336.05 944.62 0.303783
4 659.10 599.07 679.33 625.19 0.318339
4 701.64 551.83 719.16 571.06 0.309508
4 648.75 680.48 674.45 713.53 0.337394
4 653.31 656.53 677.43 679.64 0.313639
4 415.51 741.01 501.99 865.59 0.340288
4 993.44 402.20 1011.60 413.08 0.326934
4 638.14 631.74 661.00 661.68 0.343821
4 677.22 457.10 693.17 474.77 0.281122
4 694.26 579.66 713.76 602.01 0.297950
4 1191.48 396.11 1215.61 411.68 0.338201
4 688.82 412.22 702.22 426.29 0.288135
4 698.81 366.44 710.54 379.31 0.286928
4 693.66 436.23 708.19 451.69 0.273272
4 682.54 600.80 703.54 624.98 0.306074
4 445.90 448.83 470.06 462.32 0.304743
4 610.93 325.19 627.85 335.26 0.256487
1 388.21 826.60 405.17 856.84 0.279677
4 558.06 311.31 575.44 324.83 0.259278
4 675.11 398.51 690.17 417.98 0.189190
6 1225.93 358.29 1296.34 393.68 0.236377
1 281.93 955.55 300.19 992.81 0.345764
4 502.49 388.10 524.21 401.30 0.287027
1 368.11 816.68 404.94 868.28 0.215542
4 696.03 628.32 714.99 656.64 0.319085
4 38.31 950.24 97.51 1000.39 0.332315
4 721.29 511.45 737.12 528.54 0.294679
9 388.99 345.74 434.87 396.00 0.181006
4 677.91 548.24 697.64 570.22 0.308305
4 975.97 376.72 987.69 390.41 0.273807
4 675.45 502.92 694.25 523.33 0.293994
4 1226.96 395.64 1254.45 410.02 0.307156
4 700.53 317.28 717.43 330.35 0.260318
4 670.28 629.32 691.32 656.94 0.327172
4 691.66 525.87 708.62 544.67 0.289224
4 576.02 563.88 602.81 603.48 0.255023
4 797.39 418.67 819.45 432.04 0.219210
1 370.28 817.15 385.90 847.64 0.304911
4 713.06 360.29 724.08 372.16 0.281617
6 1116.79 364.96 1173.34 392.06 0.232067
4 638.00 473.39 652.97 490.99 0.261471
4 654.79 474.51 669.42 492.33 0.250222
4 221.39 398.12 238.88 409.21 0.260842
4 685.75 661.44 710.91 694.79 0.309043
4 714.37 530.51 731.32 549.53 0.241599
4 700.53 508.87 717.21 527.01 0.286533
4 664.12 487.49 679.05 504.40 0.234976
4 686.21 356.59 696.54 370.86 0.243276
5 1062.67 485.83 1166.10 573.63 0.258837
4 667.73 694.27 694.77 734.11 0.211931
4 1242.08 589.37 1266.26 609.74 0.225411
4 1093.41 944.18 1324.30 1049.27 0.194619
6 953.89 595.53 1326.24 1048.25 0.181114
4 863.27 716.54 884.66 733.56 0.240151
4 991.27 562.87 1018.71 584.68 0.240555
4 747.50 463.41 762.72 475.85 0.217433
9 1116.36 362.59 1220.25 393.35 0.237135
4 782.47 291.75 790.11 301.39 0.210359
4 969.92 570.52 997.23 591.41 0.236097
4 948.77 578.99 977.84 598.32 0.200588
6 356.21 343.33 435.07 397.31 0.222319
9 606.71 294.18 678.81 315.34 0.185132
4 387.64 454.76 415.22 469.03 0.193393
1 643.98 431.11 651.76 446.14 0.223612
4 693.57 339.40 704.14 353.29 0.235296
4 551.46 384.22 564.66 394.79 0.218516
4 348.62 425.39 367.04 437.40 0.217191
4 895.36 436.61 910.18 448.79 0.234276
4 449.32 383.57 464.56 392.39 0.186572
1 590.79 511.99 601.40 529.15 0.214768
1 417.75 775.68 432.72 802.88 0.224163
1 457.97 713.27 469.41 737.65 0.210767
4 784.42 501.68 805.60 517.84 0.184497
4 952.58 592.37 994.06 614.84 0.306467
4 354.20 487.21 375.90 502.81 0.233410
4 590.18 326.93 605.66 339.56 0.212408
4 732.33 532.28 746.38 548.86 0.218063
4 695.84 394.34 708.04 408.17 0.277802
4 718.98 566.97 739.12 586.40 0.235743
3 596.47 446.12 616.01 466.84 0.180979
4 555.08 452.22 565.99 463.99 0.179941
4 750.41 501.75 762.65 517.43 0.153468
6 1048.41 467.21 1298.65 639.36 0.142953
1 289.16 931.32 305.57 960.11 0.218463
2 498.67 641.88 514.05 662.24 0.220002
4 634.45 471.85 670.09 493.43 0.120387
4 462.07 457.42 476.33 471.80 0.224034
5 0.22 934.27 97.75 1002.16 0.161201
4 1026.19 382.50 1052.11 403.50 0.159385
1 518.87 636.22 531.32 657.15 0.241528
4 245.70 397.10 265.32 409.47 0.184402
4 312.26 486.77 349.14 506.20 0.146061
4 796.94 412.05 833.82 432.38 0.172060
4 975.71 939.49 988.20 960.64 0.107200
4 1077.36 418.35 1093.45 428.02 0.225815
4 905.79 671.76 941.11 694.34 0.140416
4 713.13 334.92 726.08 345.09 0.218745
3 387.64 833.32 403.56 857.18 0.180439
4 976.45 372.94 1002.46 390.79 0.114978
4 1027.39 381.26 1051.30 390.98 0.086986
4 1116.65 487.60 1175.96 527.16 0.150692
5 451.12 501.15 511.12 550.20 0.115743
2 708.36 463.06 718.69 480.36 0.123332
4 783.03 256.33 791.91 264.93 0.119043
1 622.19 441.01 629.27 454.94 0.156878
4 403.17 456.71 416.62 467.92 0.164520
4 730.03 178.94 750.84 195.35 0.110061
9 0.18 992.77 82.93 1049.62 0.084169
4 1047.88 394.13 1064.35 405.26 0.168191
4 199.37 482.75 218.38 496.97 0.171285
4 743.81 525.87 777.91 543.88 0.127085
1 599.23 487.85 607.30 502.63 0.150836
4 815.17 688.83 827.01 703.84 0.084363
4 795.54 654.49 810.84 677.04 0.136761
4 447.26 393.37 475.69 410.86 0.087513
6 449.39 499.21 537.41 551.85 0.133561
1 808.61 409.21 818.66 423.76 0.139267
3 429.85 531.04 446.54 549.85 0.124446
3 814.41 683.88 836.34 717.17 0.105999
1 862.31 736.45 881.32 763.57 0.139888
4 818.40 665.18 830.40 683.32 0.153607
4 1041.24 393.71 1054.14 405.19 0.084100
1 602.00 555.48 610.52 574.71 0.164670
4 391.66 344.26 417.87 355.70 0.139272
5 354.77 468.61 451.09 500.82 0.152824
4 639.84 330.39 656.89 340.85 0.126619
4 863.36 695.02 885.71 713.62 0.179510
1 630.23 427.96 637.58 441.40 0.157852
9 1263.28 364.18 1296.48 393.14 0.116126
5 1107.27 566.33 1193.75 640.24 0.127393
3 822.13 695.56 837.09 721.55 0.127904
5 975.54 347.91 1001.59 390.38 0.228028
4 1127.69 376.51 1143.99 389.92 0.142886
4 611.56 343.84 629.40 355.67 0.131795
9 702.52 284.23 732.61 298.23 0.105034
6 848.52 303.56 872.90 332.91 0.093269
1 231.30 686.41 248.61 735.32 0.146885
4 1065.07 402.96 1079.82 414.10 0.156488
6 264.30 727.30 353.15 830.58 0.085479
4 862.91 737.73 880.82 755.19 0.163608
6 246.87 416.25 268.81 436.69 0.082110
2 721.04 455.88 736.41 471.87 0.082178
4 929.80 379.73 946.23 392.10 0.144546
3 866.02 742.55 879.85 765.20 0.113699
1 395.79 393.16 407.43 411.24 0.113130
6 354.26 466.68 536.93 552.01 0.115890
3 319.37 923.41 333.34 945.30 0.256219
4 864.84 678.07 884.92 693.98 0.156698
4 750.73 502.85 774.46 523.01 0.087891
4 553.24 468.04 565.05 483.26 0.103526
4 1122.79 654.09 1158.37 662.86 0.086041
6 674.85 193.67 708.79 214.49 0.082767
4 625.18 476.20 636.44 493.43 0.206336
4 528.18 518.21 545.93 540.01 0.135800
6 0.79 366.04 178.73 433.48 0.119825
9 1067.43 360.16 1088.43 386.97 0.098957
4 1287.39 384.33 1300.64 403.90 0.097683
4 636.23 357.40 656.96 370.22 0.097697
1 384.77 449.89 395.00 469.01 0.107281
6 1004.13 375.03 1062.01 408.07 0.119334
4 873.91 396.78 885.57 405.62 0.110937
4 697.94 333.26 708.82 345.20 0.185405
4 845.57 428.99 854.90 439.07 0.139691
4 573.52 361.04 593.50 374.03 0.137461
4 770.26 804.13 787.44 832.62 0.090756
4 216.88 470.59 249.82 499.12 0.114746
6 303.13 327.69 352.49 343.02 0.118631
4 742.89 458.53 751.87 472.69 0.089159
4 1089.59 395.84 1102.33 409.78 0.131282
3 581.56 437.93 591.65 449.91 0.182033
2 630.41 456.42 637.36 470.99 0.085358
4 1287.64 385.16 1316.81 405.88 0.112966
9 670.88 336.30 704.23 353.45 0.090587
4 463.87 389.87 479.80 403.58 0.090010
9 302.78 328.49 435.91 399.02 0.115421
4 831.93 425.62 854.49 439.06 0.089697
4 1034.87 360.76 1052.57 374.46 0.089392
4 740.32 577.10 755.39 591.27 0.115419
4 507.39 508.92 537.29 543.27 0.105248
4 854.92 379.80 873.60 393.72 0.140649
4 907.17 711.47 930.69 744.21 0.100189
4 340.93 423.79 368.05 444.26 0.083373
4 713.95 591.28 739.64 609.29 0.127187
4 770.41 240.55 778.67 249.19 0.091452
4 760.83 509.04 773.66 523.42 0.131487
4 629.71 316.75 639.33 325.88 0.147404
4 353.75 402.17 376.44 414.99 0.081089
1 1121.42 396.09 1134.59 424.00 0.135065
4 511.20 419.69 531.53 432.28 0.109280
4 821.96 609.82 836.95 626.75 0.095359
1 928.78 437.58 936.52 452.84 0.126282
1 622.02 952.59 632.94 979.22 0.160967
4 901.12 693.04 911.49 709.78 0.114095
4 776.06 815.59 787.52 832.88 0.082656
6 125.32 725.99 353.47 949.33 0.117824
4 0.00 935.87 23.89 977.23 0.124387
4 905.83 381.35 919.63 395.28 0.122032
6 0.16 670.72 28.20 720.82 0.103053
4 875.49 687.72 889.88 704.35 0.133370
4 1047.34 399.30 1079.64 414.61 0.109014
2 737.49 459.61 745.88 475.54 0.082569
1 565.57 469.02 575.25 486.88 0.095581
4 328.73 389.16 358.73 405.81 0.089122
4 804.25 377.78 810.97 387.57 0.101922
4 903.00 691.10 932.04 716.74 0.133103
4 908.29 647.89 930.28 664.37 0.110250
9 741.93 525.07 778.04 565.94 0.091578
9 858.58 375.56 920.74 395.31 0.140914
4 903.73 363.09 927.83 377.43 0.086500
9 1192.73 361.89 1220.47 384.37 0.087390
4 1030.15 538.25 1059.55 558.83 0.113931
2 707.78 454.25 760.80 480.96 0.115272
4 311.96 496.53 324.21 506.44 0.119324
9 928.28 330.53 992.15 366.06 0.083823
4 818.43 674.31 833.85 689.47 0.084057
4 821.99 415.49 834.51 427.46 0.143061
6 195.59 760.12 285.16 892.47 0.080305
2 814.81 650.08 943.21 769.14 0.087426
2 703.22 482.38 713.03 499.61 0.083268
4 736.39 524.84 747.82 537.16 0.099105
4 1131.03 452.45 1161.19 470.72 0.081004
1 715.20 455.63 724.03 471.73 0.109358
4 690.04 347.25 700.20 357.94 0.109136
2 711.62 456.40 723.35 476.98 0.085428
9 108.97 383.62 177.25 427.35 0.093951
9 1162.84 369.05 1200.75 390.88 0.112036
4 274.24 465.85 303.16 481.81 0.082009
6 1116.63 466.63 1297.58 544.26 0.116133
4 1183.35 376.61 1199.42 391.90 0.101236
4 1004.43 391.54 1018.22 406.03 0.104306
9 876.96 360.82 928.74 379.07 0.105280
4 242.48 465.36 276.64 481.01 0.116047
9 1171.55 357.81 1296.75 394.41 0.139390
3 426.41 789.56 437.68 805.59 0.120806
4 464.61 641.57 480.15 665.06 0.083157
2 281.45 911.45 335.91 992.89 0.096376
4 392.19 455.60 404.58 468.03 0.084133
4 924.95 333.38 944.55 347.83 0.084629
4 590.29 312.88 637.99 339.51 0.082730
4 740.12 520.74 755.91 534.51 0.152023
4 670.70 335.92 686.36 347.74 0.086376
4 116.64 390.02 151.31 404.90 0.085489
4 597.84 314.15 613.26 323.42 0.140498
4 240.00 466.18 255.36 480.61 0.095250
4 372.22 404.54 388.58 415.68 0.104482
6 1048.92 520.95 1194.71 640.14 0.131158
9 596.97 313.18 637.85 327.13 0.139138
2 859.64 678.99 890.64 764.94 0.092618
4 809.34 507.33 821.22 521.80 0.096054
2 729.25 456.90 739.44 473.27 0.112574
9 1035.44 358.07 1088.46 386.06 0.131180
4 271.50 661.89 287.67 684.48 0.098335
1 910.79 744.68 925.95 769.87 0.099552
4 1069.39 384.29 1079.32 398.33 0.082998
2 626.04 428.73 652.64 492.02 0.108387
