4 860.83 944.92 963.00 1011.07 0.469657
4 931.17 62.46 956.55 87.44 0.511355
4 815.68 74.14 868.69 93.83 0.482211
4 940.02 619.28 1042.81 673.56 0.509168
4 1114.43 1048.90 1243.41 1077.60 0.447926
4 1187.26 683.07 1280.99 737.89 0.389568
4 850.92 253.54 884.96 293.55 0.379425
4 927.89 247.88 956.91 284.97 0.390310
4 843.75 337.34 961.22 385.23 0.349177
4 1225.18 650.05 1276.50 693.71 0.368053
4 1229.49 615.83 1276.57 655.66 0.382311
4 883.69 845.89 975.01 907.35 0.466824
4 812.67 42.55 835.70 62.96 0.382784
4 1199.16 835.43 1275.11 890.81 0.361318
4 786.12 417.02 830.25 456.68 0.340670
4 780.80 249.30 813.47 289.37 0.365045
4 819.52 1027.36 895.50 1077.39 0.414704
4 1206.57 330.36 1243.87 365.87 0.200614
4 750.81 242.99 775.91 283.06 0.316793
4 792.90 549.12 831.95 588.27 0.239472
4 1153.08 779.46 1267.10 837.02 0.319604
3 634.34 539.65 667.96 598.87 0.178073
4 1124.68 22.73 1168.62 52.76 0.252627
4 924.69 415.71 958.62 470.68 0.257624
4 478.50 845.78 511.38 872.17 0.161422
4 1188.04 903.10 1245.75 952.94 0.357999
4 744.82 182.25 772.56 219.91 0.256629
4 4.20 155.57 39.44 177.21 0.203821
4 898.73 14.58 925.10 36.22 0.246516
1 1518.39 801.53 1533.47 824.66 0.221533
4 1193.81 802.47 1264.32 835.12 0.089977
4 1354.63 213.38 1417.15 260.35 0.182929
2 1379.93 157.31 1398.33 181.24 0.140032
4 1220.23 986.35 1256.04 1024.12 0.133495
4 5.45 734.19 42.87 766.42 0.158409
2 1590.18 621.91 1685.24 687.84 0.182033
4 791.97 289.31 827.66 323.83 0.148312
2 137.73 110.73 157.31 132.68 0.120186
4 478.69 837.07 543.61 872.90 0.106341
4 930.75 337.59 960.47 383.60 0.116585
4 1570.23 243.37 1592.41 264.37 0.109245
6 744.62 153.53 829.19 219.88 0.211738
3 757.78 305.32 790.37 346.96 0.140635
1 1562.32 786.50 1583.34 812.33 0.120155
4 417.45 740.48 437.22 755.23 0.095056
1 1629.90 629.47 1651.19 671.45 0.147769
4 1795.18 567.71 1832.70 588.21 0.099275
6 1548.00 757.79 1630.20 798.51 0.146445
6 788.07 92.28 883.62 148.53 0.096190
4 144.30 597.43 169.62 620.96 0.094924
2 332.22 683.35 393.45 712.02 0.190097
4 1545.83 740.31 1593.17 758.16 0.142211
1 741.71 331.96 760.68 389.81 0.106464
2 240.19 732.12 262.65 756.40 0.101515
6 267.11 756.17 317.04 794.94 0.080994
4 310.12 603.38 356.06 634.93 0.089096
4 1697.97 723.93 1721.73 743.29 0.106555
4 1675.54 568.72 1706.66 591.90 0.108945
1 671.79 451.08 694.17 509.34 0.115631
1 737.13 491.15 751.95 516.28 0.087160
6 1236.17 313.43 1315.27 383.32 0.155838
1 236.33 131.38 250.97 174.76 0.109249
4 152.21 169.96 182.96 188.25 0.108945
2 1581.61 783.94 1598.00 809.13 0.085823
3 353.40 242.45 380.58 281.77 0.144059
4 274.15 216.85 309.14 244.00 0.097795
5 1205.52 318.95 1246.21 367.02 0.255251
2 131.07 109.76 188.67 160.00 0.098528
4 1703.98 117.40 1737.02 134.18 0.096585
4 584.42 315.79 628.88 354.68 0.132174
2 237.61 726.56 293.00 762.29 0.125211
4 1706.81 160.46 1742.70 182.58 0.099239
2 146.60 564.40 373.51 654.28 0.090013
4 148.94 625.23 189.69 649.07 0.094074
6 786.23 195.30 832.91 217.11 0.129748
4 445.13 660.62 496.66 682.52 0.081606
4 1013.95 114.40 1030.57 137.11 0.094586
2 1586.12 564.92 1840.69 696.51 0.087278
4 1813.16 496.47 1857.55 530.53 0.087639
6 34.46 767.87 77.24 813.09 0.085614
4 240.26 249.61 261.60 268.30 0.085027
4 1720.46 627.39 1755.74 648.33 0.081013
2 158.72 113.83 175.33 134.25 0.114544
4 1.05 786.27 36.45 803.57 0.081870
6 1517.65 234.02 1567.55 269.05 0.080516
1 1377.23 156.33 1399.17 190.70 0.157876
2 1682.84 154.79 1704.43 182.35 0.094971
4 613.03 0.28 650.74 29.64 0.134756
4 1045.90 235.67 1073.99 273.68 0.096521
2 459.29 651.32 487.67 669.23 0.119267
2 1361.25 296.69 1377.47 323.30 0.087824
2 306.06 744.89 329.27 787.07 0.085234
2 269.06 733.51 288.43 762.10 0.105022
1 1661.34 615.36 1685.80 659.52 0.135245
4 774.53 305.40 790.29 323.75 0.087053
2 1288.97 205.74 1317.03 228.14 0.120959
4 1844.10 553.46 1884.55 570.94 0.080857
2 339.71 684.90 358.35 708.95 0.098153
2 336.85 563.00 357.67 591.36 0.095279
3 1721.77 650.33 1786.63 706.81 0.091942
2 1654.73 631.91 1669.72 654.74 0.096415
2 1634.44 630.53 1648.86 656.00 0.101379
4 327.40 203.74 367.11 226.35 0.091800
4 1058.59 44.27 1074.07 59.94 0.107957
2 143.32 561.97 450.76 797.67 0.112039
3 918.72 59.91 926.56 80.94 0.101128
6 745.34 85.58 884.88 220.25 0.084676
2 369.45 686.84 389.78 708.71 0.104327
6 1177.97 316.98 1246.93 367.66 0.133796
2 325.32 624.57 366.58 653.39 0.124162
4 1741.97 634.26 1806.17 668.35 0.080644
5 1257.11 314.56 1315.04 357.29 0.108446
4 803.53 154.50 828.23 180.23 0.090576
4 1566.89 685.03 1626.62 709.98 0.084569
4 343.45 0.00 386.70 12.90 0.126534
4 952.90 0.70 972.83 20.75 0.093476
4 1710.11 236.65 1748.78 266.08 0.087542
4 562.92 129.48 594.47 162.11 0.081382
2 1264.80 589.30 1276.51 609.73 0.085729
3 1702.38 106.82 1767.69 144.99 0.099215
2 1633.83 627.09 1684.78 661.83 0.106220
4 1083.97 845.92 1134.91 891.29 0.111747
2 1348.08 796.53 1372.28 841.59 0.083153
2 1606.00 628.53 1652.38 673.67 0.112908
2 274.14 222.65 294.28 261.77 0.087731
2 1808.85 592.78 1829.63 617.45 0.085622
2 350.94 629.59 366.66 649.93 0.082900
4 794.69 121.72 816.07 143.94 0.103885
2 880.04 46.40 891.21 70.17 0.098562
2 1528.67 494.55 1889.01 813.23 0.116038
2 1517.13 782.64 1596.66 825.70 0.113189
2 1773.67 651.53 1787.16 676.56 0.109083
3 1554.19 783.22 1597.02 814.32 0.132945
1 1153.23 1047.61 1182.02 1076.70 0.097386
4 767.46 50.36 789.65 72.16 0.099525
3 180.78 245.20 210.52 282.74 0.103243
2 1417.79 109.09 1432.75 126.55 0.083177
4 0.70 113.29 21.11 130.45 0.137444
