4 918.50 510.29 955.30 553.09 0.430647
5 956.94 434.15 1034.46 560.49 0.370206
5 1055.56 650.54 1291.86 1013.19 0.369141
4 937.49 608.82 1085.09 912.09 0.361998
4 900.19 307.97 924.04 340.69 0.343945
4 874.88 298.33 895.18 327.89 0.319632
5 745.70 345.11 803.39 392.18 0.294658
1 870.70 341.67 880.52 358.58 0.277054
4 860.20 269.59 875.94 286.55 0.344022
4 979.97 497.95 1033.84 559.14 0.314024
2 353.34 655.93 410.51 693.43 0.266217
1 203.80 562.62 226.49 590.61 0.182067
4 1056.66 300.43 1068.12 314.14 0.256641
4 847.29 203.65 863.73 227.50 0.222349
4 629.26 288.70 651.86 308.40 0.199940
1 887.73 333.65 897.43 352.32 0.267346
3 290.57 617.78 338.31 657.27 0.202421
6 904.86 114.25 1035.17 206.88 0.194378
3 290.40 587.20 383.55 657.71 0.169662
3 736.47 562.48 785.15 623.08 0.264858
3 427.24 655.71 464.43 687.44 0.214478
3 723.09 317.29 760.29 344.19 0.168596
4 890.11 254.51 905.38 271.55 0.221334
3 1354.50 454.66 1389.98 482.87 0.144138
4 1148.14 880.77 1291.04 1012.16 0.220624
1 168.48 219.67 181.41 241.05 0.169171
3 327.76 587.63 383.30 626.74 0.189329
5 620.42 322.32 669.60 361.26 0.206069
9 975.72 209.09 1060.21 234.61 0.119703
4 913.50 474.37 954.57 519.53 0.242776
4 114.02 234.68 146.66 249.69 0.138991
4 1121.05 258.87 1143.85 292.66 0.179462
4 859.99 254.07 877.79 269.87 0.178619
3 777.63 281.55 797.20 298.57 0.104868
4 1316.16 911.87 1357.63 972.10 0.144020
3 447.11 632.30 493.14 665.71 0.189551
1 418.01 631.33 432.80 654.17 0.118535
3 889.76 254.09 905.60 280.10 0.131419
4 676.48 461.96 691.99 476.41 0.130817
6 955.67 432.54 1254.86 787.19 0.218349
2 147.05 219.29 181.10 244.31 0.138198
6 1133.27 241.92 1233.19 302.26 0.116239
4 1338.07 360.24 1375.27 386.90 0.187624
1 405.35 251.33 430.06 308.33 0.122973
1 518.41 494.81 553.76 534.43 0.126121
6 55.74 226.43 97.03 252.15 0.127555
2 600.84 439.54 619.13 476.66 0.085211
6 745.18 344.65 803.95 437.18 0.145703
3 406.53 593.66 482.73 638.10 0.162522
1 793.78 260.89 805.46 283.47 0.117436
4 968.84 339.92 983.69 349.80 0.128096
4 947.46 274.03 969.81 301.54 0.158232
4 1013.74 220.52 1040.23 234.97 0.098975
3 359.65 587.83 383.73 620.80 0.112609
9 847.03 200.04 873.61 225.78 0.094147
6 1073.29 240.74 1135.59 279.74 0.160704
1 857.90 335.97 866.76 354.37 0.165698
4 1072.52 263.70 1088.84 281.13 0.162863
4 984.93 235.94 1016.00 257.32 0.085279
3 352.97 593.35 491.67 694.12 0.095219
4 920.15 174.74 940.62 196.46 0.114621
4 662.68 493.33 676.67 510.30 0.084887
6 526.86 373.46 579.40 402.17 0.137971
1 49.68 579.67 80.54 631.22 0.101191
4 793.79 249.11 807.39 261.02 0.097809
4 825.10 458.96 845.33 469.77 0.082867
2 858.42 372.25 867.58 398.65 0.089965
4 1275.80 323.53 1313.07 346.21 0.102447
4 1001.01 237.96 1015.63 250.62 0.104195
1 851.62 306.79 860.84 322.96 0.088895
4 1385.54 361.66 1399.87 392.78 0.102674
3 1334.86 432.38 1390.73 482.97 0.182015
4 803.59 371.16 827.65 388.86 0.118065
4 1009.05 223.04 1020.75 234.07 0.114869
9 909.54 262.49 937.63 285.57 0.080169
3 1335.18 432.54 1372.40 456.54 0.097007
1 822.99 313.35 833.09 326.14 0.118861
6 1186.83 231.08 1242.29 260.48 0.120605
4 52.13 231.43 68.07 248.09 0.081641
10 251.14 780.88 311.12 859.35 0.111488
6 818.04 259.79 844.00 288.25 0.089216
1 1052.95 400.80 1067.94 423.75 0.099423
10 363.57 588.30 383.20 606.90 0.087682
1 133.34 609.09 150.17 638.23 0.099865
1 416.41 629.70 434.33 678.18 0.090282
2 851.28 334.61 860.28 354.12 0.083479
4 804.52 257.20 820.86 275.92 0.105549
6 870.55 245.60 1394.35 1044.72 0.089890
4 905.14 174.23 922.76 189.93 0.118919
3 436.32 612.98 476.49 639.17 0.092083
4 1040.87 250.89 1057.22 259.21 0.091367
4 1125.77 256.87 1144.73 271.75 0.083351
10 303.23 766.10 335.00 826.53 0.088717
3 353.18 633.59 432.62 693.57 0.105543
3 891.79 266.56 904.42 283.83 0.094601
1 506.24 362.76 522.80 398.86 0.089562
2 412.47 594.16 490.24 686.30 0.113898
4 807.50 214.59 821.17 226.49 0.082927
2 871.08 332.60 898.04 358.99 0.166896
6 819.54 224.07 842.59 259.61 0.080177
3 918.05 774.62 940.19 858.21 0.152296
6 1337.51 334.67 1399.68 388.95 0.095486
4 825.36 194.84 837.43 208.03 0.102032
3 353.56 662.06 394.58 693.68 0.095406
4 935.05 306.80 951.71 329.75 0.094625
6 913.37 433.55 1034.94 561.68 0.154215
1 600.96 450.14 615.81 476.15 0.084988
4 960.17 206.49 975.90 218.02 0.091539
4 663.67 316.86 694.35 344.19 0.084827
4 976.94 214.55 998.25 229.01 0.081740
3 372.67 656.45 411.04 683.44 0.093797
6 936.62 607.07 1291.79 1014.38 0.160655
4 873.08 211.63 883.93 224.92 0.092160
3 1237.35 381.08 1262.20 402.05 0.090786
6 745.56 305.89 803.43 392.81 0.135976
4 738.96 562.86 784.55 605.28 0.166489
4 901.50 307.75 920.69 322.66 0.133790
4 923.92 287.78 940.78 304.84 0.087103
6 956.72 432.86 1144.06 658.21 0.098839
