4 1150.51 609.64 1190.57 627.70 0.290424
4 208.04 268.84 265.77 308.60 0.255760
4 1170.95 674.33 1206.41 691.66 0.302798
4 1172.77 701.35 1209.91 720.65 0.251312
4 573.62 715.35 610.05 734.31 0.200300
4 191.07 122.95 209.13 138.32 0.169636
4 1229.85 919.79 1315.63 967.94 0.140602
1 381.13 487.06 396.90 515.16 0.172893
3 1231.45 922.44 1287.27 969.50 0.172005
4 1161.68 753.30 1223.80 801.98 0.120026
4 1170.70 658.55 1223.61 692.86 0.168453
4 1083.83 1011.05 1124.55 1029.15 0.194363
2 520.48 340.95 548.21 360.18 0.166676
6 1194.69 776.05 1253.08 846.25 0.106408
4 364.95 549.48 396.74 566.73 0.126831
6 155.11 177.61 418.60 362.52 0.153113
4 1231.97 922.65 1264.56 940.42 0.139923
4 1279.14 1021.27 1311.80 1034.25 0.152723
4 186.11 316.73 235.20 353.17 0.180178
5 632.65 748.07 649.87 786.52 0.138064
4 608.70 526.07 643.70 543.36 0.096703
3 588.06 890.77 624.99 951.56 0.111789
4 1150.15 594.62 1221.70 629.65 0.115757
3 997.21 1014.51 1046.69 1049.69 0.175939
4 612.19 554.03 631.20 575.17 0.120852
3 337.48 686.68 369.28 709.97 0.122584
4 1255.17 960.14 1368.90 989.42 0.096329
3 428.09 715.42 451.54 749.29 0.121407
4 359.60 602.90 375.77 616.40 0.084646
4 1278.89 1017.97 1398.91 1048.44 0.103056
4 1161.50 780.06 1198.25 801.70 0.139424
4 1076.45 1025.67 1278.93 1049.30 0.144051
3 381.59 627.46 400.32 663.25 0.109217
2 441.27 896.69 474.61 943.56 0.111850
10 423.52 449.21 463.11 468.11 0.106160
4 347.26 891.93 421.55 933.21 0.095245
4 1089.55 973.63 1149.54 992.61 0.080056
10 310.44 523.51 381.80 597.46 0.108723
6 1219.65 555.68 1398.80 949.46 0.094827
10 719.58 239.12 736.26 278.26 0.099725
2 263.15 341.67 275.84 361.03 0.092449
9 1074.01 845.70 1221.88 896.03 0.103583
4 355.36 328.19 390.71 350.09 0.118412
2 520.73 274.76 539.05 293.07 0.086573
2 594.65 258.56 617.30 295.37 0.086534
6 1076.16 983.10 1398.72 1048.98 0.102943
4 1228.38 815.62 1249.00 836.43 0.113285
4 397.02 592.81 413.00 609.96 0.120260
4 215.85 340.33 235.02 353.56 0.098427
10 576.41 140.93 601.72 179.80 0.100758
2 534.40 296.09 546.50 314.26 0.082766
2 1152.33 477.08 1170.98 517.83 0.091388
10 929.66 291.86 946.57 329.36 0.088009
4 89.42 88.33 110.93 103.30 0.084062
4 1175.73 720.08 1208.30 736.85 0.102818
2 563.52 278.22 578.56 294.73 0.080930
2 351.29 486.64 397.60 523.80 0.092599
6 1074.32 821.17 1227.87 896.13 0.080124
2 307.27 485.54 404.42 667.68 0.112850
4 1201.78 752.87 1218.83 767.92 0.088596
2 535.93 342.72 548.63 358.92 0.080743
2 350.72 486.34 402.97 596.50 0.088529
