4 911.95 171.67 1076.89 267.45 0.510142
4 681.26 1.29 808.72 73.27 0.571978
4 761.98 201.73 907.37 292.20 0.469173
4 446.99 141.01 602.98 259.74 0.533900
4 691.76 962.22 807.95 1049.42 0.389959
4 328.60 805.85 498.78 1049.02 0.388647
4 689.01 246.02 801.12 359.54 0.378030
4 627.63 110.86 839.82 278.34 0.346669
4 664.23 543.14 859.46 821.07 0.318846
4 0.13 173.41 58.19 258.54 0.445610
4 851.68 0.01 963.93 24.81 0.451108
4 861.43 270.99 1014.71 364.45 0.313201
4 163.87 795.80 315.14 1034.00 0.369489
4 970.92 666.71 1149.85 875.53 0.343657
4 737.66 680.21 859.03 820.61 0.267104
7 737.42 335.06 816.22 445.77 0.215846
1 990.10 477.17 1019.29 527.10 0.323860
2 910.33 488.07 993.32 546.86 0.259953
1 754.06 405.73 783.74 447.93 0.291295
1 501.29 529.68 564.39 610.59 0.218207
4 0.26 0.32 102.00 69.46 0.267836
4 587.06 341.98 678.68 440.19 0.216490
1 1093.77 305.28 1126.98 347.98 0.269093
4 578.19 719.91 732.62 952.51 0.283224
4 132.76 30.22 166.41 51.95 0.254500
1 980.96 322.29 1010.02 367.25 0.225901
1 845.04 350.16 872.89 394.90 0.263970
1 1032.17 301.59 1061.70 350.01 0.271421
1 768.55 853.53 876.04 942.03 0.235833
1 840.55 463.12 870.70 503.99 0.247664
1 29.02 847.34 69.33 896.85 0.239646
2 644.25 550.47 677.11 598.67 0.161063
1 349.06 840.14 383.41 873.63 0.198508
6 1004.94 459.22 1398.49 1046.59 0.163336
3 645.18 522.54 756.21 598.74 0.221711
4 1265.62 75.91 1319.48 100.67 0.168260
4 684.58 0.00 710.13 13.99 0.124578
1 500.77 528.90 631.10 667.59 0.226171
5 718.94 246.68 800.48 350.27 0.223838
1 1125.97 945.27 1196.65 986.73 0.158966
1 73.66 846.87 130.91 951.36 0.235945
1 941.81 489.12 992.20 546.40 0.215390
4 1189.82 172.28 1249.60 261.05 0.276986
2 1031.15 298.49 1128.03 365.60 0.189283
3 689.17 304.13 743.11 359.35 0.157705
1 649.20 588.14 681.98 630.42 0.186707
1 195.45 9.74 217.81 55.92 0.203561
2 192.56 747.71 332.04 923.49 0.187210
4 884.70 328.61 1051.63 427.80 0.193599
1 804.41 324.37 827.86 358.54 0.207584
1 836.58 328.09 863.95 372.39 0.199220
1 526.00 529.34 558.03 571.87 0.209556
2 794.12 307.33 900.72 401.80 0.224102
2 501.02 531.50 586.36 637.64 0.117166
4 710.89 1005.51 800.51 1049.36 0.103753
1 28.60 847.12 73.58 969.24 0.172793
1 273.89 773.46 331.67 919.73 0.167870
1 804.29 349.85 834.72 402.91 0.135784
4 1238.12 70.51 1322.98 120.93 0.172014
1 607.20 391.20 636.12 429.18 0.179113
4 1213.60 967.48 1339.12 1049.73 0.109437
6 193.44 664.54 301.03 808.62 0.132133
1 74.96 847.33 121.15 894.84 0.158888
3 773.18 392.57 815.81 448.60 0.174940
2 167.83 432.84 207.62 478.73 0.140228
7 645.56 522.58 757.01 627.57 0.146483
5 742.48 334.91 804.20 403.60 0.112455
2 0.09 117.89 22.22 163.15 0.153993
3 85.88 139.79 172.85 218.86 0.156388
4 1177.58 874.96 1242.16 937.65 0.100409
3 192.49 666.96 334.18 933.42 0.117857
7 570.00 363.44 860.21 821.15 0.140432
1 813.10 303.91 830.19 331.39 0.131618
3 735.92 362.76 815.65 448.35 0.185305
1 1066.97 298.34 1090.11 344.12 0.206273
4 494.44 142.40 591.04 211.84 0.095105
4 1217.09 524.17 1399.53 826.80 0.114557
2 94.50 880.44 130.77 951.91 0.083767
1 1216.55 224.13 1244.23 252.24 0.137526
4 0.08 467.22 20.44 525.57 0.089614
4 1245.41 843.85 1288.21 890.41 0.094992
4 1048.46 312.10 1116.69 366.17 0.148541
1 875.11 357.97 898.59 402.99 0.153256
2 790.61 336.17 810.65 364.13 0.095350
3 1.14 499.45 334.91 931.87 0.115177
3 835.34 648.68 913.63 690.20 0.091371
4 1178.55 329.08 1270.85 428.62 0.147771
6 1215.80 465.59 1399.57 903.66 0.128584
2 820.69 317.33 838.52 341.51 0.116169
2 535.17 572.40 577.70 617.54 0.119485
7 562.00 373.64 690.55 490.22 0.099998
1 535.02 571.58 599.63 639.75 0.111421
10 851.82 402.93 879.34 426.50 0.090333
2 692.50 620.35 812.08 703.62 0.091607
4 0.04 1002.64 27.33 1045.77 0.084335
3 790.38 345.19 835.64 402.82 0.126598
1 1000.08 477.29 1018.96 506.73 0.112789
1 674.61 392.36 695.86 423.95 0.111835
2 946.83 476.82 1019.59 546.60 0.107166
2 834.49 333.31 858.76 390.69 0.090573
2 588.89 389.76 637.19 435.99 0.110053
7 676.06 523.50 755.77 565.87 0.140316
3 832.42 361.47 874.49 397.45 0.087779
2 791.87 324.21 828.05 378.63 0.119281
4 93.42 1.38 167.14 52.74 0.095652
2 973.94 507.90 995.48 543.46 0.108295
4 1266.30 84.84 1291.14 99.41 0.129822
2 769.73 853.05 822.79 912.16 0.151858
7 1177.33 874.68 1302.64 975.84 0.104588
7 1.76 499.37 334.38 1038.50 0.096619
7 572.65 342.92 697.79 627.80 0.098876
3 0.48 120.75 172.65 259.57 0.124483
2 187.05 929.05 206.01 963.25 0.084422
4 771.75 973.11 842.75 1049.19 0.086660
2 1344.39 657.03 1382.62 693.25 0.112764
2 1094.36 305.65 1126.25 345.86 0.083504
1 192.70 751.25 209.45 776.64 0.117090
1 228.81 2.27 245.59 46.31 0.108837
2 940.15 491.51 962.02 519.92 0.110576
4 736.31 364.64 770.56 404.71 0.091865
4 907.72 262.02 942.81 287.18 0.092365
6 740.51 334.72 806.85 415.42 0.123057
1 44.09 878.24 131.66 1048.31 0.089211
2 877.23 371.78 897.27 402.90 0.092573
2 606.79 375.79 645.89 424.18 0.085615
6 689.39 201.47 907.58 358.75 0.087294
2 501.32 531.55 528.56 568.77 0.107541
4 1189.10 169.43 1398.25 308.84 0.106825
9 1137.15 170.50 1398.45 551.25 0.084661
2 554.66 583.47 576.92 614.93 0.085795
4 1311.54 793.13 1399.37 906.16 0.089176
1 961.21 338.66 987.30 374.41 0.182943
3 857.36 304.26 925.63 401.42 0.084867
4 0.14 973.61 65.59 1049.22 0.094139
4 1309.29 959.39 1399.13 1049.86 0.105308
4 1219.61 898.82 1398.81 1049.51 0.104293
2 813.20 304.42 835.74 339.46 0.114970
3 874.99 350.66 925.35 404.21 0.107714
10 970.96 666.64 1149.82 875.47 0.081264
7 819.15 315.78 1051.62 428.59 0.085441
7 163.73 721.67 331.88 1035.55 0.118383
9 1006.16 171.71 1399.12 1047.35 0.089219
3 1027.81 325.22 1074.95 370.67 0.092056
3 531.81 545.88 670.93 667.97 0.101728
7 682.33 622.25 859.08 820.41 0.097637
4 684.24 0.29 791.47 15.31 0.153681
4 0.53 57.35 88.41 160.93 0.091658
6 1113.90 467.52 1206.30 578.85 0.080971
2 906.35 322.24 1009.23 404.74 0.095770
10 948.53 513.84 976.94 547.00 0.084277
