4 516.50 620.56 591.38 700.19 0.332630
4 970.77 428.21 1044.02 478.34 0.227031
1 95.26 799.73 146.15 841.29 0.264037
4 915.65 463.91 1021.48 562.77 0.239817
1 628.98 548.70 679.10 595.11 0.197887
4 1063.38 285.98 1158.59 365.86 0.193258
4 540.18 622.06 591.28 667.52 0.180223
10 693.34 406.72 820.16 565.65 0.158904
4 1063.79 323.45 1136.29 364.97 0.147556
4 768.29 690.30 801.44 723.32 0.108995
4 497.43 601.05 535.08 644.46 0.183281
4 292.70 840.19 349.69 887.98 0.105368
4 321.14 855.07 347.53 886.63 0.116523
4 848.23 606.80 916.60 675.44 0.082544
1 697.68 561.65 712.30 583.43 0.085589
4 767.79 689.54 826.20 747.69 0.120513
1 114.46 800.51 136.86 830.99 0.130730
4 890.41 387.00 933.65 428.15 0.114145
1 791.65 552.98 805.82 576.23 0.083561
4 912.78 508.88 972.21 556.15 0.095222
4 165.54 694.01 206.56 732.24 0.104555
1 637.23 603.35 652.67 617.68 0.081891
4 840.83 387.22 936.29 476.84 0.083846
4 890.82 356.98 965.73 428.89 0.105422
