6 832.79 470.28 941.40 517.27 0.460035
4 1166.33 769.03 1214.07 827.11 0.474247
2 347.73 993.83 417.61 1049.56 0.313279
4 344.59 684.43 373.56 699.47 0.281818
4 1096.71 391.95 1119.23 404.81 0.267650
4 880.36 251.32 891.70 263.43 0.309401
4 826.42 329.18 839.51 344.35 0.349626
4 1090.94 238.33 1111.98 251.22 0.224214
4 803.16 224.28 818.05 237.93 0.304750
4 941.82 303.95 952.23 313.62 0.262486
4 873.79 308.32 888.84 317.85 0.273171
4 736.04 297.15 751.42 310.34 0.245238
4 1027.76 510.38 1067.40 533.89 0.226086
4 990.55 221.36 1003.25 231.56 0.224034
4 937.53 200.66 970.94 225.19 0.223628
4 304.86 684.50 373.56 721.38 0.186560
4 952.31 284.69 962.00 292.61 0.259959
4 1149.64 296.48 1170.62 308.04 0.233687
4 770.61 231.21 790.07 248.09 0.226827
4 681.15 240.69 704.66 255.11 0.183010
5 922.14 142.84 976.00 160.39 0.221105
1 580.86 650.90 600.09 690.05 0.168459
6 1165.51 223.43 1254.60 267.53 0.165096
4 893.52 203.98 912.72 216.53 0.161900
5 1101.95 402.83 1151.47 450.08 0.147626
5 1051.78 194.67 1086.59 211.63 0.245246
4 1379.86 357.12 1399.36 369.47 0.189042
4 743.68 229.87 756.81 244.73 0.202251
4 313.61 503.63 354.32 532.79 0.189815
4 686.22 283.43 706.81 303.52 0.158473
4 597.16 422.51 678.30 455.92 0.211111
4 1047.21 232.69 1065.38 245.57 0.158215
4 328.37 591.12 359.22 615.95 0.154652
9 835.15 154.07 966.66 238.78 0.143056
4 1247.51 254.47 1291.94 270.40 0.163548
4 1004.13 222.02 1015.29 233.12 0.199345
4 741.54 265.61 754.89 284.97 0.176628
4 1206.34 774.66 1256.22 825.27 0.168873
4 1280.93 459.33 1321.29 476.64 0.168635
4 637.28 518.59 662.15 541.05 0.177208
4 734.06 371.17 753.06 385.07 0.167747
4 260.63 517.85 288.03 536.23 0.173165
4 602.63 225.45 622.07 234.76 0.184753
1 533.38 398.95 543.06 416.18 0.159521
4 1086.81 220.06 1104.11 233.52 0.166735
1 525.91 434.31 543.30 461.64 0.150442
4 1134.94 360.08 1181.65 385.11 0.159534
4 932.71 229.00 951.39 244.42 0.185576
4 733.57 622.54 745.64 644.57 0.156078
4 1270.49 441.19 1286.23 452.64 0.176501
4 1037.30 220.42 1052.33 231.16 0.144682
4 579.61 173.26 605.39 184.12 0.118938
4 723.71 278.16 736.89 290.09 0.137582
4 304.39 692.36 337.20 720.81 0.143837
4 912.65 244.79 937.88 262.65 0.152463
4 511.36 381.14 529.01 395.41 0.122890
4 206.84 554.46 234.01 574.17 0.163680
6 1320.30 236.88 1362.25 262.14 0.121092
4 765.69 242.75 783.74 255.55 0.127229
6 1095.37 392.34 1151.55 450.25 0.190924
4 2.65 712.88 35.65 734.04 0.140702
4 922.59 204.41 939.95 222.76 0.149835
4 1354.54 442.84 1369.22 454.75 0.241928
4 1178.26 252.17 1220.80 266.86 0.176189
1 545.16 675.44 562.47 708.41 0.132093
4 1286.00 441.29 1305.99 453.46 0.184250
1 489.32 717.40 514.52 758.68 0.181302
4 763.92 327.25 789.91 341.19 0.124424
3 348.58 993.97 396.70 1049.62 0.133282
5 745.68 225.29 788.86 247.41 0.180291
9 779.60 208.95 828.90 238.71 0.113374
9 1038.01 205.51 1067.78 225.21 0.118128
4 686.64 281.90 736.40 304.05 0.100202
4 1065.10 243.21 1080.04 252.81 0.138954
9 1093.01 200.49 1113.34 216.91 0.126326
4 987.90 241.61 997.35 252.33 0.132893
4 588.05 311.43 617.59 326.09 0.099418
6 535.38 314.86 615.07 356.79 0.092181
3 382.02 1010.00 417.05 1049.65 0.135638
4 329.34 735.56 360.50 759.01 0.109050
4 433.13 484.89 443.92 494.81 0.094750
4 305.91 780.98 328.71 801.85 0.097207
4 724.16 281.08 744.63 296.15 0.106613
4 848.58 483.29 899.08 509.29 0.115638
4 832.75 597.77 844.87 608.47 0.080481
4 1083.98 213.38 1098.33 225.61 0.133346
1 779.06 373.99 786.07 386.52 0.136687
4 581.70 323.45 599.87 339.74 0.118328
4 632.91 273.94 680.88 295.32 0.091370
6 313.38 484.80 386.60 533.14 0.162574
4 801.35 202.44 822.20 212.96 0.090125
4 720.28 290.22 732.75 300.57 0.158793
4 1181.28 173.01 1201.27 184.18 0.094889
4 1216.83 255.23 1232.84 265.18 0.174370
3 0.57 637.39 39.63 673.61 0.097216
4 731.95 646.60 744.76 669.36 0.092446
4 176.61 567.48 197.74 585.05 0.104256
9 921.78 143.10 978.50 174.68 0.166818
4 1037.62 206.56 1048.93 217.51 0.117817
4 1031.70 247.55 1050.76 260.76 0.109947
4 813.51 319.55 825.53 327.81 0.139239
4 727.23 231.68 742.94 245.83 0.104046
10 491.71 735.59 513.26 759.40 0.092792
4 1000.99 294.71 1017.89 308.16 0.122842
4 800.91 325.63 816.91 342.62 0.103569
1 919.60 372.15 925.34 382.28 0.132109
4 619.04 167.81 635.67 177.46 0.109483
4 582.08 316.98 614.70 342.40 0.095560
4 1134.24 365.40 1147.85 378.59 0.131007
6 910.52 239.85 967.57 271.47 0.091963
1 569.68 713.21 581.49 733.27 0.110512
4 682.82 314.78 699.10 325.26 0.103714
4 923.51 244.68 936.77 255.02 0.147582
2 195.27 794.96 214.19 811.05 0.086719
6 353.12 485.44 385.79 519.32 0.138981
4 968.84 224.17 983.21 237.75 0.110275
1 1347.47 862.66 1377.43 924.59 0.098260
4 971.57 211.76 986.46 225.99 0.088509
1 589.08 664.96 600.71 690.27 0.092618
6 175.84 551.73 233.94 589.35 0.081562
1 471.91 552.28 507.03 614.11 0.109102
9 801.05 198.85 843.25 220.44 0.088745
2 273.77 663.24 289.41 686.61 0.082850
4 1309.41 263.84 1324.06 273.49 0.107447
4 0.27 593.99 16.20 607.87 0.100265
4 527.92 194.54 543.15 206.69 0.109728
4 490.44 717.49 513.14 742.35 0.080023
4 1029.75 307.99 1044.14 320.73 0.094907
4 579.71 226.09 600.71 236.92 0.103610
4 951.08 258.96 964.51 270.53 0.124248
4 828.33 210.38 839.77 222.16 0.104299
1 761.87 557.33 769.62 576.44 0.102925
4 1156.55 387.12 1195.43 405.37 0.090863
4 952.96 311.36 959.10 318.96 0.090368
4 1232.93 518.43 1253.34 528.48 0.086412
6 899.17 486.15 941.00 516.02 0.108162
4 1173.53 255.30 1188.40 265.58 0.136381
4 974.91 282.08 988.11 294.67 0.082029
4 934.05 272.95 940.94 282.63 0.082320
4 1338.71 437.44 1369.90 454.95 0.105041
4 547.96 674.92 563.06 690.84 0.087510
6 1184.62 417.35 1233.69 445.68 0.104945
4 1053.16 212.41 1067.86 223.54 0.106620
2 709.90 364.71 730.18 391.98 0.112228
4 1266.58 454.13 1286.87 468.24 0.111304
1 533.76 443.39 546.02 463.19 0.087271
4 827.92 369.52 835.60 377.69 0.108927
2 521.32 398.21 543.62 426.51 0.119942
4 636.66 213.69 654.22 227.43 0.096860
4 869.71 215.72 890.11 231.54 0.092376
4 716.61 174.18 728.43 180.91 0.084038
4 1056.24 245.66 1069.72 256.23 0.086120
4 948.18 227.74 956.59 236.07 0.092046
4 669.41 284.88 690.01 300.90 0.099474
6 1134.55 359.16 1184.15 401.37 0.087634
4 848.93 484.88 865.78 502.09 0.103607
4 932.58 222.78 945.55 232.90 0.088958
2 387.93 1001.32 417.07 1048.30 0.096720
4 941.80 303.61 958.79 318.80 0.094761
4 931.53 238.03 943.67 247.60 0.129968
4 832.47 287.11 842.46 294.92 0.104087
2 523.32 398.14 545.72 463.25 0.098578
6 1267.33 453.25 1339.84 479.68 0.113195
4 1269.20 259.00 1291.70 270.17 0.080426
4 932.05 198.73 943.97 209.73 0.089042
