4 834.30 447.51 920.58 507.02 0.387183
4 18.07 602.10 122.62 648.51 0.471340
1 977.09 611.64 994.10 636.16 0.397409
1 858.18 343.85 868.58 363.04 0.369569
1 737.27 487.69 748.79 519.62 0.411326
4 0.21 540.34 84.50 596.93 0.395491
4 429.92 244.04 501.63 277.50 0.338611
1 805.76 339.66 815.58 356.61 0.358247
1 864.71 194.41 875.17 217.04 0.324386
4 425.14 270.83 496.06 303.63 0.334969
4 381.91 148.04 411.88 194.08 0.353163
4 414.80 370.95 494.67 419.66 0.326253
1 783.02 657.35 798.90 680.39 0.332005
1 952.07 367.69 968.18 389.95 0.267730
4 472.66 194.55 504.58 244.93 0.339910
1 814.89 127.03 823.98 145.69 0.280063
4 427.06 323.04 497.55 357.16 0.331844
1 856.39 569.11 875.84 605.80 0.240105
1 313.48 646.96 333.35 687.97 0.361197
1 659.39 214.93 669.51 234.49 0.263502
1 1100.54 643.79 1114.56 661.72 0.298482
1 706.24 359.48 716.54 380.81 0.268140
1 477.59 468.97 488.56 493.40 0.303515
4 11.05 454.49 88.66 537.18 0.288516
4 183.23 598.88 236.18 679.33 0.322999
1 657.28 88.52 667.00 109.62 0.233399
2 133.44 601.69 190.73 679.48 0.333405
1 105.38 462.77 130.44 527.07 0.193558
4 233.22 584.38 286.97 679.55 0.310537
1 856.60 187.81 867.91 215.35 0.248233
1 470.27 38.83 478.57 61.56 0.216753
1 1099.52 592.86 1122.57 614.86 0.242900
1 663.39 180.95 673.17 199.59 0.251322
4 417.07 348.45 498.87 384.92 0.322232
1 726.45 369.89 737.15 395.23 0.269121
2 663.35 178.78 710.69 201.65 0.165872
2 339.93 521.75 364.58 554.79 0.165198
1 947.44 603.15 960.47 618.54 0.256405
2 680.60 213.85 697.23 236.14 0.209377
1 699.94 179.27 709.75 200.13 0.275415
1 728.68 461.54 741.95 487.63 0.267802
2 306.52 593.25 343.87 641.17 0.211297
4 0.12 658.33 49.42 754.76 0.347639
4 428.58 294.54 493.41 327.74 0.309214
1 67.76 491.14 89.29 529.32 0.176472
2 700.09 179.26 709.98 199.86 0.090522
3 305.09 592.04 344.57 688.48 0.126431
4 1275.01 372.99 1289.88 390.94 0.162499
1 1046.04 624.63 1063.91 659.35 0.182061
1 822.17 551.94 860.59 579.60 0.175348
4 71.44 466.18 132.42 495.41 0.207138
1 977.71 242.47 991.22 263.56 0.191373
2 95.34 462.57 111.07 482.86 0.144770
2 682.93 183.16 693.10 200.59 0.081497
1 1057.11 653.68 1075.54 687.43 0.207168
1 682.90 183.07 693.12 200.86 0.243186
6 371.53 28.81 434.13 90.80 0.108325
4 736.40 339.69 763.96 365.18 0.116374
1 1152.36 687.92 1167.86 710.12 0.207578
1 899.15 182.46 908.17 196.91 0.190135
2 671.34 182.43 681.10 199.70 0.201644
2 679.83 214.33 689.86 229.74 0.143447
2 879.50 317.70 889.25 339.73 0.192523
2 820.15 543.88 884.37 608.44 0.113754
2 404.60 13.37 414.45 44.86 0.111305
7 851.85 544.41 884.30 608.79 0.114371
1 1009.64 452.43 1025.77 474.90 0.179297
2 889.03 323.37 899.55 342.22 0.157618
2 963.26 393.24 973.74 408.52 0.131907
4 265.84 406.97 290.90 428.67 0.130335
3 1026.51 704.09 1046.40 720.55 0.173029
2 977.38 249.92 987.41 263.73 0.147092
2 705.69 296.00 717.93 309.98 0.154287
2 855.56 594.29 867.46 608.42 0.148219
6 346.64 426.06 503.55 736.86 0.131369
4 0.04 569.84 41.60 592.30 0.114047
4 415.16 408.03 496.86 439.59 0.179027
2 688.83 219.23 697.71 236.24 0.192240
2 789.03 362.23 799.65 380.08 0.166771
2 114.36 461.96 127.39 478.62 0.121792
2 946.98 400.00 964.33 414.74 0.148040
2 824.32 560.76 842.49 575.87 0.144800
2 1057.32 652.43 1069.42 668.31 0.147296
7 817.27 623.17 856.50 678.86 0.116724
4 415.13 412.58 447.67 439.36 0.124026
3 946.79 396.96 978.95 418.07 0.170199
2 947.42 392.87 977.41 415.77 0.148572
2 865.68 629.67 886.54 660.51 0.156810
1 962.16 393.62 976.44 414.43 0.176824
2 1047.89 318.80 1064.14 331.77 0.115415
2 1016.35 452.68 1025.90 470.77 0.107065
1 944.00 699.61 960.81 727.09 0.139424
1 528.96 41.49 536.14 56.38 0.145292
1 406.99 112.41 416.87 137.35 0.162888
2 835.27 647.94 848.34 676.69 0.116149
2 257.81 466.29 270.45 486.76 0.121173
2 452.40 376.35 462.21 387.68 0.161893
2 706.14 350.97 739.37 396.62 0.100126
4 803.86 266.89 852.02 311.26 0.108561
4 16.45 469.27 53.01 513.06 0.121087
4 251.84 434.06 302.06 464.04 0.260998
2 820.24 403.25 829.99 418.24 0.149818
2 1161.38 600.57 1175.70 621.44 0.158043
6 242.62 211.74 326.57 456.25 0.097024
4 1187.87 447.47 1200.65 459.73 0.081211
2 95.37 462.52 105.45 474.58 0.097062
4 289.67 396.80 307.54 410.50 0.086750
1 583.92 36.44 591.86 53.25 0.163471
2 658.64 212.05 699.19 236.91 0.116311
2 873.25 627.63 885.51 648.75 0.097503
5 378.96 433.60 495.25 497.92 0.102176
2 719.75 351.11 731.97 371.13 0.140160
3 855.11 198.40 864.99 216.64 0.148222
7 946.63 336.80 999.76 421.86 0.111415
1 645.45 51.03 651.71 65.90 0.116152
2 696.55 242.89 706.94 255.42 0.104053
2 816.70 629.22 827.59 659.68 0.094372
4 321.73 210.92 369.23 253.82 0.110981
6 133.61 583.55 289.74 682.45 0.136496
2 369.32 218.88 377.34 236.10 0.096777
2 775.47 349.69 786.14 361.16 0.087610
2 713.77 289.09 738.40 308.23 0.101056
2 900.48 320.69 912.10 337.45 0.133627
2 858.45 187.40 867.93 205.84 0.097211
2 687.68 208.14 699.13 221.96 0.112727
2 873.76 351.24 889.94 370.05 0.116604
2 460.12 269.39 473.48 288.87 0.145122
2 711.82 303.94 721.54 322.35 0.153935
4 381.06 444.52 400.77 466.62 0.082274
2 926.85 620.27 939.16 642.11 0.138067
2 661.03 215.23 669.95 234.27 0.087308
2 977.14 619.47 988.33 635.91 0.096335
2 838.53 648.29 847.35 660.57 0.100901
2 861.73 569.32 872.79 589.43 0.116598
2 976.87 240.36 997.15 264.27 0.098856
2 856.73 187.20 875.27 217.37 0.182108
2 1098.96 599.01 1110.18 612.77 0.090215
2 727.83 439.71 739.61 457.26 0.109654
2 917.23 123.24 926.96 141.23 0.127812
2 896.73 323.97 906.22 337.44 0.092720
2 778.28 356.35 789.17 372.65 0.110495
6 834.23 447.32 920.78 507.08 0.108361
2 989.52 381.34 998.84 394.25 0.096651
4 288.66 397.64 308.15 426.78 0.090071
2 686.64 248.98 696.34 262.97 0.105548
2 466.87 472.99 476.91 491.04 0.090344
2 1012.70 309.62 1021.88 321.03 0.101175
2 1102.06 676.31 1116.10 689.96 0.084283
3 1099.24 597.75 1129.87 617.13 0.133112
2 720.11 314.38 736.48 331.91 0.116893
2 1119.31 601.50 1131.78 615.70 0.094224
2 864.84 139.80 874.75 154.69 0.103813
2 1187.36 280.24 1199.33 294.22 0.084471
2 1085.53 635.60 1098.75 649.57 0.127550
3 984.68 433.53 1007.75 453.82 0.082238
2 704.09 314.57 909.09 398.68 0.088623
2 923.33 602.86 941.22 627.36 0.100962
2 880.92 330.28 892.87 343.26 0.080379
3 1041.87 632.62 1061.96 647.49 0.101398
2 453.86 118.18 461.34 131.70 0.082302
2 733.07 354.67 743.94 369.48 0.086201
2 429.39 297.53 450.63 326.88 0.126511
2 94.70 462.84 114.64 525.40 0.092608
2 779.34 429.47 788.41 451.34 0.136847
2 857.36 317.00 909.69 366.68 0.097677
4 1266.56 614.38 1280.96 630.32 0.093399
2 660.11 178.03 710.88 238.17 0.120021
2 1098.96 592.54 1130.37 617.64 0.118875
4 0.12 464.67 21.12 498.64 0.105825
2 728.21 460.91 736.52 480.54 0.088972
3 62.52 490.80 89.52 531.54 0.083336
1 316.92 596.92 343.20 639.46 0.120179
2 733.12 463.69 742.61 486.73 0.128228
2 938.85 697.18 966.71 738.13 0.084717
2 0.12 474.57 17.02 498.14 0.130865
2 918.57 680.51 984.41 738.56 0.093204
4 68.84 466.69 113.12 526.39 0.111770
2 703.11 309.68 712.15 322.09 0.145916
2 484.66 7.35 492.77 26.23 0.101393
