4 351.59 1154.72 474.59 1229.20 0.527631
4 931.87 871.76 985.33 950.32 0.463875
4 1072.35 576.24 1111.10 621.00 0.523166
4 168.98 1358.00 233.07 1413.27 0.452843
4 1376.10 888.22 1468.83 937.80 0.429156
4 1428.48 955.53 1527.01 1009.94 0.442631
4 1469.88 892.16 1566.15 941.77 0.444781
4 601.21 1022.85 640.13 1074.46 0.420706
4 714.75 987.11 758.00 1060.32 0.389439
4 1397.37 921.06 1495.66 975.32 0.430474
4 1839.05 822.29 1925.85 868.27 0.424957
4 1295.39 502.39 1355.46 533.46 0.360914
4 860.37 294.84 893.00 333.66 0.369011
4 1762.92 890.32 1868.92 939.75 0.385753
1 1195.80 1197.91 1235.46 1244.91 0.373866
4 1690.40 840.17 1785.47 885.47 0.381435
4 1348.05 540.61 1407.42 580.46 0.377228
4 386.31 1253.03 492.16 1373.29 0.400490
4 492.30 202.45 509.05 215.16 0.360927
4 1623.73 823.28 1677.42 880.61 0.413567
4 912.46 236.77 933.87 261.40 0.390212
4 1244.77 309.49 1292.55 334.09 0.422853
4 1105.14 445.05 1174.37 491.26 0.289741
4 795.65 125.28 815.71 144.92 0.403713
4 685.91 209.00 708.86 233.87 0.354985
4 998.01 684.51 1030.74 724.60 0.431974
4 725.40 409.11 772.40 448.16 0.341732
4 1196.44 446.30 1230.86 475.11 0.363829
4 695.08 248.17 727.63 275.81 0.348460
4 764.52 336.61 790.69 369.93 0.348306
4 1386.05 571.71 1443.19 603.48 0.389031
4 1245.13 440.40 1303.55 471.77 0.329369
4 1721.90 941.58 1803.37 1021.15 0.333988
4 1545.90 767.79 1610.23 826.75 0.365598
4 487.27 261.34 502.71 275.52 0.315214
4 1025.10 213.17 1060.51 243.73 0.315015
4 1409.05 610.70 1453.74 652.14 0.395719
4 698.31 324.10 749.10 355.08 0.340341
4 1910.62 898.96 1998.51 957.21 0.373224
4 1302.07 390.26 1330.40 413.69 0.299228
4 726.99 462.89 773.09 506.02 0.331871
4 571.96 151.74 585.45 164.94 0.284674
4 712.32 351.85 741.08 390.30 0.330709
4 1275.23 384.80 1306.90 421.35 0.306285
4 1179.74 287.66 1229.08 315.47 0.438277
4 1433.24 588.27 1480.60 627.99 0.353730
4 708.49 820.97 737.67 877.60 0.329024
4 463.75 1245.80 570.60 1366.82 0.375555
4 479.73 332.13 497.66 348.11 0.313423
4 1400.25 713.42 1454.94 766.38 0.359317
4 1350.30 643.20 1405.32 704.49 0.326896
4 1282.19 485.25 1340.98 518.08 0.347287
4 1923.82 800.73 1976.56 851.45 0.385484
4 656.77 995.43 702.92 1082.14 0.299451
4 319.88 1257.55 412.57 1370.58 0.338573
1 683.63 1263.51 713.27 1306.30 0.284738
4 1229.33 426.34 1280.14 455.48 0.335660
4 1165.86 419.41 1195.67 456.83 0.350906
4 1536.82 839.19 1579.82 900.61 0.331471
4 1673.14 877.07 1764.17 931.39 0.362236
1 1445.95 700.43 1469.35 735.91 0.331822
4 1318.12 411.66 1357.08 442.89 0.302288
4 705.85 298.22 745.11 322.80 0.337560
4 631.18 211.98 651.65 235.92 0.278089
4 1667.84 949.52 1745.89 1026.23 0.304219
4 1317.60 604.82 1363.12 651.92 0.331333
4 726.88 572.67 760.88 613.58 0.340305
4 724.92 381.57 762.32 420.57 0.299403
4 1375.10 449.16 1388.88 471.29 0.301722
4 1951.87 782.68 1999.67 823.42 0.350811
4 821.64 80.37 846.75 103.49 0.263398
4 705.01 916.52 741.49 980.75 0.331153
4 699.74 174.41 755.20 203.54 0.229817
4 646.19 286.99 664.74 308.17 0.291541
4 606.90 923.00 643.64 988.35 0.289241
4 1823.37 1110.61 1892.82 1153.02 0.255754
4 1111.32 334.11 1140.04 358.93 0.344224
4 1569.81 906.25 1627.75 965.41 0.242175
4 1215.15 406.48 1271.26 439.42 0.247050
4 1020.51 102.72 1050.50 127.95 0.255521
4 1341.35 376.26 1372.75 410.49 0.288637
4 1350.80 403.72 1394.79 431.86 0.293731
4 700.09 272.48 727.40 301.92 0.292838
4 1447.13 768.18 1506.01 794.34 0.376035
4 836.84 106.67 854.45 122.75 0.184386
4 1767.68 935.37 1861.75 987.80 0.299090
4 386.02 341.20 404.98 356.72 0.272199
4 835.85 109.91 855.10 136.58 0.253802
4 200.01 328.03 240.72 346.42 0.230374
4 877.89 206.30 893.25 227.81 0.294144
4 1347.99 481.35 1381.95 515.51 0.297301
4 805.27 32.08 825.22 56.17 0.250606
4 1262.50 333.38 1308.81 355.91 0.337774
4 1626.72 962.85 1703.98 1035.11 0.277709
4 636.97 240.07 655.93 266.06 0.250589
4 655.99 931.78 692.61 988.03 0.365306
4 1582.35 966.89 1629.71 1039.22 0.290684
1 1793.55 1143.86 1833.90 1178.66 0.272310
1 1312.56 1217.34 1359.43 1265.06 0.304899
4 677.34 180.17 698.37 202.47 0.287997
4 733.04 451.83 754.27 468.27 0.159328
4 1043.54 241.63 1085.52 278.08 0.272226
1 796.17 322.07 811.87 345.42 0.271443
4 691.57 86.86 704.10 101.33 0.247779
1 505.80 1479.14 547.66 1499.82 0.200502
4 860.67 294.08 883.36 310.87 0.166290
4 1275.23 562.61 1328.52 607.04 0.309822
4 759.69 467.79 778.66 491.85 0.141388
1 1319.34 1217.37 1343.22 1244.44 0.235919
4 660.60 24.70 675.57 42.86 0.207018
4 275.86 1107.04 321.95 1166.36 0.266743
4 783.75 389.44 798.82 411.35 0.210143
4 226.30 1114.63 270.15 1165.61 0.160469
4 772.97 234.24 792.94 259.97 0.182054
1 1290.46 474.51 1303.86 497.32 0.222953
4 1141.86 456.05 1175.46 490.56 0.214686
4 1060.22 232.28 1107.92 261.96 0.232672
4 735.39 377.40 763.50 404.95 0.186083
4 817.91 63.37 836.87 81.85 0.191348
4 809.31 733.87 864.28 760.42 0.156321
4 674.44 246.10 691.98 268.22 0.193431
6 1063.17 357.91 1167.08 455.46 0.142819
4 441.29 494.44 485.51 531.72 0.160803
4 1466.29 677.37 1497.90 706.58 0.187526
3 1135.03 496.75 1172.42 538.48 0.150421
4 1011.16 423.05 1030.20 451.89 0.213010
5 1215.28 406.34 1277.73 452.14 0.126592
6 1113.31 359.42 1161.15 404.68 0.121533
4 664.56 400.38 687.78 439.03 0.258389
4 606.61 965.37 643.03 988.26 0.102842
4 698.76 308.06 734.66 331.54 0.220247
1 1197.54 1198.15 1218.86 1229.93 0.208270
4 871.08 184.78 897.49 227.99 0.121042
4 495.38 96.70 511.90 109.40 0.200399
4 1218.65 680.04 1243.22 693.43 0.116892
3 1794.86 1109.52 1892.69 1153.71 0.287326
4 638.60 542.26 661.58 569.46 0.226483
4 623.06 133.35 642.71 160.33 0.180208
5 1236.99 581.14 1539.56 886.81 0.191417
6 1110.02 355.38 1262.20 436.78 0.117535
1 780.94 482.72 797.11 510.59 0.191176
4 1969.95 1268.27 1999.76 1288.60 0.100580
4 1104.65 446.43 1135.53 468.07 0.111894
4 1929.67 157.01 1998.49 189.31 0.127949
3 1545.93 983.75 1580.44 1052.93 0.126217
2 1060.06 473.14 1082.62 500.91 0.134178
4 664.90 83.87 703.23 103.23 0.097864
1 842.02 982.95 864.98 1023.32 0.207120
4 1263.02 544.73 1300.02 573.77 0.155766
4 870.40 183.75 889.96 205.30 0.181478
4 551.11 514.24 607.55 553.74 0.110940
4 1671.12 1103.20 1701.70 1131.54 0.129168
4 1065.59 389.93 1120.71 453.15 0.194623
4 1463.74 895.09 1495.10 928.01 0.085140
4 1066.05 937.03 1083.61 964.16 0.114736
4 641.16 264.85 662.59 289.38 0.177103
4 490.23 1388.15 517.92 1419.18 0.123541
4 746.05 39.83 761.80 53.05 0.203840
2 1282.46 863.39 1309.64 902.71 0.158099
4 1969.57 900.09 1999.70 929.23 0.162303
6 1168.04 369.91 1236.20 425.45 0.137647
4 801.02 0.79 816.45 18.17 0.228850
1 349.53 1319.28 373.25 1388.12 0.172173
4 777.44 234.22 792.16 246.43 0.160599
6 965.05 186.55 1085.16 300.40 0.112654
4 751.01 236.00 763.85 247.77 0.181241
4 1228.60 431.20 1248.55 454.81 0.134238
4 1281.59 862.87 1300.74 888.38 0.094007
4 901.31 203.06 924.38 229.13 0.189544
4 707.58 952.88 741.23 980.21 0.090212
4 747.96 344.64 764.42 364.94 0.116450
4 487.59 167.88 512.20 185.08 0.151157
3 1444.64 652.24 1477.55 685.53 0.189401
4 655.85 918.95 689.75 943.51 0.132866
4 663.73 65.75 677.72 81.21 0.181908
1 766.08 1318.36 848.02 1401.13 0.104014
4 1664.26 1042.52 1689.86 1067.30 0.089147
4 1378.68 383.12 1398.47 411.31 0.183565
4 767.70 251.55 785.58 267.02 0.154344
4 626.97 174.28 641.04 192.37 0.180928
4 860.64 475.79 887.41 506.28 0.111222
4 1493.29 711.43 1557.83 763.26 0.425391
2 1790.74 1150.42 1836.02 1180.25 0.205018
4 1144.97 157.54 1181.55 175.00 0.145824
4 678.09 290.48 702.79 331.25 0.143289
6 968.82 1.48 1100.97 43.61 0.115198
4 1008.54 282.35 1044.55 299.94 0.120149
3 1338.25 1235.95 1359.60 1265.60 0.148782
4 764.01 39.10 778.44 52.24 0.131601
4 514.71 77.05 531.66 92.99 0.109340
4 1690.69 850.01 1742.00 882.38 0.089907
4 195.76 66.84 226.83 85.54 0.095826
4 725.37 396.66 744.37 423.72 0.121254
4 539.58 544.60 566.34 588.01 0.130059
4 850.96 77.57 876.55 94.45 0.140053
5 1568.70 905.84 1636.49 1040.38 0.118966
3 1230.70 729.47 1257.68 792.56 0.137606
4 818.95 88.70 833.82 104.37 0.133908
4 205.65 1066.27 273.38 1166.92 0.227983
1 319.59 1305.93 353.82 1371.04 0.119108
4 713.14 349.85 736.52 369.81 0.107987
4 665.10 64.16 697.73 84.63 0.095971
4 862.66 1480.04 939.93 1499.87 0.083704
4 1911.21 899.05 1965.15 926.67 0.095887
1 1803.39 1145.53 1821.80 1173.88 0.166865
1 1260.70 552.18 1274.76 576.06 0.143453
2 724.51 472.26 740.25 498.11 0.125434
4 1118.75 443.96 1158.72 463.50 0.132828
6 1110.50 385.91 1161.81 445.52 0.105889
4 1819.69 938.20 1866.51 975.05 0.125916
4 593.07 380.86 665.72 415.61 0.090674
1 695.03 394.65 707.06 419.03 0.162459
3 1793.44 1111.42 1836.29 1149.68 0.199999
1 347.97 1317.24 411.69 1447.98 0.135167
4 539.36 94.24 558.16 109.57 0.141763
4 1376.48 400.36 1398.15 421.55 0.188065
4 1855.97 791.72 1931.88 834.35 0.128761
4 803.37 23.90 820.28 43.94 0.115864
6 676.24 725.24 745.45 798.57 0.113282
4 1573.35 799.38 1610.36 826.75 0.112194
6 550.31 507.55 635.45 578.13 0.084179
3 845.34 914.43 876.46 955.17 0.095505
4 464.16 1312.55 504.21 1366.91 0.105426
4 191.38 76.98 221.08 96.42 0.113938
4 780.20 277.36 803.92 288.06 0.081685
9 986.74 154.70 1081.13 176.59 0.102679
4 799.27 979.38 817.33 1022.11 0.109851
4 1048.79 75.15 1068.55 93.08 0.101570
4 1951.61 865.28 1999.53 888.22 0.104093
4 1728.18 821.32 1746.19 841.03 0.110043
1 1357.52 488.57 1380.94 535.89 0.116412
4 681.76 755.49 726.81 797.81 0.131901
4 209.99 236.60 224.76 254.65 0.124576
4 814.57 52.88 830.94 66.81 0.167130
2 1194.85 555.99 1213.42 592.62 0.083598
4 550.96 151.32 584.63 167.09 0.083806
4 727.55 330.86 749.78 350.69 0.118146
4 1313.33 408.85 1335.28 434.82 0.086918
4 1155.65 478.92 1183.38 499.86 0.086134
5 679.14 173.15 755.16 204.78 0.204720
4 651.46 192.95 671.30 209.81 0.109282
1 186.12 747.12 209.53 779.95 0.101123
4 694.43 465.81 711.54 498.51 0.129333
4 711.64 336.79 741.97 357.68 0.149589
4 965.48 275.65 992.02 304.92 0.120744
3 1662.12 1018.57 1690.86 1068.03 0.084094
2 1297.29 446.55 1312.62 473.64 0.084543
4 1790.21 748.52 1861.25 784.10 0.135404
6 329.07 611.01 540.34 702.10 0.101101
2 1182.92 540.78 1195.04 568.95 0.098627
4 1137.21 413.90 1165.94 445.06 0.105053
4 1185.14 389.47 1209.55 423.88 0.080351
4 1214.93 410.99 1232.63 436.84 0.130787
4 1488.62 605.94 1512.89 649.12 0.083467
4 1017.94 346.00 1036.81 361.63 0.125141
4 1065.56 235.71 1090.27 274.54 0.080641
4 802.96 32.28 815.82 50.40 0.087417
4 1243.66 310.61 1266.69 331.34 0.115497
4 1591.68 260.17 1635.59 282.98 0.088841
4 649.62 351.29 664.21 378.40 0.104634
4 681.26 313.07 702.86 333.67 0.131160
4 267.84 96.01 292.26 113.15 0.125578
4 1155.22 502.13 1172.46 526.72 0.096334
4 531.33 603.74 555.73 628.38 0.080001
4 845.23 119.45 858.07 139.31 0.133026
4 460.35 183.67 474.02 196.75 0.118836
4 834.12 733.97 863.81 751.26 0.111632
4 372.07 243.68 392.15 258.36 0.098582
4 1261.61 337.74 1280.01 358.93 0.084416
6 563.55 549.34 634.95 583.89 0.080761
4 681.47 284.16 704.34 310.95 0.090755
3 1447.01 699.48 1469.43 734.84 0.126562
4 1447.03 768.57 1475.57 788.71 0.081319
4 583.02 225.70 592.43 236.61 0.104462
4 1519.41 737.64 1557.76 763.24 0.101626
4 1192.12 166.58 1217.59 182.59 0.083330
4 1106.46 462.75 1140.51 492.35 0.113772
4 731.43 910.59 756.63 937.88 0.082971
2 448.71 459.75 465.99 495.23 0.081478
4 1949.99 865.86 1999.60 925.99 0.121249
4 1444.37 651.22 1501.14 706.37 0.244051
4 1340.50 375.13 1398.51 430.67 0.082216
4 664.72 109.30 682.47 128.37 0.092733
2 1194.67 1196.58 1360.73 1267.90 0.101012
4 1111.85 332.96 1130.19 347.35 0.111712
4 495.86 521.32 551.11 555.26 0.102342
4 745.53 0.02 770.77 8.01 0.084447
4 801.27 896.15 815.72 951.07 0.095789
4 594.17 381.42 624.36 404.23 0.127701
4 604.32 48.37 625.10 63.73 0.086451
4 459.02 93.00 482.97 111.93 0.090782
