4 613.73 155.14 654.92 179.72 0.544998
4 1025.36 250.04 1069.91 276.19 0.522177
4 938.98 359.60 985.82 395.72 0.489324
4 348.99 627.78 420.16 677.75 0.513742
4 881.50 390.96 932.18 432.77 0.491134
5 529.05 458.86 658.46 552.70 0.405601
4 766.00 503.84 828.97 547.98 0.467741
4 1182.34 289.49 1230.57 320.86 0.462071
4 1158.10 61.30 1189.68 79.29 0.429433
4 825.98 528.28 889.89 573.16 0.469015
4 792.72 349.49 845.55 383.78 0.475038
4 302.12 187.19 339.79 209.54 0.504202
4 184.77 322.97 246.18 355.23 0.464636
4 1006.34 76.45 1037.93 96.62 0.454056
4 672.30 128.16 718.73 154.95 0.397716
4 1165.59 335.77 1211.32 368.07 0.379579
4 1210.97 357.76 1254.68 388.97 0.339498
4 834.03 333.51 885.24 367.58 0.422577
4 265.02 293.49 318.79 324.37 0.434329
4 1185.41 347.40 1237.01 380.35 0.356307
4 260.29 678.08 323.36 733.38 0.455344
4 690.66 112.40 723.69 129.26 0.414532
3 618.05 653.96 662.49 689.45 0.346862
3 728.82 779.32 762.93 817.03 0.323647
3 472.67 572.19 501.62 591.02 0.267658
4 285.99 280.07 334.37 308.30 0.416697
4 1186.81 42.82 1216.40 60.64 0.338111
4 1257.06 260.01 1278.58 280.98 0.332402
4 1131.53 50.57 1158.00 67.72 0.309135
9 753.84 866.52 1002.45 1076.93 0.232938
4 1324.62 51.88 1351.82 71.68 0.333715
4 1303.58 170.39 1325.74 183.84 0.209832
4 682.54 395.48 741.14 445.80 0.295740
4 1465.22 405.75 1491.91 429.35 0.251367
4 1499.69 965.80 1546.42 1005.09 0.230440
4 1670.50 86.87 1695.42 105.74 0.255466
6 528.61 432.24 658.91 552.99 0.312255
3 670.36 619.52 690.61 648.79 0.233639
4 744.64 574.46 774.38 591.42 0.137013
4 1072.43 78.10 1102.73 98.93 0.286136
4 1416.73 214.10 1446.55 232.78 0.226219
4 1416.78 196.67 1455.93 233.06 0.164948
4 1361.47 30.12 1395.92 50.90 0.198156
2 802.80 591.03 845.34 632.26 0.213238
4 660.23 196.77 695.99 214.35 0.205625
4 1285.45 19.52 1315.08 36.31 0.182098
5 1116.48 414.14 1171.98 468.08 0.139785
4 1257.57 22.25 1291.57 40.83 0.270934
2 1035.99 782.25 1103.25 868.49 0.164142
4 882.91 115.28 915.53 134.79 0.268425
4 1196.18 430.04 1222.80 450.61 0.168131
4 1600.30 273.75 1646.78 313.11 0.153310
6 1072.47 96.94 1114.33 124.13 0.124985
3 510.95 182.07 531.61 196.08 0.154039
4 1106.34 60.50 1143.20 76.54 0.228331
4 1560.15 267.24 1597.98 299.69 0.190195
1 1039.62 783.00 1063.49 818.22 0.189482
4 1443.35 72.01 1476.95 100.11 0.176504
4 322.45 268.55 362.57 294.23 0.266073
2 1309.31 304.38 1447.81 483.98 0.161915
4 1374.25 54.22 1407.82 72.24 0.159466
4 1764.30 295.69 1804.26 322.19 0.207352
3 596.48 939.81 612.45 958.70 0.142514
4 496.41 241.13 517.33 259.38 0.265101
4 16.18 138.51 46.18 155.02 0.203773
4 633.41 201.29 651.22 212.66 0.125345
3 707.46 576.75 739.28 616.18 0.110213
4 70.00 179.18 99.46 203.64 0.185478
1 825.63 592.94 844.35 627.65 0.154523
4 415.42 182.56 456.41 201.40 0.240542
4 1353.06 204.01 1390.47 230.61 0.188170
4 1543.59 281.10 1584.40 320.45 0.101606
3 710.48 535.34 727.08 553.01 0.122350
1 986.23 576.15 1003.27 609.55 0.137339
1 1353.93 376.64 1373.28 420.72 0.150551
4 1834.59 1031.93 1915.14 1077.45 0.086326
3 745.91 904.89 780.41 936.24 0.169348
4 857.95 728.25 895.58 761.21 0.118993
4 1325.81 186.49 1358.00 221.97 0.119724
1 1389.72 432.03 1415.93 475.46 0.162024
4 483.63 299.20 502.60 339.47 0.128132
4 1860.56 92.84 1893.29 110.76 0.151839
4 1280.85 23.65 1299.29 38.11 0.092656
6 964.54 390.54 1090.18 478.34 0.142586
4 159.69 277.43 190.98 305.87 0.156241
4 1085.47 49.62 1098.69 65.89 0.150826
4 1512.66 52.28 1534.27 65.27 0.131860
2 986.49 836.16 1016.56 876.26 0.137663
4 154.32 763.75 172.52 778.28 0.097268
2 965.88 573.60 1042.91 665.29 0.173256
5 763.99 177.01 792.63 199.15 0.105791
4 501.15 271.63 532.28 301.28 0.116488
1 803.04 593.01 823.16 629.66 0.163404
4 1621.69 89.03 1652.99 108.92 0.195229
1 1059.13 807.93 1102.05 868.26 0.125703
1 554.72 719.99 572.76 746.28 0.127500
4 990.61 62.16 1015.69 83.20 0.144309
4 1734.44 103.54 1772.14 134.30 0.147061
4 576.85 241.61 603.96 256.38 0.123800
4 215.70 29.79 233.66 44.46 0.124463
3 605.13 697.55 634.45 724.93 0.154048
2 1312.85 308.85 1349.28 353.97 0.123533
4 68.16 263.60 86.73 282.01 0.121803
4 1238.61 20.07 1262.18 35.07 0.132993
1 1597.14 470.86 1628.87 530.15 0.140067
3 1597.05 501.14 1627.14 533.00 0.087943
6 553.04 432.61 642.89 501.16 0.124545
2 1059.06 808.89 1086.07 862.15 0.102805
3 728.65 727.56 895.90 817.60 0.120835
5 707.83 576.83 738.15 600.40 0.105570
4 1237.19 10.75 1276.28 35.25 0.122824
4 1041.08 411.55 1088.64 460.37 0.102850
5 728.75 183.88 764.25 206.02 0.135859
4 20.91 458.71 73.50 479.78 0.106391
3 567.44 861.31 581.47 882.80 0.102182
4 394.93 374.02 424.07 392.73 0.105733
4 1255.56 0.30 1296.54 11.69 0.083404
5 964.87 392.36 1048.71 476.10 0.133392
2 807.49 168.72 817.86 186.39 0.093335
3 705.07 997.55 750.55 1027.91 0.135437
4 1565.53 505.38 1590.39 523.61 0.084037
4 110.57 139.96 131.21 159.70 0.124330
4 1002.85 246.68 1040.06 266.01 0.151073
4 1442.65 85.71 1466.14 101.32 0.128372
4 682.35 83.76 695.59 94.17 0.103343
3 1614.03 998.00 1642.67 1027.57 0.111232
4 1165.04 335.22 1254.48 390.22 0.087678
4 822.77 116.96 843.54 128.70 0.086167
6 1468.86 67.38 1515.63 105.84 0.100634
3 1799.72 483.59 1827.44 508.58 0.129470
4 279.41 114.26 292.68 126.53 0.107271
6 1325.04 185.45 1394.76 231.76 0.082336
4 806.73 106.58 835.36 124.13 0.134218
4 958.58 89.50 969.35 106.39 0.094650
9 993.17 393.85 1048.91 447.20 0.089231
4 784.39 323.15 828.02 356.43 0.141252
2 1033.21 783.31 1066.09 848.44 0.098470
4 1835.26 1060.10 1877.99 1077.33 0.081359
3 968.43 864.88 991.33 896.64 0.126628
4 487.01 175.36 503.74 187.24 0.099257
4 1468.64 78.27 1500.35 105.42 0.095943
4 860.77 151.13 890.93 168.96 0.091125
3 803.77 607.80 822.55 631.52 0.092054
4 1275.71 264.81 1296.19 288.78 0.096285
3 1038.00 892.00 1095.84 936.92 0.141822
2 1636.86 425.50 1679.66 490.25 0.088378
2 954.41 571.77 1140.04 938.18 0.080006
3 566.95 859.84 599.69 885.80 0.153500
3 134.61 1046.69 164.48 1076.80 0.127899
2 1008.55 596.53 1024.10 627.41 0.113585
3 1415.81 984.27 1447.48 1022.54 0.113150
6 1603.45 69.30 1628.21 95.57 0.106475
2 1388.55 429.74 1427.47 477.33 0.112852
4 1596.93 290.24 1630.77 312.13 0.150949
4 1105.52 62.34 1122.17 74.92 0.144504
4 1255.82 456.39 1298.70 480.91 0.100481
4 1484.12 66.62 1514.69 87.28 0.110900
3 545.97 817.16 562.14 836.84 0.147516
4 1680.39 216.84 1708.98 235.16 0.094206
4 1753.28 15.78 1789.52 38.79 0.158328
4 342.06 224.40 358.17 238.92 0.092054
2 1409.05 437.85 1429.50 472.27 0.112289
2 1029.09 609.16 1046.39 645.15 0.102690
3 992.62 648.34 1009.77 665.91 0.093047
4 825.13 117.20 859.48 132.44 0.136961
1 479.48 843.97 490.56 868.41 0.099649
2 1364.16 995.41 1387.87 1037.13 0.083703
3 897.73 780.40 926.79 809.38 0.155593
4 1565.88 448.62 1608.84 479.64 0.108263
7 674.92 602.55 796.13 646.47 0.110013
4 1578.46 172.50 1605.20 187.75 0.085359
4 1268.82 67.70 1295.71 81.10 0.085958
4 746.35 95.65 777.14 117.32 0.130873
3 595.74 920.92 664.42 959.80 0.110132
2 1336.09 353.40 1359.07 377.54 0.088467
4 1463.98 55.35 1491.55 74.68 0.094736
3 1497.04 602.44 1534.11 648.49 0.106614
2 966.82 596.12 981.08 625.58 0.097826
4 1028.06 129.81 1062.32 155.24 0.086128
4 1213.76 197.78 1240.13 211.75 0.102951
4 497.52 249.08 527.83 272.37 0.086118
2 1334.48 306.08 1353.98 330.82 0.083322
3 861.80 162.10 883.45 181.77 0.080183
3 806.09 608.03 846.46 634.34 0.088275
4 1045.31 387.75 1097.59 421.01 0.081491
2 1085.72 800.92 1107.42 827.02 0.086291
3 1038.06 901.50 1057.83 927.55 0.083719
4 272.85 81.28 296.99 100.46 0.080858
4 1160.47 204.89 1205.42 224.40 0.084317
3 1305.56 433.08 1351.90 467.16 0.122054
3 315.81 627.05 339.73 645.12 0.097244
4 1228.56 38.97 1270.71 59.46 0.095939
4 716.69 30.49 740.36 44.12 0.089091
3 969.99 853.88 1011.61 897.01 0.095517
3 1309.24 382.40 1336.40 408.07 0.082398
3 1467.29 542.45 1485.40 560.89 0.108386
3 1137.41 859.10 1155.00 881.70 0.105028
4 189.63 16.78 206.63 31.23 0.099220
3 1280.04 857.51 1324.86 890.25 0.088617
4 688.19 120.49 718.42 135.52 0.104631
3 504.47 779.56 561.99 835.16 0.082429
2 998.51 592.11 1011.39 613.52 0.087511
4 986.58 1.72 1007.02 19.46 0.087599
3 1550.15 566.80 1569.61 595.08 0.081470
2 1390.21 372.82 1403.60 395.73 0.081620
4 344.17 280.83 362.90 293.75 0.081673
6 1442.89 55.71 1491.94 101.95 0.086964
2 982.16 575.19 1026.27 628.30 0.141540
2 1595.57 425.67 1681.88 533.39 0.082334
4 1525.11 173.23 1557.58 190.58 0.095916
2 811.64 594.42 826.97 628.72 0.108663
4 97.11 203.47 149.01 236.09 0.088866
