2 1026.53 572.53 1052.44 612.45 0.441312
3 1046.16 733.77 1095.15 829.48 0.437618
4 1188.20 425.65 1244.34 494.46 0.548132
4 1291.06 120.88 1325.96 136.66 0.417274
1 1014.33 414.23 1034.72 461.86 0.397137
4 927.96 527.61 983.30 601.12 0.367177
3 1204.14 622.64 1225.85 651.28 0.411225
3 1024.41 632.91 1067.37 705.04 0.351541
2 1136.06 452.08 1156.21 479.88 0.459449
5 1518.71 153.22 1654.95 205.20 0.402798
1 964.75 417.78 983.02 458.54 0.349735
1 1200.62 591.89 1229.60 649.92 0.429923
1 769.12 939.58 798.10 1023.85 0.349438
4 1222.76 222.41 1265.49 249.79 0.282855
1 1101.52 206.15 1113.25 230.58 0.311151
1 1135.94 434.51 1158.14 478.83 0.400313
4 1080.31 131.22 1098.67 154.98 0.322730
2 693.68 942.82 754.92 1016.61 0.262589
1 1138.53 259.83 1152.73 287.95 0.343738
1 829.53 967.76 856.56 1021.62 0.309566
4 952.02 470.46 991.83 533.75 0.288880
2 1017.60 256.60 1039.94 288.53 0.306169
1 1051.90 743.59 1087.89 799.23 0.292222
4 1320.27 953.93 1430.92 1076.92 0.290875
7 1024.73 632.92 1067.31 658.20 0.358586
1 1029.25 552.77 1052.84 600.51 0.359622
1 797.21 937.53 835.77 1018.49 0.244001
2 779.23 510.16 850.45 541.81 0.216172
1 1037.15 240.38 1049.41 267.62 0.309891
3 1062.87 780.37 1085.38 829.77 0.153533
5 1404.67 113.33 1486.24 144.22 0.241504
4 1034.75 84.26 1052.32 111.14 0.144482
4 1785.44 239.10 1824.87 262.73 0.200323
3 964.64 434.75 984.50 460.96 0.342481
2 1047.65 739.31 1092.75 828.90 0.148070
2 942.32 422.68 967.27 455.13 0.233974
2 1028.76 654.21 1061.60 704.91 0.207576
3 1136.81 456.81 1151.51 479.59 0.158592
4 1824.14 218.22 1861.59 242.47 0.158392
4 1222.65 222.20 1248.28 236.64 0.190457
4 1107.57 113.98 1134.30 149.42 0.190881
1 1001.21 211.10 1013.84 236.54 0.212462
1 1048.30 188.00 1059.42 210.39 0.277185
7 937.20 655.94 993.67 725.17 0.253785
2 889.58 984.83 952.43 1060.80 0.169175
3 936.03 671.33 971.20 725.36 0.179138
1 824.28 938.84 889.38 1013.55 0.101454
1 787.51 910.28 814.13 969.40 0.179837
3 942.29 421.78 973.25 458.14 0.155228
6 1166.44 18.57 1317.91 127.28 0.113496
1 1049.86 158.18 1059.98 176.25 0.248471
2 720.84 971.11 753.91 1014.45 0.124254
4 1083.66 109.94 1105.57 130.95 0.187900
4 1053.78 98.22 1065.60 115.95 0.130606
2 767.92 905.74 894.58 1022.39 0.201347
3 735.61 918.33 784.78 972.96 0.180967
3 694.30 942.54 727.07 981.43 0.148930
6 925.87 469.78 992.49 601.90 0.148889
1 1016.27 207.17 1029.67 232.43 0.213794
1 1372.13 1033.76 1419.16 1077.18 0.121303
4 1873.97 227.62 1892.93 249.95 0.151280
4 541.17 242.55 571.87 269.91 0.129608
7 944.29 666.74 993.70 697.37 0.126190
4 1685.86 199.79 1712.94 222.90 0.182976
6 394.66 250.47 573.42 321.19 0.109210
1 1107.91 169.41 1119.44 188.70 0.277583
4 462.31 270.18 512.78 301.98 0.106657
1 825.67 906.45 854.79 945.18 0.192132
6 676.09 170.30 735.17 221.44 0.110467
2 1345.43 1039.65 1379.30 1074.25 0.110913
4 1371.59 108.20 1398.39 135.84 0.130034
4 1035.50 98.66 1046.92 111.70 0.179347
1 1199.12 596.46 1213.07 632.52 0.131168
7 863.36 914.03 915.83 974.10 0.109231
4 1202.21 87.99 1220.77 103.90 0.122894
4 1252.77 207.24 1290.89 234.15 0.151190
6 1081.89 108.02 1134.92 151.83 0.171067
4 1524.67 176.12 1558.24 198.37 0.124553
5 1188.22 425.69 1244.78 494.57 0.080346
7 669.02 898.08 785.21 973.99 0.142386
4 1519.95 298.09 1538.44 316.58 0.082205
2 1005.26 146.76 1154.62 290.92 0.091637
4 1110.69 110.98 1129.78 126.80 0.159551
6 1735.98 133.53 1915.08 218.30 0.107689
6 1675.51 133.13 1729.16 194.13 0.087152
4 1363.16 150.50 1405.11 170.79 0.133029
1 862.30 914.45 896.08 979.76 0.171685
4 1342.16 1015.99 1421.49 1077.08 0.102262
4 1615.82 164.60 1655.20 204.32 0.117566
4 1152.19 100.66 1181.06 121.22 0.114465
4 1725.38 147.80 1750.13 169.28 0.096880
4 1085.68 89.13 1108.80 110.54 0.101691
6 1052.78 92.55 1066.33 115.93 0.088896
4 1362.72 150.22 1383.94 165.89 0.128379
9 1702.53 115.87 1813.63 151.99 0.080757
4 976.77 255.90 993.33 284.73 0.084181
5 951.74 470.32 994.04 545.97 0.165650
4 1292.78 144.99 1323.88 161.27 0.106973
7 953.99 496.01 991.36 539.44 0.156810
6 1371.15 107.84 1486.83 144.34 0.141417
4 1850.34 667.83 1915.37 707.80 0.091654
2 1004.63 202.05 1014.10 218.21 0.086587
3 981.08 231.37 1000.83 261.58 0.103001
4 1785.74 216.62 1893.89 264.21 0.122790
1 1322.33 956.07 1348.71 992.59 0.101670
4 1177.49 216.14 1264.93 265.23 0.082557
2 1050.77 744.28 1078.59 795.41 0.083986
3 1000.28 214.91 1020.37 237.86 0.177165
2 1371.54 1037.29 1396.57 1075.95 0.094335
5 1318.97 953.57 1488.19 1076.51 0.171293
4 1080.37 66.10 1096.29 84.73 0.085775
2 513.69 281.09 528.14 301.98 0.113025
4 1273.65 175.54 1284.51 189.70 0.089837
1 1056.39 744.64 1080.43 777.65 0.081814
6 1796.79 194.25 1887.36 256.65 0.085417
2 954.18 654.37 981.34 678.90 0.125179
2 691.96 883.57 956.84 1062.68 0.106799
6 1370.70 106.44 1419.33 138.05 0.091425
2 1048.43 743.08 1068.28 778.30 0.084659
10 722.03 971.72 741.88 994.26 0.103569
3 1027.32 575.57 1044.81 612.70 0.092787
2 853.81 944.13 889.62 1015.27 0.092795
3 1030.31 566.22 1053.82 599.02 0.130482
9 1738.99 133.56 1914.65 205.79 0.083439
9 1167.88 52.04 1306.72 125.76 0.081118
4 1676.32 158.66 1718.29 195.68 0.090306
4 1371.19 119.33 1389.63 134.79 0.104687
3 1032.84 670.96 1055.51 705.25 0.087188
6 461.09 269.72 523.34 318.61 0.097499
3 1017.63 441.60 1030.25 462.92 0.144742
2 1025.78 127.41 1036.28 147.87 0.094263
3 1012.96 215.17 1031.86 235.23 0.185297
2 1371.67 1023.16 1421.54 1076.85 0.107830
6 1517.46 152.63 1714.19 223.83 0.085171
2 786.75 910.26 814.28 992.36 0.096842
3 1034.93 249.49 1048.58 272.05 0.116501
