4 793.40 296.25 824.30 333.94 0.525265
3 1252.33 598.82 1271.31 629.50 0.570438
4 774.85 374.70 815.78 430.31 0.508563
4 597.28 743.88 672.28 859.43 0.498867
4 740.03 616.83 809.69 716.04 0.501386
4 907.54 97.19 942.06 160.41 0.456432
4 747.24 492.03 797.99 563.26 0.491185
4 624.43 619.77 685.06 712.63 0.487123
4 1278.48 195.46 1304.45 221.15 0.411730
4 889.90 42.91 904.60 58.54 0.404465
4 1092.99 345.93 1141.37 376.46 0.419786
4 711.20 313.10 756.49 386.08 0.430775
4 675.52 874.74 762.77 1028.93 0.422021
4 1326.66 241.69 1389.76 266.17 0.361885
1 1330.35 644.38 1350.89 691.42 0.373945
2 1228.42 748.67 1256.52 788.01 0.449228
4 1142.62 97.85 1184.55 115.77 0.324280
1 1251.51 579.84 1273.89 625.61 0.364947
4 1227.65 121.84 1259.03 143.19 0.305813
4 1313.77 287.87 1374.29 321.42 0.336551
4 744.87 297.87 774.35 338.98 0.414815
4 669.71 453.45 712.23 523.16 0.351137
3 1193.05 559.86 1215.10 589.30 0.396524
1 1353.24 653.06 1377.01 700.33 0.373544
4 1428.66 269.39 1467.37 308.66 0.270223
2 821.58 566.41 844.45 595.00 0.279411
4 466.39 750.57 553.14 810.87 0.287430
4 1373.45 267.86 1414.50 292.06 0.253267
4 1252.26 130.07 1277.43 148.58 0.266169
4 1382.04 210.38 1415.27 235.35 0.312271
4 1201.02 105.40 1250.23 133.43 0.197624
4 1295.74 254.13 1374.11 297.62 0.242719
1 1330.51 1016.06 1380.77 1061.16 0.273191
4 1640.78 580.52 1721.94 613.24 0.211855
4 754.95 264.48 779.16 285.92 0.228073
1 819.64 544.99 848.18 594.44 0.195497
1 1226.51 729.44 1261.71 786.87 0.172105
1 1390.21 656.52 1415.99 700.27 0.318675
4 1422.62 437.80 1455.15 465.99 0.244527
1 1192.50 546.20 1215.98 589.01 0.321764
2 1329.74 643.95 1416.83 702.56 0.227543
1 1118.02 116.24 1134.57 145.63 0.159266
6 1417.04 610.56 1915.41 1077.04 0.211291
4 1317.38 192.77 1342.90 213.87 0.265748
4 1141.40 41.56 1171.30 59.05 0.224525
4 1316.80 192.66 1357.00 234.35 0.181058
1 1228.31 729.52 1246.12 761.94 0.272048
2 821.04 544.78 847.83 574.54 0.125342
4 1422.06 431.38 1514.32 468.12 0.164211
2 1476.43 886.05 1547.42 986.72 0.168763
4 1451.13 544.43 1492.65 577.65 0.203278
1 1476.49 927.93 1515.47 985.79 0.170601
4 840.86 244.34 852.88 261.06 0.178082
4 1112.80 41.24 1141.74 60.61 0.202365
4 930.69 163.84 947.61 184.45 0.212975
4 1198.23 101.51 1224.89 118.16 0.172452
4 1334.67 178.00 1361.87 198.88 0.154112
4 885.48 9.46 920.54 25.44 0.215877
2 1202.34 725.06 1262.76 788.94 0.185586
4 873.27 46.49 883.23 62.33 0.223155
1 1423.64 676.24 1441.52 720.70 0.219029
4 1382.18 1044.09 1432.45 1077.33 0.138191
4 1088.00 27.75 1109.95 46.93 0.193664
4 1623.48 592.55 1675.61 623.50 0.116425
3 1246.06 744.36 1263.69 764.19 0.081664
3 1202.34 725.67 1255.46 786.93 0.140416
6 438.85 601.58 470.84 631.29 0.098729
2 1401.26 676.31 1431.62 720.46 0.106944
2 1598.36 951.49 1676.67 1064.16 0.099957
2 1323.79 1013.25 1431.62 1077.17 0.119040
4 1435.27 244.23 1465.26 276.36 0.142018
2 1415.22 676.22 1492.36 788.29 0.091554
1 1676.45 1049.42 1705.08 1077.19 0.132726
5 1295.83 254.92 1358.56 296.12 0.163908
1 1360.46 1016.88 1375.90 1040.58 0.142171
2 1502.25 815.40 1536.09 861.31 0.196541
4 877.58 268.76 892.61 284.96 0.116488
2 1630.94 987.18 1663.61 1056.24 0.100024
4 1417.99 495.92 1451.98 534.38 0.136042
1 611.93 477.88 627.88 525.15 0.131675
4 883.64 15.01 894.88 25.66 0.238322
4 1666.77 609.70 1695.08 624.50 0.081495
4 1100.92 77.71 1116.59 89.71 0.090517
4 1116.11 97.12 1141.62 115.78 0.149204
4 867.57 129.41 889.77 139.24 0.095572
3 673.03 480.95 707.45 523.19 0.090924
4 1349.78 261.76 1379.19 294.44 0.211141
3 1509.48 902.14 1541.92 946.11 0.138686
2 1424.21 675.85 1451.04 724.29 0.151327
2 1469.29 741.40 1490.55 779.90 0.147560
6 680.21 397.25 743.06 476.62 0.152947
4 1107.15 29.89 1135.26 48.55 0.114234
6 35.69 433.13 224.72 604.68 0.119211
4 872.46 66.68 880.92 79.60 0.110232
4 855.06 115.49 865.40 156.00 0.115919
1 594.83 579.65 615.89 620.24 0.119699
4 838.02 277.37 849.64 294.29 0.106873
4 1567.98 487.62 1604.99 528.49 0.117455
1 525.58 771.02 553.39 808.06 0.125707
4 1109.87 25.06 1134.19 39.83 0.126278
4 811.03 262.19 826.68 287.82 0.113756
2 1553.92 938.43 1573.43 964.85 0.111927
3 1344.42 1051.07 1389.84 1076.93 0.083458
1 595.35 579.50 606.82 601.36 0.102602
1 1196.55 546.30 1212.88 564.39 0.105437
2 1508.89 885.73 1548.04 945.52 0.128044
4 903.42 65.44 919.86 86.33 0.105722
4 1085.04 8.16 1111.84 22.91 0.102649
2 1528.04 885.51 1548.79 906.71 0.084560
6 1093.10 334.31 1141.87 377.14 0.104119
4 393.66 116.44 419.65 132.53 0.086944
4 1405.81 544.03 1493.11 593.78 0.132083
2 1591.75 952.27 1618.42 1000.64 0.096529
2 1609.40 1005.45 1636.18 1048.25 0.106445
4 1359.41 187.33 1394.03 219.13 0.107097
6 1427.82 244.30 1468.33 309.77 0.107028
4 1712.70 349.11 1753.09 382.13 0.082531
3 1355.12 673.47 1376.04 700.70 0.252757
4 1197.85 106.96 1216.54 127.43 0.132779
2 1571.35 931.59 1592.63 958.71 0.091748
4 910.10 138.19 938.50 159.66 0.086639
3 1391.71 675.50 1407.19 700.02 0.117029
4 1360.29 183.85 1390.53 201.11 0.121213
3 1476.92 944.24 1514.16 987.58 0.225196
2 1508.72 891.44 1529.05 923.47 0.107591
2 1501.47 836.36 1518.20 861.37 0.090785
2 1516.13 816.77 1535.77 848.09 0.112840
2 1411.05 672.37 1701.91 1075.76 0.103372
4 9.83 381.94 70.91 408.71 0.081251
4 1812.70 584.32 1914.52 625.15 0.093184
4 1103.66 45.05 1118.99 59.05 0.132576
1 1183.84 604.17 1209.72 663.52 0.095191
1 1254.59 582.11 1272.37 602.97 0.083084
4 1200.57 111.87 1226.80 131.77 0.140203
4 1427.71 264.44 1444.73 286.83 0.084569
4 1480.29 433.10 1515.15 462.93 0.104794
2 1433.40 695.44 1455.65 731.80 0.081325
2 1475.33 884.77 1693.74 1075.97 0.083070
2 1329.50 642.83 1491.93 788.72 0.081845
2 1415.83 698.15 1429.74 721.40 0.080441
