10 1078.77 199.87 1133.73 332.87 0.361179
1 651.52 534.48 665.01 571.20 0.276693
4 620.71 286.28 672.15 392.97 0.300400
1 671.19 457.18 686.12 479.95 0.214163
1 581.74 656.84 599.10 674.76 0.173344
1 621.85 615.56 635.77 630.47 0.187520
1 668.11 633.01 682.86 653.94 0.208292
1 687.87 449.87 705.65 475.10 0.164961
4 598.56 332.80 624.49 380.60 0.080496
1 704.37 463.53 718.95 481.84 0.197011
1 653.57 712.37 685.68 798.83 0.129584
6 253.60 623.91 398.53 750.40 0.107196
10 1319.52 396.06 1398.66 454.63 0.114678
1 970.39 555.23 999.11 622.73 0.114853
6 653.46 698.91 1169.10 1048.61 0.114291
5 256.77 414.07 294.07 441.27 0.095504
1 447.39 832.12 489.05 942.51 0.103867
6 0.78 791.13 558.06 1049.18 0.157028
10 655.70 165.88 673.91 200.53 0.110919
10 626.25 202.03 640.27 230.37 0.097444
10 374.23 363.85 425.89 439.16 0.087744
10 292.52 253.01 324.00 303.00 0.111836
10 994.24 61.58 1284.16 464.66 0.101862
2 655.58 712.65 683.55 762.23 0.106698
1 761.93 769.64 854.27 906.86 0.110791
2 580.39 658.43 591.46 671.78 0.099455
2 670.84 449.78 718.92 482.68 0.200479
1 278.26 543.91 338.64 636.29 0.087138
2 580.07 447.25 721.22 680.14 0.103263
2 588.35 657.78 599.87 674.73 0.118647
2 653.05 712.34 686.14 831.32 0.098933
