4 465.97 587.96 521.91 664.02 0.509094
4 948.65 961.23 1087.69 1023.47 0.547244
4 1194.63 935.86 1322.68 1006.95 0.556597
4 349.40 626.58 415.20 706.27 0.527305
4 349.86 25.31 399.86 48.79 0.370737
4 791.02 922.04 910.15 982.66 0.455216
4 689.52 777.41 731.57 850.79 0.369822
1 253.15 728.38 283.27 784.72 0.345740
2 750.98 853.53 774.09 889.75 0.433064
1 199.07 758.92 219.71 792.97 0.389785
1 329.65 640.44 353.15 679.92 0.334077
4 917.76 8.89 977.14 69.19 0.359319
1 139.30 773.94 163.69 816.86 0.320122
4 676.14 654.77 724.85 753.05 0.348137
1 579.58 738.37 598.47 769.12 0.346098
4 270.36 497.66 316.06 533.13 0.331902
4 847.01 0.73 918.62 63.92 0.389948
4 311.78 26.82 345.70 49.88 0.335017
4 672.98 539.84 712.75 595.09 0.320799
1 591.78 345.07 605.99 371.94 0.223390
1 815.44 987.65 833.54 1025.46 0.278989
4 782.75 22.15 804.69 48.62 0.329793
1 723.70 721.60 738.17 751.97 0.289450
1 335.90 956.87 362.34 1001.47 0.327992
4 326.65 3.83 371.14 25.72 0.277298
1 591.70 707.18 607.81 736.26 0.300611
1 497.03 864.50 518.30 910.65 0.267634
4 56.33 881.13 209.93 940.77 0.245274
4 90.30 571.03 124.50 604.34 0.250304
4 710.45 0.05 745.51 27.97 0.271741
4 917.84 773.72 983.05 824.15 0.272462
2 140.31 791.29 160.03 819.63 0.266581
1 752.14 715.87 765.49 745.94 0.251212
2 147.95 723.59 166.39 743.04 0.159687
1 739.11 728.87 756.01 753.83 0.175524
4 817.68 833.33 919.92 861.28 0.254731
1 746.47 836.77 764.67 867.76 0.274773
4 743.83 0.00 786.41 30.41 0.227953
2 899.61 704.71 932.87 738.23 0.177357
3 1022.19 660.35 1057.96 697.00 0.119181
2 330.99 655.96 352.84 680.82 0.256336
3 467.06 887.44 498.90 912.42 0.167765
4 1310.76 242.67 1399.46 303.83 0.132613
3 533.76 541.29 558.92 567.72 0.094886
4 13.48 574.96 44.99 599.25 0.169999
4 64.97 553.63 125.29 606.36 0.155273
4 648.41 500.64 734.06 596.02 0.149241
1 145.04 685.54 167.44 718.05 0.213144
1 818.36 967.51 838.66 1002.15 0.107251
4 645.44 496.95 681.97 533.17 0.122920
6 846.53 1.12 978.04 71.31 0.121632
7 395.23 888.05 499.50 923.80 0.133222
3 586.62 346.78 615.68 375.33 0.112254
4 628.64 187.66 662.68 224.80 0.088534
3 729.45 740.14 744.69 767.65 0.124493
6 959.51 594.40 1102.43 698.43 0.106100
1 818.98 690.44 832.83 713.07 0.180013
1 801.75 996.06 816.83 1027.94 0.124479
4 959.61 638.47 1057.39 697.60 0.115843
6 625.80 172.48 690.86 227.54 0.083839
4 95.36 637.54 114.96 662.56 0.152874
2 578.77 738.99 614.05 874.15 0.086702
1 917.13 713.40 932.52 736.74 0.150496
4 825.93 680.82 876.53 710.53 0.149845
3 263.72 749.52 282.29 771.00 0.131037
4 685.39 500.37 723.67 533.15 0.113206
2 800.20 673.03 813.20 700.50 0.123955
2 1014.40 629.47 1026.66 645.31 0.107964
4 1210.53 315.36 1266.02 342.74 0.081797
4 95.44 636.58 133.99 670.54 0.114576
2 926.29 676.79 939.94 702.30 0.111730
4 1124.51 199.90 1164.34 227.55 0.104466
4 1342.92 561.78 1371.45 580.27 0.109708
1 899.75 717.13 913.39 735.84 0.179142
4 1167.76 289.82 1197.70 310.01 0.107513
6 706.77 79.44 1398.91 709.21 0.087739
6 1051.09 169.38 1096.47 201.97 0.081240
4 686.16 148.10 713.54 176.96 0.088717
4 655.88 173.03 689.65 202.68 0.095234
6 515.91 481.97 554.56 546.23 0.085763
4 310.35 0.91 400.48 50.42 0.103470
6 1313.80 506.74 1349.67 532.24 0.087024
4 319.07 0.27 349.26 17.96 0.146001
3 723.19 645.88 763.24 687.98 0.105903
6 645.51 497.18 725.05 543.16 0.083275
2 908.65 705.10 922.78 732.49 0.104160
1 636.37 690.50 650.14 724.70 0.127649
3 758.62 858.16 774.01 889.31 0.173804
4 462.80 411.73 502.63 463.14 0.082313
10 861.01 774.43 911.58 844.60 0.083556
2 810.24 692.73 820.68 713.81 0.126712
1 624.96 557.65 639.92 588.86 0.120537
2 818.86 680.23 834.88 712.98 0.093472
3 899.95 716.53 932.09 737.30 0.096414
4 913.02 824.06 970.62 852.43 0.111329
3 145.80 722.58 167.17 754.52 0.102441
3 723.41 734.13 742.55 754.46 0.125250
2 602.58 586.66 625.21 631.71 0.091063
3 339.30 661.50 353.16 679.87 0.135729
2 137.89 726.65 284.73 821.15 0.119531
2 534.30 542.62 545.28 559.61 0.082950
6 1.49 4.50 527.71 695.25 0.105917
3 491.15 882.65 511.60 913.73 0.128643
4 791.12 924.91 841.58 979.14 0.081505
2 623.92 689.76 650.16 725.79 0.084740
4 308.03 2.01 334.29 25.60 0.102151
4 69.17 556.84 96.84 584.07 0.111080
4 125.14 579.36 146.74 610.11 0.098253
2 579.51 706.75 609.12 768.82 0.110672
2 724.00 715.15 765.12 755.03 0.136054
2 627.49 635.64 640.82 673.00 0.107422
4 676.72 421.88 704.60 451.61 0.091987
2 626.43 583.47 641.36 615.51 0.090869
2 745.76 654.85 763.17 687.74 0.120464
4 1144.02 279.19 1197.61 312.52 0.097495
2 1045.39 676.49 1058.41 696.77 0.097800
3 139.71 784.31 163.16 819.55 0.262644
2 1018.09 650.57 1033.77 675.48 0.081508
2 1061.14 644.48 1075.01 679.96 0.089031
3 804.03 998.08 845.48 1027.26 0.095196
10 1018.16 135.06 1065.77 200.14 0.121965
4 33.78 894.86 93.58 941.75 0.081264
4 682.10 562.74 703.81 581.87 0.089249
3 744.18 669.24 759.49 687.85 0.108507
