4 792.77 529.27 820.69 560.72 0.465028
4 925.04 171.85 943.01 185.27 0.423097
4 177.51 433.91 212.47 452.86 0.398114
4 1202.47 380.53 1237.24 402.76 0.444849
4 572.85 137.68 587.16 152.01 0.420558
4 1345.44 432.43 1382.78 456.23 0.452897
4 626.30 32.72 638.86 45.10 0.396079
5 637.26 164.65 668.05 204.64 0.351360
4 540.19 328.28 566.76 344.59 0.315619
5 785.51 193.36 843.74 230.69 0.410188
4 1121.75 279.88 1148.31 298.72 0.317591
5 155.37 400.61 214.43 434.54 0.337893
5 802.38 112.14 840.19 141.03 0.342447
4 989.61 199.08 1013.68 219.27 0.301746
4 578.51 315.02 605.07 331.64 0.301400
4 228.30 416.89 265.90 439.09 0.395280
3 513.67 385.07 544.47 403.41 0.362374
4 835.46 491.21 865.07 528.74 0.346418
5 729.70 216.82 783.42 248.55 0.363804
4 591.56 100.95 604.02 112.14 0.336016
4 329.19 358.62 404.91 403.67 0.333923
5 1149.35 339.77 1193.01 372.32 0.308120
4 703.59 296.88 725.17 321.28 0.348961
4 1257.90 336.36 1291.05 363.24 0.325593
4 1006.60 266.78 1052.40 294.36 0.309887
4 1192.24 326.80 1220.66 347.62 0.331690
4 1097.46 296.05 1125.29 313.36 0.278841
4 607.46 299.02 633.73 320.61 0.278327
4 734.16 243.72 757.79 258.18 0.294865
4 656.56 224.44 673.89 245.02 0.286033
4 768.42 151.39 808.87 172.30 0.236985
4 967.70 199.91 986.78 213.48 0.297832
4 121.34 373.71 148.69 387.41 0.289796
4 1265.48 426.61 1304.78 449.52 0.381850
4 1021.47 228.29 1038.45 243.85 0.337125
4 790.18 226.02 813.99 238.98 0.259991
6 402.22 327.05 495.98 375.76 0.214051
4 757.09 256.15 781.66 269.68 0.283874
4 849.30 472.65 879.90 508.00 0.280088
4 511.42 0.26 525.98 10.85 0.231367
4 544.25 8.08 555.81 19.46 0.304051
4 1267.62 395.46 1324.18 432.58 0.338758
5 1066.92 52.64 1121.54 75.02 0.239369
4 669.07 109.70 692.09 136.66 0.268993
4 1009.34 119.81 1031.75 138.45 0.194429
4 1064.93 239.54 1091.50 258.49 0.256646
4 558.04 310.34 584.81 326.01 0.221154
4 122.34 451.00 161.48 473.69 0.293732
4 80.09 462.83 109.57 481.95 0.275466
4 330.57 327.27 356.68 342.45 0.233270
4 1151.45 174.53 1168.36 187.71 0.244019
4 825.87 219.04 858.86 236.83 0.217452
4 1133.63 275.63 1154.16 291.31 0.266084
4 712.78 143.04 726.46 155.92 0.236820
4 41.77 389.80 77.10 417.43 0.282145
4 1026.32 293.72 1053.19 310.25 0.250256
4 489.07 320.51 528.09 358.26 0.239524
4 860.11 486.55 879.72 507.48 0.276328
4 61.28 423.19 75.41 436.47 0.218682
4 527.07 12.02 536.70 20.89 0.254349
4 446.85 341.31 496.25 371.32 0.234806
4 1294.48 176.38 1308.55 185.97 0.243481
4 726.98 406.12 736.50 419.23 0.155441
4 785.52 246.11 809.44 259.84 0.257015
4 1352.67 80.28 1365.29 91.51 0.203980
4 200.24 278.88 222.38 291.90 0.168239
4 507.28 317.91 529.46 333.60 0.158554
4 291.11 403.48 318.21 420.78 0.260169
4 810.70 236.35 846.27 259.36 0.166511
4 1352.84 74.88 1378.90 91.63 0.218969
4 1215.49 157.29 1240.01 170.52 0.191492
5 496.65 307.29 550.26 337.23 0.256032
4 669.21 311.01 677.01 321.80 0.091815
3 1060.60 203.21 1080.50 236.96 0.126134
5 1137.52 325.74 1209.31 360.62 0.163406
4 1133.13 326.49 1152.86 340.59 0.224151
4 721.60 163.73 736.59 181.03 0.217943
4 620.24 233.44 628.68 242.15 0.101186
4 1080.55 291.92 1095.14 306.37 0.188005
6 785.68 235.86 845.40 260.85 0.118341
4 768.10 51.77 782.03 61.13 0.166958
4 1182.57 338.22 1208.92 359.76 0.180857
4 672.48 60.28 685.83 71.12 0.181437
4 863.90 32.65 877.11 44.06 0.153313
4 145.82 451.38 162.84 465.79 0.178894
4 413.74 361.21 444.48 378.21 0.189778
4 1107.43 83.42 1130.18 99.07 0.100139
4 419.94 293.20 450.65 313.53 0.131769
4 1205.73 42.31 1273.90 74.52 0.194294
4 731.26 255.75 783.25 275.51 0.138505
4 706.26 372.55 713.93 382.82 0.094245
4 596.63 257.69 610.13 270.47 0.191467
4 1146.05 337.05 1165.80 357.69 0.183899
4 855.26 137.03 868.05 148.29 0.093448
6 486.68 306.98 551.16 355.41 0.110454
4 875.33 645.54 887.85 663.50 0.113026
5 343.35 550.78 386.45 581.62 0.168853
4 556.84 327.83 569.48 339.39 0.109613
4 119.23 377.10 128.86 387.04 0.142165
6 1267.32 395.02 1383.43 456.99 0.122235
4 489.80 143.57 519.35 167.88 0.157201
4 844.53 133.73 863.32 146.72 0.149077
4 1029.04 118.92 1045.48 130.23 0.173041
4 1066.64 289.80 1093.89 306.86 0.178557
4 519.86 268.29 533.93 282.15 0.149352
4 750.88 443.40 761.60 458.70 0.139400
4 1041.84 80.47 1066.80 95.07 0.128409
4 508.57 313.29 546.36 334.98 0.097441
3 863.39 161.82 893.67 186.28 0.140292
4 777.50 487.46 787.11 501.89 0.086527
4 1186.49 96.31 1200.24 106.61 0.175291
4 857.72 139.16 875.35 150.09 0.153027
4 789.66 125.15 805.34 137.29 0.152026
4 661.65 35.79 671.80 43.50 0.131218
4 996.94 170.72 1004.88 181.27 0.108466
4 1166.55 95.73 1200.40 108.02 0.107220
4 454.02 328.15 475.79 348.25 0.157953
4 230.36 293.67 240.39 304.89 0.103702
4 1306.31 157.44 1334.37 171.27 0.115493
4 1068.93 199.92 1080.96 212.59 0.139500
9 1045.63 96.63 1124.19 128.01 0.118794
4 1267.29 395.92 1284.75 413.11 0.170229
6 766.65 52.67 801.52 77.66 0.143103
6 306.94 568.40 339.73 594.48 0.134734
4 722.97 163.35 733.85 172.34 0.104898
4 432.53 346.67 447.79 364.36 0.128591
4 558.39 507.56 579.64 527.59 0.134697
4 393.91 265.25 411.30 279.16 0.091097
1 840.36 182.95 851.05 197.80 0.120821
6 328.52 304.35 557.14 404.09 0.092759
6 785.67 193.10 843.73 231.01 0.081971
4 799.64 174.36 810.95 183.55 0.092181
6 1257.80 309.69 1295.43 363.54 0.107478
3 43.76 469.25 69.97 501.46 0.104696
6 1092.53 53.26 1121.46 71.32 0.115586
4 651.66 180.83 667.64 204.37 0.160800
4 639.87 332.52 650.95 348.89 0.114005
4 59.38 406.66 99.50 428.24 0.107745
3 911.14 138.60 934.29 162.60 0.089046
4 678.84 119.04 691.87 135.31 0.121301
4 807.42 224.86 829.76 238.22 0.117811
2 526.71 313.96 539.47 337.38 0.104868
4 860.05 34.68 879.71 50.51 0.109765
4 1081.18 285.43 1125.46 314.00 0.151526
4 789.75 339.91 816.01 362.10 0.106094
6 1067.28 283.62 1125.45 314.58 0.119831
4 588.41 90.28 604.77 112.53 0.170729
4 1304.31 74.76 1319.37 87.44 0.111712
4 985.36 274.44 1001.12 286.88 0.149298
4 1156.26 192.18 1166.11 205.69 0.111420
4 414.38 340.96 441.96 359.96 0.086980
4 561.20 40.36 567.86 47.22 0.102894
6 856.41 19.07 879.24 32.70 0.100127
4 829.50 126.58 839.81 140.50 0.141590
4 751.31 72.85 782.36 93.01 0.086376
6 485.05 317.97 514.36 342.44 0.097971
6 155.27 400.48 214.57 434.57 0.089493
4 1006.90 320.85 1022.03 331.41 0.100614
4 0.07 485.75 15.32 516.01 0.330250
4 525.21 385.52 544.56 398.32 0.153055
4 1245.14 195.94 1273.48 210.34 0.110945
4 439.60 257.03 456.13 272.63 0.099763
5 402.43 327.35 477.75 364.35 0.284645
4 872.96 116.25 885.16 126.80 0.130206
4 1218.54 62.13 1246.02 74.85 0.102777
4 1377.95 474.54 1399.76 500.15 0.359663
4 290.93 304.92 310.87 321.16 0.122246
4 469.26 57.58 485.08 71.78 0.105875
2 823.75 167.84 833.90 182.01 0.097235
2 796.20 63.97 810.62 81.32 0.096968
6 1124.97 220.13 1159.98 241.62 0.102516
4 553.92 134.64 569.93 145.58 0.091491
4 1256.52 186.46 1276.30 199.44 0.115918
4 1153.18 80.51 1179.95 96.19 0.097054
6 1152.80 216.22 1195.27 247.43 0.091598
6 412.10 334.03 467.76 362.51 0.106281
4 776.23 21.55 787.83 37.16 0.111807
4 568.99 254.22 587.24 267.26 0.096589
4 425.26 243.53 456.73 273.31 0.081564
4 1244.07 199.17 1254.09 209.01 0.089145
4 830.66 52.49 845.75 64.63 0.106169
4 1239.90 132.27 1259.58 145.06 0.106739
4 1040.21 298.54 1053.76 309.89 0.113085
4 718.17 49.64 728.90 61.73 0.097855
4 1257.88 52.64 1273.51 63.86 0.106871
4 1046.55 117.23 1060.77 127.29 0.081445
4 15.84 350.41 40.48 364.20 0.088977
4 95.55 505.70 113.78 520.17 0.088179
4 440.10 335.79 462.36 350.62 0.096884
4 607.13 284.16 658.27 320.68 0.113833
4 578.81 185.66 602.13 200.24 0.081554
4 974.82 11.67 993.42 23.35 0.100406
9 511.31 0.00 538.45 11.14 0.085112
4 1299.63 35.77 1347.34 55.89 0.080637
4 860.70 240.90 876.98 255.76 0.083757
4 927.28 144.55 950.75 159.76 0.097345
4 1346.44 159.20 1362.82 171.67 0.087755
6 1063.22 277.96 1089.51 294.77 0.080333
4 1099.24 218.56 1117.09 234.27 0.081431
4 429.02 156.93 437.71 166.80 0.088064
4 524.66 0.04 539.30 7.86 0.085022
4 588.65 89.19 599.68 101.68 0.085346
4 1275.98 54.49 1287.50 62.27 0.090064
4 1006.56 272.54 1027.31 292.92 0.158821
4 39.28 424.54 62.58 437.09 0.080316
4 729.74 260.86 758.33 275.07 0.125948
4 1132.89 326.48 1166.09 350.53 0.104661
4 1128.07 238.96 1154.43 253.44 0.094331
4 114.41 398.44 137.96 417.48 0.082542
4 292.07 280.09 309.74 292.54 0.109947
4 304.84 389.11 331.06 409.48 0.100817
6 525.87 310.02 549.69 330.06 0.111290
4 1041.71 81.69 1053.44 92.17 0.104927
9 1076.60 179.22 1156.08 213.60 0.128080
4 41.37 406.67 60.30 417.32 0.081221
4 1312.10 194.50 1327.92 208.34 0.085278
4 288.86 389.61 327.60 420.01 0.081754
4 1379.41 31.90 1399.54 50.98 0.084005
4 807.98 287.85 819.85 298.98 0.103971
6 1066.92 54.43 1092.50 75.87 0.094807
5 433.02 340.36 495.86 372.88 0.180391
4 1178.33 214.93 1191.70 226.12 0.080731
6 786.28 63.37 801.30 77.10 0.086771
4 358.43 356.26 382.30 369.75 0.135071
6 52.16 390.00 76.48 409.36 0.133316
4 754.66 105.91 767.35 120.80 0.083904
