4 1416.04 938.78 1552.04 1025.54 0.439035
4 1451.71 0.31 1485.95 27.80 0.387835
4 1474.80 788.08 1606.52 877.27 0.391593
4 1641.16 408.07 1662.57 429.71 0.335213
2 370.04 806.47 414.49 847.42 0.349822
4 1273.63 279.53 1322.98 313.73 0.278691
4 1375.78 507.81 1456.04 566.19 0.294170
4 965.65 382.71 1005.44 410.97 0.288947
4 1435.65 39.16 1458.30 58.62 0.309574
4 33.12 301.87 78.61 329.96 0.258008
4 505.17 182.53 567.50 233.58 0.218462
4 750.00 300.50 832.35 350.01 0.245389
1 149.66 685.96 179.97 722.54 0.204569
4 1024.77 381.17 1065.85 417.82 0.266389
4 558.12 212.59 595.73 243.74 0.182805
1 1753.11 759.24 1805.05 799.91 0.204284
1 242.81 622.53 290.93 680.26 0.211663
4 219.76 38.73 240.20 53.34 0.201723
4 226.13 668.99 249.75 693.84 0.120248
4 39.59 116.54 73.45 143.59 0.187941
4 695.84 286.83 723.29 314.92 0.190001
1 592.64 441.42 619.22 495.35 0.165740
4 1607.06 417.36 1626.52 439.81 0.218223
2 277.61 697.83 311.43 734.56 0.195115
2 1772.56 766.12 1804.79 799.43 0.116209
1 1155.10 37.25 1176.96 73.83 0.145894
2 238.99 620.40 322.49 734.14 0.210650
4 1158.59 253.00 1171.05 264.84 0.153316
4 1587.47 362.75 1625.98 391.84 0.142835
4 391.04 807.33 414.28 826.23 0.122067
4 803.61 325.28 831.03 349.04 0.177693
4 1794.00 14.29 1836.27 65.36 0.129793
6 1758.11 1.29 1835.16 74.35 0.140671
4 611.62 83.06 692.87 165.45 0.106957
2 294.31 797.70 327.39 828.94 0.135050
4 1432.20 458.07 1482.99 485.38 0.122770
4 175.32 14.84 237.12 55.03 0.142402
4 107.59 40.85 134.39 66.21 0.115888
4 1350.81 700.09 1410.91 753.98 0.138602
4 1554.56 426.08 1587.29 452.03 0.170766
4 1489.61 54.25 1531.87 103.61 0.122200
3 891.73 502.26 948.92 590.90 0.095760
4 1660.01 0.00 1705.08 41.35 0.146261
4 69.33 640.63 101.85 674.28 0.177355
3 372.28 771.40 409.85 804.40 0.121011
6 401.47 640.80 484.04 723.72 0.103980
6 1333.24 996.50 1386.66 1077.01 0.134804
4 646.64 231.28 668.00 246.57 0.095355
4 288.12 616.80 311.78 642.92 0.103449
2 399.31 599.31 421.31 623.80 0.113998
9 1586.53 435.62 1621.82 477.37 0.107359
4 857.57 267.70 887.29 288.74 0.118450
5 1039.43 640.79 1117.42 722.61 0.100396
4 1723.91 626.24 1751.10 648.15 0.099125
2 764.79 941.72 783.56 981.85 0.086730
2 359.71 762.12 384.25 787.04 0.105465
4 1539.43 562.70 1558.70 584.10 0.102572
4 1273.31 279.68 1301.62 300.24 0.146585
2 1868.84 574.63 1915.40 636.70 0.118370
2 1015.23 377.26 1033.92 401.72 0.123320
4 1247.81 127.55 1262.35 140.56 0.098283
6 1083.00 62.80 1148.69 117.75 0.118648
6 505.31 82.65 693.18 235.61 0.109932
1 1636.50 836.23 1656.06 881.11 0.100792
4 1469.16 365.19 1526.56 398.45 0.118988
4 1475.04 555.48 1528.97 579.29 0.104453
3 1630.41 889.06 1682.52 999.53 0.099455
1 499.55 452.50 539.15 519.08 0.152736
5 1237.93 681.71 1315.87 775.70 0.111950
2 293.77 698.22 311.50 725.69 0.126624
4 0.20 886.62 38.21 923.24 0.123426
3 295.87 803.90 353.77 859.01 0.110095
2 575.22 535.30 590.50 558.45 0.080977
6 645.48 266.49 723.75 315.36 0.134147
4 404.75 170.18 434.56 189.90 0.088367
2 239.84 659.86 258.10 685.35 0.101025
4 384.79 435.08 407.39 463.52 0.099258
4 1577.81 381.29 1610.26 408.72 0.097623
3 230.58 586.55 257.70 617.44 0.101079
2 247.92 663.73 290.17 708.36 0.113631
4 1073.07 385.88 1091.48 408.90 0.081347
4 601.13 856.97 634.55 895.59 0.097484
4 1.99 114.61 73.48 148.19 0.097253
3 227.79 717.25 355.78 866.19 0.087238
4 769.32 240.37 814.44 266.04 0.081248
2 414.62 649.61 436.89 674.65 0.103007
1 574.22 440.90 619.73 557.91 0.124875
2 463.75 715.60 487.57 741.23 0.120563
4 1082.26 100.59 1109.96 124.13 0.096448
2 1015.90 81.31 1038.13 135.48 0.089488
2 436.58 702.11 502.28 767.42 0.092688
4 1585.66 425.90 1608.36 446.65 0.173454
2 300.37 674.92 328.60 718.66 0.103793
2 1137.71 292.12 1152.57 318.48 0.084969
2 958.43 67.85 1037.47 167.81 0.081161
4 39.30 42.22 173.98 120.66 0.084777
4 1587.66 409.26 1627.05 446.90 0.087718
2 288.19 598.80 313.61 643.26 0.093730
4 1449.42 445.68 1477.99 469.18 0.081778
6 1585.70 416.70 1627.89 477.70 0.100829
4 330.29 51.77 345.72 66.77 0.103032
4 473.06 464.47 540.33 519.10 0.104384
3 1655.11 815.43 1748.24 915.66 0.097800
10 1655.43 889.45 1682.00 916.08 0.082556
2 432.34 690.02 464.56 725.90 0.098673
4 1658.13 304.03 1675.24 325.22 0.094318
2 228.53 717.54 249.31 745.73 0.088034
2 1128.30 39.30 1143.50 65.94 0.098026
4 131.62 1014.09 187.72 1052.94 0.087853
4 1498.54 378.41 1528.11 397.98 0.091639
4 116.36 47.16 162.93 82.06 0.081749
4 509.72 23.77 556.65 52.90 0.101177
6 505.17 177.92 597.26 242.83 0.100505
7 370.95 754.70 432.64 805.11 0.086924
4 1759.01 41.28 1792.76 72.84 0.080139
4 1593.21 407.27 1613.04 425.86 0.087036
6 1582.94 186.96 1751.87 478.60 0.093446
4 1427.39 20.14 1467.55 59.84 0.115692
10 995.21 630.87 1117.54 723.75 0.086198
4 1574.02 19.22 1592.70 37.60 0.096520
6 1528.05 20.34 1599.12 98.36 0.087837
3 808.53 742.40 871.18 809.40 0.101665
4 303.71 8.85 328.37 27.43 0.095841
3 883.18 677.41 928.94 722.81 0.109009
4 1579.69 363.03 1596.53 381.86 0.083096
6 1664.41 183.38 1748.91 267.29 0.096004
2 222.63 386.68 543.69 864.51 0.114223
4 1469.13 364.74 1497.68 384.65 0.085601
4 216.61 214.00 294.56 259.56 0.117810
2 1146.61 33.88 1177.26 81.41 0.092061
