4 725.24 514.50 739.41 540.49 0.450000
4 897.70 143.05 910.21 165.30 0.312572
4 916.81 276.06 934.70 297.97 0.370275
5 589.30 376.28 625.88 492.00 0.302868
4 758.02 38.26 768.18 51.69 0.295645
4 736.57 4.47 745.90 16.87 0.275039
4 761.87 87.14 771.65 101.85 0.247198
4 784.23 614.24 798.11 643.68 0.303628
4 768.41 199.72 779.67 216.51 0.234161
4 760.65 117.42 770.23 132.12 0.249324
1 181.92 160.43 202.17 196.91 0.271857
4 769.84 146.02 778.89 160.07 0.247971
4 762.26 441.88 775.99 465.10 0.260417
4 1134.07 393.32 1171.25 433.52 0.241524
6 290.22 705.85 509.19 787.43 0.190962
4 797.32 213.58 807.86 230.44 0.245733
4 822.33 477.61 836.23 502.66 0.265202
4 815.82 28.62 825.33 42.61 0.224425
4 778.37 74.83 788.52 90.47 0.217617
4 768.79 334.17 783.09 364.99 0.209774
4 751.12 385.58 763.14 407.05 0.245707
4 790.66 146.11 801.01 163.16 0.239405
4 726.71 227.78 740.82 240.54 0.188486
4 1336.69 347.70 1376.88 386.15 0.176899
4 864.47 53.58 875.28 65.74 0.187997
4 730.03 321.97 752.82 346.38 0.195554
4 115.85 98.49 145.13 119.16 0.184882
4 815.90 157.38 827.41 175.05 0.166124
1 770.74 572.40 784.08 601.37 0.142451
4 898.95 216.62 909.67 231.05 0.186414
4 901.87 317.46 943.38 366.85 0.135674
4 620.32 351.38 641.50 369.09 0.157652
1 839.00 629.85 855.08 664.53 0.162614
4 1168.48 380.02 1207.53 417.00 0.184899
4 825.86 290.00 837.75 311.60 0.177254
6 710.50 698.76 732.32 745.43 0.184088
1 738.94 668.69 753.19 700.66 0.184798
4 597.73 515.51 608.41 531.18 0.129441
4 851.40 258.12 866.48 300.81 0.160782
4 793.77 0.00 804.01 8.55 0.201774
4 894.84 73.50 902.59 84.17 0.154080
4 473.58 134.34 488.11 147.76 0.124827
5 997.74 747.71 1032.97 787.39 0.100248
1 908.14 540.37 922.08 571.38 0.141222
4 818.66 62.65 827.75 76.30 0.137499
4 915.06 150.71 929.64 167.92 0.191999
4 198.30 338.18 229.61 363.28 0.108905
6 316.14 735.17 340.64 757.21 0.103132
4 853.80 80.15 862.40 87.05 0.100224
4 863.15 44.80 872.41 58.30 0.098691
4 1350.19 347.53 1376.38 365.45 0.108665
4 816.58 81.90 826.75 97.06 0.178965
1 841.44 346.35 853.72 373.13 0.157530
4 12.57 203.12 29.58 218.92 0.141229
4 902.37 345.64 918.50 366.41 0.146918
4 139.86 574.96 175.94 605.31 0.089406
4 753.57 306.96 763.47 326.61 0.130939
4 228.61 299.86 249.83 325.12 0.124968
4 825.76 404.16 837.29 432.40 0.141215
1 823.03 562.02 837.78 595.04 0.114017
9 741.72 173.88 815.92 190.40 0.173962
9 927.95 139.85 948.41 194.19 0.095687
4 830.70 44.38 839.32 55.16 0.127671
1 818.57 640.41 833.67 682.72 0.113549
4 1269.48 414.53 1300.90 440.06 0.105801
4 717.42 159.30 725.35 169.63 0.116666
2 798.25 55.64 807.25 72.64 0.097253
4 710.38 722.96 729.82 746.36 0.086361
4 204.59 307.58 228.59 330.04 0.108084
4 904.07 288.93 914.27 310.27 0.111779
4 716.20 47.90 724.39 62.70 0.113620
4 1132.10 377.53 1158.86 392.19 0.085878
4 394.35 206.89 413.69 223.59 0.098302
4 712.59 23.98 720.81 34.49 0.090870
4 769.70 353.53 781.77 364.88 0.102770
4 27.80 175.63 38.12 191.88 0.097021
4 712.64 140.70 723.66 151.65 0.127689
4 857.12 0.87 867.82 17.40 0.084783
4 698.29 31.34 706.49 43.66 0.134443
4 400.67 190.00 419.81 206.15 0.080903
10 412.97 273.27 482.22 314.26 0.084386
6 725.31 173.77 741.29 211.77 0.096356
6 589.61 376.12 625.80 468.00 0.178235
4 701.42 168.22 708.81 178.08 0.097938
4 704.91 0.47 718.23 17.53 0.087453
4 805.29 69.58 813.56 81.18 0.090878
4 715.09 33.61 723.62 47.15 0.097638
2 325.60 132.45 352.53 164.79 0.080965
4 827.12 3.73 835.95 17.53 0.086892
4 865.40 111.56 872.70 124.67 0.111298
4 631.96 356.77 642.83 369.94 0.089459
4 590.52 358.28 602.66 370.17 0.090200
4 728.18 200.98 736.29 212.32 0.084579
2 760.36 25.30 830.95 168.15 0.085202
4 694.77 1.44 701.56 13.48 0.086264
4 748.56 0.07 758.09 8.51 0.194986
4 878.48 31.63 885.17 41.59 0.080020
1 913.83 662.11 926.59 691.80 0.106695
