1 989.48 599.17 1049.82 717.62 0.569052
1 871.92 741.31 925.02 846.94 0.576767
1 1121.66 198.55 1149.26 264.41 0.502804
1 1025.87 387.66 1068.76 489.11 0.501157
1 1099.51 188.09 1128.83 261.60 0.492060
1 1040.36 468.89 1079.81 554.63 0.473866
1 1048.60 413.72 1094.82 489.07 0.432236
2 1099.76 187.61 1149.62 264.85 0.236407
2 1025.76 387.38 1094.71 555.49 0.249567
2 911.31 626.09 932.13 685.95 0.120619
2 872.29 741.21 924.93 846.93 0.116077
10 746.77 1.37 1398.65 1048.29 0.168131
2 989.32 386.57 1095.65 721.24 0.142782
1 911.41 625.96 932.27 686.18 0.087753
2 1025.80 387.69 1068.83 489.09 0.152357
2 960.45 599.18 1050.46 801.83 0.083585
2 1040.41 468.83 1080.09 554.17 0.134173
2 868.63 385.13 1096.48 849.41 0.094540
