4 542.28 215.82 630.52 291.19 0.479026
4 427.28 614.56 600.54 846.94 0.502677
4 161.27 406.44 364.60 566.14 0.466234
4 1025.85 596.32 1323.11 734.56 0.460205
4 899.49 79.51 969.94 117.93 0.416004
4 897.29 123.76 960.02 174.73 0.405158
4 684.31 237.50 774.54 321.70 0.391629
4 355.14 338.41 496.77 434.71 0.439096
4 970.44 95.45 1041.93 135.93 0.345141
4 739.90 102.89 811.43 163.23 0.408563
4 685.10 133.21 757.68 195.23 0.390117
4 949.24 222.40 1024.94 283.42 0.352139
4 977.01 61.03 1038.98 97.50 0.320122
4 973.44 435.32 1219.81 547.70 0.347597
4 689.91 57.72 780.71 93.07 0.317556
6 858.46 14.07 966.84 93.87 0.310870
4 1019.43 304.30 1201.66 376.91 0.302669
4 1029.31 48.93 1090.04 83.13 0.317437
1 307.08 277.75 366.79 353.98 0.265515
4 1015.45 258.80 1158.47 329.27 0.278687
4 1138.11 145.41 1174.33 179.60 0.320453
4 1125.75 30.36 1170.81 60.78 0.246568
3 1194.39 171.31 1226.99 202.66 0.286082
4 988.17 361.28 1207.03 449.43 0.307640
4 1166.75 47.07 1201.32 74.94 0.192838
4 1087.79 39.93 1130.12 71.61 0.253541
4 628.68 55.25 681.41 83.73 0.266425
1 1196.57 149.78 1227.01 202.30 0.157768
1 517.12 142.67 537.79 185.84 0.165684
1 516.38 141.30 568.27 186.43 0.203798
4 1336.89 0.08 1386.91 24.70 0.174241
6 0.97 408.47 183.69 592.94 0.122364
4 988.15 121.58 1037.97 164.07 0.242563
5 679.32 84.36 811.56 164.65 0.213037
4 989.29 184.50 1037.02 240.65 0.262789
9 860.73 14.72 965.30 77.10 0.251407
9 750.66 5.79 967.39 96.53 0.164476
4 679.01 84.12 749.20 134.42 0.217424
1 514.52 322.74 539.96 364.07 0.126219
4 161.12 485.39 255.04 565.46 0.140181
1 314.87 306.96 343.01 353.24 0.112060
4 1026.21 247.25 1142.08 282.85 0.109759
4 1369.95 141.11 1399.15 187.12 0.127158
4 1166.72 25.06 1276.74 74.85 0.096101
4 1262.36 15.75 1296.12 47.80 0.133303
4 538.87 433.81 594.06 501.20 0.083515
4 1165.67 22.30 1214.64 50.65 0.119900
6 477.47 227.54 552.92 333.12 0.111835
4 1287.04 12.85 1383.24 59.00 0.148311
4 496.57 13.51 555.27 56.55 0.117273
4 690.71 58.03 738.12 84.96 0.177872
2 1053.13 51.32 1088.00 92.60 0.080947
1 1056.00 71.46 1071.60 93.75 0.084678
1 896.16 163.32 912.24 183.58 0.086370
4 1047.04 95.71 1063.11 113.70 0.082021
4 1131.31 257.18 1200.57 318.17 0.114855
4 1088.67 55.99 1112.14 72.06 0.084051
4 1153.51 80.25 1180.05 102.99 0.092473
4 497.49 63.51 559.58 103.57 0.087195
1 596.90 191.53 629.09 217.09 0.088504
4 1254.70 39.58 1278.98 69.84 0.082028
9 973.63 4.28 1005.99 25.99 0.082036
1 279.44 107.64 301.75 136.73 0.085257
3 1055.23 71.37 1078.18 95.13 0.124817
4 933.89 65.68 971.77 91.18 0.088430
2 193.80 372.87 245.97 452.70 0.084232
1 864.77 77.73 885.69 113.20 0.089099
2 517.58 141.66 546.12 185.91 0.083798
3 1143.64 171.76 1167.10 204.17 0.090429
4 1023.01 719.07 1388.82 893.03 0.091369
4 974.39 513.75 1236.69 605.91 0.105337
4 627.99 57.04 654.72 79.47 0.098971
1 220.83 374.20 245.51 418.64 0.087543
