1 689.67 822.00 760.28 890.20 0.599779
1 382.37 855.80 438.16 928.86 0.572661
1 935.08 548.24 966.65 614.82 0.569561
1 454.87 417.89 480.09 487.90 0.573391
1 858.38 514.12 888.77 577.51 0.492694
1 575.84 821.77 655.64 871.59 0.505974
1 304.59 397.26 343.24 456.22 0.534512
1 898.22 526.30 920.02 581.05 0.550923
1 597.91 959.65 689.10 1029.82 0.494064
1 820.74 270.27 848.57 321.59 0.383127
2 502.29 894.17 600.20 1008.60 0.145265
1 639.70 66.13 655.07 106.22 0.498040
1 521.99 894.16 600.34 949.94 0.449858
1 502.27 916.64 542.96 1008.29 0.476596
1 400.40 479.25 444.67 530.61 0.336974
4 864.58 315.46 926.62 389.93 0.312506
1 600.41 371.16 660.59 442.33 0.310257
4 722.96 232.76 859.04 304.22 0.369443
1 933.12 356.58 962.60 411.74 0.291384
1 919.84 295.26 947.27 335.02 0.252332
4 276.21 235.93 549.33 399.00 0.293040
1 952.91 322.67 978.93 363.12 0.230652
2 379.98 818.64 762.09 1035.08 0.156175
4 722.04 232.46 961.06 343.22 0.277684
4 1179.47 96.95 1205.40 118.94 0.210996
2 858.03 513.30 919.44 583.90 0.082474
1 502.67 894.14 600.29 1008.17 0.081812
2 304.41 397.86 343.27 456.65 0.080928
1 311.81 356.47 334.19 398.69 0.221319
1 102.15 509.39 159.73 560.22 0.152709
2 382.10 856.27 437.82 928.73 0.087734
6 722.72 232.41 946.17 332.70 0.093988
1 277.56 357.83 333.44 418.39 0.171761
2 277.64 357.21 333.69 417.78 0.081800
4 863.80 277.36 943.58 331.66 0.186743
2 857.80 546.63 877.54 579.83 0.109363
2 857.88 513.27 967.19 617.53 0.147881
2 864.94 278.66 888.41 308.59 0.141977
3 400.45 484.92 444.61 532.13 0.136625
10 598.25 417.03 656.61 476.30 0.102985
2 917.72 321.10 959.11 368.19 0.101996
4 1327.55 95.58 1349.78 122.54 0.103680
2 314.73 355.99 333.08 380.77 0.100107
7 275.39 333.69 334.70 417.87 0.151572
4 1340.65 45.73 1388.86 89.25 0.102163
4 277.82 333.04 317.50 385.72 0.107009
3 277.73 373.93 330.89 418.81 0.146644
3 928.13 393.53 958.40 434.01 0.087415
4 956.16 352.61 981.46 381.98 0.098545
2 401.33 479.37 440.38 512.73 0.093869
10 576.33 822.39 603.12 847.28 0.097528
4 848.11 266.15 892.51 311.40 0.125192
2 939.31 325.25 962.40 360.23 0.117419
3 815.58 293.12 846.57 327.22 0.140970
2 951.45 323.04 979.34 374.31 0.158444
6 863.44 278.25 981.69 390.37 0.090994
3 912.06 356.37 962.60 434.03 0.135232
9 722.77 233.48 830.52 293.22 0.092446
3 813.27 308.31 849.50 339.15 0.098063
1 874.18 514.46 888.73 554.84 0.091788
2 844.45 268.82 860.86 294.24 0.091553
2 279.57 354.78 299.90 392.29 0.109496
10 689.68 835.53 712.54 854.39 0.082342
2 886.62 295.30 918.59 326.13 0.106830
10 576.02 820.81 646.45 843.90 0.091888
3 814.26 274.20 882.37 340.45 0.084413
4 925.36 349.29 981.39 382.73 0.112647
2 879.87 284.84 897.48 307.97 0.098463
9 390.17 248.60 519.61 301.10 0.103073
3 892.14 550.91 918.00 606.69 0.093951
3 857.24 547.98 882.23 602.13 0.137931
2 898.42 526.59 920.02 580.94 0.121931
2 104.05 510.49 158.29 545.47 0.100762
4 303.50 288.10 400.06 356.13 0.083860
2 927.97 356.70 963.20 433.98 0.085014
2 455.02 418.23 480.12 488.09 0.108087
3 931.97 584.61 964.89 624.82 0.137636
