4 599.79 604.06 623.06 634.86 0.565008
4 712.23 468.75 727.88 491.26 0.466574
4 721.26 338.95 734.84 355.66 0.347562
4 735.06 467.19 751.47 494.74 0.322277
4 737.21 388.81 751.04 401.96 0.388848
4 692.01 338.88 704.29 353.43 0.335310
4 733.30 306.66 745.06 321.40 0.313745
1 1104.47 625.55 1118.46 654.89 0.326970
4 698.91 259.25 709.24 272.66 0.320998
4 582.23 282.13 602.20 291.34 0.310541
4 699.99 714.25 725.62 769.73 0.465064
4 760.66 379.61 776.17 401.38 0.271199
2 1037.23 713.04 1077.91 771.29 0.240987
4 741.01 782.22 772.60 787.74 0.186561
1 1067.48 719.56 1077.17 738.49 0.246939
4 707.47 211.14 716.19 220.17 0.234696
4 723.78 242.85 732.83 257.78 0.129463
4 634.38 286.48 652.44 294.68 0.242473
4 738.09 225.30 746.67 235.35 0.217055
4 741.00 266.20 750.73 277.43 0.207143
4 547.47 280.08 570.25 290.65 0.175428
4 757.20 362.21 768.81 375.95 0.220464
4 751.41 302.24 763.08 315.19 0.219114
4 737.70 240.02 747.36 249.71 0.213658
6 78.85 323.21 130.38 355.89 0.129325
4 1185.68 244.78 1200.00 257.95 0.175016
4 720.05 274.26 732.38 288.72 0.200933
4 1100.14 387.03 1114.49 398.84 0.212193
3 798.18 523.02 817.47 554.04 0.177005
3 793.43 482.53 823.09 553.87 0.114508
4 1112.47 598.61 1159.37 620.50 0.220543
6 816.52 203.52 846.65 239.07 0.124194
1 779.13 582.85 791.56 602.20 0.180715
1 642.12 500.21 650.62 525.45 0.196669
4 1058.98 596.45 1102.30 622.92 0.191149
4 660.45 339.45 667.59 349.47 0.209544
4 742.26 368.78 756.09 386.20 0.195548
4 618.44 533.80 627.99 551.90 0.119026
4 441.14 422.17 467.61 441.48 0.100736
4 737.18 157.93 746.39 169.89 0.157114
1 1042.63 750.02 1053.76 770.32 0.163033
4 722.69 143.64 732.61 155.86 0.145515
4 696.96 191.80 704.03 202.06 0.185385
1 1146.87 724.32 1156.52 739.76 0.200680
4 975.64 97.79 1011.59 112.96 0.170504
6 817.53 178.91 845.88 200.05 0.134153
6 836.57 541.63 907.91 564.63 0.176840
4 1225.37 490.12 1251.97 505.42 0.148157
6 596.31 111.47 618.90 137.63 0.123889
4 750.82 219.28 762.04 231.37 0.121003
4 636.34 302.03 655.45 316.32 0.103247
6 406.36 106.40 461.95 129.95 0.104187
4 744.95 340.02 756.68 355.82 0.195416
4 940.62 267.58 962.58 287.13 0.083497
6 0.25 321.40 48.75 353.08 0.151874
4 887.24 162.66 908.94 173.81 0.117735
4 816.37 130.28 833.23 141.99 0.100920
4 695.29 135.17 716.87 148.23 0.105246
4 737.41 284.45 747.65 298.71 0.177065
4 737.94 203.94 748.35 219.51 0.152989
1 1058.39 744.01 1065.80 758.96 0.081469
3 637.01 410.97 658.27 434.91 0.126115
4 755.63 321.19 764.64 333.59 0.171990
4 723.01 261.21 733.53 273.15 0.168405
4 754.73 240.58 764.07 250.08 0.141885
6 1056.34 255.71 1088.07 273.13 0.089400
4 700.92 745.38 724.56 769.32 0.095243
6 547.72 113.64 618.60 143.86 0.105843
4 753.77 290.55 764.03 300.70 0.143723
2 798.46 525.46 808.54 554.42 0.081727
4 734.10 326.69 754.99 337.50 0.085062
6 793.79 194.35 817.43 223.05 0.101052
2 1038.06 712.60 1054.86 731.28 0.106359
4 708.94 184.25 719.22 192.14 0.148206
4 677.20 337.72 685.11 349.84 0.140194
4 624.65 393.34 634.70 405.38 0.105868
1 1114.76 625.52 1122.87 638.61 0.129462
4 1051.45 345.28 1065.53 357.45 0.133507
4 736.06 192.92 746.85 203.21 0.111688
1 1168.50 665.16 1178.27 679.83 0.145077
4 737.28 124.45 749.18 132.88 0.100229
6 574.39 116.40 600.06 135.03 0.081543
4 278.84 103.83 298.02 114.01 0.087871
4 714.18 277.67 722.66 288.59 0.100925
4 1167.75 592.18 1205.92 610.38 0.118919
6 22.75 222.05 56.33 240.00 0.084372
6 997.30 578.71 1103.34 629.52 0.089755
4 612.00 163.72 624.60 176.50 0.104331
6 267.61 269.46 301.17 292.60 0.087523
4 780.16 226.45 792.07 237.61 0.102723
1 561.89 572.04 573.80 594.64 0.102229
1 1234.60 774.65 1245.17 787.64 0.152900
4 730.42 119.72 750.23 132.93 0.083782
5 1052.26 579.54 1102.31 626.67 0.116301
4 1028.88 363.85 1054.42 378.86 0.093579
4 394.78 266.16 405.85 275.06 0.111596
6 803.28 195.03 816.94 209.60 0.093096
4 771.74 361.41 781.91 375.45 0.094106
4 344.12 275.04 362.10 290.51 0.088973
1 1046.15 715.59 1055.19 730.60 0.136744
4 648.76 367.02 660.33 389.02 0.086455
3 1085.71 364.65 1104.85 387.58 0.096828
4 942.52 275.78 951.45 286.46 0.124337
4 971.87 264.56 993.26 278.02 0.085169
2 1031.72 631.34 1190.34 776.10 0.080791
6 1276.84 208.79 1318.71 233.23 0.080153
4 469.81 192.39 481.53 203.09 0.084061
4 773.25 240.56 785.61 250.67 0.097416
4 403.19 245.03 425.89 255.31 0.081317
4 875.19 309.10 886.72 320.05 0.117318
6 4.42 321.91 131.32 379.84 0.086047
6 967.25 98.13 1012.20 125.32 0.084362
2 1037.18 716.05 1158.23 771.94 0.084212
4 660.57 365.15 670.37 382.05 0.091494
2 1176.86 697.63 1187.44 723.95 0.082523
6 13.78 248.24 64.56 269.53 0.089401
9 470.89 287.00 502.26 300.07 0.083285
6 25.76 346.01 83.05 375.02 0.081528
1 1059.14 743.61 1071.47 767.81 0.131722
4 651.44 366.31 659.37 375.89 0.083044
2 677.58 533.29 684.01 551.22 0.093385
4 1060.05 607.77 1087.09 627.51 0.081330
4 649.91 286.81 658.06 294.72 0.102284
1 1037.87 713.10 1045.30 727.28 0.129560
4 753.24 266.79 761.35 278.61 0.087760
4 1041.84 366.25 1054.39 376.55 0.081489
3 989.30 545.69 1011.47 564.50 0.080558
4 950.85 446.43 965.47 457.71 0.112958
