4 801.15 261.39 875.46 297.05 0.415459
4 280.20 241.68 387.77 296.68 0.470441
4 269.52 660.96 353.34 733.47 0.354499
4 510.07 753.09 578.10 787.32 0.367839
4 1300.07 628.45 1373.23 667.11 0.339535
4 180.93 621.49 226.31 670.47 0.359177
4 854.08 140.68 945.78 185.88 0.417867
4 690.19 464.98 729.04 549.64 0.378347
4 104.31 641.90 160.63 709.26 0.333899
4 456.96 469.26 495.98 525.85 0.336645
4 399.12 729.05 502.00 787.43 0.317462
4 309.22 409.76 352.07 467.35 0.340003
4 350.26 659.88 441.74 737.48 0.303924
4 1213.83 616.33 1298.49 658.28 0.341003
4 50.09 664.81 120.98 746.80 0.326477
4 126.41 701.37 212.87 774.67 0.331924
4 14.07 701.36 76.86 776.55 0.316954
4 949.49 525.05 983.02 584.16 0.297634
4 1078.91 604.01 1163.83 648.76 0.323774
4 383.14 415.11 424.30 477.52 0.323518
4 415.95 408.46 459.38 482.18 0.316616
4 261.63 427.74 312.78 501.44 0.288701
4 224.96 762.43 285.20 787.50 0.290753
4 386.38 687.68 482.94 762.32 0.327421
4 212.57 637.69 307.60 712.03 0.301745
4 502.15 458.09 541.06 526.32 0.330098
4 877.06 524.25 911.70 598.42 0.296087
4 1203.82 533.98 1240.22 608.47 0.254792
4 319.06 739.37 394.59 787.45 0.317240
4 1237.35 539.78 1277.59 609.11 0.282257
4 1346.48 246.80 1399.12 275.28 0.356399
4 156.64 712.25 273.27 787.68 0.269318
4 988.05 507.62 1023.39 581.93 0.253300
4 1064.52 523.70 1099.60 597.01 0.247001
4 468.93 459.75 498.96 481.58 0.213793
4 1028.12 512.98 1061.27 584.28 0.271923
4 1351.70 593.37 1385.78 631.91 0.233987
4 728.74 492.22 761.72 556.16 0.251436
4 1273.25 537.54 1313.19 616.80 0.251713
4 0.17 753.39 42.82 787.02 0.240371
4 1110.59 532.44 1150.92 611.56 0.228925
4 730.12 530.39 754.38 555.55 0.098092
4 1311.40 552.18 1349.98 624.92 0.246889
4 1154.30 536.63 1195.65 608.55 0.231363
3 1212.93 283.30 1267.98 305.88 0.188559
4 281.56 419.60 318.92 446.44 0.205435
4 393.68 415.01 424.01 436.86 0.129381
4 833.88 521.22 868.82 595.41 0.195426
4 760.16 499.71 804.70 584.31 0.199178
4 1237.15 539.67 1272.09 566.24 0.085060
4 918.55 516.62 947.57 569.34 0.143436
6 853.79 105.91 946.50 185.91 0.097301
5 918.21 144.93 945.54 185.62 0.084557
4 1213.05 284.21 1238.09 300.70 0.120174
4 1347.29 306.27 1373.41 323.38 0.111280
4 3.08 620.21 580.02 787.09 0.110979
4 212.23 374.33 235.96 390.91 0.085900
4 22.74 324.81 61.64 359.00 0.107226
4 1200.18 530.05 1377.47 667.91 0.080626
4 875.80 371.85 914.95 401.00 0.096141
2 258.26 395.51 1385.24 673.44 0.091467
4 1382.23 611.56 1399.64 672.93 0.221252
4 261.44 460.65 296.86 501.22 0.140400
4 415.69 446.84 448.38 482.07 0.092180
4 1024.53 439.08 1060.43 489.30 0.087060
