4 855.82 472.89 909.20 495.71 0.313431
4 1042.49 482.82 1089.68 505.07 0.294738
4 833.35 472.40 909.60 532.82 0.286006
4 834.01 503.83 883.26 532.14 0.311649
5 0.38 593.64 83.24 631.74 0.336459
4 175.03 606.06 222.89 633.28 0.280387
1 1315.24 716.22 1343.81 774.61 0.220248
4 1068.18 520.01 1126.44 542.98 0.175934
4 1279.45 727.67 1310.62 786.24 0.160607
1 587.58 526.97 598.78 547.35 0.170792
10 1070.79 608.17 1129.56 642.09 0.200942
4 1354.71 676.80 1396.23 760.29 0.143629
4 1325.24 283.40 1340.97 292.66 0.148254
4 1278.19 675.68 1398.11 786.77 0.144439
4 962.30 481.23 1014.19 504.77 0.185213
4 1017.00 520.40 1034.36 542.12 0.109436
1 862.60 505.33 873.71 530.86 0.110941
4 611.58 499.07 659.50 511.12 0.096656
1 866.27 507.34 882.94 531.14 0.103478
4 162.36 509.10 185.43 522.47 0.098235
4 193.57 407.74 242.25 417.14 0.091640
4 978.26 517.59 1034.63 542.47 0.122982
4 987.64 448.29 1010.14 457.49 0.108817
4 994.06 482.35 1014.34 504.31 0.083499
4 1007.69 598.47 1077.59 632.26 0.099949
4 961.37 448.51 1009.97 458.90 0.085159
6 1368.93 1.93 1399.69 391.58 0.082034
4 1375.14 370.95 1399.43 389.42 0.119803
