1 960.32 265.58 1004.20 300.83 0.237494
1 722.89 137.68 919.35 406.77 0.245848
1 952.61 110.89 998.17 154.46 0.221466
2 3.32 2.49 1395.55 1045.84 0.164461
2 855.28 406.94 913.43 447.35 0.173885
1 59.15 770.19 131.56 859.03 0.208100
1 175.46 774.23 231.31 943.87 0.189306
2 969.95 580.66 1026.25 609.66 0.152943
1 961.21 436.35 1009.80 467.54 0.188195
2 0.53 765.84 232.27 944.92 0.112892
2 821.22 451.72 906.58 508.38 0.110299
2 8.63 0.27 220.92 257.46 0.142716
2 968.83 580.06 1148.14 677.60 0.099631
2 1153.67 5.53 1397.39 1044.80 0.145136
2 1182.26 103.68 1226.82 148.80 0.145808
2 1156.58 161.33 1206.58 201.71 0.134668
2 848.33 447.38 869.40 467.90 0.096758
2 983.87 826.97 1154.64 956.94 0.091818
2 778.71 440.74 792.85 459.89 0.101660
2 0.32 771.37 28.15 939.22 0.127090
2 1182.20 234.77 1234.36 272.56 0.116671
2 952.25 110.50 1110.35 157.75 0.083263
2 1309.37 499.88 1361.18 529.82 0.084610
2 1160.59 43.87 1211.20 93.49 0.089792
2 1201.25 286.96 1247.90 323.91 0.113235
2 1169.40 436.32 1224.95 466.70 0.086884
2 1273.98 0.00 1316.86 37.34 0.093355
1 855.13 406.71 913.52 447.43 0.108289
2 1275.34 40.61 1320.90 86.86 0.096299
2 855.32 475.55 905.22 505.94 0.085052
2 1292.12 162.23 1338.99 203.27 0.112753
2 1190.72 386.95 1230.15 417.70 0.083180
1 8.47 0.00 220.99 258.73 0.086295
2 1293.72 103.13 1341.63 147.02 0.096641
2 1301.72 304.06 1335.01 333.81 0.080398
2 1300.26 238.36 1333.18 266.93 0.099327
10 721.28 103.49 960.57 410.59 0.101962
2 744.97 808.31 981.22 1048.01 0.085643
