4 1061.35 678.56 1116.55 705.72 0.510391
4 415.49 863.55 476.44 908.78 0.488418
4 448.87 830.70 501.60 868.52 0.460324
4 564.20 577.43 592.74 613.53 0.391874
4 707.26 771.39 733.37 813.58 0.459393
4 593.56 354.50 625.24 371.78 0.387975
4 779.47 513.42 797.98 548.38 0.423186
4 645.62 235.31 658.39 250.17 0.387309
4 512.96 502.49 556.28 523.50 0.396397
4 739.24 658.56 761.26 701.14 0.422654
4 868.03 71.68 879.65 87.28 0.336736
4 832.24 256.42 847.25 272.82 0.364089
4 826.00 287.71 838.10 302.97 0.402212
4 488.00 624.43 531.57 648.64 0.328231
4 945.20 219.18 970.29 233.45 0.323556
4 331.95 744.24 348.54 757.06 0.252331
4 1054.91 648.88 1107.81 674.80 0.365905
4 918.16 273.27 927.97 287.73 0.366354
4 931.95 106.05 946.46 122.22 0.262839
4 691.06 176.77 701.85 188.23 0.339033
4 1037.35 173.26 1060.12 185.80 0.275270
4 444.61 557.84 476.31 591.79 0.410903
4 809.82 338.33 825.57 357.85 0.395506
5 809.23 96.13 857.22 133.19 0.243963
6 705.31 66.40 811.62 110.83 0.311734
4 476.90 487.05 512.00 505.24 0.304756
1 104.14 697.51 130.75 731.24 0.284192
4 923.93 156.12 933.68 167.74 0.293197
4 997.16 334.71 1010.65 348.47 0.180530
4 996.43 335.31 1012.84 363.77 0.255377
4 759.66 33.30 777.17 44.06 0.261500
4 364.55 697.95 421.31 729.05 0.265168
4 924.55 83.06 935.69 97.88 0.236067
4 801.20 287.23 814.68 303.87 0.384635
4 705.23 160.02 715.89 170.68 0.301202
4 1216.67 704.65 1288.10 745.06 0.356604
4 778.54 188.71 800.82 225.03 0.229140
4 788.91 128.86 808.05 143.48 0.257526
4 753.61 126.80 772.21 140.96 0.235827
6 1162.04 779.89 1399.41 1010.95 0.253887
4 994.62 326.84 1011.49 342.99 0.152607
4 533.93 562.14 562.39 609.63 0.275845
4 493.39 608.29 541.72 631.05 0.271549
4 942.05 248.50 954.52 266.00 0.290527
2 1228.05 660.56 1268.36 683.99 0.251592
2 984.39 506.19 1018.52 538.08 0.215437
1 1044.30 549.70 1056.81 580.63 0.207345
5 1008.86 391.93 1057.35 440.77 0.198275
4 935.91 283.85 947.84 296.27 0.315802
4 918.21 245.11 926.33 254.65 0.266061
4 850.22 40.91 869.00 52.41 0.217777
4 931.28 53.56 945.42 66.73 0.194137
4 603.89 343.41 631.69 356.41 0.209084
4 948.76 156.69 962.38 170.18 0.195861
1 1044.16 503.69 1065.80 541.21 0.234903
4 1031.40 691.38 1047.55 707.26 0.129475
4 745.71 2.41 767.22 19.82 0.169392
6 615.89 103.73 732.54 191.43 0.186253
4 1284.14 414.37 1310.72 431.44 0.186305
1 234.79 987.91 279.33 1027.79 0.189606
4 525.11 453.08 547.04 468.20 0.190486
1 986.19 818.57 998.25 843.33 0.223658
4 1364.98 471.09 1380.73 482.44 0.162960
4 522.73 257.34 537.20 273.73 0.229708
4 1055.17 1004.90 1073.27 1020.39 0.130886
4 864.09 198.87 884.60 210.06 0.177166
4 923.85 53.00 934.86 65.08 0.183394
4 923.71 127.83 938.63 138.51 0.182207
4 308.76 366.83 327.94 382.89 0.173187
4 254.63 968.70 281.62 982.63 0.136023
4 805.88 9.15 846.32 36.16 0.169006
4 816.00 447.89 834.49 459.28 0.193058
4 606.62 779.81 621.76 795.57 0.128522
4 921.61 23.43 932.69 32.82 0.173353
4 581.14 752.81 597.06 781.48 0.171242
4 593.36 141.39 610.03 155.39 0.197232
6 514.32 200.58 639.86 350.72 0.196094
4 336.73 401.49 360.96 415.87 0.212349
9 739.50 72.91 810.36 111.36 0.089613
1 190.92 949.54 222.44 1000.00 0.126231
4 1319.44 917.61 1382.29 948.65 0.122035
4 160.22 378.98 181.62 390.78 0.172340
1 187.24 720.21 201.24 742.64 0.195064
2 1066.39 543.43 1099.01 575.27 0.165624
3 239.59 1007.31 271.22 1029.20 0.129584
4 941.18 71.97 962.23 92.95 0.143221
4 809.95 142.84 820.85 161.20 0.231259
4 953.22 250.70 969.71 265.03 0.231742
4 852.38 34.46 876.07 49.14 0.124779
4 827.87 83.75 841.12 95.05 0.166289
4 1023.86 241.66 1059.91 279.80 0.093839
6 1043.41 57.02 1110.36 152.63 0.133964
4 841.71 586.03 853.79 597.39 0.141819
4 995.81 80.36 1011.74 96.70 0.138553
4 1031.08 243.53 1054.97 261.09 0.124801
3 447.36 600.02 468.58 626.13 0.148731
6 965.90 408.01 1002.04 495.91 0.108930
4 1190.08 595.48 1230.09 615.66 0.189497
4 1007.88 236.04 1023.32 251.14 0.210144
4 338.71 338.61 357.82 350.38 0.159918
4 251.79 278.42 317.50 312.07 0.137118
4 964.50 154.01 979.58 163.42 0.202734
4 882.41 26.78 892.45 38.68 0.170171
4 771.55 24.76 787.96 38.31 0.139474
1 1035.27 330.38 1050.92 367.53 0.139237
4 534.46 590.30 551.11 609.20 0.116670
4 1040.75 202.13 1085.61 217.44 0.129525
5 26.17 676.24 113.65 727.56 0.104934
4 978.40 151.00 990.90 161.35 0.130470
4 30.64 774.21 94.05 808.17 0.186408
4 581.20 841.15 600.60 865.52 0.152712
4 751.86 103.22 769.20 115.64 0.142451
4 983.29 95.57 995.77 107.83 0.153453
4 1014.94 84.06 1028.58 96.19 0.136092
6 1311.03 311.36 1399.29 370.29 0.107714
4 917.90 177.69 924.79 187.44 0.150892
4 331.71 390.11 346.33 400.43 0.116875
4 922.47 136.72 939.90 151.26 0.111686
4 747.12 20.16 770.24 31.64 0.104630
3 1034.21 349.65 1052.76 368.12 0.126467
4 833.56 31.06 846.47 42.47 0.140425
4 643.03 186.79 659.43 200.93 0.161963
4 295.02 490.99 322.94 511.35 0.105876
6 1072.99 174.01 1093.80 199.73 0.089737
2 1000.57 471.36 1016.55 494.65 0.166633
4 977.36 54.37 995.81 76.42 0.091577
4 1279.68 121.68 1306.25 138.18 0.141532
4 1037.62 126.50 1050.75 138.91 0.147582
6 965.21 234.71 977.51 262.44 0.111727
4 237.35 195.62 254.17 208.92 0.099287
4 881.91 11.71 893.84 26.01 0.111023
4 303.01 396.54 326.47 411.71 0.152815
4 1035.23 228.18 1056.52 240.69 0.161787
4 933.45 300.13 945.83 313.16 0.165612
4 551.25 920.18 571.45 941.42 0.105970
6 424.91 489.75 472.56 554.22 0.087880
4 451.25 163.56 466.91 180.56 0.131715
4 295.52 783.47 323.34 816.24 0.135146
4 1183.99 574.44 1234.63 614.33 0.113353
4 943.94 130.31 958.42 139.03 0.152079
4 280.72 425.19 297.06 437.25 0.117766
4 1055.52 315.12 1078.52 345.89 0.176249
4 1045.04 148.86 1056.90 159.71 0.122171
4 1006.55 323.07 1019.66 336.18 0.187989
4 288.15 285.65 317.45 311.30 0.102933
4 1175.64 312.92 1198.49 329.29 0.116701
1 191.93 916.89 208.09 944.18 0.146660
4 1312.64 460.76 1339.59 476.96 0.125061
4 1027.24 90.32 1050.33 105.17 0.091023
4 1061.67 180.86 1075.14 192.70 0.136227
1 1043.52 509.17 1055.03 535.39 0.144771
4 859.98 32.52 878.31 42.75 0.097842
4 982.87 583.16 997.29 594.92 0.099789
4 1182.17 137.47 1196.15 150.03 0.134884
4 842.64 60.20 862.86 75.28 0.113690
4 1065.44 206.49 1084.51 216.79 0.173562
4 969.89 91.29 984.09 105.03 0.114059
9 1244.23 68.32 1345.97 137.00 0.085159
3 986.56 471.46 1016.45 498.99 0.146184
4 252.89 833.77 276.20 863.88 0.099278
5 979.56 78.55 1013.86 97.84 0.155507
4 241.72 770.03 258.85 785.48 0.114225
6 1266.53 45.08 1320.08 71.81 0.094424
4 693.38 104.09 705.07 115.65 0.125662
4 817.85 5.67 847.80 21.16 0.083735
4 1000.16 350.16 1013.23 366.88 0.099972
4 516.06 1009.49 538.35 1035.26 0.098510
4 844.68 18.33 857.10 30.71 0.105222
4 720.07 103.86 731.82 125.68 0.104140
4 1133.16 554.23 1151.53 570.89 0.104463
4 976.73 88.20 990.44 102.84 0.115496
4 764.23 122.76 775.45 133.12 0.153846
4 932.96 283.08 948.93 312.97 0.126403
4 297.36 506.75 356.04 530.48 0.126260
4 1048.79 205.06 1061.87 215.53 0.219651
4 1298.08 945.19 1348.24 969.21 0.087704
2 1273.95 848.69 1307.15 882.58 0.096210
4 738.30 93.23 772.14 115.52 0.113922
4 945.93 67.80 962.03 80.21 0.086937
4 404.73 222.33 427.24 239.78 0.091321
4 793.47 243.66 807.24 254.04 0.093609
3 1006.35 519.92 1019.66 538.68 0.080994
4 628.76 184.65 660.30 205.41 0.091817
3 985.72 373.95 1001.00 393.56 0.103689
4 1325.60 497.35 1345.72 510.66 0.092449
4 738.07 94.96 752.49 111.85 0.105215
4 218.87 330.44 249.98 346.07 0.086122
4 941.86 246.27 972.53 267.00 0.111844
4 400.10 319.38 436.98 348.92 0.087482
4 1377.14 505.36 1398.16 524.36 0.082207
4 1325.74 497.88 1374.31 516.32 0.085930
1 188.68 916.75 209.21 979.86 0.098573
4 1367.92 987.19 1399.30 1010.98 0.083795
4 375.07 552.64 392.74 568.69 0.086663
4 1017.40 214.94 1027.22 227.97 0.099140
3 1230.12 630.64 1256.54 650.00 0.124482
9 1018.49 89.70 1050.74 114.61 0.085252
4 1182.35 135.68 1219.79 152.02 0.085675
3 616.25 233.27 632.67 258.59 0.093593
4 762.63 245.83 773.12 259.81 0.098912
4 807.61 122.14 819.61 134.80 0.149954
3 1152.00 674.86 1179.33 702.46 0.119827
1 258.91 993.88 279.40 1022.21 0.139837
2 1054.22 637.57 1090.62 670.84 0.090432
2 550.00 364.77 560.62 389.72 0.126795
4 804.05 37.41 825.56 48.97 0.112263
4 993.34 209.94 1007.13 220.84 0.086339
4 627.47 193.94 642.94 207.55 0.174990
2 1053.76 527.73 1064.81 545.13 0.102023
4 1027.83 265.65 1063.29 288.97 0.082333
3 1083.59 545.86 1099.59 575.85 0.084041
4 1312.10 265.77 1342.94 284.76 0.099223
4 387.89 288.86 412.22 306.63 0.120226
9 705.33 29.96 838.80 111.99 0.124240
4 984.62 506.35 1014.99 522.17 0.158953
3 1228.11 661.03 1250.69 683.74 0.143487
4 1319.92 317.01 1356.30 347.50 0.096880
4 131.08 375.48 152.15 387.12 0.084608
3 703.24 440.55 724.35 467.22 0.104549
4 1017.99 107.39 1028.81 116.26 0.088666
6 630.55 140.79 699.57 191.12 0.104883
4 808.99 118.20 835.05 135.88 0.108738
4 779.94 204.65 794.05 223.29 0.111240
4 951.06 38.77 967.25 52.38 0.081620
1 880.66 457.77 891.85 473.57 0.164414
4 792.89 97.69 813.09 114.64 0.086950
2 1234.20 617.86 1255.00 648.13 0.119960
4 1101.68 334.46 1116.64 351.95 0.101855
4 533.96 71.20 546.58 78.12 0.095887
4 580.46 216.80 615.15 237.68 0.090827
6 174.83 589.73 251.24 642.76 0.113753
2 1042.04 501.55 1094.73 581.89 0.105828
4 381.84 669.64 401.74 685.09 0.080627
4 1032.88 9.62 1050.10 24.11 0.085794
4 963.26 25.90 981.04 42.42 0.088082
1 206.14 948.91 221.46 972.87 0.101953
4 1040.35 455.68 1055.11 480.06 0.083884
2 234.01 968.86 283.08 1029.01 0.080306
4 634.69 156.64 649.18 168.99 0.095212
4 962.96 105.39 974.73 119.19 0.104283
9 922.18 150.60 955.54 171.12 0.109528
9 1037.27 196.64 1087.56 217.95 0.088396
4 387.84 496.83 406.39 516.57 0.080273
2 1066.30 539.66 1079.61 568.54 0.104765
2 1228.22 619.74 1268.11 683.08 0.085171
4 297.94 296.36 316.87 311.10 0.086897
4 581.61 42.81 597.20 55.05 0.084025
4 883.17 215.93 892.93 225.60 0.084365
6 638.12 0.00 681.00 10.81 0.121793
4 374.64 537.56 398.05 568.33 0.089184
4 303.99 735.77 322.88 760.07 0.086147
