4 822.91 234.82 836.97 251.67 0.474552
4 815.07 454.69 838.76 493.74 0.426292
4 835.76 379.10 855.36 406.11 0.489279
4 697.48 288.17 712.82 306.62 0.450304
4 808.68 332.50 827.05 357.61 0.431512
4 210.40 755.79 328.77 787.34 0.366357
4 728.19 236.12 741.79 252.74 0.382756
4 709.38 230.85 723.11 248.72 0.328068
4 766.45 222.61 782.40 241.11 0.329401
4 752.95 141.95 762.24 152.06 0.303720
4 745.79 155.07 756.48 165.69 0.316371
4 751.82 121.67 762.48 133.04 0.275406
4 845.55 279.42 866.44 304.40 0.442102
1 972.51 700.82 983.19 723.27 0.274161
4 780.89 347.86 795.40 368.18 0.314711
2 964.04 602.61 977.76 626.37 0.218844
9 807.01 98.61 819.20 118.30 0.222744
6 377.66 602.27 520.40 689.65 0.201366
1 64.97 726.81 84.53 763.31 0.212687
3 948.50 605.67 969.13 630.06 0.224487
1 593.87 485.15 602.24 503.83 0.227948
4 756.37 108.57 764.12 117.84 0.262327
4 846.40 279.25 860.19 292.90 0.104094
6 806.67 98.50 820.02 125.00 0.259246
4 807.75 116.94 820.25 129.58 0.212822
1 582.47 483.40 591.52 503.88 0.206643
4 1062.51 472.70 1083.84 497.99 0.194423
5 765.76 222.33 782.94 251.41 0.179493
1 465.24 684.55 478.17 733.06 0.152344
1 761.95 730.72 773.03 762.01 0.213060
4 959.11 189.98 975.66 204.84 0.206330
4 1039.79 474.22 1062.14 502.15 0.247688
4 760.98 518.72 778.09 541.54 0.273319
1 362.74 749.59 378.15 780.10 0.179875
4 713.73 313.17 721.34 325.73 0.190081
4 808.63 146.53 819.36 158.50 0.240208
6 962.47 159.46 990.33 181.02 0.171812
1 595.42 640.40 606.96 664.86 0.170771
6 838.70 108.98 869.79 147.42 0.168525
4 883.00 284.66 910.36 311.93 0.137351
3 768.23 237.70 780.61 252.50 0.163553
1 937.19 629.99 948.57 647.14 0.117325
4 785.97 57.03 795.39 65.24 0.161522
4 640.76 389.32 654.96 409.99 0.210675
4 469.03 593.09 492.16 610.29 0.129398
1 72.10 742.52 81.97 763.27 0.191396
4 774.07 86.75 783.38 96.01 0.160880
9 806.80 116.20 821.07 160.61 0.112768
4 949.10 188.87 962.83 204.09 0.210730
4 812.54 160.30 826.21 179.61 0.152350
2 697.95 155.83 735.22 172.91 0.132127
6 555.84 629.68 594.35 673.68 0.107486
4 900.83 112.02 918.60 129.78 0.130134
4 777.11 584.82 802.16 620.40 0.153071
3 359.29 764.40 381.39 782.00 0.117903
4 689.73 225.67 701.17 243.83 0.195956
1 966.52 593.00 980.63 623.16 0.158535
4 808.73 130.93 818.81 141.07 0.139754
2 949.05 593.36 980.70 629.29 0.228038
1 621.28 380.21 630.50 402.61 0.137989
1 939.72 653.90 950.00 670.70 0.141126
4 709.40 702.23 718.23 715.10 0.105976
4 631.53 387.74 654.25 438.87 0.098532
9 650.35 340.48 666.93 360.06 0.080516
4 652.63 237.91 665.59 249.25 0.107356
1 796.66 548.36 804.92 563.02 0.100442
4 634.35 424.10 644.53 439.07 0.115288
4 783.54 122.01 790.31 130.64 0.156348
4 782.21 109.10 790.16 117.54 0.170942
2 582.88 482.54 602.12 505.01 0.168079
4 649.99 340.51 667.60 370.86 0.166329
1 468.45 654.69 480.30 676.04 0.155015
2 930.23 506.88 951.29 532.32 0.128250
9 784.38 44.14 798.60 65.41 0.086983
9 927.65 132.86 966.50 149.03 0.105475
1 746.55 697.25 759.61 715.26 0.110903
1 949.02 607.19 963.05 628.29 0.174427
4 847.62 58.06 856.53 67.08 0.107162
9 601.38 549.66 629.63 571.87 0.083661
3 678.45 265.38 688.73 281.84 0.116163
4 759.77 626.61 777.18 640.01 0.090922
2 967.28 224.64 974.28 235.86 0.113327
2 720.20 156.08 732.77 171.92 0.116914
4 666.22 341.42 679.13 357.51 0.146541
4 973.64 165.30 989.24 180.63 0.123308
4 670.49 175.65 681.58 185.04 0.136107
9 808.29 131.42 819.58 147.12 0.141287
6 855.39 141.52 925.32 190.13 0.101528
4 799.55 45.01 809.43 53.20 0.110935
6 631.58 368.69 665.03 439.65 0.084098
4 686.52 355.88 694.76 372.48 0.097088
4 786.62 268.79 795.57 282.35 0.094900
4 777.99 599.71 793.86 619.64 0.093099
4 772.66 654.37 791.16 669.51 0.087238
2 741.78 697.20 793.94 777.55 0.099061
4 771.86 410.41 793.43 442.39 0.091926
1 1324.31 231.11 1342.57 253.18 0.124556
2 349.79 29.52 373.73 64.76 0.088077
6 598.84 449.21 647.14 573.85 0.082615
3 742.42 425.92 773.01 444.47 0.090176
6 934.80 160.27 955.69 179.32 0.093319
4 784.77 257.08 798.15 283.55 0.086073
4 652.46 357.92 665.67 372.02 0.104277
6 696.58 152.82 717.01 169.81 0.095836
9 713.77 64.55 733.95 76.63 0.094226
1 595.53 409.63 602.40 428.69 0.130465
1 1051.41 641.99 1061.35 654.39 0.115938
1 1325.66 155.30 1349.20 197.12 0.098563
6 767.69 11.87 798.49 24.34 0.101616
4 961.18 187.49 980.41 199.25 0.101902
6 4.57 601.42 520.97 747.25 0.129920
1 101.50 750.32 109.64 765.24 0.113659
4 741.48 311.85 749.73 326.57 0.091228
6 770.91 366.23 802.80 442.35 0.117704
1 941.86 515.16 951.20 532.13 0.112201
4 837.63 27.19 850.06 33.91 0.085312
3 598.90 565.47 608.13 582.56 0.080446
2 1177.97 575.30 1205.60 592.11 0.118605
1 742.59 709.89 754.15 733.93 0.095275
2 362.38 33.41 374.87 63.75 0.080087
1 350.00 30.18 364.42 64.54 0.093525
4 718.90 645.87 726.34 664.07 0.091144
1 380.09 132.49 395.01 163.44 0.091439
4 844.10 156.33 857.13 172.88 0.099147
3 620.60 386.35 630.48 403.21 0.112065
2 835.74 88.84 854.89 109.85 0.093324
2 383.53 603.84 405.56 632.51 0.085614
3 336.42 750.03 381.93 784.27 0.087324
1 1048.74 641.64 1063.81 671.85 0.101667
4 908.73 329.18 918.88 341.48 0.080691
4 770.91 311.73 781.54 325.66 0.096195
4 891.28 296.57 910.16 310.97 0.144598
4 923.70 177.59 935.44 186.77 0.103052
2 1178.04 576.87 1190.23 590.95 0.098719
4 823.64 116.22 832.47 124.64 0.096187
1 780.91 708.44 792.61 732.99 0.089508
1 69.49 727.04 82.87 744.02 0.097589
1 411.26 437.84 421.23 454.59 0.089662
1 479.10 719.09 493.36 758.23 0.092738
4 813.33 48.97 822.48 56.20 0.098642
1 465.00 671.28 473.25 686.12 0.085530
1 479.43 719.92 492.05 737.27 0.086733
4 838.40 99.14 853.18 110.03 0.087320
4 872.49 130.04 884.23 140.83 0.086960
1 893.67 532.22 901.57 545.85 0.111351
2 841.69 146.49 857.82 173.08 0.080036
3 688.97 614.79 777.92 640.61 0.082911
1 529.51 717.79 546.25 747.00 0.093447
1 210.94 737.58 226.55 758.94 0.085698
4 755.80 82.64 766.65 91.45 0.084492
9 933.14 158.20 990.50 182.47 0.107426
6 2.71 0.35 733.76 773.44 0.080801
6 892.00 107.08 919.04 130.53 0.095846
4 916.66 284.33 929.38 296.95 0.081046
7 770.76 240.84 805.06 442.80 0.087329
2 929.81 507.43 941.09 527.20 0.081796
