4 500.15 180.62 538.67 205.84 0.571247
4 609.14 271.22 657.30 302.30 0.561935
4 147.71 321.48 188.77 346.56 0.482724
4 306.71 88.35 326.33 104.23 0.440235
4 529.82 300.03 569.62 328.81 0.382769
4 55.57 345.66 104.76 404.51 0.316896
4 163.75 226.28 188.86 247.38 0.349894
4 592.17 678.01 624.02 708.54 0.303147
4 381.69 25.43 403.84 38.06 0.241411
10 225.26 292.23 558.50 656.17 0.236918
4 1263.65 224.29 1348.84 276.93 0.225438
4 1006.23 174.90 1033.32 191.22 0.296489
4 1148.91 251.89 1259.76 310.43 0.206606
1 440.96 353.59 453.13 371.89 0.215487
4 691.09 159.34 712.36 173.54 0.217097
6 247.69 56.88 328.56 94.71 0.204633
4 286.54 57.67 316.90 84.40 0.254492
4 238.13 132.41 266.70 156.72 0.242457
4 301.46 154.79 320.25 169.53 0.224540
4 282.57 173.11 304.22 196.68 0.231636
6 735.03 157.27 876.63 251.30 0.186372
5 1076.68 136.08 1122.33 160.08 0.177605
1 226.71 488.35 236.63 513.61 0.170522
4 239.03 214.28 273.69 244.59 0.239996
6 1147.94 223.49 1350.01 310.88 0.239300
4 516.85 301.27 534.05 314.38 0.139461
6 1096.08 223.13 1398.89 470.34 0.150872
4 248.29 72.75 286.46 93.42 0.172002
4 1065.69 314.14 1106.06 338.55 0.215258
4 1004.01 57.03 1036.65 74.73 0.142829
1 713.09 168.46 725.11 185.39 0.180300
4 901.72 68.12 937.35 83.12 0.130876
1 238.79 232.87 252.57 263.05 0.135621
4 343.91 245.14 366.91 267.34 0.203091
1 247.46 473.72 257.86 496.70 0.171955
6 209.30 104.27 266.68 161.42 0.134575
5 967.49 131.52 989.25 157.24 0.096872
4 352.30 106.50 374.43 125.41 0.209432
1 138.34 384.07 147.67 403.12 0.159001
6 710.90 104.11 784.27 138.93 0.170388
6 886.48 80.67 1004.21 160.19 0.095881
6 816.79 192.72 869.21 249.80 0.104895
4 1346.39 149.05 1366.65 168.06 0.157999
4 232.84 34.76 248.09 44.79 0.147508
6 1150.74 124.14 1194.55 152.48 0.151403
4 966.96 129.64 1009.67 158.01 0.102970
4 1041.97 55.96 1079.95 77.31 0.105784
1 108.34 368.53 134.63 411.86 0.144649
4 64.03 48.14 127.13 67.93 0.134351
4 435.30 33.91 455.20 48.57 0.107065
4 298.07 195.06 322.54 216.37 0.143856
1 534.84 132.96 544.16 151.41 0.159059
6 546.04 52.61 601.22 73.72 0.098067
4 1232.49 111.93 1253.00 129.93 0.122072
4 962.17 86.84 999.05 103.82 0.111635
1 560.93 482.42 573.10 501.39 0.128339
6 498.00 52.71 603.40 92.65 0.129583
4 860.85 183.28 876.60 199.57 0.129059
6 667.20 104.23 730.66 129.48 0.080157
4 325.66 214.32 352.24 245.22 0.111561
4 57.13 375.64 80.91 392.85 0.103657
1 221.34 657.91 237.29 705.36 0.084000
2 543.89 312.04 556.50 328.74 0.110259
4 1347.95 434.18 1377.15 460.07 0.146490
4 184.83 32.61 224.38 51.71 0.103256
4 988.21 132.37 1009.90 145.44 0.156886
4 152.54 255.78 173.90 279.87 0.161424
4 885.74 115.28 901.65 129.30 0.088378
6 604.22 98.87 699.91 143.95 0.083172
4 967.21 143.98 988.30 157.69 0.142726
1 484.28 402.23 494.03 413.11 0.084803
4 1183.77 201.70 1221.33 227.77 0.090093
4 246.31 287.83 271.57 305.17 0.112639
4 1283.92 129.94 1311.29 153.28 0.086899
1 263.60 475.72 271.80 495.51 0.151645
9 221.49 35.71 289.12 93.56 0.086689
4 898.78 118.72 923.19 131.64 0.209194
2 436.13 652.36 446.93 668.29 0.094507
4 870.05 78.45 888.68 90.12 0.105079
4 1211.69 140.72 1239.56 159.04 0.090683
3 704.98 171.50 727.53 186.71 0.149989
2 1028.21 250.51 1037.32 269.60 0.094286
4 419.36 243.23 444.10 267.31 0.108195
4 986.57 267.22 1001.24 276.82 0.084358
4 785.38 60.16 811.99 79.89 0.080924
5 99.53 341.53 134.69 375.97 0.099890
4 742.68 76.87 760.75 89.03 0.094230
4 210.44 218.10 230.81 238.95 0.147519
4 1346.65 148.51 1388.49 174.09 0.106204
6 1232.01 108.08 1278.38 130.94 0.081217
4 327.17 0.11 341.33 5.25 0.082025
4 105.27 49.88 127.32 67.63 0.118649
4 1254.64 110.41 1278.80 128.98 0.083071
6 821.26 67.84 883.10 94.87 0.097336
4 354.10 253.42 367.22 267.07 0.092298
6 1210.28 226.54 1269.95 265.82 0.090277
2 225.80 473.32 272.61 516.59 0.084313
4 150.34 243.84 165.37 256.61 0.082273
4 604.32 119.56 619.37 132.55 0.086737
6 286.49 57.63 328.46 86.02 0.116843
4 690.71 159.57 701.49 170.17 0.082556
