4 112.13 454.47 166.23 491.51 0.554534
4 996.71 620.15 1024.68 688.96 0.419069
4 947.55 543.63 976.77 610.18 0.373449
4 0.13 627.76 131.73 675.25 0.328554
4 613.21 45.49 652.11 84.45 0.310181
4 301.38 508.49 341.18 528.20 0.271231
4 279.20 491.50 298.92 504.48 0.260305
4 804.31 689.83 842.82 770.74 0.270296
4 639.02 330.77 678.03 395.22 0.237542
4 902.95 244.96 935.04 297.21 0.214047
4 688.98 571.07 746.28 681.33 0.209363
4 743.18 387.35 809.46 510.29 0.206417
4 231.49 642.41 243.38 655.80 0.186381
4 726.69 371.94 760.60 429.37 0.200179
4 0.31 586.94 209.79 787.44 0.198448
1 550.75 95.03 561.74 122.32 0.214114
4 448.60 276.52 468.89 289.78 0.175495
4 866.75 414.62 901.88 476.77 0.254371
1 287.21 695.91 302.82 748.17 0.206186
4 973.38 395.83 1003.96 451.22 0.218802
4 126.83 521.22 178.61 570.43 0.207722
4 683.55 298.76 725.29 360.00 0.161269
4 418.52 237.55 431.25 246.75 0.139750
4 551.76 235.10 563.49 251.58 0.128380
4 934.50 122.13 962.08 168.54 0.174371
4 506.07 72.81 516.56 87.13 0.155461
4 43.20 218.52 62.78 232.46 0.105075
1 263.18 669.32 303.23 749.08 0.227118
4 336.30 341.77 389.16 390.45 0.116103
4 1060.97 514.20 1071.71 523.96 0.116586
1 320.32 561.18 351.70 595.79 0.132230
1 956.58 30.21 981.63 70.60 0.163750
4 315.69 298.47 355.03 323.56 0.145415
6 471.22 180.60 493.60 206.15 0.125536
4 1155.45 721.34 1184.75 752.59 0.118483
4 375.62 519.36 386.79 536.50 0.113762
4 243.26 295.56 278.14 320.55 0.131904
4 1063.03 587.19 1077.30 597.89 0.086873
4 1089.07 723.11 1118.74 752.28 0.107944
4 643.08 611.94 689.77 704.60 0.209644
4 221.62 632.34 243.87 657.18 0.145464
4 331.50 566.09 352.37 595.70 0.093781
4 783.43 228.21 816.77 282.10 0.139591
4 280.05 425.77 308.36 463.20 0.123120
4 804.98 735.51 832.31 770.26 0.081657
4 613.66 66.46 636.53 84.36 0.107309
4 449.23 192.08 468.98 221.97 0.093607
4 322.87 260.00 353.27 283.24 0.101135
1 84.77 358.40 94.10 375.00 0.099196
5 0.35 627.10 136.46 786.11 0.083097
4 98.42 214.23 116.52 228.19 0.106648
4 867.42 453.27 891.77 476.31 0.099653
1 320.37 561.32 333.37 577.14 0.093195
9 335.27 328.30 390.34 390.67 0.087101
2 638.64 431.58 662.68 470.87 0.092459
1 201.99 290.63 217.87 318.53 0.108469
4 743.61 479.09 781.91 509.23 0.088404
4 335.95 361.32 352.38 390.16 0.121085
4 460.96 252.30 471.90 260.38 0.083705
4 1280.26 533.59 1326.26 561.08 0.126324
4 78.08 491.85 87.89 503.61 0.113435
4 767.72 742.18 778.91 753.52 0.084171
4 1172.29 593.32 1255.97 637.82 0.098273
4 767.03 703.66 788.87 754.09 0.117555
4 221.10 632.58 233.76 646.38 0.115446
4 115.16 336.56 138.13 349.28 0.080294
4 399.71 457.03 417.40 478.12 0.084309
4 236.73 366.14 268.29 392.15 0.086050
6 1048.74 0.60 1399.23 786.03 0.092381
1 180.33 301.03 189.59 322.83 0.094419
9 1373.67 523.26 1399.67 609.15 0.095365
4 1278.22 533.88 1327.91 597.11 0.084006
1 528.58 131.35 538.15 153.93 0.080622
9 718.46 294.68 758.80 363.56 0.087225
6 0.12 627.83 131.70 674.31 0.098794
