4 688.93 380.78 719.39 400.80 0.437837
4 625.98 365.29 658.00 383.78 0.392930
4 518.72 344.10 552.11 361.71 0.452033
4 773.49 402.08 811.61 425.68 0.426365
2 3.37 2.49 1395.25 785.96 0.171088
4 456.79 708.03 552.23 787.17 0.224368
4 1346.83 47.03 1366.65 68.26 0.220678
4 264.22 243.22 296.57 277.39 0.209254
4 1302.68 321.89 1333.67 353.13 0.166120
4 1358.41 68.36 1378.91 89.41 0.158554
4 1002.38 271.28 1031.62 301.67 0.135472
4 473.62 714.25 529.26 756.76 0.119320
4 881.05 452.40 913.68 475.38 0.160220
4 759.53 492.05 774.64 505.99 0.109039
4 179.00 33.21 207.61 49.20 0.103626
4 355.56 304.05 385.68 322.86 0.114418
4 751.38 356.06 759.37 364.10 0.085953
4 1306.50 234.73 1346.20 264.96 0.087320
4 996.07 517.28 1028.26 542.59 0.093179
4 1044.37 49.98 1072.76 72.35 0.090807
4 728.48 335.04 777.34 357.93 0.094558
4 541.88 741.33 567.89 784.10 0.102908
4 881.79 561.23 906.99 577.71 0.093183
4 795.19 237.09 815.67 256.92 0.085678
4 1381.76 121.32 1399.29 145.69 0.125687
4 1348.24 738.05 1379.70 775.26 0.080794
4 525.44 283.72 540.77 292.21 0.086612
4 652.56 305.97 691.26 325.49 0.084493
4 1345.26 38.15 1379.23 89.69 0.105069
4 287.66 308.08 317.23 324.61 0.154390
4 596.56 300.33 611.29 312.74 0.119961
4 275.76 481.55 307.85 499.94 0.111849
4 302.77 346.89 315.17 359.20 0.080194
4 264.59 461.74 290.46 475.53 0.091332
4 42.61 338.46 55.18 355.78 0.096536
4 1336.80 21.32 1352.98 39.84 0.109859
4 1382.92 87.95 1398.86 101.88 0.085298
4 1381.32 37.53 1399.50 65.16 0.099990
