4 1.03 447.96 100.71 485.00 0.533635
4 240.72 406.02 353.09 443.29 0.547335
4 848.68 598.52 985.05 686.96 0.433511
4 279.48 555.69 404.22 616.96 0.540677
4 523.89 694.71 684.97 805.29 0.466519
4 1261.29 972.95 1401.87 1060.80 0.431369
3 241.16 1234.94 305.61 1316.09 0.369449
4 1021.17 659.27 1177.48 780.78 0.424882
4 409.62 735.78 516.21 863.94 0.422913
4 969.56 623.69 1104.77 728.57 0.410029
4 613.69 699.03 789.89 802.38 0.454021
4 208.40 423.27 268.00 467.10 0.486550
4 1085.22 679.55 1249.42 823.87 0.401673
4 0.08 562.99 58.07 620.12 0.462349
3 847.15 691.98 906.09 754.22 0.368301
4 1021.05 575.88 1137.28 656.04 0.368160
4 459.82 367.00 566.27 413.23 0.468675
4 308.42 608.74 406.57 699.90 0.401904
5 306.46 279.53 470.10 353.79 0.559658
4 549.25 330.71 587.78 357.34 0.406695
2 536.33 1399.37 632.88 1499.29 0.315821
1 386.90 1358.61 464.17 1426.21 0.355812
4 1342.73 921.97 1470.03 981.49 0.329930
2 242.01 597.77 271.20 632.42 0.344492
4 215.75 463.95 286.27 516.96 0.433280
5 0.42 608.09 143.33 815.06 0.330794
3 1199.81 827.15 1272.36 888.87 0.268765
4 809.15 194.03 846.26 212.70 0.289054
2 537.01 1399.81 577.13 1468.35 0.353616
1 310.78 804.83 356.43 881.10 0.332499
1 1003.29 562.84 1027.68 624.36 0.315803
3 197.10 1135.27 305.83 1317.03 0.240476
1 564.81 1391.23 629.97 1485.74 0.346774
1 1282.32 622.82 1307.82 673.45 0.312795
1 811.11 1424.96 888.05 1499.58 0.368571
1 326.65 698.00 366.22 766.57 0.378396
1 251.61 824.08 296.13 911.10 0.328999
4 356.23 383.79 456.08 426.39 0.346812
1 214.96 658.91 255.41 730.27 0.286618
4 290.42 388.67 359.54 417.23 0.407115
1 674.62 624.85 698.67 675.84 0.321359
4 262.04 482.97 334.11 562.19 0.313595
1 183.43 642.89 224.69 721.79 0.301280
1 147.72 581.09 174.01 629.66 0.288291
1 506.31 829.60 537.27 900.58 0.299212
6 306.80 279.73 470.48 353.59 0.094299
5 399.55 432.27 544.60 522.96 0.288352
1 233.78 572.40 259.49 625.66 0.266165
4 22.60 554.13 75.90 587.06 0.267653
2 183.45 642.82 256.36 731.96 0.135511
3 98.66 724.46 150.91 788.06 0.186276
1 218.06 1078.63 277.39 1141.92 0.301613
3 564.53 1450.91 632.82 1499.61 0.239715
6 399.79 428.36 720.54 528.73 0.171818
1 70.15 769.49 106.09 829.88 0.252195
1 610.67 648.72 643.32 698.10 0.262818
4 0.14 719.11 104.79 816.19 0.338909
4 344.40 416.62 412.67 456.72 0.188399
2 247.88 796.71 357.18 912.28 0.209523
4 101.55 724.01 148.46 757.42 0.180263
1 222.64 769.09 257.86 834.02 0.254425
2 162.63 601.70 188.81 634.61 0.338890
5 462.35 430.63 720.66 535.79 0.218644
2 608.25 623.81 700.57 699.15 0.151881
1 1204.71 647.16 1226.37 680.33 0.253134
1 141.53 721.64 175.80 788.09 0.219271
3 529.70 616.70 564.01 668.02 0.223475
3 53.94 809.48 85.86 833.34 0.166364
6 1122.31 113.53 1348.52 175.95 0.140510
1 128.75 817.81 185.56 888.22 0.188812
3 236.47 591.67 261.74 629.70 0.122929
4 0.48 465.93 59.82 520.37 0.357377
1 1173.92 627.30 1192.17 674.69 0.273876
6 0.71 825.76 282.20 1498.14 0.212954
2 148.25 580.78 187.78 634.12 0.154551
6 323.48 104.75 420.82 160.01 0.133363
1 260.90 798.21 304.51 863.43 0.271283
2 1163.93 620.20 1310.16 691.13 0.148681
2 260.22 797.87 305.54 893.55 0.103639
1 171.34 888.38 223.83 938.29 0.213682
4 529.89 366.73 566.68 389.49 0.271950
3 484.38 612.98 554.43 673.22 0.125547
7 175.40 1049.02 305.88 1316.96 0.144652
3 425.24 1390.54 463.16 1422.58 0.117392
1 579.41 403.08 598.64 443.71 0.211725
1 1199.51 809.60 1238.91 863.04 0.181226
4 1301.58 942.40 1340.81 981.76 0.101748
7 166.80 867.33 244.82 966.40 0.218697
2 1160.58 656.11 1198.29 697.52 0.208582
2 531.82 587.63 587.51 669.61 0.094215
6 652.64 965.15 733.12 1052.34 0.171489
10 802.33 1262.95 830.62 1321.11 0.165248
3 519.13 873.71 537.10 900.29 0.109173
1 537.49 586.57 566.62 628.02 0.184530
4 318.32 412.50 356.61 439.02 0.234553
2 145.73 571.69 271.13 634.52 0.138906
4 139.54 700.75 227.58 814.05 0.170626
6 165.43 122.64 191.88 143.72 0.101003
4 166.04 747.21 230.68 813.07 0.125205
1 1159.63 653.53 1184.51 697.01 0.145692
3 961.41 635.41 1012.12 685.04 0.232032
6 364.02 126.30 418.36 159.91 0.096820
10 687.55 1003.83 732.63 1051.30 0.141065
3 645.47 531.77 686.69 595.67 0.141061
4 0.74 505.01 75.98 587.63 0.200511
2 528.97 586.23 702.60 700.21 0.109291
1 1860.04 1152.44 1999.52 1356.28 0.104237
2 1185.82 803.62 1272.62 889.31 0.150618
4 953.70 197.30 990.16 223.73 0.097279
4 1007.74 862.78 1067.70 904.40 0.106524
3 742.97 549.59 805.77 596.80 0.125417
3 743.04 566.53 773.51 595.43 0.104368
3 230.51 1110.26 282.36 1205.95 0.119339
10 1754.53 1399.28 1805.96 1448.55 0.122326
1 260.47 798.43 290.05 836.66 0.129469
4 68.51 701.04 146.68 783.09 0.177090
1 1741.00 777.64 1773.88 837.75 0.133590
1 1029.30 537.13 1043.21 571.11 0.101033
3 1280.78 642.84 1306.24 674.11 0.154568
9 1136.20 115.96 1317.76 155.99 0.138982
10 1253.58 950.64 1300.07 993.30 0.088884
4 1231.84 388.73 1292.61 428.77 0.108445
3 147.69 851.21 191.27 893.92 0.102866
2 144.83 570.47 391.47 914.19 0.135645
3 235.26 814.65 260.88 835.63 0.085049
6 0.20 607.24 222.37 818.84 0.186538
1 535.87 659.65 563.53 716.77 0.153439
4 125.36 272.67 149.99 290.65 0.100229
10 537.13 1399.65 555.78 1423.81 0.094097
1 128.89 819.12 157.29 860.37 0.080125
5 966.78 571.59 1279.99 828.58 0.080216
10 442.48 1393.30 463.89 1419.16 0.098061
2 145.09 573.19 270.16 733.17 0.107472
4 99.87 715.37 202.58 771.39 0.136427
4 151.92 700.33 207.17 755.18 0.087668
3 1631.92 775.14 1705.99 823.56 0.112730
3 83.53 617.67 110.81 644.90 0.087949
1 260.65 643.47 279.43 674.64 0.085855
2 621.65 646.70 641.46 674.61 0.090166
3 1629.72 775.29 1659.17 800.86 0.097527
4 584.76 158.18 608.66 177.39 0.081281
6 0.18 463.09 76.75 588.05 0.144870
4 2.18 687.13 74.01 728.83 0.114098
1 1412.58 902.11 1438.38 927.32 0.126627
3 405.04 661.74 474.00 715.48 0.112398
2 277.53 827.10 303.08 895.66 0.096224
3 231.52 1099.84 263.35 1143.45 0.116435
4 215.71 469.21 243.45 508.05 0.107917
5 69.04 700.28 144.65 742.30 0.126948
1 1094.51 625.08 1109.92 658.44 0.123289
6 134.34 124.95 156.62 144.75 0.089345
3 87.26 746.92 112.97 783.76 0.083725
2 533.46 586.87 557.30 634.75 0.131136
4 599.64 303.19 644.04 328.78 0.080231
6 62.32 125.74 87.10 147.28 0.080267
3 830.92 1474.33 887.82 1499.93 0.160223
3 544.00 681.20 562.64 716.60 0.084985
4 0.08 758.49 18.57 814.60 0.090559
4 504.75 487.95 588.57 529.36 0.103050
2 1172.38 626.46 1226.98 685.61 0.118434
2 216.14 763.15 235.05 800.81 0.080787
4 1194.40 672.62 1257.30 700.33 0.093385
2 1161.02 654.31 1179.02 677.42 0.093442
10 214.41 1205.74 279.65 1268.83 0.083913
3 1007.73 592.53 1029.23 627.07 0.132750
3 677.61 646.03 697.19 677.04 0.208974
3 647.43 559.93 673.00 593.05 0.112580
2 441.28 412.19 458.05 437.77 0.098777
3 151.47 597.28 171.67 628.76 0.126456
3 254.04 602.46 271.75 631.39 0.102842
4 29.61 477.31 59.26 518.61 0.093114
3 1014.47 597.34 1040.53 632.76 0.119659
3 611.80 671.52 641.23 698.27 0.136468
3 531.70 613.08 555.50 645.00 0.107249
10 1754.18 1362.53 1831.50 1448.94 0.099172
4 314.88 514.46 336.40 555.82 0.103360
