4 684.31 312.07 714.67 352.31 0.461954
4 762.36 410.15 793.84 452.01 0.456758
4 679.67 582.27 716.85 643.24 0.450259
2 679.49 582.38 716.61 643.31 0.086346
4 662.67 344.79 713.27 480.01 0.329446
4 632.69 157.92 663.39 186.87 0.329252
4 652.58 682.70 684.15 711.22 0.316733
4 815.76 370.62 840.72 407.04 0.330412
4 627.03 683.14 684.66 752.00 0.263059
6 585.81 111.35 698.29 163.52 0.252802
4 824.32 408.62 849.21 429.54 0.222031
4 578.54 263.44 605.77 278.53 0.159054
4 628.01 729.73 656.54 751.07 0.187359
4 1090.09 162.11 1125.80 181.49 0.235771
4 8.64 297.38 87.11 377.42 0.147700
4 1207.14 129.56 1219.90 144.62 0.149675
6 1039.98 142.04 1079.26 200.62 0.163439
4 55.81 299.13 83.08 324.10 0.139591
4 1183.32 184.06 1197.79 198.98 0.142852
4 678.27 444.15 713.01 479.76 0.194602
4 717.56 509.88 728.22 521.63 0.130256
4 899.37 699.81 917.68 726.20 0.138827
4 758.37 135.79 770.05 150.55 0.156283
1 645.12 107.35 657.92 124.27 0.156525
4 543.77 207.08 555.38 227.60 0.133684
4 554.55 219.70 566.85 233.12 0.111305
4 792.14 158.31 803.91 172.51 0.131884
4 775.50 147.92 787.28 159.53 0.132241
4 1005.90 6.29 1032.49 22.66 0.083810
3 598.97 250.08 625.41 301.03 0.112841
4 717.51 509.11 750.04 578.84 0.151889
4 949.32 475.01 973.58 500.27 0.118965
4 960.55 559.56 1002.75 620.78 0.089477
9 644.28 250.47 715.49 352.96 0.081667
4 768.45 725.56 782.41 744.81 0.081646
4 582.04 198.69 601.31 238.55 0.109037
4 987.14 627.98 1021.86 691.21 0.098028
4 649.15 286.27 659.20 295.84 0.097805
4 603.78 200.57 616.80 229.88 0.083893
2 536.64 1.61 563.52 44.53 0.087818
4 680.38 622.17 706.74 642.88 0.102112
4 771.96 359.38 785.39 376.26 0.082642
4 611.89 284.79 625.45 300.24 0.089563
4 589.47 235.81 607.86 254.55 0.119963
3 717.71 507.93 784.10 578.94 0.094614
4 693.91 336.55 713.88 351.89 0.092498
4 948.58 475.56 976.37 530.13 0.096466
6 1103.66 17.50 1399.36 784.87 0.095823
4 544.08 207.17 566.44 234.98 0.125963
4 944.20 351.97 965.25 375.43 0.114686
