5 679.91 0.46 746.22 40.56 0.507311
4 546.43 610.47 574.21 655.43 0.454834
4 534.80 430.91 555.61 457.69 0.408267
5 631.27 544.61 680.44 655.81 0.409998
4 493.73 59.50 514.77 82.19 0.428933
4 415.17 164.07 430.63 183.69 0.327033
4 408.35 35.87 434.61 50.75 0.372087
4 589.91 499.69 614.31 538.10 0.367520
4 41.04 84.83 62.76 103.65 0.416613
4 436.77 267.48 455.34 289.16 0.342330
4 600.06 422.23 622.39 454.89 0.356071
4 679.46 596.85 709.19 642.94 0.390682
4 505.94 412.64 526.62 441.44 0.341407
4 517.84 201.01 533.27 219.12 0.306004
4 448.73 326.62 468.53 356.57 0.343574
4 629.67 427.01 664.76 491.01 0.356788
4 516.67 86.57 544.16 138.67 0.305736
4 585.64 361.65 609.11 395.60 0.345849
4 442.01 110.36 457.76 126.09 0.300837
4 528.59 233.37 545.16 257.19 0.319465
5 689.53 645.51 762.29 776.65 0.306805
4 673.90 696.58 706.52 751.81 0.300444
4 667.18 554.45 692.02 593.34 0.400198
4 621.11 509.60 645.41 546.21 0.374366
4 556.14 239.66 571.48 256.71 0.255651
4 412.29 122.89 425.35 138.96 0.313926
4 615.70 366.31 635.59 402.26 0.282459
4 688.04 617.49 708.89 642.45 0.209184
4 438.31 201.85 455.81 222.44 0.270510
4 483.34 206.91 498.83 227.20 0.284658
4 487.51 229.79 506.58 253.21 0.281521
4 502.06 289.07 520.47 311.68 0.296358
4 500.31 141.71 520.15 175.65 0.293553
5 612.67 12.93 677.64 40.83 0.291993
4 542.31 154.25 567.08 194.85 0.330223
4 489.46 337.95 509.77 365.21 0.302838
4 443.32 28.29 481.84 51.85 0.274976
4 391.72 86.49 417.34 113.95 0.271294
4 475.82 286.47 494.07 310.12 0.297458
4 503.87 628.44 556.30 761.88 0.296376
4 554.45 348.72 575.84 377.73 0.371092
4 568.58 306.46 588.49 339.96 0.288809
4 473.14 262.25 490.90 281.40 0.281764
4 576.46 424.54 599.12 464.60 0.276107
4 478.16 183.32 491.87 200.45 0.263544
4 522.72 731.57 555.16 760.60 0.246692
4 886.43 58.81 922.31 72.85 0.214773
4 468.22 232.85 484.28 255.04 0.294934
4 516.63 86.48 531.09 103.56 0.294449
4 461.87 208.38 477.24 227.39 0.286052
4 545.33 299.90 560.73 314.88 0.230142
4 458.81 36.91 480.66 51.76 0.276809
4 608.25 554.81 619.59 567.45 0.104255
4 765.14 13.60 787.99 26.67 0.266111
4 471.42 163.20 485.75 179.39 0.243679
4 289.30 149.69 308.46 161.93 0.240166
4 450.28 162.05 474.33 203.55 0.288626
4 497.03 372.45 514.35 396.59 0.294076
4 587.83 41.54 621.33 63.22 0.180719
4 494.68 260.17 513.29 284.03 0.272307
4 632.68 23.78 674.18 49.53 0.236577
4 600.14 40.34 620.50 53.19 0.214918
4 582.39 31.83 608.18 45.42 0.203888
4 482.25 312.70 502.75 338.10 0.252960
4 584.40 204.30 594.28 218.16 0.180858
3 507.53 104.61 523.17 128.45 0.191480
4 446.11 147.97 465.76 166.98 0.195642
4 43.43 184.63 59.81 196.07 0.207681
4 460.42 106.50 474.00 121.50 0.218187
4 463.97 128.45 477.97 140.04 0.186213
4 545.62 201.89 559.68 226.50 0.248120
4 377.92 131.59 389.54 143.37 0.196857
4 750.96 559.63 766.76 575.81 0.140513
4 444.72 132.55 461.52 146.39 0.212315
4 487.54 107.88 503.16 130.37 0.209585
4 510.86 324.09 529.43 349.59 0.287748
4 547.08 318.82 556.64 328.85 0.082714
4 550.67 180.31 566.30 194.86 0.189821
4 371.06 93.91 386.50 107.06 0.226066
5 510.28 323.64 543.21 399.93 0.275127
4 411.83 144.15 420.66 153.75 0.159253
4 426.80 245.20 435.67 260.26 0.184634
4 624.24 242.53 637.66 253.77 0.149624
3 501.49 120.73 517.10 140.36 0.124032
4 395.11 32.91 409.84 44.43 0.136785
4 466.65 141.61 482.88 160.45 0.195307
3 486.74 104.76 524.13 139.99 0.187815
4 1066.52 34.61 1077.31 44.27 0.122624
1 602.93 97.89 615.34 117.92 0.148779
4 503.32 161.01 520.15 175.15 0.165617
4 442.02 106.10 473.99 126.55 0.091635
4 813.41 73.43 822.47 81.74 0.112225
4 488.27 167.91 495.94 176.84 0.112992
4 451.56 157.26 464.80 167.21 0.146409
1 467.46 70.87 476.50 86.27 0.123389
2 398.87 71.97 771.65 784.69 0.166489
4 249.41 26.87 261.08 36.22 0.113788
2 1082.15 32.32 1092.58 44.09 0.119456
4 297.89 1.80 322.88 19.22 0.107834
4 429.49 141.00 438.84 152.91 0.120636
1 822.22 706.91 833.32 728.85 0.135061
4 819.24 31.85 836.21 40.91 0.091155
2 448.00 239.20 456.41 256.50 0.114952
4 907.20 58.52 922.29 68.24 0.152126
4 1242.52 2.22 1297.20 25.97 0.109646
7 487.15 101.91 544.11 139.72 0.092389
4 430.36 0.05 457.42 14.79 0.185404
1 545.36 278.63 562.12 314.65 0.113478
4 1115.75 30.62 1133.61 41.69 0.157503
4 579.56 28.19 593.38 41.43 0.141888
1 790.83 91.12 802.16 115.65 0.147836
4 681.34 24.96 702.80 40.48 0.173046
4 524.45 383.19 542.15 399.43 0.102047
4 935.42 46.53 957.56 60.63 0.100278
4 519.90 188.51 531.35 202.95 0.080470
6 631.32 544.53 680.32 655.85 0.082013
4 849.98 28.57 876.65 38.92 0.150405
4 903.57 24.96 934.34 42.07 0.138259
2 1066.82 31.56 1093.83 45.71 0.117317
4 634.22 286.83 643.38 300.27 0.092413
4 321.30 64.18 342.93 77.80 0.144388
6 612.32 0.77 746.81 46.46 0.145501
4 694.38 767.74 728.69 787.45 0.115420
6 612.33 12.42 677.83 45.60 0.125096
4 684.68 731.09 705.68 751.00 0.092861
4 698.37 81.61 713.40 93.80 0.110841
4 262.33 50.47 283.09 63.34 0.108325
4 364.86 152.33 374.45 164.73 0.113777
4 643.29 462.71 664.39 490.98 0.144692
4 172.58 55.85 189.73 67.55 0.097930
4 155.78 21.30 184.32 40.06 0.113158
2 790.44 90.02 819.96 116.08 0.085312
6 653.53 40.23 693.00 69.05 0.080422
4 594.17 37.96 609.28 51.69 0.111271
4 455.81 185.32 473.43 202.92 0.121879
4 732.09 754.41 761.37 776.27 0.086949
4 537.28 72.13 546.33 83.63 0.093994
4 329.12 149.35 343.47 160.08 0.109023
4 485.43 138.43 496.74 159.13 0.096548
4 530.47 125.83 543.85 138.45 0.101989
6 371.44 86.10 417.48 114.34 0.081214
4 482.25 311.88 509.79 365.30 0.177805
4 379.21 31.46 409.66 48.39 0.083747
4 401.26 97.95 416.80 113.28 0.091427
6 440.95 109.60 462.93 145.74 0.118347
4 340.79 0.17 384.91 21.61 0.082892
5 522.16 103.21 544.14 138.64 0.186162
4 155.39 12.56 205.78 40.17 0.093135
9 576.44 19.79 612.97 47.20 0.083396
4 607.02 38.40 620.37 48.75 0.090925
