4 613.94 931.55 743.99 1049.33 0.594270
4 788.42 787.10 907.38 1021.46 0.554267
4 1089.56 500.13 1216.48 669.48 0.561559
4 579.26 572.55 667.87 738.54 0.552014
4 771.78 530.33 856.53 705.63 0.487290
4 886.79 494.26 998.69 685.04 0.418294
4 955.57 123.43 1043.74 221.23 0.447171
1 559.69 375.28 584.61 423.48 0.440205
1 587.05 410.34 611.64 454.08 0.453787
1 403.29 467.31 430.04 512.55 0.431536
1 593.84 147.66 613.79 192.77 0.409517
1 439.41 277.51 491.85 360.34 0.319429
3 470.95 104.06 518.28 144.72 0.340556
3 595.26 164.59 612.53 192.75 0.343296
1 157.38 77.18 183.20 111.61 0.266624
2 431.94 440.54 492.18 478.20 0.350039
4 520.42 77.32 552.87 119.90 0.233956
1 556.90 59.98 572.02 101.67 0.340841
1 399.57 634.80 435.93 717.98 0.335644
1 353.01 393.53 372.83 434.28 0.261183
1 170.62 206.16 200.19 255.75 0.272299
2 471.28 86.89 518.76 144.67 0.081333
3 597.15 871.16 647.77 925.06 0.199098
3 286.17 588.66 341.20 659.16 0.209573
1 477.29 90.08 496.99 137.99 0.237302
2 372.36 201.01 410.01 244.15 0.212227
2 30.08 57.83 60.01 94.72 0.223532
4 313.79 477.37 343.67 512.99 0.202581
1 442.89 290.53 459.29 324.43 0.216174
4 137.24 73.44 160.66 100.95 0.194955
1 183.80 168.47 211.19 219.55 0.230393
2 451.65 290.24 465.51 323.86 0.107691
3 436.26 320.34 466.62 357.63 0.141208
4 272.11 769.14 305.52 786.26 0.123162
1 522.62 72.17 547.96 104.99 0.159429
4 321.90 421.81 357.82 476.58 0.212673
7 430.22 113.60 453.43 152.10 0.109194
1 456.07 289.75 474.16 323.30 0.200962
2 133.56 181.98 181.45 221.87 0.218196
2 521.78 57.69 548.69 104.83 0.133328
3 372.70 193.54 433.03 244.00 0.199061
2 259.94 799.49 290.64 825.73 0.114339
2 472.84 289.87 490.67 355.94 0.121830
6 284.04 515.94 341.01 659.86 0.100939
3 241.79 795.00 297.38 847.18 0.133344
1 474.01 290.15 490.18 325.12 0.220728
2 559.21 374.30 612.39 454.73 0.115425
3 450.96 449.51 491.85 475.03 0.101163
2 1.43 983.91 37.10 1031.79 0.089993
4 1036.61 157.46 1061.43 188.07 0.125002
2 431.89 440.98 453.44 478.01 0.108863
3 594.22 429.66 611.70 453.63 0.086200
6 0.25 169.26 99.31 562.12 0.106801
2 438.36 289.63 462.76 355.07 0.117090
3 20.12 58.26 60.10 105.36 0.208706
2 170.08 167.93 211.81 256.46 0.084488
1 656.35 39.07 673.85 68.85 0.140020
1 661.43 90.77 679.34 127.05 0.165126
2 201.62 135.96 227.28 189.79 0.103507
2 521.80 57.01 536.46 77.56 0.106834
7 409.64 89.31 453.94 154.49 0.106081
1 407.21 665.91 429.74 707.62 0.115253
2 356.59 393.78 372.79 417.80 0.081486
1 393.19 310.00 406.17 330.77 0.099829
4 0.06 280.01 44.61 380.85 0.093425
3 351.86 408.58 368.14 435.66 0.159368
2 379.92 314.84 393.57 336.81 0.104205
3 597.09 871.06 648.34 1008.51 0.116625
2 417.80 110.21 432.59 133.52 0.080665
3 470.78 120.20 486.27 145.98 0.109200
3 697.61 869.26 769.53 931.01 0.081402
4 273.89 645.31 319.33 686.28 0.098552
2 479.68 82.01 507.90 124.87 0.092037
2 51.26 241.09 86.48 277.22 0.104372
4 253.73 694.04 308.91 782.71 0.098155
1 375.51 235.78 397.75 267.70 0.108982
2 166.87 67.98 254.16 259.79 0.082049
3 313.80 513.76 373.34 535.13 0.080753
6 185.39 466.83 341.01 780.37 0.093866
2 84.42 669.71 182.01 704.68 0.088359
3 560.80 79.68 572.66 103.16 0.180583
4 704.49 0.00 744.51 4.22 0.101138
2 165.00 206.24 202.43 278.36 0.130631
2 374.95 216.67 399.55 266.94 0.100145
2 434.29 91.15 449.86 129.46 0.097640
2 281.45 0.19 300.10 17.75 0.086348
2 443.45 288.02 489.99 326.87 0.122413
6 397.90 30.33 453.90 154.40 0.127081
2 290.26 593.70 322.45 640.28 0.098150
2 130.49 112.42 158.62 160.44 0.081990
2 220.33 86.51 246.03 134.27 0.085842
3 187.61 190.50 215.16 220.76 0.113425
3 136.44 199.13 162.59 221.60 0.111097
3 35.66 75.78 60.14 95.21 0.095120
3 397.76 193.51 433.45 218.33 0.082890
4 155.26 181.87 180.82 206.35 0.106787
7 436.37 319.73 488.40 359.85 0.116498
3 691.31 830.23 732.87 917.08 0.100249
2 442.12 290.91 455.79 324.05 0.114910
4 444.91 77.38 466.29 100.07 0.086588
2 587.65 411.18 611.89 454.45 0.083070
3 656.64 51.63 674.38 69.22 0.101705
2 472.31 56.71 572.82 143.85 0.111100
3 561.06 388.98 583.99 422.42 0.085842
