4 868.28 548.37 905.30 583.40 0.582781
4 1104.39 702.28 1152.87 743.39 0.592975
5 1108.91 48.23 1197.61 146.79 0.548776
4 885.84 730.21 933.94 773.37 0.574428
4 1202.88 393.15 1242.95 419.11 0.455445
4 500.70 466.54 541.81 507.13 0.461501
4 316.34 654.19 366.42 701.97 0.506375
4 623.62 310.18 651.70 344.11 0.471711
4 579.57 341.39 634.70 404.93 0.426900
4 457.93 516.00 501.07 558.56 0.465162
4 797.06 12.54 860.22 48.00 0.374539
5 950.39 0.19 1057.33 67.20 0.408562
4 1188.64 537.71 1235.82 570.90 0.465400
4 1067.56 278.44 1177.03 351.70 0.334611
4 549.56 411.64 586.29 450.33 0.428486
4 1203.84 95.98 1239.08 132.36 0.420163
5 1088.57 190.21 1177.34 269.53 0.354363
4 739.52 0.25 775.05 52.67 0.359818
4 379.61 565.11 451.12 637.60 0.404482
4 642.74 254.10 668.98 290.34 0.336978
4 816.83 0.18 903.10 42.91 0.297804
4 1086.03 354.01 1128.60 380.35 0.372635
4 1196.88 332.69 1239.78 351.73 0.309852
4 372.17 468.59 408.24 499.21 0.283794
4 1256.09 426.26 1280.63 444.22 0.206607
4 458.74 377.88 472.65 389.46 0.215385
4 1234.45 88.23 1399.42 160.12 0.224416
4 1245.36 399.21 1283.99 420.22 0.247117
4 1296.54 471.91 1337.80 493.82 0.269189
5 387.06 249.70 437.18 345.38 0.298018
6 690.53 428.21 844.39 607.67 0.409132
4 1278.15 190.67 1317.16 230.50 0.335280
4 242.90 446.22 263.48 458.50 0.181290
4 343.23 738.91 402.68 787.51 0.239472
4 431.93 441.83 447.16 455.36 0.197582
4 1086.69 250.17 1109.72 270.13 0.231504
4 1387.66 330.14 1399.84 353.75 0.375295
1 307.72 198.61 320.15 229.13 0.208478
1 193.10 244.60 211.85 262.90 0.161102
4 618.76 274.54 629.93 285.30 0.144748
4 468.74 0.03 493.35 21.14 0.219371
3 297.18 186.87 386.87 257.76 0.159392
2 940.30 655.03 959.16 672.37 0.141961
1 154.15 298.34 174.84 324.62 0.203240
6 691.59 534.27 747.57 606.50 0.160648
4 498.02 283.19 525.70 314.09 0.223805
1 138.77 268.74 154.72 286.05 0.196344
3 319.81 185.61 352.09 223.07 0.200246
7 658.38 614.68 705.93 676.69 0.118829
4 468.32 446.42 487.30 466.45 0.106232
1 299.28 327.86 314.30 349.32 0.221298
2 127.45 243.79 212.53 351.30 0.163469
4 475.42 302.12 490.21 317.24 0.153905
4 963.74 45.72 977.09 56.97 0.155001
4 1152.78 0.11 1222.34 38.06 0.260087
4 456.65 483.66 468.98 497.41 0.124713
4 767.62 546.11 784.17 565.78 0.150401
4 1104.77 717.07 1130.70 743.04 0.082002
4 487.37 331.40 500.41 342.23 0.148610
4 677.88 309.41 686.16 318.93 0.102126
1 218.64 166.71 247.68 212.73 0.130908
4 876.22 445.54 899.84 467.67 0.172095
1 528.75 415.80 539.50 431.44 0.176544
4 925.65 411.15 949.21 433.42 0.170397
4 1225.49 58.46 1271.98 95.21 0.180875
6 484.40 177.63 540.77 270.87 0.124109
4 568.56 411.50 585.95 427.95 0.161226
1 128.94 297.65 175.47 350.46 0.200965
4 1207.41 291.33 1221.69 304.48 0.154987
4 519.66 270.14 533.73 283.91 0.147312
4 1314.97 491.44 1352.60 517.01 0.191580
4 949.25 48.76 960.17 60.36 0.121699
4 506.58 283.33 525.59 300.65 0.131525
6 583.44 481.46 638.66 546.06 0.119086
4 1351.74 552.29 1386.85 573.88 0.186908
4 769.76 132.30 781.95 142.80 0.090644
4 695.02 269.36 712.46 291.20 0.143767
3 506.47 361.91 524.92 410.22 0.081643
4 518.22 394.86 534.82 408.85 0.109557
3 271.17 271.49 305.37 302.10 0.140949
2 307.67 185.55 351.83 229.60 0.101737
1 130.04 323.97 151.02 348.68 0.186812
4 678.15 7.72 693.05 26.63 0.138537
4 439.12 357.16 457.03 379.27 0.164079
4 16.24 320.71 53.94 345.27 0.154609
4 387.33 307.85 433.23 345.40 0.144361
4 484.43 593.53 547.78 662.36 0.151585
4 536.07 408.44 545.75 419.37 0.120783
6 387.28 277.70 435.75 344.67 0.130833
1 486.97 331.29 502.30 360.97 0.112873
4 1220.50 365.06 1273.51 384.58 0.258049
3 298.08 219.53 339.78 253.46 0.161343
4 704.81 389.93 716.14 402.35 0.120521
1 418.76 468.33 429.30 487.87 0.135298
3 637.54 316.83 685.98 372.79 0.092660
4 615.99 242.63 644.21 283.17 0.137362
1 440.35 500.04 455.53 520.59 0.102795
4 1269.51 433.47 1309.24 455.99 0.187023
4 1036.86 682.19 1083.36 720.91 0.125519
1 614.89 157.24 631.08 172.42 0.116333
4 1334.58 510.21 1363.45 530.54 0.153861
4 521.66 466.47 541.21 485.94 0.104468
4 1207.72 284.35 1243.01 320.91 0.232701
4 988.84 441.93 1008.21 458.14 0.103257
3 70.26 262.73 116.42 297.25 0.099046
4 857.96 0.13 902.60 15.34 0.107693
4 944.62 399.30 966.54 420.30 0.150615
3 306.74 217.97 336.30 236.37 0.085969
3 542.41 547.27 600.23 611.66 0.138586
4 854.18 381.51 872.13 396.53 0.108854
6 1216.18 299.25 1249.47 338.94 0.089651
4 1203.87 95.80 1224.27 114.88 0.112432
2 154.10 301.60 167.32 324.57 0.082570
4 424.07 456.42 435.93 470.98 0.111976
4 315.19 472.10 332.16 484.59 0.121512
3 992.60 753.67 1040.38 787.27 0.101138
4 1137.82 314.50 1165.93 330.93 0.142021
4 899.98 464.35 941.78 499.52 0.116726
9 774.88 428.83 843.70 510.92 0.142099
4 609.28 481.84 637.36 506.11 0.143331
9 1034.25 0.39 1198.66 147.94 0.128910
4 635.47 672.12 662.72 706.79 0.135813
1 218.96 166.58 231.80 185.92 0.157874
1 370.93 222.07 386.70 249.39 0.151408
2 991.40 718.57 1082.32 787.42 0.106978
4 1290.07 0.16 1316.31 21.61 0.143217
1 499.46 398.93 507.26 413.00 0.122095
4 628.84 31.47 652.39 56.62 0.108423
4 1357.48 245.11 1399.72 292.67 0.107480
9 801.40 429.68 842.77 479.67 0.091555
6 1067.53 278.47 1177.03 351.46 0.093343
4 651.81 254.25 668.56 267.79 0.112302
3 118.58 216.17 152.57 244.56 0.133041
2 406.82 491.89 418.05 507.90 0.098036
2 461.48 471.17 472.10 488.25 0.103899
1 674.38 134.34 683.02 150.44 0.090199
6 178.79 0.06 307.00 56.82 0.106986
4 264.92 560.41 301.68 602.04 0.142924
2 1055.87 214.71 1078.40 231.86 0.122469
4 629.23 242.21 639.49 252.01 0.084418
4 654.40 32.58 665.26 49.56 0.101571
3 235.21 321.03 271.24 355.31 0.104487
3 482.21 644.01 504.77 680.66 0.088390
4 658.18 655.85 678.79 677.08 0.099649
4 486.86 319.88 506.76 340.83 0.117557
1 668.58 133.85 684.07 162.38 0.148070
4 0.08 409.63 19.30 429.31 0.290487
7 759.14 87.27 788.20 127.54 0.084892
6 532.64 186.42 578.86 240.64 0.089168
4 643.05 269.52 660.89 290.17 0.121083
4 625.66 481.79 637.61 498.77 0.087623
9 691.08 499.43 774.72 606.75 0.159993
4 1286.19 88.83 1399.19 130.38 0.088539
1 464.46 55.15 484.50 85.64 0.090680
4 46.94 140.14 64.67 160.25 0.082187
9 550.61 425.98 845.33 786.53 0.116072
4 629.54 243.12 644.75 263.18 0.115447
4 460.78 412.08 471.10 421.13 0.097808
4 1383.25 278.29 1399.63 292.50 0.167317
4 471.18 359.31 485.13 377.86 0.113022
4 1286.50 99.35 1329.88 126.36 0.080283
2 486.34 342.56 495.09 362.21 0.089275
2 966.17 354.47 980.45 375.81 0.084053
6 739.61 0.17 775.11 52.63 0.085295
4 424.52 441.76 447.25 471.20 0.142970
4 437.73 420.92 448.50 432.92 0.104084
2 508.95 362.83 522.15 387.24 0.090007
3 177.60 151.52 207.27 175.22 0.110372
4 1278.20 190.49 1301.15 212.65 0.150414
2 103.59 146.89 114.86 161.30 0.086051
3 110.91 294.51 133.72 321.94 0.080102
4 1109.85 267.25 1132.74 285.87 0.103510
1 697.72 286.27 705.25 303.65 0.091467
4 1008.13 323.43 1023.31 337.92 0.085384
2 769.24 497.32 783.97 521.28 0.091190
4 1292.51 207.28 1316.90 230.35 0.097350
4 497.21 0.48 521.20 15.23 0.086138
2 592.19 148.80 603.92 162.86 0.084511
6 950.45 0.12 1057.54 66.76 0.083311
4 1373.67 510.52 1399.78 568.61 0.147835
9 744.67 470.88 808.94 546.96 0.104705
2 668.34 148.40 677.09 162.89 0.091034
2 784.88 138.78 798.28 159.27 0.082037
2 1119.06 81.25 1139.94 109.56 0.081096
3 18.01 249.65 35.20 264.81 0.098402
6 957.37 345.43 1015.70 385.41 0.088709
3 106.68 332.77 140.27 374.39 0.103930
6 386.35 176.17 541.88 345.70 0.094079
3 464.14 239.67 495.98 272.59 0.080602
4 898.83 423.62 927.01 449.12 0.128946
3 64.78 261.11 135.33 322.87 0.112803
3 129.21 331.84 150.40 350.26 0.084612
4 309.41 366.93 324.02 383.24 0.085864
9 551.70 605.29 711.05 786.91 0.088400
3 70.71 265.30 90.65 288.70 0.117347
3 1306.74 441.40 1331.91 471.12 0.101522
4 676.08 577.79 693.55 603.55 0.087715
4 616.28 695.82 643.20 732.20 0.102534
4 1306.17 453.87 1324.07 471.23 0.080886
4 1288.52 414.06 1302.79 431.93 0.080805
4 443.68 377.16 473.40 392.12 0.115696
4 1378.65 597.92 1399.58 617.72 0.135118
2 19.50 229.94 33.10 246.80 0.112049
6 255.39 540.66 302.07 603.11 0.092384
6 616.77 671.38 663.31 733.33 0.088589
4 0.23 310.72 24.18 333.81 0.175844
4 815.71 454.97 835.61 471.46 0.090953
2 440.21 492.63 462.36 520.68 0.091973
