4 1032.46 559.85 1089.61 632.79 0.449661
4 833.30 597.04 878.40 661.87 0.485682
4 194.73 117.29 261.76 162.38 0.444934
4 406.80 94.22 466.35 121.97 0.499235
4 977.41 566.25 1028.06 636.65 0.444959
4 926.95 572.59 984.04 649.79 0.444713
4 216.01 735.95 268.90 830.06 0.449969
4 349.06 709.20 398.91 798.96 0.473192
4 288.85 720.79 339.38 812.77 0.456372
4 9.85 652.45 38.23 672.48 0.286523
4 1190.74 87.02 1216.99 108.15 0.291542
4 630.45 647.85 687.51 729.72 0.502130
4 362.36 300.35 396.73 324.83 0.345639
4 461.30 684.73 512.55 771.84 0.497845
4 1338.96 42.93 1366.93 59.02 0.268990
4 1085.17 116.37 1117.71 137.66 0.304549
4 673.50 218.83 741.73 252.23 0.252283
4 96.53 288.75 140.85 309.92 0.242609
2 1329.20 479.49 1363.19 529.62 0.203248
4 52.12 358.26 91.00 381.44 0.273175
4 1377.77 29.22 1410.47 47.86 0.248544
4 0.06 365.41 54.87 393.30 0.241823
2 1136.62 494.22 1174.64 529.90 0.210345
4 1856.14 1044.90 1915.44 1077.64 0.128337
3 425.70 274.10 463.10 299.48 0.186787
4 1004.00 86.20 1029.77 102.97 0.213941
4 952.41 716.46 995.45 737.36 0.149610
4 1031.56 132.64 1064.03 152.97 0.228504
1 1349.50 504.65 1362.49 529.20 0.250164
5 194.26 107.41 353.00 163.91 0.301354
1 1138.45 499.04 1157.48 530.80 0.216028
4 183.46 264.66 216.25 282.66 0.174588
4 84.32 781.22 155.34 872.71 0.284414
3 959.64 153.14 986.23 173.89 0.240126
4 1245.00 73.39 1278.13 89.94 0.242252
1 1107.62 547.87 1121.96 573.91 0.222346
4 192.69 23.22 223.93 39.48 0.188703
4 1327.35 579.75 1389.24 632.01 0.256369
4 294.52 108.98 352.40 142.47 0.277217
3 152.35 335.34 193.39 358.91 0.153447
4 1211.22 514.38 1246.98 571.43 0.204864
4 1325.33 555.96 1438.95 633.87 0.236779
3 337.42 293.97 396.32 324.58 0.163151
1 1160.61 495.29 1174.63 519.45 0.204632
4 105.47 369.70 148.62 388.33 0.172484
1 1330.91 479.44 1346.68 509.73 0.216962
6 1564.79 278.84 1650.94 356.92 0.145762
4 1464.24 9.11 1494.52 24.90 0.182216
4 1164.60 46.84 1185.24 60.29 0.167492
4 1300.64 44.39 1320.22 56.66 0.171383
1 1118.90 570.89 1136.59 600.14 0.197943
4 224.81 14.16 269.31 35.81 0.149463
3 600.17 236.23 639.54 264.64 0.189102
1 1148.83 605.20 1162.30 625.15 0.184706
4 122.50 25.81 174.41 48.04 0.144571
4 1468.00 227.23 1504.20 245.16 0.110342
4 940.93 554.93 965.82 569.86 0.112251
4 487.93 8.63 533.82 29.24 0.125529
4 1036.19 78.63 1061.01 95.30 0.139035
4 1136.52 106.36 1171.53 122.95 0.189565
3 1428.31 18.55 1453.53 39.39 0.155816
4 314.15 104.06 344.78 126.41 0.125898
4 247.99 69.18 271.92 84.84 0.128120
4 1790.80 504.72 1839.71 536.37 0.100270
2 1117.71 570.01 1163.96 626.77 0.096284
4 1486.59 692.57 1560.45 740.63 0.104524
4 365.44 232.90 409.96 256.08 0.149047
4 905.65 164.44 937.51 188.81 0.130372
3 514.44 255.18 559.97 287.15 0.192131
4 309.40 593.53 331.34 635.63 0.112346
6 193.56 90.99 470.58 165.20 0.123089
4 1366.28 59.24 1414.69 81.01 0.144626
4 244.05 591.87 331.21 658.83 0.119867
3 820.47 180.69 865.53 206.01 0.172882
1 1169.28 620.14 1178.90 634.35 0.100859
3 854.04 120.74 873.84 143.75 0.147229
4 501.91 317.86 526.32 330.57 0.093784
4 873.45 250.17 888.33 264.18 0.086139
4 93.36 840.66 127.12 870.26 0.097256
1 1096.86 537.88 1110.64 555.05 0.108195
4 1060.56 75.29 1084.16 92.24 0.113837
4 1036.80 73.86 1083.27 96.48 0.080454
4 851.19 119.31 884.11 144.93 0.125205
4 290.96 253.97 331.33 274.45 0.120342
4 1212.67 544.11 1242.96 570.88 0.108787
4 674.37 231.99 696.87 248.63 0.143675
4 919.24 105.93 949.23 127.06 0.123606
4 250.96 610.93 278.12 637.65 0.116315
4 24.69 261.62 56.91 294.43 0.123752
4 1295.90 59.99 1314.87 76.14 0.099167
4 218.05 557.62 234.54 570.49 0.082215
4 971.00 95.57 993.12 113.43 0.143690
6 268.22 596.02 299.34 619.97 0.084526
4 972.57 25.55 988.95 37.03 0.099373
2 1847.04 630.97 1864.84 656.49 0.097864
4 1099.52 65.82 1118.74 79.39 0.122502
4 105.72 31.61 133.79 49.47 0.081445
1 1836.11 629.57 1865.47 660.09 0.122488
6 931.98 873.06 1122.80 1077.01 0.081275
4 54.25 212.52 106.04 242.60 0.103272
6 1281.77 0.09 1341.60 23.38 0.116226
4 412.84 225.94 443.97 246.45 0.093932
4 1289.13 79.39 1306.57 94.11 0.080149
1 1136.29 591.67 1150.41 613.21 0.166658
2 1454.00 607.91 1465.23 627.86 0.085486
4 691.05 277.83 718.16 298.92 0.098072
2 1137.58 592.82 1163.07 625.77 0.122587
9 0.54 0.05 92.93 32.50 0.087741
4 344.42 57.25 369.75 73.30 0.100914
4 153.60 336.68 175.28 357.11 0.089091
4 325.83 116.48 352.67 137.65 0.092157
4 1444.91 32.14 1495.19 53.09 0.091446
4 1309.17 5.89 1339.92 22.57 0.117767
6 1279.97 449.79 1313.18 479.01 0.085459
9 249.62 0.35 357.61 29.07 0.082548
1 1338.90 493.59 1351.31 513.21 0.163251
4 370.30 379.69 392.81 399.05 0.091337
4 1570.20 1036.54 1709.92 1077.67 0.087299
4 898.63 112.47 920.84 130.53 0.105853
2 1097.15 538.29 1137.32 600.84 0.084672
4 607.06 175.13 644.82 203.45 0.087124
4 1032.36 193.73 1054.42 211.01 0.106261
4 53.37 38.70 103.28 57.03 0.080461
4 1511.57 0.21 1538.06 14.59 0.108521
3 236.33 314.30 287.75 350.14 0.196781
4 1699.47 321.04 1722.53 349.29 0.083351
2 1133.11 588.36 1146.83 609.04 0.095320
2 1128.28 501.23 1138.99 523.79 0.100870
6 251.90 595.45 300.49 637.81 0.093559
9 1.24 0.03 367.43 47.25 0.107149
4 806.60 134.88 820.94 148.24 0.096489
3 1137.83 510.85 1156.12 532.68 0.117952
4 1258.22 25.17 1284.70 39.64 0.091168
4 172.84 336.81 193.71 354.78 0.090403
4 24.06 118.46 43.10 134.31 0.091723
4 1813.86 9.68 1866.28 31.11 0.082184
2 1096.91 538.84 1188.94 642.17 0.213058
2 1375.61 594.61 1391.85 623.48 0.093645
4 1046.51 133.96 1063.80 148.47 0.080152
