5 298.16 164.01 400.16 230.44 0.517536
1 1019.05 485.50 1054.34 576.17 0.545101
1 328.74 829.64 393.51 1018.18 0.575295
4 514.55 325.21 641.48 395.62 0.524413
4 724.21 491.57 1027.53 674.45 0.443442
4 662.02 371.82 825.37 461.40 0.491973
4 342.69 230.89 441.89 323.54 0.401718
4 156.18 353.62 268.76 445.97 0.490900
4 717.30 349.40 874.37 414.39 0.524067
1 46.38 301.62 76.61 363.51 0.452657
3 531.07 233.56 596.80 266.89 0.423082
4 286.45 255.50 347.14 297.74 0.402673
1 1002.18 275.55 1016.08 313.13 0.417529
4 213.66 223.89 266.21 262.18 0.385275
4 650.22 296.14 774.72 344.65 0.525987
5 1092.51 280.72 1139.96 360.30 0.381482
4 428.82 278.75 527.73 352.92 0.471283
5 249.71 154.03 294.35 191.42 0.393335
4 252.24 204.55 308.45 238.92 0.372414
3 1352.18 379.40 1399.10 419.79 0.351383
4 265.17 239.10 322.89 275.70 0.348347
4 185.00 208.82 227.08 244.02 0.323348
4 40.44 133.94 64.10 151.18 0.225156
3 644.28 256.03 672.48 285.09 0.300412
4 158.88 203.78 195.74 233.27 0.256096
3 0.35 356.18 64.54 468.49 0.244686
1 758.93 228.30 775.27 265.93 0.306944
6 1051.25 280.07 1141.22 361.20 0.231762
4 447.90 234.51 545.77 281.41 0.304877
3 49.84 323.33 75.65 362.81 0.207920
3 1050.17 317.37 1090.56 354.84 0.236410
4 1200.82 300.34 1314.75 339.51 0.218068
4 698.18 217.16 726.12 228.63 0.207652
4 112.10 182.95 149.63 212.96 0.194393
4 128.14 143.42 188.91 183.44 0.147932
4 1318.01 283.91 1399.82 333.79 0.196869
4 989.44 196.76 1021.71 210.48 0.162534
4 84.60 153.40 129.36 179.06 0.140642
1 432.78 194.16 446.96 217.92 0.210122
4 275.99 174.25 301.61 195.77 0.212920
4 1128.37 347.74 1159.26 366.84 0.126277
4 166.01 141.73 184.45 155.33 0.142471
4 4.28 149.53 34.31 172.94 0.136766
4 142.73 194.66 163.24 222.87 0.175809
4 25.48 164.33 118.46 213.96 0.168158
4 941.38 219.85 972.62 233.41 0.103961
4 780.14 229.13 800.16 242.66 0.102846
4 533.24 212.12 608.38 239.94 0.111312
4 86.99 150.20 115.07 164.85 0.108411
4 68.82 134.08 91.86 148.95 0.115468
4 553.70 228.70 576.54 246.49 0.084915
4 404.24 193.41 429.73 212.21 0.149541
4 757.20 221.71 800.17 243.02 0.162502
4 107.19 162.20 131.02 180.92 0.125097
4 407.62 191.39 449.33 217.13 0.182756
4 165.37 149.99 189.26 182.76 0.113408
4 291.58 148.72 333.44 169.17 0.095933
6 1096.89 281.38 1138.14 341.57 0.150240
4 186.27 155.66 201.58 172.30 0.102133
4 344.87 156.43 388.38 178.24 0.129658
9 450.61 180.35 609.41 241.34 0.084953
4 208.32 160.17 250.17 182.24 0.175009
4 201.80 156.50 224.64 173.85 0.122527
4 95.90 133.36 120.00 149.75 0.110604
1 646.68 230.05 659.96 246.89 0.146358
7 1049.08 321.46 1166.19 402.28 0.104466
4 1201.04 281.65 1399.35 347.85 0.091567
4 453.79 224.14 495.31 250.50 0.105953
5 341.05 227.89 1028.72 674.89 0.081867
6 559.75 181.68 646.33 216.33 0.084004
4 499.97 253.75 544.51 281.11 0.082940
9 187.43 79.56 262.40 117.96 0.092170
7 0.52 300.29 137.95 488.56 0.085911
1 1116.86 353.58 1168.63 404.57 0.117520
3 0.51 697.71 110.82 785.10 0.122043
4 76.10 216.53 173.71 267.15 0.107423
4 128.60 157.40 155.33 179.10 0.116896
4 263.47 238.54 285.88 270.16 0.106406
4 1293.02 313.30 1397.49 349.47 0.103356
6 203.72 150.96 297.06 192.55 0.113136
4 1280.68 283.79 1321.39 308.05 0.085190
4 0.25 129.39 14.85 147.36 0.083047
3 1002.34 296.44 1015.28 314.00 0.102362
4 26.77 155.89 61.74 182.47 0.136710
4 33.01 225.87 110.11 271.17 0.094705
10 327.32 939.46 376.58 968.12 0.092977
3 1112.01 350.97 1174.75 406.63 0.152076
4 757.96 227.73 774.47 237.52 0.104467
4 1254.90 283.98 1322.10 324.66 0.122162
4 178.06 203.32 195.47 220.26 0.094104
4 231.47 160.90 250.74 179.53 0.104495
4 562.66 239.18 596.88 266.27 0.123692
4 768.38 220.19 838.42 247.04 0.093673
4 96.22 179.18 120.73 207.46 0.091576
3 737.65 243.56 774.24 266.90 0.082031
4 23.46 162.15 65.49 200.71 0.086938
3 983.18 289.25 1016.17 314.13 0.102523
4 530.90 238.03 566.29 266.30 0.121478
4 47.56 161.25 74.45 183.82 0.081089
4 447.31 254.64 501.37 283.43 0.094396
4 1094.28 334.44 1159.05 366.13 0.083624
4 301.53 246.73 334.37 267.70 0.095248
4 1340.66 306.38 1399.57 333.11 0.106687
