4 1014.36 241.20 1079.06 275.87 0.418849
4 606.24 902.88 717.88 964.91 0.362747
4 819.67 831.60 887.25 938.80 0.321795
4 986.86 279.56 1047.71 310.75 0.414369
4 1040.54 194.91 1102.57 231.34 0.399645
4 1074.23 140.22 1132.33 179.93 0.355989
4 808.13 556.79 902.10 611.18 0.259246
4 762.53 644.21 859.62 693.65 0.249448
4 1159.43 140.85 1192.62 172.09 0.297577
4 739.99 964.64 810.34 1048.51 0.269619
4 694.51 782.33 795.56 838.50 0.217820
4 985.29 560.13 1018.62 596.35 0.215521
4 738.09 690.91 824.45 739.28 0.267003
4 920.95 396.76 998.23 438.81 0.250088
4 964.66 314.47 1035.20 352.56 0.263700
4 0.55 900.69 209.78 1049.20 0.178548
2 1330.60 85.10 1367.74 132.07 0.183311
4 964.90 339.21 989.42 364.80 0.131223
4 933.25 313.01 1036.14 397.51 0.156343
4 644.65 846.55 738.05 904.81 0.179286
4 835.19 518.21 939.79 596.99 0.144541
4 714.60 735.74 805.73 784.42 0.194874
4 1026.82 457.11 1053.13 513.94 0.128654
9 667.56 485.20 789.68 681.72 0.135126
4 900.97 421.93 968.57 465.94 0.110122
4 1101.43 125.10 1146.81 154.06 0.231540
4 868.15 452.66 965.67 510.51 0.124541
4 788.62 644.93 807.59 683.76 0.084205
4 1230.43 61.48 1280.73 95.27 0.147971
9 1054.05 84.80 1209.25 142.07 0.100284
4 985.17 523.57 1032.15 596.61 0.112476
2 983.70 315.21 999.32 341.52 0.098804
4 834.85 852.23 881.84 903.83 0.100041
4 962.14 177.00 1020.69 241.97 0.110526
4 818.90 824.45 975.74 945.07 0.083854
9 558.07 653.01 708.73 884.12 0.090990
4 983.94 557.60 1039.40 627.06 0.092412
9 727.00 492.56 785.75 575.16 0.087831
2 808.27 440.09 849.86 500.28 0.117939
4 1331.17 103.30 1365.71 130.81 0.107745
4 1165.36 283.06 1199.97 331.04 0.096057
9 546.45 472.40 796.41 877.80 0.110964
4 1161.84 244.81 1200.47 286.00 0.124829
4 932.70 359.06 1001.44 399.80 0.129648
9 704.79 530.21 757.21 631.68 0.094386
2 586.53 22.09 1349.85 1044.98 0.118785
4 964.86 316.11 999.25 342.76 0.088582
4 720.04 566.90 751.46 604.86 0.081186
4 1134.54 196.81 1190.79 258.88 0.096561
4 957.83 210.69 1007.14 250.58 0.082344
4 750.84 744.01 824.40 789.38 0.159237
