4 314.08 654.51 401.72 714.17 0.508487
4 605.36 348.21 651.97 379.46 0.487047
4 536.74 414.63 587.20 449.67 0.494629
4 441.84 504.24 510.02 559.03 0.480309
4 389.94 563.29 465.61 615.08 0.404579
4 501.68 438.06 574.46 484.33 0.437397
4 503.92 468.66 559.21 510.79 0.484072
4 677.29 265.82 714.72 290.57 0.411391
3 182.70 798.24 255.00 863.20 0.328574
6 1254.14 0.23 1395.60 51.42 0.343479
4 758.98 166.08 790.72 185.23 0.395009
1 122.80 915.77 156.22 952.25 0.292424
1 428.79 636.88 445.28 670.76 0.368494
2 572.51 442.38 657.18 508.23 0.243698
1 448.14 636.08 465.42 671.39 0.366283
4 751.11 182.94 768.80 199.02 0.313854
2 182.70 769.73 276.23 862.55 0.275746
4 1090.95 100.78 1110.69 114.66 0.270617
1 576.42 672.34 605.37 736.94 0.239126
4 739.52 216.71 761.60 242.25 0.260767
1 612.74 620.75 627.81 654.63 0.332175
1 627.09 624.23 641.64 656.54 0.304959
1 0.51 943.98 34.90 975.10 0.284519
2 927.53 299.48 1060.27 348.58 0.234465
2 428.67 635.00 465.23 673.18 0.168179
1 632.10 520.47 650.50 551.96 0.174782
3 126.15 936.71 156.87 952.28 0.192108
3 586.58 703.69 605.22 736.27 0.204904
1 645.80 540.25 658.59 571.42 0.263327
4 709.89 242.65 734.45 260.67 0.264519
4 1252.76 20.46 1302.40 38.41 0.248465
1 878.29 177.72 893.52 196.93 0.156638
4 796.04 276.03 807.13 289.83 0.192814
4 665.93 282.52 697.52 318.75 0.221255
1 267.61 819.79 317.61 863.28 0.283045
4 1060.92 108.61 1082.94 123.99 0.176211
4 1276.56 54.50 1308.33 71.40 0.208666
1 716.44 541.11 740.61 574.87 0.139255
9 1282.04 0.47 1380.24 48.65 0.255977
2 766.92 447.45 784.30 469.81 0.144647
1 572.59 468.70 588.60 503.97 0.234183
4 1378.55 39.20 1399.87 68.06 0.142631
1 593.63 364.32 606.35 389.77 0.185719
3 1367.04 112.29 1399.55 146.15 0.184270
1 590.54 473.60 604.17 506.79 0.225078
4 927.65 298.90 945.41 311.06 0.213033
1 719.17 553.51 730.64 576.29 0.271243
3 632.62 531.86 649.30 552.66 0.210411
1 930.28 310.29 941.38 332.56 0.193147
1 858.14 184.79 868.32 205.48 0.214352
2 855.96 98.94 1111.09 206.72 0.179690
1 271.15 819.41 291.32 859.85 0.152630
3 267.71 828.59 317.61 863.86 0.324757
4 862.47 244.06 886.91 273.05 0.151751
4 1368.48 847.51 1399.65 877.32 0.150704
2 626.06 471.03 640.31 499.53 0.136706
2 937.44 163.72 946.03 181.97 0.155132
2 949.14 158.51 961.71 183.02 0.148323
1 643.65 479.93 656.42 505.62 0.200438
4 1334.16 839.23 1348.15 856.22 0.137558
1 662.24 542.59 675.39 575.71 0.290613
2 997.97 309.67 1021.86 329.53 0.132202
4 1223.54 42.00 1249.22 54.50 0.155405
1 613.72 466.62 626.50 496.77 0.200319
1 958.02 312.16 970.02 332.26 0.169436
1 583.34 441.08 596.52 461.82 0.159666
4 1224.26 45.28 1308.64 72.46 0.154893
3 267.69 841.23 291.36 864.15 0.133170
1 628.91 445.81 641.07 469.71 0.185206
3 369.14 607.89 411.50 628.68 0.166958
1 980.44 305.06 996.86 328.94 0.125190
1 576.08 685.77 589.07 727.01 0.227544
2 631.64 516.16 675.83 576.11 0.171755
1 930.08 165.28 938.53 181.92 0.173824
2 589.69 371.40 599.99 389.93 0.152212
1 645.06 337.15 657.76 360.75 0.136341
4 672.48 279.67 700.40 301.60 0.255886
3 630.32 517.18 654.84 553.73 0.139459
3 662.84 554.07 675.54 577.08 0.194674
1 751.16 449.34 763.19 475.63 0.212860
1 819.97 255.38 833.36 278.92 0.145172
2 987.72 143.93 998.72 164.92 0.135814
2 582.84 441.43 598.76 473.58 0.124069
3 956.52 162.87 971.08 180.38 0.084553
3 127.44 842.68 174.64 876.44 0.122378
3 430.10 650.02 444.33 671.01 0.182807
9 1369.94 6.88 1399.77 27.60 0.112931
3 286.15 830.38 317.17 850.27 0.098529
3 576.52 699.58 587.23 727.13 0.123910
3 627.69 481.30 639.31 500.49 0.146658
2 612.66 620.59 641.84 658.37 0.198299
4 819.47 301.56 836.58 314.19 0.085278
2 1041.78 320.31 1059.16 343.02 0.080625
2 571.61 370.87 585.72 398.12 0.151668
4 744.05 200.67 760.81 221.18 0.138818
2 995.11 148.26 1004.87 166.18 0.143510
2 126.60 842.58 175.78 888.38 0.128972
2 1080.87 103.19 1091.28 119.52 0.103052
2 1033.80 122.07 1046.99 140.49 0.105900
1 1038.60 325.03 1049.10 346.48 0.140006
4 951.31 226.54 966.18 238.31 0.081794
2 927.46 299.72 946.02 331.07 0.103616
4 1388.99 38.11 1399.97 50.93 0.156351
2 577.60 370.79 587.21 385.98 0.090870
2 1013.43 135.99 1023.21 153.19 0.119520
2 572.07 440.67 676.79 577.68 0.121637
1 1006.13 315.76 1015.94 335.70 0.145676
4 1305.17 103.67 1325.85 114.72 0.082250
3 951.16 166.36 963.27 183.91 0.109723
2 768.30 456.67 778.68 475.39 0.124687
2 750.26 446.70 784.18 475.69 0.118666
2 736.62 243.45 745.58 264.11 0.138749
3 450.42 648.50 465.40 671.65 0.162470
3 646.93 551.15 658.86 572.15 0.210391
3 750.99 231.64 761.81 247.89 0.096669
2 1002.89 315.90 1012.61 336.10 0.130628
4 864.26 243.42 883.89 255.52 0.114511
2 645.12 324.76 675.68 361.67 0.097235
1 224.18 769.36 275.70 820.82 0.143064
2 1060.12 109.09 1070.52 124.99 0.101990
1 818.35 304.21 831.80 327.62 0.124787
2 715.33 265.64 725.91 289.56 0.117293
2 1028.42 322.53 1043.91 345.96 0.119977
3 817.63 302.32 836.98 324.93 0.085235
1 1027.07 323.62 1037.00 344.76 0.145410
3 628.73 469.42 651.45 498.50 0.111365
3 752.93 459.10 761.59 476.45 0.088406
4 1304.32 103.92 1343.88 128.96 0.102713
2 999.38 148.66 1009.50 165.39 0.082104
4 703.80 251.15 724.08 267.74 0.120602
2 1059.93 99.35 1110.90 126.12 0.100267
4 951.41 158.84 971.53 172.67 0.088333
6 1326.95 818.91 1399.57 878.81 0.094484
1 127.21 842.93 155.96 869.38 0.103957
3 978.50 316.20 990.60 331.62 0.100366
1 869.50 254.18 877.97 275.14 0.104220
3 1366.46 127.61 1381.56 144.97 0.081417
2 973.05 132.56 982.97 146.88 0.094273
2 182.40 807.03 213.98 850.13 0.083699
2 929.48 156.86 969.25 184.87 0.145008
4 948.60 151.55 963.18 162.01 0.093615
2 569.78 363.97 606.53 398.48 0.143585
2 485.00 490.50 497.09 514.45 0.087785
3 13.56 958.03 35.14 974.44 0.080274
2 857.79 177.19 893.39 206.08 0.096825
1 768.56 457.93 778.30 475.64 0.175191
2 659.13 324.51 675.34 352.17 0.100861
2 569.76 381.43 581.34 399.42 0.103047
3 734.24 454.56 771.30 483.69 0.090493
3 612.39 479.32 624.81 497.56 0.118830
3 573.33 479.77 587.50 504.05 0.137640
2 987.02 140.99 1016.85 167.19 0.087292
3 880.34 182.34 893.16 197.30 0.135730
3 613.57 635.43 626.81 654.63 0.086001
3 590.34 481.65 603.85 507.62 0.097796
