4 896.73 462.10 970.12 526.34 0.525529
4 739.56 644.42 814.69 705.29 0.508728
4 1351.85 128.91 1399.58 191.04 0.531309
4 1118.86 372.65 1185.07 433.62 0.568518
4 1136.68 538.19 1214.63 605.01 0.507402
4 1059.89 716.48 1148.44 786.74 0.528804
4 1007.32 478.30 1189.39 635.83 0.485445
4 427.42 531.97 544.10 604.84 0.359646
4 471.26 665.05 552.67 715.63 0.359888
4 1367.09 18.98 1399.89 75.86 0.354217
1 339.44 490.67 389.94 570.73 0.248195
1 345.75 525.02 380.72 570.52 0.254311
3 1095.65 125.00 1136.56 162.12 0.260797
1 1351.44 697.92 1386.64 728.04 0.287331
4 0.10 712.24 38.78 748.30 0.305288
1 35.15 356.44 62.80 376.11 0.161968
4 600.91 465.62 630.88 485.56 0.174626
4 1262.26 0.00 1297.35 19.20 0.207695
3 923.46 221.59 954.66 247.22 0.234562
4 1239.64 0.00 1297.45 51.31 0.171532
4 473.35 539.76 523.17 581.56 0.154556
6 468.87 448.18 548.42 525.02 0.135969
4 427.81 557.49 482.32 603.95 0.137443
4 1094.97 137.71 1110.81 152.82 0.094366
5 624.26 28.95 719.13 99.11 0.158965
4 1006.45 594.05 1040.20 635.51 0.170501
4 724.37 462.03 744.04 482.63 0.127350
4 1105.63 146.28 1123.35 163.06 0.095496
4 49.01 356.73 61.86 366.30 0.084127
4 472.77 542.12 500.46 560.28 0.086900
4 1155.91 0.39 1193.91 51.67 0.114150
2 213.51 1.54 566.30 244.27 0.108056
10 215.91 217.81 239.21 233.12 0.099495
1 215.90 217.46 239.43 241.20 0.097847
4 1062.09 132.65 1079.22 152.56 0.081642
4 1240.05 30.98 1260.57 50.94 0.097211
10 418.03 584.54 430.72 598.05 0.082903
9 0.40 448.88 147.95 700.07 0.088522
1 537.61 0.21 547.07 11.86 0.101313
3 911.69 222.39 939.84 248.26 0.090934
4 34.72 361.26 51.75 375.12 0.082051
1 711.59 309.39 751.20 372.45 0.082880
1 0.12 258.53 15.34 287.43 0.165009
4 1105.77 125.39 1135.58 149.87 0.131610
4 1094.92 136.95 1123.78 162.78 0.110017
