4 513.01 92.74 591.91 148.04 0.582964
4 453.41 483.00 557.59 534.95 0.513116
4 1300.98 385.99 1398.25 435.87 0.496928
4 353.22 476.58 442.93 522.23 0.520907
4 877.83 461.02 975.56 503.36 0.476140
4 1500.30 585.73 1774.76 695.15 0.444527
4 344.37 653.94 466.63 711.34 0.410833
4 506.52 365.59 567.88 441.15 0.435368
4 362.92 348.36 427.01 418.70 0.446108
4 1000.56 726.52 1121.14 788.48 0.388623
4 724.95 686.86 880.47 764.48 0.380043
4 1070.93 346.29 1147.39 394.77 0.331303
4 617.81 381.44 794.43 506.99 0.272696
4 795.60 525.79 903.63 572.82 0.371206
4 1079.72 581.62 1113.85 602.42 0.243167
4 0.19 430.47 100.24 486.82 0.295643
1 859.78 0.00 890.64 25.68 0.190857
1 695.59 531.90 746.25 554.53 0.186278
4 1154.74 480.88 1246.98 530.87 0.314905
4 1731.68 438.82 1839.63 480.59 0.324295
4 820.29 252.29 892.21 313.36 0.235638
4 1196.39 747.57 1251.24 810.04 0.207837
1 1291.10 61.22 1307.31 88.64 0.195194
4 1843.19 291.60 1907.86 335.46 0.207825
4 1600.14 275.04 1637.48 310.49 0.197748
2 1153.46 56.66 1221.58 118.17 0.135506
3 1079.46 581.27 1132.90 606.63 0.188498
4 1571.22 261.40 1639.95 311.86 0.244805
4 1577.51 260.26 1608.83 278.10 0.177984
4 1869.71 241.39 1915.52 279.71 0.191376
1 1154.72 157.20 1174.03 187.99 0.142064
1 1199.54 56.39 1218.32 101.41 0.189875
1 1154.88 69.19 1178.14 117.44 0.201186
4 1177.48 170.35 1199.24 185.08 0.106735
6 1718.78 476.04 1910.08 622.07 0.180691
4 179.36 100.04 205.60 120.13 0.138720
4 331.27 10.66 398.62 41.77 0.175689
4 1195.78 746.35 1316.19 819.93 0.217448
6 722.94 683.25 1316.53 824.69 0.165540
4 1647.11 171.25 1689.59 188.38 0.117584
1 784.19 45.18 794.90 64.10 0.133806
2 1152.60 54.91 1344.26 130.51 0.123789
1 1311.02 62.44 1327.84 88.43 0.217580
4 784.56 171.44 809.78 195.46 0.106924
1 1724.02 62.49 1736.45 83.36 0.133745
1 1653.32 137.48 1672.07 160.14 0.143370
4 1651.37 190.18 1688.92 213.26 0.122191
4 821.51 288.68 890.87 314.05 0.111319
6 205.22 653.44 470.52 802.32 0.135022
4 269.98 713.55 311.00 736.87 0.119892
6 1562.24 280.75 1607.15 316.27 0.132059
4 205.75 749.70 283.64 798.76 0.210905
4 485.10 75.91 520.08 108.35 0.096657
4 812.57 179.84 838.13 198.62 0.087779
2 1617.62 52.81 1634.17 75.39 0.138710
4 1593.04 213.02 1632.48 249.13 0.117341
4 1609.97 225.81 1667.49 256.08 0.103224
6 397.80 1.23 447.35 37.70 0.104615
1 634.33 402.78 695.51 452.10 0.115543
4 828.42 232.68 877.35 258.46 0.113187
4 1373.11 62.26 1400.25 79.64 0.114811
4 1443.54 174.20 1497.24 207.50 0.084706
4 287.57 39.07 301.00 52.63 0.094118
4 1445.64 181.94 1469.11 203.07 0.091436
6 1763.35 248.55 1845.40 320.57 0.119505
6 1481.40 225.67 1568.48 278.26 0.094213
4 892.24 234.48 914.71 248.06 0.084901
4 941.45 187.84 960.07 206.10 0.092055
4 0.16 660.53 69.61 748.02 0.168557
1 194.90 658.88 220.78 682.20 0.111161
2 763.23 38.77 795.13 76.64 0.093276
10 149.12 274.02 339.55 360.98 0.088334
2 1180.72 70.91 1197.60 97.32 0.123023
4 1734.00 473.19 1837.25 520.55 0.162260
3 1212.16 1.18 1254.48 30.09 0.128070
4 915.64 247.81 935.61 272.04 0.096922
4 891.49 232.59 934.63 250.58 0.094772
4 1534.50 258.46 1555.72 276.35 0.084570
2 1724.34 11.67 1760.75 47.46 0.097383
6 302.18 415.37 434.04 479.22 0.092405
4 748.99 206.21 784.10 229.80 0.082574
2 840.14 190.97 858.12 210.39 0.082879
2 1251.73 236.12 1264.79 257.69 0.105320
9 1482.17 226.09 1567.95 257.48 0.085776
2 1279.55 59.87 1328.90 89.62 0.125832
2 1206.44 180.39 1219.47 199.00 0.090344
2 762.85 39.33 775.35 75.66 0.105284
2 1152.88 158.79 1165.25 186.04 0.084384
4 343.27 6.81 383.96 23.24 0.099127
2 1196.63 179.69 1222.57 233.87 0.091000
4 204.21 717.57 339.56 816.67 0.164593
6 0.27 659.82 69.84 814.24 0.096030
4 1577.68 52.04 1609.80 73.42 0.131125
2 1310.12 177.46 1322.83 202.30 0.097011
2 1265.24 62.76 1281.41 89.83 0.101664
9 1138.92 144.49 1232.82 186.17 0.091996
2 738.28 43.69 751.25 64.76 0.111080
4 978.49 86.37 1000.55 102.77 0.091616
2 843.64 138.74 859.67 161.58 0.087636
1 716.22 401.32 773.41 461.25 0.085781
4 784.62 171.51 841.59 199.52 0.110839
7 1145.32 680.80 1312.15 824.48 0.096723
4 1315.45 218.06 1348.22 233.86 0.082302
2 1353.46 7.75 1369.46 41.08 0.108721
4 1768.36 0.00 1837.34 18.07 0.126264
2 1718.03 62.55 1737.96 91.21 0.115460
6 1592.55 212.73 1667.10 256.55 0.102175
2 1332.25 68.90 1347.18 93.78 0.086350
2 1140.61 56.31 1229.85 237.21 0.083040
4 407.16 15.54 445.66 33.21 0.096315
4 1103.25 39.15 1147.19 55.52 0.082249
2 803.45 17.32 818.74 41.22 0.085720
3 1163.83 681.04 1211.97 736.26 0.084958
2 858.07 0.35 872.21 25.19 0.093539
4 1176.51 170.35 1216.80 196.08 0.102820
2 1605.86 82.21 1621.18 103.87 0.087382
2 780.95 44.37 796.49 76.53 0.082921
6 1803.92 272.38 1898.82 321.89 0.085629
6 0.54 401.35 121.50 486.81 0.081250
