4 770.55 440.34 790.30 471.47 0.513730
4 673.23 256.65 686.56 273.22 0.489817
4 646.27 167.81 658.53 180.83 0.458542
4 633.76 235.03 647.25 250.09 0.444231
4 635.72 277.62 649.84 294.20 0.440460
4 652.05 128.89 663.77 141.17 0.414660
4 703.35 229.45 716.72 250.24 0.370820
4 645.66 101.98 654.87 113.31 0.369757
4 736.66 196.07 748.71 214.55 0.400256
4 728.43 137.93 741.53 154.40 0.373055
4 727.37 655.75 754.19 706.79 0.444124
4 713.61 472.99 733.94 515.11 0.409610
4 803.57 731.53 840.11 787.14 0.402857
4 652.45 293.73 668.75 312.58 0.440995
4 719.74 46.22 729.28 55.98 0.329639
4 624.64 515.86 661.84 620.38 0.330242
4 706.93 302.70 720.30 321.64 0.420252
4 691.45 14.45 701.31 24.16 0.281864
4 1342.88 612.44 1399.69 683.41 0.331946
4 722.85 243.28 736.42 260.38 0.434009
1 268.59 571.30 282.06 599.45 0.292592
4 675.55 44.04 683.49 52.39 0.318951
4 60.80 306.00 93.45 323.40 0.307160
1 777.05 534.11 789.96 563.48 0.321118
4 718.02 5.06 726.13 13.76 0.296487
4 405.00 306.04 436.09 321.48 0.246406
4 648.32 56.32 660.24 66.38 0.287544
4 675.12 79.34 684.98 89.22 0.355397
4 1274.45 162.56 1295.10 172.88 0.232653
4 634.88 44.40 645.26 53.50 0.261098
4 741.32 45.65 756.12 61.40 0.298321
4 1006.16 348.78 1020.73 369.57 0.210409
4 647.99 11.46 658.03 28.15 0.229566
1 799.46 542.61 812.36 559.44 0.169956
3 446.58 707.31 500.15 752.47 0.187002
4 47.04 633.56 63.83 644.60 0.172566
4 646.77 37.51 656.52 47.02 0.273630
4 468.67 722.36 498.40 751.94 0.163326
1 1189.37 503.67 1200.23 529.28 0.229025
1 760.36 349.49 769.66 365.07 0.167501
4 675.27 31.06 683.66 38.78 0.296727
4 672.06 369.58 687.17 377.29 0.144759
4 30.11 684.20 50.07 702.58 0.149143
6 408.66 294.34 523.51 414.02 0.188128
4 824.98 557.09 837.16 566.41 0.138654
4 941.34 300.80 965.20 320.60 0.144932
4 920.45 307.41 945.57 322.38 0.135732
4 613.63 57.02 630.62 85.13 0.212382
5 399.59 305.50 436.92 353.30 0.160738
4 0.28 667.08 44.27 700.85 0.116490
4 1271.70 545.79 1312.37 569.88 0.109161
6 1295.85 519.26 1357.27 557.01 0.148771
4 1360.55 288.79 1382.53 305.47 0.144696
4 28.32 655.58 48.53 669.01 0.114546
4 735.86 304.46 744.23 313.20 0.124578
4 626.95 593.98 655.26 619.26 0.100685
1 293.62 731.10 307.19 763.44 0.140670
6 1079.11 303.62 1130.41 327.94 0.104727
4 1228.55 615.88 1242.03 629.71 0.094413
4 469.38 194.52 490.57 207.56 0.117184
1 1168.66 748.84 1180.04 769.07 0.183731
6 111.94 286.01 167.69 319.47 0.096996
4 721.67 306.77 735.00 322.02 0.134423
2 482.18 262.40 500.11 293.86 0.100335
4 515.72 348.45 526.19 369.85 0.157943
3 527.84 708.13 570.32 760.93 0.104212
4 1208.96 775.25 1233.38 787.36 0.086060
5 1125.41 723.94 1185.47 757.25 0.152796
4 461.75 289.58 474.15 296.43 0.097395
4 676.61 5.09 684.93 11.73 0.182882
1 824.47 702.95 838.18 727.63 0.160058
6 1111.75 459.84 1167.28 486.93 0.081865
4 1297.15 505.41 1312.40 517.08 0.086781
5 1263.54 507.35 1300.35 526.18 0.112708
1 354.23 191.11 362.00 205.15 0.105993
6 1051.12 541.85 1071.63 571.67 0.084094
4 689.10 1.14 698.97 11.98 0.117025
2 396.72 201.95 404.32 214.96 0.101350
4 172.11 199.54 187.53 215.35 0.107754
4 203.24 285.03 244.68 309.49 0.092862
4 513.31 371.10 525.47 392.98 0.145924
4 761.16 350.21 778.80 364.97 0.101810
4 1364.52 137.85 1398.94 157.02 0.094324
9 420.08 123.46 456.56 135.64 0.133160
1 547.63 664.57 556.11 678.99 0.087656
4 260.97 294.74 285.12 311.06 0.114492
4 1033.62 629.13 1079.18 648.23 0.105565
2 709.82 72.08 722.60 102.69 0.089121
1 1173.64 725.71 1185.94 747.91 0.118367
1 1187.33 543.41 1200.95 560.17 0.101366
6 0.37 413.23 160.37 623.20 0.096053
2 811.85 637.81 824.68 651.93 0.085712
6 1167.28 513.32 1193.78 531.03 0.081416
4 438.66 304.58 457.12 325.53 0.106093
4 1124.41 735.11 1135.25 752.36 0.086813
4 761.47 57.81 773.88 70.58 0.095511
4 633.28 312.93 642.63 325.28 0.108119
3 292.89 728.80 326.82 763.58 0.089201
4 213.53 438.84 236.18 449.23 0.089408
6 1124.70 723.60 1186.38 768.40 0.121267
4 1045.18 610.70 1085.65 632.15 0.084948
4 636.35 118.88 645.15 130.39 0.121250
1 548.14 444.89 558.58 461.50 0.107189
9 601.45 56.60 631.12 89.82 0.090512
4 743.82 142.45 752.83 153.04 0.117190
2 1168.47 725.18 1186.31 768.89 0.090835
4 1197.16 322.85 1220.41 336.13 0.096410
4 616.65 330.74 633.26 338.41 0.086789
4 144.98 229.03 164.61 251.90 0.084516
4 1364.99 218.24 1386.44 235.60 0.088551
4 639.22 25.69 648.18 36.98 0.103122
4 1227.82 493.53 1252.40 513.44 0.090638
4 53.24 614.05 70.69 624.25 0.086466
1 444.07 517.42 453.02 536.73 0.124402
3 5.66 380.98 41.25 411.42 0.116360
3 608.17 671.25 640.64 723.54 0.089597
3 292.63 706.99 348.14 763.75 0.098464
4 1018.95 233.37 1040.71 246.11 0.093951
4 81.23 214.40 95.66 228.02 0.106436
4 1205.36 222.83 1226.52 240.66 0.086187
4 666.40 0.14 674.05 8.28 0.189916
4 36.78 371.99 48.96 389.69 0.086038
4 764.31 236.17 772.03 249.06 0.093560
2 328.53 188.71 369.87 207.62 0.111066
4 1227.89 147.98 1246.93 158.17 0.104913
1 1201.53 541.57 1213.63 559.70 0.104632
4 1287.95 225.89 1311.38 241.54 0.082946
6 989.80 225.55 1006.86 243.38 0.089973
3 452.43 722.63 475.03 748.79 0.080425
4 478.03 0.66 494.29 12.06 0.136783
1 752.71 385.10 759.83 399.66 0.087577
4 154.49 343.12 183.02 364.34 0.094664
9 585.96 335.23 703.15 374.92 0.095311
4 623.11 180.74 637.49 193.97 0.080377
4 534.39 257.69 551.74 273.65 0.092438
4 548.36 409.35 560.27 428.63 0.093106
1 745.66 373.87 759.46 398.57 0.086510
4 1364.67 144.78 1384.16 156.62 0.089291
1 797.70 569.79 807.24 596.06 0.081440
4 638.35 48.23 647.10 55.62 0.093903
4 731.67 38.75 738.98 45.18 0.081524
1 735.51 347.82 742.73 368.44 0.103278
6 1252.83 497.95 1357.78 559.39 0.088155
4 510.28 52.52 524.53 63.53 0.125085
4 974.39 230.50 991.14 242.38 0.090562
1 354.13 709.96 366.50 731.19 0.081674
2 1187.13 539.19 1213.63 561.12 0.152209
4 579.84 24.69 595.11 38.89 0.087909
4 186.87 72.11 199.52 83.36 0.084917
4 727.86 61.88 737.51 73.74 0.090974
4 71.23 264.68 107.86 280.61 0.098305
