5 563.34 209.96 653.25 346.09 0.544500
5 570.42 144.60 648.97 262.30 0.497407
4 475.94 264.63 517.92 317.35 0.510760
4 289.17 69.37 314.34 98.30 0.514088
5 1010.09 443.07 1228.11 543.66 0.552379
4 399.62 203.52 431.60 241.25 0.482644
4 324.70 136.34 352.22 167.81 0.486909
4 260.46 336.45 296.38 383.44 0.496033
4 349.47 201.39 384.29 241.54 0.477977
4 223.25 182.48 248.53 214.41 0.498714
4 513.32 64.76 582.03 162.74 0.411974
4 466.56 138.09 499.51 181.39 0.412237
4 220.57 661.57 273.99 738.96 0.366537
4 513.67 179.22 551.83 218.26 0.432481
4 450.96 37.49 475.10 64.28 0.475336
4 828.57 483.00 910.55 533.22 0.439442
4 475.63 76.90 503.58 110.71 0.446021
4 507.39 133.22 538.33 167.52 0.420312
4 408.55 10.59 428.97 26.87 0.427229
4 434.88 3.09 456.39 23.13 0.418562
4 487.22 706.09 541.89 787.45 0.352074
1 340.01 535.10 353.50 561.32 0.362729
1 730.27 732.40 746.16 763.30 0.331014
4 386.06 92.29 424.26 142.05 0.378369
4 710.05 415.95 743.83 445.90 0.404719
1 761.34 759.00 779.63 786.92 0.367345
4 1047.98 59.41 1071.32 81.96 0.368035
1 588.39 118.59 599.96 146.36 0.277990
4 236.39 661.49 273.27 689.06 0.275837
1 655.02 229.68 665.78 270.28 0.193487
4 137.87 107.74 175.01 147.40 0.303320
1 593.23 13.51 607.41 54.92 0.249836
4 1320.64 421.71 1399.01 469.21 0.520821
1 756.19 732.12 770.51 759.39 0.306153
4 165.85 194.96 177.64 207.86 0.170800
4 268.11 563.15 295.31 574.26 0.162612
4 891.34 0.35 936.77 17.89 0.281531
4 524.24 572.01 578.15 665.14 0.351057
4 121.49 164.73 151.57 180.28 0.198466
4 604.77 139.23 627.92 164.14 0.290037
1 942.19 599.97 951.61 621.74 0.199542
4 997.76 661.57 1011.79 673.59 0.116664
2 729.25 730.74 770.32 764.02 0.188323
1 330.89 499.43 345.07 527.81 0.250365
4 616.66 318.38 652.42 345.69 0.164516
1 1152.27 235.94 1170.09 260.62 0.136867
4 947.23 611.56 970.72 626.37 0.126425
4 569.44 94.98 611.15 129.92 0.185577
4 144.53 106.66 162.15 126.10 0.124157
4 642.84 378.21 686.92 407.33 0.195653
4 0.15 655.87 84.37 726.94 0.168545
4 417.05 510.96 425.44 524.56 0.088547
1 875.78 261.07 885.92 281.46 0.184023
3 729.11 743.16 743.57 764.62 0.167672
4 328.82 242.59 341.26 256.57 0.116926
4 742.12 588.49 773.20 623.98 0.153608
4 510.01 64.14 522.63 86.35 0.118196
1 654.74 216.99 664.30 234.72 0.103941
4 21.95 216.74 56.81 253.20 0.197823
4 249.05 59.14 278.84 93.50 0.139406
4 976.45 736.31 1007.57 766.45 0.086924
6 1010.04 443.04 1227.96 542.98 0.094879
2 841.41 167.21 865.41 191.41 0.093700
9 1315.16 104.92 1399.70 201.37 0.089213
4 165.95 622.62 178.83 636.90 0.084952
3 487.19 175.95 499.25 193.54 0.165143
3 354.49 146.58 369.61 168.48 0.090119
6 512.75 63.84 651.41 261.42 0.104265
4 377.14 203.38 393.19 228.35 0.083725
1 1004.59 275.94 1013.68 293.04 0.126410
4 261.87 75.31 278.89 93.28 0.188632
4 646.60 2.09 708.71 42.23 0.129632
1 840.95 176.29 850.68 191.36 0.124191
1 1103.07 226.93 1115.37 240.16 0.091787
4 656.48 215.63 678.73 250.71 0.088174
4 1357.50 170.15 1375.50 190.07 0.113421
3 330.75 96.82 349.53 119.54 0.099718
1 634.38 151.66 642.81 165.24 0.139423
6 358.48 381.63 393.95 415.34 0.128923
4 694.78 631.94 704.13 647.59 0.092051
4 145.48 69.86 163.35 79.88 0.087884
1 972.18 283.28 981.93 306.52 0.110278
4 992.45 47.28 1009.39 83.11 0.105771
4 618.53 238.60 646.57 262.10 0.093064
1 319.92 499.51 330.60 518.03 0.142987
4 506.32 0.30 521.42 11.13 0.125524
2 758.25 223.76 768.01 242.56 0.083229
1 852.49 167.67 865.30 187.62 0.099330
6 0.31 16.91 68.50 387.51 0.085667
1 676.97 295.32 692.27 330.48 0.083777
3 319.95 502.15 345.28 528.55 0.199490
1 665.18 276.96 676.26 293.89 0.081012
4 803.24 38.20 861.61 70.58 0.101753
4 1316.84 163.69 1336.99 179.22 0.100254
4 711.39 415.64 730.44 429.87 0.093640
4 121.50 165.69 133.48 178.13 0.118630
1 757.91 223.69 771.14 253.82 0.101691
1 500.61 762.36 515.84 785.01 0.113788
3 480.65 161.38 499.38 193.72 0.100881
4 994.95 45.89 1009.21 63.25 0.119230
1 683.59 309.07 692.28 331.58 0.088327
2 523.41 149.58 537.87 167.00 0.084380
9 563.73 141.86 655.15 346.58 0.093462
4 969.07 37.58 1009.34 62.95 0.100449
1 516.57 22.34 527.71 50.94 0.145213
2 855.20 243.36 863.41 257.94 0.091118
2 71.73 507.65 96.11 540.73 0.080640
4 178.56 59.19 200.10 70.61 0.088478
4 1208.05 59.74 1236.45 82.08 0.101656
4 1193.50 71.02 1209.06 85.06 0.131332
4 84.92 137.26 104.14 151.12 0.085192
2 766.70 758.73 780.80 782.29 0.098199
4 555.95 114.09 580.02 140.32 0.087458
2 320.16 497.43 341.00 517.90 0.090405
4 0.15 265.56 25.38 317.03 0.156756
2 654.22 217.61 665.21 251.77 0.094156
