4 431.94 850.29 471.61 870.88 0.594568
4 1289.93 847.74 1331.56 866.17 0.602819
4 887.96 940.87 941.76 965.84 0.592544
4 640.87 833.02 680.88 850.40 0.521023
4 1213.26 836.02 1254.77 853.42 0.596777
4 888.19 846.07 926.48 862.24 0.482896
4 913.04 858.51 954.57 877.24 0.469877
4 856.92 868.16 899.16 888.45 0.512236
4 309.82 1021.21 374.90 1049.21 0.477791
4 518.36 761.49 533.96 777.65 0.399959
4 1379.32 870.59 1399.49 888.76 0.441426
4 1102.84 659.42 1119.29 669.54 0.389506
4 569.02 598.87 586.26 609.40 0.339636
4 491.03 765.72 508.96 781.27 0.431110
4 1070.64 612.39 1089.73 627.60 0.275550
4 605.92 586.26 621.54 594.99 0.179924
6 921.50 540.78 1050.37 603.92 0.178391
4 490.91 760.65 534.43 781.60 0.126199
6 1117.93 537.07 1165.65 556.27 0.129437
4 1027.72 822.97 1064.83 833.40 0.204091
6 560.70 542.07 676.73 592.80 0.133498
6 568.25 588.04 593.57 604.05 0.094568
4 1087.87 537.16 1115.55 553.97 0.154621
4 544.53 591.85 559.64 601.59 0.152241
6 391.94 504.28 425.55 522.53 0.104315
1 447.02 719.03 456.61 737.40 0.129097
4 623.32 584.22 643.00 593.79 0.103516
6 107.35 506.81 146.10 524.19 0.122809
3 237.72 744.17 262.88 767.22 0.155725
4 1031.81 603.03 1050.40 613.17 0.119871
4 627.91 526.28 643.19 534.01 0.103118
4 640.67 834.33 657.80 849.16 0.187652
4 580.08 588.53 594.46 597.80 0.119637
4 592.62 587.14 602.37 597.38 0.098958
4 573.90 616.91 588.52 628.99 0.098336
4 1069.42 545.44 1090.91 555.98 0.100168
4 1022.83 607.44 1048.74 626.00 0.122698
4 974.40 592.40 986.76 603.35 0.085204
4 956.88 592.98 975.62 604.64 0.135255
4 1014.19 599.58 1024.50 608.97 0.094664
9 768.58 551.46 823.37 579.66 0.085364
9 573.88 586.92 594.17 597.03 0.103780
4 636.79 586.72 645.51 594.60 0.103708
4 898.89 580.66 917.39 593.06 0.087899
4 1019.84 616.18 1035.12 624.95 0.245569
4 976.96 593.69 995.42 604.47 0.092436
4 598.27 525.54 611.27 534.11 0.081043
4 958.56 602.59 974.46 611.68 0.094263
4 1073.30 610.51 1088.40 620.11 0.088589
4 1086.70 614.02 1103.15 625.05 0.140782
