1 471.16 843.44 536.84 1011.82 0.420491
1 507.02 772.76 590.58 933.29 0.415185
1 1581.21 627.14 1624.85 700.28 0.473147
1 775.98 698.20 829.16 831.34 0.438735
1 544.34 716.87 607.93 839.96 0.358162
1 404.54 655.66 475.07 781.16 0.318006
1 830.17 686.71 886.16 798.05 0.422599
3 1679.40 14.28 1745.67 65.91 0.421096
2 1323.54 367.10 1361.90 428.32 0.217010
3 1007.65 564.73 1059.91 645.96 0.304276
2 456.47 683.76 891.40 1012.36 0.194251
1 615.68 712.38 690.97 830.89 0.309106
1 715.42 721.76 774.70 806.41 0.242752
3 1292.15 347.20 1331.56 390.61 0.328201
1 657.12 749.03 692.29 830.46 0.287732
1 1526.53 553.53 1599.04 655.90 0.477324
1 1008.28 543.68 1057.97 612.38 0.270043
3 475.49 782.76 508.44 839.06 0.191544
2 1006.99 545.45 1060.38 642.14 0.181784
1 1006.39 746.96 1096.56 861.11 0.200712
3 1292.16 346.03 1361.97 429.80 0.202840
2 1032.02 694.08 1118.46 765.29 0.253452
3 1067.24 570.77 1139.72 670.05 0.219725
2 830.35 721.87 887.28 801.73 0.292537
1 575.51 709.14 608.90 761.87 0.193574
1 1301.22 319.17 1330.67 381.60 0.195001
1 426.91 652.24 464.76 711.02 0.191738
1 1070.90 570.59 1138.86 637.33 0.182298
3 1054.40 623.87 1130.16 718.74 0.175850
7 668.61 739.69 744.70 810.46 0.117275
2 440.78 711.04 510.55 795.44 0.123472
2 1526.10 551.64 1626.46 700.86 0.086314
1 1700.47 0.26 1727.91 65.10 0.153607
3 1588.30 31.51 1618.12 103.92 0.155455
2 1056.09 635.53 1105.18 718.65 0.170296
3 1072.33 643.68 1105.25 719.38 0.119700
3 1982.31 617.74 1999.81 671.61 0.139019
7 623.18 720.97 774.48 820.77 0.099804
3 462.89 784.30 515.09 874.62 0.216431
4 667.11 723.19 772.64 808.45 0.248645
2 1008.69 543.38 1043.03 583.30 0.115233
3 1091.86 622.90 1131.71 671.01 0.104878
3 1684.11 10.14 1745.82 164.77 0.101519
3 1007.21 546.10 1138.96 704.38 0.095558
3 1685.40 117.43 1743.17 167.45 0.093372
10 1071.04 681.75 1102.89 719.72 0.115947
2 400.55 536.20 1634.17 1013.86 0.170306
2 775.84 685.46 886.95 832.97 0.115018
3 437.61 701.09 479.89 782.08 0.161195
2 1291.71 320.30 1362.86 428.84 0.113844
2 1684.46 0.48 1742.31 67.37 0.124696
2 1292.80 319.41 1331.61 388.53 0.171491
1 690.90 768.42 732.13 818.03 0.121794
1 1057.00 634.97 1091.94 678.35 0.136339
2 404.13 656.94 439.48 734.56 0.110914
3 1031.83 638.21 1118.24 764.42 0.092726
3 925.81 326.73 989.39 411.70 0.120729
3 442.25 716.85 513.64 837.02 0.165459
4 668.45 737.35 723.55 764.12 0.091172
3 1679.54 31.32 1710.79 65.34 0.104370
10 1329.09 366.98 1359.69 399.16 0.105025
1 1325.82 366.36 1361.18 426.74 0.114454
2 452.76 730.93 483.06 785.63 0.104212
3 1574.58 598.27 1634.21 658.71 0.086921
2 573.70 709.69 609.98 830.32 0.152233
4 716.28 722.00 767.34 768.21 0.109659
3 807.29 734.73 852.16 801.71 0.101596
3 831.33 759.55 887.81 801.94 0.084812
3 1546.21 11.55 1572.27 57.56 0.116296
3 1567.82 605.00 1596.13 657.41 0.121505
3 1067.74 304.96 1103.57 346.08 0.191465
3 474.94 785.68 558.84 933.99 0.285035
2 507.72 798.40 564.60 932.24 0.081765
3 1327.21 389.40 1358.92 428.41 0.156188
4 1854.25 9.24 1906.94 64.44 0.100744
3 1529.26 592.76 1589.56 647.96 0.096418
7 1006.12 544.56 1138.62 763.72 0.102425
