4 811.32 565.23 891.41 608.64 0.553644
4 541.60 564.94 607.72 609.96 0.553524
4 340.22 584.81 402.66 638.91 0.535715
4 227.55 438.00 262.47 471.06 0.492821
4 907.96 545.87 986.91 592.22 0.511213
4 608.19 554.38 679.40 594.22 0.522912
4 350.80 407.76 388.47 433.33 0.475369
4 383.32 383.94 409.19 401.94 0.438100
4 540.20 426.84 572.46 451.91 0.420649
4 386.32 355.48 419.68 371.43 0.411520
1 324.04 374.63 332.65 393.19 0.350944
4 510.73 417.28 542.57 437.04 0.349856
1 813.92 518.02 826.79 548.77 0.346831
1 832.69 517.31 845.81 544.27 0.316995
4 245.57 348.95 284.59 366.49 0.369768
4 664.50 464.88 718.31 499.92 0.422730
4 410.80 341.52 450.26 357.01 0.245046
4 317.97 357.30 354.28 371.72 0.374155
4 69.55 356.69 116.56 379.26 0.365762
4 179.74 901.05 287.73 1048.72 0.284583
4 720.27 449.24 768.25 480.71 0.293544
4 0.18 401.88 32.61 429.47 0.316537
4 1089.00 434.32 1154.35 466.92 0.253543
5 1040.36 434.21 1154.34 467.97 0.272489
1 493.65 385.09 502.09 401.92 0.233106
1 813.91 516.33 846.37 549.22 0.275288
4 1272.17 425.51 1313.59 447.49 0.262869
4 0.25 317.60 41.86 349.33 0.254764
4 215.33 337.92 246.52 359.73 0.229508
5 260.82 293.96 311.19 339.26 0.177510
4 352.04 332.76 375.58 347.06 0.257489
4 856.28 517.12 927.22 563.33 0.285068
4 186.86 338.41 215.20 358.97 0.179744
4 208.25 292.39 239.30 306.46 0.218131
4 214.03 322.65 235.14 337.47 0.202946
4 54.71 322.68 78.74 348.93 0.211339
1 362.52 365.85 371.39 381.97 0.243359
4 438.06 349.00 452.20 358.97 0.233810
6 1145.37 486.92 1371.77 615.62 0.142394
4 232.16 298.74 243.07 308.29 0.209330
5 106.46 336.77 183.93 362.33 0.155074
4 165.92 277.26 193.36 295.86 0.133104
4 464.66 361.47 476.52 374.73 0.205281
4 1342.62 407.86 1374.43 427.08 0.269861
6 387.37 252.24 447.23 335.47 0.204207
4 352.02 364.13 370.65 381.60 0.268146
1 249.84 339.74 259.28 354.81 0.158307
3 807.04 475.90 827.25 495.60 0.153846
4 252.16 287.23 273.53 303.20 0.141742
4 455.68 354.71 472.01 365.49 0.219618
4 764.37 455.33 788.35 471.83 0.219063
5 407.71 331.01 444.87 353.59 0.153687
3 806.98 473.01 850.81 496.67 0.139315
1 406.98 376.78 415.09 392.81 0.211869
4 182.60 316.49 210.09 333.36 0.141673
3 915.63 509.69 934.04 530.21 0.160789
3 548.42 398.35 575.21 417.41 0.124284
3 593.69 410.67 628.80 455.32 0.090638
9 348.20 308.96 380.17 346.86 0.099394
1 671.85 448.60 682.23 464.13 0.161011
4 91.20 307.42 129.21 335.28 0.117601
4 720.39 448.12 738.76 467.99 0.129443
4 398.55 311.37 413.34 326.04 0.124360
4 192.12 274.37 217.54 293.97 0.114390
3 768.21 492.38 805.43 511.69 0.085558
4 352.61 363.08 364.60 372.89 0.085901
6 1252.41 484.79 1328.12 517.38 0.101788
4 510.28 416.94 572.63 452.44 0.109866
4 129.47 336.83 157.95 351.29 0.143018
4 112.18 321.73 129.67 336.38 0.144865
9 234.78 285.15 277.07 307.69 0.126080
9 1146.13 525.75 1206.36 594.76 0.100392
1 503.11 378.39 512.81 395.64 0.084122
6 1016.86 434.18 1155.99 523.28 0.093094
4 1202.85 578.50 1276.88 616.84 0.139866
4 15.95 298.29 48.85 317.93 0.116732
5 1090.00 435.67 1121.09 460.77 0.096117
4 92.88 306.72 115.53 323.72 0.099110
4 1149.10 466.15 1191.70 499.32 0.096820
4 573.17 409.94 587.55 426.51 0.091353
1 754.14 463.47 766.53 482.49 0.115869
1 511.29 377.09 521.34 394.66 0.098851
6 190.23 274.58 235.69 304.89 0.087439
1 478.51 374.01 489.30 394.77 0.101034
3 768.80 475.78 827.24 511.98 0.179269
9 1145.79 524.33 1278.60 615.73 0.114672
9 0.21 286.01 47.80 349.62 0.082810
4 238.67 263.25 252.70 274.08 0.084202
1 617.40 432.78 626.36 455.39 0.120847
4 389.80 339.00 400.32 349.93 0.101932
4 1337.93 548.68 1396.45 580.43 0.102319
1 257.43 339.10 265.05 353.61 0.112889
4 81.26 319.98 128.52 342.61 0.091092
4 310.61 332.98 342.25 347.88 0.166182
4 105.77 340.82 133.89 362.41 0.128040
4 317.64 362.09 331.00 373.49 0.113021
1 877.50 539.61 892.90 570.77 0.102676
4 260.33 309.30 274.43 322.34 0.149776
4 529.61 391.64 544.92 409.48 0.100269
4 104.33 360.99 122.43 383.04 0.088762
9 0.42 290.12 118.66 351.79 0.087745
1 854.38 520.52 868.96 544.52 0.092029
4 351.35 408.86 365.34 426.08 0.125486
4 269.17 345.88 286.65 359.13 0.119418
4 188.54 295.03 202.26 307.43 0.107418
6 1114.66 434.98 1154.40 466.47 0.086390
4 1259.27 439.20 1284.35 458.21 0.139410
1 467.55 376.10 475.88 396.08 0.100712
4 408.97 324.72 440.00 339.01 0.099463
4 577.66 338.90 599.68 358.42 0.086795
4 407.01 328.85 426.87 341.14 0.084307
