4 616.25 388.89 647.97 436.34 0.489226
4 883.50 214.74 909.12 235.91 0.406669
4 670.71 73.10 715.46 138.89 0.392770
4 293.43 653.84 323.94 677.60 0.367308
4 678.09 268.27 700.23 297.54 0.367765
4 593.55 87.84 626.41 104.44 0.346415
5 638.38 0.91 706.07 69.74 0.307230
4 660.27 618.36 696.03 696.41 0.360333
4 372.76 606.25 407.57 653.36 0.338902
4 1120.44 118.35 1154.76 147.59 0.185346
4 1012.52 166.39 1106.49 211.42 0.215748
4 1262.66 93.60 1292.67 120.32 0.207281
4 873.96 0.04 892.03 10.78 0.261077
4 1359.31 149.56 1388.84 175.89 0.206829
4 680.68 34.93 693.31 46.88 0.318524
4 1297.72 277.61 1328.95 299.41 0.227400
4 979.97 173.51 1001.88 188.80 0.247103
4 575.07 396.53 588.47 421.59 0.248551
4 965.22 7.88 1000.81 33.25 0.194273
4 1169.39 369.95 1193.70 395.32 0.267804
4 1088.45 76.94 1122.43 97.45 0.187200
4 883.44 66.38 919.93 92.34 0.235000
4 1184.22 89.52 1226.46 113.17 0.184704
4 102.85 335.74 126.18 359.59 0.260948
4 1364.48 78.72 1385.68 99.15 0.180414
2 1198.39 385.53 1231.88 404.58 0.193654
4 1098.58 114.31 1126.91 145.25 0.186428
4 1312.47 189.97 1329.97 206.64 0.207759
6 643.94 1.96 703.03 26.54 0.194453
4 168.45 657.00 208.94 679.67 0.240111
4 856.29 61.83 874.76 80.84 0.208654
4 703.57 38.62 723.78 57.55 0.213095
4 425.24 140.56 456.76 172.81 0.215011
4 502.08 269.22 539.50 295.84 0.184602
4 885.16 31.05 909.90 47.53 0.190524
4 1367.41 29.28 1394.20 50.52 0.174663
3 1013.37 411.82 1083.47 450.02 0.227697
4 1012.59 166.48 1055.24 199.23 0.155334
5 1202.20 415.91 1255.57 492.26 0.182892
4 1296.38 71.31 1314.66 87.67 0.167726
4 1014.61 89.16 1047.42 122.19 0.164977
4 1248.16 131.34 1277.63 152.30 0.158233
4 1252.87 172.46 1272.98 192.73 0.151768
4 1271.15 170.01 1305.81 198.16 0.134143
4 1269.10 203.25 1303.33 230.36 0.153323
4 1210.11 165.68 1230.36 185.39 0.136489
4 1063.58 99.46 1101.64 136.10 0.156265
4 1285.05 138.29 1348.21 163.00 0.109292
4 1318.57 46.73 1340.16 70.57 0.146532
5 1122.69 643.44 1398.91 787.11 0.205452
4 1312.36 181.16 1345.37 206.95 0.116858
4 1016.59 414.76 1036.62 432.80 0.171386
4 896.89 36.29 956.81 67.31 0.133092
4 996.20 129.89 1031.56 158.25 0.147899
4 1045.48 107.45 1067.02 132.60 0.169649
5 1146.09 365.38 1170.67 389.86 0.159737
4 1172.98 183.97 1196.01 200.69 0.155838
6 455.09 321.76 494.01 387.40 0.147167
4 426.33 357.17 442.04 370.45 0.184225
4 998.93 65.40 1031.28 84.29 0.147632
5 1107.91 564.71 1148.65 607.24 0.095583
4 928.66 162.12 959.41 176.08 0.127608
6 1012.01 143.30 1113.03 211.20 0.166412
4 873.07 189.38 894.99 216.34 0.141659
4 965.61 84.09 1002.32 112.73 0.118043
4 995.23 86.78 1027.72 120.78 0.144215
4 909.82 9.96 950.15 34.09 0.127677
9 959.08 18.51 1028.82 66.57 0.091295
4 1305.77 171.67 1325.53 189.25 0.133924
5 1012.59 166.41 1083.76 209.85 0.144280
4 900.99 633.01 920.45 689.28 0.176056
9 643.29 0.98 704.91 47.89 0.137083
4 1332.07 76.59 1350.88 94.27 0.142995
4 1150.37 161.22 1176.48 178.10 0.151378
4 1233.61 258.44 1276.81 280.15 0.111516
4 661.25 670.62 694.70 696.17 0.101648
4 1233.29 260.02 1329.42 301.15 0.080515
3 1192.91 522.64 1219.29 563.26 0.119821
3 1250.19 400.90 1276.47 432.41 0.144774
4 1154.76 130.97 1176.64 153.77 0.115493
4 1229.18 173.49 1249.70 189.87 0.118900
4 955.69 16.33 1055.41 70.02 0.112247
3 1203.12 443.50 1248.11 492.62 0.116648
4 1016.54 0.82 1051.85 23.57 0.106614
6 1023.64 202.20 1259.88 392.48 0.112227
6 1047.50 143.31 1111.93 179.15 0.196199
4 940.41 0.93 965.05 17.64 0.140263
4 1062.55 41.84 1103.60 69.05 0.102792
4 671.35 103.04 698.27 138.24 0.137103
4 1165.54 80.30 1187.48 96.98 0.131063
4 344.56 455.36 360.15 474.74 0.142930
9 1335.47 604.88 1398.77 650.73 0.107283
4 1107.15 0.84 1145.39 19.06 0.118444
4 959.09 130.69 980.92 146.51 0.132714
3 536.82 233.40 563.54 281.35 0.083103
4 435.23 376.85 444.50 389.51 0.090408
6 1061.38 2.93 1146.78 78.07 0.110147
4 1230.92 160.36 1271.20 190.23 0.118605
4 1139.53 364.09 1194.68 395.46 0.161621
4 1202.68 66.07 1248.10 92.82 0.113581
4 1045.85 91.79 1084.84 133.01 0.088218
1 989.43 675.57 1006.25 706.38 0.098219
4 1193.51 186.26 1215.25 198.75 0.106065
4 912.61 20.11 935.83 33.77 0.108013
4 1095.72 196.25 1143.06 220.36 0.103702
6 1185.96 8.06 1282.46 69.88 0.095495
4 1296.11 104.84 1317.42 125.49 0.107840
2 1170.11 381.56 1181.22 397.18 0.097826
6 1186.89 32.51 1247.62 67.21 0.107643
6 1025.15 558.32 1148.28 607.27 0.083885
3 1362.95 454.16 1399.31 494.16 0.095788
4 501.48 275.57 519.18 295.85 0.094216
4 80.05 660.10 102.32 676.53 0.133040
4 575.88 124.53 588.76 140.54 0.095022
4 942.51 117.27 981.46 147.95 0.105583
4 553.02 183.54 573.91 210.64 0.087634
4 421.71 431.77 434.44 447.20 0.110769
4 967.09 145.16 993.40 165.80 0.099376
1 1142.57 545.92 1152.56 558.39 0.089760
4 929.61 36.15 953.46 51.66 0.108474
4 1347.62 59.49 1367.79 78.22 0.088808
4 1386.99 120.68 1399.81 143.44 0.155190
9 28.34 360.07 583.27 787.22 0.096524
4 1078.41 181.84 1106.98 207.71 0.100034
4 1324.20 99.64 1344.05 118.90 0.106506
4 1192.72 121.70 1210.04 138.08 0.102700
2 975.01 639.80 1006.76 706.75 0.088290
4 1296.47 97.61 1343.90 125.77 0.092371
4 624.98 0.54 645.97 17.28 0.084283
4 965.32 94.90 980.66 109.81 0.087557
4 964.98 18.77 986.53 33.11 0.097864
4 133.23 561.56 159.68 585.53 0.081084
4 1382.91 188.07 1399.54 209.14 0.239668
4 76.10 336.08 103.30 357.97 0.138746
4 1229.09 201.39 1252.66 220.91 0.089106
6 1048.43 150.02 1074.84 173.17 0.104550
6 1165.51 360.42 1197.74 395.47 0.082865
4 979.26 7.29 999.90 22.86 0.121774
4 964.89 169.91 980.62 183.65 0.091714
4 435.12 365.31 459.97 390.31 0.081417
4 965.72 162.26 1002.26 189.12 0.104332
4 1029.08 183.44 1051.46 203.12 0.087984
4 954.08 80.11 973.14 94.76 0.087193
6 1141.89 350.11 1239.06 397.10 0.085132
4 898.90 152.42 925.69 168.18 0.098809
4 1153.59 51.55 1184.14 78.06 0.088489
4 1156.51 181.94 1214.71 206.76 0.096416
4 1330.96 112.32 1354.60 133.29 0.082409
4 1352.52 55.49 1384.34 77.01 0.085504
4 1254.87 411.50 1276.20 431.90 0.094890
6 1122.82 605.38 1399.02 787.43 0.103874
4 1360.45 11.89 1383.94 31.60 0.083244
4 842.93 351.31 861.48 373.52 0.083559
4 635.11 41.76 645.00 54.06 0.086984
9 640.58 23.84 704.70 69.19 0.080926
4 210.99 660.90 224.21 682.50 0.081217
4 895.75 51.88 917.75 66.75 0.082419
