4 1029.66 1007.46 1144.57 1077.12 0.458362
4 1101.01 361.86 1154.24 386.53 0.365906
4 976.39 957.46 1077.50 1049.92 0.440940
4 61.77 625.72 115.11 653.66 0.347013
4 989.69 370.95 1015.62 393.57 0.358209
4 938.62 373.77 961.85 397.57 0.367371
4 1364.03 344.87 1393.32 364.47 0.328530
4 1319.37 350.53 1350.44 369.11 0.340293
4 118.92 329.44 169.24 350.28 0.293779
4 964.77 374.04 986.31 395.68 0.337392
4 286.49 352.55 332.73 374.43 0.245439
4 913.18 381.45 933.57 400.67 0.292706
4 1314.72 312.40 1354.11 342.62 0.300328
4 329.77 359.71 377.17 383.51 0.223520
4 1195.31 979.10 1233.06 1020.89 0.232638
4 67.20 601.62 125.42 625.86 0.245914
4 1443.67 335.91 1474.90 355.56 0.261354
4 1219.98 353.17 1248.46 376.28 0.309182
4 504.21 215.77 534.34 229.80 0.247780
4 1176.61 305.56 1204.40 323.46 0.156314
4 774.36 404.80 790.37 420.98 0.250976
4 1416.59 337.19 1449.29 358.07 0.218697
4 1136.70 970.62 1167.60 1000.94 0.184919
4 904.28 213.33 919.77 230.47 0.173260
4 266.32 342.92 308.96 367.55 0.198807
4 1004.98 337.49 1036.46 355.05 0.202260
4 171.52 297.10 216.66 315.08 0.210090
4 130.11 647.87 156.35 668.65 0.211851
4 912.90 333.89 932.00 344.19 0.152404
4 148.78 314.48 189.93 339.37 0.201484
4 215.98 270.12 247.16 286.71 0.198903
5 651.27 516.24 671.09 566.42 0.132345
4 1115.61 332.34 1133.55 344.72 0.221790
6 232.68 123.56 695.60 377.40 0.126483
4 764.32 392.48 790.75 421.93 0.176691
4 1715.52 337.40 1790.34 368.00 0.133806
4 764.60 390.00 787.97 404.16 0.128607
4 1068.32 327.68 1085.31 337.53 0.128183
6 94.96 398.04 672.69 669.19 0.136538
4 947.80 320.88 994.12 340.96 0.103174
4 1201.65 315.49 1231.30 327.15 0.157671
4 1801.69 274.74 1843.19 297.18 0.107778
4 129.95 635.29 188.14 668.98 0.124116
6 1716.73 243.83 1864.44 295.75 0.161457
4 1319.04 324.82 1340.69 342.50 0.242076
3 853.66 371.14 900.01 408.21 0.099565
4 106.76 599.20 127.12 620.91 0.132417
6 607.64 410.16 671.81 567.66 0.103746
4 61.35 599.16 130.51 653.64 0.174803
4 330.66 359.51 354.11 373.84 0.118279
6 1707.03 284.42 1746.16 317.08 0.139028
4 977.62 325.95 995.20 339.68 0.125597
1 532.05 1029.05 553.10 1076.52 0.116513
4 248.04 307.33 294.59 326.00 0.114508
4 264.92 285.51 279.88 301.66 0.107293
6 1433.61 304.53 1506.51 336.57 0.115921
4 257.08 241.11 273.01 262.13 0.081194
4 1256.50 311.29 1284.29 324.07 0.109612
4 253.25 325.20 291.60 345.03 0.168853
6 1223.93 313.92 1252.43 341.27 0.113083
4 1125.41 312.95 1146.42 329.87 0.110265
4 42.79 424.74 69.64 442.30 0.121776
4 381.15 614.15 399.85 628.57 0.089979
4 0.12 499.49 17.66 524.00 0.126258
4 27.59 304.41 76.15 335.21 0.089571
4 284.43 350.88 378.44 384.81 0.086038
4 1714.95 343.20 1743.24 366.98 0.107126
4 1621.65 316.05 1662.19 339.15 0.087019
4 1314.50 282.69 1358.41 304.05 0.110986
4 267.54 952.99 410.93 1012.88 0.081654
6 617.38 515.36 671.55 567.47 0.105058
4 162.04 307.96 193.46 324.92 0.121481
9 779.97 274.98 851.69 306.27 0.104455
9 1222.18 315.94 1279.87 342.41 0.083232
4 233.44 255.27 263.88 271.80 0.132977
6 1503.15 289.61 1586.92 331.30 0.111337
4 1181.84 188.12 1201.20 201.91 0.101609
1 1075.58 1047.84 1104.99 1077.17 0.097403
4 100.57 618.95 131.43 644.65 0.141189
4 1779.17 415.10 1813.18 434.57 0.082147
4 273.73 305.47 297.24 319.33 0.115380
4 1482.65 335.99 1516.62 355.72 0.164825
4 69.62 339.04 95.83 362.05 0.105157
4 908.79 333.92 946.96 346.80 0.122410
4 329.35 325.05 351.95 340.96 0.081185
4 807.43 379.43 828.69 396.11 0.092665
4 794.92 339.29 812.23 356.01 0.114424
4 65.31 368.49 95.50 384.50 0.092028
4 1147.25 322.06 1164.78 333.93 0.092315
4 497.24 244.42 539.10 261.53 0.084389
4 142.01 327.86 171.67 345.36 0.104945
1 1219.51 351.50 1248.83 395.42 0.080538
4 932.94 337.24 948.61 346.45 0.098343
4 1413.39 337.03 1434.70 352.08 0.082678
9 1314.24 311.23 1353.79 325.06 0.127876
4 1224.01 327.75 1247.54 340.53 0.112464
4 854.22 383.59 877.32 404.42 0.101405
4 1148.42 327.86 1166.67 345.66 0.084945
