4 1068.02 131.08 1087.14 147.69 0.572044
4 1046.46 71.21 1062.58 84.42 0.524922
2 464.21 245.96 477.15 259.66 0.375676
4 938.82 157.68 958.34 175.22 0.394566
4 389.88 240.32 409.65 256.19 0.263945
4 417.94 193.68 427.64 206.83 0.233232
4 351.75 266.11 375.06 284.40 0.199615
5 916.19 53.31 958.00 78.24 0.181884
4 683.28 56.82 737.49 77.36 0.138031
4 485.99 269.93 495.72 276.38 0.147544
4 777.64 12.01 812.13 29.45 0.215683
4 407.48 164.47 434.97 194.91 0.168305
4 800.56 43.65 818.72 61.83 0.164582
9 620.92 120.74 689.51 194.42 0.112182
4 944.89 67.46 968.33 82.46 0.143202
4 509.99 242.37 522.54 254.44 0.179809
4 531.18 314.62 545.32 327.38 0.143900
9 738.92 174.41 790.30 207.48 0.098855
9 654.78 442.42 844.60 787.02 0.124303
4 938.35 146.54 969.21 175.94 0.134311
6 1016.70 1.49 1087.14 28.86 0.162545
4 1010.86 78.35 1017.81 85.81 0.104831
2 323.85 237.11 346.46 276.86 0.104457
4 822.45 183.16 844.63 200.54 0.101324
6 507.15 294.36 562.81 337.92 0.102815
4 932.19 72.42 951.85 85.68 0.144095
4 971.29 173.23 987.21 184.97 0.128904
1 464.33 246.05 477.31 259.87 0.080616
4 915.80 61.56 931.47 76.01 0.203627
4 531.40 66.02 551.32 79.02 0.099154
4 518.87 53.08 566.53 82.71 0.084142
4 705.42 164.19 717.15 174.96 0.092934
9 652.79 75.21 1018.28 785.97 0.114145
4 984.45 145.71 995.19 159.22 0.112151
4 672.62 192.23 701.31 212.83 0.091523
4 1013.39 49.82 1020.49 58.00 0.110858
4 487.64 16.10 515.13 39.32 0.090088
4 617.15 203.65 635.04 222.41 0.100375
4 411.62 184.25 428.72 207.11 0.122227
4 497.92 244.13 508.62 252.59 0.128204
4 1025.27 16.44 1034.12 28.43 0.116379
4 1069.59 19.60 1079.90 29.66 0.113563
4 418.42 220.16 429.74 231.70 0.098221
4 906.25 153.46 917.70 167.22 0.118818
4 346.92 252.70 359.42 265.45 0.085810
4 942.75 235.76 952.95 248.12 0.083363
4 1047.51 22.21 1056.48 29.70 0.093412
6 915.01 53.11 966.38 85.20 0.099278
4 324.05 237.00 338.84 257.91 0.082638
4 1011.65 19.66 1023.90 27.54 0.080264
