4 1183.33 1.41 1270.67 62.07 0.484326
2 1406.58 645.70 1439.57 695.27 0.487263
4 1139.57 109.81 1244.30 171.73 0.402719
4 1531.57 713.79 1663.79 898.35 0.385225
3 1508.92 501.23 1581.69 553.88 0.315888
2 1473.27 488.23 1501.97 538.83 0.361200
6 1139.61 109.84 1244.35 171.75 0.087693
3 1540.89 641.60 1619.70 706.28 0.338885
4 1244.99 315.43 1309.72 407.61 0.284584
7 599.89 1112.16 878.09 1378.06 0.246637
4 1467.70 295.96 1542.31 399.93 0.355266
1 1552.46 929.34 1609.04 992.31 0.364872
1 1619.26 956.42 1681.26 1015.58 0.379545
1 1311.23 248.27 1334.36 301.41 0.311778
4 1504.93 376.08 1617.20 475.83 0.269454
1 1320.32 565.87 1350.08 626.90 0.338004
4 1417.78 142.22 1474.84 191.67 0.240171
7 995.24 836.23 1125.00 938.32 0.223683
1 1418.37 310.87 1448.52 366.83 0.340875
1 1689.18 959.00 1749.57 1015.16 0.368890
1 1445.15 410.64 1473.68 467.41 0.305192
4 486.48 1412.64 658.37 1499.43 0.213188
3 1213.30 953.56 1259.40 1015.26 0.259144
6 1119.22 1307.97 1255.33 1480.77 0.237124
3 1646.47 674.08 1718.62 742.67 0.296000
6 993.64 607.77 1138.11 937.53 0.317436
6 1267.65 423.95 1305.65 498.21 0.176412
1 1157.85 676.98 1182.89 733.11 0.259214
6 1116.91 1195.03 1556.25 1489.83 0.225787
3 1259.76 608.24 1284.79 644.43 0.217645
4 1434.97 94.98 1478.81 124.52 0.225994
2 1454.21 173.15 1478.54 212.26 0.225629
4 1430.14 121.26 1467.85 160.07 0.204807
1 1320.35 165.57 1339.22 214.04 0.278442
5 1255.75 345.27 1306.52 408.13 0.158117
6 1467.87 295.70 1542.15 399.78 0.106030
2 1446.84 406.26 1659.41 701.43 0.103534
4 1254.91 237.85 1274.76 261.16 0.184484
3 1141.31 953.17 1259.91 1018.01 0.159214
6 1415.25 97.66 1478.98 199.32 0.194578
2 1305.10 347.67 1327.78 384.62 0.139588
4 1243.83 546.19 1274.60 573.10 0.192129
4 1245.98 157.58 1286.26 188.99 0.175506
2 1155.38 676.06 1185.39 805.56 0.134769
6 522.66 856.38 723.49 1104.22 0.146009
3 1286.40 209.19 1307.86 253.29 0.144678
4 1258.91 215.17 1290.84 254.46 0.200403
1 1156.16 720.71 1191.92 808.83 0.235495
2 1551.86 928.32 1750.95 1020.88 0.162587
1 1468.72 449.17 1501.31 525.61 0.234330
1 1408.50 622.85 1445.56 688.53 0.266672
4 1448.77 42.32 1476.10 69.94 0.172256
1 985.62 1110.70 1041.77 1198.25 0.119448
4 1414.14 33.52 1448.27 76.28 0.217319
6 898.54 1268.17 1027.74 1499.00 0.149061
4 1257.68 327.90 1295.62 350.09 0.160143
4 1492.29 464.95 1536.09 510.33 0.099884
6 0.90 1059.77 480.33 1484.23 0.155695
7 1207.25 663.34 1266.81 713.39 0.126229
6 1181.30 387.47 1306.44 584.42 0.092084
3 1322.62 593.17 1347.14 627.43 0.266960
1 1303.94 346.28 1328.04 402.86 0.152721
3 1526.14 549.16 1597.30 602.71 0.188538
6 1908.04 1067.59 1999.19 1155.73 0.150594
3 1595.19 573.90 1629.81 612.81 0.145124
3 1523.92 556.37 1556.94 596.98 0.182880
3 1309.99 181.80 1336.68 215.56 0.151595
1 1299.69 507.85 1325.58 560.05 0.269994
4 1238.55 502.38 1305.21 575.04 0.145353
3 1304.28 351.34 1321.46 393.18 0.081838
2 1601.50 547.04 1634.50 612.75 0.149227
2 1468.33 445.64 1557.33 540.26 0.113366
4 1247.78 315.61 1309.89 353.61 0.088799
1 1604.05 548.61 1634.37 593.57 0.173785
1 1307.39 480.34 1329.40 520.17 0.167329
3 1298.00 188.38 1317.70 216.48 0.098441
3 1295.71 380.25 1315.58 408.42 0.137816
3 1406.77 645.81 1437.02 693.52 0.080864
2 1302.83 172.64 1323.49 214.35 0.123582
1 1431.99 311.37 1449.35 352.94 0.162576
2 1145.51 720.37 1177.88 808.38 0.109001
7 1268.69 426.03 1305.46 466.01 0.094331
9 1705.44 15.13 1766.83 118.33 0.103431
4 1171.10 532.41 1200.13 558.69 0.097207
3 1284.22 384.79 1305.39 410.05 0.097921
2 1491.38 449.79 1532.72 509.11 0.106245
3 1639.61 643.25 1663.58 680.79 0.142013
7 1202.04 654.61 1268.16 794.70 0.081149
1 988.40 935.44 1024.26 1038.96 0.154694
4 1238.19 109.26 1267.43 129.56 0.101197
10 736.77 1349.06 817.41 1435.52 0.116109
2 651.70 1355.61 711.92 1421.11 0.086882
2 1527.12 540.78 1653.04 648.99 0.095456
1 1573.35 596.29 1608.24 647.43 0.153997
2 1445.90 430.84 1465.35 468.38 0.326191
7 1268.67 405.30 1302.34 430.90 0.087439
1 1304.70 321.90 1323.92 354.23 0.127124
10 996.21 1144.38 1029.25 1196.07 0.084642
4 1255.69 24.15 1286.55 60.53 0.110833
6 1.08 689.82 721.40 1497.60 0.148703
7 1538.04 593.77 1619.81 705.65 0.090915
2 1531.37 594.07 1575.87 646.95 0.131959
3 1300.17 522.33 1316.96 561.25 0.096114
2 1620.23 980.84 1650.69 1014.67 0.094384
4 1406.31 13.99 1468.63 67.16 0.107841
1 1525.00 539.53 1554.50 594.26 0.148043
2 1303.96 322.30 1325.61 369.02 0.088810
10 681.79 1409.80 723.81 1456.38 0.109411
1 1457.97 410.20 1474.55 437.18 0.080228
4 1134.29 123.40 1153.92 166.95 0.093159
4 1167.15 0.00 1202.56 7.83 0.202348
2 1525.25 463.07 1556.88 507.75 0.113530
6 1405.23 11.67 1478.95 78.73 0.094424
2 1626.98 550.99 1650.84 593.00 0.118243
4 1439.31 15.69 1467.67 58.44 0.095018
6 1466.15 296.11 1617.53 475.88 0.127944
4 1235.92 109.56 1286.18 183.24 0.104753
9 1.50 1187.65 479.75 1483.05 0.139665
3 1611.15 602.00 1647.31 643.75 0.081769
3 1418.98 332.41 1437.09 367.20 0.240376
7 1168.08 782.44 1233.37 846.85 0.119705
4 1400.03 19.63 1418.80 56.02 0.094549
2 1158.75 719.38 1179.69 755.64 0.081075
7 1236.41 416.04 1306.24 499.21 0.111185
4 1419.76 105.24 1433.43 128.82 0.091680
3 1702.60 975.81 1749.43 1015.25 0.115742
2 1588.61 560.63 1611.61 597.25 0.084446
2 1497.88 447.41 1527.19 474.24 0.093912
4 1272.79 157.99 1287.75 183.28 0.086622
4 1388.49 0.76 1437.92 22.55 0.119914
6 1641.16 484.60 1802.94 732.45 0.082441
3 1540.92 645.75 1575.69 694.06 0.085196
1 1210.02 560.37 1224.96 593.41 0.087663
7 1497.70 459.79 1580.68 553.81 0.093044
3 1481.46 510.52 1500.62 538.52 0.176299
2 1792.69 234.41 1826.75 306.97 0.084628
4 1205.56 0.00 1247.64 19.53 0.083151
2 1263.55 161.14 1341.65 305.12 0.081380
3 1307.65 510.40 1326.93 540.66 0.109819
4 1657.84 674.24 1715.85 719.73 0.090702
3 1311.73 264.22 1329.44 301.19 0.101023
6 421.41 1412.26 660.87 1499.05 0.124631
2 1418.63 294.45 1754.11 1022.13 0.173113
