4 1224.05 314.42 1281.88 343.68 0.477292
4 168.55 306.34 219.10 338.63 0.465727
4 1227.37 253.40 1268.01 277.86 0.400525
4 121.01 338.82 173.69 372.43 0.450823
4 637.52 186.93 664.13 222.65 0.476068
4 235.41 298.92 282.62 322.12 0.486571
4 483.81 119.99 504.24 144.36 0.484761
4 559.70 36.04 578.71 58.92 0.476762
4 1338.57 257.11 1382.59 280.65 0.437484
4 366.51 475.04 402.02 518.85 0.429166
4 528.56 199.22 552.64 229.42 0.488749
4 518.78 82.16 537.82 104.61 0.524349
4 761.92 7.16 794.53 23.86 0.393353
4 1119.42 490.95 1168.57 539.95 0.442047
4 572.76 79.53 607.20 134.77 0.401648
4 594.89 37.38 613.66 62.61 0.461883
4 1139.00 316.83 1196.83 347.94 0.328145
4 874.79 280.30 908.01 314.51 0.370221
4 103.40 382.50 139.67 420.95 0.340711
4 1020.11 2.83 1053.61 32.63 0.329774
4 821.58 702.06 869.93 787.33 0.483051
4 866.88 213.28 891.61 233.81 0.372047
4 1143.18 75.52 1177.16 93.22 0.278407
4 1345.73 224.67 1399.73 250.85 0.343978
4 1173.01 268.43 1221.43 299.28 0.344160
4 960.68 214.33 993.57 249.75 0.327999
1 1267.10 208.33 1278.08 224.85 0.325589
4 390.40 196.99 407.64 219.53 0.333926
4 861.35 35.80 883.51 60.79 0.317787
4 496.97 0.24 520.60 31.95 0.339255
4 372.45 428.24 399.19 459.08 0.347421
5 1099.77 100.54 1217.55 181.42 0.209373
4 580.44 112.06 606.75 134.23 0.274061
1 1332.33 207.64 1343.62 226.72 0.304554
6 138.49 121.09 354.58 252.35 0.240679
4 361.34 537.38 393.04 600.78 0.289859
4 388.92 224.09 403.85 248.09 0.331438
4 1132.19 336.20 1181.43 362.19 0.306056
4 1348.07 33.45 1399.81 87.36 0.240058
4 1122.31 352.20 1181.65 380.66 0.301979
4 372.66 88.59 389.82 105.35 0.274825
5 1060.78 60.54 1124.16 123.22 0.204790
4 662.40 0.27 686.41 22.06 0.300757
3 107.22 301.40 136.30 323.25 0.192578
4 1180.09 663.30 1200.86 677.85 0.183495
5 1326.98 173.48 1398.98 210.19 0.197764
4 394.13 140.81 409.01 169.36 0.310641
5 1164.44 168.79 1239.50 205.94 0.214949
4 1192.67 169.28 1238.40 203.83 0.190926
4 243.38 200.84 266.51 226.00 0.279286
4 851.56 449.92 862.47 458.36 0.136704
1 350.23 179.67 358.50 194.72 0.213537
4 399.16 113.64 417.22 131.29 0.307494
6 0.31 446.43 102.11 650.55 0.191046
4 388.46 174.19 407.10 195.78 0.277418
6 1269.05 422.32 1399.56 514.39 0.194232
4 1025.97 82.46 1034.75 96.95 0.181997
5 1108.02 51.38 1169.53 92.98 0.189706
6 817.69 76.07 918.45 121.64 0.178397
5 321.13 155.75 352.18 223.08 0.216397
4 809.75 647.28 821.04 677.26 0.206817
4 892.92 305.82 915.64 333.90 0.267163
5 1177.32 459.57 1264.29 550.67 0.165242
4 202.09 203.16 230.47 229.00 0.228374
4 1210.75 659.07 1231.59 673.87 0.157419
4 991.71 222.41 1005.48 237.69 0.234583
6 1102.36 362.88 1399.46 481.52 0.179264
6 1048.19 32.86 1400.14 212.91 0.136846
4 379.44 334.36 415.89 368.63 0.188774
6 1108.54 46.56 1208.55 92.99 0.177664
6 1231.90 125.79 1367.61 197.35 0.162288
4 1338.95 492.65 1369.80 515.85 0.200686
4 456.58 167.18 464.10 184.11 0.173077
3 1312.15 59.66 1376.62 90.53 0.169211
4 842.29 221.30 863.23 238.79 0.196154
4 33.28 417.84 48.19 431.32 0.101963
6 1136.82 158.20 1239.57 206.94 0.139646
6 812.95 1.96 863.36 38.07 0.162528
4 825.28 219.35 868.26 257.69 0.202255
6 8.80 315.98 300.51 787.44 0.119466
4 308.39 284.76 339.88 312.13 0.167670
4 1172.49 252.67 1217.51 280.91 0.288249
6 1229.45 524.27 1340.37 621.32 0.165673
1 297.08 196.46 317.60 237.40 0.156191
4 1200.35 232.41 1225.86 249.07 0.181763
4 1323.77 738.99 1399.24 787.36 0.145494
4 231.80 258.04 284.06 277.74 0.147323
4 1182.84 244.04 1221.61 266.41 0.228089
4 81.55 197.00 113.44 218.63 0.193429
4 360.85 70.74 371.18 79.11 0.123742
4 674.89 32.78 698.05 51.32 0.229975
3 1067.95 399.95 1114.67 435.51 0.137506
4 1080.61 8.20 1139.59 36.00 0.135632
6 1051.21 62.67 1218.33 183.74 0.112933
6 1227.02 523.58 1397.72 786.98 0.114748
4 716.96 259.88 750.45 291.34 0.146679
6 1154.73 83.15 1222.34 121.39 0.113952
1 859.29 461.78 871.76 493.05 0.133277
4 846.50 233.15 867.83 256.72 0.208733
4 959.92 248.70 974.53 260.50 0.117981
4 878.10 11.65 893.99 23.90 0.151736
1 897.41 211.60 907.97 236.93 0.171963
6 1141.59 458.74 1375.85 676.94 0.121862
6 335.43 49.48 366.26 97.18 0.097197
6 772.27 124.25 1035.23 232.12 0.119878
4 1269.78 5.62 1333.51 32.86 0.190261
4 746.05 348.74 758.93 364.71 0.099120
4 1384.87 255.80 1399.76 275.76 0.314773
4 113.17 266.57 133.00 278.42 0.131943
4 1063.02 0.00 1089.85 9.89 0.309042
4 840.24 501.95 854.08 518.10 0.096944
4 1312.80 7.15 1333.95 29.27 0.145073
6 937.89 185.35 1096.45 390.11 0.114408
4 79.65 478.67 103.26 515.06 0.142203
6 844.52 280.33 879.79 324.96 0.080354
3 85.02 366.14 113.79 395.34 0.151143
1 511.97 132.85 518.18 147.57 0.121493
4 872.01 309.06 882.05 325.28 0.103438
4 708.85 244.53 723.62 270.17 0.151498
4 409.66 0.00 458.24 17.46 0.136269
6 960.05 197.13 1025.24 252.29 0.113291
4 338.56 106.08 355.30 131.45 0.142362
2 218.71 204.50 240.81 245.91 0.107935
4 929.03 592.86 938.54 606.93 0.085254
4 829.23 512.74 839.59 529.38 0.090895
6 1084.60 53.33 1112.97 78.18 0.101547
2 933.67 467.89 945.92 492.96 0.087629
4 1235.40 45.47 1287.77 76.51 0.113982
6 32.68 343.55 113.18 438.87 0.136441
6 295.71 238.51 340.12 311.71 0.142513
4 363.80 578.17 387.56 600.30 0.101008
3 1311.71 66.26 1343.36 91.40 0.111445
4 44.09 394.66 75.98 414.90 0.160609
4 1164.78 449.95 1188.06 475.31 0.139418
1 823.67 220.53 832.83 248.43 0.140187
4 830.64 18.04 863.47 38.38 0.109596
4 891.02 77.93 910.42 100.76 0.189844
6 986.98 197.19 1023.76 224.76 0.122845
5 67.62 344.20 99.54 387.52 0.164606
4 797.92 138.82 813.51 145.52 0.103132
4 33.37 396.24 76.71 438.08 0.270652
6 0.21 324.42 36.93 425.13 0.109179
4 1127.77 28.20 1142.74 36.77 0.101545
2 904.92 210.34 917.52 240.03 0.117128
4 752.41 139.18 794.14 148.97 0.101985
1 227.24 205.46 241.77 241.67 0.134446
4 1312.70 57.96 1345.26 73.72 0.116019
6 705.74 74.29 728.44 114.49 0.116336
4 1117.68 19.13 1133.18 29.44 0.097103
4 1341.67 64.80 1377.09 89.07 0.133410
4 1080.86 9.65 1103.38 29.82 0.212914
4 274.33 285.72 289.13 294.67 0.096627
4 1140.02 36.89 1183.80 52.92 0.161801
4 19.76 451.75 53.23 471.01 0.099595
4 899.26 305.49 916.16 317.41 0.099595
1 885.42 518.18 892.40 533.37 0.094486
2 923.55 593.53 939.46 667.50 0.082849
4 1114.52 662.17 1126.05 682.25 0.081469
4 1283.24 39.48 1308.51 54.24 0.110195
6 1342.20 93.44 1363.59 117.15 0.102278
3 1084.93 364.77 1108.72 397.99 0.102935
6 1352.36 131.62 1399.62 177.08 0.110771
4 399.37 48.51 408.29 62.56 0.094129
4 792.86 4.10 807.16 22.10 0.106067
4 1105.55 18.91 1139.36 36.10 0.156045
4 1164.33 172.74 1198.14 203.69 0.135379
6 1175.52 60.44 1241.21 88.57 0.099177
6 816.12 1.75 850.62 21.78 0.084815
4 936.03 392.14 966.27 414.90 0.119342
4 1231.92 190.81 1242.31 203.89 0.082617
4 1069.41 584.18 1086.26 605.30 0.093701
6 725.15 67.81 747.81 112.35 0.087756
4 438.98 94.06 457.87 117.08 0.142510
6 721.38 129.53 794.83 149.55 0.083014
4 1033.53 470.80 1055.07 493.86 0.091349
4 784.06 67.99 809.15 98.38 0.110812
6 212.53 238.10 341.41 312.65 0.086752
4 1326.53 78.20 1340.34 91.19 0.093754
4 1279.57 92.50 1311.63 120.01 0.109747
6 1099.65 100.66 1237.93 205.26 0.117557
6 1082.11 53.37 1138.31 93.13 0.111373
1 893.14 315.87 905.24 335.19 0.104078
6 716.62 259.48 750.74 326.22 0.090397
4 1012.75 198.50 1024.92 213.12 0.101350
3 67.33 344.04 112.38 394.99 0.132459
4 1105.46 82.19 1127.21 98.23 0.127903
6 1184.26 96.10 1302.32 143.67 0.119083
3 33.03 364.77 113.61 438.61 0.093786
4 399.70 48.37 430.48 78.32 0.096499
4 1280.44 421.74 1302.04 435.75 0.101848
1 351.52 106.19 361.67 132.74 0.100493
6 308.15 269.04 343.79 312.15 0.125098
4 125.50 179.67 155.73 199.42 0.133299
4 1260.71 39.33 1295.31 64.50 0.099712
6 1180.79 36.14 1295.23 96.64 0.104443
3 899.41 222.49 916.52 241.23 0.094304
4 878.42 95.10 891.68 104.80 0.084208
4 1115.39 144.18 1125.95 156.83 0.100531
6 202.15 199.46 266.85 229.95 0.100516
1 672.01 139.80 681.61 164.85 0.116379
4 113.33 381.98 138.66 396.27 0.130276
6 1140.01 458.86 1264.49 551.07 0.087700
4 1387.91 301.86 1399.75 319.40 0.210589
4 1101.20 0.00 1121.79 19.38 0.116100
4 321.96 119.32 344.18 142.37 0.092654
4 1176.78 158.95 1204.70 177.71 0.103416
4 1308.84 98.71 1339.76 115.32 0.114511
1 1135.81 159.57 1146.04 177.21 0.153608
4 1305.16 117.37 1343.50 139.72 0.113648
3 823.17 419.36 837.96 439.04 0.096984
4 1196.74 15.96 1211.24 34.18 0.106466
1 1089.91 39.93 1097.17 54.41 0.097213
4 1314.56 35.45 1346.01 55.54 0.095726
1 924.19 620.42 935.09 649.22 0.103224
4 771.40 452.79 785.97 487.10 0.086332
1 908.51 210.25 916.56 226.97 0.116672
4 1354.92 34.34 1381.34 56.54 0.081680
4 460.63 221.88 467.53 245.03 0.081656
2 1120.60 376.25 1128.32 388.94 0.090758
3 820.87 229.37 848.08 258.67 0.118250
3 67.83 383.20 100.19 420.64 0.129777
6 1306.02 103.38 1399.47 156.55 0.081745
4 673.00 27.92 723.36 52.00 0.081419
6 1152.07 47.66 1208.84 80.18 0.099307
1 1193.97 233.08 1203.33 249.42 0.108873
4 8.17 20.81 32.66 41.41 0.100370
4 388.27 182.46 398.76 195.16 0.099649
6 1346.92 19.79 1399.73 87.91 0.140325
4 783.37 89.79 794.30 98.18 0.087948
4 303.30 116.14 314.04 125.54 0.093120
4 842.72 306.38 881.72 325.24 0.132896
4 436.41 364.64 451.22 390.91 0.082113
4 259.07 282.37 289.20 296.45 0.103105
4 684.55 0.24 719.28 15.55 0.086256
3 306.25 98.57 350.90 144.97 0.082596
6 695.05 21.23 848.17 113.50 0.128815
4 920.51 46.25 938.03 67.07 0.101817
6 1061.96 60.48 1106.14 114.62 0.101169
4 1047.21 77.74 1062.80 110.69 0.086231
2 134.94 568.51 150.31 593.96 0.081840
6 860.81 26.69 887.35 61.34 0.109701
4 420.61 100.03 433.39 126.07 0.086130
6 206.04 256.85 287.08 278.57 0.084387
4 121.41 349.68 146.90 372.20 0.100435
4 1359.75 96.28 1398.76 119.26 0.091800
4 904.03 484.78 920.84 520.74 0.082527
4 979.25 37.72 994.01 56.36 0.096382
4 786.62 67.99 806.81 82.54 0.135482
5 1345.56 224.54 1399.82 273.88 0.088487
3 739.20 319.30 767.36 347.43 0.093011
6 708.92 244.28 750.42 291.53 0.128664
4 1376.42 88.87 1397.50 109.83 0.081371
