4 698.99 234.20 740.43 284.31 0.448277
4 826.86 597.43 903.61 692.53 0.419458
4 362.18 454.11 455.75 500.82 0.493226
4 499.64 725.44 590.61 845.80 0.383422
4 749.81 349.73 795.94 405.65 0.450446
4 457.76 230.19 490.25 277.60 0.458746
4 729.90 274.10 768.54 331.53 0.440220
4 518.47 244.39 557.34 293.79 0.416056
4 514.82 198.52 547.03 241.91 0.392027
4 522.82 1010.85 610.52 1049.58 0.373437
4 952.39 1007.79 1030.08 1048.96 0.305695
4 436.26 1.44 473.73 69.52 0.250710
4 501.37 857.52 595.79 999.83 0.280014
4 46.25 440.20 333.91 540.58 0.166398
4 501.64 120.34 533.46 170.92 0.232941
4 1082.68 1028.26 1152.89 1049.44 0.156460
4 155.83 600.80 214.32 649.48 0.085987
4 10.59 301.11 155.01 385.13 0.097821
4 0.64 615.36 499.62 1048.80 0.130381
4 14.32 360.87 96.00 384.83 0.123144
1 501.25 857.46 596.10 1000.06 0.137372
4 259.13 304.28 386.09 375.13 0.133258
1 42.31 414.84 104.05 516.11 0.167290
4 587.25 0.22 607.38 15.87 0.127398
4 503.52 150.30 536.82 193.50 0.185738
10 343.47 417.54 370.36 509.38 0.100321
4 148.04 161.87 289.05 266.46 0.103688
4 1.43 616.21 496.06 737.55 0.101195
1 1084.97 733.78 1250.49 1048.31 0.082281
4 296.30 187.21 361.29 256.22 0.106505
6 1.93 1.31 470.79 384.41 0.106537
1 499.73 725.44 590.69 845.85 0.080063
9 7.25 343.99 388.53 385.68 0.084584
4 138.79 260.53 183.85 313.98 0.089165
9 259.58 343.97 386.46 375.83 0.101845
