5 534.61 755.80 635.75 880.71 0.410684
4 1202.44 643.32 1259.39 682.05 0.484071
4 706.48 621.34 762.93 677.82 0.501744
4 659.84 720.52 762.77 837.05 0.422083
4 888.80 460.59 931.26 497.19 0.439839
4 814.20 524.78 857.54 564.69 0.458383
4 733.27 496.71 776.99 529.14 0.481267
4 862.96 535.10 907.92 584.30 0.445927
4 832.86 585.87 880.55 635.81 0.490246
4 468.92 967.64 548.60 1049.60 0.467456
4 780.32 570.76 827.70 617.76 0.483492
4 910.30 418.76 948.23 457.76 0.424019
4 221.73 672.41 285.83 724.51 0.450712
4 844.38 488.66 882.86 527.72 0.455871
4 457.52 898.51 541.94 989.31 0.498162
4 757.94 649.88 805.89 706.85 0.468078
2 300.24 959.60 338.21 1007.24 0.462522
4 480.64 692.42 551.32 766.23 0.496836
2 844.26 464.32 860.66 484.44 0.415317
4 1259.88 354.47 1284.87 382.93 0.429869
4 625.82 706.61 687.84 771.79 0.421361
4 276.81 675.05 311.17 708.90 0.380566
4 898.61 498.63 939.31 532.36 0.427698
6 514.59 823.44 676.82 1011.47 0.348443
1 1032.02 428.41 1049.17 448.12 0.367765
4 933.98 410.14 997.85 491.85 0.366885
4 294.02 1018.15 359.43 1049.53 0.386399
4 1270.78 177.29 1289.01 192.73 0.338848
4 1249.69 527.25 1318.57 577.03 0.376346
4 1278.23 395.49 1306.78 429.34 0.349786
4 1257.35 602.67 1312.04 644.90 0.380878
1 922.28 989.41 955.87 1033.18 0.327487
4 994.54 221.41 1018.36 247.63 0.187687
4 1142.55 182.31 1155.39 197.92 0.351468
4 643.80 560.70 697.99 613.38 0.334836
1 246.43 912.87 276.79 952.46 0.279146
6 1196.55 8.70 1273.57 39.14 0.359822
4 1309.41 58.41 1324.03 67.38 0.308630
3 351.58 964.56 390.05 1004.29 0.339742
4 1171.93 132.07 1182.95 144.61 0.328361
4 1001.68 221.57 1018.01 235.20 0.319097
4 1249.30 62.69 1260.54 74.39 0.304131
1 771.97 513.22 787.35 536.40 0.358466
6 464.61 354.28 708.27 530.70 0.272078
1 706.08 587.08 720.02 609.31 0.285089
4 1085.79 236.04 1095.85 250.52 0.303011
3 698.51 597.23 714.29 617.35 0.290584
2 1183.06 180.17 1194.45 194.64 0.263036
1 1165.20 1007.22 1185.97 1033.25 0.203735
1 969.09 324.33 980.15 342.70 0.320439
4 789.03 267.00 832.85 298.89 0.193799
4 1282.09 218.56 1308.42 234.54 0.244496
4 366.49 1002.21 438.94 1049.60 0.320969
1 879.11 639.82 900.71 669.22 0.243595
4 1016.33 195.47 1035.19 209.74 0.254362
4 41.75 864.51 99.63 933.16 0.264509
4 1277.38 79.78 1301.67 101.51 0.248426
4 1010.44 370.94 1037.74 394.42 0.331549
4 934.65 446.75 977.93 491.40 0.274429
3 922.26 1012.60 943.05 1033.99 0.236590
4 1338.78 532.11 1397.74 580.46 0.315121
3 351.83 979.28 367.05 1004.17 0.204590
2 122.45 676.59 156.48 702.37 0.148367
4 1270.90 39.20 1285.65 53.61 0.214143
4 1289.97 453.40 1318.41 470.26 0.264747
6 121.02 559.85 396.20 688.42 0.186746
4 201.07 787.44 233.24 817.31 0.259655
1 69.22 691.90 87.30 721.26 0.249872
4 1283.78 21.34 1295.75 30.93 0.204482
4 1311.18 229.43 1335.04 243.47 0.208080
1 1034.60 291.23 1046.15 305.57 0.272485
4 930.28 324.10 945.19 340.88 0.222929
4 244.63 886.49 329.90 953.74 0.146205
4 1309.01 77.19 1323.34 89.70 0.227569
4 927.42 339.60 941.40 352.57 0.241391
4 1268.02 198.30 1280.77 215.20 0.213655
4 1231.89 48.91 1249.45 64.89 0.189011
4 1199.70 699.06 1253.21 743.68 0.257350
4 1014.30 262.16 1031.30 280.21 0.189230
4 1155.69 737.80 1195.15 787.44 0.184685
4 984.87 250.47 1001.03 268.52 0.186729
1 219.09 673.83 237.50 701.01 0.204636
4 1287.48 142.43 1308.44 158.76 0.165040
4 1250.75 79.77 1261.88 87.97 0.229547
4 994.69 147.34 1024.44 171.01 0.176363
4 1341.49 224.22 1355.15 239.38 0.228063
4 776.60 484.26 793.08 498.31 0.224023
1 803.48 643.43 819.15 674.71 0.199402
4 1369.52 117.39 1382.12 132.92 0.200393
4 1297.81 100.76 1326.73 119.52 0.136921
4 1248.01 46.01 1262.75 58.35 0.163688
4 1214.55 77.30 1224.01 87.51 0.170031
4 776.31 463.74 806.94 498.32 0.246893
4 985.57 267.39 996.23 283.12 0.189233
1 1239.79 317.92 1253.09 334.73 0.190424
4 998.09 212.14 1007.51 223.80 0.196950
4 992.77 393.72 1018.21 424.34 0.180386
4 843.70 7.02 880.18 29.26 0.142500
4 846.06 277.42 885.43 299.44 0.085670
4 994.62 234.32 1009.33 247.58 0.316793
4 1372.98 193.21 1399.45 216.19 0.201193
4 915.49 498.62 939.58 520.61 0.163674
1 974.02 351.53 987.57 373.21 0.245351
4 4.72 967.71 56.42 999.95 0.124421
4 1037.27 188.69 1052.74 201.90 0.178210
1 78.09 695.24 89.69 720.70 0.153001
3 69.43 702.24 85.13 721.71 0.115795
4 0.17 694.88 35.21 716.35 0.224865
7 333.15 877.65 445.17 1004.48 0.165252
9 465.43 274.15 831.54 530.23 0.171273
4 844.80 464.99 860.25 484.13 0.096130
3 300.81 961.67 325.68 1006.93 0.088492
4 644.52 592.95 672.14 612.90 0.159870
7 993.05 371.04 1043.47 425.23 0.164798
6 41.61 863.98 122.65 936.95 0.130236
4 1290.19 433.93 1339.29 470.67 0.158351
1 147.84 684.69 158.74 704.37 0.155872
3 300.12 877.41 445.17 1008.32 0.162265
10 332.52 931.48 387.03 977.53 0.080407
4 1054.36 212.91 1091.99 239.60 0.105839
4 1266.49 552.19 1294.20 577.97 0.110237
4 1220.82 41.90 1243.90 61.12 0.088751
4 1277.19 80.21 1288.43 92.70 0.192347
3 573.28 466.23 593.93 488.83 0.115330
4 878.80 618.95 925.96 670.22 0.196840
1 1238.93 298.19 1249.84 313.04 0.185436
3 968.75 329.85 977.68 342.80 0.101870
2 467.89 127.08 559.65 185.40 0.117521
3 1284.71 238.76 1316.16 287.77 0.092880
4 1306.69 469.38 1324.48 486.42 0.147854
4 0.79 880.96 41.67 909.74 0.132744
3 120.40 667.40 160.40 702.46 0.159115
2 469.77 145.06 492.28 184.73 0.108233
9 731.15 266.98 834.38 360.24 0.141718
4 1313.13 283.14 1333.92 303.85 0.160764
4 983.19 407.84 999.26 424.95 0.122902
4 1171.27 737.59 1194.19 758.01 0.093495
3 921.73 993.97 956.65 1034.37 0.292429
4 1018.37 229.88 1035.56 244.52 0.105311
1 308.61 961.83 325.41 992.38 0.221013
4 1326.75 28.08 1336.52 37.16 0.180552
4 1310.26 434.03 1338.66 458.18 0.149379
4 1032.44 428.71 1049.01 447.80 0.088998
4 1263.36 537.11 1283.02 555.83 0.128830
4 1312.83 21.92 1324.45 31.82 0.120863
3 1016.26 390.26 1035.76 409.77 0.140419
4 790.88 463.73 806.61 483.51 0.147370
4 1199.76 702.24 1227.02 736.72 0.138210
4 681.13 407.43 719.26 429.08 0.128849
4 101.96 786.83 233.37 911.66 0.120555
4 706.76 645.12 740.14 677.35 0.119861
6 534.56 718.07 763.11 881.08 0.094976
2 969.54 323.72 987.89 373.67 0.106966
9 465.12 410.90 620.84 531.34 0.116964
1 540.67 981.46 562.37 1018.87 0.124694
4 1230.87 141.22 1243.80 153.92 0.149414
4 1267.01 11.35 1280.02 24.40 0.098011
4 911.07 433.11 935.28 457.42 0.150194
4 1327.20 25.71 1358.49 42.69 0.085033
9 465.19 477.93 517.60 531.34 0.095050
2 355.74 186.46 369.53 212.36 0.087355
1 935.03 994.40 953.06 1020.41 0.127816
1 162.02 709.03 181.01 746.22 0.102026
9 1032.41 0.50 1100.71 26.95 0.091301
4 1236.27 289.76 1250.72 312.94 0.084889
4 1300.06 309.46 1319.65 327.22 0.159951
4 559.39 509.95 579.04 524.11 0.092940
2 1025.99 292.12 1035.07 305.07 0.081961
4 976.83 442.02 997.34 469.04 0.142349
4 546.46 495.92 568.36 516.79 0.118679
3 1011.88 391.15 1026.68 413.13 0.084704
6 2.49 864.14 101.45 998.42 0.114158
2 1236.95 297.45 1253.92 335.12 0.106615
3 300.28 981.18 317.72 1007.90 0.153283
4 1212.02 138.46 1225.30 151.91 0.122258
9 1264.41 0.77 1292.66 23.89 0.104067
9 134.47 88.58 211.35 119.15 0.084257
4 1261.44 25.22 1272.89 37.90 0.151173
9 731.69 313.30 766.17 358.84 0.083376
4 199.99 108.46 221.98 121.72 0.100903
4 54.58 675.56 94.08 722.00 0.124114
4 1281.89 217.92 1294.24 230.44 0.122385
4 250.82 666.79 291.61 686.30 0.085947
4 663.80 423.50 693.92 441.68 0.083434
2 700.73 587.93 711.93 614.46 0.081068
6 1296.39 100.26 1327.89 127.53 0.132604
6 458.24 718.91 765.23 1027.36 0.107340
4 1260.48 210.48 1277.82 226.21 0.098862
4 1155.01 698.83 1247.80 787.79 0.083473
4 1023.09 268.16 1031.84 280.80 0.083780
3 319.26 959.96 338.68 987.98 0.120244
4 1357.32 17.56 1372.27 31.12 0.090864
9 119.10 276.14 828.47 695.98 0.135637
3 973.95 357.79 987.33 373.58 0.171814
4 1290.20 156.54 1306.67 170.26 0.120032
3 235.77 937.15 252.40 957.54 0.084256
4 1366.13 83.04 1387.34 103.06 0.104339
4 1259.87 530.34 1303.06 559.64 0.093830
4 1257.09 600.96 1384.27 647.57 0.113459
4 1257.23 228.92 1264.74 241.52 0.108668
4 1326.41 603.38 1384.98 639.32 0.081579
4 174.41 786.90 233.15 832.84 0.141516
9 388.12 476.27 567.05 593.85 0.081507
4 1032.83 375.34 1052.33 391.50 0.158212
4 901.28 209.76 916.51 225.33 0.099167
4 791.10 640.04 818.32 661.38 0.084550
3 235.77 912.78 276.82 957.51 0.120545
3 1009.03 399.55 1027.73 422.22 0.104045
4 1289.13 55.12 1299.06 64.66 0.082642
4 665.66 560.75 697.54 591.32 0.127192
3 1260.95 537.12 1295.11 577.90 0.090624
3 1164.97 1012.75 1184.32 1034.01 0.137344
4 1388.85 212.93 1399.87 231.64 0.115597
2 491.58 140.56 517.27 178.70 0.085275
1 163.35 722.13 174.53 746.02 0.096359
4 1249.86 129.73 1264.70 140.31 0.112408
9 506.62 356.07 705.29 514.20 0.232932
4 1290.89 120.03 1309.47 138.44 0.092087
4 600.49 451.31 627.02 474.85 0.122317
4 1287.59 548.92 1318.16 570.57 0.114893
4 1228.65 34.97 1247.58 46.02 0.087212
4 0.35 676.43 91.39 722.23 0.095508
4 503.73 494.16 542.88 526.51 0.085422
3 1183.43 183.49 1192.30 194.87 0.099478
4 660.28 775.04 722.73 836.37 0.089748
6 120.81 353.35 706.54 689.50 0.146684
4 1228.93 164.62 1241.39 178.20 0.084954
4 1238.24 143.45 1247.54 153.68 0.083688
3 771.86 519.63 785.39 536.22 0.166376
4 1247.86 31.97 1262.13 41.39 0.088149
