4 943.17 456.87 994.39 480.23 0.500550
4 799.57 308.95 814.48 324.57 0.414330
4 169.96 439.74 212.32 464.13 0.425675
4 934.85 424.85 980.79 444.64 0.461319
5 900.00 676.86 946.89 795.34 0.322679
4 839.08 397.31 877.36 415.30 0.409193
4 77.74 582.57 152.26 615.60 0.383658
4 761.72 424.33 780.37 444.93 0.369722
4 104.73 562.20 176.79 594.33 0.387300
4 1065.58 855.99 1139.11 920.29 0.359178
3 1065.83 794.59 1100.32 847.77 0.310791
4 274.96 546.64 334.11 572.77 0.341596
4 712.13 394.54 734.40 416.59 0.325149
4 650.94 585.16 682.21 620.97 0.304254
5 789.58 438.43 831.00 613.81 0.327359
4 868.17 303.11 885.41 317.97 0.359228
4 766.95 231.38 779.77 243.68 0.314468
4 792.40 726.06 826.01 784.70 0.383476
5 596.89 616.38 674.61 781.74 0.303081
1 1065.03 781.45 1100.72 847.97 0.164276
4 151.62 533.64 213.32 557.81 0.345961
5 763.29 846.69 820.46 985.33 0.266367
4 683.27 231.14 694.59 243.16 0.262344
4 199.42 497.09 262.46 525.01 0.302508
4 670.24 274.19 698.95 290.30 0.306068
5 526.39 809.58 621.46 1015.20 0.261250
5 692.71 427.67 729.59 495.28 0.288647
4 318.66 511.67 372.56 538.14 0.266053
4 197.99 620.03 259.38 654.78 0.265509
2 1129.85 1008.36 1182.42 1049.69 0.301362
5 898.20 906.41 958.41 1031.58 0.248251
4 725.84 254.66 739.63 275.36 0.201041
4 728.30 234.48 738.14 244.39 0.249380
4 901.00 363.10 915.90 380.27 0.279599
4 590.68 247.72 611.64 262.82 0.209252
4 728.24 316.57 759.15 375.37 0.238047
7 124.58 761.10 238.60 925.09 0.179695
4 662.56 233.99 673.43 243.58 0.243531
4 583.82 769.47 637.01 844.71 0.258222
4 901.57 732.64 945.80 794.40 0.226136
4 26.20 670.00 56.18 683.37 0.172122
4 876.37 622.08 902.98 636.09 0.199047
4 585.25 267.14 597.84 282.46 0.212156
3 469.35 1017.44 509.49 1048.69 0.169662
4 630.99 244.08 652.57 257.14 0.189753
6 968.14 655.91 1068.54 751.79 0.205234
3 870.23 591.20 899.05 615.80 0.222367
4 983.19 611.36 1030.61 649.10 0.268825
4 819.50 234.86 827.36 243.80 0.209440
3 1130.94 1023.23 1174.64 1049.83 0.225813
4 801.52 154.21 821.29 166.64 0.210123
4 526.49 941.67 584.81 1014.92 0.276983
7 968.70 657.22 1065.32 715.14 0.220594
4 1136.96 1008.75 1174.50 1029.78 0.112941
4 778.46 202.45 796.42 214.67 0.181644
4 173.01 512.48 229.38 538.41 0.293642
4 893.32 238.56 917.77 251.99 0.218604
4 253.16 563.67 312.17 590.66 0.315030
4 753.58 1026.67 818.49 1049.58 0.172787
4 492.43 454.17 504.88 466.51 0.170402
4 582.84 226.43 592.50 239.62 0.191594
1 1065.96 780.77 1088.34 817.70 0.243888
9 537.59 299.89 670.85 409.36 0.206516
4 586.82 289.03 618.95 306.13 0.187273
4 208.76 651.02 249.94 680.11 0.206096
4 164.42 618.82 259.83 680.00 0.248922
4 796.91 167.57 814.73 177.67 0.203334
4 621.14 231.63 632.84 242.02 0.188423
6 699.84 186.26 735.00 226.70 0.180044
4 164.94 506.44 184.88 521.80 0.150407
4 771.10 213.44 785.94 226.51 0.149703
4 39.52 592.32 70.83 609.45 0.172307
4 899.88 298.84 940.39 321.15 0.147676
4 647.40 322.25 681.25 360.10 0.155248
3 870.89 575.05 897.77 594.25 0.166565
4 648.65 232.72 662.13 243.66 0.140201
4 637.39 370.38 650.26 382.31 0.186370
4 889.57 256.76 914.35 274.28 0.171235
1 787.10 460.72 795.41 478.42 0.190294
2 816.31 400.68 827.34 419.02 0.145098
4 675.98 257.45 698.09 272.18 0.200768
6 525.12 609.82 676.67 1015.57 0.267917
4 636.65 231.31 648.60 240.82 0.163972
4 619.62 253.92 645.89 272.43 0.163957
4 775.76 191.82 788.55 201.44 0.118137
4 926.86 350.20 947.43 364.87 0.194516
4 667.93 314.88 683.36 326.31 0.197513
4 546.48 76.37 571.52 87.60 0.119308
4 853.74 142.27 869.46 154.68 0.116903
4 1032.36 578.43 1050.25 597.32 0.101891
4 902.04 337.10 914.80 348.50 0.141030
6 359.83 386.85 383.95 411.85 0.086807
6 535.10 298.89 681.91 432.11 0.153887
3 0.39 591.12 71.59 648.23 0.117025
4 129.51 523.59 153.77 541.92 0.134563
5 992.90 706.66 1067.75 751.87 0.168601
4 964.65 575.84 982.15 591.57 0.204205
4 714.30 227.92 725.28 244.40 0.107812
4 1109.26 165.91 1140.22 184.13 0.123435
4 411.41 478.33 420.10 486.66 0.083478
4 708.95 414.29 732.79 428.94 0.241888
4 857.26 225.29 873.59 237.66 0.163364
6 596.94 585.14 682.74 782.61 0.182729
3 1053.73 633.97 1069.14 658.82 0.133846
4 937.88 369.99 952.87 382.22 0.163405
1 925.80 422.86 934.89 437.36 0.136757
4 300.55 525.60 354.91 551.17 0.280706
4 874.39 116.73 891.25 132.34 0.118882
6 715.99 153.24 736.70 171.12 0.119277
4 757.98 194.05 771.88 205.71 0.138631
4 667.87 293.12 685.22 308.40 0.159601
4 879.17 496.23 888.85 511.09 0.130924
6 799.14 439.32 830.33 523.66 0.149437
4 116.41 536.76 142.31 554.35 0.138736
6 742.29 245.16 762.47 281.73 0.159370
4 911.83 409.50 921.99 423.46 0.148385
6 757.07 193.87 772.18 227.07 0.147220
7 1041.71 674.52 1066.74 719.20 0.121805
4 336.82 400.91 350.45 415.29 0.139732
4 865.60 273.63 875.04 285.03 0.194911
3 954.07 389.47 969.16 401.06 0.116891
4 971.19 608.38 990.24 634.16 0.118828
4 733.53 226.32 754.28 244.05 0.113483
6 700.01 34.13 751.01 62.48 0.118195
1 1067.82 780.82 1080.77 799.39 0.096122
6 1137.27 621.98 1162.18 662.78 0.096924
4 685.35 497.43 717.54 514.21 0.120422
4 163.70 507.07 375.66 682.30 0.090463
1 1148.51 1027.68 1170.98 1049.63 0.117598
4 1041.09 692.24 1066.71 718.92 0.089172
4 606.90 233.40 618.13 243.52 0.104687
1 984.98 593.19 998.02 612.42 0.121155
1 814.87 351.82 824.24 367.63 0.097017
4 781.55 130.06 800.08 143.49 0.093066
3 891.21 279.53 911.64 294.78 0.125606
4 92.53 550.64 110.62 566.78 0.098501
4 911.22 331.75 924.37 347.81 0.112484
4 1030.22 647.64 1050.04 672.16 0.115101
4 764.51 943.07 816.92 984.36 0.088806
4 691.31 245.79 712.68 259.98 0.170254
4 736.73 155.57 751.26 170.55 0.084002
4 198.70 499.16 223.22 515.59 0.105566
6 873.15 185.36 916.60 234.88 0.152685
4 839.26 399.73 852.79 413.62 0.082520
4 729.94 363.59 750.73 375.59 0.130374
1 1068.41 680.06 1081.78 702.36 0.098291
4 609.92 290.25 622.01 302.90 0.085346
4 23.70 605.18 52.83 626.73 0.093353
6 666.51 291.99 686.66 324.16 0.121566
4 164.55 638.53 228.66 674.59 0.125052
6 924.41 271.05 946.69 305.75 0.119203
4 759.64 152.53 782.75 164.32 0.095811
4 1136.11 620.40 1148.78 638.52 0.095206
3 117.03 524.51 153.68 553.72 0.093626
3 1022.66 607.95 1058.80 643.67 0.088746
3 1151.85 1012.38 1184.04 1049.58 0.092692
9 715.56 152.84 749.49 172.81 0.097788
6 789.29 437.48 890.35 614.12 0.089137
3 1080.81 823.11 1098.76 848.84 0.219061
4 633.17 258.20 647.32 270.56 0.088476
9 757.50 201.56 770.09 226.97 0.106207
7 998.72 648.15 1051.70 676.37 0.182895
1 1075.52 790.47 1090.27 811.93 0.153020
1 793.18 254.84 799.36 266.99 0.120116
4 1171.54 97.44 1200.71 115.62 0.081944
2 966.78 575.03 1056.09 650.92 0.083883
4 857.57 339.43 873.87 352.97 0.123980
1 99.49 973.64 136.29 1038.49 0.107808
4 800.44 503.30 821.42 522.21 0.131384
9 775.11 192.53 794.35 209.68 0.100243
4 852.10 160.77 866.57 172.47 0.120085
4 804.73 438.45 830.15 453.93 0.125860
4 1048.23 90.44 1063.60 106.58 0.100700
4 819.98 209.24 826.89 218.31 0.087734
4 603.69 254.66 620.25 276.33 0.091161
4 1318.61 747.83 1356.35 784.84 0.093280
4 1012.23 596.03 1032.83 615.33 0.089694
4 251.96 509.58 373.97 592.06 0.097597
4 147.59 509.81 184.17 534.50 0.116957
4 744.15 238.32 756.28 247.29 0.125534
4 832.06 273.38 874.37 291.73 0.083500
4 1013.94 579.28 1031.22 593.28 0.088489
4 899.45 298.34 915.21 318.08 0.119644
4 1063.76 493.40 1094.78 520.74 0.110034
4 0.23 617.52 27.39 645.38 0.103674
4 911.41 281.23 927.06 295.01 0.095899
4 693.31 323.56 703.27 336.71 0.085608
4 136.08 281.74 152.83 295.67 0.104298
2 890.88 246.03 973.43 388.59 0.091925
7 971.26 608.08 1028.16 649.30 0.094585
2 938.09 310.93 956.57 348.06 0.087913
4 991.54 575.79 1006.84 591.60 0.097441
4 791.41 572.37 825.48 612.44 0.093180
4 815.68 133.21 831.80 143.97 0.084464
4 816.89 193.02 824.54 203.82 0.086005
4 689.41 349.35 698.00 361.70 0.090379
2 1073.76 792.07 1100.41 848.09 0.082714
3 836.65 349.56 870.74 384.85 0.085132
4 605.54 241.44 623.05 255.78 0.087261
6 692.98 394.31 734.98 494.66 0.088051
6 754.34 846.25 822.89 1047.37 0.113272
4 787.26 204.01 798.01 214.05 0.110728
4 664.95 360.32 673.08 372.31 0.119942
4 638.81 293.15 654.37 303.20 0.089140
2 1066.09 780.90 1080.59 810.39 0.083397
4 758.26 215.17 769.38 227.85 0.085230
