4 397.70 824.23 447.94 855.07 0.518355
4 1057.53 1063.18 1140.63 1117.83 0.537099
4 1392.66 1163.54 1481.23 1208.34 0.433900
6 1598.56 849.93 1698.78 1048.80 0.369358
4 1369.45 960.55 1443.65 999.33 0.431419
4 210.17 808.79 270.76 834.76 0.497108
6 1708.51 1062.10 1845.78 1318.81 0.449052
4 441.65 696.72 469.53 727.45 0.435873
4 1119.74 1261.87 1193.84 1364.13 0.524625
4 1296.20 817.10 1341.82 847.48 0.367281
4 1308.70 1403.39 1403.94 1498.90 0.513425
4 1376.08 1077.34 1454.51 1113.42 0.412871
4 1300.61 725.50 1324.39 751.81 0.378197
4 1270.25 858.98 1303.01 901.13 0.390288
4 1278.91 647.28 1309.71 669.33 0.366595
9 302.41 1186.44 532.52 1498.77 0.425139
4 1276.76 763.98 1328.37 793.04 0.364371
5 1349.63 911.58 1438.36 959.86 0.413039
4 1366.33 1111.70 1454.75 1157.04 0.403732
4 1312.34 1292.17 1432.13 1397.04 0.356709
4 251.55 720.27 304.93 755.86 0.421244
4 1380.64 1039.08 1465.57 1075.40 0.408861
4 239.71 1029.38 334.53 1110.70 0.464437
4 1185.55 585.63 1217.71 604.66 0.381592
4 194.36 1030.62 279.28 1100.19 0.373556
4 1097.93 881.11 1162.85 919.80 0.376621
4 1280.33 793.51 1331.34 822.60 0.351064
4 358.98 667.06 399.67 693.72 0.381626
4 1355.94 1007.34 1436.25 1043.80 0.404982
4 318.66 687.00 360.42 717.87 0.386764
4 204.33 756.04 256.78 787.07 0.439671
4 342.18 766.66 375.11 802.41 0.412659
4 1318.70 858.43 1381.55 883.54 0.354845
4 1400.13 1257.98 1462.09 1324.83 0.408380
4 1376.89 1486.64 1423.86 1499.65 0.262419
4 1282.67 606.21 1302.09 625.86 0.326342
4 340.20 971.05 414.64 1004.92 0.377822
4 1317.50 883.19 1391.19 912.39 0.318864
1 346.34 932.78 362.12 967.80 0.331583
4 1182.11 608.61 1202.31 630.91 0.347793
4 1123.55 867.00 1181.50 898.89 0.359879
4 1614.10 991.04 1682.19 1046.29 0.281193
3 663.04 946.83 689.25 969.21 0.303284
4 1317.85 902.52 1375.19 941.45 0.358697
4 1148.63 823.47 1206.92 869.96 0.260387
4 1393.82 1207.74 1478.37 1256.86 0.386191
4 1203.11 473.02 1218.82 487.53 0.327833
4 1116.01 1145.24 1160.17 1229.31 0.379929
4 1698.75 1000.16 1730.16 1022.90 0.301665
4 1156.24 780.93 1204.26 817.28 0.317558
4 1285.93 695.09 1312.41 717.25 0.270192
4 1278.15 490.69 1293.73 508.85 0.334370
4 1195.29 511.29 1214.70 529.99 0.274022
4 1282.40 673.47 1317.39 697.96 0.292964
4 1166.50 705.23 1210.23 730.01 0.263588
4 1197.34 492.71 1221.54 508.80 0.297545
4 1161.06 733.88 1210.74 760.82 0.199115
1 688.77 897.41 704.34 924.13 0.262783
4 425.28 619.81 450.79 640.85 0.274145
7 1612.88 989.83 1683.74 1066.27 0.095264
1 445.70 915.10 462.37 944.57 0.259418
4 0.35 769.48 37.87 792.01 0.273394
1 548.67 1106.20 567.60 1140.13 0.260839
1 597.56 1020.89 629.48 1070.29 0.309045
4 398.96 643.91 427.59 667.87 0.290582
4 103.22 790.50 145.19 818.16 0.258431
4 1296.40 438.89 1309.01 452.80 0.206365
2 517.33 966.92 569.04 1001.63 0.297293
4 1160.11 759.39 1209.52 786.91 0.229011
4 959.97 663.59 987.21 695.73 0.153227
4 1349.78 912.05 1382.32 957.13 0.225815
4 1403.11 682.56 1429.45 706.00 0.247044
1 597.45 1036.95 615.93 1070.70 0.138422
1 413.76 917.40 430.08 948.88 0.250994
4 854.67 755.33 875.80 777.90 0.268118
4 1159.88 747.18 1210.20 773.09 0.166903
1 922.27 1456.83 939.74 1495.02 0.208258
4 1168.51 686.32 1212.93 706.84 0.206636
4 960.48 678.76 977.61 696.02 0.187782
9 561.12 910.66 675.28 1002.20 0.128850
4 1277.58 534.35 1293.17 552.21 0.199019
4 1176.76 675.03 1218.70 696.71 0.230593
4 1729.78 1201.52 1755.34 1218.50 0.097167
4 1021.78 1209.57 1094.35 1297.80 0.224862
4 734.22 857.26 748.65 869.66 0.136969
1 1021.26 1416.40 1040.00 1460.07 0.217424
1 656.48 845.29 676.93 883.10 0.186390
4 886.41 1133.82 917.75 1166.56 0.154275
4 876.11 696.50 896.01 714.10 0.227494
4 970.45 526.41 989.86 548.37 0.180948
4 1521.64 558.43 1544.36 580.56 0.130022
4 1457.87 912.79 1502.50 937.82 0.185284
1 946.35 1436.31 978.05 1479.63 0.232374
5 896.43 1095.79 982.70 1134.80 0.201115
9 323.04 610.84 384.57 651.37 0.083966
4 404.25 631.42 431.92 649.92 0.186799
4 341.46 732.79 358.72 748.54 0.109316
9 441.38 797.43 505.51 836.09 0.117711
4 1268.77 519.49 1292.24 538.16 0.235268
4 553.68 762.66 573.53 782.59 0.182591
1 985.99 852.04 999.41 878.80 0.188557
1 611.94 1019.65 628.09 1049.26 0.202331
4 260.19 883.96 271.61 899.90 0.085606
4 607.25 680.90 629.65 699.00 0.140955
4 744.63 1313.56 765.13 1335.62 0.084657
4 705.03 895.62 738.24 921.82 0.171465
4 1324.70 391.26 1342.73 405.53 0.175661
4 1271.57 582.99 1299.94 605.58 0.228195
4 904.54 641.24 923.65 661.03 0.153963
7 967.66 1300.17 1013.09 1443.13 0.103470
4 396.51 917.94 416.43 935.90 0.099178
4 1178.52 657.60 1218.55 680.19 0.195523
1 512.55 1119.32 536.09 1178.85 0.174729
4 192.22 1298.89 219.34 1324.89 0.089798
1 612.76 979.98 625.66 1010.95 0.173472
2 1644.62 1010.57 1676.67 1071.62 0.084106
5 277.38 1017.88 400.03 1053.28 0.094398
4 1180.41 629.24 1213.21 653.37 0.199153
6 1312.32 1292.28 1432.58 1396.94 0.081585
3 775.06 953.89 803.69 978.97 0.185596
3 732.90 951.89 803.70 982.96 0.106389
4 978.68 573.39 992.35 588.35 0.134280
3 662.49 927.13 701.49 967.92 0.115244
4 1700.40 1101.27 1721.76 1124.04 0.140061
4 1170.83 332.82 1185.14 344.67 0.123305
6 919.03 1339.76 991.42 1436.85 0.175264
3 613.04 892.85 637.70 913.91 0.150211
2 921.66 1435.03 977.72 1493.45 0.125610
4 165.92 1191.13 211.82 1231.76 0.090926
1 277.09 839.77 290.88 863.61 0.125206
3 1634.63 1012.64 1673.46 1067.17 0.115316
4 157.50 557.39 177.10 572.59 0.096491
1 858.60 1358.23 876.64 1395.77 0.153196
9 1621.47 907.06 1697.26 1044.94 0.147922
4 1003.22 458.88 1030.29 482.56 0.134082
3 724.68 978.81 777.70 1011.95 0.139648
1 953.10 1343.04 972.46 1375.23 0.118897
4 158.74 550.18 194.66 572.51 0.122028
4 1301.80 333.44 1316.07 349.66 0.102361
1 733.15 956.90 750.27 978.23 0.155175
3 447.85 1340.63 480.10 1380.57 0.105544
1 358.22 888.17 371.88 911.57 0.162735
4 1360.73 886.94 1391.89 910.40 0.115531
4 84.16 509.25 114.27 532.22 0.100106
1 1019.38 1249.43 1036.80 1292.57 0.156516
1 517.37 1117.62 540.27 1148.51 0.132009
4 570.56 864.06 581.85 876.53 0.127563
4 77.65 719.14 113.00 743.83 0.146278
4 1692.88 1026.27 1718.04 1052.99 0.097521
9 1597.57 848.52 1846.90 1318.96 0.174904
4 868.97 635.00 890.63 652.30 0.122282
1 986.76 1297.90 1010.58 1333.46 0.135712
3 596.95 1032.37 629.50 1070.53 0.187755
4 1939.63 1365.03 1977.38 1435.88 0.114821
4 1102.50 562.29 1122.42 577.63 0.105233
6 1350.18 911.18 1438.56 959.22 0.081934
4 596.65 964.99 631.26 999.39 0.180280
1 987.55 1233.12 1003.04 1262.96 0.139550
9 482.66 855.28 581.27 877.27 0.086570
4 412.09 625.57 444.68 646.81 0.147286
4 1644.59 1008.04 1675.77 1048.73 0.098885
1 848.68 1362.29 864.25 1395.23 0.095486
6 892.22 1094.38 992.16 1153.06 0.093155
7 918.61 1352.46 949.14 1388.21 0.100080
2 976.70 1233.53 1004.38 1265.42 0.177639
9 1.43 648.39 269.66 792.72 0.141104
9 1705.92 1060.46 1977.98 1440.94 0.139936
4 198.59 597.31 234.15 612.79 0.085120
4 0.05 761.95 17.34 790.46 0.099552
1 1091.17 1130.47 1107.45 1194.38 0.092621
4 1357.51 481.40 1383.71 497.98 0.083203
1 551.43 974.93 568.96 1000.34 0.095731
4 1536.81 1198.37 1588.19 1221.51 0.083567
4 544.12 746.48 606.71 783.75 0.084032
2 839.31 719.29 854.31 750.96 0.122838
4 1199.21 671.37 1220.69 689.57 0.128227
1 1043.09 1404.02 1058.33 1432.55 0.123147
1 690.36 936.14 703.94 958.89 0.150062
4 1611.86 991.18 1627.99 1007.71 0.085923
4 1280.85 420.65 1297.63 439.90 0.097294
1 981.78 1381.50 1002.36 1420.02 0.099377
4 103.34 799.71 126.51 818.84 0.149617
4 1135.14 414.91 1156.62 432.85 0.099185
4 1267.82 565.88 1296.53 585.77 0.215354
2 513.08 1105.53 568.11 1178.06 0.173442
4 286.07 642.68 316.12 662.84 0.103583
4 933.24 611.72 949.75 632.12 0.105635
4 663.12 927.17 685.12 946.87 0.134672
4 1156.99 468.16 1173.56 488.31 0.101005
6 680.75 893.61 738.37 923.07 0.095019
4 1179.76 772.44 1208.18 793.37 0.131732
1 627.63 894.90 638.33 914.32 0.122281
1 455.21 925.64 472.26 949.45 0.128503
4 1332.05 415.03 1352.07 432.49 0.113734
4 970.49 1415.24 993.16 1442.21 0.112430
4 304.03 633.67 333.28 656.26 0.081622
4 263.71 639.19 317.73 667.42 0.085017
2 851.66 705.04 867.00 742.25 0.083760
4 454.24 784.97 475.40 802.10 0.110812
2 1651.14 1039.24 1669.61 1073.55 0.097079
9 631.18 399.29 1095.07 840.78 0.085693
4 886.57 676.31 905.88 694.63 0.127407
4 24.54 536.60 60.03 555.73 0.082391
4 1613.67 577.22 1639.51 595.53 0.112457
2 654.59 838.88 682.19 883.52 0.101923
4 733.59 953.34 776.36 979.04 0.094624
3 521.35 966.91 568.49 1001.30 0.085192
4 129.19 801.99 145.75 815.96 0.093423
4 1030.57 1209.33 1073.43 1263.72 0.111482
3 943.07 984.43 969.38 1021.28 0.130939
4 1187.88 737.63 1211.66 758.88 0.095771
1 1029.70 1378.33 1046.74 1413.64 0.104617
4 1161.59 732.78 1190.28 751.97 0.080389
6 1612.95 570.84 1735.87 601.97 0.095379
4 872.83 697.00 885.20 713.19 0.106146
1 1092.48 1167.75 1104.78 1195.26 0.082677
4 1171.02 433.03 1192.58 452.40 0.095390
4 423.25 632.45 443.51 651.05 0.153236
9 409.12 1198.40 522.99 1380.47 0.110573
9 327.57 1308.11 445.26 1496.05 0.132065
4 830.07 720.12 847.20 749.54 0.080818
3 516.85 969.77 545.78 997.12 0.090231
4 382.46 667.13 401.41 686.37 0.138548
7 948.98 1326.56 990.76 1436.27 0.087821
4 338.57 681.95 362.71 699.35 0.125285
1 1093.25 1130.92 1105.98 1156.15 0.087077
4 357.91 674.61 380.54 694.49 0.122135
4 889.32 633.70 904.77 651.64 0.109137
4 1613.02 575.89 1675.11 598.45 0.102198
2 848.62 1357.19 877.22 1396.11 0.116575
3 1020.40 1245.55 1068.85 1304.11 0.099129
2 412.00 914.90 471.78 951.00 0.184861
4 326.98 666.76 350.19 686.67 0.088443
4 433.18 798.29 465.73 821.55 0.086380
4 96.65 736.65 131.09 761.11 0.091635
3 413.35 927.45 429.53 949.09 0.087973
