4 1085.09 1037.49 1277.67 1120.95 0.622148
4 1595.39 1012.33 1750.22 1074.53 0.568410
4 1910.86 993.07 1999.78 1050.19 0.599234
4 1273.49 997.99 1416.60 1060.38 0.427787
4 1659.72 990.14 1813.29 1038.81 0.565199
4 993.32 1008.69 1070.09 1078.63 0.425057
5 1523.61 971.18 1586.14 1014.23 0.457814
4 326.49 1055.81 435.61 1168.83 0.478864
1 1812.32 967.23 1833.15 1017.14 0.437625
4 1663.97 1093.28 1871.64 1188.47 0.485088
1 214.68 1041.24 241.30 1090.54 0.214118
2 1579.48 988.28 1621.64 1020.74 0.349268
4 1704.96 954.57 1743.05 980.93 0.245166
3 1596.25 991.08 1621.28 1021.01 0.189798
2 1839.44 971.61 1872.17 1002.36 0.342151
3 1814.52 970.06 1872.40 1006.05 0.104890
1 895.58 992.78 946.70 1061.67 0.271833
6 1737.21 938.92 1848.54 982.53 0.187506
4 1660.06 990.09 1703.15 1011.99 0.199716
2 1000.61 638.77 1108.49 708.82 0.186279
3 219.34 1096.24 262.49 1144.49 0.166901
1 386.69 1031.26 417.87 1058.24 0.172076
3 1498.62 980.72 1527.10 1014.39 0.180073
1 479.74 996.74 496.61 1045.24 0.159585
9 1734.79 905.99 1999.24 989.66 0.205507
2 1043.93 649.92 1068.10 704.36 0.111431
1 667.68 999.25 715.07 1073.95 0.180266
3 213.95 1062.07 239.61 1092.01 0.300255
2 1020.76 660.39 1041.76 702.54 0.107486
2 1936.76 961.43 1964.99 990.99 0.126234
5 1738.39 939.77 1769.18 979.47 0.191602
4 249.80 1029.59 298.70 1072.44 0.092262
6 1752.90 957.10 1874.62 1000.50 0.115513
9 1922.01 906.86 1999.15 986.44 0.148794
1 1441.63 980.03 1458.71 1018.97 0.149811
2 1648.71 940.81 1665.90 987.21 0.095228
9 1748.27 955.56 1836.90 983.91 0.129300
10 204.46 1108.81 224.42 1147.21 0.086557
2 267.83 879.20 352.72 912.40 0.095747
2 1085.27 638.58 1107.12 695.70 0.087011
1 1890.71 957.41 1903.84 986.22 0.101859
4 1496.05 979.71 1525.83 1000.60 0.106516
2 1709.96 833.69 1895.54 897.80 0.098837
10 1022.88 1089.43 1059.27 1111.63 0.105106
3 1293.71 1073.87 1403.83 1102.42 0.103667
3 856.82 1006.96 876.57 1038.56 0.154229
3 946.50 1005.57 962.94 1047.99 0.118578
1 409.40 1008.55 428.85 1054.52 0.123976
1 1936.00 961.84 1953.00 990.87 0.093329
3 1973.09 1089.94 1998.88 1151.06 0.082948
1 1605.67 958.39 1621.85 987.68 0.106457
2 1001.96 662.86 1022.22 707.39 0.096869
2 1056.66 654.20 1072.58 702.79 0.086544
4 1970.63 963.24 1998.80 987.74 0.110979
6 1500.75 971.04 1621.51 1019.23 0.127064
10 144.51 1118.20 167.02 1157.17 0.082886
4 736.73 1043.65 803.00 1077.28 0.085921
4 188.79 1032.06 253.95 1071.97 0.082931
4 1748.05 957.41 1769.76 977.46 0.115520
3 1628.84 963.34 1650.16 988.59 0.085429
9 1470.72 946.92 1540.12 997.70 0.101094
3 1814.38 996.91 1832.52 1017.74 0.109830
3 386.10 1009.47 428.06 1057.25 0.121015
2 1142.26 848.73 1416.23 896.05 0.089169
3 1578.29 989.55 1596.11 1015.99 0.136225
1 386.08 1030.98 401.06 1054.77 0.089101
4 1660.08 988.78 1776.88 1014.27 0.193757
9 1738.62 938.61 1879.68 979.16 0.166305
