4 1051.75 157.63 1305.95 579.90 0.533990
1 1289.50 929.85 1365.10 1002.83 0.382518
2 730.93 674.67 836.12 770.73 0.476880
4 1290.18 981.10 1531.97 1402.64 0.317883
1 820.91 253.39 886.29 351.38 0.415257
1 402.62 115.96 489.41 211.43 0.382255
1 1021.57 992.02 1080.72 1070.72 0.366874
6 1.29 124.85 699.08 1497.69 0.337780
1 441.57 780.75 553.19 858.17 0.318958
1 335.39 136.25 428.74 234.88 0.370685
1 1146.68 1246.58 1202.25 1343.78 0.325372
1 1338.77 90.09 1403.18 171.13 0.336929
1 939.55 979.78 987.27 1054.79 0.356310
1 935.01 1077.92 977.96 1148.60 0.355479
1 642.46 685.70 739.37 821.71 0.248429
1 130.96 190.99 252.44 281.07 0.339628
1 1414.87 695.18 1485.05 732.99 0.308213
1 1082.86 1115.01 1148.01 1195.56 0.348962
10 25.26 1288.24 160.49 1413.71 0.266751
7 1548.12 905.55 1643.05 1081.75 0.218580
2 1092.37 1246.29 1202.07 1364.12 0.197393
6 618.63 1245.13 827.60 1388.58 0.156761
1 737.75 917.94 797.99 973.09 0.237242
1 885.52 790.79 951.65 913.21 0.215505
7 1379.14 2.90 1870.63 1413.47 0.247911
6 218.82 165.81 393.63 367.09 0.257326
4 437.59 1315.56 890.54 1499.17 0.222484
1 746.11 686.41 795.15 732.87 0.245876
2 1323.88 1.30 1407.73 172.51 0.131473
1 755.40 1250.28 820.49 1316.91 0.222502
1 788.59 1223.24 836.24 1281.30 0.223870
1 887.18 854.65 942.23 911.71 0.248728
1 1326.66 0.24 1389.42 85.94 0.225526
2 617.56 904.76 797.91 1039.32 0.202676
2 331.76 114.19 490.54 238.22 0.161783
4 48.30 181.70 285.38 477.81 0.218632
1 1091.17 1256.75 1158.08 1363.69 0.284408
1 696.00 930.53 734.08 977.18 0.204415
1 907.26 791.11 948.70 853.82 0.234432
3 659.53 740.35 818.59 867.37 0.186173
1 509.72 426.74 564.24 502.31 0.200957
2 641.29 767.19 715.07 823.94 0.084934
2 669.52 930.42 733.70 993.24 0.153004
7 618.39 1274.49 787.99 1388.29 0.116626
3 731.77 780.18 817.28 866.12 0.206392
2 644.40 684.96 818.09 865.97 0.112727
6 412.03 789.10 581.84 994.60 0.115760
3 149.26 316.00 260.51 422.38 0.204833
2 733.63 942.31 762.38 969.29 0.136421
3 543.30 1034.99 677.54 1248.39 0.168526
3 772.27 812.51 817.06 866.28 0.085706
2 1415.28 701.18 1451.83 732.18 0.124034
4 711.51 1247.13 825.84 1332.29 0.108605
3 729.43 676.81 769.92 731.89 0.132480
2 699.75 915.66 797.42 976.54 0.161665
1 1113.08 1319.05 1158.78 1362.79 0.112078
3 779.64 714.51 836.67 770.88 0.090257
2 1348.95 715.00 1616.66 969.66 0.108668
10 709.90 1279.49 761.97 1339.81 0.085880
1 828.08 1216.18 880.09 1282.24 0.178884
7 475.56 928.35 727.13 1265.20 0.108849
2 639.91 964.43 889.25 1213.21 0.102407
2 639.64 668.89 1209.85 1367.12 0.121705
10 0.12 1303.35 40.75 1422.58 0.107821
2 641.81 730.31 771.97 825.18 0.144079
3 601.78 719.38 725.19 822.94 0.149019
2 742.16 687.50 772.39 727.61 0.099596
3 605.74 1145.58 675.49 1246.86 0.109549
1 613.58 959.36 682.33 1040.46 0.127984
2 363.91 526.53 640.69 787.76 0.095500
7 1289.51 703.61 1534.57 1403.18 0.117496
3 1055.86 360.71 1118.07 439.11 0.093304
3 602.75 717.12 675.95 786.12 0.148904
4 1167.06 432.16 1301.04 559.57 0.084889
2 931.12 977.42 1205.87 1365.47 0.096249
2 733.71 729.14 776.08 764.03 0.091782
2 546.89 1034.80 623.30 1130.11 0.128315
3 907.70 876.64 960.90 915.00 0.101087
10 667.51 892.53 702.65 932.20 0.094240
6 46.07 183.23 386.65 603.77 0.124206
1 333.84 137.00 391.12 200.79 0.146059
2 317.10 127.27 1212.09 1373.95 0.134207
2 755.20 1215.80 867.75 1317.87 0.084643
3 617.03 892.11 702.82 974.94 0.120725
2 132.72 192.42 181.88 237.01 0.089871
2 246.98 210.24 315.14 273.66 0.142723
2 662.32 959.70 704.13 1001.21 0.081113
10 477.09 934.47 523.60 996.01 0.080896
2 599.73 724.31 642.97 793.52 0.081888
10 1714.63 1097.39 1828.12 1299.40 0.081890
2 834.55 1215.80 865.50 1242.01 0.089044
3 328.74 277.46 413.82 339.15 0.171966
2 674.08 1206.03 705.03 1247.35 0.094136
7 346.61 679.37 433.37 790.21 0.080707
2 336.80 573.64 391.72 613.04 0.085625
7 350.67 681.99 580.75 994.94 0.083704
6 436.10 881.00 892.44 1497.25 0.085581
6 353.42 680.60 734.78 1271.06 0.115770
6 1.13 1273.00 892.39 1499.29 0.111158
7 99.46 222.03 262.61 421.54 0.099574
2 736.18 917.63 852.75 1004.94 0.084033
2 657.04 1189.68 714.70 1251.55 0.114737
7 541.33 911.47 657.50 1112.85 0.087975
7 220.67 168.41 367.56 367.88 0.106747
