4 505.63 545.97 552.07 599.94 0.579233
4 589.63 461.55 621.52 501.76 0.568955
4 412.77 739.21 487.85 842.34 0.481838
4 16.75 828.42 126.82 939.69 0.536249
4 259.00 385.31 307.45 405.94 0.435972
1 24.24 836.61 51.93 872.54 0.440787
4 288.84 372.96 326.53 393.51 0.428885
1 250.87 749.11 267.27 777.43 0.434708
4 414.35 352.74 465.28 377.69 0.438964
5 573.63 312.90 622.00 380.12 0.364746
4 1097.89 251.35 1133.08 285.94 0.337715
4 687.59 259.83 706.48 280.28 0.339308
4 1020.69 255.39 1044.13 271.83 0.346428
1 352.89 554.80 375.33 583.20 0.306245
4 500.11 264.78 515.40 276.02 0.321056
4 433.59 281.53 467.95 297.18 0.332629
4 704.45 236.91 724.96 252.06 0.284295
1 480.38 551.04 498.70 577.34 0.320642
5 347.83 309.71 449.95 344.13 0.297656
6 903.06 68.86 986.46 127.34 0.258879
4 525.28 278.93 551.72 295.64 0.287775
4 980.47 289.88 1013.55 308.92 0.253648
4 625.81 183.09 648.38 195.46 0.216825
4 932.74 237.56 955.34 250.33 0.265789
4 574.28 198.34 614.99 226.95 0.206620
4 564.99 274.66 615.08 307.11 0.201528
4 987.28 178.81 1062.14 203.77 0.116780
4 633.27 225.69 662.51 243.62 0.221907
4 987.07 181.01 1008.38 202.88 0.228059
6 319.55 484.07 425.34 567.02 0.155080
4 639.21 208.00 658.13 220.49 0.220157
4 1033.00 185.13 1062.87 202.21 0.197094
4 614.37 196.64 632.84 209.49 0.203711
4 45.85 275.63 100.63 296.22 0.190822
4 780.07 461.62 794.58 474.23 0.151044
4 1053.36 280.34 1075.79 295.45 0.198207
4 696.80 137.33 733.74 154.93 0.199556
4 1068.39 249.35 1086.62 260.58 0.257966
4 539.46 263.74 569.42 278.40 0.187083
4 574.54 355.32 598.65 379.98 0.297860
5 615.62 541.29 650.96 612.97 0.253913
6 449.48 247.35 516.53 293.77 0.194890
1 769.00 551.79 786.67 577.73 0.184007
4 577.83 249.26 604.28 267.56 0.140928
3 103.00 712.98 156.24 775.46 0.168594
4 412.99 301.71 432.96 314.26 0.209916
7 786.92 223.71 823.06 308.16 0.105870
4 453.85 479.39 478.46 502.23 0.145789
1 640.33 359.37 651.67 376.74 0.193044
4 1018.15 115.01 1042.83 132.85 0.180433
4 988.82 159.90 1010.99 176.42 0.161564
4 690.91 192.26 718.39 210.69 0.177302
1 748.12 295.85 763.67 314.62 0.119845
3 341.99 330.97 373.17 348.42 0.143637
4 753.99 434.10 778.85 447.57 0.096272
3 110.34 844.49 166.94 911.11 0.156108
6 890.91 628.30 925.18 675.71 0.128897
3 791.24 370.86 823.20 416.16 0.101491
4 1025.67 229.09 1054.51 242.69 0.222789
3 411.48 433.60 438.36 460.28 0.139151
4 563.25 254.30 578.37 268.64 0.150842
4 846.80 158.27 861.52 172.77 0.160096
2 791.59 435.34 815.03 491.33 0.094976
4 653.40 190.98 684.23 207.64 0.130899
4 604.34 262.98 626.58 276.94 0.195158
1 504.34 409.60 521.81 431.92 0.131307
3 260.17 551.73 299.40 613.03 0.121854
4 865.22 154.83 877.63 166.49 0.136568
1 789.82 241.50 799.90 257.86 0.104949
4 855.20 449.44 873.72 466.36 0.106848
1 441.77 515.74 457.18 538.13 0.167809
4 664.10 180.49 683.04 193.22 0.131413
4 762.55 209.54 779.74 224.12 0.154727
4 474.06 147.25 499.03 161.69 0.148177
4 895.97 673.40 931.77 700.19 0.104938
4 792.74 141.31 803.07 155.03 0.099715
4 499.84 191.53 522.01 205.30 0.148647
4 747.15 275.02 770.80 291.84 0.126349
4 790.78 456.46 815.55 491.23 0.137577
4 742.80 170.07 767.10 181.69 0.152016
1 778.32 515.29 796.44 562.09 0.105250
1 654.54 307.95 661.90 321.49 0.197789
7 259.81 539.13 337.74 612.06 0.099735
9 684.31 125.53 729.44 146.41 0.087702
3 133.62 677.03 172.57 721.59 0.092748
4 813.32 191.54 842.21 206.63 0.146464
4 1314.32 132.46 1339.00 143.78 0.137982
4 790.77 258.40 801.79 272.91 0.097072
1 872.91 219.60 881.28 234.59 0.139080
7 157.52 530.22 336.52 620.59 0.113060
4 647.34 225.53 663.14 238.29 0.147499
4 529.40 240.36 544.78 255.61 0.115926
6 561.98 124.06 622.14 148.51 0.090396
4 658.50 204.79 689.12 219.37 0.120466
4 788.64 180.04 799.56 191.85 0.110509
2 751.85 209.05 800.49 268.33 0.099390
4 586.97 258.04 605.62 271.20 0.085980
4 675.24 234.21 688.68 244.92 0.117538
4 846.98 197.75 869.18 214.78 0.114814
6 551.45 186.54 577.31 230.14 0.082691
4 543.16 368.37 554.04 381.16 0.083171
4 708.34 553.09 755.80 582.23 0.087138
6 351.50 269.18 390.26 309.07 0.093136
6 614.96 508.40 652.17 613.27 0.176317
7 780.98 434.92 818.76 491.94 0.089164
4 704.17 235.48 717.93 245.99 0.194072
6 830.73 91.99 900.36 117.89 0.107083
6 517.96 204.78 539.11 225.12 0.088344
4 122.18 301.83 134.26 314.80 0.082028
1 417.26 507.75 437.76 540.14 0.107297
4 543.16 145.31 559.53 155.06 0.117962
6 1038.40 106.79 1163.58 157.00 0.123260
7 686.73 329.10 792.15 405.53 0.088753
2 209.32 399.75 221.53 412.23 0.104402
6 682.33 126.60 733.14 154.60 0.105872
4 670.45 228.41 683.47 240.24 0.096145
6 488.18 138.16 542.52 156.48 0.098708
4 691.44 461.65 711.42 478.04 0.087188
6 652.54 180.72 688.52 208.67 0.098190
9 498.32 235.47 534.41 262.34 0.106939
4 511.58 339.83 533.79 355.13 0.103702
4 510.31 145.22 539.41 157.72 0.109051
4 1096.18 444.33 1135.13 477.34 0.094829
4 0.45 69.68 27.05 86.66 0.083041
9 385.93 276.04 423.17 302.13 0.083589
4 1047.41 208.55 1059.63 219.16 0.098569
4 942.41 170.05 956.99 183.91 0.112437
3 454.10 467.64 480.47 501.96 0.111592
4 686.95 242.74 713.30 280.93 0.151042
4 690.43 246.62 710.44 262.95 0.120647
4 993.46 311.07 1020.08 329.22 0.083957
4 628.18 243.79 654.17 262.02 0.089773
4 916.40 235.48 930.84 249.37 0.100911
6 0.44 642.17 143.48 781.16 0.102899
4 784.94 211.56 794.81 224.35 0.081832
2 830.50 211.37 840.73 223.22 0.084651
4 530.59 147.00 548.50 157.86 0.089516
6 989.67 105.13 1165.88 202.42 0.085577
4 254.96 349.21 288.37 377.67 0.097514
6 488.37 139.02 512.30 153.65 0.083433
1 747.85 295.00 758.20 306.53 0.106157
4 977.81 295.03 990.10 305.88 0.089268
4 925.84 139.31 935.80 147.66 0.096747
4 673.65 206.11 689.50 217.02 0.111810
2 397.03 544.28 420.87 587.75 0.081360
4 735.96 251.61 759.30 266.57 0.108582
4 228.69 125.64 245.12 137.36 0.083196
1 787.10 300.28 797.70 326.47 0.091553
4 486.33 343.73 534.86 360.94 0.080770
4 929.57 218.17 967.72 240.29 0.102415
4 739.63 144.31 759.78 157.18 0.088986
4 682.01 237.27 698.71 249.86 0.090703
4 390.05 420.29 413.41 438.30 0.085362
1 465.25 467.36 480.00 492.17 0.102639
4 920.22 203.65 950.77 221.90 0.085833
4 1080.40 300.62 1118.77 325.48 0.082241
4 704.96 229.49 718.35 240.66 0.114661
4 477.78 200.01 501.12 212.89 0.103651
9 1066.39 111.56 1162.66 156.38 0.099105
4 657.43 211.17 676.85 225.46 0.102415
4 1314.18 131.65 1363.40 146.13 0.086117
4 538.29 265.21 552.23 276.30 0.093722
4 936.51 197.53 952.37 210.34 0.096696
4 943.20 277.75 965.48 298.60 0.111888
1 796.71 371.02 817.82 405.11 0.110901
4 944.99 159.00 957.18 168.78 0.089673
4 688.79 391.62 726.19 409.64 0.090439
10 642.96 655.94 677.43 691.57 0.099151
4 574.33 212.39 596.83 227.79 0.101295
4 229.32 124.40 278.97 139.53 0.083854
4 800.21 231.56 818.30 251.06 0.080633
4 650.92 193.82 665.05 206.75 0.084721
4 246.52 399.50 262.20 411.25 0.085245
4 804.18 188.58 816.69 198.99 0.082618
2 990.50 319.05 1001.84 338.18 0.083476
4 591.98 249.57 604.43 263.22 0.080115
4 428.05 212.85 464.73 229.78 0.085876
4 560.83 182.17 580.42 193.28 0.093366
6 347.12 273.94 450.25 345.10 0.088994
2 282.87 587.20 299.77 615.87 0.080052
4 555.68 214.16 575.37 229.82 0.085350
4 632.81 238.63 656.96 251.31 0.095315
1 257.03 757.23 270.28 777.35 0.133212
4 587.93 192.73 601.99 204.32 0.088621
6 992.92 109.19 1043.13 133.12 0.113982
4 690.43 256.23 705.50 268.66 0.108067
