5 859.05 225.39 1055.51 307.98 0.749520
4 660.30 256.68 807.16 319.22 0.517505
4 1110.89 221.84 1252.29 279.79 0.514693
4 616.07 690.11 672.54 781.51 0.555218
4 0.16 331.77 86.66 378.53 0.596700
4 102.12 320.61 206.07 366.59 0.569579
4 1307.72 207.86 1399.53 262.63 0.450344
4 367.53 369.53 476.29 420.74 0.454000
4 207.52 303.16 314.62 355.37 0.500436
4 983.64 0.00 1006.45 13.95 0.370756
1 1019.52 400.85 1035.76 428.36 0.406374
1 1177.78 392.51 1198.46 416.16 0.399589
1 280.64 508.45 294.85 531.66 0.393273
4 44.28 23.10 93.40 97.53 0.331702
2 327.23 310.75 343.57 350.17 0.283402
1 1076.31 202.31 1095.19 235.99 0.345595
1 1322.51 397.03 1339.32 415.02 0.378548
1 1032.67 137.43 1043.04 158.56 0.324839
4 239.30 0.51 276.41 47.31 0.279444
2 39.12 502.72 82.14 527.10 0.319065
1 1227.34 405.78 1244.32 424.25 0.364892
1 138.48 11.28 151.78 37.01 0.308917
4 169.67 0.00 204.31 41.69 0.293235
1 760.13 577.82 773.61 599.22 0.349802
1 689.81 440.64 704.27 462.84 0.344485
1 78.63 280.22 97.17 303.70 0.309967
1 873.72 446.47 886.24 462.20 0.378258
1 1112.95 587.85 1126.76 607.59 0.303653
1 1030.98 760.79 1050.24 786.96 0.306479
4 73.35 492.63 138.77 514.34 0.296613
1 399.85 268.24 411.10 288.39 0.298900
4 280.83 0.66 313.40 42.10 0.282583
1 428.73 302.27 442.37 338.93 0.242693
3 352.29 302.54 381.82 345.34 0.190951
1 605.67 472.81 619.90 491.66 0.307530
4 223.79 86.36 274.99 119.94 0.219934
2 1301.10 748.06 1333.83 781.89 0.188699
3 1065.53 228.92 1105.32 252.65 0.263337
1 986.89 166.89 1003.75 200.76 0.251423
4 154.36 483.18 216.10 507.26 0.334351
1 956.39 624.83 968.84 643.21 0.274708
4 355.13 0.50 378.40 23.65 0.269853
1 921.55 585.09 936.76 605.48 0.259512
1 726.80 220.74 737.46 249.58 0.233512
6 0.16 0.24 97.85 181.92 0.245965
3 612.31 291.46 632.11 319.56 0.131727
5 176.64 71.34 274.54 122.25 0.208812
1 955.86 548.29 970.72 578.36 0.223194
1 715.42 466.46 728.58 479.86 0.318117
1 1019.12 670.53 1041.34 693.45 0.215885
4 243.88 112.61 271.84 131.92 0.183058
4 562.16 737.60 590.55 787.17 0.315037
1 1067.18 644.31 1087.12 695.21 0.220095
4 314.98 0.00 344.21 28.11 0.213027
4 629.16 431.12 685.77 449.30 0.138294
1 591.11 525.91 606.81 547.93 0.234919
3 583.42 273.35 633.26 323.33 0.204541
6 56.14 71.12 277.25 168.93 0.215691
1 1193.75 554.47 1211.73 581.86 0.211366
1 687.89 73.84 700.86 91.56 0.207204
1 677.65 77.11 687.64 98.39 0.197765
4 635.38 690.31 671.98 720.00 0.112198
3 584.58 291.21 604.52 323.81 0.137535
1 602.43 472.70 620.46 511.12 0.234916
2 554.35 287.26 570.91 324.60 0.109635
3 454.82 293.23 488.37 336.22 0.146299
1 925.50 604.25 936.49 624.10 0.200054
4 61.03 5.88 97.38 39.38 0.244365
2 1065.92 203.11 1105.00 251.21 0.117838
3 544.65 299.83 570.96 328.18 0.111218
3 454.86 306.83 472.18 336.43 0.119777
4 577.74 6.80 591.06 17.49 0.179941
5 1119.48 723.67 1186.37 783.32 0.167884
1 725.74 626.32 735.41 646.57 0.200192
4 524.13 276.17 567.37 301.63 0.107884
3 986.18 177.06 1002.79 202.58 0.178502
1 735.37 632.58 749.19 653.64 0.177289
1 1031.91 670.75 1042.08 688.85 0.148188
1 736.16 607.92 747.88 626.01 0.209673
3 410.05 303.03 427.84 334.63 0.116975
7 947.44 669.10 986.26 726.27 0.125058
3 510.22 290.00 541.77 329.29 0.126578
2 1101.95 678.89 1114.76 704.09 0.101670
3 990.79 546.02 1022.69 577.41 0.115531
6 0.62 507.31 256.95 787.43 0.117973
1 695.69 24.12 704.37 42.73 0.167128
3 377.44 286.84 427.30 339.70 0.203779
2 677.62 73.39 701.72 98.40 0.149263
2 955.83 532.46 979.19 578.35 0.107750
4 321.36 295.34 351.91 314.50 0.164078
2 1056.15 528.78 1068.10 553.78 0.113713
4 223.78 71.74 255.54 91.74 0.090465
3 396.54 304.42 413.24 336.87 0.127875
1 213.78 292.15 223.87 308.85 0.174282
2 1053.33 484.85 1067.40 505.88 0.157158
3 715.39 610.00 805.76 691.05 0.107585
4 455.14 286.56 468.89 305.56 0.106705
6 1307.76 207.99 1399.59 262.57 0.083325
1 998.56 185.95 1011.31 202.22 0.105671
1 697.22 221.68 704.80 241.05 0.146263
2 598.26 277.50 612.24 314.54 0.086025
3 511.43 297.79 526.97 327.10 0.092077
4 37.72 482.39 217.95 527.63 0.136186
4 61.05 158.44 101.33 188.59 0.100862
2 616.79 277.99 628.81 299.89 0.098398
2 1314.72 762.38 1331.38 780.54 0.110396
2 537.53 281.02 552.03 304.09 0.106339
6 73.52 482.98 217.52 513.75 0.099069
4 263.86 94.99 287.22 109.66 0.090185
1 741.46 663.28 753.63 682.10 0.168775
1 798.64 214.02 807.09 232.45 0.145730
6 314.83 0.00 378.80 29.17 0.098037
5 1110.56 221.86 1252.57 279.54 0.087038
7 353.10 286.45 427.74 344.12 0.132489
2 1198.88 730.88 1217.66 766.28 0.147866
1 485.98 539.29 497.93 559.86 0.152876
4 560.27 4.65 595.53 21.10 0.094458
2 689.41 49.76 697.25 62.20 0.116304
2 704.38 32.81 713.44 46.52 0.102500
2 676.15 24.00 714.31 103.17 0.099952
6 0.19 0.34 425.97 200.70 0.100168
7 450.54 278.93 506.49 335.94 0.154493
2 921.27 585.14 937.93 623.35 0.119144
4 244.11 96.58 287.15 131.13 0.107809
3 1242.56 213.21 1277.67 238.28 0.140868
2 972.08 532.02 979.62 544.41 0.113503
2 151.79 488.57 163.13 502.15 0.080520
2 1041.81 626.36 1051.93 641.70 0.107255
1 962.28 486.43 973.53 501.44 0.154060
6 42.98 3.19 99.72 98.15 0.191469
1 1055.59 526.57 1069.84 554.11 0.146183
2 1018.21 258.25 1033.98 273.26 0.105970
4 120.75 492.25 141.19 509.53 0.109569
2 1011.45 617.79 1023.30 635.02 0.082676
5 660.19 256.59 807.50 318.89 0.085167
2 682.01 33.87 696.10 61.08 0.080729
2 1019.49 672.28 1033.93 693.25 0.113034
4 45.74 76.13 64.86 97.52 0.084287
3 592.00 535.17 607.66 549.24 0.112832
2 511.15 284.12 522.03 302.82 0.101517
3 1084.50 670.65 1114.14 704.59 0.090642
2 962.86 491.40 973.06 501.02 0.095777
4 447.22 17.90 477.28 50.65 0.108270
1 850.16 211.23 858.02 228.43 0.119764
2 1075.11 212.25 1086.47 233.84 0.089542
2 98.39 2.95 108.28 25.46 0.087395
4 369.83 92.21 395.93 117.75 0.083744
4 451.94 278.40 492.64 305.10 0.110470
2 1302.27 425.33 1315.89 434.08 0.108442
2 953.04 609.51 960.09 625.64 0.109624
3 529.02 301.31 543.10 328.72 0.089331
2 1333.05 454.67 1350.93 477.76 0.129963
2 1025.95 590.92 1033.17 600.53 0.089916
2 927.08 585.78 936.97 602.89 0.083345
1 78.59 281.08 88.60 295.05 0.113106
2 839.30 247.38 847.58 269.76 0.100035
2 55.02 106.45 66.72 138.95 0.106459
4 394.24 0.05 419.61 14.70 0.106212
1 685.87 607.67 701.53 623.38 0.106637
3 61.12 146.38 144.53 190.08 0.084284
2 1083.24 212.25 1094.98 235.38 0.082259
2 747.19 218.93 755.56 238.47 0.109353
3 523.00 276.51 570.33 327.35 0.218210
2 599.64 392.69 1344.32 507.30 0.083663
7 583.62 275.73 612.93 322.57 0.119322
2 491.15 602.29 506.44 635.62 0.103556
4 72.69 496.94 106.26 514.35 0.089391
4 1048.94 472.83 1070.07 506.10 0.087865
2 1056.21 512.72 1071.49 533.73 0.117609
2 951.89 73.73 964.08 102.64 0.091790
2 129.94 152.45 143.80 170.95 0.084239
4 449.00 13.78 465.80 25.76 0.088965
3 1019.14 673.92 1041.23 694.47 0.182219
3 328.79 325.87 341.50 350.29 0.140986
2 163.24 0.00 174.21 8.44 0.101595
2 959.49 670.09 969.83 683.55 0.096242
2 993.85 166.58 1003.94 183.91 0.096492
2 752.93 484.95 761.87 495.02 0.088091
4 980.07 749.06 997.52 760.49 0.080940
