4 449.69 289.56 540.04 339.25 0.493758
4 1195.42 335.02 1299.24 375.66 0.485082
4 1270.66 406.41 1362.48 448.01 0.504904
4 293.12 360.97 382.13 401.09 0.478568
4 383.13 553.64 468.98 594.48 0.476310
4 863.20 1.31 951.51 58.44 0.475360
4 342.38 172.60 384.40 263.16 0.465180
4 848.86 49.26 932.93 110.26 0.484189
4 329.73 273.26 418.84 334.17 0.467621
4 1046.21 351.89 1140.50 403.14 0.482973
4 192.74 566.38 280.18 609.30 0.445276
4 738.08 298.19 827.16 337.78 0.466972
4 797.52 94.91 885.68 171.58 0.478429
4 251.04 84.53 300.68 163.42 0.414071
4 0.12 161.86 63.43 233.13 0.448344
4 115.53 373.24 203.80 413.84 0.453113
4 992.03 477.45 1083.50 517.74 0.458776
4 996.78 287.57 1069.15 362.53 0.424114
4 27.94 338.56 109.32 386.98 0.452657
4 837.98 253.66 926.02 290.98 0.402895
4 15.74 534.34 108.20 585.11 0.412103
4 1135.28 445.71 1227.63 505.46 0.413346
4 731.81 150.60 797.14 232.50 0.363790
4 288.37 494.80 384.58 538.87 0.394035
4 1042.44 132.73 1096.81 227.48 0.341666
4 168.00 315.34 259.25 354.99 0.449486
4 566.28 302.32 648.96 341.91 0.470103
4 1027.14 557.43 1070.18 636.59 0.362619
4 1048.84 0.31 1093.16 65.55 0.401213
4 1146.84 128.31 1189.62 212.76 0.352215
4 693.61 564.96 734.08 642.38 0.310734
4 1096.92 140.79 1141.09 231.04 0.343116
4 1351.42 111.05 1399.59 194.28 0.344437
4 580.65 162.76 671.90 206.24 0.290082
4 1239.18 121.12 1287.39 209.72 0.337353
4 976.17 557.57 1018.88 646.78 0.334166
4 428.10 690.89 444.23 704.49 0.245743
4 1081.02 553.95 1133.14 643.02 0.359202
4 212.21 0.52 254.03 55.48 0.343086
4 12.08 8.09 66.99 96.51 0.357630
4 266.76 0.30 308.16 60.02 0.350389
4 743.60 570.11 785.22 662.41 0.316539
4 608.63 32.50 709.71 65.91 0.335573
4 51.70 0.24 104.44 71.99 0.350821
4 994.07 128.29 1036.38 224.73 0.274919
1 54.29 727.31 86.73 745.93 0.268725
4 1196.76 136.52 1244.26 213.24 0.292021
4 385.55 690.73 401.76 704.91 0.242395
2 425.80 511.13 443.19 526.29 0.211880
4 856.78 563.89 897.06 651.76 0.358057
4 155.20 0.30 205.28 75.56 0.354857
4 908.81 567.29 953.94 663.63 0.311237
4 577.42 686.63 613.40 722.69 0.215168
4 336.80 696.08 353.47 706.63 0.218600
4 1276.88 777.35 1313.70 787.47 0.163238
1 1327.43 142.16 1351.86 174.69 0.176475
4 794.89 567.36 836.07 658.27 0.331866
4 244.37 701.15 262.70 711.81 0.218643
2 1313.52 141.41 1352.38 183.23 0.155336
4 379.87 26.31 396.67 42.58 0.201926
4 470.46 692.76 484.36 704.93 0.229001
1 177.28 618.56 192.63 635.79 0.232268
1 269.26 614.66 280.77 625.41 0.195734
2 37.81 723.76 87.10 746.26 0.127063
1 361.44 657.34 374.12 677.37 0.224201
1 1117.05 230.68 1136.87 251.93 0.184595
2 436.52 78.27 455.06 95.99 0.215753
1 606.28 114.20 618.51 131.86 0.152019
1 178.21 655.24 195.07 673.18 0.223962
1 38.04 723.41 62.91 741.62 0.236828
1 403.33 563.07 415.02 590.62 0.152439
2 396.22 494.62 415.25 506.34 0.137226
1 103.80 756.71 124.78 786.94 0.168727
1 1158.58 549.43 1180.56 568.35 0.172833
2 143.51 715.24 161.01 729.10 0.172585
4 1092.19 0.19 1117.65 22.10 0.108751
3 1306.93 597.27 1389.02 645.75 0.255240
2 307.07 12.35 330.78 34.83 0.190939
4 284.72 697.53 301.44 709.10 0.224882
2 126.64 636.79 152.99 655.02 0.202264
5 628.23 414.12 793.41 475.63 0.188927
3 92.55 625.76 137.11 647.77 0.158814
1 56.07 671.44 93.36 692.76 0.205399
1 862.64 238.90 891.76 259.71 0.183977
4 620.95 97.37 645.67 125.90 0.188948
2 623.93 134.40 643.64 153.15 0.110148
1 358.85 608.73 370.71 626.07 0.176137
2 1114.11 229.58 1157.24 255.20 0.129357
2 1332.32 153.63 1352.16 174.41 0.136034
4 515.99 695.26 557.82 762.43 0.203635
2 634.14 170.05 654.66 195.77 0.130713
4 312.98 692.52 328.75 703.63 0.207395
4 897.18 253.95 925.94 285.25 0.088395
4 1125.51 23.04 1276.41 71.27 0.110946
1 616.56 114.21 628.30 130.69 0.142200
1 68.25 599.05 91.45 612.30 0.202609
2 149.02 677.84 184.14 703.98 0.150642
2 92.30 624.95 158.76 654.62 0.149706
4 1371.40 528.95 1399.58 631.49 0.224334
4 1334.30 633.33 1352.13 647.67 0.133252
2 174.44 689.19 187.30 712.78 0.148090
4 1217.19 780.13 1250.79 787.78 0.137663
2 1382.19 128.33 1399.33 144.20 0.088144
4 670.31 124.35 716.15 157.15 0.095406
2 3.45 2.64 1396.53 783.04 0.099073
2 174.66 689.76 206.66 718.79 0.129829
4 701.42 65.20 717.32 84.10 0.108495
2 1169.90 552.95 1180.30 568.05 0.128635
4 148.88 687.01 165.27 699.68 0.111291
2 383.06 553.91 468.90 594.10 0.085306
2 192.91 566.70 280.33 609.06 0.082876
4 1138.65 240.64 1157.24 254.68 0.092555
4 469.42 720.44 479.89 739.66 0.093746
4 1239.65 121.32 1281.45 159.88 0.115463
2 215.73 412.55 240.01 425.83 0.118869
4 581.96 120.54 595.39 135.66 0.087758
4 691.41 553.16 1135.25 663.65 0.081731
3 544.97 0.60 578.15 28.20 0.098440
2 440.33 560.61 454.00 584.50 0.088781
4 682.30 668.64 705.85 685.14 0.090412
2 545.32 2.40 565.45 26.70 0.104049
2 350.74 0.00 383.13 18.64 0.155338
2 716.24 180.95 725.13 194.94 0.080254
6 603.90 97.10 646.22 133.81 0.086288
2 36.48 570.72 283.32 754.40 0.102515
4 1302.78 71.64 1330.37 91.32 0.098172
1 342.32 504.73 357.53 530.91 0.093855
6 1124.35 1.11 1279.64 72.65 0.083519
2 248.14 576.05 261.78 599.47 0.101921
2 1350.34 123.96 1366.77 146.97 0.082163
2 1158.37 549.45 1170.19 565.45 0.090909
2 698.74 158.62 715.56 181.38 0.082407
2 136.31 637.71 148.10 647.04 0.080986
2 178.28 656.65 188.56 672.86 0.093848
2 54.66 732.13 72.43 745.70 0.124298
2 189.00 705.02 206.48 717.92 0.118141
2 1094.28 669.72 1110.90 701.57 0.086753
4 623.95 167.12 660.63 199.03 0.103363
2 132.04 381.05 143.88 408.52 0.093082
4 525.50 528.10 616.78 574.47 0.394796
2 674.95 153.59 717.76 183.71 0.107708
4 1184.37 0.00 1265.90 11.12 0.099156
4 94.93 632.49 122.21 647.54 0.080331
4 1334.97 783.93 1360.37 787.74 0.097110
2 143.18 617.01 206.94 728.16 0.082166
4 668.57 126.14 685.86 153.70 0.081571
2 185.06 655.95 195.12 672.53 0.101929
2 605.89 112.88 628.62 132.75 0.136571
4 1088.57 27.43 1109.81 96.54 0.104765
4 698.73 0.26 725.21 19.77 0.080928
4 0.07 483.51 6.54 511.37 0.195527
4 1286.60 627.30 1299.55 636.96 0.083029
2 398.46 617.04 405.90 626.32 0.081144
4 0.03 355.75 4.63 385.17 0.110486
