4 0.31 713.12 171.73 885.23 0.505287
2 1356.20 636.80 1707.37 840.45 0.476953
1 74.65 578.88 121.72 653.29 0.474954
1 663.80 647.18 692.41 740.47 0.528664
1 227.35 600.89 269.67 681.07 0.480473
1 1203.18 642.23 1232.28 735.59 0.496064
1 193.39 633.24 221.43 701.08 0.460372
1 1357.88 700.32 1394.02 804.02 0.315316
4 329.54 180.64 353.20 192.48 0.401269
4 475.61 177.89 499.21 187.14 0.360630
1 1762.04 650.88 1793.11 715.67 0.344757
1 1450.75 657.32 1478.36 726.35 0.250200
1 1654.66 733.06 1704.57 838.88 0.223280
4 563.20 503.56 616.27 542.42 0.173279
1 1485.46 718.83 1518.79 820.01 0.209643
1 1530.13 700.35 1564.84 810.45 0.174341
1 1676.28 638.03 1703.38 707.26 0.207935
1 1640.37 672.54 1688.83 727.48 0.191904
1 1395.37 669.94 1425.08 761.75 0.254290
2 1412.62 706.42 1444.32 796.91 0.167833
2 1589.60 725.93 1621.68 830.12 0.153158
1 1637.47 640.78 1667.79 688.62 0.166091
1 1396.47 723.19 1425.45 822.76 0.174029
2 1504.36 697.60 1533.57 764.01 0.140829
1 1623.50 727.07 1663.21 830.92 0.165669
1 1554.39 722.16 1592.28 829.01 0.170022
2 1432.81 725.59 1462.03 820.96 0.152756
4 128.39 190.59 157.54 204.06 0.219599
1 1567.44 672.06 1598.30 720.39 0.139091
6 899.82 501.80 1182.68 557.21 0.144517
4 624.24 213.22 635.71 222.76 0.104164
2 1457.81 733.51 1488.44 820.31 0.130178
4 523.08 497.76 573.33 543.34 0.162764
2 1658.04 636.65 1679.89 684.33 0.131505
2 192.89 599.55 269.80 702.11 0.099063
2 1539.02 679.05 1567.71 723.38 0.128594
6 584.97 405.13 864.03 549.31 0.103540
6 1688.74 713.02 1915.58 976.55 0.120063
4 1024.30 168.86 1042.26 181.19 0.137457
3 1574.96 694.72 1612.70 747.02 0.104770
2 1613.43 671.78 1633.97 705.53 0.113089
4 78.55 239.85 139.48 264.58 0.080036
4 600.24 211.75 636.47 224.29 0.089055
2 1592.69 694.01 1620.75 737.76 0.095550
2 1446.00 700.99 1477.10 739.81 0.096338
3 301.78 531.09 318.18 549.86 0.119684
2 1203.37 642.74 1231.73 735.57 0.082433
2 1619.52 688.68 1645.24 730.80 0.104211
4 587.07 215.41 608.35 228.14 0.093273
4 268.79 224.95 292.80 234.25 0.089673
2 193.70 633.63 221.13 700.81 0.092833
7 1534.44 650.41 1598.80 710.65 0.085085
4 177.74 194.92 195.38 204.35 0.104737
9 103.41 189.65 157.62 204.28 0.086851
2 663.74 647.66 692.21 740.75 0.092354
