4 505.38 304.63 522.35 325.07 0.593285
1 542.37 478.75 557.51 500.80 0.377612
2 539.58 342.56 557.95 357.80 0.338249
1 504.34 462.32 514.62 484.44 0.295408
1 454.15 414.87 462.50 431.69 0.246733
2 477.65 460.51 558.69 501.89 0.142806
5 1315.34 138.78 1360.03 167.99 0.308510
2 478.17 460.81 515.44 491.11 0.222532
1 478.10 472.78 486.49 490.10 0.251810
1 490.34 461.63 501.53 481.26 0.279279
1 535.82 282.54 542.38 297.24 0.233078
4 1124.04 113.00 1146.50 128.58 0.142170
3 543.64 483.10 559.40 501.26 0.126408
1 550.03 483.12 559.05 500.00 0.232247
6 1135.24 370.08 1399.53 711.58 0.152931
6 1275.92 0.30 1359.59 53.35 0.158213
4 418.90 152.21 433.19 166.36 0.119974
4 549.52 118.74 575.63 126.79 0.177706
4 639.47 78.15 653.60 90.73 0.179718
1 656.70 512.02 667.33 528.64 0.138920
4 1142.40 131.13 1156.00 147.23 0.127914
4 498.75 165.30 508.78 177.70 0.110658
6 663.49 85.35 701.50 106.55 0.126375
4 634.90 89.12 645.11 99.88 0.102475
4 573.83 217.20 589.57 231.03 0.094383
4 1258.64 153.82 1318.67 172.88 0.148125
1 935.74 431.82 943.92 452.70 0.109516
4 366.01 352.90 379.73 368.83 0.148154
6 658.03 73.01 682.46 86.38 0.127649
1 435.71 500.68 442.68 512.70 0.095318
6 1276.74 111.13 1313.17 133.32 0.099163
4 1340.35 10.27 1358.16 22.72 0.100237
4 1012.98 244.32 1024.39 259.29 0.090724
4 1340.07 42.03 1357.91 53.44 0.087017
6 610.86 78.55 644.03 94.54 0.121368
4 209.32 84.27 242.25 102.38 0.103175
6 1314.26 116.74 1380.88 169.97 0.137133
2 521.80 238.85 531.10 259.03 0.083761
4 26.66 82.18 50.47 96.30 0.083362
3 636.19 499.00 650.53 521.71 0.085180
6 0.39 93.28 395.90 388.35 0.098926
4 611.96 84.43 623.39 94.44 0.092773
6 625.38 47.15 743.71 87.50 0.110522
4 1325.57 152.98 1355.01 168.57 0.084936
9 494.05 96.68 523.51 107.31 0.085463
2 549.82 301.75 556.10 314.96 0.081341
6 1316.75 138.82 1360.21 155.93 0.163031
6 408.78 151.04 433.54 167.14 0.082018
2 548.66 343.49 557.94 355.12 0.088495
10 677.33 422.75 708.60 466.17 0.101352
