5 870.44 542.41 1204.49 694.83 0.533695
4 595.88 664.50 690.88 807.66 0.488707
4 798.19 704.29 909.60 887.80 0.431770
1 1342.35 614.98 1388.99 669.64 0.416230
3 718.99 704.66 750.60 756.35 0.580228
3 1285.50 671.55 1364.53 755.80 0.445165
4 157.70 419.02 198.59 446.84 0.373930
1 718.35 679.30 750.77 756.17 0.168931
1 581.71 398.09 627.01 453.36 0.227832
4 322.60 453.94 356.71 476.58 0.316197
1 252.10 473.15 292.82 534.31 0.319034
3 846.66 500.21 863.63 538.56 0.182394
3 244.82 503.18 299.45 543.63 0.283739
4 870.97 561.81 963.96 688.66 0.215852
1 542.79 473.23 566.40 503.16 0.200178
3 1338.58 709.68 1367.43 755.93 0.181357
3 880.63 977.82 1050.49 1049.63 0.138994
1 276.39 482.33 294.30 513.20 0.193111
7 1286.73 673.47 1352.29 733.80 0.128728
2 543.08 475.41 559.46 498.25 0.088347
3 776.39 497.92 800.19 534.84 0.124867
2 252.05 494.82 271.89 527.84 0.113175
1 677.80 462.13 694.32 488.53 0.119363
6 377.56 392.99 755.70 532.03 0.100466
3 1345.73 638.57 1388.29 669.93 0.129745
1 260.46 473.29 284.05 509.57 0.215851
1 1087.87 230.40 1109.27 261.72 0.133608
3 1338.99 697.39 1395.93 756.30 0.131575
3 60.70 457.81 99.18 491.65 0.091357
3 377.95 649.03 429.04 699.14 0.091693
2 1300.58 668.98 1331.72 696.72 0.114289
7 400.59 448.12 655.06 529.74 0.086309
6 500.42 452.86 651.59 521.90 0.136431
2 594.41 469.94 611.53 485.16 0.110985
3 915.87 475.38 935.12 502.22 0.085596
4 933.38 482.36 953.50 500.03 0.103650
3 623.23 488.21 657.19 522.44 0.097914
10 1368.56 640.92 1389.20 667.86 0.080225
4 916.25 475.27 987.62 503.69 0.086934
1 19.35 638.89 109.68 700.23 0.093285
2 721.44 464.30 737.61 485.42 0.083937
7 1284.89 666.17 1397.54 756.32 0.177302
3 1046.56 230.90 1075.98 266.86 0.093726
1 1293.95 668.77 1342.29 706.48 0.156543
4 55.70 420.30 155.46 489.43 0.084470
2 1285.38 670.13 1366.39 754.82 0.090304
10 1345.44 709.99 1368.38 733.41 0.082420
4 847.51 470.75 870.25 506.19 0.084477
7 235.39 509.81 294.41 544.06 0.165200
2 1342.28 615.36 1389.00 669.29 0.098716
4 427.91 465.93 476.06 498.53 0.086444
7 402.99 464.12 475.52 531.21 0.086846
4 50.13 444.43 90.61 472.60 0.101437
