1 133.96 761.96 168.78 797.68 0.440818
1 339.14 945.61 380.87 984.88 0.438939
1 966.35 992.84 988.35 1027.54 0.363146
4 78.01 438.83 113.66 456.20 0.339848
1 609.34 679.04 623.86 712.97 0.377955
1 629.67 825.87 660.54 874.01 0.385579
1 1270.17 445.67 1292.42 481.14 0.358408
1 675.54 578.51 689.62 612.86 0.305327
1 72.62 628.57 98.43 662.98 0.318543
1 742.98 576.71 756.57 610.61 0.306412
3 733.31 412.70 758.37 432.17 0.177837
1 851.82 903.79 874.93 967.20 0.310269
1 874.16 984.08 898.67 1036.08 0.309632
1 716.24 582.31 729.71 615.81 0.285204
1 881.36 899.70 899.58 931.05 0.316664
6 664.53 0.00 717.26 30.68 0.251381
1 992.04 1028.28 1020.96 1049.80 0.331106
1 593.83 536.62 607.37 568.78 0.248375
4 1379.36 101.88 1398.04 115.62 0.194414
2 1384.26 418.16 1399.85 447.51 0.247909
1 259.59 710.87 290.65 743.90 0.308963
1 280.64 696.61 303.10 732.90 0.294908
2 17.02 430.27 1018.54 1043.54 0.166072
2 314.84 573.44 340.34 608.57 0.167697
1 582.59 461.98 597.31 502.24 0.202616
3 885.79 749.42 908.10 778.18 0.269664
1 745.27 753.16 759.50 794.88 0.262617
1 836.06 855.19 863.05 900.33 0.273748
1 38.02 577.68 62.30 610.40 0.250459
3 771.98 378.49 799.09 395.17 0.199089
1 408.51 610.89 426.99 644.63 0.246357
1 1363.95 993.58 1399.39 1033.68 0.282311
1 279.69 572.11 300.28 599.31 0.221575
1 835.48 668.57 858.93 709.13 0.293771
1 1116.87 1004.02 1146.74 1044.72 0.320899
1 897.03 970.73 915.38 1005.48 0.308306
6 377.26 444.09 460.57 498.19 0.170574
3 869.42 1011.27 893.84 1036.35 0.208351
3 1164.26 254.70 1182.28 275.97 0.164101
3 18.50 482.91 47.25 509.01 0.151186
1 857.03 413.05 868.78 438.85 0.226757
2 1109.40 343.12 1127.17 369.23 0.173759
1 437.15 592.07 453.04 626.14 0.236103
1 883.33 735.31 910.78 777.54 0.228511
1 611.76 438.03 624.37 465.06 0.221813
1 427.47 767.07 452.41 802.78 0.264901
1 706.18 400.06 721.45 429.92 0.212011
3 1269.50 456.87 1291.13 482.45 0.225918
1 561.51 400.40 577.60 429.43 0.195214
1 426.94 604.04 444.97 634.56 0.200764
1 723.92 448.34 734.55 477.70 0.223824
1 1140.37 333.26 1154.64 354.54 0.207936
1 157.89 576.07 182.37 606.79 0.194017
1 455.45 708.26 473.77 738.96 0.241383
1 1198.70 1016.08 1230.62 1049.19 0.315812
2 1163.98 327.52 1192.88 355.44 0.148960
1 439.39 719.08 459.88 753.34 0.234002
2 689.33 459.48 705.57 486.63 0.177093
3 319.92 590.35 338.32 609.29 0.171512
1 1308.72 1005.04 1359.89 1044.47 0.244516
2 1262.69 206.47 1274.55 225.42 0.109773
1 441.60 756.92 465.48 792.40 0.254629
3 966.96 1004.18 983.00 1027.36 0.235097
1 1087.28 335.54 1107.44 365.16 0.194436
1 337.32 682.05 369.60 726.89 0.289220
3 1228.58 240.52 1268.85 265.42 0.137073
1 682.26 676.74 700.57 704.12 0.193595
1 749.75 447.53 767.13 482.60 0.229480
1 597.68 458.79 609.76 487.86 0.195459
1 744.54 401.05 757.77 430.01 0.237203
1 338.25 607.31 356.43 640.32 0.219837
4 1329.25 106.48 1339.13 115.75 0.158738
1 72.02 593.21 106.76 629.03 0.164490
1 1378.57 387.33 1399.82 415.97 0.206634
4 1051.16 8.67 1070.03 21.34 0.171987
1 640.95 481.34 653.23 509.93 0.269144
1 80.98 556.24 103.75 584.82 0.189485
4 1279.73 96.42 1291.71 110.75 0.113311
1 737.30 634.37 752.10 670.28 0.172323
1 1218.02 306.74 1240.03 331.46 0.143623
3 1086.78 345.66 1105.69 365.69 0.152803
4 1163.90 218.23 1180.31 234.00 0.147739
1 821.40 428.80 836.65 457.69 0.184211
2 592.66 526.19 656.52 568.93 0.159258
1 223.24 587.16 244.80 614.97 0.179542
4 1193.26 47.69 1204.38 58.43 0.201241
6 1037.75 20.49 1102.81 57.46 0.210129
1 147.05 585.53 167.16 617.25 0.224530
2 49.81 513.43 71.49 541.68 0.172286
1 737.52 454.02 749.00 482.87 0.220172
4 861.82 61.77 875.17 74.81 0.155271
1 594.03 414.89 606.44 435.58 0.181689
2 64.46 510.73 85.90 538.58 0.166717
1 642.40 527.56 655.86 560.05 0.177078
1 716.26 668.88 731.31 705.51 0.201520
1 505.91 322.12 524.43 346.95 0.163011
4 975.82 341.99 1029.92 367.97 0.173732
4 1363.39 395.48 1382.21 413.30 0.095955
3 704.86 410.43 718.48 430.71 0.142209
4 1203.60 84.37 1214.02 97.30 0.136013
4 1223.94 306.25 1240.08 317.42 0.113836
2 1309.14 105.40 1339.69 124.86 0.127786
2 560.14 380.03 628.53 467.35 0.089048
4 1215.06 28.33 1236.38 45.72 0.103551
2 820.42 419.63 853.81 455.27 0.186592
4 1225.67 62.47 1245.48 75.28 0.117014
1 347.86 600.11 364.98 630.02 0.175758
1 755.18 744.62 768.35 781.09 0.282788
1 96.78 543.72 115.44 574.03 0.139653
2 745.42 744.48 767.92 795.62 0.179605
1 61.50 576.52 79.67 599.83 0.169647
4 1196.21 9.03 1221.04 20.05 0.139391
2 407.00 591.82 453.56 645.91 0.123176
2 617.36 530.01 630.51 561.72 0.153660
2 628.56 530.01 643.05 559.30 0.117567
4 1174.48 7.29 1190.18 18.13 0.147789
1 1320.78 278.10 1335.13 295.84 0.120147
2 745.07 400.78 754.65 420.21 0.087788
1 1164.65 327.39 1181.16 353.72 0.142850
3 70.95 470.23 102.36 494.65 0.118977
1 1118.17 325.02 1134.20 350.26 0.113492
3 571.24 475.47 599.27 503.22 0.122672
4 1246.93 110.84 1269.87 127.59 0.100789
2 724.28 447.41 767.30 483.97 0.161150
1 726.83 661.77 740.53 697.43 0.157362
3 1086.66 339.51 1127.69 369.28 0.116658
4 1163.59 233.56 1177.86 247.59 0.126425
2 438.07 708.06 473.85 753.47 0.089764
1 752.05 626.83 767.00 662.33 0.241479
3 428.16 728.80 458.22 754.20 0.107263
3 724.61 463.38 736.47 480.62 0.131648
1 350.70 705.29 369.78 728.18 0.186984
2 705.33 402.57 716.79 429.74 0.083725
3 1180.26 340.82 1189.58 356.17 0.101488
2 753.40 459.14 767.29 483.32 0.129771
2 1203.91 264.72 1218.67 283.94 0.144689
2 719.72 638.01 736.77 666.03 0.154044
2 114.68 557.88 143.31 597.08 0.115186
2 75.43 456.73 90.74 487.70 0.103910
1 1260.77 1010.22 1293.93 1048.79 0.269589
2 674.84 578.56 769.27 707.35 0.141151
2 715.98 627.14 767.69 706.04 0.101439
3 821.64 439.05 835.24 457.80 0.153116
2 245.52 569.82 264.72 602.98 0.119125
3 616.54 544.45 629.58 563.28 0.116991
2 1271.57 157.01 1284.66 174.48 0.142760
1 633.28 850.05 656.00 874.68 0.152639
1 1136.26 1031.24 1156.64 1049.57 0.215086
2 14.28 450.73 476.45 804.93 0.123926
2 852.47 926.86 871.75 967.99 0.161281
2 1387.72 387.06 1399.85 413.47 0.151679
1 837.26 425.69 849.22 452.09 0.152276
2 258.61 696.39 303.01 744.36 0.137952
2 223.48 558.40 265.56 612.90 0.109614
2 234.09 559.34 248.87 582.62 0.141121
2 559.53 380.83 658.44 562.38 0.128538
2 1171.06 97.16 1270.95 210.02 0.133332
4 931.90 1.10 956.60 17.05 0.097105
4 15.38 458.26 63.96 484.09 0.152970
2 1086.61 334.86 1126.97 368.92 0.121908
3 1236.80 140.19 1247.83 154.83 0.111465
2 764.82 384.77 778.25 403.17 0.121034
4 1162.52 234.93 1182.59 262.03 0.111791
3 1217.09 314.19 1233.57 332.61 0.123074
1 858.44 684.42 872.32 705.06 0.223857
2 563.42 387.61 579.60 406.15 0.102383
3 350.87 608.33 365.80 629.87 0.118748
2 222.35 558.74 366.52 641.75 0.102637
4 1194.82 162.74 1205.97 176.25 0.089716
4 1012.96 342.76 1030.26 360.95 0.123640
2 1308.86 108.30 1319.00 125.75 0.102493
1 1181.46 330.47 1194.53 354.88 0.157027
2 15.66 452.96 104.69 541.89 0.125906
2 853.13 948.74 867.83 968.95 0.099104
2 1115.05 1006.75 1133.30 1040.86 0.119541
2 86.59 471.57 102.71 494.86 0.086111
2 337.41 598.22 364.51 641.15 0.129692
4 1115.68 24.50 1145.63 42.36 0.094776
2 572.78 380.57 584.56 403.09 0.097212
4 1207.57 36.24 1221.80 48.37 0.095041
2 839.70 854.85 863.20 892.83 0.095555
2 754.42 32.05 773.97 57.97 0.139693
2 1173.50 188.64 1186.43 207.07 0.085166
2 236.42 580.72 255.63 606.47 0.108009
4 1240.97 65.70 1253.24 76.56 0.082536
4 0.34 425.39 33.41 460.09 0.175784
2 848.42 413.81 859.36 437.09 0.119914
2 426.98 707.47 474.66 804.16 0.103137
2 67.71 455.49 103.19 494.29 0.140836
2 15.71 452.33 184.86 663.30 0.149447
4 1084.00 4.67 1101.82 19.09 0.087144
2 1215.95 1032.99 1232.10 1049.07 0.105310
4 0.36 425.34 17.72 442.73 0.132175
4 1261.63 112.47 1270.19 124.47 0.084029
2 489.30 318.70 502.64 338.61 0.095740
3 427.01 731.12 442.34 747.56 0.080463
2 1328.29 998.25 1362.53 1035.46 0.139565
2 1372.90 387.17 1399.79 416.75 0.118034
2 1171.76 46.30 1205.18 64.24 0.080397
2 581.28 457.27 610.31 502.68 0.118794
4 1170.89 49.26 1181.71 63.24 0.089746
3 745.92 772.63 757.41 795.48 0.088047
2 38.55 473.62 55.56 501.84 0.087015
1 849.21 855.38 863.72 878.01 0.144798
3 615.92 539.15 653.71 562.28 0.098019
2 124.14 580.85 144.59 605.87 0.118427
2 1184.54 240.39 1220.73 263.26 0.131072
2 860.30 665.94 883.17 703.35 0.122346
3 974.29 356.65 992.11 377.93 0.122438
4 1051.26 41.70 1078.69 57.02 0.105812
2 489.96 318.44 524.84 346.71 0.111350
6 628.15 0.00 663.64 12.67 0.087485
2 1113.61 992.41 1399.26 1049.14 0.117479
3 756.12 756.15 767.82 781.78 0.083671
6 718.65 347.23 820.34 396.71 0.091529
2 120.79 553.30 137.65 572.30 0.113552
2 836.61 682.25 851.35 708.72 0.088977
2 1185.53 243.68 1198.64 262.09 0.084960
2 580.69 385.49 590.97 406.96 0.082373
3 632.28 492.69 654.21 511.60 0.121359
2 643.82 849.91 658.80 871.64 0.087295
2 53.28 473.79 71.80 501.52 0.106651
2 1198.22 1023.15 1218.00 1048.98 0.086659
2 1085.55 324.82 1192.00 369.39 0.098409
6 69.93 411.47 134.46 455.83 0.089886
3 879.90 916.13 899.41 931.81 0.093207
3 836.05 874.23 849.52 900.88 0.147081
3 281.04 581.80 300.17 599.33 0.116577
3 1109.80 349.47 1129.38 371.00 0.158691
9 1169.02 6.11 1220.99 19.77 0.091194
2 1207.69 241.89 1220.40 260.40 0.090980
3 1115.12 1016.18 1139.39 1041.18 0.096925
2 406.51 459.00 428.51 484.28 0.088381
2 561.38 386.79 581.21 429.03 0.124633
3 1361.58 417.15 1399.56 450.13 0.123554
2 258.71 711.66 277.32 742.45 0.088947
4 830.25 24.40 844.19 37.49 0.081492
4 1162.58 8.21 1181.06 18.97 0.086976
3 693.54 468.66 706.18 487.68 0.124068
