4 0.16 779.05 135.80 879.56 0.483397
4 276.89 618.04 345.84 666.26 0.447319
1 306.18 657.80 323.49 691.77 0.362481
4 524.50 538.41 586.59 572.49 0.373866
4 215.76 646.19 285.89 698.78 0.383163
4 6.58 701.17 86.19 775.68 0.406929
1 492.37 590.19 506.02 622.18 0.361446
4 158.68 664.40 230.14 719.55 0.447913
1 927.22 589.06 946.31 614.37 0.185715
1 530.68 570.03 549.71 602.06 0.324840
1 408.39 585.34 421.09 615.82 0.310049
4 82.13 690.25 152.05 749.39 0.457861
1 1063.02 546.60 1077.16 572.12 0.290489
6 452.61 564.84 515.28 603.02 0.316138
2 1035.47 541.42 1078.90 572.45 0.174518
1 854.35 501.40 866.60 523.84 0.251167
3 359.03 583.34 390.66 607.91 0.196312
2 876.14 566.98 947.87 618.21 0.227322
4 652.24 480.94 678.15 511.83 0.229892
1 889.46 584.80 904.67 617.36 0.243982
1 1045.07 546.12 1055.57 566.02 0.211702
2 1037.14 545.49 1053.65 567.55 0.180940
2 902.53 590.79 923.07 618.50 0.206025
1 877.40 567.82 890.97 595.12 0.205858
4 286.60 611.63 303.08 626.45 0.174175
1 373.77 590.19 390.70 619.38 0.253704
4 656.39 324.53 676.12 337.28 0.119617
4 346.68 567.05 369.82 587.30 0.163993
1 312.30 573.01 333.28 605.90 0.183799
1 1169.88 522.48 1182.34 541.12 0.156620
6 190.92 634.45 215.26 659.35 0.142447
6 897.84 237.07 928.42 264.58 0.097319
3 131.19 667.06 156.96 701.00 0.131915
2 318.00 582.03 333.62 606.21 0.184562
1 452.55 747.29 468.66 768.67 0.177223
4 311.60 565.26 347.16 588.61 0.134075
2 853.95 500.93 876.61 525.20 0.106467
1 905.22 576.14 915.38 594.38 0.208465
3 911.51 580.10 950.74 614.10 0.197812
1 1148.97 521.23 1165.07 562.02 0.088046
1 889.09 571.58 901.39 592.13 0.197443
4 966.66 481.46 983.15 492.13 0.103105
3 869.75 511.35 886.62 524.88 0.085804
6 190.71 627.82 250.58 664.63 0.163042
9 284.06 510.13 369.75 587.89 0.088041
10 638.08 790.16 659.87 809.35 0.122950
4 913.48 580.68 934.67 597.24 0.096245
2 876.95 567.59 914.50 597.07 0.114666
1 447.72 726.10 472.31 769.46 0.200526
6 972.03 375.42 1225.25 419.36 0.105405
2 374.98 603.07 387.88 619.69 0.081483
9 823.42 258.00 869.35 272.53 0.106952
4 0.08 799.97 11.09 821.92 0.143911
9 774.59 255.88 820.74 271.71 0.111375
2 491.53 569.01 550.59 623.95 0.087368
4 524.54 540.41 554.02 562.45 0.166981
3 1034.31 535.86 1082.70 572.67 0.084218
3 309.29 670.88 323.73 691.16 0.100502
2 1034.43 518.64 1182.92 572.88 0.084738
10 907.19 863.53 927.90 885.89 0.080318
10 448.25 726.54 471.91 747.20 0.117320
4 693.64 388.29 724.87 402.08 0.102684
2 310.97 573.18 323.82 603.05 0.097623
3 131.38 651.65 175.98 697.45 0.086278
1 1036.34 546.47 1045.81 566.80 0.150383
1 187.68 713.55 210.17 754.87 0.225076
4 1149.71 521.20 1182.97 540.39 0.087191
2 888.60 569.28 899.81 591.81 0.085815
1 664.71 493.10 676.99 512.39 0.096053
