4 277.00 646.09 424.45 737.93 0.570064
4 394.78 543.32 553.81 626.15 0.494616
4 1378.59 986.08 1540.11 1195.50 0.514030
4 114.88 627.98 213.24 725.67 0.549585
4 129.76 752.28 250.11 887.40 0.526168
4 808.92 606.68 966.35 666.66 0.513640
4 1811.62 1231.06 1987.82 1466.76 0.528939
4 798.52 1022.77 1026.19 1244.76 0.461316
4 197.79 245.77 235.00 272.59 0.474789
4 100.76 525.66 174.61 592.35 0.486231
4 156.61 895.81 301.00 1074.06 0.495338
4 452.23 478.77 578.44 540.37 0.516942
4 897.01 1148.40 1152.55 1410.20 0.475212
4 96.28 396.37 157.36 454.56 0.437471
4 174.81 216.89 203.91 239.45 0.442525
4 763.16 665.66 909.62 780.87 0.469600
4 493.45 437.40 575.34 491.61 0.503095
4 97.12 474.63 172.33 535.96 0.457792
4 301.36 398.52 355.92 448.72 0.444595
4 147.89 1094.98 338.82 1332.89 0.479665
4 874.84 765.70 1054.23 914.48 0.475609
4 592.45 547.83 705.29 626.32 0.449814
4 535.21 776.92 706.89 901.15 0.414802
4 526.23 693.50 699.82 809.59 0.444356
4 595.18 480.28 712.27 536.97 0.465428
4 186.52 1311.64 382.45 1499.02 0.471581
4 1607.82 1104.78 1746.74 1304.24 0.488740
4 437.38 401.88 540.77 461.55 0.463609
4 625.09 408.99 682.33 466.00 0.352013
4 1026.21 905.29 1281.16 1172.04 0.382733
4 675.09 599.30 784.14 689.00 0.444013
1 988.97 738.07 1021.99 813.79 0.414897
4 252.37 337.59 301.47 374.63 0.428698
4 586.48 1154.68 844.41 1445.50 0.415176
4 704.32 956.92 935.51 1144.56 0.423110
1 578.51 389.53 598.41 433.99 0.377612
4 81.93 365.85 131.91 409.59 0.378217
4 238.46 315.88 280.93 347.64 0.405481
1 571.35 453.70 592.20 503.75 0.368657
4 276.18 373.78 326.61 413.22 0.400691
4 63.69 226.08 98.98 267.08 0.231339
4 150.00 173.29 173.54 191.75 0.407776
4 1020.52 1324.19 1217.56 1499.20 0.433053
4 503.03 659.81 671.52 746.05 0.402421
4 131.20 142.88 153.48 160.58 0.342324
4 859.01 449.95 989.52 517.51 0.327703
1 140.39 298.54 157.66 337.23 0.306527
4 356.63 252.15 392.08 278.63 0.271028
4 944.12 478.11 990.39 514.41 0.289121
4 80.03 266.21 114.62 295.74 0.274732
4 1021.54 904.37 1117.22 974.28 0.244120
4 97.15 96.24 123.73 113.18 0.320235
5 359.05 334.06 459.69 423.38 0.336075
1 162.22 299.36 178.65 335.98 0.301120
4 859.61 451.13 899.44 511.61 0.261848
6 1045.54 582.18 1262.23 773.00 0.251462
4 539.78 370.81 571.26 391.31 0.271506
4 1812.04 878.13 1868.81 919.86 0.242535
4 1672.00 905.08 1901.40 1015.04 0.271579
4 679.73 477.11 747.37 511.39 0.195341
1 1079.45 1222.03 1153.06 1316.62 0.198939
4 78.32 314.83 122.65 339.37 0.293685
1 193.65 1146.32 249.68 1264.31 0.221255
4 81.03 293.18 115.32 314.47 0.233969
1 757.71 1128.93 799.64 1220.00 0.285599
4 111.36 302.31 134.58 329.21 0.280783
2 458.86 374.84 499.53 403.60 0.159796
4 78.85 336.38 129.66 376.94 0.299562
2 571.72 388.07 598.16 505.21 0.152485
6 190.98 126.36 278.19 169.32 0.194883
1 1015.06 894.32 1050.28 974.11 0.236160
4 960.84 1148.84 1151.36 1257.93 0.146944
4 80.45 280.53 114.28 303.91 0.250946
3 276.64 277.43 301.41 303.69 0.151445
4 1730.72 940.50 1841.54 1000.80 0.150786
4 81.42 300.00 134.70 331.16 0.245622
4 80.03 258.91 104.20 275.37 0.273875
4 213.05 161.63 301.55 207.66 0.158830
4 49.66 97.71 66.10 114.55 0.245584
9 318.41 206.41 382.50 257.05 0.085454
3 435.42 450.07 469.99 522.14 0.146489
3 339.32 366.57 372.11 400.76 0.153388
4 249.01 127.41 279.20 145.86 0.243599
4 40.24 67.39 68.79 88.70 0.131114
4 635.75 500.20 777.01 556.99 0.479737
4 412.04 473.97 437.31 489.38 0.096345
4 932.14 1150.90 1018.74 1229.42 0.139872
6 371.61 356.99 456.31 421.39 0.081799
4 266.02 162.54 298.59 178.96 0.184307
6 190.66 126.58 333.69 208.37 0.104193
3 16.06 256.02 38.56 297.75 0.081575
3 658.68 691.95 704.57 811.70 0.121603
4 655.95 386.55 686.72 412.89 0.235093
4 215.80 163.04 253.34 181.59 0.180459
6 197.88 99.99 232.27 133.30 0.111132
9 213.77 160.24 299.63 184.73 0.091306
4 143.93 128.47 164.87 146.30 0.142676
6 282.79 203.70 413.04 282.77 0.162644
2 666.69 789.43 685.25 813.54 0.082893
4 66.58 223.70 95.03 243.04 0.215760
4 0.29 104.31 21.92 128.47 0.151547
3 386.93 290.52 422.58 339.40 0.125662
2 666.74 770.73 709.92 817.20 0.115409
1 184.14 932.53 229.01 1021.26 0.137629
4 215.58 70.90 254.57 93.66 0.096329
4 257.40 164.77 301.83 200.29 0.137933
4 346.05 185.96 378.13 207.04 0.116607
4 84.07 75.26 101.92 93.97 0.139463
1 459.38 376.18 477.47 403.35 0.143774
1 1219.84 1014.87 1236.13 1044.61 0.158965
4 127.84 105.27 146.47 128.72 0.105084
4 367.68 325.99 410.70 342.60 0.115414
9 92.36 80.91 125.04 107.35 0.112921
4 71.00 247.25 100.97 269.66 0.244258
2 257.17 237.58 274.05 265.86 0.112216
1 629.08 815.60 649.29 844.11 0.101650
4 160.51 142.60 175.88 162.93 0.103136
4 295.50 396.76 334.48 429.78 0.097302
10 726.14 1317.72 833.36 1403.03 0.126752
1 1006.76 760.85 1023.43 817.57 0.104887
6 0.30 319.32 101.67 584.71 0.092411
4 77.16 336.97 90.52 367.62 0.149642
4 1046.64 638.62 1115.75 684.22 0.094602
4 135.78 127.70 155.93 142.82 0.086572
3 561.85 337.55 616.24 375.59 0.127097
4 891.03 599.71 976.15 655.09 0.189143
4 398.82 258.74 419.30 278.05 0.163578
4 1932.65 1005.06 1998.53 1067.53 0.091437
3 997.62 767.93 1023.10 822.57 0.082974
4 11.60 232.03 38.43 258.60 0.099123
4 207.13 176.40 227.24 207.30 0.106015
6 0.24 104.06 36.98 173.56 0.106766
2 268.54 234.75 283.20 266.29 0.094026
4 357.42 246.42 386.50 261.30 0.097043
4 705.50 492.27 780.22 541.33 0.103601
10 1252.47 1444.06 1274.40 1483.57 0.117932
3 253.94 209.50 312.01 307.36 0.094388
4 635.53 431.45 699.96 469.13 0.101259
3 435.96 448.59 468.18 478.42 0.099216
1 1105.60 1030.99 1143.75 1085.55 0.102277
4 429.07 266.42 454.90 287.49 0.081075
7 1147.81 192.92 1273.03 310.78 0.085666
4 187.32 130.93 206.91 150.10 0.101075
4 141.92 46.83 180.42 64.81 0.091117
4 359.78 331.55 447.18 356.66 0.119553
3 321.67 333.31 372.44 403.10 0.129204
2 73.21 189.02 1295.83 1494.69 0.086198
4 166.06 69.33 185.31 90.08 0.089095
1 961.17 1171.31 1153.97 1317.31 0.140227
4 608.55 476.28 711.30 503.87 0.165419
4 109.62 475.30 165.89 505.30 0.084796
4 615.23 97.95 642.71 116.53 0.093811
4 664.98 352.05 683.74 371.96 0.110021
2 159.23 781.25 224.99 824.30 0.082939
4 299.18 247.11 354.40 277.98 0.080844
4 219.07 220.76 242.62 235.88 0.091864
4 872.68 474.65 899.93 518.10 0.093077
4 1819.71 945.53 1901.66 1006.34 0.091241
4 1749.12 837.92 1868.93 920.84 0.181487
3 1193.35 1270.01 1312.71 1488.73 0.083649
4 169.79 47.16 201.32 65.68 0.098055
4 1414.85 985.40 1539.92 1049.21 0.086327
4 95.60 389.93 135.46 412.81 0.098705
4 249.41 210.79 283.42 241.62 0.090498
4 625.79 1155.37 776.18 1295.46 0.080526
1 515.39 338.24 533.47 380.53 0.084915
4 273.13 241.13 312.50 276.52 0.103781
3 515.88 541.12 574.80 646.17 0.134070
4 309.51 165.34 334.69 185.47 0.117095
4 126.09 116.32 146.69 135.37 0.112455
4 406.16 260.19 450.34 283.99 0.088181
4 1771.77 980.91 1900.97 1102.86 0.084333
4 1662.90 939.64 1841.96 1060.37 0.124917
9 195.30 127.25 249.08 159.15 0.100809
4 296.00 248.74 315.35 273.77 0.114667
4 1674.13 905.73 1775.83 966.51 0.088283
3 478.93 377.48 499.84 401.61 0.129174
4 816.99 594.07 963.00 636.42 0.083732
