4 514.31 356.66 554.01 377.36 0.387498
5 1058.58 630.15 1187.14 763.20 0.324610
4 1150.63 498.22 1192.01 515.70 0.434571
6 1052.55 629.62 1245.53 787.27 0.292659
4 1133.86 349.19 1197.38 374.07 0.383457
4 1206.98 477.76 1242.44 494.04 0.395032
4 139.27 545.42 182.01 568.25 0.308345
4 688.80 338.89 718.79 348.18 0.377783
4 951.16 386.52 987.95 402.77 0.364888
4 446.78 434.73 494.43 456.70 0.305687
4 1205.45 448.53 1266.33 467.35 0.193351
4 729.84 306.89 751.05 317.61 0.278361
6 630.81 457.49 744.39 496.65 0.197227
4 785.46 365.43 822.12 381.48 0.240902
1 716.53 510.56 727.75 529.62 0.195073
4 239.39 393.15 255.87 403.26 0.190297
4 308.03 378.32 325.24 387.84 0.159434
4 999.80 734.45 1029.26 762.49 0.103435
4 447.04 441.05 469.15 456.47 0.104194
6 47.67 741.73 231.50 787.70 0.254517
1 642.22 521.14 659.48 547.54 0.160813
4 285.63 384.45 301.01 393.29 0.196901
4 263.12 387.55 279.22 397.57 0.164713
4 366.84 409.80 415.33 428.20 0.186457
4 1011.65 401.86 1028.30 408.43 0.097183
4 0.18 724.89 30.63 746.15 0.108020
6 86.24 760.87 207.81 787.50 0.132257
4 711.69 753.41 961.52 787.57 0.091551
3 134.11 417.52 147.74 439.13 0.112399
4 533.25 511.55 548.98 522.80 0.087852
10 1111.02 671.36 1150.42 708.04 0.162783
1 560.95 424.02 569.18 441.68 0.124615
4 355.96 476.15 382.46 488.15 0.112162
6 1223.02 550.29 1399.51 787.50 0.082413
4 1245.75 721.43 1286.89 755.89 0.091604
4 1258.66 701.83 1304.19 734.40 0.083902
1 142.38 659.51 151.93 678.51 0.110379
4 0.36 688.44 130.08 749.08 0.105542
6 473.01 449.05 548.45 517.70 0.085254
4 1261.05 730.83 1285.63 753.50 0.100012
4 472.94 435.08 494.28 451.09 0.093727
4 483.07 519.70 498.77 534.03 0.082611
6 367.05 411.38 402.66 427.91 0.084441
4 455.30 510.46 549.86 541.29 0.139430
4 321.38 473.95 382.75 489.08 0.081249
4 508.39 515.63 524.03 527.88 0.095900
6 1125.91 722.55 1246.33 787.55 0.118284
4 522.59 444.83 548.50 456.53 0.104059
4 1209.83 300.19 1230.92 309.94 0.121936
4 1279.94 716.64 1301.26 731.36 0.081211
9 128.74 404.04 181.55 426.64 0.096202
4 774.29 286.51 788.89 295.31 0.093927
4 238.57 376.47 326.34 404.24 0.089198
6 631.00 469.64 686.28 496.55 0.105115
6 711.19 628.68 1248.39 787.74 0.093480
4 437.57 347.50 466.62 357.91 0.104779
4 481.55 339.37 498.55 349.24 0.084877
1 926.69 514.21 933.38 527.50 0.081487
4 0.16 440.09 10.46 455.57 0.127105
