4 521.35 18.64 612.09 57.86 0.454155
4 679.78 576.99 761.15 724.90 0.551410
4 524.64 681.86 607.31 853.81 0.489288
4 698.50 779.84 864.60 878.48 0.427185
1 490.80 467.80 514.65 512.17 0.431726
4 522.15 529.16 596.48 669.12 0.509644
1 752.18 544.56 777.11 594.83 0.457774
4 555.70 61.21 640.71 101.06 0.438572
4 944.19 450.67 1039.51 577.15 0.439457
4 1031.17 760.60 1167.51 966.24 0.409408
4 671.78 304.17 726.22 389.70 0.417150
4 812.81 0.10 851.58 31.63 0.465822
1 540.35 131.45 557.53 173.57 0.375330
3 297.79 506.27 357.41 540.85 0.395820
4 1112.72 1000.73 1213.48 1049.54 0.371756
4 870.83 205.47 929.71 272.33 0.420299
1 559.03 133.97 578.11 174.01 0.383602
4 614.06 861.43 653.96 915.13 0.265561
3 629.40 326.53 660.40 357.81 0.279950
4 546.51 0.00 625.83 30.17 0.387506
4 892.92 273.15 962.12 357.98 0.392628
3 461.75 156.73 509.48 197.49 0.318827
4 858.61 139.85 911.45 206.46 0.421928
3 244.21 815.77 290.15 872.77 0.311596
4 672.03 161.96 716.58 248.14 0.364205
2 540.57 131.09 578.58 175.04 0.270866
3 572.88 87.83 610.59 122.39 0.193061
3 306.72 699.91 396.80 773.44 0.320651
2 469.51 125.36 493.65 150.96 0.228318
3 1157.47 197.67 1252.92 284.40 0.281843
4 169.42 675.14 241.29 762.37 0.348942
3 425.58 301.36 473.99 332.77 0.191564
3 350.27 382.05 397.14 414.40 0.225057
1 415.58 194.36 437.54 237.33 0.256081
7 410.58 155.82 454.90 230.92 0.088108
2 307.12 699.36 396.75 773.22 0.084344
3 1210.98 246.02 1252.63 284.42 0.225115
3 1276.35 313.89 1308.62 343.85 0.183149
1 318.30 826.23 354.66 864.28 0.121878
3 314.49 735.88 383.46 772.99 0.174455
1 431.95 293.17 450.44 330.41 0.186478
2 481.67 93.29 499.85 120.36 0.190937
2 615.72 101.60 652.68 135.57 0.181149
3 631.55 105.07 653.06 135.21 0.134445
4 404.68 119.96 451.93 151.17 0.176221
3 457.86 87.20 474.25 109.36 0.140354
3 1275.00 597.85 1380.40 646.41 0.189886
2 426.38 292.85 473.89 332.48 0.142615
1 457.56 75.25 474.74 108.95 0.154772
1 325.41 713.98 346.21 747.72 0.157446
7 215.74 818.70 269.72 866.76 0.090215
3 457.68 75.31 500.28 120.47 0.140040
4 433.37 182.16 454.23 202.87 0.148183
3 0.14 219.62 23.34 242.25 0.159566
4 1360.83 238.38 1399.58 275.29 0.136542
3 639.88 171.79 667.33 199.87 0.153824
4 487.39 0.00 507.19 11.10 0.221189
1 432.13 182.81 452.98 228.79 0.175589
3 614.47 111.37 654.85 152.51 0.138028
4 506.17 0.32 551.16 19.83 0.165869
2 361.87 302.01 409.26 351.67 0.101897
1 352.92 211.84 366.65 240.98 0.125761
6 94.35 740.28 219.47 941.49 0.144655
6 383.14 0.54 465.65 151.45 0.086789
2 625.99 98.38 641.07 128.73 0.121821
1 614.51 113.52 629.50 153.12 0.139676
7 461.05 156.61 484.53 192.32 0.108034
4 231.34 883.18 255.34 918.85 0.093203
1 363.23 297.78 388.34 341.21 0.119349
4 428.36 122.17 451.49 147.62 0.202385
1 218.30 761.98 243.70 813.75 0.093515
2 300.25 481.26 336.06 537.03 0.081335
3 346.51 236.46 384.83 260.02 0.205712
4 351.42 703.56 395.96 741.30 0.091453
4 642.47 84.13 655.15 103.54 0.085988
6 455.87 0.19 490.21 48.85 0.083441
3 209.10 738.72 259.15 815.48 0.185402
4 399.82 848.72 440.96 891.09 0.110912
6 403.86 80.04 452.94 151.90 0.114632
3 616.16 81.49 653.93 108.23 0.091997
1 556.91 570.31 575.47 593.51 0.100297
6 251.15 224.14 360.81 539.85 0.080219
4 592.30 0.47 625.92 28.12 0.082911
2 413.20 180.61 454.33 228.25 0.133026
9 220.59 510.83 292.62 629.35 0.083286
7 572.59 86.30 653.46 133.51 0.154194
4 470.61 0.36 490.13 27.81 0.094555
2 616.85 101.21 632.96 127.84 0.106708
4 470.74 0.24 507.89 15.21 0.104242
2 655.36 174.44 667.57 198.99 0.086275
4 202.69 612.84 255.30 685.21 0.094941
3 1302.87 278.07 1338.85 311.29 0.129064
3 243.73 806.24 354.84 873.85 0.095175
7 376.95 382.04 397.79 407.43 0.111014
2 433.89 292.94 447.34 314.61 0.086851
4 457.15 17.98 477.23 48.42 0.111520
7 462.35 126.54 509.80 198.17 0.085437
7 413.55 154.49 451.92 189.20 0.088539
3 1331.87 324.11 1355.96 351.98 0.124367
3 201.23 762.73 243.32 840.41 0.103702
7 350.29 384.90 383.68 415.28 0.166124
1 553.22 569.84 580.07 618.44 0.102279
3 1225.41 262.76 1308.66 344.59 0.109782
6 850.21 0.00 1399.11 1048.21 0.081565
3 67.42 283.19 108.08 335.75 0.080805
3 317.39 790.22 400.97 865.58 0.090063
3 1156.92 197.38 1309.34 344.29 0.089569
3 1157.32 197.18 1208.44 232.48 0.145952
1 582.35 459.97 746.83 916.77 0.118510
