4 1399.66 976.45 1514.94 1056.01 0.571549
4 407.71 375.09 437.69 403.16 0.483661
4 461.59 416.82 491.10 446.04 0.466232
4 244.66 129.08 265.83 148.19 0.388505
4 333.35 155.03 355.70 170.63 0.397752
2 167.93 875.38 221.73 922.15 0.309663
4 838.66 498.40 901.84 532.57 0.370264
4 626.88 805.99 687.71 878.57 0.498792
1 167.92 876.11 192.53 921.34 0.371028
4 337.72 217.14 359.78 237.01 0.417320
4 471.64 752.80 518.77 820.99 0.416281
4 788.87 739.10 838.33 804.56 0.462928
4 413.29 305.53 443.23 328.06 0.408094
4 324.34 386.70 356.14 420.86 0.403154
4 556.35 310.81 584.10 336.71 0.368748
4 237.12 79.22 254.11 92.56 0.369082
4 644.58 1035.26 713.07 1077.54 0.457899
4 325.76 125.48 345.75 139.63 0.345692
4 307.02 77.19 324.36 89.48 0.356636
2 1217.69 822.38 1251.77 857.62 0.346955
4 369.79 198.84 392.71 217.92 0.381723
4 717.36 418.22 762.85 449.39 0.296325
4 215.74 21.42 231.87 33.15 0.329360
4 291.88 50.56 308.91 64.48 0.331743
2 91.24 863.95 127.76 931.66 0.265182
4 589.38 618.51 636.24 671.03 0.358921
1 194.96 877.90 221.42 918.33 0.370224
4 274.16 28.49 287.96 39.71 0.317839
4 453.59 117.54 479.86 133.58 0.271381
4 224.97 52.80 240.16 64.60 0.316342
4 924.28 582.01 982.17 623.03 0.303668
4 282.86 9.15 298.41 21.17 0.309028
4 492.38 211.69 520.44 232.27 0.264130
3 91.31 891.42 119.42 932.07 0.316452
2 595.05 398.48 606.13 418.92 0.233006
4 296.80 120.77 318.10 139.52 0.269293
4 437.15 129.44 452.16 145.06 0.297206
4 667.85 369.43 735.08 402.52 0.250594
4 192.64 96.23 213.02 113.38 0.282856
3 794.59 677.63 823.29 698.94 0.222268
2 708.08 651.83 732.75 683.92 0.201734
1 805.05 667.68 821.45 696.57 0.277473
3 195.97 896.14 220.80 920.14 0.242050
4 242.74 42.35 258.35 53.39 0.309335
4 562.66 245.03 599.08 269.39 0.193625
4 738.76 445.90 776.87 468.53 0.195519
5 203.98 307.21 272.92 340.99 0.192618
4 741.29 461.38 798.23 495.33 0.186374
4 635.78 325.90 685.44 348.12 0.177267
5 187.87 80.20 211.87 109.92 0.232961
4 520.68 185.77 553.64 202.85 0.189662
6 1201.81 396.22 1360.92 514.32 0.172427
4 782.82 292.36 832.47 322.54 0.267598
2 750.89 588.38 779.27 630.38 0.201925
1 1276.74 808.40 1306.89 841.74 0.243685
4 777.39 1026.82 873.26 1077.57 0.255663
4 822.65 189.90 872.54 221.82 0.213288
4 199.07 604.99 225.30 618.77 0.216107
4 550.31 263.88 568.52 279.36 0.200514
4 651.84 344.50 694.03 372.04 0.242793
1 750.48 606.18 765.11 631.69 0.176688
1 759.73 589.15 778.83 621.59 0.213184
4 391.07 54.09 404.42 67.53 0.207574
4 611.35 205.98 625.82 220.15 0.197110
6 422.38 76.33 459.03 95.93 0.127384
1 114.17 653.80 131.28 682.88 0.199422
4 505.63 246.88 517.54 257.11 0.158176
4 150.53 59.31 165.35 72.43 0.202421
4 576.43 265.99 618.25 286.82 0.209439
4 703.06 620.63 722.96 641.44 0.163211
4 757.43 132.17 776.19 146.88 0.224252
4 713.08 447.68 784.57 491.64 0.167115
1 168.78 876.07 183.27 894.49 0.154212
6 574.57 87.02 595.51 118.58 0.137343
9 508.10 565.13 542.20 589.35 0.125672
3 751.10 602.68 778.48 631.75 0.252167
6 702.92 620.35 732.21 683.90 0.202554
2 192.06 184.07 205.85 208.68 0.186228
4 396.48 125.30 418.09 145.12 0.199869
4 976.97 146.71 994.82 161.65 0.182298
3 1336.10 793.82 1368.30 826.13 0.170206
4 550.58 220.66 596.46 244.39 0.218060
9 451.12 29.19 508.42 136.77 0.093288
4 172.83 648.45 189.34 669.38 0.130829
4 905.37 607.50 964.91 638.98 0.097629
4 155.05 255.67 165.89 270.86 0.137173
4 692.50 40.90 717.75 52.43 0.137971
6 574.05 117.73 858.01 394.85 0.169772
6 1031.64 287.20 1134.27 361.43 0.098023
3 506.25 438.68 524.45 457.94 0.177197
1 540.16 806.64 553.95 834.62 0.143555
6 1777.40 923.09 1915.45 1044.06 0.100536
4 299.79 119.81 314.67 131.01 0.096207
3 1216.63 810.58 1266.01 857.91 0.150569
3 1273.71 819.63 1305.78 844.31 0.126057
4 361.27 26.29 386.02 41.94 0.150844
4 698.45 12.21 719.56 26.00 0.155951
4 579.24 189.28 592.70 203.16 0.155180
3 571.72 1026.08 608.67 1077.10 0.081134
4 532.83 164.38 565.33 179.66 0.138770
4 1214.18 497.12 1234.37 516.35 0.097773
4 183.39 252.86 194.33 272.96 0.147582
6 550.16 115.33 584.99 141.41 0.081083
4 1413.06 167.12 1436.55 183.65 0.141076
4 316.06 47.32 331.77 60.82 0.131721
4 378.15 43.62 397.83 58.98 0.129943
4 1790.41 153.16 1836.51 178.30 0.152658
4 541.87 244.40 556.92 261.10 0.089187
4 893.58 239.10 917.39 255.22 0.123663
4 188.66 170.34 206.15 208.28 0.087499
6 396.90 0.69 453.63 77.37 0.083759
4 531.41 235.43 547.38 250.14 0.147396
4 298.96 221.40 309.68 229.90 0.104678
4 550.46 221.65 568.39 239.76 0.138454
4 498.01 182.80 511.17 197.73 0.113683
4 384.34 37.09 401.27 49.96 0.138005
4 147.79 630.90 178.20 655.01 0.119876
1 115.26 862.61 127.36 894.06 0.123667
4 474.08 139.80 485.62 151.74 0.130551
6 1815.64 42.40 1884.50 77.94 0.088867
4 421.39 129.10 437.19 143.97 0.103149
4 624.48 24.65 647.20 37.25 0.134958
4 24.00 796.51 64.24 822.62 0.087181
4 713.48 206.30 761.49 224.23 0.093591
2 148.45 253.84 166.10 276.57 0.106586
4 101.65 150.69 129.29 173.57 0.130614
4 989.44 269.91 1053.78 311.71 0.109661
4 544.90 16.60 564.39 31.17 0.100979
4 101.69 151.83 116.00 167.46 0.100177
4 452.91 138.13 479.44 151.96 0.101461
4 664.38 86.00 686.44 98.17 0.129949
3 1285.20 518.82 1315.34 545.13 0.096193
4 1687.25 138.79 1705.22 150.87 0.119453
4 713.44 467.60 737.33 490.03 0.104126
4 1401.06 180.03 1430.35 196.59 0.095743
4 593.51 258.92 619.24 277.92 0.097676
4 43.51 158.42 85.89 186.49 0.087631
4 500.90 13.34 520.06 28.58 0.092863
3 1272.95 826.72 1313.83 875.78 0.081354
4 168.64 88.07 181.33 101.53 0.081807
4 688.19 53.83 712.34 68.65 0.093871
4 544.92 29.25 577.30 51.01 0.088317
4 615.61 337.51 638.93 355.73 0.088982
4 419.39 97.28 442.34 114.39 0.123473
4 804.21 162.94 822.69 182.41 0.151788
4 564.04 186.65 591.71 205.33 0.095437
4 140.48 19.40 152.09 33.13 0.115530
4 164.56 23.08 179.70 39.51 0.130228
6 783.87 381.52 978.88 503.39 0.085025
4 42.97 176.05 83.95 190.74 0.087114
4 1085.10 65.53 1113.09 84.35 0.091964
4 394.82 94.95 412.02 109.61 0.112446
6 182.73 0.80 229.73 20.00 0.088115
9 1201.10 396.10 1388.42 554.76 0.082143
4 765.01 357.37 782.31 377.19 0.125742
3 713.46 659.92 729.78 684.21 0.172664
4 707.90 72.14 736.66 85.96 0.082307
4 228.61 190.89 239.16 201.08 0.089472
4 183.74 250.54 207.13 278.19 0.094307
4 837.75 24.62 856.13 37.67 0.111461
4 1012.81 488.94 1084.84 537.20 0.081307
4 696.23 293.54 713.96 309.87 0.086847
1 195.70 878.19 211.07 903.66 0.114560
4 494.62 356.70 513.71 376.43 0.087224
4 1693.00 129.56 1750.82 157.56 0.083183
4 1307.13 418.03 1334.34 436.30 0.134413
4 551.36 244.43 618.93 286.62 0.105936
4 819.62 289.02 855.10 310.24 0.128364
6 906.70 220.42 1138.00 363.27 0.085734
4 438.48 92.88 465.95 113.14 0.082438
4 927.66 256.00 940.86 269.84 0.089514
4 741.32 466.01 764.84 495.28 0.116314
4 256.47 185.71 270.52 196.47 0.083799
4 678.14 597.28 696.58 624.04 0.095281
4 517.46 178.06 536.95 189.95 0.083600
3 114.03 661.37 130.77 682.56 0.080452
4 822.45 184.07 840.64 199.17 0.085459
4 755.72 230.65 784.07 249.88 0.088863
5 89.39 860.96 125.54 900.11 0.083568
4 574.00 288.88 593.84 304.98 0.110617
6 186.48 78.99 213.86 115.15 0.138540
4 803.78 275.72 855.96 307.75 0.093746
9 677.70 205.06 854.43 391.42 0.082760
4 569.33 266.87 594.72 285.15 0.096217
4 167.88 51.70 189.86 68.36 0.134719
4 489.29 220.96 502.51 234.49 0.098599
