4 573.55 164.96 585.70 182.22 0.470550
4 488.56 181.20 509.79 201.18 0.483769
4 492.90 444.84 518.95 470.51 0.492156
4 653.70 414.65 673.63 440.17 0.477256
4 425.30 351.89 463.14 375.35 0.480982
4 404.25 407.27 440.90 428.75 0.470661
4 631.80 568.81 656.88 609.64 0.434163
4 592.56 29.93 603.52 44.14 0.450468
5 311.51 277.33 383.47 319.99 0.497051
5 329.17 340.85 382.33 380.43 0.372108
4 669.56 572.85 695.44 614.58 0.461007
4 592.77 407.39 613.52 437.26 0.387056
4 739.84 702.42 773.63 753.54 0.394910
4 529.10 502.86 551.66 535.70 0.395660
4 774.60 240.63 798.95 276.20 0.311821
4 683.13 518.07 708.66 555.29 0.426862
4 533.22 201.09 552.70 227.20 0.286937
4 733.43 457.86 755.60 495.98 0.317195
1 455.44 486.94 462.29 503.11 0.291124
4 710.10 292.48 745.05 314.89 0.336745
4 598.36 421.36 613.59 438.29 0.252795
4 613.19 713.04 639.84 761.17 0.355608
4 706.08 711.82 736.05 761.72 0.387961
4 614.17 385.45 633.98 414.49 0.300403
4 535.29 775.99 564.79 787.72 0.222829
4 572.77 710.49 607.70 787.33 0.276170
4 736.14 329.02 761.17 355.31 0.299800
4 762.64 522.08 789.24 567.51 0.313488
6 310.89 276.63 383.50 335.92 0.157736
4 727.91 402.52 743.12 420.88 0.358276
4 469.96 149.75 494.31 166.93 0.304942
5 168.41 527.38 279.27 620.13 0.238906
4 430.66 257.67 445.20 280.18 0.308103
3 756.71 336.81 782.36 359.60 0.197917
4 753.18 167.85 780.78 187.90 0.255012
4 369.07 266.41 389.42 281.90 0.198727
4 669.36 386.07 693.60 422.38 0.240258
4 634.39 119.06 646.90 132.65 0.247829
4 134.25 161.06 258.62 201.35 0.234682
6 518.69 684.20 565.48 787.17 0.184061
4 789.81 298.86 797.06 313.49 0.172188
4 738.83 477.10 755.01 495.41 0.225513
4 476.31 136.83 487.50 147.64 0.213067
3 738.16 350.83 748.21 365.78 0.198037
4 626.49 301.73 634.77 318.77 0.209072
4 563.16 432.24 586.60 454.17 0.172938
3 550.40 473.85 564.32 494.19 0.134493
4 779.87 321.59 795.80 338.00 0.199866
1 496.39 281.58 502.83 293.03 0.182705
5 1273.53 473.62 1399.54 586.68 0.145976
4 726.68 98.80 740.90 119.93 0.153182
4 645.27 289.37 656.88 307.69 0.197998
4 416.72 204.32 432.92 220.71 0.220740
4 724.89 174.60 746.08 193.53 0.179726
4 766.27 377.57 775.67 396.94 0.170304
4 546.94 442.08 562.78 455.37 0.186545
4 407.12 226.84 414.56 235.77 0.156953
4 769.37 543.91 788.89 567.04 0.136902
6 532.99 396.11 560.57 423.96 0.143949
1 398.70 271.42 407.87 288.35 0.182450
4 310.53 274.86 336.39 288.91 0.126061
4 292.48 606.86 348.20 660.37 0.189210
4 434.34 216.73 441.99 228.95 0.123362
4 522.78 342.25 548.42 374.31 0.167332
1 1373.11 556.40 1391.97 583.83 0.106967
3 496.54 589.80 508.46 610.56 0.143841
3 697.43 434.61 726.78 476.74 0.091001
2 498.35 574.57 511.38 608.57 0.108768
1 428.58 297.05 436.29 309.02 0.149855
4 669.87 386.36 686.77 401.80 0.129432
4 576.53 301.32 583.46 321.38 0.132842
6 724.68 166.52 782.71 193.71 0.132284
4 293.11 606.92 342.14 630.75 0.099463
4 323.91 372.75 335.86 386.84 0.108657
4 690.55 537.87 708.22 554.82 0.088848
4 330.04 325.68 343.11 337.50 0.131157
4 601.89 301.29 609.18 321.98 0.097277
4 452.99 433.42 469.94 449.15 0.150305
4 1057.78 183.58 1088.23 202.29 0.138091
4 375.24 242.32 383.43 253.33 0.127937
4 624.89 636.86 635.81 659.87 0.112136
1 335.24 256.90 347.04 278.17 0.131158
4 784.27 397.52 797.05 412.33 0.107425
5 293.23 624.21 347.92 659.93 0.089053
1 482.39 596.94 490.52 614.55 0.132137
4 525.45 341.98 546.68 357.67 0.140336
4 372.30 266.64 383.80 276.83 0.112675
4 553.33 460.16 561.53 471.44 0.094773
4 776.84 160.99 793.47 181.37 0.125960
4 621.92 208.20 629.75 223.20 0.138028
4 583.28 774.68 606.75 787.58 0.138824
4 833.14 596.90 848.13 625.23 0.106881
3 469.24 163.41 482.78 178.07 0.080590
3 332.93 267.38 346.81 279.96 0.089114
4 728.65 388.94 743.41 405.26 0.123851
6 546.78 432.05 586.62 455.90 0.154184
1 500.23 574.33 510.53 592.12 0.108771
4 504.54 194.87 521.65 210.58 0.111803
9 481.35 343.33 548.61 376.46 0.098412
4 447.47 194.12 454.56 203.02 0.084915
3 1331.08 531.57 1352.47 558.32 0.106299
1 385.16 271.04 393.76 287.87 0.101255
4 1049.76 72.56 1071.28 83.36 0.112396
6 1325.62 49.03 1369.36 75.33 0.084188
4 549.62 461.12 565.34 492.82 0.147080
2 402.87 271.19 408.63 287.13 0.092367
4 460.69 134.94 492.39 148.97 0.116568
6 665.44 326.56 692.81 359.30 0.090584
4 501.21 262.44 515.94 271.79 0.089833
4 577.85 210.82 584.62 226.90 0.097960
4 749.67 212.17 790.00 230.00 0.087478
4 258.64 338.67 290.52 357.65 0.115355
4 319.69 580.67 336.93 605.38 0.100532
1 398.50 299.35 405.93 309.44 0.086685
3 448.72 433.72 470.63 464.89 0.100300
1 450.93 258.17 458.80 276.12 0.111360
2 713.51 34.36 747.13 75.05 0.106434
4 967.27 111.59 988.50 127.44 0.087671
6 532.79 187.59 553.15 227.46 0.123434
4 698.13 434.20 719.17 457.26 0.121717
1 352.12 292.69 362.14 305.37 0.124872
4 641.15 74.16 660.95 86.81 0.113818
4 269.74 548.73 293.14 577.31 0.102117
1 588.65 587.86 598.71 619.40 0.087313
4 328.59 371.44 388.82 404.73 0.091025
4 309.32 437.35 331.23 470.83 0.156610
3 646.16 296.22 654.81 308.54 0.100561
4 513.15 121.06 526.44 134.91 0.139183
4 313.11 437.51 330.59 454.02 0.108833
6 327.86 302.02 405.97 335.77 0.154637
4 725.27 697.15 746.30 739.25 0.081623
4 447.26 194.33 457.56 211.97 0.130349
4 1008.13 70.35 1029.80 84.16 0.081234
4 386.72 299.97 406.72 324.24 0.090702
4 667.82 181.07 684.04 197.74 0.086241
2 390.45 269.97 411.02 290.05 0.147314
4 509.81 504.88 524.66 525.59 0.096780
6 497.12 685.51 517.46 728.65 0.080407
4 626.14 32.68 648.24 43.95 0.094325
4 971.08 74.36 993.22 83.89 0.082020
4 550.38 193.20 566.93 205.30 0.081659
6 693.78 327.03 762.49 358.44 0.088363
4 772.76 168.78 784.54 181.79 0.109807
2 370.72 265.73 420.11 289.81 0.103114
1 495.66 281.15 505.28 302.18 0.111135
4 652.62 164.33 664.55 176.00 0.094953
4 364.48 388.08 388.55 404.30 0.104158
4 494.87 560.83 512.34 589.53 0.119821
4 681.31 161.70 701.83 179.04 0.080664
4 407.72 432.56 423.30 457.58 0.083896
6 1244.89 473.09 1399.37 593.71 0.104486
4 729.76 109.45 748.68 124.63 0.090164
10 997.93 525.62 1046.76 647.54 0.091059
4 942.31 0.00 962.33 8.46 0.095466
6 165.40 435.34 331.61 620.95 0.090752
4 425.27 357.06 440.00 374.96 0.089743
4 710.69 298.80 726.28 315.05 0.115917
5 1276.05 501.16 1352.51 558.34 0.087935
