4 679.88 498.35 710.23 536.38 0.505204
4 785.12 378.76 811.65 401.59 0.449118
1 1241.20 865.43 1293.37 953.98 0.341398
4 735.99 226.25 752.03 244.14 0.383431
4 592.24 312.44 638.53 334.63 0.272697
2 719.10 438.23 751.54 472.49 0.366966
1 962.89 757.46 992.74 814.90 0.265573
4 695.40 29.10 727.53 61.56 0.179684
4 653.41 53.00 675.58 73.35 0.204776
4 695.90 73.38 727.00 93.01 0.269215
4 663.55 19.04 683.17 38.89 0.181960
4 915.34 3.94 964.68 28.74 0.177442
4 771.74 316.78 783.44 328.21 0.200319
4 710.79 78.59 726.23 92.31 0.150123
3 540.43 750.24 597.74 845.29 0.196877
4 754.58 157.23 772.00 189.44 0.200858
4 568.83 380.95 647.47 448.21 0.111987
1 916.82 680.33 1018.82 829.60 0.127134
4 591.86 312.58 608.27 331.10 0.151359
4 642.78 152.54 673.11 180.26 0.139410
4 643.12 165.14 665.41 180.61 0.162486
3 904.16 721.23 1014.66 830.49 0.128426
4 734.04 209.60 776.28 245.75 0.103054
4 670.12 63.22 688.64 77.48 0.152782
4 729.49 36.41 739.85 48.47 0.128707
4 1115.92 222.31 1146.63 251.57 0.164552
4 784.91 556.67 832.48 584.84 0.110292
4 701.13 27.46 716.78 41.51 0.134911
4 1269.48 163.24 1379.24 255.89 0.098722
3 1253.41 906.00 1292.70 954.82 0.123497
4 723.07 475.90 757.95 512.63 0.097607
4 1345.09 528.51 1389.61 566.05 0.094077
4 681.02 33.19 693.29 47.62 0.117993
4 1255.99 993.61 1301.72 1038.45 0.091558
4 800.36 336.28 814.10 354.05 0.178459
4 801.74 330.82 830.12 359.18 0.121545
4 495.23 28.82 536.01 47.96 0.117437
4 270.98 743.91 559.50 981.76 0.102370
9 476.81 0.66 553.70 48.28 0.096199
4 1170.29 0.78 1198.30 15.80 0.090267
1 680.22 498.41 710.25 536.17 0.087923
4 717.48 11.42 732.55 24.60 0.092273
1 731.50 438.61 750.63 472.12 0.108542
4 1248.58 9.28 1280.13 29.63 0.097783
4 569.33 392.49 589.15 419.51 0.122340
4 589.64 333.41 607.11 347.56 0.111985
4 793.53 23.60 814.44 36.72 0.090649
4 615.23 318.89 638.15 333.56 0.161616
4 710.36 0.26 723.54 12.99 0.082674
6 660.53 13.19 690.92 46.45 0.116753
3 984.83 794.42 1009.87 830.35 0.092233
4 861.65 119.52 874.57 133.89 0.107456
4 409.48 329.21 426.19 344.59 0.090830
3 501.78 734.29 635.25 873.74 0.086834
1 1244.01 872.60 1270.41 928.54 0.115221
4 913.02 313.69 926.08 331.24 0.084691
