4 915.06 25.33 948.94 71.43 0.366349
4 868.83 15.63 903.08 64.92 0.386516
1 586.32 622.42 602.29 656.80 0.341325
1 692.57 33.01 702.34 59.11 0.311581
1 673.50 316.86 685.06 341.55 0.315029
1 503.94 687.67 520.52 713.42 0.361317
4 485.39 138.28 513.10 158.17 0.304999
3 521.69 762.12 543.52 785.45 0.264236
4 879.25 745.45 894.08 764.07 0.260629
1 603.59 404.64 615.34 426.44 0.334097
4 1108.52 71.52 1119.08 85.91 0.264938
1 1149.27 24.10 1161.62 46.08 0.294351
1 560.22 288.60 570.01 313.35 0.294769
1 521.79 565.30 536.77 599.33 0.297094
1 574.45 458.43 587.40 481.23 0.320336
4 506.78 146.50 523.48 162.45 0.242368
1 425.89 294.75 453.75 322.01 0.266146
1 623.85 308.10 634.90 330.55 0.294960
1 672.11 381.98 682.55 405.17 0.297508
1 526.03 703.16 542.62 722.00 0.285711
1 603.84 277.68 618.85 304.24 0.242892
1 479.31 664.84 493.25 687.98 0.295392
4 383.20 22.33 404.48 42.06 0.241966
1 572.15 481.73 586.38 506.85 0.323787
1 651.45 102.50 666.59 122.14 0.248771
1 524.38 752.51 542.63 783.41 0.258005
5 820.00 711.93 891.85 787.41 0.163900
2 462.57 272.76 717.86 787.31 0.225415
2 468.69 735.84 488.08 760.82 0.200412
4 754.46 54.61 781.60 79.59 0.259581
4 942.57 237.98 958.84 259.14 0.195246
2 1148.72 6.52 1172.72 46.74 0.140001
1 634.55 489.08 646.79 510.14 0.270306
4 944.16 179.66 956.11 191.02 0.215080
2 961.18 128.80 976.06 154.90 0.161841
4 923.10 236.72 959.48 269.99 0.237308
1 573.56 338.50 584.61 359.06 0.255117
1 651.80 438.86 662.79 458.42 0.245389
4 869.49 38.93 895.60 64.26 0.164883
6 347.59 0.27 473.75 50.37 0.154552
4 800.07 49.77 811.67 67.92 0.152705
2 468.53 723.90 501.14 759.53 0.295540
2 433.97 298.22 446.06 319.86 0.132434
1 567.66 673.04 580.07 697.19 0.257564
6 817.80 645.32 893.88 787.01 0.130401
5 605.40 94.75 777.11 295.52 0.196762
2 1089.03 0.29 1103.36 25.55 0.177245
3 572.46 136.63 601.81 173.79 0.131050
1 495.19 776.45 510.25 787.52 0.227778
4 643.39 20.64 655.25 34.18 0.165334
6 427.40 108.39 543.78 192.50 0.121786
4 481.85 180.45 496.33 189.73 0.137268
1 683.32 0.00 694.34 16.25 0.212100
1 1160.90 6.53 1172.71 31.08 0.281550
6 451.01 218.48 530.53 277.85 0.145997
1 979.91 48.99 989.83 63.79 0.137169
1 572.50 255.50 588.53 278.89 0.169661
1 698.15 0.86 706.55 16.93 0.196282
3 478.30 326.61 497.29 347.87 0.155201
4 837.08 769.46 869.23 786.24 0.129732
1 568.37 745.95 578.98 762.58 0.118978
6 335.58 0.12 628.19 280.08 0.132996
2 482.53 724.19 500.81 746.37 0.182466
4 846.66 731.04 859.77 756.77 0.139658
1 567.59 385.92 582.23 412.05 0.167979
4 626.48 57.34 635.85 68.97 0.124121
1 580.94 368.79 591.18 381.13 0.163574
4 970.97 16.84 982.77 27.80 0.146178
2 1002.17 0.00 1104.91 27.20 0.117313
2 201.49 572.51 280.21 672.58 0.194296
1 587.32 124.55 596.99 144.35 0.145500
2 892.32 414.88 907.71 430.48 0.109537
4 791.98 20.79 802.74 32.98 0.136301
1 447.33 242.98 468.28 286.84 0.104780
4 915.99 49.03 939.63 70.27 0.108872
1 524.04 565.42 535.81 581.16 0.111362
1 614.76 59.90 624.60 85.32 0.151457
3 238.34 612.89 277.46 668.78 0.119302
2 468.57 677.57 556.41 785.84 0.116468
1 425.83 295.64 438.36 316.42 0.168726
4 959.77 143.04 969.16 155.11 0.102828
4 777.20 58.26 790.61 71.87 0.106652
4 554.52 165.26 582.19 188.50 0.146659
5 218.62 574.49 279.59 635.93 0.108561
1 542.44 722.10 557.48 743.54 0.183722
4 681.23 73.34 688.88 80.00 0.135617
4 202.43 609.34 244.32 648.77 0.084740
6 0.39 667.46 153.80 787.51 0.139384
2 470.22 141.92 478.18 156.28 0.094639
3 440.45 305.44 454.01 321.91 0.106326
4 85.13 754.26 138.24 785.29 0.103581
1 649.42 412.10 662.42 430.43 0.113800
4 757.85 53.59 775.97 68.69 0.099614
2 1076.74 0.00 1086.07 9.46 0.159225
2 661.22 474.28 672.40 487.49 0.119969
2 1012.43 0.13 1024.16 20.45 0.140358
2 572.29 80.58 584.16 115.60 0.123641
2 702.39 292.60 716.51 316.23 0.169161
4 965.06 128.98 975.60 146.15 0.138592
3 585.18 137.22 601.88 157.45 0.109314
2 232.01 592.13 252.95 629.27 0.103101
2 682.86 0.04 713.23 17.55 0.135522
4 473.61 170.32 501.11 190.74 0.155884
1 1122.35 0.00 1133.39 14.58 0.184895
2 699.17 0.67 711.06 16.86 0.124710
4 1361.55 20.08 1391.36 55.02 0.137215
2 573.50 385.66 584.36 398.50 0.090485
6 484.44 120.05 542.55 162.33 0.106838
6 868.37 14.26 950.34 73.30 0.106412
2 753.45 61.82 765.36 79.04 0.109462
2 542.49 92.55 557.08 116.50 0.103139
1 588.80 620.72 600.96 640.14 0.142250
2 980.00 37.30 993.64 63.99 0.097589
3 279.64 653.01 301.06 682.09 0.107251
2 699.15 326.17 716.51 355.19 0.110204
4 202.24 607.78 276.27 673.94 0.114888
4 428.88 235.02 445.45 256.52 0.112537
4 1.21 748.35 66.35 785.03 0.107844
2 416.73 246.60 428.54 268.83 0.113825
2 570.33 148.16 583.44 174.32 0.095942
3 561.41 299.57 571.06 314.46 0.104508
2 669.93 442.94 681.47 462.61 0.161239
4 12.59 708.59 47.32 733.95 0.084847
4 374.92 183.14 389.63 193.88 0.096866
2 1003.09 0.14 1013.84 20.95 0.141110
4 571.86 257.03 587.37 268.54 0.141401
4 452.05 170.95 465.87 184.14 0.089225
3 467.08 664.93 493.06 688.33 0.099510
3 477.54 323.83 518.61 348.62 0.125652
4 861.75 747.84 873.15 761.02 0.091426
2 677.45 367.58 690.34 387.81 0.116837
2 1044.42 0.00 1054.18 18.02 0.136443
4 389.11 184.97 403.57 196.21 0.100639
2 1001.34 0.00 1174.28 47.66 0.099274
2 1052.60 0.00 1064.26 14.49 0.146670
2 586.34 124.45 597.84 151.84 0.106060
3 501.99 363.93 517.99 388.39 0.082452
3 568.67 684.37 580.18 701.25 0.161067
4 644.05 1.84 654.30 15.46 0.096003
2 566.49 277.91 716.20 516.76 0.122881
2 527.78 638.20 536.14 655.54 0.113199
2 595.17 302.89 603.33 329.14 0.086156
2 1117.08 36.44 1131.29 62.26 0.120186
2 571.54 255.69 595.49 280.75 0.100149
4 500.33 19.96 514.65 32.86 0.093694
2 1095.13 0.27 1104.03 18.39 0.088708
2 975.47 0.00 989.97 7.92 0.100069
2 708.50 1.02 718.35 16.27 0.100646
4 885.69 406.63 914.84 446.51 0.105814
2 985.93 35.51 994.54 50.15 0.093675
4 568.59 736.60 583.85 762.20 0.106675
4 552.24 70.36 570.27 91.85 0.089059
4 1287.18 0.15 1299.01 13.85 0.184901
2 778.88 0.88 791.51 25.57 0.084416
2 844.06 761.57 854.50 780.21 0.088957
3 428.46 670.91 444.63 690.23 0.081755
3 427.30 300.67 453.51 322.74 0.147046
2 800.34 0.52 811.96 21.60 0.090412
4 620.28 40.42 643.52 69.52 0.086499
2 578.68 265.60 587.51 280.03 0.083975
2 755.06 33.68 764.07 55.25 0.085748
6 604.80 0.26 812.08 297.78 0.084793
2 452.58 255.77 467.06 286.60 0.087283
2 718.20 0.86 726.15 16.22 0.117395
3 603.23 285.47 615.50 304.61 0.086026
2 567.93 368.69 591.45 411.82 0.089679
2 705.77 325.29 716.49 340.70 0.089663
4 600.79 26.58 612.43 43.63 0.083039
4 393.86 165.02 413.31 182.24 0.084771
2 666.57 421.14 676.12 435.70 0.154308
2 603.33 279.26 612.36 303.63 0.125622
