1 467.68 228.77 500.19 277.97 0.574958
1 990.16 6.63 1010.92 63.39 0.470261
1 429.18 238.82 460.08 285.74 0.550616
1 1000.05 184.53 1025.91 238.25 0.464512
1 1061.02 299.61 1097.03 355.43 0.485372
1 1109.51 372.94 1146.78 429.74 0.539245
1 1028.10 194.87 1056.21 248.03 0.468238
1 1265.08 470.30 1320.02 525.12 0.506465
1 1061.15 352.69 1096.52 414.29 0.513387
1 957.43 80.61 977.98 133.57 0.419597
1 920.65 83.07 941.69 139.12 0.410479
1 1220.88 274.14 1260.77 332.31 0.427222
1 1150.51 153.12 1180.27 211.41 0.373315
1 403.40 0.54 425.67 59.20 0.414922
1 1239.07 275.94 1285.21 334.68 0.428823
1 1159.06 214.47 1199.62 275.02 0.401698
1 1103.04 16.92 1127.76 71.97 0.346344
1 73.68 619.61 140.90 667.51 0.489089
1 92.74 690.62 161.08 739.14 0.425022
1 1119.71 204.16 1150.80 264.62 0.448464
1 1368.67 480.41 1399.94 524.14 0.447094
1 938.91 81.14 958.63 131.30 0.389224
1 1123.50 155.96 1154.65 210.55 0.359508
1 1256.65 178.61 1290.51 237.65 0.360333
1 1148.51 23.61 1168.86 79.34 0.350863
1 1205.37 179.64 1242.27 236.18 0.367019
1 158.29 369.65 195.40 406.90 0.312182
1 1192.09 14.95 1222.33 68.24 0.301522
3 1344.71 117.19 1373.29 141.78 0.235645
1 176.23 342.25 210.08 388.10 0.375429
1 1217.27 135.40 1248.56 190.93 0.295711
2 1220.88 273.63 1285.10 336.00 0.160418
2 184.86 312.94 232.72 351.31 0.276945
1 1117.44 39.99 1140.17 83.41 0.298648
2 920.09 78.83 977.78 139.11 0.183069
1 1228.94 162.18 1263.78 215.30 0.253022
3 1360.27 224.31 1392.10 255.94 0.233889
2 197.80 254.77 230.16 292.58 0.161497
2 1241.58 1.20 1275.90 31.66 0.139500
3 179.20 363.98 216.64 394.08 0.153587
1 1265.52 1027.30 1333.19 1049.60 0.110894
3 1216.52 68.40 1262.89 109.37 0.150887
2 1102.37 17.08 1170.17 84.39 0.144026
1 1128.26 28.77 1146.24 68.62 0.223656
1 5.16 771.46 89.59 820.89 0.205495
3 190.19 289.30 246.22 325.13 0.240096
2 401.39 0.00 422.64 26.26 0.120306
2 246.43 228.04 269.50 269.64 0.142698
3 248.65 244.46 269.60 272.83 0.170266
6 1294.50 33.77 1389.63 109.35 0.184995
1 1289.62 17.85 1330.04 70.23 0.251431
2 1388.92 284.42 1399.87 319.45 0.139016
2 1304.46 185.69 1335.96 226.64 0.145004
3 1175.31 23.37 1206.20 45.85 0.148202
1 259.30 59.68 285.84 100.77 0.131451
1 115.14 607.60 167.71 641.43 0.145361
4 1301.56 104.46 1337.04 132.36 0.126609
3 1291.73 130.84 1398.45 256.63 0.089166
3 114.86 385.94 158.06 412.58 0.141696
2 1231.62 109.36 1259.08 146.08 0.124595
3 278.48 151.34 302.38 171.25 0.143019
4 1244.28 12.87 1275.40 31.76 0.130385
3 1215.57 66.66 1242.08 94.26 0.130347
2 1050.62 0.04 1070.42 58.24 0.094325
3 116.67 314.85 138.75 347.87 0.158077
2 1055.75 137.76 1293.34 432.15 0.081552
3 1221.51 84.70 1246.42 110.04 0.120504
3 1361.27 167.92 1399.60 203.27 0.122754
3 1248.57 39.26 1285.53 67.09 0.150853
3 237.22 140.67 259.68 171.30 0.139831
3 1225.99 31.30 1258.38 61.17 0.105513
2 1104.93 1.06 1398.32 259.33 0.104367
3 238.31 137.23 300.58 172.44 0.090671
2 1307.75 16.74 1330.51 50.86 0.094346
10 146.27 450.70 175.95 475.17 0.102112
4 1216.04 0.54 1275.99 31.60 0.115349
2 203.53 188.07 220.25 218.42 0.091011
3 1246.80 116.24 1283.40 146.06 0.122411
4 1155.06 0.00 1209.45 16.88 0.143514
3 1218.52 0.72 1243.58 30.55 0.102706
10 146.51 607.68 167.79 631.06 0.082918
2 1155.88 219.67 1184.04 264.46 0.082265
10 1157.10 239.38 1178.12 264.14 0.081407
3 1329.53 103.55 1356.72 131.76 0.142876
3 252.97 133.50 275.91 151.80 0.102650
3 228.09 269.28 255.29 296.76 0.083278
4 1300.88 82.62 1353.68 131.83 0.097320
3 1342.03 145.94 1399.14 195.52 0.080231
3 142.58 365.96 169.88 386.44 0.083029
3 1215.87 42.24 1298.15 110.72 0.104007
3 1345.55 203.96 1373.46 226.30 0.096018
2 1369.41 480.14 1399.94 524.31 0.083414
2 73.94 620.02 139.75 667.24 0.082309
1 126.61 432.31 176.79 474.72 0.103712
3 1338.15 144.36 1375.79 168.44 0.109738
2 1323.46 180.29 1356.82 227.73 0.127744
2 204.83 272.60 233.95 302.00 0.105703
2 96.69 432.24 175.90 474.31 0.090853
2 143.38 368.22 195.56 408.15 0.102043
10 21.22 782.19 66.01 820.52 0.088701
2 1312.50 138.12 1335.69 164.46 0.081731
2 1144.11 159.56 1162.85 210.86 0.092680
2 1289.77 143.10 1313.13 195.64 0.083148
6 1297.34 80.76 1352.53 109.90 0.087340
2 3.36 1.84 1397.16 1048.99 0.085713
3 117.63 703.25 161.25 739.27 0.084109
2 145.00 436.03 177.63 475.48 0.091876
2 1222.51 180.76 1242.82 219.55 0.083919
2 919.58 6.29 1398.64 533.31 0.218475
2 429.19 238.81 460.26 286.09 0.084808
2 467.87 228.86 500.19 278.09 0.097177
2 1318.25 190.93 1351.38 254.18 0.133390
3 1215.52 33.77 1259.75 91.95 0.080328
4 125.97 432.36 165.54 465.54 0.087814
2 1129.52 28.80 1146.62 70.03 0.142200
