4 1455.74 177.45 1490.56 197.63 0.462160
4 910.97 378.74 969.43 412.74 0.481114
4 594.62 632.74 646.19 691.74 0.466807
4 883.94 442.43 951.48 475.31 0.418545
3 1009.58 874.58 1044.83 907.27 0.414629
4 604.96 521.38 649.95 567.39 0.445354
4 1591.65 108.89 1670.05 145.27 0.472849
5 712.46 432.70 843.57 484.64 0.408165
4 503.20 558.53 543.45 607.09 0.437734
4 446.32 570.35 488.67 623.05 0.447331
4 503.36 108.76 528.36 127.26 0.431366
4 751.31 474.52 813.27 513.94 0.439456
4 63.61 263.51 90.39 290.75 0.408265
4 807.92 361.62 849.64 389.96 0.376572
4 999.20 483.13 1036.12 530.28 0.399714
4 888.88 321.44 939.69 362.98 0.328443
4 606.67 269.44 650.74 300.23 0.312218
4 919.84 207.76 1003.48 245.07 0.349234
4 1016.70 188.66 1110.19 227.79 0.344903
4 390.56 137.35 419.40 158.22 0.352793
6 507.97 267.14 650.86 315.38 0.255749
4 1705.47 90.88 1783.07 128.51 0.332697
4 1723.87 123.97 1795.71 149.91 0.312310
4 555.26 543.02 600.92 597.74 0.327020
4 1769.71 123.10 1795.91 140.08 0.313534
4 1289.31 188.76 1306.43 207.89 0.289479
4 392.58 280.83 473.07 316.65 0.310630
4 520.87 628.46 590.46 720.46 0.279880
4 1319.44 149.98 1352.76 181.39 0.283506
4 508.01 275.75 578.68 314.48 0.288551
4 41.65 282.04 73.00 322.14 0.299770
4 23.66 208.87 48.71 231.05 0.321866
4 1729.41 254.36 1804.60 297.09 0.307730
4 751.67 591.19 799.21 633.29 0.256634
4 319.47 275.65 392.89 311.68 0.291529
4 1592.51 181.15 1663.32 211.00 0.277380
4 107.70 210.59 133.98 242.57 0.278244
2 793.59 215.74 838.36 238.36 0.252283
4 127.50 60.42 145.55 76.88 0.285863
1 468.67 73.79 482.90 98.27 0.219527
1 63.48 333.38 80.51 358.63 0.223729
4 697.78 243.39 767.23 285.31 0.320020
4 1509.23 109.32 1550.89 128.56 0.241095
4 1566.28 143.43 1620.31 172.44 0.253528
4 1759.88 50.24 1794.01 74.93 0.216203
1 878.15 240.49 893.94 262.85 0.239335
9 769.66 224.61 893.54 266.73 0.153205
4 515.69 127.94 541.04 142.42 0.228267
4 757.27 394.66 815.85 428.03 0.222874
4 1424.18 208.50 1442.66 222.72 0.241468
1 674.92 235.71 699.13 259.21 0.217652
4 776.64 373.10 829.21 402.55 0.262955
1 1010.38 226.69 1021.20 245.17 0.203092
1 896.75 255.32 908.67 272.39 0.215005
4 1532.90 257.84 1555.84 276.96 0.185123
3 889.93 421.52 921.38 445.49 0.144534
4 1788.26 162.84 1805.51 180.15 0.164011
4 1794.10 95.81 1820.03 117.14 0.224187
5 1012.28 169.55 1037.00 189.05 0.130331
6 750.00 591.89 807.69 699.53 0.141707
6 1437.37 94.97 1482.57 133.78 0.112316
4 64.39 69.95 84.52 95.66 0.203346
4 754.03 245.28 780.58 266.30 0.187160
6 698.24 224.75 894.53 286.12 0.128340
4 294.46 231.89 309.13 243.22 0.134590
4 1722.37 436.48 1772.28 468.37 0.158972
1 182.69 974.94 262.80 1071.37 0.219072
4 1279.92 161.17 1328.94 183.00 0.209981
4 474.61 265.20 520.00 289.76 0.223237
1 429.38 138.32 441.56 156.06 0.175478
3 952.76 746.67 989.11 788.61 0.205358
1 890.73 417.63 907.41 441.89 0.136823
4 120.23 111.38 140.00 127.81 0.214975
4 1250.86 1.48 1272.59 15.00 0.106281
1 697.70 248.96 717.63 284.92 0.182737
4 567.54 268.97 620.76 296.04 0.160105
6 1245.54 117.17 1354.18 183.99 0.139172
4 1027.41 468.98 1037.44 491.50 0.172236
6 1254.55 267.38 1367.02 317.34 0.139074
4 1250.70 279.31 1274.73 301.06 0.149777
4 1161.42 10.18 1174.75 22.46 0.141531
4 1661.49 48.20 1681.98 66.19 0.113503
6 1836.06 46.35 1892.32 83.13 0.163800
4 282.80 759.74 317.91 790.54 0.104179
1 1287.94 270.62 1311.99 313.90 0.156502
4 1850.05 261.30 1907.34 309.94 0.181003
4 97.74 198.96 125.74 216.09 0.118966
4 1249.99 19.40 1301.92 45.41 0.177549
6 1277.04 152.81 1353.28 184.41 0.138094
6 318.45 273.63 479.85 317.15 0.131691
4 712.86 433.23 748.78 479.25 0.175523
4 1554.98 96.19 1584.05 107.20 0.080177
6 1860.11 58.77 1888.12 85.70 0.115869
2 1492.82 208.01 1517.12 242.61 0.150404
4 210.10 260.15 243.81 287.41 0.229383
4 1223.65 51.66 1247.92 67.41 0.109139
4 1311.15 0.00 1338.80 10.00 0.134997
4 1358.13 127.81 1379.27 145.16 0.129993
4 901.81 431.62 921.44 445.02 0.112935
6 506.88 222.13 895.88 316.22 0.113989
4 1096.94 64.45 1114.98 76.68 0.085487
4 1407.62 187.44 1432.34 212.36 0.135261
4 319.41 277.18 349.43 306.70 0.165332
4 714.97 239.31 746.52 256.23 0.146382
4 1796.08 45.30 1833.67 64.96 0.114245
4 1183.31 19.45 1194.69 33.32 0.096298
4 1601.51 428.01 1646.52 462.66 0.116240
4 79.88 201.62 102.29 216.06 0.086993
4 1118.68 190.47 1131.42 207.19 0.094855
4 1242.49 361.74 1262.77 385.41 0.089083
4 1544.53 99.03 1590.09 127.40 0.172518
9 1837.84 45.59 1890.09 71.60 0.091653
4 1758.14 277.63 1787.42 298.00 0.106293
2 422.57 241.25 452.94 266.21 0.143989
5 1245.85 117.55 1299.54 177.65 0.105824
10 1243.76 181.53 1290.27 233.42 0.115016
4 507.82 279.45 527.33 310.84 0.120299
4 1320.39 293.81 1349.89 315.59 0.095093
6 1509.11 98.97 1589.92 129.49 0.121413
4 1311.54 281.13 1361.21 316.32 0.119786
4 1603.73 27.67 1622.13 41.94 0.087806
4 1873.45 475.02 1915.23 510.83 0.093160
6 1857.64 426.51 1915.46 512.33 0.094928
4 674.48 242.82 701.71 259.28 0.087005
1 697.92 246.88 709.42 260.84 0.132585
4 1430.58 103.05 1442.10 116.69 0.085119
4 1.15 193.74 66.85 231.80 0.107125
6 793.50 224.44 893.80 263.34 0.148229
3 896.40 700.75 922.50 730.29 0.135998
4 877.80 205.45 895.07 222.07 0.114557
2 673.63 235.66 716.85 285.07 0.095502
2 793.59 218.00 812.06 237.32 0.102718
4 1724.46 134.29 1748.32 149.39 0.142542
2 634.87 117.00 644.21 131.72 0.087683
4 338.37 224.86 359.29 237.20 0.110663
4 133.16 2.99 154.85 21.12 0.146698
1 142.40 301.71 173.01 324.10 0.224861
2 335.94 158.50 348.22 177.41 0.090537
2 327.65 157.95 352.07 193.86 0.109003
4 1094.52 66.75 1123.94 88.39 0.087803
2 1204.86 470.43 1244.26 491.49 0.083083
4 1639.22 263.61 1702.52 288.86 0.085787
2 1038.48 570.43 1050.64 589.98 0.081139
6 1016.72 188.78 1110.11 227.77 0.091028
9 1226.60 0.13 1272.12 17.71 0.101465
4 1502.79 95.40 1525.36 106.79 0.086101
4 1516.97 243.64 1542.69 264.41 0.082113
4 1729.33 257.51 1750.24 282.17 0.096703
6 920.45 207.09 1002.58 244.57 0.086010
4 1863.06 401.77 1892.71 417.61 0.087626
1 143.39 302.42 154.80 320.71 0.125850
2 1275.27 170.38 1289.04 184.66 0.115857
2 1230.11 864.94 1252.31 895.08 0.090126
4 1118.99 110.58 1161.84 128.47 0.097224
2 1514.62 240.85 1526.01 258.47 0.097306
5 567.28 267.70 634.84 297.18 0.172908
2 1286.64 290.13 1302.90 314.10 0.101616
3 143.09 309.66 172.09 323.06 0.096020
4 1816.72 169.22 1832.45 184.78 0.080106
4 1819.08 489.29 1853.21 510.64 0.102380
4 1811.62 416.38 1841.50 430.64 0.083822
4 516.17 118.08 532.00 130.32 0.093474
3 1473.87 214.17 1510.54 244.84 0.135420
1 1202.74 324.69 1229.63 366.03 0.112211
4 1832.54 261.33 1862.67 285.00 0.113928
4 1427.45 79.05 1449.66 93.66 0.099632
3 1159.59 865.89 1247.67 926.71 0.097896
4 814.42 393.15 841.78 424.39 0.101844
4 1028.19 467.42 1070.66 507.77 0.106049
4 415.59 278.80 476.23 301.92 0.090200
4 698.58 256.64 717.88 284.65 0.117334
4 1259.45 333.12 1302.51 360.13 0.085998
4 336.89 157.54 356.83 175.84 0.098799
2 61.61 300.49 173.31 360.44 0.090252
1 436.81 18.77 447.02 39.09 0.096505
2 808.29 217.72 826.28 236.89 0.112687
9 846.41 228.80 892.84 254.63 0.081976
4 1251.81 268.87 1302.95 305.57 0.120190
4 887.51 433.27 924.17 449.74 0.094170
4 447.02 41.73 472.01 56.27 0.096255
4 203.31 261.73 217.85 281.16 0.086565
1 877.83 239.52 909.77 274.03 0.191317
4 1884.03 53.05 1915.03 87.09 0.115345
4 1825.39 72.70 1849.32 87.80 0.109684
6 674.41 239.26 769.67 285.47 0.104120
3 1175.08 896.00 1198.22 926.90 0.085525
4 1873.44 189.03 1896.59 207.20 0.100947
