4 730.45 551.69 842.51 655.28 0.499469
4 550.74 393.34 634.98 465.97 0.523707
4 288.54 455.87 373.31 545.30 0.460003
4 425.46 234.87 482.98 279.42 0.498098
4 218.74 274.77 277.95 334.35 0.497705
4 1156.59 352.20 1260.54 401.21 0.382255
4 62.35 117.88 102.59 153.50 0.442333
4 130.06 185.37 188.80 226.27 0.422501
4 92.23 82.14 160.37 118.66 0.427151
4 309.33 185.24 371.08 232.25 0.473347
4 296.46 234.79 356.77 283.44 0.473147
4 538.94 684.82 671.10 823.69 0.383229
4 1074.96 320.96 1170.51 366.40 0.364942
4 28.71 87.78 63.15 119.01 0.424194
4 343.31 423.53 418.04 495.82 0.459392
4 1297.78 347.03 1399.01 406.40 0.376215
4 74.86 194.23 133.10 244.96 0.415548
4 204.60 87.34 307.35 176.24 0.352203
4 1249.61 638.94 1327.55 755.79 0.378127
1 258.16 844.69 310.63 913.70 0.302910
4 72.79 0.23 101.39 21.39 0.377979
4 1214.40 318.20 1291.39 357.38 0.305041
1 434.58 834.71 469.83 902.70 0.320007
4 0.12 45.15 19.54 74.00 0.350412
4 1328.56 318.96 1399.43 364.18 0.326462
2 575.09 222.14 600.08 248.83 0.357167
4 1330.98 827.10 1399.08 944.21 0.359642
1 105.14 324.48 143.22 355.34 0.221594
1 263.98 1011.07 315.05 1049.22 0.281794
4 1159.23 322.69 1232.31 360.40 0.239647
1 585.80 250.55 604.85 276.18 0.290286
4 318.05 69.03 336.48 98.25 0.256545
4 217.39 11.66 246.84 34.72 0.237522
4 836.22 1015.68 907.37 1049.63 0.245569
2 256.85 833.21 471.89 914.98 0.157860
2 333.17 712.39 440.39 798.22 0.238950
1 333.53 730.56 382.10 796.23 0.193904
4 152.56 80.62 169.45 98.93 0.159125
4 1191.97 322.51 1256.95 358.01 0.094523
9 446.04 95.09 470.01 124.36 0.135679
9 413.12 78.33 475.90 132.06 0.147246
4 194.73 49.27 214.92 64.94 0.156490
2 574.97 221.83 605.74 276.15 0.129815
4 645.30 139.45 699.61 171.04 0.102854
4 131.02 86.79 160.39 116.51 0.146526
4 1072.74 305.73 1398.88 412.79 0.113889
1 414.99 154.68 432.16 179.81 0.161877
1 735.94 187.79 758.57 231.39 0.107277
4 365.94 47.04 412.32 79.64 0.132828
4 416.66 857.16 451.79 896.12 0.127665
2 333.36 753.05 373.16 795.67 0.121659
4 72.11 105.99 86.80 120.00 0.085020
4 0.65 171.93 76.62 274.53 0.143305
3 619.16 189.95 656.27 211.90 0.094174
4 510.99 205.89 588.97 247.18 0.093465
9 417.30 92.49 437.07 112.58 0.092789
4 377.83 713.16 441.72 795.77 0.149023
4 204.36 86.71 251.65 120.29 0.142300
4 0.91 80.60 63.65 125.76 0.093441
4 203.38 90.68 219.26 109.12 0.087131
9 348.85 53.90 476.73 136.05 0.096276
4 591.62 160.58 612.78 172.41 0.080273
4 1304.88 392.57 1396.68 429.55 0.136408
4 175.06 50.39 218.61 81.44 0.118726
4 459.41 206.91 492.37 238.14 0.136156
2 346.27 730.47 377.02 768.37 0.087145
2 468.19 1019.94 488.62 1049.64 0.112178
4 1278.81 301.22 1339.49 328.91 0.091624
4 1273.32 212.61 1352.44 251.81 0.120513
4 190.33 46.02 252.94 77.31 0.093346
1 616.88 152.16 637.60 205.17 0.115407
6 1014.70 205.98 1397.01 268.74 0.088263
4 681.15 149.89 700.40 162.64 0.110710
4 14.80 241.94 43.98 274.52 0.105289
1 276.29 845.37 309.77 882.00 0.096260
4 161.80 688.92 184.27 723.86 0.083481
4 317.06 66.54 358.46 101.47 0.080462
6 0.37 165.62 79.03 310.62 0.087277
4 94.93 86.53 128.15 111.28 0.081189
2 263.39 1024.65 295.89 1049.40 0.104509
