4 16.80 996.06 160.14 1049.50 0.500443
4 446.99 363.58 496.48 467.71 0.435742
4 818.77 985.39 999.96 1049.47 0.266852
4 569.90 166.50 618.47 265.75 0.443618
4 846.63 916.42 976.06 972.89 0.276495
4 564.83 53.79 608.61 150.30 0.335149
4 440.84 551.49 479.88 597.46 0.268154
4 200.74 980.85 284.92 1035.53 0.206340
1 695.27 196.15 712.11 227.66 0.216278
1 442.28 968.59 469.15 994.58 0.233251
3 845.72 486.20 893.36 530.82 0.233365
2 489.80 859.17 515.59 900.41 0.236684
2 561.13 894.09 590.98 936.71 0.240032
3 1204.10 811.71 1251.50 865.30 0.179136
4 1369.57 825.39 1399.76 849.77 0.185458
1 674.61 378.97 688.82 418.11 0.173425
1 703.39 504.69 718.19 524.24 0.166473
4 1237.80 912.23 1373.69 963.04 0.222007
1 679.95 125.08 691.92 149.31 0.193256
4 440.61 474.46 491.29 599.72 0.254425
4 957.12 779.97 992.81 813.75 0.123784
3 157.68 727.88 257.86 781.76 0.140433
1 503.63 199.27 522.13 226.89 0.180909
4 819.62 986.81 866.00 1049.20 0.128921
3 1234.25 753.89 1281.97 808.34 0.150808
4 1378.17 900.17 1399.53 939.72 0.138432
2 453.21 37.80 499.19 119.34 0.081083
2 445.25 35.99 820.35 937.10 0.192997
2 658.53 287.49 695.93 334.96 0.099450
2 466.27 142.03 508.59 175.77 0.126383
3 677.88 583.29 712.56 601.84 0.113985
3 811.89 485.13 893.73 557.66 0.159260
6 366.19 884.59 408.90 934.41 0.092370
1 653.75 177.33 670.27 202.37 0.150325
4 1279.17 681.65 1313.39 697.58 0.107961
1 443.85 288.77 465.01 326.08 0.121637
1 474.37 37.91 487.84 72.62 0.142056
2 667.38 290.97 690.32 318.88 0.102535
3 1130.11 812.82 1251.44 872.12 0.091411
1 665.63 200.30 684.44 249.40 0.169201
4 462.08 0.19 495.15 32.71 0.160497
6 718.56 888.08 758.54 954.35 0.090875
3 1298.02 810.54 1359.71 856.39 0.162083
3 580.66 816.70 602.63 855.22 0.142035
1 466.84 303.21 484.41 336.69 0.144273
3 568.11 910.81 590.12 936.91 0.082357
2 740.45 170.70 754.02 199.74 0.106425
5 444.23 474.83 492.07 558.68 0.099369
2 648.03 859.73 687.50 896.37 0.107490
6 1217.76 867.11 1248.23 901.75 0.093573
2 270.68 903.10 302.60 940.73 0.118437
2 673.15 315.98 694.82 336.03 0.085077
3 1.40 892.93 380.67 974.52 0.125898
2 442.94 287.83 484.30 337.87 0.090658
4 368.71 963.70 388.02 981.24 0.087928
3 631.15 344.68 657.36 372.26 0.109963
1 774.47 376.87 785.34 401.99 0.104529
4 443.79 173.35 474.45 214.46 0.167564
2 739.70 594.59 755.91 614.29 0.088304
2 614.57 310.61 630.49 331.75 0.104779
1 546.31 85.70 562.22 115.39 0.118143
2 743.70 364.47 759.55 391.38 0.103348
3 453.09 66.31 498.99 119.63 0.215159
2 626.71 93.20 655.63 128.97 0.098887
1 645.42 994.26 665.32 1014.44 0.128829
3 1207.86 714.49 1261.04 737.19 0.122592
1 667.43 200.76 681.86 220.55 0.125366
2 724.57 103.52 744.71 156.97 0.133799
3 767.26 452.08 812.00 495.93 0.104131
2 506.42 782.06 528.86 830.11 0.178038
4 482.26 142.03 507.98 169.85 0.094252
2 756.05 435.12 768.78 455.24 0.083573
4 410.99 60.91 425.90 80.93 0.098214
3 1255.71 784.43 1281.76 808.47 0.103640
3 681.25 532.14 700.45 549.81 0.089402
2 735.08 224.96 751.12 256.05 0.089115
3 157.16 710.54 445.10 783.21 0.112436
4 441.50 0.55 461.04 39.20 0.120191
3 311.09 900.37 364.57 943.09 0.094571
3 674.76 731.11 698.36 766.09 0.092474
3 1138.54 773.61 1198.71 827.83 0.101961
3 1297.20 756.15 1353.70 806.22 0.135746
3 648.33 724.80 674.25 747.96 0.083084
3 421.61 705.68 448.11 764.33 0.116586
3 658.37 297.35 693.01 319.67 0.118628
3 1161.77 773.98 1197.96 799.01 0.099753
6 199.83 960.01 386.41 1036.62 0.116424
3 507.00 795.83 526.83 830.07 0.089398
2 752.41 220.18 761.42 239.95 0.084285
3 132.45 884.88 211.69 955.80 0.084791
2 726.91 173.24 739.80 200.08 0.095616
3 809.87 488.09 826.38 524.19 0.089255
3 0.49 925.61 48.10 969.70 0.137606
3 648.28 724.82 699.41 766.47 0.090332
2 572.44 267.93 706.62 918.77 0.088248
6 818.77 916.09 1000.43 1049.14 0.117361
2 442.79 970.34 457.60 993.53 0.104282
3 1135.81 784.37 1165.56 828.86 0.097874
