4 371.03 198.52 404.85 217.65 0.428705
4 149.80 208.34 178.46 226.69 0.395565
4 334.98 4.76 354.79 21.33 0.348487
4 479.22 146.32 506.42 163.04 0.385161
4 274.22 59.02 307.36 76.98 0.306747
4 590.96 152.69 630.27 177.28 0.290499
4 775.12 6.64 805.96 23.76 0.363144
10 242.53 600.15 282.84 652.19 0.332037
10 179.46 587.84 220.69 636.39 0.317697
4 405.75 67.38 439.39 82.09 0.281274
1 250.79 501.86 261.54 522.35 0.242450
10 214.62 593.84 253.75 644.50 0.334651
10 178.85 585.94 282.89 654.10 0.172330
4 1092.83 569.36 1124.44 588.16 0.255009
4 43.18 604.51 59.70 634.63 0.217626
5 334.31 0.25 456.40 25.32 0.252644
4 143.40 241.96 177.98 259.89 0.251816
4 1134.12 27.88 1167.92 43.95 0.291328
4 337.24 404.98 355.38 415.62 0.196099
4 800.34 113.49 848.84 140.96 0.264551
4 420.83 690.25 447.46 705.08 0.177215
4 300.69 1.35 325.91 20.50 0.191812
4 591.68 436.66 602.16 447.35 0.094902
10 787.22 453.99 836.96 516.28 0.121948
4 114.19 430.64 135.57 448.10 0.250193
4 710.06 179.35 784.02 209.00 0.203156
6 352.76 0.24 455.37 22.83 0.168436
10 675.29 610.10 713.80 651.80 0.188970
10 717.74 694.12 841.74 787.74 0.083030
4 831.98 131.56 893.00 158.91 0.178743
4 193.55 247.17 249.50 274.65 0.237046
6 1088.40 100.59 1168.98 127.57 0.146477
4 71.77 369.94 94.85 383.07 0.185984
1 501.33 660.24 526.59 711.55 0.136047
4 1227.45 42.43 1257.23 57.40 0.156440
10 1158.76 556.16 1241.14 781.95 0.099110
1 486.97 470.12 502.56 490.61 0.165141
4 563.01 32.30 596.38 51.44 0.209857
4 1329.24 720.20 1348.76 735.58 0.131942
4 1309.45 712.93 1399.44 786.97 0.111070
6 760.37 454.50 1134.88 787.17 0.140150
4 396.79 4.10 433.61 14.66 0.138091
4 148.96 412.54 167.32 425.25 0.147308
4 1050.28 0.00 1080.21 12.12 0.235228
4 492.92 446.16 508.51 459.79 0.092673
10 474.48 579.01 489.39 606.31 0.127477
3 1290.29 639.62 1307.40 664.05 0.115698
4 20.88 204.93 60.75 225.47 0.194713
10 916.14 237.00 1026.04 453.27 0.096835
10 72.35 511.19 131.44 548.03 0.087567
4 795.62 398.66 827.60 423.81 0.119273
4 871.96 162.13 901.31 175.72 0.153935
4 670.57 445.07 683.23 454.15 0.112313
1 472.54 478.97 489.53 499.87 0.130418
6 793.40 252.73 901.10 432.68 0.109143
6 254.20 550.74 282.06 579.16 0.098874
2 465.29 436.44 520.16 506.37 0.103928
4 554.21 405.04 577.55 423.16 0.083665
2 620.97 502.92 646.61 539.07 0.116570
1 472.73 470.01 502.94 502.32 0.155274
6 728.22 409.34 759.24 428.65 0.092594
1 516.05 386.09 529.39 405.12 0.112908
3 265.37 427.76 293.36 454.66 0.134170
4 537.80 432.68 553.11 447.77 0.082323
6 3.32 496.73 397.31 787.55 0.116008
1 453.35 627.39 464.27 642.90 0.092841
4 1329.94 160.55 1365.13 182.10 0.116418
4 21.79 693.22 41.16 720.79 0.147194
4 1219.21 505.69 1242.97 516.46 0.105860
6 197.91 0.00 295.28 27.32 0.140235
10 611.08 606.08 628.18 635.99 0.104730
4 331.32 482.93 350.53 496.01 0.114536
4 1245.94 81.21 1266.13 97.02 0.168410
4 819.45 303.78 851.15 319.04 0.084892
4 1016.25 145.14 1031.06 160.46 0.169747
4 1142.55 207.11 1166.41 226.36 0.105218
10 514.61 588.86 531.64 617.07 0.085626
10 1186.90 638.73 1222.47 660.72 0.083148
4 1200.81 0.00 1232.07 6.75 0.159373
4 800.84 122.28 819.66 139.84 0.104226
4 193.37 254.02 211.70 274.21 0.104485
9 358.14 0.73 401.43 17.27 0.100778
4 78.69 273.59 100.06 293.70 0.127215
2 514.09 358.44 563.85 407.73 0.094367
10 498.22 585.87 513.70 614.33 0.100257
4 591.13 434.15 611.90 448.15 0.111102
10 1191.92 623.69 1225.35 641.65 0.090023
4 1088.78 107.01 1111.95 127.44 0.101794
4 1284.29 604.82 1327.43 643.62 0.083563
4 867.10 265.60 896.24 283.05 0.091273
4 674.93 35.24 693.64 45.24 0.091328
4 832.46 139.64 849.90 158.33 0.105117
1 944.10 448.91 958.83 479.38 0.095035
4 1022.31 497.02 1071.58 518.57 0.090067
4 543.47 18.03 558.29 25.67 0.090572
9 529.33 0.00 652.71 22.08 0.084707
4 710.77 187.94 737.71 208.56 0.116009
4 1295.51 604.22 1321.90 621.86 0.098008
1 261.41 471.70 268.40 481.09 0.083610
6 99.80 402.42 170.73 447.89 0.091249
4 1092.81 86.14 1129.69 102.76 0.134558
4 216.76 249.13 243.41 268.21 0.105965
2 633.24 503.65 645.64 523.89 0.091034
4 162.48 87.66 179.03 94.76 0.081944
4 51.21 410.54 74.34 423.13 0.092250
2 472.02 451.20 483.04 472.78 0.083528
4 1016.04 140.55 1050.10 161.38 0.122658
4 1245.34 154.25 1274.08 176.93 0.084800
4 1263.62 2.75 1296.28 18.54 0.109483
4 1093.13 87.75 1109.10 103.02 0.083959
4 371.35 201.79 384.42 217.31 0.085246
10 1194.96 606.64 1227.23 626.34 0.101609
1 698.31 44.20 709.80 77.69 0.080040
4 281.79 259.74 306.89 277.65 0.082203
4 1343.97 1.77 1376.96 15.21 0.141375
4 196.37 0.15 223.10 10.87 0.094364
4 1245.78 54.82 1293.56 76.93 0.103091
