6 575.49 223.67 830.15 383.68 0.723844
4 924.99 432.19 1036.22 495.73 0.461416
4 355.21 207.63 460.37 273.44 0.459218
4 764.96 387.39 875.13 452.11 0.500039
1 1016.07 590.76 1032.57 617.07 0.395941
4 896.89 345.50 1043.37 433.93 0.351385
1 1129.33 375.86 1151.77 403.90 0.379381
1 543.19 128.75 557.41 153.45 0.320278
1 1158.26 377.77 1174.96 402.16 0.382821
4 1329.30 183.46 1351.58 203.70 0.305879
1 1333.64 241.65 1346.48 262.95 0.258427
4 1200.62 315.19 1219.92 332.36 0.216170
4 941.93 323.18 1054.71 383.30 0.308535
4 230.11 53.86 265.31 73.46 0.202101
1 558.86 589.93 578.56 616.35 0.208432
5 896.84 323.38 1046.58 434.14 0.372764
1 834.77 226.51 846.88 245.54 0.174727
2 1344.28 232.18 1364.60 249.49 0.169178
1 592.47 154.24 603.18 171.89 0.245880
5 872.11 182.80 895.85 221.61 0.167229
1 735.18 624.85 754.30 649.96 0.151658
1 1194.78 540.36 1221.44 573.45 0.208785
5 942.25 323.40 1045.75 376.26 0.152306
1 524.16 145.01 534.88 168.53 0.235639
1 1361.92 223.33 1371.89 239.78 0.194477
2 1128.86 375.72 1175.42 404.76 0.204454
1 910.18 285.15 929.64 309.52 0.142422
1 1324.86 219.47 1340.60 244.09 0.146578
4 1301.76 242.76 1314.82 253.81 0.153782
2 1131.41 383.66 1151.43 404.75 0.304705
4 740.51 631.32 754.09 649.41 0.146271
2 1332.99 222.81 1373.73 262.83 0.145749
6 784.36 196.83 841.15 222.90 0.098096
3 1181.97 363.86 1192.40 407.70 0.088270
2 784.53 323.15 801.69 339.42 0.105171
4 672.59 581.69 755.06 654.61 0.126293
3 1175.09 541.36 1220.67 581.39 0.129979
1 1335.55 260.60 1344.42 280.19 0.117664
1 303.87 468.14 322.69 490.93 0.101596
1 1205.75 520.48 1224.20 544.49 0.172500
3 544.35 140.16 556.85 154.88 0.172870
4 56.92 60.89 108.40 88.40 0.133624
1 1220.32 518.86 1239.93 545.63 0.115624
2 1308.07 220.44 1339.40 252.27 0.082427
6 897.05 322.34 1055.81 496.84 0.124316
1 814.99 685.91 911.77 787.15 0.086116
4 1318.31 165.34 1328.42 177.31 0.112573
3 1291.18 243.44 1315.58 271.10 0.118929
4 1329.18 190.15 1341.85 203.54 0.096133
6 845.57 181.17 896.05 222.92 0.093582
3 908.58 292.04 931.40 310.59 0.106477
3 1290.96 221.77 1339.24 271.14 0.120173
1 672.20 167.36 681.61 180.10 0.136043
4 1012.83 341.31 1061.59 384.60 0.080897
4 188.36 49.39 215.31 72.52 0.080990
4 1087.19 292.24 1109.87 311.21 0.099037
3 1133.37 384.33 1180.32 406.10 0.119649
2 745.32 240.25 755.67 255.03 0.086269
2 801.36 258.02 809.08 272.52 0.095519
1 1076.20 489.90 1104.81 512.40 0.104059
2 834.52 215.60 852.97 245.58 0.087648
3 1334.75 232.68 1363.87 259.50 0.096107
