3 721.67 701.60 807.00 787.02 0.296032
4 0.87 680.49 400.78 787.39 0.235144
10 493.12 440.57 538.15 502.54 0.164986
1 840.86 576.89 856.69 605.21 0.158254
3 640.47 638.49 811.04 787.25 0.130250
1 803.06 572.36 819.96 599.82 0.141343
10 602.80 426.88 626.67 469.36 0.124041
4 288.59 149.73 336.70 189.73 0.101568
2 2.98 1.84 1395.48 786.04 0.111838
4 405.01 342.81 420.68 353.51 0.110488
4 1035.28 86.58 1059.76 106.74 0.087666
10 750.91 501.13 796.61 555.15 0.101829
4 900.12 289.14 913.34 302.67 0.081615
4 1034.63 70.94 1069.68 108.09 0.097492
2 802.16 559.25 858.07 605.23 0.102835
2 2.24 1.91 354.79 421.09 0.097201
5 1143.13 530.65 1275.34 565.16 0.090532
4 1.38 756.55 256.44 787.38 0.088351
