4 141.06 30.34 199.26 55.84 0.533589
4 1338.79 605.48 1403.58 689.82 0.457344
4 1816.50 489.59 1856.70 522.92 0.453172
4 1453.47 595.25 1519.39 679.80 0.428837
4 120.78 288.72 164.38 329.67 0.432259
6 272.92 797.65 896.11 926.31 0.368352
4 1169.57 633.80 1216.09 677.34 0.437270
4 1695.47 582.87 1779.66 652.04 0.416838
2 546.70 898.61 588.12 936.00 0.308544
4 664.99 552.65 707.26 629.48 0.388249
1 954.72 891.49 1121.40 1047.23 0.284606
4 1027.38 579.89 1077.44 665.03 0.337683
4 339.91 708.29 371.03 733.04 0.258122
2 345.36 870.56 412.24 957.95 0.253295
1 374.02 886.07 401.06 940.79 0.285385
4 338.33 777.83 400.72 807.32 0.239739
4 1866.29 105.75 1915.71 143.54 0.217272
4 1614.68 559.28 1668.03 596.27 0.229415
4 1518.46 569.98 1566.87 602.31 0.201022
4 5.87 72.06 48.60 96.45 0.254719
4 975.60 580.30 1022.45 659.38 0.322210
4 1761.67 492.42 1784.26 510.35 0.222309
4 25.35 102.09 56.08 136.93 0.243205
4 1150.71 496.78 1182.91 516.42 0.137478
6 498.71 522.42 588.75 579.59 0.203583
1 566.15 898.16 582.31 932.61 0.202775
4 385.63 495.21 407.86 510.06 0.163699
2 344.51 867.73 895.36 959.57 0.224651
4 1510.92 520.04 1537.88 535.56 0.116543
4 1327.98 27.99 1430.24 73.13 0.156667
4 361.63 868.81 411.94 901.06 0.146441
1 283.05 911.98 309.46 953.12 0.158426
4 162.45 294.83 193.05 326.04 0.160457
2 248.89 955.63 282.91 1027.22 0.159008
1 826.06 895.46 857.51 924.69 0.149456
4 258.79 96.92 307.79 132.57 0.193820
4 1471.90 562.92 1518.05 587.65 0.185953
4 1827.48 89.37 1874.66 135.89 0.136554
4 1820.18 392.85 1840.50 412.75 0.164153
2 248.41 909.83 309.84 1026.51 0.120720
3 347.65 910.30 400.07 946.23 0.096594
4 1769.45 609.01 1799.39 641.96 0.136776
4 1793.78 413.59 1866.36 466.99 0.143190
4 250.35 955.30 282.63 1002.40 0.120440
1 502.51 555.72 517.61 582.39 0.118496
2 688.67 886.58 709.63 913.49 0.145727
4 1022.39 538.85 1041.56 555.82 0.165432
3 277.17 863.16 306.74 903.95 0.145728
4 1417.16 516.82 1435.18 535.08 0.103640
5 1004.61 122.55 1044.21 167.30 0.142118
2 349.15 869.97 590.92 948.34 0.121268
1 1637.27 563.04 1658.83 596.71 0.107435
4 1483.15 534.33 1532.44 564.29 0.127812
1 1652.86 560.79 1669.41 594.23 0.120942
4 308.22 106.71 352.49 131.20 0.125200
2 513.12 877.66 529.20 902.45 0.139274
4 472.13 546.43 490.95 573.04 0.117815
4 1519.30 474.78 1539.47 488.93 0.080869
3 945.15 595.69 965.75 619.00 0.154775
4 268.41 787.75 293.93 815.32 0.125277
4 304.57 126.21 356.86 162.41 0.121999
4 498.95 545.60 528.76 580.21 0.107782
4 1414.70 570.90 1433.84 588.50 0.098085
4 1737.36 546.51 1781.51 568.05 0.140660
2 466.20 874.88 587.82 934.16 0.094098
1 1025.37 960.72 1064.22 1041.38 0.134000
4 1446.81 131.38 1511.07 168.82 0.100338
2 956.45 894.33 1074.88 1004.60 0.088025
2 486.63 877.26 503.93 903.02 0.140843
4 1522.69 101.32 1578.18 144.30 0.111765
6 747.89 566.89 788.49 596.82 0.087806
1 256.09 916.75 283.29 955.01 0.142629
3 546.37 905.27 563.12 935.88 0.094030
4 1448.97 141.49 1483.13 166.48 0.118240
1 515.23 547.27 529.76 581.17 0.124166
4 1614.83 562.86 1647.46 584.23 0.160077
3 733.17 888.06 806.98 923.74 0.129833
4 315.79 688.05 372.56 736.28 0.083703
4 195.18 117.22 225.92 149.57 0.123191
4 1766.29 465.77 1828.81 510.76 0.093848
2 506.00 875.38 523.33 903.99 0.137828
4 249.77 994.55 279.42 1026.70 0.087716
4 1855.10 346.04 1907.29 364.80 0.091538
7 408.35 566.74 503.50 604.64 0.085513
7 183.35 954.30 283.02 1056.40 0.089800
4 1793.98 440.74 1842.90 466.24 0.113938
4 129.69 419.77 154.97 436.25 0.084820
4 269.86 83.96 313.09 100.05 0.115339
4 335.87 687.92 409.83 735.67 0.094674
4 1493.47 124.41 1532.10 152.56 0.094832
2 467.68 879.18 483.95 902.39 0.110852
4 1820.37 392.43 1873.31 417.81 0.132027
2 785.00 937.94 798.76 952.36 0.100294
6 259.61 69.85 371.88 139.96 0.088204
2 553.26 879.99 568.51 906.00 0.086348
2 574.24 881.66 594.91 923.45 0.084808
4 1542.43 531.23 1575.27 559.77 0.100146
4 1839.52 115.00 1871.14 137.88 0.097772
4 1169.46 129.83 1239.03 166.56 0.083445
2 358.15 790.75 385.47 807.87 0.086282
4 62.17 613.69 115.73 648.55 0.096734
4 1405.60 568.44 1452.83 597.50 0.103247
2 1026.61 961.24 1064.44 1011.03 0.082783
2 1047.84 919.10 1067.45 943.22 0.093060
2 347.54 935.13 367.20 962.23 0.081413
2 275.83 890.97 291.46 922.02 0.087569
4 1844.41 679.05 1884.73 744.88 0.089186
2 1637.11 560.17 1669.62 596.61 0.124125
2 948.72 894.00 964.45 923.04 0.100930
2 610.06 882.38 620.84 897.99 0.085232
2 429.83 875.08 450.05 903.48 0.106179
2 256.66 911.07 309.26 960.19 0.108632
4 1031.78 533.78 1073.97 567.90 0.081837
2 657.37 885.19 673.96 912.90 0.132028
2 1025.41 960.87 1089.36 1048.67 0.084697
4 1496.72 563.03 1517.61 582.08 0.095841
2 535.99 882.34 552.31 907.29 0.111157
4 281.65 863.41 306.41 892.93 0.128351
4 1793.70 442.64 1813.59 462.81 0.106089
2 553.45 879.14 577.81 931.30 0.098896
4 1855.61 70.47 1898.12 99.52 0.128637
3 777.01 890.42 823.48 924.66 0.095146
2 354.90 872.70 379.50 919.30 0.083797
3 1861.34 129.28 1911.58 168.20 0.090891
2 729.47 886.66 751.63 919.79 0.087096
2 739.81 889.26 754.84 916.73 0.089462
2 438.93 875.33 824.10 921.94 0.093763
2 467.37 875.58 552.13 906.78 0.109146
2 609.11 881.05 710.47 915.19 0.088739
4 1.14 156.73 28.09 198.36 0.122909
2 743.54 840.18 762.73 859.96 0.080632
