4 317.37 495.14 402.85 550.60 0.439178
4 843.34 8.97 878.35 51.44 0.534811
4 756.40 81.99 801.49 131.14 0.467324
4 668.03 263.65 717.92 313.05 0.451930
4 873.55 288.92 914.52 346.19 0.387612
4 795.50 355.75 843.95 428.11 0.342426
4 774.76 139.65 821.72 191.71 0.406835
4 778.04 166.63 803.69 191.00 0.161442
4 978.32 453.21 1036.27 485.30 0.105497
4 619.86 512.54 678.57 595.72 0.163777
3 629.77 271.86 642.35 304.75 0.124288
4 756.89 107.01 782.78 130.77 0.106117
1 633.24 512.85 679.21 586.39 0.144625
4 370.54 139.61 434.60 178.69 0.156980
4 1143.57 621.32 1190.28 674.98 0.108971
4 1151.99 649.97 1177.86 671.59 0.090776
2 81.23 540.09 109.47 575.81 0.108025
4 1338.51 137.97 1398.93 186.55 0.130708
4 629.00 564.01 644.33 583.18 0.096396
4 620.87 562.10 646.25 595.00 0.100287
6 292.55 119.60 449.61 186.17 0.137422
1 304.07 127.79 319.97 151.36 0.091581
3 80.55 538.90 125.87 576.85 0.117974
4 197.06 281.12 236.24 298.95 0.113578
4 1163.29 560.01 1185.48 589.35 0.098700
6 331.97 129.23 371.36 158.84 0.088219
4 240.13 37.34 267.69 70.25 0.101458
4 484.56 212.32 536.72 248.12 0.101765
3 643.13 206.83 677.90 241.37 0.103691
1 657.05 535.87 678.47 585.18 0.088361
4 727.23 53.22 742.08 83.48 0.132328
4 307.33 252.36 325.61 270.19 0.085169
6 292.56 119.83 371.13 159.82 0.112905
4 727.58 34.77 760.00 83.53 0.138670
5 637.17 514.19 677.91 569.31 0.081627
4 0.16 540.21 24.05 566.90 0.103272
