4 0.16 675.30 16.52 690.56 0.354988
6 553.70 645.66 618.62 678.54 0.284750
4 76.96 663.41 102.83 676.88 0.248976
4 234.40 655.40 256.41 668.48 0.241518
4 114.03 673.76 137.39 687.47 0.169509
4 28.90 670.94 55.84 684.99 0.272348
4 53.32 682.75 81.39 697.74 0.187170
4 140.34 672.62 154.75 684.60 0.153873
6 128.66 635.81 181.06 662.21 0.211874
4 261.06 526.39 292.31 540.85 0.156142
4 154.20 668.15 172.47 681.02 0.160906
4 98.76 678.40 120.88 690.88 0.137575
4 909.50 539.38 946.92 549.78 0.124636
4 201.48 663.08 219.14 674.03 0.140122
6 1298.21 535.72 1339.98 553.86 0.139186
4 212.64 659.87 231.70 670.78 0.146843
4 35.97 662.81 54.79 672.65 0.159809
4 35.71 687.11 63.67 700.52 0.155295
6 201.49 526.85 292.38 542.61 0.137885
4 630.96 665.41 653.64 677.18 0.136227
9 601.37 677.16 650.43 690.85 0.088484
4 188.57 554.91 248.36 569.92 0.176163
6 261.08 523.78 369.40 542.37 0.104361
9 354.35 545.49 499.96 560.32 0.085536
4 990.04 539.21 1030.00 551.80 0.082516
4 507.89 670.20 540.16 683.78 0.088610
9 988.62 538.71 1053.49 563.40 0.081842
4 87.35 679.41 107.07 691.78 0.116423
4 795.32 521.19 823.38 534.67 0.083076
4 257.26 656.19 275.45 666.17 0.127349
4 1102.74 540.40 1130.29 551.69 0.091509
4 176.50 664.58 199.85 677.50 0.123393
4 244.29 559.56 264.87 570.24 0.085370
6 600.58 667.24 654.63 690.59 0.084962
1 593.42 668.32 605.23 683.15 0.080145
4 29.60 653.07 276.29 702.36 0.105157
4 179.05 567.31 198.46 579.98 0.084310
6 183.69 554.75 276.86 577.52 0.135804
