4 1471.17 1092.38 1579.58 1201.51 0.555583
4 1957.85 512.77 1999.72 559.22 0.467763
3 949.35 927.73 1004.27 971.79 0.344514
4 1.56 325.62 56.92 367.09 0.450073
4 1052.44 927.17 1206.69 1011.44 0.439933
4 743.52 625.24 833.86 693.47 0.361239
4 1588.17 950.54 1705.95 1056.99 0.452368
4 88.33 469.11 197.23 510.31 0.404298
4 519.74 521.26 587.28 573.04 0.446057
4 471.03 506.72 517.05 558.19 0.355257
4 563.35 538.32 634.25 602.56 0.396872
4 855.31 675.62 949.03 739.87 0.399038
4 1621.62 830.42 1732.59 912.45 0.540300
4 808.73 650.65 884.26 709.71 0.380866
4 649.87 582.06 729.00 648.28 0.373631
4 606.22 563.63 682.20 624.62 0.378125
4 803.72 779.99 948.62 868.57 0.359903
1 1426.93 1252.26 1483.23 1333.67 0.343237
1 1095.42 1392.97 1128.35 1436.57 0.332606
4 698.62 604.73 785.23 662.58 0.427387
3 675.19 746.27 709.04 772.73 0.251259
2 1333.85 585.20 1459.27 676.74 0.179638
4 1771.20 733.48 1822.68 767.91 0.248420
7 1416.29 460.88 1471.58 511.84 0.224090
4 1554.27 87.49 1592.15 109.48 0.243620
3 1921.94 591.46 1999.47 690.44 0.233268
1 1423.77 620.88 1454.59 671.66 0.214006
4 1975.66 132.12 1998.87 151.02 0.252469
4 35.45 253.11 91.84 286.00 0.259950
5 1664.77 60.32 1744.02 107.62 0.257358
1 1334.44 594.12 1362.83 640.02 0.235820
6 4.31 713.27 398.01 1029.30 0.172704
1 1383.00 611.62 1414.56 656.20 0.234220
7 856.47 864.37 884.76 887.87 0.108475
4 1979.07 176.70 1999.74 201.68 0.172090
4 5.52 714.18 364.11 954.74 0.175992
3 342.42 437.21 358.69 464.27 0.148247
5 734.41 943.23 822.79 1058.97 0.190153
4 289.34 347.97 335.53 392.80 0.228831
3 575.95 681.69 602.22 707.69 0.193875
4 413.60 458.43 448.10 500.10 0.142427
1 1976.85 327.85 1996.93 356.81 0.175287
4 1499.38 106.51 1549.48 125.67 0.216700
4 489.24 625.60 510.41 647.70 0.158011
5 1731.38 76.38 1807.59 119.06 0.213033
4 900.97 895.81 928.58 918.99 0.118968
1 1364.54 474.35 1389.71 522.60 0.151002
4 1903.49 157.43 1938.11 181.74 0.168361
3 1958.70 591.89 1999.82 665.48 0.192142
6 441.44 369.28 670.28 510.16 0.159088
3 1665.77 607.50 1709.66 641.53 0.144186
4 415.95 577.37 438.89 599.31 0.128785
3 1331.78 1418.47 1412.96 1498.87 0.181982
4 1929.54 230.67 1995.01 262.99 0.202215
6 1666.34 80.31 1720.55 106.48 0.093916
4 47.02 230.25 82.39 251.24 0.193905
2 1451.15 341.36 1494.44 383.76 0.140097
1 1442.71 434.68 1468.15 478.16 0.166730
1 1373.30 605.74 1396.47 655.18 0.166911
4 1881.58 172.50 1932.55 194.70 0.142949
4 767.93 792.36 812.74 837.94 0.183009
1 1642.47 819.45 1674.97 856.96 0.162140
5 1507.69 1214.97 1570.74 1300.42 0.141626
6 697.41 823.65 843.57 962.61 0.117027
4 0.33 225.20 52.50 264.30 0.181221
6 1583.78 50.85 1744.59 107.55 0.117024
3 1330.74 1249.96 1517.83 1498.27 0.144061
6 1434.12 31.03 1536.52 98.48 0.173910
1 1388.50 1353.05 1419.92 1420.11 0.184726
3 1921.50 654.14 1954.28 690.39 0.134434
1 1432.66 620.94 1450.40 653.70 0.091014
6 1505.78 1173.90 1582.60 1302.18 0.129910
6 237.34 536.62 319.50 588.68 0.104569
1 340.06 420.21 358.24 461.08 0.133428
2 1389.75 469.62 1433.66 529.17 0.088859
3 1925.16 334.35 1953.83 360.48 0.106242
7 856.81 864.52 1005.59 972.76 0.111960
4 1391.99 588.72 1421.53 613.77 0.086973
4 1788.23 12.95 1844.87 38.19 0.163851
1 1451.24 350.69 1471.85 383.83 0.136435
1 1435.29 641.56 1460.94 706.75 0.086899
4 0.46 213.11 92.16 293.97 0.113433
6 289.58 348.27 370.95 393.64 0.101166
4 1716.27 1095.80 1752.45 1145.64 0.109260
2 1427.88 435.69 1449.03 471.57 0.112622
2 1334.94 596.33 1355.45 634.22 0.093689
3 1644.38 1029.09 1684.25 1085.04 0.122625
1 824.26 846.50 844.79 868.68 0.098883
4 1883.91 345.35 1913.46 368.65 0.103045
4 1291.94 941.08 1316.16 959.59 0.082555
4 1944.31 21.73 1998.58 50.99 0.115673
1 1427.15 1293.37 1453.90 1333.29 0.103446
4 1875.66 162.22 1909.35 182.24 0.127648
4 977.35 849.16 999.62 869.70 0.082183
3 1669.73 634.11 1708.61 682.26 0.097812
3 824.13 840.53 885.66 887.28 0.181089
6 457.18 683.41 1026.74 1306.06 0.092840
3 1331.27 1447.71 1374.23 1498.93 0.092717
3 1844.52 453.81 1869.37 480.38 0.094328
4 0.33 214.24 45.50 236.02 0.129208
3 1330.99 1041.84 1686.00 1499.73 0.108678
4 1820.91 1117.12 1868.85 1157.06 0.085944
4 1827.72 3.71 1905.69 30.57 0.153515
6 0.72 325.93 68.65 383.84 0.087015
1 1362.75 1419.36 1413.01 1498.11 0.100852
4 1573.04 533.37 1622.00 566.05 0.100916
4 425.99 469.56 447.19 496.65 0.112033
3 621.16 744.73 640.48 771.60 0.083169
3 1618.54 1030.55 1684.24 1122.51 0.157465
2 1367.89 599.08 1388.47 628.75 0.105333
1 1461.95 1294.90 1484.29 1331.46 0.101038
2 1969.66 286.83 1990.26 317.63 0.088178
4 1866.18 179.90 1911.84 199.11 0.131075
3 1814.95 1117.89 1876.44 1194.20 0.146032
4 1093.05 913.94 1119.81 930.28 0.088887
6 696.06 822.93 955.73 1139.48 0.092633
2 1574.52 347.00 1591.07 370.21 0.086021
6 1489.87 52.13 1536.36 95.83 0.114893
3 1425.36 1243.56 1519.69 1335.35 0.115438
4 1748.63 733.25 1823.46 803.35 0.389484
1 1005.45 1114.49 1025.96 1150.00 0.100516
4 1666.26 587.34 1746.55 639.88 0.090316
4 1723.46 589.38 1747.58 617.10 0.096851
2 1361.13 547.78 1385.07 581.81 0.083676
3 1812.11 438.26 1871.87 481.79 0.107099
4 1929.03 231.50 1954.55 253.62 0.095415
4 318.20 360.90 371.43 390.95 0.094908
4 1972.05 512.83 1999.73 537.71 0.119715
4 1934.64 165.80 1965.99 188.50 0.107283
4 1168.45 924.22 1208.78 951.64 0.105970
2 1327.40 434.71 1467.61 695.52 0.100583
4 1810.88 424.05 1903.27 477.56 0.083851
3 901.29 896.33 1005.14 972.66 0.173352
2 1364.62 533.88 1411.24 579.76 0.089646
4 1731.45 94.08 1782.46 118.76 0.101601
4 34.25 257.22 65.46 278.77 0.110673
4 470.25 502.73 953.90 872.22 0.081850
2 1391.73 464.30 1411.44 494.26 0.093803
4 1934.69 177.59 1969.51 201.43 0.081698
2 1377.94 535.61 1397.03 570.12 0.091462
3 1335.69 599.21 1370.86 638.10 0.083083
4 1506.57 73.98 1535.54 94.57 0.103719
4 1708.63 30.75 1757.39 49.66 0.089149
4 1832.52 1102.80 1946.39 1162.36 0.093424
3 1618.84 1072.66 1661.64 1123.26 0.084598
2 1337.19 549.68 1357.69 573.28 0.086073
4 1707.54 0.60 1765.82 25.39 0.111979
4 80.38 509.06 162.40 568.29 0.084271
4 406.64 673.47 453.66 720.80 0.088797
4 804.69 779.76 868.34 833.63 0.097180
4 0.30 618.29 52.52 673.67 0.089550
4 1926.11 187.52 1975.11 205.67 0.103551
4 1323.37 558.91 1360.12 598.18 0.081627
3 1976.17 338.20 1995.57 356.93 0.129988
4 44.94 340.97 61.86 362.79 0.080966
2 1387.16 537.05 1411.97 567.72 0.083230
4 1788.41 190.28 1837.73 209.17 0.088449
1 1025.65 1486.75 1045.00 1499.95 0.130245
4 257.60 414.73 279.98 435.30 0.084731
3 771.58 790.78 886.50 883.88 0.169675
2 951.27 929.11 984.45 961.24 0.085234
