4 666.47 510.73 750.44 624.34 0.584866
4 1320.63 756.99 1399.74 872.22 0.526781
4 501.89 193.21 548.44 252.91 0.517828
4 556.53 164.86 608.40 222.66 0.473437
4 447.17 67.73 491.57 107.36 0.516723
4 814.47 170.84 884.22 217.13 0.492695
4 934.42 53.12 998.43 91.47 0.432893
4 538.00 21.10 577.12 56.73 0.445587
1 743.22 122.27 759.01 155.90 0.407592
4 1031.21 414.59 1108.84 476.97 0.331657
4 967.28 84.37 1045.21 124.86 0.405418
4 869.08 300.34 895.73 338.77 0.414380
4 963.75 289.01 1024.91 353.90 0.475396
1 680.39 73.87 697.80 106.32 0.391826
4 101.39 134.61 146.90 183.12 0.409975
2 680.64 87.09 699.07 107.83 0.387493
4 1005.72 96.91 1079.05 142.16 0.361755
4 1174.34 580.93 1325.60 717.45 0.267211
4 82.81 221.87 140.36 303.71 0.352229
1 1073.02 484.89 1095.20 537.53 0.295409
1 271.08 149.17 289.96 184.09 0.295570
1 706.72 112.51 723.45 146.85 0.358683
4 675.13 6.42 717.88 39.61 0.345685
4 1241.80 642.98 1325.75 717.71 0.228213
1 241.60 188.15 262.36 231.66 0.136004
1 271.74 207.75 290.77 242.36 0.250197
4 1314.96 321.33 1340.02 344.89 0.166488
4 222.65 69.05 265.26 111.96 0.259579
6 984.86 2.27 1399.99 293.44 0.226528
4 688.34 21.76 717.28 39.37 0.251082
4 1071.14 455.04 1138.51 508.71 0.219358
6 623.25 25.95 657.15 62.28 0.139744
2 240.92 186.82 290.98 242.82 0.154835
4 1123.80 105.73 1189.25 166.79 0.132279
6 224.79 131.17 266.79 192.89 0.157516
1 254.30 186.92 273.52 231.35 0.148487
5 184.28 510.27 269.79 573.69 0.114574
4 850.63 217.97 891.55 237.55 0.111224
4 1279.09 304.53 1389.94 400.31 0.112209
2 679.81 73.06 760.74 157.32 0.119745
4 1320.01 360.33 1387.22 402.80 0.145334
4 1360.99 206.12 1399.67 249.34 0.159066
3 749.38 142.65 759.10 156.54 0.207648
3 712.36 129.48 724.23 147.67 0.220170
4 1174.56 581.47 1256.59 631.20 0.112713
4 1340.23 360.84 1383.09 384.05 0.107279
2 871.63 300.75 895.33 337.30 0.083522
2 675.53 6.70 691.79 28.29 0.142164
4 669.97 152.05 712.06 191.85 0.097951
4 191.98 312.95 244.78 339.36 0.091285
4 1284.05 304.29 1350.08 347.01 0.095349
4 102.65 278.24 129.77 302.58 0.084908
6 221.39 45.07 299.06 184.22 0.090961
6 1179.38 87.61 1399.37 266.34 0.120785
4 984.41 18.14 1008.56 46.80 0.122773
4 106.65 98.70 138.13 131.71 0.093316
9 985.37 2.71 1190.03 166.64 0.081615
4 746.78 30.63 783.91 65.07 0.099995
4 539.51 20.62 561.59 40.39 0.084510
4 932.52 51.78 1079.60 144.46 0.088545
