5 543.84 237.67 774.50 345.58 0.748855
5 266.15 298.60 446.60 392.69 0.528146
5 835.78 229.69 1004.51 311.18 0.589368
4 837.97 6.39 865.45 34.97 0.524535
1 412.56 704.78 430.14 737.94 0.456800
4 819.79 61.28 848.10 90.00 0.550993
3 1090.23 234.89 1159.80 288.05 0.318134
1 284.11 470.63 300.98 502.33 0.412001
4 0.14 330.82 159.76 406.59 0.463618
1 1042.38 292.12 1058.31 320.91 0.397579
1 1006.10 299.49 1021.18 327.00 0.407694
6 0.19 330.63 160.01 406.63 0.115875
1 856.90 307.86 873.08 341.70 0.366411
1 892.87 320.91 904.75 342.03 0.368722
1 628.64 127.00 642.83 151.13 0.280314
3 1036.37 237.47 1089.56 297.69 0.310723
4 514.20 127.24 570.45 170.48 0.263229
1 1273.59 92.46 1286.36 120.81 0.268906
1 682.18 137.34 691.28 156.75 0.287680
1 1200.01 268.73 1217.63 298.61 0.303317
4 800.02 1.25 823.13 23.62 0.290886
1 1328.61 100.33 1339.94 121.69 0.303338
1 541.99 353.20 566.27 386.91 0.418511
1 733.49 153.26 745.34 177.69 0.268003
1 1024.04 377.86 1034.38 397.35 0.319109
4 931.13 4.91 945.72 18.40 0.287138
4 187.65 2.28 244.65 59.91 0.261376
1 710.67 155.89 721.27 184.51 0.279763
1 1241.68 108.26 1260.55 133.46 0.231545
4 799.97 459.76 819.02 481.54 0.258467
3 400.72 571.34 427.26 618.48 0.220501
1 529.44 179.12 541.86 207.03 0.258640
4 825.48 61.32 847.19 74.43 0.130896
10 1343.63 92.82 1363.79 105.51 0.189801
1 901.83 98.98 910.41 118.01 0.216531
1 919.23 85.26 930.56 113.53 0.133090
1 236.99 402.97 262.43 441.74 0.267552
1 1298.38 92.13 1311.71 111.83 0.244281
1 847.21 332.87 862.89 356.03 0.262645
1 469.81 671.98 485.01 696.07 0.342541
3 818.45 388.43 844.34 419.48 0.134925
1 331.73 468.83 354.18 502.38 0.219141
2 400.77 588.03 418.21 618.78 0.153006
5 486.97 125.50 572.51 169.91 0.242789
2 848.49 306.71 905.66 355.06 0.117552
4 765.95 494.54 789.60 510.06 0.150849
1 238.63 199.47 255.46 225.83 0.196015
2 1199.85 268.46 1229.34 299.93 0.140268
1 1030.41 251.61 1044.44 273.50 0.228313
2 235.52 409.51 260.63 442.43 0.121492
2 1004.67 291.02 1059.36 328.38 0.113144
1 526.95 79.52 537.79 108.54 0.165408
1 512.98 158.71 524.50 197.51 0.134939
2 843.13 290.38 1060.39 356.12 0.096941
6 635.50 0.14 769.19 92.03 0.149922
1 1217.58 279.34 1230.04 298.45 0.239729
4 932.28 39.25 952.56 61.77 0.201086
4 922.79 77.91 936.33 87.46 0.132832
3 1075.92 355.05 1094.04 423.94 0.101690
1 1084.75 57.51 1094.29 76.77 0.170018
4 1.65 449.82 85.77 480.62 0.137707
6 186.67 0.31 374.01 62.87 0.092700
4 1148.27 233.09 1192.28 274.93 0.162968
2 710.00 152.44 745.92 184.82 0.131325
2 283.03 467.84 354.42 504.92 0.081517
4 965.07 38.24 975.25 56.72 0.081995
4 907.76 0.37 924.01 13.16 0.177549
2 865.06 93.42 876.61 122.50 0.134563
4 82.50 705.07 101.56 726.73 0.126300
1 239.23 199.43 250.35 213.15 0.109473
1 244.72 403.28 261.95 425.67 0.205521
6 762.20 31.41 791.12 68.52 0.107758
4 399.68 105.36 419.53 122.38 0.092961
1 588.98 578.93 601.57 596.70 0.142185
4 719.28 513.93 734.34 526.63 0.088069
3 331.74 480.64 354.99 504.20 0.097146
3 861.34 104.51 929.01 143.88 0.148513
3 943.35 285.94 1009.81 314.65 0.087057
2 548.60 160.94 563.83 176.70 0.103902
1 1295.62 80.54 1305.86 100.91 0.138206
4 930.93 0.44 967.37 19.40 0.100517
6 406.12 107.79 484.52 145.69 0.159055
7 1109.40 256.66 1159.94 288.93 0.112510
2 1342.95 92.48 1363.87 119.73 0.084050
1 626.67 89.70 637.71 114.38 0.158565
6 1090.13 231.84 1191.66 289.70 0.119231
4 1338.66 202.28 1397.61 235.98 0.145998
4 1171.44 232.81 1189.62 253.59 0.088127
6 931.78 22.32 954.37 62.17 0.083306
4 794.63 439.78 809.31 458.36 0.123195
4 1108.39 33.88 1150.83 60.81 0.092249
4 750.73 455.92 761.26 471.75 0.133955
10 984.66 386.47 1018.01 437.69 0.091183
3 860.80 104.71 890.11 139.59 0.085177
2 520.71 75.16 528.37 93.10 0.092798
4 169.47 39.35 184.32 59.59 0.097669
4 595.47 443.56 608.30 456.94 0.093536
3 885.66 111.20 911.57 136.65 0.116314
3 1239.95 121.10 1262.12 143.01 0.091757
6 514.64 127.68 556.48 165.65 0.105958
4 1028.67 0.85 1067.56 29.52 0.089279
2 771.86 8.53 781.31 29.08 0.107176
4 1247.87 28.79 1273.49 45.18 0.089542
6 398.26 104.75 571.35 172.46 0.156259
2 1066.91 8.46 1089.28 36.77 0.093074
1 1148.70 363.77 1159.54 397.14 0.142514
2 954.66 13.90 963.42 31.82 0.114087
2 1083.23 113.10 1092.92 134.23 0.118164
4 1012.22 0.11 1031.10 13.72 0.086929
2 790.29 55.90 799.32 70.79 0.087929
2 1328.70 100.33 1339.85 121.52 0.081157
1 370.90 640.03 401.70 682.48 0.098975
2 577.87 118.28 585.60 132.73 0.081839
1 570.74 115.56 583.37 132.29 0.082424
2 1338.73 101.09 1352.15 121.09 0.084903
2 737.60 153.70 746.10 176.73 0.084725
2 1004.93 43.76 1012.35 61.62 0.097373
3 218.18 389.99 257.65 442.46 0.088234
2 1248.49 107.42 1257.24 126.02 0.081340
6 639.75 0.08 723.53 33.49 0.105114
4 1243.61 9.99 1278.08 25.96 0.088086
3 840.06 332.64 863.41 359.46 0.156789
2 513.19 159.41 524.31 180.92 0.093903
3 234.46 410.11 274.58 451.79 0.088209
2 980.93 121.74 993.85 143.78 0.093903
2 1187.06 67.05 1203.75 102.67 0.083727
7 1076.85 352.95 1159.46 421.88 0.111313
4 1245.84 28.56 1283.29 63.09 0.081632
2 1274.63 45.65 1284.13 63.61 0.086615
2 1239.86 91.74 1363.67 136.17 0.134400
2 706.10 80.65 715.86 98.20 0.084925
2 1150.15 372.84 1159.05 397.25 0.107681
2 861.02 78.51 937.84 141.42 0.106936
4 767.19 399.36 779.71 418.21 0.082142
6 395.47 100.55 432.48 122.90 0.098226
9 410.95 113.26 482.92 145.97 0.102993
2 1078.15 383.07 1090.91 422.91 0.101786
3 791.15 303.13 847.26 339.00 0.126502
