5 801.24 411.93 964.01 588.37 0.549790
5 714.02 226.81 894.10 411.72 0.497420
5 496.88 0.20 603.93 87.12 0.498422
5 676.79 126.90 832.05 282.92 0.488331
4 688.42 300.78 816.00 457.57 0.464866
5 571.43 0.21 668.48 92.41 0.491437
4 202.14 74.65 244.18 112.55 0.484112
4 565.97 106.75 623.22 172.86 0.428344
4 892.33 409.59 975.61 484.66 0.507156
4 916.93 367.64 997.55 437.37 0.489095
4 618.21 106.99 673.94 160.94 0.428247
4 816.54 272.80 895.52 351.52 0.326100
4 922.84 279.14 1003.84 337.15 0.355776
1 945.43 245.93 957.73 267.50 0.344757
1 672.13 37.23 682.27 58.00 0.274879
4 833.45 221.18 908.66 288.14 0.318321
1 1259.87 540.33 1283.41 574.83 0.224343
4 637.01 186.32 698.22 245.25 0.426950
1 945.01 236.87 970.00 268.05 0.234042
1 1103.74 287.58 1122.17 304.50 0.196510
1 959.45 237.20 970.40 256.74 0.252583
2 255.23 190.72 388.35 378.83 0.260182
1 981.02 518.61 1009.82 560.14 0.138140
4 677.59 107.55 731.86 144.53 0.305187
4 922.94 279.09 948.07 311.11 0.210249
1 1059.56 277.90 1076.69 301.86 0.165946
4 1303.66 350.61 1326.87 362.24 0.148219
4 665.56 215.61 698.13 245.00 0.147237
1 1125.87 444.83 1141.72 466.00 0.175446
1 1072.00 412.65 1100.16 454.27 0.169238
3 1029.29 373.62 1053.33 403.23 0.120723
1 1031.60 594.67 1062.86 637.49 0.154102
4 874.92 247.45 907.77 286.68 0.100976
1 661.38 35.43 670.92 61.89 0.183167
1 16.11 630.45 32.88 647.03 0.147322
1 1188.86 318.28 1204.96 334.60 0.121386
4 1342.17 496.62 1399.78 617.27 0.093214
4 775.13 181.12 799.33 203.04 0.168420
1 1175.87 317.92 1206.76 360.24 0.116935
1 133.24 426.14 150.65 443.45 0.114595
2 1059.13 278.86 1122.78 306.13 0.081001
1 1027.08 347.04 1039.62 370.46 0.106836
6 597.04 175.38 818.17 456.50 0.185714
1 1063.59 287.99 1072.59 302.80 0.183337
3 1258.35 474.78 1393.42 576.18 0.123791
4 806.53 264.18 830.08 284.69 0.106755
1 1230.62 750.03 1254.58 775.35 0.119824
4 502.43 51.50 531.66 82.41 0.102818
2 334.97 328.54 360.95 349.80 0.094002
1 879.45 248.42 894.83 273.18 0.155740
1 1109.96 444.70 1142.24 484.45 0.098654
2 303.77 278.21 359.64 321.91 0.089281
4 1370.16 477.41 1390.24 498.25 0.081380
1 636.77 0.00 648.51 14.24 0.120341
1 990.17 369.42 1006.56 392.16 0.087048
1 1058.73 278.72 1069.46 295.41 0.103036
4 772.74 98.31 799.55 132.44 0.085661
4 0.32 185.28 37.66 249.80 0.087771
10 985.40 518.82 1009.80 541.33 0.086994
6 617.76 105.12 730.10 161.40 0.085571
9 598.26 177.29 815.96 413.62 0.086305
6 494.30 0.00 981.93 588.58 0.123093
4 333.28 329.52 385.58 377.27 0.082558
1 1076.13 413.16 1089.84 430.44 0.094659
2 663.02 35.26 683.13 61.01 0.143037
9 677.58 127.07 801.18 236.57 0.113701
