4 605.92 685.81 667.19 771.11 0.583156
4 704.26 554.08 753.71 618.31 0.581466
4 1155.05 171.10 1191.37 207.76 0.621222
4 894.98 201.16 932.52 248.98 0.586236
4 175.00 1428.27 262.40 1499.19 0.516496
4 1013.92 7.95 1046.50 36.18 0.501926
4 975.72 62.98 999.73 93.46 0.540847
4 508.47 842.14 576.35 930.30 0.533810
4 960.38 99.69 983.78 129.25 0.568927
4 1277.81 407.79 1314.84 468.61 0.520474
4 659.17 611.03 717.23 697.27 0.496892
4 273.54 1198.40 383.78 1348.97 0.409594
4 770.10 461.68 814.36 512.53 0.491792
4 1269.92 519.84 1307.61 594.26 0.505059
4 803.85 383.65 844.31 434.08 0.542809
4 1289.08 63.35 1307.50 83.04 0.410684
4 927.05 15.27 949.45 38.54 0.446075
4 1195.22 16.17 1220.08 38.26 0.424611
4 1293.31 0.49 1313.93 21.38 0.419425
4 903.50 3.93 929.74 33.51 0.357691
4 1287.37 100.43 1306.74 127.40 0.404050
4 344.19 889.61 393.90 972.01 0.301417
1 1319.82 92.00 1992.39 1497.01 0.175121
1 1231.32 732.40 1303.08 962.39 0.262210
1 1217.00 591.86 1237.96 634.26 0.245612
4 871.22 119.43 891.69 152.51 0.358146
4 791.06 389.18 806.58 425.61 0.252179
4 917.92 58.18 941.67 78.00 0.289238
4 168.41 1226.87 251.26 1361.22 0.129318
6 19.60 2.86 1388.09 1498.56 0.159676
9 601.62 316.57 780.43 531.98 0.177253
4 1270.25 562.59 1305.52 594.12 0.108514
4 785.08 252.01 808.04 292.89 0.343841
4 1192.80 0.10 1260.76 39.19 0.095616
4 88.19 1302.67 172.16 1429.79 0.250198
9 714.02 318.49 777.30 426.76 0.169702
4 1184.13 1173.40 1242.87 1298.06 0.203121
1 880.05 290.13 894.08 326.87 0.113769
9 1339.03 106.50 1457.63 1495.58 0.103068
1 1165.91 1441.09 1224.32 1499.45 0.185269
9 610.00 444.66 696.50 517.95 0.133578
4 964.34 0.33 992.28 18.61 0.277044
9 3.89 943.87 351.54 1498.29 0.153370
4 896.48 46.29 918.65 77.96 0.292093
4 553.63 491.63 606.69 535.36 0.144076
1 884.01 177.18 902.08 205.12 0.174672
4 614.67 453.33 659.38 500.74 0.102208
1 1920.68 466.04 1942.83 498.99 0.184667
6 1348.26 129.98 1454.60 939.30 0.135880
6 1289.07 1.56 1488.33 141.29 0.135045
1 1354.80 867.31 1646.38 1047.26 0.162075
6 1.15 593.38 354.73 1497.00 0.146402
4 465.47 850.23 512.52 924.05 0.173902
1 1354.08 869.42 1463.77 1032.40 0.191675
4 1232.26 892.48 1297.43 961.71 0.115801
4 434.55 63.50 464.46 98.59 0.189023
9 672.95 388.67 729.96 509.73 0.128325
6 674.34 2.36 888.60 370.39 0.107197
4 390.55 75.44 431.54 99.55 0.173547
5 1326.13 96.33 1929.40 974.14 0.152921
4 1555.77 836.77 1602.03 879.90 0.081043
9 701.67 262.16 874.07 522.13 0.114246
4 826.23 289.49 866.34 337.21 0.167097
4 738.39 443.72 769.64 492.26 0.209013
4 725.84 464.96 747.23 523.69 0.246107
4 1632.97 651.56 1677.87 692.79 0.092314
1 1199.44 1259.71 1343.34 1498.22 0.137268
4 888.20 91.67 904.28 112.79 0.186860
4 899.51 15.30 918.06 37.24 0.233992
4 264.05 1334.80 311.42 1397.42 0.123849
1 1226.45 253.75 1242.27 282.57 0.121518
6 890.74 15.94 917.61 98.34 0.117396
4 1048.36 92.01 1070.16 131.78 0.118810
1 1238.60 168.51 1254.50 198.60 0.133960
6 867.89 12.46 915.87 159.19 0.112403
9 569.09 3.31 897.88 533.77 0.107923
4 1605.98 711.18 1656.24 760.29 0.090557
1 1915.72 434.10 1947.14 499.57 0.130535
4 669.29 444.06 695.85 504.11 0.095945
4 748.61 337.59 771.61 370.42 0.186212
4 364.67 835.86 418.19 915.50 0.107580
9 1365.09 198.28 1449.13 899.40 0.089861
4 1187.54 44.34 1225.04 78.19 0.093650
1 1207.74 973.47 1232.36 1029.61 0.110391
4 1089.62 90.21 1112.55 124.59 0.153457
4 849.32 291.50 871.54 338.11 0.092436
4 728.08 357.94 761.56 403.44 0.140145
4 813.63 210.66 831.32 240.96 0.231531
9 312.29 656.62 544.06 917.50 0.102098
4 1068.62 83.80 1109.71 125.55 0.143569
4 432.98 383.39 460.37 418.63 0.094796
4 468.05 51.60 488.53 73.19 0.135991
1 1391.42 869.89 1444.97 932.93 0.125980
4 1207.06 50.79 1225.33 76.12 0.131538
4 608.72 627.20 631.82 691.71 0.103950
4 1258.57 1.87 1271.41 33.01 0.122334
9 166.16 1123.55 306.92 1361.91 0.124509
1 1350.13 868.19 1852.10 1496.38 0.104868
4 363.45 75.80 433.65 130.88 0.100079
4 363.39 108.61 394.02 131.49 0.116879
4 740.90 347.21 762.68 384.88 0.115452
4 475.91 8.24 509.92 31.08 0.136980
4 953.93 0.11 974.44 15.49 0.089246
6 1295.12 11.30 1998.29 1497.63 0.096312
2 416.19 19.09 450.94 69.58 0.089724
9 184.11 111.06 1367.48 1495.83 0.093849
4 497.53 0.27 541.47 24.40 0.086089
4 771.42 257.68 789.50 293.07 0.106557
4 721.36 388.61 757.00 427.15 0.082218
9 1175.19 90.62 1995.12 1499.82 0.081196
2 1350.13 858.18 1973.33 1083.68 0.086155
9 310.82 293.70 802.95 919.01 0.089925
4 648.51 477.57 676.21 509.59 0.109966
4 380.75 21.27 427.54 61.81 0.095753
4 1196.02 99.22 1218.62 135.18 0.081239
