4 882.13 247.66 983.58 319.91 0.459648
4 734.47 215.83 780.01 298.07 0.291735
4 271.90 451.09 350.36 467.60 0.301496
4 960.72 672.80 1398.74 786.95 0.378313
4 781.93 182.48 826.21 262.47 0.264937
4 1079.21 699.38 1116.24 730.93 0.166086
4 1112.96 327.94 1272.15 388.09 0.217672
4 500.90 310.25 570.85 485.81 0.185810
4 968.22 750.25 1025.84 787.13 0.167020
4 857.89 94.84 925.69 136.80 0.156299
4 640.76 134.42 1398.61 786.56 0.144354
4 598.29 659.32 632.99 718.52 0.129086
4 204.21 488.20 381.39 570.91 0.098711
1 1116.79 80.72 1144.05 120.91 0.119904
4 991.82 584.67 1116.26 646.82 0.143224
10 522.37 121.18 583.92 286.67 0.113352
4 522.81 227.85 583.15 286.38 0.136203
4 152.24 683.73 319.46 756.84 0.108979
10 534.55 121.65 577.00 212.61 0.147095
4 502.88 427.24 563.15 484.39 0.102883
4 1337.86 451.79 1398.41 508.63 0.091867
6 2.65 1.31 1396.78 786.23 0.099474
1 1175.50 128.96 1196.48 165.41 0.091398
4 240.68 431.76 358.52 497.70 0.082178
