4 665.67 279.42 687.24 314.51 0.428848
4 714.73 20.73 729.89 43.96 0.499307
4 444.85 377.89 505.24 412.75 0.435481
4 628.68 210.15 660.30 274.57 0.384894
4 565.69 227.22 608.97 334.24 0.374429
4 639.61 581.68 672.50 641.61 0.413579
4 528.32 447.41 573.81 529.08 0.354104
4 672.71 166.49 692.36 199.08 0.373671
4 748.57 402.64 772.90 449.34 0.328253
4 570.69 154.36 591.50 185.58 0.382235
1 274.67 368.91 284.49 386.35 0.267513
4 793.26 92.88 822.35 174.37 0.367104
4 659.88 345.27 684.52 386.54 0.313585
1 368.52 367.88 379.13 384.08 0.276985
4 55.57 541.54 127.15 582.94 0.414452
4 556.19 1.18 582.94 20.97 0.287787
4 257.08 276.43 283.04 312.20 0.305933
4 429.45 310.20 460.89 338.26 0.294059
4 733.03 0.00 752.72 8.99 0.382460
4 502.97 723.44 541.69 787.50 0.307205
4 16.83 120.21 78.65 145.50 0.262003
4 566.99 293.83 598.00 332.70 0.287349
4 795.96 152.25 820.40 174.35 0.217480
4 191.04 535.49 268.70 574.61 0.448473
5 793.80 93.07 821.58 156.13 0.117180
4 351.20 466.63 361.37 478.12 0.164756
4 462.17 114.82 474.31 132.05 0.198701
4 455.65 64.96 493.66 77.42 0.196310
4 843.64 225.49 853.34 239.92 0.145109
4 347.54 445.19 385.10 462.66 0.158453
3 52.99 460.68 89.25 488.93 0.164407
4 182.99 101.21 214.79 117.17 0.214686
1 509.59 309.16 517.77 326.66 0.179211
4 823.91 117.98 831.50 127.92 0.119177
4 632.26 253.83 654.06 274.16 0.139096
2 568.41 47.37 581.28 74.84 0.121126
4 543.37 17.34 576.26 39.36 0.205016
1 546.52 136.73 557.45 158.23 0.136302
1 478.98 413.36 491.78 436.81 0.144124
1 234.23 464.26 247.65 495.59 0.147535
6 240.08 263.15 283.92 313.19 0.139077
4 514.54 54.80 532.28 65.52 0.166323
4 823.90 236.92 835.24 249.38 0.127165
4 521.36 302.79 537.10 324.20 0.146337
1 517.80 326.18 524.95 336.30 0.162500
6 532.57 19.77 571.25 112.50 0.171202
4 140.32 563.93 187.23 587.70 0.115900
1 34.22 293.34 42.71 305.14 0.137988
4 266.16 87.75 300.12 104.58 0.162182
5 240.28 264.16 265.35 298.82 0.152754
3 76.38 119.71 119.56 149.54 0.156932
6 170.99 566.29 286.58 664.97 0.112777
4 412.52 349.70 432.36 370.57 0.132917
4 798.71 138.30 820.88 155.61 0.137450
5 821.57 708.74 879.14 787.39 0.100932
6 872.05 0.83 1313.91 304.32 0.092179
1 583.57 447.96 592.96 468.49 0.118842
1 554.94 113.38 563.83 128.17 0.106077
1 538.57 205.28 546.95 218.34 0.113367
6 342.30 305.95 500.35 371.06 0.119538
6 267.94 62.11 332.38 107.79 0.093916
2 896.98 42.55 911.72 72.63 0.081646
1 504.92 298.47 519.88 328.11 0.097630
4 340.69 170.06 352.48 188.69 0.125109
1 14.88 364.82 25.49 382.36 0.125074
3 9.01 283.51 31.13 305.45 0.105220
3 78.68 387.83 97.84 407.63 0.083441
4 505.49 298.39 519.73 308.94 0.090429
1 94.92 395.14 106.91 414.43 0.128838
6 779.70 335.85 793.20 384.43 0.095107
6 342.61 324.55 430.91 371.56 0.100757
9 420.51 307.73 498.16 365.97 0.105993
1 487.66 327.18 496.62 343.76 0.106961
4 125.12 102.05 160.81 117.32 0.135391
4 427.46 746.24 447.99 786.54 0.100398
3 78.76 388.57 115.28 415.14 0.097133
4 469.35 413.36 492.36 439.64 0.082946
4 469.90 350.44 479.21 358.64 0.082202
4 350.34 462.25 390.62 485.57 0.103509
6 535.17 100.39 552.22 127.34 0.099322
3 75.58 126.47 98.87 150.22 0.089719
9 342.65 206.95 518.79 371.37 0.111077
1 180.48 369.11 189.27 385.92 0.132629
1 688.28 353.13 695.17 375.41 0.091518
4 674.18 183.43 688.91 198.40 0.085564
6 467.51 35.61 490.98 62.08 0.089605
4 240.69 65.18 262.89 77.62 0.096106
4 445.97 357.02 455.28 365.55 0.082849
2 464.06 448.86 473.94 463.80 0.090912
4 368.74 50.80 395.31 61.66 0.081867
4 383.43 437.67 424.19 452.19 0.081698
4 519.39 0.61 540.86 17.20 0.084204
4 83.22 598.43 145.48 647.00 0.101776
9 51.31 105.03 124.33 122.70 0.101571
6 342.96 324.44 372.01 369.93 0.084277
1 213.58 366.02 223.65 378.51 0.089903
4 835.92 17.42 857.23 27.03 0.141952
4 443.22 1.10 479.22 15.82 0.088457
4 563.99 23.72 576.24 36.82 0.080377
