1 730.07 649.53 753.19 702.58 0.518996
1 503.33 414.08 525.97 462.34 0.443443
1 432.03 518.99 466.91 549.59 0.438098
1 509.57 338.65 529.42 382.53 0.440492
1 628.86 360.54 649.17 408.16 0.481389
1 554.55 422.07 578.58 472.92 0.445928
1 533.63 447.84 558.17 500.75 0.462705
1 789.66 631.15 818.77 692.71 0.534797
1 535.27 388.27 553.02 434.28 0.450171
4 588.99 176.05 624.21 198.07 0.261499
1 337.56 554.42 376.97 598.18 0.243249
2 502.91 387.07 579.91 501.63 0.210459
3 512.27 356.79 529.26 382.88 0.150706
4 1158.90 76.30 1198.18 98.63 0.179383
1 214.67 99.23 233.23 143.31 0.103691
1 226.75 47.69 241.88 72.00 0.111144
2 501.46 338.12 651.54 502.60 0.140683
2 501.22 301.60 524.39 322.00 0.122950
2 1102.45 245.99 1141.91 297.91 0.164946
1 306.80 55.48 316.52 73.25 0.096970
7 1165.62 240.33 1236.88 327.45 0.130025
4 102.33 0.96 159.87 29.65 0.111947
4 105.43 82.57 138.36 102.38 0.118275
10 1335.12 318.83 1367.11 367.94 0.113944
4 65.47 80.01 101.35 97.28 0.096992
7 686.61 568.59 783.57 746.77 0.092387
7 742.38 205.69 777.00 250.83 0.108449
7 672.62 205.04 777.72 294.91 0.131510
4 384.02 342.96 427.61 380.42 0.098295
4 653.63 115.81 721.98 143.76 0.112163
10 355.98 570.36 376.58 597.78 0.096025
4 155.12 16.44 185.23 31.83 0.084516
4 797.21 119.16 903.29 157.03 0.122966
3 635.97 382.50 650.14 407.61 0.092815
2 383.66 300.93 535.02 381.13 0.150338
4 76.11 8.97 118.11 27.25 0.080359
2 444.20 325.33 479.23 345.94 0.099890
9 726.42 100.48 809.18 133.61 0.113333
4 0.05 0.26 30.62 19.04 0.103610
9 718.03 83.17 904.76 156.34 0.103837
4 154.46 12.49 218.68 33.61 0.081047
9 845.46 127.95 903.32 156.09 0.091334
9 2.64 48.54 206.61 107.39 0.092582
2 533.77 447.89 557.85 500.66 0.099502
4 196.60 99.28 243.96 122.21 0.108984
6 992.90 60.10 1099.20 105.96 0.085509
