2 889.90 356.01 932.21 382.41 0.444465
4 667.40 665.57 761.69 779.84 0.472789
4 522.30 850.65 613.72 990.56 0.492426
4 847.09 992.93 925.12 1049.47 0.456841
4 753.28 813.20 847.84 938.21 0.464710
4 310.39 72.28 350.85 121.06 0.462503
4 534.47 662.27 619.68 781.16 0.447375
4 364.53 287.25 421.93 356.05 0.450172
4 576.49 598.74 655.59 700.37 0.451765
4 292.91 517.95 373.83 620.27 0.418093
1 985.95 429.12 1009.28 462.94 0.340173
4 381.10 479.72 448.37 576.55 0.412668
4 101.28 614.83 211.82 691.18 0.427460
4 381.24 154.21 433.99 212.19 0.411552
4 176.06 887.56 304.27 986.95 0.398372
4 78.38 570.99 196.22 647.06 0.391411
4 3.59 384.83 108.14 451.76 0.399391
4 830.53 593.49 940.07 678.53 0.392955
4 1039.29 864.37 1165.98 972.05 0.415714
4 530.97 151.60 612.14 207.40 0.388642
4 953.93 784.94 1080.75 876.13 0.425408
4 585.33 509.41 659.69 599.09 0.429720
4 432.03 426.46 503.56 522.05 0.392393
4 914.12 696.35 1031.23 782.50 0.400249
4 731.41 430.68 821.26 492.75 0.414707
4 485.76 93.61 562.31 144.22 0.337750
4 811.69 544.55 917.30 620.56 0.393878
4 166.83 972.50 311.22 1049.38 0.374138
4 1075.61 943.16 1208.51 1048.98 0.412034
4 673.12 370.01 766.71 435.92 0.388976
4 309.85 170.49 358.93 231.52 0.384081
4 610.57 267.62 700.24 330.88 0.354731
4 572.47 210.91 662.34 264.35 0.351928
4 293.18 278.13 349.58 356.07 0.385832
4 413.93 211.17 470.50 273.44 0.422118
4 192.23 42.08 219.67 72.74 0.267855
4 434.99 0.00 516.60 31.26 0.414663
4 785.44 505.38 880.81 583.68 0.386884
4 114.61 30.68 160.14 87.35 0.342395
4 190.72 42.43 240.01 99.55 0.321004
4 28.89 431.98 121.94 498.44 0.340742
4 148.83 140.40 198.77 207.41 0.362154
4 509.71 388.48 581.95 462.62 0.382586
1 892.10 455.14 905.36 486.02 0.330826
4 687.08 956.60 782.10 1049.42 0.414518
4 484.71 63.54 559.31 108.45 0.309835
4 83.52 507.94 174.21 576.94 0.367083
4 414.02 851.20 497.81 985.99 0.365234
4 747.37 474.20 843.59 543.82 0.398901
4 658.55 325.71 751.68 388.41 0.341369
4 378.70 994.82 529.15 1049.57 0.277418
4 0.21 121.25 59.06 155.73 0.258754
4 0.27 254.58 84.71 314.74 0.336273
4 467.36 302.68 522.26 364.44 0.366569
4 194.74 271.11 251.55 341.24 0.326589
4 463.68 44.85 542.39 86.32 0.299869
1 879.93 460.23 893.71 484.05 0.285936
4 554.37 178.93 636.62 228.25 0.314107
4 310.19 170.05 346.00 202.86 0.157083
4 0.25 96.68 41.86 127.25 0.254866
4 1339.52 794.97 1380.76 832.39 0.252774
4 1374.59 848.01 1399.84 887.00 0.275684
1 673.43 69.60 705.02 103.70 0.157392
4 200.86 177.00 234.39 226.38 0.321862
4 498.17 357.77 538.50 388.26 0.191331
4 293.39 742.72 354.69 778.33 0.252721
4 0.12 165.54 64.10 216.32 0.262167
2 981.43 376.62 1016.59 416.16 0.245482
4 692.25 97.62 718.11 124.14 0.187442
5 425.94 129.98 464.49 175.09 0.187674
4 223.73 333.54 263.52 369.24 0.199463
4 134.18 479.80 189.22 536.68 0.223234
4 640.00 301.06 722.14 355.90 0.339573
4 1211.60 1032.45 1267.39 1049.79 0.154839
4 1363.32 769.03 1399.70 842.86 0.175446
4 134.34 86.99 174.41 139.39 0.241085
3 823.39 192.45 848.88 223.26 0.157598
3 1208.25 711.80 1257.10 754.80 0.152851
4 865.31 637.27 979.12 718.86 0.379648
4 63.82 453.25 119.92 483.98 0.107799
1 526.71 317.80 567.42 366.42 0.162691
4 644.94 4.73 687.26 60.79 0.178796
4 0.19 190.16 61.94 240.81 0.178325
4 796.94 745.25 825.13 781.00 0.086047
4 609.69 21.87 628.03 38.86 0.133763
1 710.85 37.07 726.13 68.59 0.136152
1 1207.87 684.17 1259.11 754.54 0.192204
3 1001.60 448.18 1038.28 482.55 0.124914
4 96.77 0.06 128.39 21.71 0.190727
4 338.89 863.38 387.86 909.06 0.109291
4 0.16 0.45 21.90 51.67 0.197393
1 818.38 225.10 833.58 245.57 0.182844
2 1163.08 525.33 1212.90 584.22 0.121912
4 734.85 161.63 754.04 176.10 0.092771
1 681.89 67.77 696.52 91.79 0.109839
4 790.52 134.77 835.85 197.44 0.116769
4 248.83 366.64 289.50 436.26 0.203203
2 763.74 81.08 777.78 107.65 0.098620
4 450.00 453.46 486.23 491.06 0.080993
4 260.42 366.85 282.71 397.63 0.110037
4 500.24 291.78 558.46 355.51 0.118942
6 1280.11 644.59 1399.49 842.30 0.187189
4 177.90 220.13 225.07 277.30 0.161698
1 325.28 626.07 352.04 684.13 0.083853
4 313.22 1.05 363.01 56.09 0.135562
9 853.25 103.31 953.16 234.46 0.086934
6 695.28 0.56 767.63 114.25 0.085559
4 649.64 7.00 666.95 31.69 0.102071
4 268.98 657.97 354.88 777.03 0.092795
2 550.80 330.17 569.74 365.47 0.100969
4 1346.85 143.51 1398.78 199.14 0.084904
1 698.41 24.16 711.24 57.95 0.120617
4 1101.31 486.68 1144.08 543.40 0.107090
3 890.16 356.03 932.03 382.02 0.106855
2 740.67 67.76 756.31 103.33 0.094313
4 0.42 143.22 56.52 176.21 0.129406
1 1180.90 543.33 1197.60 566.54 0.148532
2 726.02 49.45 740.00 73.40 0.089316
4 1106.21 394.93 1129.17 419.06 0.085468
3 733.97 153.73 760.05 176.92 0.102298
1 1164.50 526.35 1181.72 552.24 0.180359
3 733.97 554.97 758.03 584.79 0.081218
4 696.35 567.94 741.04 619.71 0.116891
3 767.96 132.08 785.11 158.60 0.101256
3 439.67 299.86 470.07 350.57 0.110802
2 797.13 434.36 809.59 452.79 0.100117
4 958.13 245.75 984.71 280.89 0.125689
3 696.22 555.68 758.39 620.76 0.126320
9 1014.81 349.48 1399.07 845.10 0.098608
2 500.84 100.16 523.87 126.35 0.085456
3 673.30 81.04 705.54 104.34 0.114017
4 379.63 996.99 440.86 1047.32 0.088787
2 844.58 181.44 920.77 269.59 0.081224
4 92.76 5.38 1243.35 1048.79 0.082797
2 1135.17 531.64 1153.45 561.95 0.087600
4 225.38 336.17 283.02 397.44 0.150783
3 794.52 164.11 833.17 200.46 0.085802
4 142.16 232.91 164.94 257.77 0.089798
3 964.35 362.42 1015.54 416.23 0.091544
4 0.18 219.41 38.38 269.14 0.100476
3 789.36 744.70 827.07 786.65 0.120282
4 183.71 246.95 227.37 285.99 0.081785
9 1279.36 571.00 1399.66 843.54 0.113105
3 744.51 116.88 781.39 156.06 0.084012
4 65.88 463.48 158.52 542.89 0.091258
4 421.26 934.55 505.04 1002.60 0.093982
