6 1634.61 161.60 1731.46 196.81 0.584567
4 1344.38 172.01 1378.28 187.56 0.446193
5 1639.55 263.16 1717.63 326.91 0.461611
4 1766.23 182.22 1807.64 198.60 0.474197
4 1729.11 819.20 1846.45 868.53 0.459742
4 1824.36 1009.92 1915.37 1060.98 0.461107
6 1581.48 224.89 1654.06 281.58 0.484530
4 1634.87 696.65 1730.27 736.90 0.443265
4 1687.02 362.72 1730.99 390.37 0.435205
4 1489.02 496.68 1562.56 530.60 0.395458
4 1582.49 282.18 1614.55 301.85 0.403337
4 1555.44 259.58 1588.01 281.56 0.409956
4 781.56 951.13 869.06 1012.07 0.364384
4 1564.89 177.42 1605.32 193.61 0.417142
4 1708.75 774.58 1803.07 821.15 0.331825
4 1789.89 952.82 1915.26 1010.54 0.373823
4 1611.68 304.50 1650.77 329.26 0.378389
4 1477.41 464.18 1543.29 495.14 0.357534
4 1292.66 256.27 1330.36 277.94 0.310720
4 1582.57 341.86 1613.62 363.59 0.379203
4 1659.72 739.53 1766.71 785.78 0.398339
4 1650.94 570.36 1715.49 622.69 0.300194
4 1078.78 418.41 1122.54 453.99 0.278165
4 1768.53 899.54 1862.42 955.41 0.329001
4 1646.49 333.84 1687.77 361.64 0.354192
4 1119.20 922.28 1147.56 950.57 0.201194
4 1368.12 124.02 1388.95 139.72 0.259996
4 1340.11 316.69 1394.64 346.25 0.259527
4 1440.13 423.61 1504.15 452.83 0.281421
4 1390.46 345.71 1447.70 371.56 0.291953
1 1133.30 750.63 1198.23 780.94 0.267916
4 213.20 889.73 249.05 917.49 0.244835
5 1105.68 474.36 1170.55 549.06 0.221047
4 1304.98 173.35 1323.04 188.03 0.269327
4 1307.85 2.84 1342.97 23.51 0.266950
4 1201.66 566.70 1240.99 620.31 0.210521
4 463.24 324.38 491.79 353.98 0.203772
4 1357.41 414.19 1420.40 434.93 0.286073
4 1047.50 908.25 1073.01 933.22 0.214756
4 1833.83 336.17 1868.39 366.30 0.270144
4 1279.52 47.68 1302.69 65.66 0.252381
4 1685.50 243.78 1719.33 266.59 0.253510
4 1403.77 367.46 1456.08 394.74 0.274136
5 1352.31 15.45 1382.25 37.41 0.197558
4 1352.40 126.88 1370.37 141.31 0.236796
2 1152.48 916.93 1177.17 939.43 0.182402
4 900.62 503.73 918.70 520.84 0.159283
4 1730.84 244.85 1792.98 299.97 0.235611
4 1229.36 692.33 1254.99 712.35 0.168721
4 1674.79 650.40 1750.31 687.23 0.222695
4 830.32 1029.55 951.04 1077.22 0.457929
4 0.40 1052.56 53.58 1077.28 0.141059
4 1314.70 313.19 1346.51 345.07 0.182798
4 1222.24 113.62 1251.01 134.26 0.160727
1 1605.05 460.77 1623.85 487.96 0.149974
4 286.85 380.30 303.70 393.47 0.173816
1 1138.30 759.42 1149.58 779.22 0.208063
4 1335.94 92.28 1356.38 107.40 0.183043
4 1434.07 420.38 1459.65 442.77 0.191796
4 1436.45 70.84 1474.09 84.23 0.166377
4 362.16 361.35 435.64 407.91 0.127914
4 696.11 98.97 724.96 118.97 0.148918
4 1262.05 16.29 1286.99 37.37 0.143705
6 187.25 753.16 735.48 1077.55 0.147827
6 869.63 915.76 1010.87 999.63 0.126649
4 1674.03 595.32 1715.08 624.17 0.160372
4 306.02 94.22 343.40 118.45 0.154381
4 382.07 129.19 423.03 150.36 0.195506
4 204.04 910.10 233.71 927.40 0.112981
4 1156.98 369.00 1176.10 390.54 0.191554
4 1329.36 107.77 1349.62 123.91 0.155259
4 491.11 498.74 530.53 536.66 0.128407
4 1181.98 35.16 1201.55 47.64 0.173722
4 1168.40 405.42 1182.84 418.63 0.080187
4 1415.00 71.70 1432.92 83.00 0.190531
6 971.97 258.71 993.28 294.47 0.126835
4 1714.62 632.79 1734.12 652.46 0.116442
4 1739.92 1031.90 1773.89 1054.70 0.091002
4 22.54 1033.18 48.37 1048.17 0.097324
1 1393.14 542.83 1426.68 581.54 0.135590
4 1325.11 236.26 1372.33 270.09 0.129156
4 1683.96 248.95 1702.20 271.69 0.159185
4 1242.69 121.49 1255.42 136.95 0.152611
4 1401.66 59.39 1430.54 81.00 0.107543
9 1699.26 165.94 1731.56 195.59 0.101583
4 362.30 368.93 387.95 406.51 0.127970
4 1165.12 405.64 1185.56 428.49 0.114685
4 830.53 1030.57 864.46 1076.94 0.136096
4 1450.77 105.19 1473.73 120.38 0.143139
4 524.19 453.76 551.60 482.86 0.104103
4 1384.75 342.16 1415.13 369.37 0.192169
1 1183.61 749.36 1197.05 772.21 0.172251
4 1298.89 337.23 1321.87 357.16 0.209015
5 1259.49 95.36 1297.70 130.69 0.121750
9 1276.62 745.33 1308.99 835.39 0.101357
4 1053.71 314.87 1098.92 347.13 0.110292
4 1454.13 377.42 1476.61 395.91 0.150688
4 1825.89 978.32 1915.29 1011.84 0.113324
4 1374.53 281.15 1392.91 297.04 0.158466
4 880.43 489.64 919.18 522.65 0.143446
2 1090.43 437.73 1105.43 465.48 0.109457
4 1359.11 257.85 1376.80 275.20 0.145939
4 772.02 121.24 816.42 163.80 0.089278
2 1137.52 757.41 1172.16 779.31 0.093473
4 1267.35 288.33 1298.36 309.84 0.236476
4 1375.97 279.98 1428.94 301.12 0.153289
4 1889.24 244.23 1901.70 260.89 0.085910
4 586.39 345.62 621.37 381.50 0.095374
4 1119.51 337.76 1132.03 364.18 0.115502
4 346.86 138.96 375.01 162.45 0.128520
4 1529.59 249.56 1540.25 261.88 0.115762
4 1103.37 121.43 1163.94 149.90 0.083065
4 1361.51 149.37 1376.99 161.16 0.093328
6 862.75 964.63 964.53 1012.87 0.114749
4 1339.18 327.09 1368.15 346.65 0.153841
2 1082.91 439.11 1098.08 465.00 0.101526
4 1127.69 230.46 1151.54 263.69 0.111200
4 1530.96 249.58 1588.55 282.09 0.088959
4 469.18 81.07 509.82 107.98 0.107184
6 1078.58 14.07 1130.56 45.48 0.110596
4 1319.96 251.53 1355.58 271.79 0.131472
6 1581.01 224.81 1718.06 327.32 0.142299
4 957.06 393.19 1012.53 414.22 0.098849
6 1756.78 259.54 1789.93 299.15 0.113025
6 1247.67 745.47 1308.56 850.17 0.120182
4 1784.18 251.30 1803.89 266.35 0.106540
4 507.52 475.08 540.09 505.92 0.097479
4 1730.26 243.89 1764.11 279.83 0.137351
4 1231.80 579.39 1249.68 604.83 0.080722
3 1604.72 461.77 1636.02 489.27 0.129354
4 1123.79 921.90 1142.59 938.68 0.124842
4 1303.18 359.00 1328.73 391.49 0.096824
4 1564.00 181.24 1579.91 192.15 0.127689
4 1373.91 115.25 1394.27 128.84 0.110522
2 1578.15 591.25 1590.69 613.53 0.107675
4 1805.32 210.66 1872.21 224.98 0.174454
4 1412.07 343.68 1441.77 358.33 0.181900
4 1311.14 377.97 1328.30 392.21 0.122775
4 1063.17 475.96 1109.15 514.78 0.105669
4 1181.31 879.49 1205.32 899.91 0.134127
4 1169.33 10.02 1187.83 30.89 0.125186
9 1290.44 290.08 1334.70 329.25 0.109825
4 1804.62 322.96 1841.06 359.24 0.123274
4 1699.22 1031.23 1779.42 1077.25 0.202346
4 1352.67 32.89 1387.98 49.59 0.085977
4 1018.45 196.25 1042.86 211.16 0.096940
4 965.93 91.98 985.75 109.40 0.091030
4 610.62 363.60 645.69 388.00 0.092610
4 832.05 805.08 850.63 828.65 0.085619
4 316.76 138.91 375.35 177.92 0.086861
4 974.33 461.93 1024.81 484.37 0.083919
4 1201.01 2.03 1234.95 20.83 0.137056
2 1490.95 136.18 1499.06 149.46 0.101304
2 1140.09 759.42 1150.58 778.87 0.086901
2 1735.26 270.11 1750.50 294.57 0.099740
4 1450.76 103.38 1505.59 130.63 0.108732
2 1091.49 258.13 1107.06 288.98 0.091442
2 949.73 434.04 1009.68 463.43 0.080143
4 407.70 313.37 451.25 344.54 0.090991
2 1227.48 599.27 1240.63 622.27 0.083914
2 863.81 421.99 880.33 466.71 0.082211
2 1603.97 447.88 1624.48 488.48 0.095535
4 124.60 68.73 188.91 101.86 0.118909
4 976.92 460.24 1003.69 479.49 0.092239
4 1324.12 397.66 1339.02 412.94 0.093515
1 1870.65 528.07 1881.52 544.44 0.094276
4 1325.07 405.36 1353.78 433.09 0.084534
4 1760.97 235.71 1780.05 250.50 0.108883
4 1847.82 212.27 1872.97 223.32 0.175223
4 1245.42 226.65 1265.42 245.99 0.091742
4 1113.52 916.09 1176.97 951.99 0.083337
4 1260.08 93.72 1284.81 111.12 0.114169
4 1268.70 120.70 1284.69 136.28 0.113965
4 1628.43 146.50 1654.06 158.10 0.140387
2 763.27 584.14 805.05 643.56 0.105390
4 1184.20 164.76 1203.18 182.72 0.096569
1 1171.95 757.26 1185.00 773.62 0.138141
4 500.49 453.29 553.11 505.86 0.101885
4 2.78 313.20 45.00 343.88 0.122478
4 1272.80 194.37 1305.84 227.12 0.092832
4 1052.61 264.78 1077.53 281.56 0.087997
4 1803.79 212.23 1833.09 224.44 0.146268
4 1273.50 194.99 1291.99 215.09 0.087292
4 1401.78 310.07 1423.34 329.33 0.107158
4 1110.58 790.47 1134.55 806.83 0.093571
4 1018.92 195.77 1061.81 216.62 0.087893
6 1760.10 231.93 1802.48 267.10 0.123795
4 1181.78 31.75 1224.61 48.23 0.112423
6 1192.74 527.27 1239.35 619.38 0.087877
4 1603.90 395.64 1649.55 435.34 0.083911
4 1679.12 141.93 1705.07 157.81 0.110011
4 975.44 354.34 1009.18 370.41 0.081004
4 1787.09 269.07 1804.86 282.25 0.094145
4 9.66 108.59 36.49 125.96 0.101850
4 1729.32 255.49 1746.67 276.42 0.125467
9 1036.85 28.03 1089.81 43.82 0.109502
4 1530.51 249.69 1563.03 268.98 0.126576
4 522.12 500.59 556.29 530.49 0.083294
4 1322.85 286.48 1363.08 303.60 0.089513
2 1639.55 524.87 1650.81 547.90 0.095662
4 1463.00 72.25 1479.89 84.45 0.098283
4 700.98 270.65 740.50 299.07 0.085693
4 1832.96 337.78 1845.40 360.04 0.085182
4 1673.39 601.52 1734.32 652.28 0.122062
4 712.96 251.84 754.61 276.79 0.089347
4 1262.75 112.36 1292.00 130.95 0.088250
6 1036.99 26.32 1131.61 45.96 0.102987
4 1570.35 1029.25 1780.59 1077.46 0.104550
4 1143.07 126.43 1165.42 142.75 0.089336
2 1260.36 256.72 1913.14 1069.15 0.094680
4 1689.64 75.89 1706.95 88.94 0.118952
4 1765.79 184.45 1783.34 197.39 0.082370
1 1154.62 758.73 1170.07 776.17 0.155203
2 1894.65 548.08 1909.50 565.39 0.091567
6 739.23 58.50 830.94 92.19 0.116197
4 685.18 28.22 709.14 43.27 0.082756
10 606.12 845.06 660.67 944.73 0.092968
4 34.27 99.72 85.87 129.55 0.083335
4 1460.38 119.44 1480.20 130.63 0.185922
2 1059.35 432.87 1076.24 468.53 0.103458
4 1227.44 32.36 1249.79 48.64 0.086643
6 1303.83 99.25 1338.50 125.48 0.088562
4 1348.79 452.36 1394.02 483.95 0.097777
2 1154.64 758.89 1168.95 776.46 0.125425
10 576.18 844.56 692.36 978.31 0.082151
2 1119.29 753.91 1133.57 793.69 0.089667
4 1406.04 290.16 1430.38 305.94 0.080709
4 1084.70 777.02 1132.58 806.71 0.090296
4 1789.13 757.31 1845.39 792.07 0.104721
