1 641.58 741.22 661.88 786.94 0.335661
4 344.36 335.07 425.83 377.43 0.258032
4 705.84 531.30 731.29 576.87 0.166458
4 374.67 764.81 437.88 787.54 0.185345
2 810.90 507.98 904.41 595.42 0.169237
10 464.29 655.50 517.00 719.33 0.183206
4 441.42 671.85 494.40 731.96 0.126810
4 741.52 569.10 767.66 588.02 0.154835
4 671.86 742.00 716.73 787.27 0.163907
4 755.62 763.37 782.92 787.40 0.182049
4 740.52 528.14 769.04 588.13 0.159464
4 1138.82 719.68 1185.06 761.21 0.173110
4 707.08 559.39 729.93 575.93 0.142551
4 670.45 733.03 784.42 787.40 0.123551
10 441.24 630.47 545.99 731.79 0.127391
4 644.24 585.47 675.26 620.10 0.140791
4 1139.25 693.85 1275.87 786.32 0.124565
1 861.53 517.16 902.17 591.96 0.144387
10 501.62 639.70 545.28 695.77 0.137357
4 717.43 757.60 750.78 787.37 0.150133
4 1141.66 763.42 1196.04 786.99 0.109450
5 590.07 572.06 639.63 633.17 0.110334
1 811.46 512.43 859.68 594.23 0.140452
4 1258.32 696.81 1300.75 718.94 0.122083
4 344.75 348.62 367.94 376.20 0.088758
4 1238.11 695.21 1282.57 718.61 0.143148
10 739.94 502.42 772.06 589.82 0.109665
5 1054.59 526.76 1155.26 576.51 0.097411
5 702.41 511.39 733.21 591.65 0.114854
1 672.28 733.01 716.92 787.30 0.130800
10 562.91 588.07 611.44 655.70 0.109178
1 458.48 433.92 469.39 480.58 0.085353
4 1183.34 694.71 1266.87 748.34 0.085932
6 1054.36 525.89 1166.07 577.28 0.080668
