4 1098.19 331.30 1134.27 375.55 0.568966
4 1055.25 154.57 1087.76 189.18 0.556502
4 1213.71 183.79 1251.05 229.43 0.555953
4 1098.00 150.67 1131.72 190.65 0.549099
4 587.81 349.88 643.11 388.95 0.499164
4 538.82 321.75 587.60 356.76 0.465735
4 992.58 545.63 1033.13 603.71 0.526054
4 333.57 207.45 376.94 238.22 0.461099
4 1107.85 390.70 1145.24 440.75 0.546111
4 439.32 298.71 491.41 336.55 0.456704
4 89.19 71.70 129.99 102.86 0.408483
4 384.16 233.57 428.35 268.16 0.448684
4 673.41 435.49 728.71 482.72 0.483291
4 259.28 223.76 310.06 259.97 0.403284
4 101.23 136.08 147.34 167.17 0.394862
4 488.40 290.02 540.82 328.24 0.412026
4 242.54 157.94 289.90 191.40 0.406589
4 862.04 540.11 910.79 602.99 0.445570
4 429.32 258.42 484.18 299.00 0.414933
4 214.12 197.44 263.68 233.47 0.388402
4 262.48 197.11 310.35 230.03 0.387001
4 9.46 26.75 44.37 51.93 0.416327
4 38.87 97.31 80.74 128.50 0.339218
5 1068.99 460.16 1175.59 620.98 0.345987
4 1.34 76.62 43.37 107.66 0.375103
4 193.09 128.14 239.25 162.31 0.375994
4 958.40 698.90 1013.01 778.77 0.399013
4 154.88 108.55 198.00 141.07 0.373096
1 783.84 52.95 797.34 72.85 0.269178
4 119.55 167.48 171.89 195.33 0.341162
6 261.99 470.98 608.41 787.32 0.215346
4 166.46 440.76 203.36 471.88 0.295496
4 617.12 746.82 694.46 787.69 0.247076
1 680.33 223.52 692.61 245.39 0.256140
5 86.69 606.33 184.50 689.75 0.245367
2 905.86 322.22 933.32 354.55 0.308562
4 544.55 240.03 560.50 256.69 0.195803
2 595.32 168.29 698.29 246.71 0.223549
6 632.43 272.51 868.12 358.06 0.257780
1 528.70 56.92 539.46 75.01 0.218501
2 686.77 13.19 837.26 76.88 0.184473
2 609.36 169.05 642.85 210.54 0.180606
1 568.14 217.81 578.95 237.61 0.230264
3 830.97 536.36 848.62 552.65 0.160901
1 822.45 48.98 834.27 70.56 0.266633
4 1185.90 330.11 1233.66 372.31 0.332117
6 396.38 657.91 530.61 787.29 0.197847
5 819.29 0.01 928.86 47.11 0.184903
1 596.18 193.97 606.30 211.30 0.219409
1 517.85 144.44 533.56 168.27 0.210460
3 651.15 453.37 680.91 478.40 0.197460
4 140.79 574.02 165.76 594.21 0.158193
1 712.14 13.95 724.20 35.52 0.139141
4 206.52 233.39 261.10 283.44 0.164915
2 688.57 13.37 725.41 42.76 0.173476
7 114.06 99.67 153.41 133.91 0.129056
1 954.08 510.96 969.89 533.17 0.159994
6 0.24 133.72 62.55 278.48 0.144963
1 665.32 209.75 673.44 225.44 0.199023
6 284.02 732.96 398.99 787.59 0.142130
4 1171.04 271.24 1181.53 284.33 0.118411
4 119.19 167.37 142.55 183.82 0.180921
5 36.34 221.19 177.64 327.49 0.214389
1 441.81 12.30 457.90 34.99 0.183577
4 1185.63 264.82 1255.92 373.20 0.182559
4 1069.09 579.66 1119.02 620.52 0.168687
4 171.09 222.82 193.09 241.46 0.133472
4 209.31 24.21 239.87 42.38 0.219317
4 262.53 197.25 281.85 214.02 0.114628
4 327.19 88.19 346.66 104.23 0.138312
4 878.21 500.54 890.07 512.48 0.114736
1 723.35 40.99 733.01 55.45 0.171389
2 322.41 1.22 459.72 61.57 0.153346
4 458.89 197.64 485.79 224.50 0.165909
4 246.56 323.63 300.14 360.49 0.215100
1 528.70 387.92 539.66 406.41 0.109226
6 480.38 533.02 607.28 693.50 0.139542
1 610.80 171.30 620.58 189.80 0.165809
1 472.44 112.95 482.75 130.60 0.189623
2 468.75 110.92 701.46 247.21 0.109109
2 770.93 463.52 785.87 481.87 0.129282
1 363.78 40.31 373.19 58.16 0.172846
4 38.50 278.82 86.00 324.45 0.160907
3 20.73 201.40 60.37 234.86 0.147647
6 421.07 398.26 546.38 516.11 0.120514
2 630.52 169.62 639.90 183.14 0.113066
4 630.07 335.25 644.56 348.93 0.122104
6 0.73 660.87 239.46 787.38 0.121663
2 350.36 16.56 361.62 31.85 0.124203
4 14.59 625.88 36.76 648.39 0.110030
9 128.36 0.00 325.41 85.48 0.090550
6 36.93 249.84 126.86 326.88 0.137777
4 143.61 207.11 192.77 241.59 0.181725
4 673.43 435.49 696.94 460.55 0.086929
4 860.46 425.55 876.13 438.23 0.102746
6 881.73 6.12 927.37 46.04 0.129846
6 0.37 672.50 93.93 785.46 0.086767
4 202.96 245.97 221.61 273.12 0.127974
2 379.85 42.90 388.18 55.08 0.168149
4 341.35 275.19 358.43 288.70 0.131615
4 89.66 612.85 107.40 628.34 0.104178
4 613.59 636.34 628.85 649.49 0.100575
1 626.19 196.71 634.40 209.46 0.180515
1 687.00 204.92 697.22 221.67 0.182556
4 1173.73 430.57 1192.56 461.16 0.158347
6 87.19 606.72 126.81 644.38 0.093295
2 689.30 23.35 697.26 35.42 0.133106
4 845.02 473.56 857.87 486.38 0.112266
2 665.38 208.51 695.04 246.11 0.088027
2 799.39 112.49 826.22 147.47 0.114656
9 249.19 73.72 341.67 150.54 0.101355
6 133.17 642.86 184.04 689.20 0.108074
1 629.37 169.61 642.03 194.55 0.147710
6 113.83 222.24 176.40 271.21 0.085203
2 296.18 91.22 305.26 105.39 0.101300
2 696.09 24.89 707.58 39.37 0.115949
2 326.79 0.00 351.34 23.67 0.087025
4 1182.52 501.92 1205.70 532.69 0.118412
4 198.02 689.32 231.28 725.06 0.081413
3 1174.09 419.10 1224.31 461.48 0.121623
3 322.85 17.20 341.62 36.66 0.084965
6 358.83 614.80 411.51 673.75 0.100969
4 1319.31 117.33 1337.82 139.93 0.093953
4 1185.63 490.56 1232.81 533.03 0.106574
2 800.18 129.30 817.52 146.88 0.101066
4 16.28 473.31 58.09 506.83 0.100100
2 782.95 48.08 834.87 75.22 0.093745
1 670.95 361.50 683.18 385.09 0.087529
4 254.56 75.50 286.56 103.04 0.137588
2 617.79 181.94 638.24 199.48 0.108245
6 127.57 0.60 226.64 53.13 0.085605
6 127.10 0.56 343.78 152.09 0.157664
4 0.91 2.04 25.68 31.17 0.105083
6 259.39 613.65 412.56 785.37 0.084933
2 462.43 9.04 841.16 255.14 0.120900
2 808.89 129.68 817.77 142.94 0.132833
4 138.89 662.52 155.74 678.15 0.081267
4 0.66 493.08 36.96 526.84 0.097354
9 458.46 197.06 558.28 252.28 0.086600
6 76.93 301.07 172.89 383.57 0.098702
1 667.33 181.94 674.43 193.44 0.186743
2 819.46 478.09 828.82 493.97 0.080101
4 296.68 530.51 311.52 546.40 0.090315
4 8.62 106.65 56.33 137.08 0.347424
4 159.90 240.52 176.14 258.03 0.101679
6 145.97 751.34 239.04 787.58 0.083045
2 628.56 181.98 639.61 196.05 0.118858
2 800.15 133.59 808.48 146.01 0.122986
6 178.44 510.95 283.43 608.04 0.101406
1 512.69 270.37 522.44 293.01 0.098633
4 36.56 452.47 83.87 487.89 0.092278
4 539.69 243.20 609.94 279.11 0.117759
2 789.17 57.49 798.95 72.51 0.090469
2 704.36 26.97 713.97 41.86 0.109874
2 831.68 13.49 845.22 32.21 0.090942
4 1.33 76.45 80.87 130.10 0.093221
6 820.39 0.00 893.71 28.89 0.083882
4 723.44 554.15 754.02 593.19 0.084790
2 714.18 16.08 724.43 36.44 0.096033
1 817.43 112.64 825.42 126.27 0.159103
6 0.65 219.80 178.71 386.34 0.096345
1 605.56 261.52 615.09 277.58 0.130343
4 1207.50 287.56 1221.05 303.60 0.096956
2 284.47 90.80 305.51 112.64 0.105653
6 72.24 388.35 452.21 704.65 0.083641
4 69.85 55.87 80.21 66.29 0.086412
4 218.07 1.49 232.59 16.47 0.102112
6 1068.76 418.96 1223.83 620.49 0.093055
4 0.71 0.66 45.39 52.90 0.098136
4 522.66 233.52 560.54 262.36 0.119090
6 566.90 733.31 694.60 787.68 0.091473
4 62.81 428.11 96.80 453.38 0.088166
3 526.38 58.49 543.16 85.77 0.093029
3 568.16 222.03 580.09 237.57 0.097273
6 720.58 0.00 928.73 48.14 0.091495
9 720.56 0.34 857.38 36.49 0.082217
5 1185.85 175.55 1292.82 373.25 0.116285
3 1185.30 448.17 1257.35 533.06 0.119485
