3 238.43 587.56 290.50 615.80 0.435493
4 799.99 0.06 829.79 23.20 0.442798
1 501.21 432.32 515.79 465.97 0.396179
4 731.16 493.98 783.31 607.81 0.423944
1 527.25 363.69 542.39 392.87 0.329442
1 1183.79 578.30 1210.21 625.08 0.294307
1 915.72 556.56 932.93 587.61 0.357315
2 305.38 590.92 362.81 615.93 0.387630
5 1054.78 601.89 1305.59 787.33 0.347676
1 929.70 550.50 944.63 584.22 0.330747
2 915.94 550.56 944.26 587.94 0.195979
1 516.70 425.83 529.73 456.18 0.318087
1 290.88 449.00 304.95 469.59 0.242755
2 284.88 448.31 328.08 475.90 0.233001
3 1182.97 589.95 1209.94 627.27 0.180517
2 526.96 362.90 555.96 393.56 0.200383
7 416.09 657.38 473.91 743.74 0.151513
1 542.17 364.24 556.22 391.19 0.247515
5 561.07 431.65 639.56 538.91 0.199241
1 1073.20 771.67 1089.89 787.38 0.203958
1 339.45 244.18 354.76 270.49 0.154743
1 620.26 228.15 680.65 304.64 0.166695
4 596.14 451.53 634.52 513.44 0.136312
1 356.80 239.22 372.50 255.75 0.134370
4 562.39 431.93 638.87 515.73 0.184815
4 1273.21 366.27 1297.80 384.22 0.136183
6 1084.88 637.61 1290.19 787.31 0.155801
3 425.14 695.93 456.62 742.85 0.174096
3 1159.62 570.99 1185.47 595.64 0.201684
1 889.86 39.66 901.77 55.31 0.142690
3 882.97 623.37 920.15 691.55 0.164986
1 866.87 307.76 880.73 361.92 0.142727
4 650.73 461.14 700.97 517.17 0.136290
6 1021.21 733.75 1106.25 787.37 0.114768
4 340.95 450.52 354.89 460.99 0.088574
1 836.31 37.46 850.03 67.94 0.148061
3 1154.24 554.71 1178.90 573.40 0.128906
2 314.85 452.17 327.61 464.25 0.132289
1 310.08 267.39 327.97 283.45 0.138529
1 906.87 589.68 926.36 627.54 0.175116
1 859.00 268.52 873.11 313.34 0.127043
1 847.77 89.57 860.29 117.71 0.122622
4 1242.73 707.46 1298.74 752.35 0.204615
1 887.98 589.44 927.13 691.59 0.119744
3 583.72 503.33 615.15 539.48 0.140660
3 202.77 663.31 222.90 683.71 0.122539
1 701.56 57.59 717.58 94.75 0.118862
6 232.89 624.12 316.29 722.56 0.124554
4 1226.50 432.35 1257.36 446.58 0.126948
4 382.22 281.34 393.09 297.11 0.095232
2 232.80 578.80 245.10 598.57 0.107051
1 302.12 455.88 315.95 475.25 0.189456
2 858.86 270.91 881.72 362.27 0.080909
2 1160.05 557.74 1176.62 580.66 0.117905
2 500.98 425.55 529.79 467.08 0.114633
6 555.70 430.72 640.75 629.67 0.116560
2 697.96 435.23 712.69 479.05 0.091811
2 297.79 266.94 328.30 291.09 0.124454
3 112.28 720.09 194.30 769.65 0.137344
1 679.52 574.53 697.07 627.53 0.135479
1 532.80 426.99 544.38 460.84 0.107706
1 689.26 488.06 702.48 519.26 0.115949
2 303.34 453.47 320.36 475.04 0.127264
4 1269.99 726.08 1298.57 751.05 0.140900
2 671.30 97.73 681.39 110.57 0.085874
1 1168.21 565.71 1185.04 590.66 0.126149
2 669.53 574.06 698.23 631.60 0.089986
2 338.60 242.26 348.71 261.00 0.105359
2 1051.12 768.59 1102.22 787.49 0.123069
1 362.30 64.11 383.61 102.47 0.091574
2 656.76 91.61 667.93 110.81 0.097506
2 1327.32 31.40 1354.84 72.61 0.089610
4 530.84 464.01 561.86 503.09 0.085093
2 1051.55 769.73 1071.83 787.77 0.127497
6 1077.43 582.08 1172.52 670.80 0.096354
4 210.64 602.85 233.32 631.54 0.090007
1 869.70 92.57 880.35 119.85 0.102787
1 1228.30 531.24 1243.88 561.68 0.115444
2 1169.55 569.34 1184.98 590.58 0.080076
5 630.71 512.07 694.28 625.82 0.113821
4 1128.38 623.15 1161.42 648.68 0.088156
2 1155.10 555.53 1185.69 592.91 0.144443
2 1232.65 539.65 1259.14 585.15 0.096175
4 208.08 640.21 220.30 656.13 0.080310
2 513.13 362.69 556.92 463.39 0.089241
2 284.08 458.06 294.92 470.16 0.117385
2 339.37 238.52 373.32 269.72 0.105154
2 1153.95 554.77 1210.52 626.41 0.096059
3 917.98 573.00 930.95 588.66 0.099251
4 1089.65 482.57 1109.00 495.70 0.084383
2 228.02 578.87 245.39 615.70 0.115898
4 943.60 0.00 968.48 9.37 0.125041
4 1127.26 623.84 1171.52 669.98 0.098434
4 1268.22 725.99 1316.47 766.00 0.094959
3 336.44 592.56 362.57 615.73 0.096313
2 297.36 238.25 373.57 291.46 0.119031
2 679.96 574.15 695.67 610.48 0.086656
7 584.31 454.32 634.29 538.27 0.128909
3 1176.06 665.88 1216.19 703.44 0.107114
3 174.35 658.10 223.08 684.21 0.132960
2 1198.26 582.91 1210.63 604.79 0.096167
4 1108.43 609.57 1124.56 623.80 0.105352
3 132.66 717.96 194.21 746.58 0.192923
