4 812.33 288.71 844.02 319.44 0.485066
4 527.69 16.08 550.37 35.29 0.450401
4 738.34 117.36 767.19 138.14 0.431738
4 903.50 449.84 946.35 493.63 0.421239
4 1076.64 469.52 1127.02 521.31 0.407374
4 729.57 211.63 750.21 234.65 0.457929
4 774.20 226.24 803.34 249.20 0.466363
4 639.18 126.64 665.02 146.55 0.418467
4 622.81 37.78 647.52 54.69 0.414050
4 645.54 100.17 667.45 118.68 0.430436
4 776.84 147.71 804.75 169.31 0.379837
4 857.75 182.46 901.07 220.57 0.281488
4 916.39 402.22 935.70 426.79 0.394617
4 655.01 19.77 675.79 36.41 0.380743
4 934.18 291.64 968.35 321.92 0.304243
4 1335.53 31.30 1350.29 43.00 0.315522
4 626.72 1.26 643.55 15.59 0.299390
5 897.92 243.38 956.86 303.67 0.306589
4 936.00 238.14 987.23 296.50 0.297848
4 789.78 132.77 822.28 155.54 0.391360
6 897.85 237.98 987.37 322.09 0.180814
4 1015.52 556.40 1104.14 660.84 0.220675
4 570.48 0.00 586.64 7.23 0.314716
4 600.77 702.41 637.62 741.70 0.283030
4 957.63 270.36 987.25 296.10 0.258107
4 498.96 34.01 518.15 58.72 0.248609
4 885.15 19.25 914.25 35.37 0.244074
4 565.78 85.35 581.16 106.40 0.243010
4 610.31 702.59 625.53 717.57 0.168520
4 1269.02 189.61 1284.98 202.51 0.154326
4 620.88 725.21 633.51 741.04 0.140986
4 1282.98 211.16 1331.69 229.16 0.159726
1 516.24 553.93 549.31 603.63 0.152885
4 1095.48 499.36 1126.62 520.69 0.130911
4 1171.04 278.82 1190.12 292.33 0.113069
4 1031.59 188.40 1050.43 205.04 0.170911
5 599.77 648.99 665.42 743.08 0.128894
4 878.87 19.96 933.69 69.64 0.180928
4 1327.73 52.81 1349.06 76.45 0.121523
6 875.94 17.11 934.44 92.60 0.147470
4 902.79 123.82 943.44 149.62 0.136137
4 1338.49 237.72 1371.56 293.21 0.163919
4 601.13 720.59 612.62 735.08 0.097937
4 1350.18 79.17 1372.56 98.03 0.133289
4 834.84 389.39 848.38 409.28 0.160076
4 730.48 459.13 742.59 471.65 0.100559
5 878.50 32.84 931.70 70.53 0.131743
4 795.29 369.65 806.23 383.69 0.092893
4 234.60 2.88 254.23 18.98 0.110177
4 716.99 450.52 742.89 472.08 0.139812
4 1001.22 30.34 1016.55 44.54 0.110697
4 1316.25 41.20 1346.40 73.55 0.087949
4 922.17 133.81 943.89 149.49 0.157785
2 519.36 584.76 529.82 602.01 0.093354
4 1293.21 164.00 1307.24 176.16 0.105506
4 1352.90 321.94 1369.45 336.69 0.098757
4 374.40 0.23 404.74 14.77 0.142650
4 989.25 30.49 1021.81 70.70 0.083584
4 1281.45 25.66 1295.38 36.82 0.123520
4 1317.44 42.44 1328.53 55.64 0.104986
4 934.51 1.82 955.41 24.16 0.089969
4 879.37 68.54 897.67 81.78 0.135000
6 1282.23 187.38 1333.21 228.70 0.104262
4 1298.55 34.04 1317.48 47.86 0.107534
4 644.22 173.31 667.13 187.94 0.081488
5 936.16 237.98 978.34 274.46 0.118538
4 1136.42 294.88 1177.57 325.80 0.104073
4 882.93 194.51 896.49 206.84 0.097145
4 792.15 371.14 808.69 394.53 0.091182
4 1314.69 402.63 1336.31 422.88 0.090668
4 302.56 0.42 320.70 11.57 0.087227
4 877.67 194.94 900.85 220.28 0.195528
2 518.70 582.55 547.13 604.62 0.096811
4 902.48 123.90 921.00 138.94 0.117189
9 876.22 42.82 932.80 93.76 0.099830
4 1374.56 52.04 1399.21 72.42 0.261290
4 1372.40 325.12 1399.70 348.62 0.160952
6 1373.28 42.56 1399.44 72.81 0.084933
4 663.13 25.28 676.03 36.16 0.084136
