4 657.26 616.66 749.97 696.85 0.483369
4 752.09 25.11 866.79 129.70 0.502269
4 411.74 545.63 478.58 621.36 0.433977
4 709.04 188.06 800.38 272.77 0.399012
4 553.69 741.06 617.96 787.50 0.461236
4 25.44 376.85 117.00 430.11 0.432174
4 546.67 48.22 608.46 88.78 0.330089
4 666.41 436.14 801.80 546.30 0.362539
4 440.72 346.48 518.85 402.41 0.401510
4 480.66 201.41 539.97 240.84 0.377832
4 601.36 553.27 693.15 632.37 0.406381
4 154.74 114.70 220.59 152.35 0.353697
4 270.61 405.99 318.47 458.60 0.374932
4 2.23 310.03 80.47 360.29 0.403667
4 29.13 176.47 98.47 214.07 0.357301
4 518.39 283.10 624.10 358.34 0.351974
4 108.67 333.56 200.20 393.32 0.329880
4 255.09 470.10 320.26 546.46 0.308743
4 578.39 512.73 674.41 592.75 0.348161
4 439.94 89.91 497.93 122.87 0.336771
4 536.85 459.65 619.82 529.89 0.345885
4 476.57 394.95 552.89 454.25 0.362955
4 424.01 313.81 505.23 376.30 0.363484
4 304.07 385.82 358.58 444.82 0.358374
4 97.99 468.29 151.11 530.61 0.361269
4 167.49 36.16 224.55 66.26 0.327804
4 115.17 712.08 220.65 786.89 0.333115
4 69.79 630.06 178.72 711.45 0.339976
4 210.46 186.35 273.18 230.67 0.303758
4 164.78 754.03 237.42 787.11 0.320240
4 362.93 564.09 435.27 653.83 0.332914
4 338.44 251.95 415.66 298.27 0.343386
4 143.80 448.80 196.01 508.08 0.354028
4 470.98 119.33 498.90 149.51 0.319581
4 760.09 227.25 868.04 319.19 0.310353
4 265.27 274.87 346.75 334.51 0.278028
4 68.65 541.25 139.00 631.98 0.312574
4 500.28 416.21 577.25 476.40 0.354108
4 428.72 75.28 487.39 105.52 0.312188
4 94.78 675.29 194.77 752.09 0.358505
4 514.10 427.53 602.74 500.61 0.313182
1 740.99 0.65 752.83 22.55 0.303954
4 432.72 161.31 500.42 206.99 0.270593
4 1099.18 660.85 1224.70 787.48 0.314065
4 10.48 149.88 90.53 200.49 0.257788
4 29.43 573.02 92.84 653.26 0.311949
4 64.71 240.26 134.42 281.99 0.294114
1 1060.38 448.47 1080.42 472.14 0.238661
4 120.84 523.75 190.06 610.40 0.286533
4 332.94 48.79 389.30 90.52 0.207726
4 239.24 240.05 314.02 287.89 0.313071
4 452.57 180.17 517.30 224.67 0.314349
4 192.27 174.29 259.18 216.46 0.305240
4 325.38 236.84 395.22 276.78 0.295602
4 114.26 34.49 160.83 62.13 0.287301
4 228.86 222.72 299.34 269.84 0.269524
4 175.59 143.11 241.04 180.97 0.260364
1 1264.30 374.61 1279.03 398.10 0.269905
4 166.29 499.93 233.57 585.99 0.270531
4 266.02 150.34 330.10 185.98 0.263857
4 343.16 66.32 402.63 105.85 0.246229
4 239.44 123.08 300.44 150.43 0.258858
4 278.31 168.26 343.03 201.10 0.189382
4 245.49 260.66 325.47 313.16 0.308971
4 574.35 78.04 625.84 111.09 0.232950
4 366.00 91.52 417.70 129.99 0.246355
4 218.96 411.87 284.54 484.12 0.282915
1 1007.41 384.04 1038.07 442.33 0.194278
4 1220.60 3.83 1254.28 46.50 0.354235
4 900.45 362.48 946.54 413.87 0.275254
4 583.88 356.80 693.19 449.72 0.294308
4 394.61 124.10 448.95 159.04 0.264458
4 924.65 387.32 977.76 451.34 0.253890
4 286.98 183.95 354.17 222.97 0.261595
4 104.38 309.87 195.91 354.09 0.258667
4 549.32 167.87 609.60 216.52 0.252583
4 300.47 198.71 386.20 253.81 0.219516
1 904.16 616.49 917.93 635.46 0.228881
4 411.15 130.60 479.04 192.16 0.196884
4 347.19 0.00 376.50 15.02 0.211077
5 786.11 247.99 899.98 344.33 0.302814
1 1020.13 183.58 1039.28 215.51 0.176787
4 384.81 106.46 433.74 143.89 0.251980
1 1208.77 282.65 1228.38 316.68 0.192978
5 607.20 382.95 731.68 478.10 0.319681
1 306.14 661.54 322.30 687.37 0.176161
4 317.68 43.01 370.55 76.94 0.284504
1 1017.68 165.15 1049.84 225.45 0.133478
4 1.00 63.73 67.03 114.59 0.189636
6 1041.01 0.39 1199.58 151.04 0.203883
4 869.78 336.33 914.40 384.98 0.281247
6 760.38 226.81 899.61 344.68 0.126540
4 900.69 323.39 998.91 414.30 0.214985
4 836.04 299.71 882.76 359.49 0.233722
4 835.63 274.33 937.57 359.79 0.255300
1 974.66 590.88 986.26 609.53 0.181910
4 179.42 159.15 247.44 199.94 0.238669
6 708.54 187.31 1036.10 452.15 0.260964
1 372.02 121.44 383.01 141.68 0.191521
4 163.17 310.12 195.68 339.74 0.160454
4 618.65 121.93 645.57 146.69 0.169862
1 1027.80 431.98 1042.37 454.12 0.177411
3 1262.23 154.76 1278.87 174.91 0.152487
1 334.75 654.27 346.89 684.14 0.166156
4 546.61 86.19 593.68 113.52 0.195057
4 248.48 134.91 321.61 170.69 0.211820
3 1085.79 11.72 1109.30 29.92 0.133432
2 732.96 0.03 753.42 23.06 0.088770
6 708.66 103.27 731.63 123.78 0.099915
4 976.88 658.59 1011.63 696.85 0.134878
4 433.22 3.12 455.03 15.98 0.193861
1 894.99 644.76 906.81 663.75 0.173001
4 77.39 264.10 157.26 295.83 0.223412
3 1185.49 281.47 1228.52 317.50 0.175767
4 572.43 90.16 594.15 112.90 0.154946
1 253.23 536.52 267.41 558.79 0.142535
3 894.99 568.94 1019.74 671.20 0.125175
4 0.09 633.41 58.00 764.47 0.118033
4 72.57 274.84 158.62 318.46 0.205612
4 881.94 297.15 967.61 365.45 0.146918
4 40.52 70.24 67.37 105.58 0.154108
4 619.31 103.94 678.78 146.18 0.143940
1 1093.56 48.29 1111.34 68.86 0.113347
4 878.09 32.69 944.28 81.21 0.263986
4 175.60 121.78 416.72 336.64 0.101044
4 495.29 147.87 561.01 200.03 0.164604
3 1210.82 310.24 1237.38 346.46 0.134869
2 1080.16 121.66 1093.05 138.46 0.091864
4 1277.03 544.93 1303.14 582.15 0.131927
4 648.42 102.93 678.46 126.90 0.159601
6 218.91 410.87 320.68 547.24 0.092116
2 240.00 38.28 254.62 71.09 0.097744
3 923.43 697.38 961.17 736.61 0.082732
4 594.34 77.86 625.84 98.47 0.125052
4 1155.35 597.29 1172.14 614.22 0.080584
2 1003.48 163.44 1050.79 225.99 0.098456
6 494.94 143.67 609.29 216.08 0.100470
4 432.97 0.11 491.63 16.26 0.097765
6 583.01 356.28 801.97 546.55 0.097128
4 77.84 43.28 131.10 69.04 0.199742
2 967.75 378.64 1001.54 409.27 0.083334
2 125.96 242.26 135.95 263.53 0.093738
1 350.43 396.19 361.00 410.97 0.086862
1 305.09 653.34 346.82 688.80 0.163457
6 518.41 283.26 624.00 358.47 0.081320
6 1062.18 98.55 1130.38 151.07 0.154771
4 786.23 290.91 828.44 344.06 0.120172
1 1039.19 620.92 1052.77 642.66 0.130955
1 219.48 677.33 237.48 707.95 0.091760
4 1.92 28.97 1051.97 785.13 0.102189
1 1036.89 21.07 1048.47 42.80 0.100302
2 87.76 51.50 110.45 95.24 0.087899
3 64.19 569.96 113.53 648.62 0.096235
2 970.05 394.58 983.55 409.20 0.085308
4 470.52 7.64 494.50 17.46 0.087605
6 79.02 112.40 114.66 141.81 0.086025
2 261.66 87.41 275.04 114.79 0.099402
4 0.42 66.52 41.05 96.08 0.123778
6 1256.37 98.04 1280.16 174.48 0.095493
4 470.61 103.18 529.42 149.31 0.138376
4 900.87 51.25 943.89 80.03 0.176395
2 894.70 616.22 918.33 663.68 0.080660
1 878.15 12.58 888.39 32.98 0.100345
4 1185.16 281.99 1214.13 312.60 0.112021
3 891.91 642.49 934.34 683.57 0.091319
4 586.28 284.43 623.70 331.13 0.093006
4 71.03 288.35 106.85 319.55 0.127166
3 1060.20 450.37 1072.19 470.60 0.102789
4 399.88 12.77 420.66 25.49 0.119518
6 915.17 321.22 1033.10 451.16 0.117436
4 593.40 106.60 645.47 145.66 0.101862
4 1038.97 603.26 1069.21 645.18 0.093883
4 317.34 51.96 345.89 76.89 0.081241
9 1043.23 177.63 1132.85 231.05 0.080898
2 1027.69 432.02 1052.11 456.09 0.093674
5 759.90 436.70 801.74 491.08 0.101223
9 0.33 675.57 57.58 786.76 0.086393
3 1036.76 11.51 1111.16 43.28 0.092848
4 165.24 18.77 204.86 40.31 0.088668
4 0.05 538.64 22.39 604.66 0.348944
1 362.31 738.27 374.44 765.22 0.082495
4 650.94 103.53 705.95 135.48 0.128356
4 254.37 466.21 296.10 497.06 0.096329
4 842.60 15.41 870.65 32.76 0.083826
6 0.25 631.74 60.04 786.92 0.082281
4 364.39 81.11 542.26 242.05 0.092443
6 1157.26 258.06 1219.55 314.35 0.107006
4 759.95 261.64 804.38 318.19 0.083957
