5 390.19 467.29 506.27 535.51 0.643170
4 813.91 824.85 889.95 877.01 0.519314
4 1112.36 763.53 1179.32 805.07 0.551949
4 531.99 699.44 597.04 740.60 0.510396
4 813.82 892.93 886.94 944.24 0.525220
4 188.21 420.97 238.87 448.25 0.462519
4 904.22 717.40 965.86 754.77 0.552035
4 651.45 604.44 708.82 634.78 0.517805
4 330.71 496.11 381.41 523.46 0.469949
4 980.95 1280.74 1075.41 1359.50 0.444032
4 1815.70 1288.44 1943.68 1372.61 0.421401
4 1443.94 1120.87 1575.41 1205.85 0.513341
4 1497.13 903.12 1581.47 951.09 0.506487
4 1517.77 1063.78 1616.66 1129.32 0.481624
4 550.40 742.53 618.61 787.17 0.523051
4 894.40 1341.72 987.84 1402.25 0.465448
4 757.30 1267.38 825.11 1358.92 0.430084
4 54.76 374.28 100.16 398.80 0.481923
4 948.02 544.31 975.81 577.93 0.473755
4 472.70 576.15 530.51 607.88 0.481739
4 658.76 1017.81 720.24 1079.95 0.425996
4 528.26 662.69 592.35 697.11 0.487933
4 1206.88 998.53 1297.22 1059.37 0.400745
4 9.34 506.09 65.98 550.35 0.458391
4 668.58 639.48 738.35 678.81 0.462956
4 254.80 613.86 312.44 652.17 0.498649
4 1255.75 1061.63 1339.53 1120.24 0.483184
4 688.14 1292.17 758.67 1371.89 0.414171
4 813.09 1431.10 937.14 1499.54 0.403007
4 1761.92 1027.85 1874.70 1088.17 0.413625
4 714.17 1364.98 789.75 1452.13 0.432855
4 589.09 538.41 645.05 564.69 0.440684
4 1372.57 971.71 1462.33 1030.24 0.481547
4 896.28 1219.97 957.71 1283.20 0.373755
4 64.20 404.35 108.84 427.24 0.432073
4 0.23 421.01 20.52 443.35 0.395481
4 135.23 779.92 207.24 823.36 0.403493
4 1056.22 1377.34 1174.52 1466.80 0.388310
4 683.29 1200.05 782.63 1282.65 0.371035
4 1038.39 1427.14 1134.09 1499.29 0.343231
4 153.29 524.37 207.30 552.31 0.408635
4 0.11 736.59 99.04 828.47 0.427758
4 154.07 437.05 204.49 461.61 0.411715
4 1546.70 122.28 1580.33 137.67 0.312188
4 507.25 559.03 565.56 588.54 0.491908
4 174.52 551.35 223.42 585.62 0.409603
4 935.58 1231.77 1010.10 1329.43 0.337378
2 718.64 550.21 736.49 568.44 0.319787
4 135.91 451.19 175.48 476.25 0.388286
4 1359.61 88.69 1379.54 100.70 0.263868
4 938.79 1390.85 1019.51 1498.62 0.317196
1 1178.81 1115.15 1204.04 1140.23 0.217474
4 1936.66 183.32 1969.72 203.37 0.258615
4 653.55 1073.40 711.99 1161.25 0.286262
4 1313.40 81.25 1339.44 95.10 0.256184
4 0.00 483.56 11.15 500.80 0.252432
1 1178.95 1224.51 1207.55 1263.58 0.371492
4 785.82 1163.93 838.79 1258.83 0.317540
4 827.45 1186.65 908.96 1285.34 0.260529
4 595.41 975.75 613.49 991.24 0.159598
4 294.89 508.96 346.88 539.52 0.386423
1 1180.77 1421.79 1199.20 1459.32 0.282793
4 206.31 809.37 279.08 850.48 0.353242
4 0.17 921.77 89.60 1017.39 0.306572
4 658.75 480.64 700.63 503.67 0.302931
4 1422.86 89.97 1449.61 103.78 0.246386
1 1803.76 1398.54 1867.26 1453.67 0.216467
4 1016.24 1483.28 1071.24 1499.45 0.139379
4 1396.97 95.09 1413.86 105.40 0.249106
4 574.99 483.83 610.58 504.28 0.282049
3 94.66 1032.07 151.97 1089.81 0.258094
4 697.10 1467.41 747.70 1499.80 0.242713
4 1860.96 852.91 1998.57 915.43 0.163140
1 1813.87 891.78 1846.11 915.97 0.178558
4 1069.21 491.02 1094.87 510.28 0.255988
3 1081.80 1189.24 1106.77 1220.25 0.183931
1 1369.11 392.93 1389.26 430.66 0.190005
1 1528.23 1311.36 1569.05 1352.05 0.295534
4 434.52 389.72 500.27 421.06 0.249067
4 827.39 1229.12 875.32 1284.37 0.263716
1 767.67 973.83 793.33 1001.28 0.210477
4 0.52 359.01 33.54 392.54 0.163798
4 25.71 913.56 49.16 931.70 0.168962
1 1119.27 601.74 1141.27 669.55 0.195443
3 863.51 1160.59 881.86 1188.57 0.182704
4 895.64 463.09 908.86 477.32 0.152018
4 322.01 381.59 346.13 401.60 0.221680
1 1003.56 1125.52 1016.69 1154.57 0.174916
1 850.19 1106.30 878.44 1181.89 0.173654
1 843.84 1143.67 862.80 1180.07 0.166367
4 970.51 128.76 990.07 144.58 0.137487
4 152.24 950.19 181.17 970.70 0.212418
4 0.35 707.40 28.28 738.96 0.232178
4 1059.23 632.48 1079.78 653.06 0.150513
4 127.21 749.77 143.54 771.91 0.138454
3 1803.20 1409.78 1851.57 1452.61 0.134210
4 615.94 1311.21 644.53 1375.62 0.218306
4 394.50 338.59 414.05 363.08 0.089852
3 94.34 1069.90 111.07 1093.06 0.157840
4 32.99 794.17 172.89 853.07 0.118046
4 1236.42 242.26 1250.76 257.28 0.087939
4 1943.45 881.82 1999.02 914.85 0.168317
4 434.93 390.17 470.88 409.19 0.179328
4 943.51 386.10 968.79 408.58 0.139551
1 1071.18 1139.22 1090.18 1165.02 0.135365
3 1442.06 868.40 1479.57 911.99 0.200207
4 1861.38 853.21 1936.05 892.77 0.213489
1 1821.07 1411.10 1850.80 1452.87 0.170969
4 0.80 1018.90 20.96 1041.29 0.131599
1 1583.16 843.59 1614.16 867.26 0.214715
4 554.71 960.14 572.49 978.54 0.103778
1 618.41 872.08 638.06 937.48 0.247175
4 133.92 778.03 279.27 854.33 0.084601
1 45.28 1312.55 66.57 1339.31 0.182728
4 158.49 494.85 206.69 519.43 0.140109
3 1074.00 1155.99 1097.94 1194.82 0.091681
2 582.65 858.43 669.23 969.78 0.163987
3 853.13 1106.53 876.63 1133.53 0.108267
4 108.33 922.23 147.63 948.19 0.167645
4 541.55 1087.98 565.19 1109.05 0.107347
4 1264.78 1475.57 1289.71 1499.28 0.110456
4 579.86 1029.81 603.19 1047.61 0.107793
1 204.29 982.66 222.09 1007.52 0.146418
4 1381.84 134.77 1393.98 147.00 0.112307
1 582.25 857.95 608.80 940.23 0.169971
4 4.02 265.36 29.16 292.48 0.124727
6 0.55 736.22 172.63 853.19 0.122538
4 258.17 451.63 282.43 466.34 0.102539
3 1145.44 654.24 1165.53 675.98 0.141602
4 868.50 1185.68 908.89 1222.13 0.147007
4 588.77 540.65 610.87 561.75 0.153385
1 761.96 1203.25 780.87 1229.02 0.098679
1 1835.61 1406.76 1864.39 1436.90 0.119040
4 1017.47 687.68 1037.23 703.83 0.086474
4 850.80 1482.03 937.68 1499.92 0.174979
2 1071.93 1131.15 1128.52 1220.85 0.151537
1 1428.79 142.09 1440.89 162.72 0.124561
2 1447.11 118.05 1465.97 162.30 0.094880
4 658.16 484.07 676.19 503.78 0.122967
2 767.83 975.81 781.96 998.35 0.087835
3 1078.38 1150.14 1114.54 1221.60 0.088013
4 37.48 305.46 53.24 322.10 0.082508
4 384.50 489.18 409.32 508.80 0.175934
1 665.92 483.31 684.70 527.83 0.109890
4 194.41 698.38 215.18 725.42 0.111460
4 1674.53 119.28 1689.83 136.00 0.083157
4 129.91 930.60 147.83 951.11 0.091743
4 789.99 1203.35 824.49 1230.63 0.110014
4 1382.25 136.61 1406.40 151.76 0.125111
1 1096.09 1151.42 1111.45 1179.50 0.087892
4 940.05 432.80 955.76 447.35 0.110572
2 664.95 887.51 680.36 919.19 0.096850
4 615.84 577.66 650.82 597.98 0.084843
3 1908.83 874.57 1938.89 912.10 0.101339
4 1494.06 154.67 1524.66 172.43 0.099836
4 564.04 230.77 587.65 248.83 0.101434
1 234.33 1153.71 254.54 1175.32 0.091437
1 190.65 1414.70 211.21 1438.59 0.106630
4 0.00 284.52 12.19 305.48 0.146542
2 840.78 466.16 852.93 496.27 0.095521
1 1074.93 588.79 1089.39 611.93 0.089460
4 894.06 131.51 917.69 147.57 0.098110
4 696.08 983.51 720.38 1004.44 0.088634
1 372.99 1237.97 395.02 1262.05 0.092876
4 675.25 475.97 701.52 491.90 0.146975
1 688.30 906.69 700.07 943.79 0.094054
1 645.47 885.38 670.71 967.45 0.157534
3 1826.28 1427.33 1850.96 1453.64 0.084398
2 710.67 924.22 722.82 951.12 0.084023
4 989.50 110.53 1017.48 130.89 0.081142
4 693.79 1335.41 729.43 1444.98 0.093752
4 1405.52 188.91 1433.89 207.76 0.099714
4 86.85 307.29 141.61 335.09 0.096852
4 0.34 314.48 30.25 335.23 0.102711
4 19.10 977.79 89.39 1016.76 0.082073
4 1357.97 746.27 1410.41 769.63 0.118392
1 1101.10 563.34 1114.08 601.05 0.111408
4 1609.09 110.13 1631.78 126.33 0.089717
2 938.09 1339.08 961.65 1380.42 0.084284
3 1070.62 1130.23 1147.38 1232.75 0.112250
4 10.63 506.21 42.50 529.74 0.084470
3 672.83 1109.20 710.70 1175.55 0.086676
4 247.71 810.23 278.38 831.32 0.098620
4 1471.97 70.98 1498.28 86.78 0.096716
1 1149.17 278.49 1164.66 309.25 0.084101
4 95.66 1032.25 151.57 1082.66 0.083791
4 1218.90 57.10 1238.57 69.19 0.081260
4 1147.74 560.65 1182.06 578.96 0.087361
4 132.20 939.02 181.49 971.41 0.142882
4 270.28 380.06 302.19 405.91 0.082820
4 474.48 401.00 502.94 420.15 0.086350
4 111.81 827.67 172.62 851.51 0.115837
4 1882.43 24.46 1901.80 41.14 0.086944
4 453.98 497.86 506.48 535.18 0.083870
4 295.39 510.58 322.93 532.01 0.089412
4 1439.32 102.49 1462.18 114.13 0.117935
