4 595.11 431.50 613.59 459.49 0.453931
4 528.39 299.91 541.90 321.32 0.435396
4 641.92 613.35 658.72 646.60 0.517955
4 634.12 115.27 645.04 133.07 0.342168
4 635.73 280.68 647.42 302.37 0.367610
4 535.12 559.96 571.10 636.08 0.342115
4 518.87 737.21 540.88 778.15 0.426181
4 629.41 465.73 645.25 496.19 0.368587
4 636.90 351.79 651.10 370.70 0.385352
4 1249.91 342.06 1284.95 360.80 0.376883
4 554.15 184.58 567.32 202.68 0.355734
4 408.24 610.48 435.44 647.90 0.386779
4 618.32 47.33 630.70 62.43 0.308473
4 578.97 287.63 597.99 336.39 0.309734
4 944.19 529.07 955.28 544.90 0.292566
4 583.70 49.96 595.91 64.64 0.297882
4 562.74 108.61 574.74 125.06 0.311413
4 537.51 253.10 555.96 273.28 0.322600
4 551.64 218.25 562.92 233.41 0.350138
4 567.94 46.47 578.38 60.85 0.303263
4 627.36 178.79 639.53 200.13 0.321572
5 395.56 51.39 447.99 92.54 0.244985
4 562.80 133.66 574.29 151.53 0.338416
4 590.87 94.06 602.97 108.77 0.287788
4 649.69 208.69 666.85 232.09 0.311403
4 623.33 143.34 635.59 164.30 0.341205
4 561.89 17.78 575.68 38.35 0.280504
4 852.23 474.97 868.52 491.66 0.291821
4 1118.00 630.81 1135.38 654.84 0.266683
6 354.21 52.91 409.17 75.58 0.287619
4 588.84 767.86 607.22 787.51 0.329990
4 655.76 369.99 674.35 416.62 0.319031
4 585.04 204.34 600.60 221.18 0.262231
4 493.20 270.54 518.74 297.22 0.271085
4 605.43 259.61 618.58 281.66 0.351494
4 611.13 77.45 623.45 97.86 0.271083
4 609.22 2.93 621.19 20.29 0.261456
4 558.76 0.26 570.96 13.67 0.253788
4 281.19 56.42 301.66 67.72 0.236317
4 573.24 84.51 583.47 98.56 0.287785
4 704.73 228.84 725.30 243.80 0.237569
4 1196.26 367.82 1247.39 405.49 0.247603
4 458.95 452.45 496.62 511.14 0.341752
5 292.60 87.06 324.06 106.79 0.198545
4 601.12 36.00 612.20 49.71 0.305879
5 1217.96 215.32 1297.45 268.46 0.197068
4 740.00 331.59 757.96 365.38 0.230103
4 522.92 737.35 540.34 754.48 0.138262
6 1250.36 314.21 1399.56 433.62 0.202948
4 598.87 150.19 617.89 189.40 0.218243
4 573.79 0.81 584.37 14.37 0.246538
5 1262.01 265.93 1347.82 326.42 0.179613
1 582.64 593.01 591.48 610.32 0.144713
6 0.31 0.23 347.37 522.97 0.170001
5 647.40 188.83 668.50 233.04 0.195839
4 718.89 335.03 736.78 368.62 0.199010
6 535.25 559.96 571.25 636.03 0.085503
4 295.80 65.58 312.84 80.82 0.174469
6 583.20 174.51 601.95 221.63 0.152802
5 1357.83 397.05 1399.61 477.10 0.145654
4 299.56 111.39 308.67 128.01 0.230179
3 562.46 146.81 574.01 161.88 0.108449
4 1199.12 366.92 1213.93 380.77 0.161490
4 582.64 536.82 592.31 553.61 0.285435
6 292.02 84.98 335.60 128.96 0.193692
4 705.12 159.95 713.73 169.65 0.131006
4 717.36 206.05 734.49 223.10 0.153052
4 567.59 214.36 581.61 226.43 0.165279
6 393.37 50.64 503.90 142.83 0.155472
4 625.34 6.74 638.27 22.92 0.154517
4 583.84 174.87 600.29 198.40 0.185263
9 353.70 50.55 445.08 76.63 0.097115
4 719.74 181.62 728.50 194.65 0.137617
6 1309.91 355.64 1399.07 413.89 0.132524
9 700.39 240.71 753.20 259.80 0.106154
4 76.39 760.68 85.72 769.07 0.082129
6 430.71 23.80 470.43 52.17 0.135987
4 628.52 18.72 644.01 40.12 0.131332
4 876.15 758.51 900.23 787.67 0.182944
6 300.25 111.14 334.88 128.44 0.142083
4 658.53 393.49 672.78 416.30 0.172740
4 1162.06 310.66 1174.85 327.75 0.128092
4 527.71 374.67 536.75 388.15 0.137642
4 1049.56 1.55 1077.40 18.20 0.098744
6 1338.43 397.09 1399.72 490.70 0.154249
4 1236.57 266.41 1267.74 284.95 0.119873
4 649.04 430.81 655.20 444.15 0.085207
4 584.93 74.13 593.18 85.25 0.109083
4 691.90 292.81 710.16 333.42 0.136624
6 398.34 51.05 444.69 71.33 0.141536
4 694.84 305.65 704.12 321.64 0.139282
4 567.41 203.77 582.71 216.93 0.089341
4 556.49 56.55 563.31 71.20 0.127689
6 582.60 149.88 617.90 221.73 0.092366
4 1180.43 335.19 1193.95 346.42 0.088637
4 452.87 0.24 462.04 11.03 0.198560
9 354.38 58.12 381.37 75.36 0.114696
4 670.04 231.94 684.25 252.76 0.134080
4 862.30 213.84 873.47 229.55 0.102779
6 1304.72 314.50 1399.54 368.58 0.097882
6 471.01 82.55 506.38 128.99 0.132540
4 654.54 148.35 662.19 162.99 0.123270
4 478.57 82.52 491.25 94.54 0.097846
4 703.24 230.93 715.14 243.13 0.100330
6 458.96 452.47 496.69 511.49 0.082270
4 564.17 222.01 583.66 239.17 0.080463
4 908.49 588.42 926.86 608.13 0.113336
1 817.59 136.84 830.65 188.16 0.094861
4 1248.82 284.35 1283.10 312.72 0.101577
4 612.38 77.42 620.69 88.97 0.080439
4 702.38 319.53 710.82 332.69 0.098438
4 1330.50 392.32 1384.15 413.69 0.134558
4 687.55 175.72 709.77 208.44 0.123025
4 682.06 165.94 705.00 191.25 0.083029
4 1218.15 382.22 1245.31 404.38 0.098790
4 452.24 339.22 468.82 359.37 0.125573
4 694.34 194.86 708.63 207.77 0.124586
4 329.36 255.26 341.88 280.08 0.103167
4 697.79 311.10 711.09 332.93 0.150371
4 693.09 155.93 704.42 169.33 0.084600
6 392.89 115.75 426.80 142.70 0.087611
4 552.79 317.90 563.31 333.81 0.111878
4 502.61 148.27 515.41 164.90 0.090648
9 396.92 83.99 479.44 129.73 0.093987
4 537.73 431.71 550.16 453.51 0.081141
4 399.07 79.43 412.12 90.99 0.080022
6 1236.37 265.06 1347.79 327.63 0.121700
4 648.02 188.04 663.70 201.36 0.081694
4 393.25 118.73 403.08 132.27 0.086176
6 324.08 0.51 418.55 36.39 0.084192
6 280.82 56.22 312.64 81.05 0.098107
4 1376.43 499.33 1399.55 525.99 0.185687
4 527.85 358.98 540.41 386.79 0.116174
