4 640.18 724.77 756.75 825.69 0.464227
4 527.75 918.67 583.80 1053.73 0.423876
2 933.40 56.60 1434.05 480.95 0.217643
4 573.48 191.95 627.71 259.81 0.294567
4 1421.86 935.55 1639.95 1077.13 0.295188
3 353.42 703.31 388.89 757.73 0.250841
1 947.39 376.96 985.40 445.90 0.236273
4 683.82 315.67 750.72 441.47 0.183528
1 1342.21 114.87 1372.63 170.29 0.181788
2 1245.02 64.83 1429.82 313.99 0.146493
2 1492.76 15.71 1812.43 312.32 0.151158
1 323.43 658.90 369.01 725.24 0.244745
4 1233.91 297.97 1311.44 350.24 0.183791
2 941.72 231.86 1145.03 454.87 0.151394
6 1128.90 427.76 1914.62 1076.49 0.130661
1 1369.70 73.82 1397.48 125.84 0.159709
4 487.87 679.31 533.22 722.21 0.123099
4 557.97 612.24 613.79 652.66 0.165663
5 1436.95 993.09 1527.15 1077.10 0.124340
4 501.04 627.16 543.44 661.88 0.130451
4 1790.34 186.32 1840.60 212.22 0.118327
3 1021.08 420.66 1045.75 455.88 0.134739
3 490.93 654.45 533.71 689.20 0.084736
2 943.18 365.15 1085.22 460.32 0.172250
1 394.32 674.38 425.23 734.44 0.212013
1 1384.34 72.38 1426.94 124.97 0.137754
1 322.93 658.27 338.61 681.18 0.119646
4 371.79 652.39 421.47 695.08 0.110941
4 678.77 11.81 729.45 38.60 0.142845
1 1100.14 910.20 1132.43 966.81 0.187012
1 982.94 830.42 1001.20 857.90 0.167807
4 42.81 897.92 90.01 922.52 0.104790
3 1045.95 433.07 1071.84 464.35 0.119060
2 207.47 33.03 284.62 90.54 0.132544
6 0.49 635.59 212.36 926.08 0.121878
6 369.85 718.98 758.63 968.01 0.088981
1 985.32 696.81 1012.84 732.67 0.104231
2 1025.62 383.60 1082.73 454.17 0.194988
2 321.58 653.73 425.32 740.41 0.095492
4 130.89 813.28 211.22 857.06 0.118103
2 1291.49 143.09 1320.92 177.93 0.113016
3 845.53 1050.45 920.91 1077.26 0.117186
1 420.82 562.91 437.17 589.14 0.103570
4 1806.93 668.51 1868.11 726.19 0.111843
2 972.63 376.48 987.42 401.54 0.110979
4 107.09 770.02 209.56 856.65 0.168121
1 1390.16 751.82 1404.04 775.66 0.140969
1 351.27 694.94 367.75 723.93 0.123235
4 488.28 661.44 579.03 722.96 0.108105
1 1172.70 720.70 1187.72 751.98 0.125589
2 1661.76 197.73 1680.79 223.89 0.093116
4 361.92 631.68 399.29 661.15 0.144096
6 1503.87 940.83 1634.99 1076.81 0.096938
1 1668.59 642.92 1689.61 671.00 0.167313
2 224.06 39.42 243.31 61.66 0.103808
4 68.26 743.25 156.53 811.13 0.109878
1 407.67 705.64 424.35 735.00 0.115263
2 447.10 493.57 467.04 516.51 0.087777
6 1391.45 896.31 1650.35 1077.40 0.159948
4 0.28 768.60 44.06 817.03 0.120864
1 1576.62 645.06 1586.84 658.74 0.117105
7 464.05 643.97 524.91 687.24 0.109854
1 502.68 697.94 515.18 718.34 0.112261
4 387.40 671.43 456.71 705.85 0.091528
2 1029.55 411.40 1050.06 449.43 0.091521
4 475.51 74.63 498.71 90.52 0.081651
4 254.69 668.77 318.60 707.82 0.122685
3 1021.45 420.91 1075.42 462.92 0.134512
4 160.31 154.99 208.96 186.51 0.107236
3 360.76 705.62 423.17 760.04 0.105529
6 534.82 47.63 615.53 93.00 0.122482
4 1732.72 674.38 1812.49 742.62 0.100432
2 1059.17 386.68 1082.03 433.45 0.102230
5 1511.54 967.93 1630.17 1076.90 0.083088
2 1321.51 139.94 1352.07 192.50 0.104806
4 1763.58 158.27 1841.18 211.45 0.102039
4 39.81 874.94 128.35 923.40 0.238728
6 1127.04 838.25 1643.65 1077.09 0.184292
1 77.88 790.55 94.99 822.78 0.108659
2 419.52 553.48 462.03 589.18 0.100223
4 108.50 142.68 142.95 176.68 0.097252
2 991.31 369.13 1005.48 393.19 0.110002
2 972.17 365.10 1004.93 398.16 0.093338
4 0.43 674.20 71.13 730.66 0.095456
1 517.31 639.86 537.24 677.31 0.104952
1 1393.72 813.25 1410.27 844.79 0.125871
2 1045.32 387.03 1071.24 432.74 0.085301
2 1036.06 409.92 1051.57 435.18 0.081424
2 1360.20 116.84 1378.28 146.96 0.086297
2 1335.00 234.40 1368.16 275.43 0.090615
2 1695.89 68.55 1729.89 118.77 0.097468
2 1631.70 183.09 1687.78 244.05 0.109285
1 1149.18 741.19 1161.26 762.30 0.092699
2 76.94 790.09 97.23 846.57 0.088280
4 5.36 696.15 100.87 770.32 0.087777
1 527.72 918.91 583.73 1053.83 0.080087
1 948.76 719.28 973.93 754.35 0.081195
2 34.97 768.66 50.11 817.00 0.082665
4 526.95 662.97 581.28 703.59 0.084606
4 1730.02 44.93 1765.78 75.55 0.083658
3 539.75 637.05 566.86 666.13 0.080886
4 414.03 887.68 507.65 944.47 0.083444
6 43.53 736.60 209.36 856.82 0.121069
3 517.66 653.55 535.96 679.06 0.099653
4 1832.43 520.87 1888.55 571.91 0.091633
3 1387.82 748.82 1611.25 954.71 0.083757
3 488.53 58.83 520.31 89.22 0.083883
4 536.96 45.19 567.70 74.17 0.089184
4 1568.50 1037.74 1654.43 1077.39 0.100753
2 429.91 492.51 467.87 526.41 0.095389
6 533.47 577.90 612.25 660.98 0.089003
4 1726.17 640.32 1782.47 703.10 0.087425
6 1731.67 665.77 1868.24 745.41 0.081101
3 324.50 670.98 388.88 758.29 0.091468
7 501.12 630.14 565.02 674.92 0.085713
2 1695.32 44.79 1765.95 121.55 0.080361
2 1820.22 494.98 1836.04 511.27 0.093914
4 684.13 330.66 724.27 384.16 0.114460
2 666.65 3.86 1837.20 551.82 0.089473
9 331.61 630.46 421.08 699.83 0.095343
2 1288.40 114.39 1373.26 203.62 0.089355
2 1368.34 66.05 1426.65 130.04 0.110396
