4 1186.86 990.22 1260.29 1064.78 0.426009
4 1210.45 1104.60 1290.28 1170.99 0.437280
4 1235.50 1012.43 1310.52 1088.81 0.417673
4 1131.34 975.80 1209.02 1039.49 0.434432
4 1113.03 1048.79 1203.97 1127.39 0.430546
4 1114.92 940.00 1169.94 1001.34 0.414147
4 1066.91 1029.78 1151.06 1102.45 0.418361
4 1029.89 1288.35 1130.00 1392.23 0.364119
5 46.92 1124.65 289.72 1391.32 0.356109
4 660.40 608.24 700.25 646.98 0.347413
4 618.53 616.45 672.51 655.27 0.343363
4 761.58 183.37 829.59 223.10 0.291536
4 1289.05 865.10 1341.33 916.47 0.351098
4 607.13 638.78 633.87 667.96 0.334685
4 628.77 791.27 656.08 812.57 0.296197
4 858.55 607.90 885.30 633.57 0.271317
4 795.16 1273.42 893.16 1360.88 0.283144
4 1280.81 1040.07 1346.69 1101.12 0.374233
4 349.08 201.65 408.07 233.12 0.171283
4 1232.97 1352.04 1356.92 1430.42 0.279756
4 33.52 901.30 70.98 938.63 0.203611
4 1627.44 202.60 1657.08 228.25 0.107628
4 802.83 603.84 830.79 626.94 0.205168
6 457.71 194.79 576.90 268.63 0.140950
4 1571.77 558.87 1640.86 603.22 0.097454
4 829.43 96.27 875.96 118.12 0.174541
4 1974.94 290.71 1999.03 314.56 0.117058
4 383.97 203.78 408.25 231.68 0.149057
1 534.24 1466.11 557.55 1496.53 0.169579
6 14.67 1025.53 337.72 1392.56 0.175915
4 1947.14 930.92 1997.90 971.81 0.114141
6 463.70 228.75 531.87 271.58 0.156026
4 500.07 1400.16 541.37 1462.14 0.119727
1 841.41 723.92 854.59 746.74 0.133287
1 647.63 1432.99 676.82 1467.44 0.178196
6 520.22 135.10 613.62 183.00 0.176833
1 522.55 1430.05 556.39 1487.66 0.161465
4 517.03 196.53 565.83 227.56 0.160230
5 456.06 195.25 517.87 227.73 0.158254
4 625.58 1450.97 703.00 1499.79 0.127639
4 797.84 802.76 827.94 842.93 0.141873
6 607.15 128.07 756.84 194.10 0.087116
2 516.92 1430.55 590.64 1499.00 0.098120
4 306.61 88.88 380.29 113.74 0.144512
4 61.24 1154.99 118.66 1207.94 0.101189
4 574.00 635.45 633.20 673.11 0.091665
4 1824.93 207.61 1845.42 224.21 0.085888
4 1019.17 996.71 1080.12 1060.81 0.155184
6 456.17 195.60 482.82 223.19 0.103790
4 265.98 102.97 294.20 117.40 0.088930
5 116.33 1183.97 242.78 1319.76 0.092324
1 671.08 704.62 682.48 723.56 0.101941
4 579.85 195.06 616.61 221.57 0.147349
4 974.29 669.89 1014.18 703.03 0.151761
4 668.66 699.83 702.23 725.61 0.106435
3 850.39 659.09 872.58 705.26 0.093481
4 1051.52 704.83 1081.39 732.20 0.152591
6 1010.93 28.68 1194.56 86.05 0.096720
6 797.68 741.31 1146.86 1053.19 0.103087
6 531.70 225.61 576.14 258.97 0.099286
2 563.13 1477.50 592.40 1499.53 0.086543
4 438.48 571.19 474.32 593.32 0.103622
4 1307.48 1040.30 1346.48 1068.11 0.182582
4 785.32 675.66 801.02 698.98 0.126220
6 719.81 160.86 752.33 186.75 0.085481
6 488.19 201.18 518.23 227.57 0.082635
4 414.60 575.73 441.36 595.28 0.125752
4 1083.22 717.75 1113.00 738.61 0.086129
6 638.55 129.45 695.32 159.61 0.103600
10 114.68 1127.45 167.93 1176.58 0.101391
4 2.49 887.47 70.91 939.37 0.081086
3 864.44 1294.75 905.49 1376.91 0.101450
4 1303.39 829.02 1326.39 856.62 0.130554
4 569.73 607.50 604.99 639.64 0.103749
4 239.91 928.77 278.60 962.83 0.082885
4 200.74 139.83 250.46 163.99 0.093087
4 937.67 132.58 970.33 147.36 0.095729
4 681.29 724.03 704.21 745.36 0.101817
4 1233.89 1353.31 1301.39 1409.91 0.113001
6 606.93 126.17 645.16 179.33 0.097786
4 1795.82 606.96 1815.20 626.16 0.080603
4 742.89 728.90 774.90 761.97 0.095522
1 183.82 1137.40 207.49 1184.12 0.083982
6 491.95 135.99 528.51 157.07 0.084826
10 194.44 1123.44 300.09 1220.58 0.080888
4 1328.09 1378.33 1357.74 1422.25 0.089545
4 569.76 639.09 601.09 666.01 0.101531
9 608.50 126.86 700.22 166.14 0.090159
6 524.68 156.13 576.33 180.86 0.081881
4 1064.49 937.68 1351.29 1176.79 0.104545
6 579.08 194.78 630.74 227.34 0.083198
