5 976.88 0.28 1139.16 103.80 0.484005
4 308.48 49.33 359.47 117.60 0.528105
4 340.57 0.50 386.09 47.87 0.479653
4 552.37 241.74 615.20 316.40 0.440020
4 691.09 434.63 752.85 515.90 0.349689
4 1204.98 516.59 1398.20 736.36 0.388374
4 544.31 464.11 610.18 551.69 0.318085
4 1034.01 557.42 1118.41 617.69 0.285849
4 302.17 412.42 332.68 433.50 0.278460
4 955.12 0.03 1035.68 56.28 0.323298
4 376.10 173.28 486.51 323.25 0.332107
4 1182.74 707.70 1247.91 780.65 0.278038
4 775.84 318.94 852.64 376.09 0.258529
4 965.77 463.11 1038.49 519.14 0.238878
4 978.07 628.47 1074.75 700.98 0.271744
4 1153.45 602.84 1231.28 687.23 0.266447
4 769.79 278.02 804.63 335.36 0.307109
4 1081.45 638.37 1134.22 695.71 0.225533
4 1226.84 639.16 1307.56 730.82 0.267415
4 431.24 268.03 485.75 322.57 0.289244
4 624.29 466.26 725.61 592.90 0.274375
4 863.35 309.19 943.86 367.44 0.253939
4 892.95 374.11 962.87 424.70 0.241278
4 327.29 462.03 349.34 482.81 0.219939
4 1345.06 622.07 1395.81 667.72 0.255279
4 204.68 449.58 239.70 477.60 0.236761
4 966.92 601.33 1037.95 656.25 0.289159
4 885.90 498.41 970.21 558.29 0.228001
4 660.55 528.44 725.09 592.58 0.220333
4 1204.30 680.64 1283.10 770.42 0.251775
4 890.25 631.72 908.74 654.37 0.188811
4 808.56 380.85 879.84 430.54 0.231795
4 791.84 347.94 868.26 402.41 0.241103
4 485.05 2.16 581.56 74.47 0.208031
4 865.48 473.57 943.36 528.48 0.233455
6 975.66 628.38 1132.93 753.51 0.176038
2 771.20 293.24 1136.22 752.40 0.150225
4 928.35 580.92 994.70 633.71 0.252887
4 660.13 527.72 701.53 559.33 0.173264
4 549.67 40.90 580.42 70.44 0.170764
4 824.49 408.44 901.07 459.20 0.231158
4 979.86 494.43 1067.12 558.45 0.213996
4 989.65 530.64 1075.76 594.70 0.241287
4 913.53 401.57 992.20 457.07 0.223208
4 1102.56 116.34 1167.59 165.33 0.244423
4 876.26 343.74 952.75 399.19 0.275470
6 123.88 647.15 354.37 787.15 0.126913
1 678.07 761.83 694.16 785.35 0.133329
4 932.50 730.01 962.39 761.32 0.151009
4 737.30 245.40 750.91 257.73 0.143883
4 844.82 441.61 925.27 503.15 0.232718
4 940.57 433.63 1013.17 488.16 0.244487
4 352.78 521.23 395.16 554.00 0.145933
4 296.03 611.87 308.79 631.69 0.096624
6 1142.87 513.64 1398.69 781.60 0.127199
4 602.60 407.90 640.04 462.85 0.127181
4 908.53 535.13 991.36 597.45 0.210469
4 322.90 520.59 396.21 581.40 0.113303
4 1039.81 686.18 1075.65 718.37 0.121220
4 572.03 510.83 609.94 551.21 0.114136
4 368.81 559.19 384.68 581.88 0.100620
4 236.04 411.21 253.30 433.54 0.120912
4 608.05 124.25 618.26 136.78 0.096928
4 964.31 581.18 994.59 613.95 0.092175
4 953.31 331.58 1014.32 400.82 0.321876
1 104.40 39.43 148.53 63.35 0.081794
4 526.09 14.22 548.48 34.20 0.094183
6 1302.25 450.86 1399.23 549.63 0.080415
10 1014.36 700.86 1046.14 731.92 0.095260
4 1141.39 643.67 1199.31 712.38 0.141867
4 706.15 356.47 722.01 369.72 0.106329
4 369.78 450.62 383.98 464.38 0.104810
1 468.61 740.06 480.95 755.05 0.109054
10 1286.74 584.07 1319.13 625.77 0.081396
4 338.32 423.29 350.14 435.44 0.090590
4 655.01 200.94 687.89 252.44 0.121392
4 420.95 253.94 463.22 288.38 0.110648
4 1153.80 602.64 1202.55 644.23 0.097492
4 327.45 450.12 384.11 483.47 0.081869
4 302.15 414.45 317.30 429.79 0.080055
4 624.77 467.14 692.31 542.39 0.097934
4 1205.58 517.98 1280.17 588.19 0.080161
