4 716.36 214.02 736.61 242.98 0.538466
4 444.91 284.36 462.31 302.57 0.565098
4 690.66 638.29 730.36 716.14 0.528055
4 725.93 55.82 740.18 73.84 0.490261
4 546.17 76.18 559.40 91.05 0.483837
4 726.85 22.73 740.92 38.82 0.475663
1 1139.57 672.59 1153.27 704.80 0.350253
4 498.10 99.80 512.09 113.39 0.412955
4 746.94 455.12 776.96 511.32 0.343399
1 1127.59 674.59 1140.45 701.77 0.321165
4 718.25 109.25 735.34 139.02 0.373140
4 1020.70 31.44 1055.15 44.09 0.405449
4 8.97 140.85 45.49 156.83 0.394181
4 418.56 19.64 446.18 35.77 0.346000
4 165.74 99.51 191.59 112.83 0.345365
4 543.37 160.92 557.69 178.73 0.368313
4 699.97 357.28 726.08 409.06 0.423987
4 265.84 82.34 290.16 95.73 0.334373
1 86.24 193.87 95.77 212.55 0.237833
4 605.43 0.60 616.94 13.32 0.432164
4 284.54 66.67 305.88 80.66 0.340909
4 936.84 18.48 950.31 31.99 0.328645
4 749.71 92.33 772.17 113.15 0.282977
4 447.18 0.37 471.12 26.15 0.300618
1 85.84 179.39 121.28 212.75 0.186530
5 524.14 304.48 554.24 405.82 0.235230
4 55.48 144.83 88.25 161.22 0.369290
6 1163.67 4.43 1215.70 25.02 0.282006
3 500.39 321.37 514.41 339.40 0.175052
1 164.25 703.98 182.13 739.87 0.207348
4 744.48 77.66 773.67 131.83 0.280881
5 276.41 193.52 400.66 421.72 0.258215
6 1156.30 687.98 1244.00 754.64 0.219526
1 996.84 757.01 1008.60 787.36 0.212858
4 954.59 34.24 967.38 46.49 0.229472
4 367.04 42.36 380.14 54.90 0.201971
6 226.23 0.00 375.68 68.62 0.136280
6 1155.82 640.56 1293.22 755.47 0.194895
9 392.85 272.05 459.61 286.22 0.185430
6 1316.20 632.09 1399.66 730.34 0.177700
6 284.83 60.20 414.80 153.05 0.147464
4 747.15 108.29 771.78 131.62 0.189614
4 325.12 756.46 358.10 773.69 0.166652
4 376.48 145.44 385.89 155.61 0.144266
1 96.68 183.96 106.45 206.17 0.190869
6 1075.49 545.80 1158.54 584.57 0.159465
4 1097.99 62.83 1111.93 75.47 0.207019
1 395.45 134.29 407.23 153.59 0.133012
4 525.63 365.66 546.13 403.02 0.282069
4 949.82 714.77 980.87 738.42 0.176980
4 435.50 50.87 446.56 59.48 0.177081
2 752.79 77.87 770.37 96.19 0.095207
4 576.90 1.10 594.17 21.43 0.150886
4 993.51 701.96 1012.65 718.39 0.092358
1 359.24 138.79 373.99 160.93 0.129205
6 0.18 0.46 106.15 134.25 0.111479
4 252.11 137.27 270.24 153.66 0.243828
4 9.52 256.70 23.81 268.37 0.139469
1 1135.46 715.66 1147.72 742.13 0.140427
4 41.17 387.20 56.99 399.23 0.119818
4 307.24 37.60 324.53 54.46 0.213881
6 1157.53 42.99 1203.05 64.36 0.166608
6 0.00 0.28 378.30 133.63 0.144330
3 1139.41 684.33 1150.33 705.48 0.148748
3 1288.92 327.85 1303.27 350.27 0.157904
3 499.15 305.51 518.18 339.57 0.137362
4 400.71 149.59 408.92 158.96 0.097318
4 173.26 254.66 186.91 266.64 0.119320
1 191.81 673.84 215.44 699.35 0.140097
4 407.55 29.28 427.38 40.51 0.197013
3 164.28 718.63 191.74 741.57 0.125612
1 78.69 222.91 87.03 237.01 0.142759
1 111.93 181.43 121.16 196.41 0.204026
6 971.31 9.88 1056.16 44.46 0.080456
4 61.78 259.39 76.75 270.78 0.129961
4 1038.33 65.14 1053.21 79.02 0.142884
1 499.44 283.40 516.34 336.52 0.150115
4 319.70 755.11 391.56 787.44 0.111682
4 36.52 256.83 53.49 268.80 0.113009
4 959.52 66.78 973.13 83.72 0.126755
4 903.93 36.15 917.19 51.41 0.135912
4 503.36 0.05 523.24 14.68 0.180326
6 1355.69 281.32 1399.69 340.62 0.086365
4 1015.34 94.59 1030.33 111.92 0.112959
4 1311.48 54.01 1340.14 69.71 0.149305
3 1000.13 549.17 1038.54 570.79 0.127729
6 999.74 499.13 1399.84 566.96 0.116271
4 1057.30 268.23 1070.70 279.24 0.093275
4 1080.51 296.51 1093.44 310.42 0.111914
1 348.56 751.42 360.94 766.72 0.111799
4 0.20 713.83 45.79 787.16 0.094589
4 336.19 55.86 355.65 66.81 0.179403
4 227.72 233.50 249.43 249.42 0.097551
4 439.60 102.41 446.06 110.65 0.092962
4 392.65 275.79 409.95 285.76 0.102568
4 382.70 28.87 429.40 55.34 0.098722
9 178.78 237.57 216.53 249.87 0.098793
2 85.21 180.29 184.77 213.84 0.091611
1 145.72 187.39 156.92 211.99 0.131500
1 176.44 704.31 191.79 735.71 0.169082
1 757.23 79.23 766.19 95.22 0.109891
4 1097.51 90.38 1113.57 108.08 0.107996
4 395.02 119.04 415.45 147.43 0.115324
2 395.40 131.79 411.97 158.07 0.102469
4 1090.18 3.15 1101.02 13.32 0.158487
4 951.07 706.74 997.81 768.52 0.103042
2 950.11 732.76 978.54 786.87 0.089065
4 1129.73 1.46 1160.24 18.41 0.104658
2 555.79 24.23 562.71 36.57 0.110552
4 0.15 161.86 17.50 178.03 0.279034
6 1002.78 524.03 1065.84 561.79 0.087655
2 946.69 660.72 1070.51 787.30 0.088324
4 466.88 19.92 477.94 30.73 0.092360
1 946.91 762.11 958.68 787.95 0.143611
3 1127.42 682.55 1138.17 702.52 0.091877
1 1061.02 659.74 1069.81 680.12 0.123379
6 524.97 304.76 553.81 377.00 0.097985
4 72.19 175.27 112.01 187.35 0.098061
9 392.15 268.84 543.22 286.74 0.122882
1 81.85 134.36 91.15 150.81 0.131845
2 340.69 28.36 351.96 44.44 0.097390
6 303.65 678.12 396.43 787.47 0.083344
4 888.83 19.86 899.88 29.25 0.137968
1 500.40 284.60 513.32 306.17 0.106134
1 923.72 583.92 934.21 602.32 0.083410
6 1255.34 40.48 1299.39 63.29 0.130931
4 532.59 161.30 544.74 181.40 0.097135
2 163.51 673.82 215.56 741.05 0.093757
4 882.48 70.24 894.35 80.72 0.115826
4 92.35 110.82 107.93 122.61 0.128747
1 961.00 755.38 975.49 786.69 0.113831
4 100.50 135.12 121.66 148.21 0.083705
4 128.86 53.78 139.23 64.02 0.085622
2 1111.86 761.01 1128.86 787.11 0.085095
4 1263.48 182.66 1301.73 208.35 0.125804
1 1143.30 673.27 1153.02 686.92 0.082787
4 1382.96 49.75 1399.67 64.17 0.108499
4 1385.32 222.09 1399.78 240.53 0.127007
4 191.18 81.52 206.39 93.00 0.098414
4 96.65 178.39 108.95 190.12 0.086795
4 1142.30 44.41 1158.70 55.36 0.138984
3 145.82 193.81 157.57 212.54 0.082342
4 577.68 12.20 589.99 22.08 0.107475
1 404.52 129.56 412.82 146.49 0.111204
4 389.91 1.70 399.50 10.91 0.109801
6 1131.19 0.07 1189.41 21.48 0.123171
6 34.44 246.98 77.34 270.66 0.083687
2 340.77 24.32 366.57 44.62 0.082987
4 28.31 28.42 72.78 45.67 0.173899
4 1066.91 2.95 1101.21 18.99 0.087598
2 358.53 130.44 412.27 164.27 0.085274
4 237.27 114.54 261.27 133.55 0.090222
