4 520.27 357.74 572.54 445.26 0.401374
4 342.65 353.13 400.35 435.48 0.371815
4 577.87 361.02 633.70 451.17 0.364988
4 463.44 343.34 521.04 444.87 0.367903
4 816.46 368.24 863.05 460.20 0.362089
4 642.03 359.75 688.87 451.16 0.317818
4 409.35 334.63 464.89 426.46 0.338022
4 384.78 289.35 466.63 335.29 0.216955
4 745.39 371.91 802.17 466.47 0.282191
4 647.76 324.92 666.48 345.31 0.153943
4 798.41 351.19 842.21 388.68 0.158810
4 896.06 404.15 917.33 454.25 0.128406
4 692.44 358.91 742.30 457.51 0.279038
4 854.34 326.07 876.61 351.57 0.142633
2 569.56 303.08 608.30 341.05 0.123236
4 583.57 321.80 602.35 341.30 0.099217
4 896.74 369.50 936.54 454.44 0.281545
4 917.40 98.76 975.00 134.36 0.114617
4 297.14 338.43 312.77 356.71 0.116036
4 1084.57 461.36 1120.70 539.83 0.094774
1 950.23 501.55 975.01 557.73 0.122040
1 49.73 437.46 89.84 586.66 0.100256
6 386.55 312.04 465.61 335.02 0.134799
1 951.29 502.12 973.78 522.29 0.110922
4 835.90 324.77 875.09 378.62 0.095861
4 853.98 321.68 901.10 355.26 0.084219
4 461.03 465.67 513.51 508.26 0.184148
2 467.74 314.20 493.16 352.20 0.081938
4 1044.26 340.85 1072.36 391.24 0.086220
4 413.09 466.16 511.52 546.01 0.162099
4 624.47 309.25 683.66 346.74 0.103342
4 341.27 333.88 867.10 465.37 0.111014
4 463.16 466.09 542.03 554.69 0.092074
