4 242.60 92.34 389.62 179.04 0.627639
4 511.37 373.05 678.91 517.45 0.597473
4 743.84 295.40 915.94 436.92 0.546958
4 0.48 212.87 125.16 316.19 0.594146
4 357.78 278.47 521.40 413.83 0.528107
4 1246.02 309.71 1399.61 455.41 0.484622
4 222.10 295.99 363.53 409.57 0.532750
4 969.66 198.75 1146.27 300.08 0.429875
3 1154.82 616.78 1226.83 700.94 0.460680
4 116.66 335.67 285.49 456.83 0.489565
4 0.21 461.11 101.99 603.41 0.497906
4 850.60 70.03 1022.64 178.10 0.461097
4 7.05 391.81 184.29 526.97 0.499572
4 1212.46 223.57 1399.19 343.73 0.395868
4 764.93 88.15 916.25 200.01 0.430000
1 443.94 237.80 470.70 283.25 0.461124
1 633.97 324.05 657.92 375.64 0.446375
1 418.90 181.91 447.96 234.01 0.445226
1 582.13 344.55 607.47 394.78 0.432904
1 775.38 386.41 798.06 435.22 0.336520
1 371.64 226.73 397.29 274.52 0.442843
1 649.62 566.14 677.76 648.46 0.372018
4 1344.85 206.93 1399.69 277.71 0.415930
1 547.92 774.94 583.89 825.81 0.407742
3 1246.17 652.71 1327.20 736.71 0.407393
1 1088.85 635.58 1139.85 700.23 0.351300
1 78.73 68.04 125.81 130.77 0.377065
1 1178.83 595.02 1241.42 658.61 0.329131
4 881.73 0.00 1000.08 43.78 0.393358
4 800.93 0.11 899.63 49.93 0.311991
3 79.67 92.35 125.84 132.05 0.268814
4 206.07 1000.02 275.98 1049.38 0.242524
1 595.34 565.47 678.44 704.15 0.173004
2 45.65 28.50 126.69 132.11 0.179037
2 581.11 322.75 658.92 395.98 0.126519
3 1088.78 658.89 1134.99 700.30 0.106617
2 503.25 250.43 558.40 320.25 0.222880
1 503.40 250.20 537.09 315.60 0.190199
1 46.74 28.27 86.55 72.22 0.295787
2 1088.50 593.32 1241.32 702.86 0.149738
4 588.28 960.48 742.14 1049.34 0.231031
3 1084.13 372.11 1183.42 444.48 0.174092
1 595.74 647.26 632.57 704.05 0.226724
6 240.54 694.49 807.59 1049.46 0.139657
6 370.05 375.15 522.47 553.20 0.131535
3 42.94 54.30 125.01 131.78 0.204126
3 308.64 194.85 364.11 234.94 0.173338
4 1345.06 250.69 1399.57 313.60 0.172697
1 517.31 274.29 542.43 319.77 0.120614
2 1192.97 595.45 1232.35 615.41 0.098213
3 41.20 49.52 91.94 100.59 0.164770
3 514.72 276.05 545.35 320.42 0.145469
3 141.87 194.16 208.46 250.60 0.081106
3 423.52 212.84 449.31 236.05 0.133038
4 990.57 0.23 1041.09 9.81 0.092232
6 479.74 932.68 743.77 1049.50 0.094761
10 1322.70 820.31 1367.18 866.00 0.104293
4 1.16 294.40 362.81 605.96 0.116807
2 44.16 28.18 89.94 95.44 0.138437
3 548.43 799.45 580.82 830.31 0.141221
2 369.79 181.33 472.14 282.69 0.131953
2 420.80 335.05 440.24 362.61 0.099268
3 762.22 409.58 789.72 437.95 0.088327
1 650.31 804.28 683.37 866.69 0.080929
3 0.61 58.27 73.26 124.59 0.084949
2 1103.70 387.37 1135.12 430.27 0.101091
1 79.79 68.88 105.90 106.93 0.127820
4 0.25 1.74 51.10 89.38 0.103911
2 367.01 183.32 665.11 398.28 0.082332
3 497.34 534.09 560.35 616.18 0.104838
3 631.51 347.62 653.20 376.71 0.082770
4 0.34 580.80 67.51 663.53 0.088797
3 79.97 93.76 149.58 163.60 0.086544
