4 811.40 104.12 839.41 133.34 0.495573
4 705.63 98.32 733.64 127.64 0.529396
4 790.78 72.65 816.27 102.22 0.463986
4 598.03 435.35 624.60 482.47 0.293250
4 636.42 573.73 660.80 627.64 0.301908
4 641.51 462.53 669.97 490.74 0.269717
4 730.13 0.10 754.79 17.83 0.308666
4 673.62 591.21 698.26 648.15 0.279765
1 569.53 595.44 601.47 660.37 0.257448
5 727.63 600.15 768.74 745.41 0.290650
4 886.51 164.80 912.41 209.85 0.182360
4 347.25 143.77 399.16 177.95 0.190730
4 257.10 605.33 343.48 729.69 0.139416
4 598.31 462.72 620.57 482.01 0.178020
4 961.80 152.56 1056.87 238.40 0.086127
4 640.47 427.23 672.87 491.36 0.209161
4 664.87 38.79 679.52 58.17 0.131204
4 1205.80 644.81 1274.11 694.53 0.126868
1 528.82 55.98 540.19 77.89 0.132229
4 506.09 109.57 522.64 129.06 0.154617
4 348.72 0.15 372.77 14.59 0.180651
5 291.99 608.75 451.92 786.91 0.099767
4 829.24 162.09 855.76 209.24 0.123886
6 1116.66 1.10 1398.98 389.07 0.119778
4 879.40 0.00 894.99 6.11 0.141383
9 2.08 2.07 1397.62 785.74 0.115354
6 80.00 349.84 485.88 786.91 0.121431
4 382.12 0.39 411.38 32.67 0.135608
1 598.09 138.12 626.75 177.48 0.171033
1 958.43 29.84 1101.77 255.14 0.092541
9 1021.85 436.93 1398.82 747.05 0.124810
6 80.63 112.63 169.01 191.45 0.102891
1 928.93 316.73 949.38 385.13 0.136195
6 640.70 390.90 675.34 491.84 0.089090
10 251.36 143.11 532.68 288.45 0.095148
6 436.22 0.29 675.81 64.37 0.095496
4 1051.06 630.16 1095.63 674.48 0.084835
9 251.43 538.79 471.22 786.94 0.095676
1 1.15 378.08 143.70 587.10 0.080620
2 597.57 142.04 611.14 171.25 0.104824
4 431.85 73.50 462.94 89.77 0.126094
4 80.81 134.27 126.71 177.50 0.084065
6 732.04 601.12 762.97 668.37 0.088347
4 429.63 48.78 463.55 90.88 0.096899
4 725.17 328.72 765.16 362.38 0.080511
6 861.99 574.15 887.72 650.76 0.085048
4 841.44 249.64 869.22 279.11 0.096990
4 479.02 107.02 507.57 133.55 0.144692
9 8.56 347.72 487.44 787.03 0.100858
