5 508.97 53.90 603.40 138.38 0.419497
4 557.42 174.74 621.79 211.31 0.448964
4 778.51 266.23 849.79 309.05 0.464398
4 687.19 17.34 748.69 51.84 0.422387
4 532.11 0.11 596.30 27.03 0.442135
4 849.95 319.50 911.85 351.87 0.461974
4 35.60 312.90 92.42 380.32 0.471521
4 830.23 154.40 900.73 189.33 0.442696
4 746.08 141.61 812.03 178.95 0.429173
4 682.85 71.44 750.69 107.75 0.401414
4 695.95 261.98 767.42 301.17 0.373397
4 617.31 0.00 680.32 25.75 0.398212
4 420.88 112.23 464.21 176.28 0.329407
4 617.65 22.36 676.01 58.25 0.388192
4 852.82 249.75 926.36 283.74 0.340134
4 600.15 54.35 668.57 90.60 0.311798
4 563.41 139.33 633.30 175.18 0.403764
4 872.00 281.56 943.61 315.83 0.416396
4 292.27 94.51 355.30 160.44 0.374381
4 137.62 176.33 194.54 240.38 0.369314
3 125.31 394.61 185.12 461.58 0.366132
4 490.30 153.28 537.79 210.01 0.345400
4 172.78 98.10 222.70 156.70 0.362354
6 134.48 500.09 250.87 623.30 0.184968
2 866.23 372.85 937.25 536.98 0.199508
4 716.16 382.68 754.98 457.64 0.304364
4 857.29 129.60 894.68 151.64 0.272565
4 797.91 36.35 830.73 100.67 0.304470
5 674.43 380.07 710.03 448.59 0.269169
4 643.72 114.78 728.41 167.97 0.225895
6 297.37 299.79 456.37 407.24 0.219172
4 507.40 185.97 537.49 209.97 0.242056
4 861.66 799.85 892.98 829.18 0.183973
4 860.14 753.09 898.65 829.99 0.247645
4 748.33 96.78 807.47 141.74 0.221650
4 522.20 997.83 593.09 1040.01 0.183715
4 763.32 391.02 797.41 465.34 0.276403
4 758.21 73.25 790.38 99.25 0.234272
4 898.99 118.43 921.67 138.88 0.188347
2 0.12 393.64 42.43 455.66 0.253874
2 536.38 334.40 572.29 375.40 0.153943
4 238.11 149.92 258.18 179.56 0.199375
4 967.29 140.57 1007.37 170.04 0.206209
2 386.21 577.21 427.81 611.35 0.136561
4 99.55 196.62 138.35 236.70 0.255763
4 238.48 147.60 279.73 188.61 0.269819
2 408.00 711.08 601.81 900.52 0.216389
1 423.15 210.31 438.35 243.39 0.198574
1 480.99 97.40 496.63 125.29 0.141285
4 862.99 458.26 897.68 473.62 0.149477
2 1.65 887.43 590.94 1041.81 0.126274
5 891.22 97.40 948.48 143.21 0.189628
4 368.57 97.42 385.08 115.96 0.137156
4 643.15 119.25 684.86 160.20 0.143435
4 862.82 72.45 894.82 94.52 0.181613
4 294.54 88.84 321.77 123.57 0.131565
1 522.36 571.56 561.72 620.41 0.174376
4 649.32 687.80 732.46 757.48 0.114998
4 4.98 208.00 40.46 246.75 0.236562
1 89.63 886.65 139.45 976.83 0.176806
4 901.10 518.35 930.44 535.28 0.145981
4 785.90 555.98 814.15 575.27 0.091871
2 282.00 364.47 378.51 430.62 0.132543
3 915.01 134.56 1006.12 176.14 0.159907
1 412.99 225.90 425.99 250.34 0.179190
1 476.16 876.97 514.41 920.89 0.229572
4 559.51 998.41 592.36 1021.36 0.138849
2 252.61 654.29 319.95 702.96 0.149799
1 392.91 114.28 410.69 144.21 0.117695
7 134.34 451.42 276.15 623.82 0.120372
5 674.46 379.16 755.25 458.48 0.152250
4 440.18 113.71 463.48 153.07 0.089017
10 687.08 602.73 748.25 699.08 0.124240
1 463.42 91.79 475.76 112.91 0.120659
7 621.29 546.43 759.37 884.77 0.151923
5 853.04 249.59 926.60 311.95 0.097816
2 896.36 373.03 937.68 414.34 0.130555
6 886.36 94.25 985.53 149.19 0.089054
4 903.72 608.33 933.73 630.37 0.151625
4 859.39 97.04 891.02 124.45 0.145790
1 423.81 772.53 467.57 831.26 0.146585
4 368.66 55.26 424.96 115.82 0.250790
1 453.72 411.49 467.12 436.28 0.164666
4 920.97 134.58 951.99 150.87 0.133763
2 826.07 817.97 932.50 1049.16 0.111711
2 538.21 516.40 578.55 551.77 0.090965
5 754.21 1.03 791.67 99.22 0.159188
4 448.71 324.81 468.27 337.49 0.101701
2 6.80 3.28 958.06 1047.04 0.176616
4 563.51 142.94 586.31 164.31 0.082815
6 643.58 546.99 753.17 690.91 0.118127
1 345.81 814.69 361.97 832.59 0.102903
3 393.21 120.87 411.91 144.93 0.121243
2 337.02 384.99 375.98 429.38 0.109512
1 430.54 289.64 448.69 329.64 0.200302
6 666.25 547.83 742.79 603.46 0.136103
2 173.02 502.56 633.75 916.37 0.150220
2 245.89 801.03 269.31 829.86 0.110374
2 870.67 635.67 888.64 650.99 0.090887
10 669.73 756.58 730.39 856.43 0.113230
2 255.62 596.54 291.05 630.26 0.117514
2 535.09 573.13 555.14 618.99 0.091840
4 150.97 75.05 188.04 133.42 0.147457
6 757.07 36.05 831.42 101.70 0.098173
5 300.33 299.61 376.88 380.98 0.180277
6 859.27 96.16 905.92 150.72 0.088893
3 930.25 147.69 961.63 176.34 0.104038
2 133.75 709.33 180.06 750.34 0.118147
4 524.40 101.41 546.96 124.25 0.099466
4 673.90 377.82 798.14 464.87 0.142754
1 826.03 1018.98 839.85 1049.46 0.092396
2 366.83 176.14 439.94 252.00 0.091600
2 522.73 574.01 544.23 618.55 0.090964
6 507.45 52.63 665.11 149.23 0.101993
4 238.60 92.44 355.57 189.24 0.095825
2 344.60 788.48 374.48 831.95 0.089139
4 100.63 145.29 173.38 236.28 0.123140
3 474.00 787.86 520.87 825.88 0.149082
6 21.51 0.16 147.30 90.92 0.093346
4 975.61 228.67 1024.17 268.81 0.180216
2 186.33 797.28 222.82 831.78 0.119821
1 406.57 191.12 417.63 209.69 0.119831
2 520.78 810.93 539.48 844.24 0.080797
9 341.13 320.59 418.62 392.46 0.117094
4 1159.62 988.09 1208.95 1031.10 0.087142
2 591.26 581.60 613.90 621.64 0.088318
2 175.30 948.41 387.32 1018.39 0.091184
2 588.86 509.59 631.09 574.05 0.109168
2 368.97 675.49 401.76 707.63 0.083775
4 1159.31 986.50 1269.87 1045.11 0.115674
2 224.18 718.74 260.39 751.63 0.084378
4 515.59 101.08 568.29 151.28 0.131418
4 0.30 366.13 43.26 454.68 0.094854
2 435.96 28.11 471.53 78.99 0.088578
7 175.67 486.28 261.32 537.99 0.081311
2 294.61 805.16 311.30 818.53 0.084593
2 27.30 932.73 77.35 980.60 0.096611
6 993.26 78.48 1398.96 1048.46 0.081246
4 1132.99 170.23 1174.70 200.12 0.098297
2 479.84 508.22 631.53 702.72 0.134615
1 910.93 144.14 923.19 172.28 0.104902
4 435.77 82.27 477.06 110.52 0.094490
1 113.77 778.94 143.61 816.60 0.083174
2 491.67 724.25 525.68 752.06 0.080650
2 1.53 922.69 36.19 965.36 0.091337
2 910.04 372.65 930.02 397.19 0.084719
4 163.32 6.48 205.48 32.01 0.081928
3 912.23 138.34 955.51 175.13 0.101056
2 191.77 650.30 227.46 685.05 0.103262
4 144.02 104.36 171.78 143.39 0.101720
1 615.13 100.04 628.98 127.26 0.084405
4 892.35 1010.21 927.00 1041.20 0.084464
4 421.18 148.39 454.94 175.67 0.087408
5 887.22 99.68 909.22 138.45 0.095042
2 568.70 663.49 601.21 698.77 0.080021
2 323.33 489.97 368.73 533.86 0.094153
4 144.90 144.02 172.77 179.11 0.181633
3 896.77 383.06 937.48 414.94 0.109712
1 1174.26 474.79 1199.44 497.75 0.085353
3 175.48 450.09 277.27 533.95 0.110641
4 758.39 47.83 790.40 78.65 0.207072
2 190.12 807.04 207.47 831.18 0.080742
4 988.68 267.83 1030.55 304.15 0.143600
2 440.47 719.01 480.41 757.89 0.092389
4 322.62 299.81 374.90 336.66 0.102520
2 392.23 107.64 421.98 144.56 0.087352
4 797.01 115.67 828.52 153.01 0.094581
3 252.03 658.89 321.08 703.83 0.108066
3 89.53 915.24 151.73 978.64 0.093059
2 474.43 773.04 520.30 824.77 0.127078
