4 890.88 344.23 1004.77 398.82 0.664882
4 383.10 463.33 505.76 523.98 0.512715
6 629.32 258.42 789.58 337.89 0.639997
4 32.43 365.70 149.00 416.74 0.656992
4 143.83 569.89 276.75 624.40 0.542916
4 1296.10 0.26 1356.95 36.50 0.349408
4 1362.65 62.53 1399.65 85.36 0.218014
4 1368.63 231.10 1399.85 320.19 0.229566
5 1315.54 79.88 1399.38 175.23 0.227289
4 1308.31 161.48 1338.29 183.58 0.197823
9 593.79 158.40 806.26 213.74 0.174906
5 1092.32 0.35 1195.45 91.84 0.156842
4 1089.79 58.35 1143.14 91.98 0.150983
6 1200.69 1.27 1319.72 97.33 0.157899
1 558.32 254.29 573.21 286.63 0.119638
3 1026.68 400.83 1097.61 430.17 0.162854
4 1327.90 149.37 1363.70 175.66 0.137798
4 1342.18 22.85 1399.76 63.32 0.134411
5 726.42 298.51 789.09 333.75 0.106668
7 629.81 258.59 789.24 337.45 0.087211
2 638.60 271.48 717.48 305.35 0.116971
1 395.79 256.77 405.56 278.48 0.090629
6 723.26 257.74 789.32 333.67 0.090027
4 1362.49 67.81 1381.52 83.66 0.113110
2 641.53 287.26 663.77 305.02 0.113121
1 143.81 569.77 276.75 624.44 0.083658
4 1274.47 103.85 1362.94 178.49 0.117872
4 85.12 31.11 128.69 55.08 0.107230
3 1340.48 31.36 1367.54 63.59 0.087592
6 1088.61 0.32 1399.11 179.76 0.095034
10 968.90 259.52 983.03 272.91 0.091767
4 1291.89 85.18 1309.41 98.70 0.083488
6 1294.54 0.00 1399.61 37.02 0.096491
4 1366.29 37.43 1399.89 60.75 0.096229
1 1385.27 22.26 1398.65 41.36 0.103374
