4 1414.92 271.61 1718.04 484.18 0.671026
4 1842.63 128.03 1999.49 362.92 0.644103
4 1761.10 690.75 1999.40 955.50 0.618476
4 987.72 808.30 1344.15 1089.08 0.508744
4 880.98 617.39 1225.15 858.04 0.470524
4 1199.61 28.04 1439.78 206.47 0.485453
4 1281.76 137.90 1570.20 357.03 0.489093
4 1078.70 0.11 1340.68 142.46 0.495179
4 1667.47 0.16 1820.40 137.71 0.485176
2 611.39 610.77 679.60 704.62 0.434853
4 973.38 0.36 1099.70 65.89 0.475843
4 1166.07 1208.53 1710.60 1498.56 0.386818
3 384.36 129.20 424.72 201.69 0.340144
1 741.23 224.72 823.63 323.20 0.308053
9 1.60 0.57 1037.66 1500.09 0.347029
2 548.41 125.60 650.73 202.79 0.315541
1 535.73 401.30 608.13 490.86 0.430303
4 1510.65 354.74 1848.23 610.18 0.342453
3 383.95 128.14 482.46 202.43 0.272057
1 442.22 287.09 549.62 364.95 0.280572
3 550.62 142.33 590.30 201.30 0.300761
1 629.85 495.73 664.95 550.36 0.245504
7 527.28 487.45 594.54 574.14 0.235700
3 676.00 395.25 832.95 550.37 0.182032
3 429.08 147.70 482.54 191.74 0.220220
3 550.53 139.12 650.37 201.89 0.239462
1 555.20 121.04 583.02 171.94 0.276825
1 484.77 920.08 584.02 992.56 0.260100
1 660.82 693.30 734.42 775.08 0.244871
3 676.15 469.41 771.40 550.14 0.271106
2 593.01 137.94 650.37 188.79 0.177155
1 539.84 423.05 590.59 458.53 0.140021
2 722.08 395.08 833.15 476.78 0.250431
1 1200.78 230.84 1244.42 291.80 0.236186
2 456.80 287.51 544.84 337.27 0.207405
3 809.41 1052.61 847.41 1097.92 0.143137
1 450.19 1017.81 554.45 1054.91 0.195539
2 433.91 290.13 575.41 374.05 0.214538
1 564.23 778.30 632.58 832.92 0.157634
1 498.60 289.49 545.59 336.45 0.205982
3 776.56 942.54 841.57 1013.31 0.261783
3 582.66 523.13 635.92 573.54 0.123993
1 462.69 289.80 496.73 326.13 0.177037
6 235.78 291.53 362.13 466.19 0.121620
2 783.93 1004.16 846.70 1098.04 0.169761
10 516.41 920.02 584.37 984.55 0.142135
2 335.07 304.39 430.43 424.21 0.113088
3 679.16 1031.30 723.32 1108.92 0.150136
1 535.28 438.35 572.01 491.54 0.150235
4 483.58 303.58 575.47 373.62 0.224188
7 526.60 403.62 611.77 567.68 0.088222
2 556.40 424.07 589.13 455.71 0.108243
1 581.14 401.67 608.82 470.13 0.111904
1 723.34 190.26 783.71 273.29 0.124015
3 201.25 356.73 307.09 447.45 0.114815
3 717.58 1206.91 797.78 1307.21 0.112315
3 675.68 493.81 718.65 549.99 0.095487
3 701.67 465.95 771.09 511.28 0.121868
3 313.36 681.58 481.18 881.42 0.097788
10 300.20 373.95 360.81 465.88 0.087644
2 449.81 919.27 584.70 1055.47 0.091395
1 742.94 222.91 786.55 274.65 0.111288
7 428.56 239.35 609.17 374.64 0.099541
10 723.56 190.03 763.25 233.60 0.134917
7 782.78 410.98 834.32 455.96 0.088207
2 456.27 606.61 562.51 665.15 0.193133
1 526.01 612.28 562.44 661.91 0.106369
5 538.01 238.40 608.83 319.43 0.120917
3 756.80 405.60 834.97 463.84 0.089137
2 442.45 299.90 477.75 343.21 0.112963
2 454.81 1020.18 508.12 1054.22 0.095575
3 255.44 353.91 309.45 414.96 0.094368
3 534.30 426.08 608.14 495.52 0.129729
2 398.94 364.73 439.03 431.11 0.081834
1 587.19 495.40 665.32 574.61 0.133979
3 449.67 554.87 561.39 664.51 0.151020
4 288.11 329.88 351.91 380.70 0.081988
2 586.55 401.92 606.85 438.95 0.085986
2 780.14 241.90 809.76 285.97 0.096880
3 650.06 935.97 847.26 1110.53 0.086149
10 1573.13 453.06 1635.14 526.88 0.092913
10 1101.95 1382.31 1139.19 1422.28 0.096207
2 740.07 396.08 793.45 449.59 0.104046
3 653.58 983.61 724.73 1109.30 0.108453
3 514.99 682.08 594.21 764.32 0.102093
2 495.54 293.55 547.14 364.51 0.093622
2 773.85 412.02 802.32 449.17 0.093727
6 1076.07 2.02 1573.24 370.09 0.080577
7 207.38 291.59 438.32 467.51 0.096304
4 422.11 304.33 482.71 359.09 0.083337
3 379.79 789.90 480.25 880.91 0.081652
2 440.05 294.26 462.69 315.04 0.086478
3 787.81 943.77 830.67 986.16 0.087053
3 360.72 348.84 452.91 434.14 0.107784
7 421.94 304.59 497.86 373.62 0.095773
6 1077.80 3.89 1848.36 612.87 0.109180
