4 841.23 318.98 869.37 336.17 0.559886
4 1110.93 66.85 1129.65 78.88 0.480387
4 1202.71 120.45 1222.93 136.41 0.480192
4 439.41 461.39 465.48 488.59 0.474274
4 1163.82 93.99 1183.87 111.11 0.476015
4 115.44 87.09 129.15 100.91 0.414214
5 1342.82 158.53 1399.23 181.08 0.326783
4 99.28 103.61 112.09 120.54 0.402452
4 887.39 28.79 898.88 40.08 0.408941
5 778.27 89.14 856.81 126.86 0.363062
4 74.96 142.39 101.53 161.57 0.384428
4 467.67 561.63 512.42 597.11 0.315487
4 1133.66 140.94 1153.60 152.10 0.341264
4 539.32 154.25 594.65 180.48 0.342754
5 395.78 453.66 420.51 487.51 0.289939
4 1057.07 10.75 1084.46 28.38 0.274175
4 154.00 90.65 174.82 109.10 0.295104
6 1360.13 132.78 1399.80 164.15 0.196371
4 117.64 117.98 130.63 131.43 0.335323
4 290.91 358.57 308.88 377.05 0.270423
4 141.39 120.62 162.05 135.80 0.308820
6 1082.81 15.14 1164.00 59.55 0.256807
5 1360.35 147.49 1399.29 165.66 0.257386
4 682.18 361.84 706.96 378.46 0.292842
6 1342.69 147.52 1399.42 181.51 0.218574
4 1297.48 459.62 1307.78 476.31 0.089321
4 988.15 14.90 997.89 26.50 0.237234
4 87.07 240.68 110.91 260.52 0.192361
6 1205.16 43.98 1258.28 71.72 0.168302
4 948.26 118.46 979.19 130.32 0.199113
4 910.65 31.87 921.12 41.83 0.234035
9 392.93 452.93 426.71 503.83 0.113009
4 1191.01 47.25 1205.13 60.11 0.238360
4 306.36 154.60 330.60 165.25 0.215542
5 662.51 150.46 682.44 165.81 0.151196
6 1136.87 19.03 1180.18 45.61 0.133704
9 1359.26 148.03 1399.43 176.28 0.107539
4 541.33 361.67 566.59 375.57 0.122972
4 513.56 18.82 560.79 38.94 0.147947
4 1161.91 41.43 1177.76 56.27 0.169211
4 539.42 168.40 553.27 181.17 0.157576
4 1374.13 562.41 1382.66 571.42 0.085546
4 1349.88 27.22 1363.96 37.09 0.150408
4 613.18 21.84 632.70 34.86 0.168791
4 1059.97 30.23 1084.60 43.87 0.153242
4 994.69 183.12 1013.08 199.92 0.162621
4 177.74 144.96 195.91 153.87 0.179120
4 1181.07 76.39 1201.16 85.95 0.186516
4 1360.07 547.69 1372.38 562.90 0.141341
4 1262.76 490.83 1281.80 506.84 0.123915
4 247.13 411.04 261.33 430.17 0.148303
4 1100.12 124.98 1117.90 136.16 0.203496
4 245.39 271.35 265.69 297.95 0.096874
4 354.59 362.44 363.63 369.96 0.084752
6 539.43 245.23 703.43 308.35 0.133080
4 951.28 388.76 964.39 404.72 0.104773
4 351.24 389.92 374.63 405.23 0.150598
6 1081.31 13.42 1123.68 48.55 0.153889
4 563.19 14.20 577.30 25.12 0.142143
4 1092.39 141.27 1100.86 147.87 0.084818
6 886.78 15.79 919.19 41.12 0.140913
3 266.68 313.01 293.41 335.52 0.126572
4 926.29 401.04 940.41 412.20 0.086832
4 946.26 82.38 952.51 91.90 0.143973
4 973.36 167.93 981.41 176.63 0.101740
4 904.01 31.98 914.49 41.36 0.098846
4 1108.66 108.06 1134.79 120.49 0.166196
4 484.85 187.97 505.16 205.40 0.125322
4 999.50 34.18 1023.64 46.56 0.121847
6 917.85 1.34 982.23 32.40 0.185703
4 1191.02 37.63 1215.39 60.09 0.137721
4 1239.77 118.91 1260.67 133.32 0.205183
4 641.29 23.81 655.51 37.43 0.111034
4 1116.88 141.61 1127.71 148.22 0.089411
4 1208.69 56.19 1244.39 75.04 0.110275
4 647.52 446.84 674.67 475.30 0.134474
4 963.18 20.77 982.10 32.34 0.235292
4 51.89 125.51 59.71 135.33 0.157074
4 641.28 243.97 659.98 253.05 0.099256
4 961.45 214.25 968.95 225.03 0.105280
4 1021.74 386.65 1040.35 395.39 0.136970
1 222.44 282.40 231.25 296.42 0.094388
4 51.11 37.70 70.71 49.49 0.166689
4 421.37 70.49 434.79 79.98 0.112384
6 688.08 15.99 709.78 29.37 0.085274
4 1196.44 225.15 1213.85 234.61 0.107840
9 641.37 240.97 696.34 254.60 0.091846
4 173.86 63.94 189.04 75.94 0.194055
4 524.74 365.51 537.74 378.37 0.088540
4 147.29 200.08 174.80 210.71 0.105008
4 1267.43 1.47 1289.20 12.79 0.155956
9 398.70 468.51 419.97 487.74 0.124261
4 1270.10 68.87 1287.64 80.71 0.096439
4 681.99 361.42 719.39 390.19 0.102118
4 801.68 56.25 825.89 68.41 0.102191
4 1360.01 547.29 1383.07 571.05 0.082114
4 740.27 120.68 748.38 129.27 0.090735
4 1369.55 79.80 1380.45 91.87 0.124789
4 1195.77 37.45 1214.81 48.83 0.085812
4 1267.64 90.21 1283.63 98.24 0.124192
4 739.05 110.31 765.31 130.95 0.095096
4 925.89 97.21 932.60 102.54 0.083078
9 709.82 245.88 772.87 259.61 0.085418
4 1257.00 72.44 1276.78 83.49 0.116038
4 948.51 118.34 965.21 126.72 0.102026
4 1327.98 52.71 1342.54 72.45 0.096043
6 1205.35 47.58 1229.64 64.42 0.106535
9 1137.38 19.32 1179.63 34.08 0.100026
6 1001.11 0.80 1062.22 28.95 0.091521
4 786.95 47.36 801.05 56.63 0.099554
4 1377.12 482.87 1399.78 497.19 0.090876
4 1101.20 108.20 1148.46 134.37 0.098880
4 876.29 14.89 888.47 24.29 0.083986
4 128.57 117.19 138.57 130.17 0.087180
4 697.23 111.49 714.10 121.92 0.085162
4 44.82 111.94 60.05 135.70 0.127557
4 614.84 201.31 632.99 213.14 0.090058
6 740.13 88.85 857.15 134.14 0.092153
4 396.28 454.02 419.64 476.15 0.163729
4 82.63 207.67 94.55 217.45 0.085169
4 1135.08 117.98 1149.00 127.58 0.106111
4 1127.27 48.74 1142.40 59.71 0.106554
4 998.40 33.53 1007.03 40.94 0.084600
4 1100.63 40.53 1111.50 54.42 0.080430
4 950.95 3.98 963.60 12.58 0.127237
4 222.42 87.55 233.03 97.77 0.116205
4 513.06 21.76 531.19 33.29 0.080253
4 154.64 87.87 165.62 98.07 0.097003
4 1305.97 97.33 1321.74 108.63 0.090337
4 1110.80 48.42 1128.71 60.77 0.093734
9 918.80 0.53 963.17 15.87 0.086792
4 1389.23 484.70 1399.81 497.73 0.095214
4 42.42 111.21 52.18 127.69 0.088326
4 186.86 549.28 198.15 564.13 0.088969
5 1376.49 132.88 1399.96 155.19 0.212957
4 74.79 150.64 87.61 162.04 0.107745
4 149.68 36.43 168.23 52.72 0.085881
