4 1225.96 124.87 1278.57 186.46 0.468422
4 90.43 713.74 183.79 772.32 0.499028
4 914.42 246.98 968.41 282.17 0.491524
4 1114.82 312.05 1183.80 369.79 0.476134
4 939.82 437.66 1003.41 509.14 0.463284
4 582.35 683.67 668.22 743.91 0.430586
4 729.40 617.06 807.91 689.16 0.432087
4 1023.05 316.45 1070.54 363.79 0.427643
5 1218.43 472.31 1304.33 643.12 0.335225
4 966.25 293.75 1019.42 360.92 0.348676
4 12.18 208.73 57.82 271.60 0.342562
4 393.35 782.24 484.78 836.14 0.345346
4 700.13 632.44 730.18 660.40 0.238360
4 500.34 571.09 553.95 640.22 0.342484
4 574.73 607.49 654.26 664.02 0.387017
4 1308.58 0.12 1339.90 24.06 0.272594
4 751.77 239.61 827.02 278.58 0.287706
4 1352.55 52.00 1397.02 111.83 0.290349
4 1373.74 866.41 1399.88 915.38 0.248115
4 0.11 747.10 15.34 790.79 0.262700
4 395.97 301.73 509.38 359.70 0.196558
1 479.04 314.10 500.99 350.67 0.189059
4 108.20 577.68 134.19 599.42 0.181450
4 1038.49 176.69 1061.86 201.02 0.243499
4 428.67 472.74 456.86 500.47 0.166526
4 488.69 82.13 557.16 135.02 0.126715
4 488.65 101.29 526.43 134.11 0.227477
2 696.62 408.23 720.55 439.91 0.185481
4 11.55 687.32 74.55 722.96 0.223646
1 457.37 304.27 477.71 338.89 0.229244
4 1371.97 0.32 1399.62 21.29 0.253354
4 500.80 570.95 531.24 597.93 0.184522
4 1307.57 104.96 1352.36 175.42 0.290963
4 1342.03 33.70 1358.70 56.60 0.189907
4 1116.85 127.27 1135.47 153.85 0.202191
4 240.74 640.37 281.52 671.86 0.188119
4 616.57 627.47 653.35 663.83 0.151313
4 399.87 597.76 425.08 626.71 0.190836
4 210.07 588.86 233.55 613.75 0.125259
4 1344.94 166.03 1362.68 192.81 0.154822
4 1308.38 148.95 1343.79 174.20 0.125305
4 911.39 496.00 929.76 527.68 0.148830
1 860.43 764.47 907.60 818.90 0.176173
4 83.98 618.83 116.64 642.55 0.141823
4 406.30 431.54 434.24 462.21 0.143425
4 705.19 409.43 719.08 429.44 0.088537
4 1193.68 327.26 1211.31 361.46 0.102699
4 1276.02 278.93 1303.70 298.10 0.120303
4 1351.09 122.16 1385.24 156.60 0.161120
4 13.62 584.74 46.21 605.07 0.151144
4 452.00 432.34 479.74 463.34 0.150270
1 398.88 596.85 441.43 672.32 0.230164
4 479.77 462.34 509.83 491.87 0.153505
4 77.06 588.72 89.94 600.08 0.107416
4 364.58 510.71 395.53 538.75 0.131184
4 414.84 369.00 448.91 398.91 0.127945
4 249.52 576.44 283.97 601.97 0.125727
4 1020.01 879.81 1135.14 950.50 0.113676
4 464.37 161.04 496.47 185.55 0.161381
4 432.06 403.28 458.39 432.21 0.138643
4 786.16 525.03 804.88 545.21 0.122715
4 1279.35 23.67 1302.90 48.55 0.156001
4 319.20 634.08 386.94 680.49 0.197461
1 27.46 645.35 57.42 673.16 0.113801
6 1022.48 267.25 1113.09 365.56 0.125539
4 423.44 319.71 466.88 348.90 0.112434
6 1216.30 12.75 1397.56 646.63 0.086936
4 166.36 594.13 191.70 616.64 0.118022
4 1124.90 404.32 1164.68 449.61 0.135934
4 183.40 672.35 205.17 703.49 0.108701
4 444.49 318.42 463.54 335.72 0.108494
1 1275.99 241.96 1308.38 298.15 0.151521
4 131.05 608.98 157.99 630.94 0.098168
2 435.61 504.17 473.79 538.60 0.133929
4 246.21 537.74 276.89 567.44 0.114902
4 777.39 616.94 807.94 647.77 0.116082
4 1312.88 233.73 1360.89 291.88 0.202045
2 498.23 514.09 526.20 546.16 0.133622
4 433.83 441.22 450.17 457.08 0.094916
4 729.26 651.53 768.01 688.98 0.086912
4 574.93 609.66 610.42 644.26 0.134857
4 1114.66 22.68 1134.47 53.24 0.105717
4 286.46 527.82 317.49 560.37 0.098656
6 463.09 404.76 538.42 472.13 0.100743
4 1233.51 104.43 1253.89 127.87 0.113801
4 387.12 481.41 419.52 508.60 0.105746
4 1353.34 83.51 1384.92 111.37 0.098831
4 286.72 215.43 340.75 253.36 0.137203
4 426.37 159.19 463.30 186.66 0.094311
4 422.29 331.25 449.47 351.33 0.102863
4 400.86 384.95 421.54 415.73 0.109577
4 319.93 648.29 348.76 680.19 0.132726
4 606.26 479.06 633.79 505.68 0.104810
4 377.22 541.83 409.68 572.11 0.115969
4 1345.37 123.02 1387.92 192.99 0.175688
4 112.35 664.46 148.24 683.35 0.088914
4 780.92 339.46 796.78 371.43 0.081820
4 727.98 783.99 786.29 837.25 0.099413
4 324.72 517.50 356.83 550.44 0.107965
1 1255.94 393.57 1290.70 461.98 0.250316
4 820.22 285.48 843.74 306.14 0.084053
4 396.13 330.82 416.72 361.79 0.081761
4 326.69 557.20 355.41 584.27 0.103882
4 2.88 328.70 48.16 372.82 0.088454
4 1356.85 51.86 1391.54 82.63 0.114089
4 288.34 567.89 319.44 598.37 0.093579
7 397.50 316.11 507.40 358.90 0.100578
4 1111.04 10.38 1164.36 58.15 0.084598
4 824.19 444.41 857.43 472.80 0.081494
4 756.28 770.54 790.85 807.02 0.084505
1 867.15 475.72 895.48 516.92 0.081552
4 471.44 311.36 507.70 336.37 0.122650
6 423.24 303.57 508.10 350.35 0.148632
6 781.77 253.13 845.69 371.79 0.089504
4 1352.52 0.00 1366.50 11.04 0.123766
4 984.27 146.24 1007.48 168.00 0.081605
1 306.67 105.98 345.98 177.68 0.106238
6 751.05 215.64 827.64 279.48 0.111537
4 1255.10 392.20 1308.91 463.83 0.088511
4 1287.91 220.66 1333.28 269.10 0.140555
1 825.08 415.92 876.70 471.31 0.085983
2 450.31 304.58 502.26 341.98 0.139309
3 1233.38 705.88 1342.21 778.67 0.133176
4 181.83 557.02 218.87 586.94 0.141960
4 671.57 632.28 731.38 687.85 0.092064
