4 597.81 349.57 641.94 389.87 0.540445
4 162.69 472.51 270.41 518.18 0.537457
4 519.77 918.62 738.81 1040.54 0.494400
4 637.96 436.54 707.51 492.04 0.441474
4 1133.45 519.60 1203.21 587.97 0.427034
5 16.37 493.77 137.53 568.39 0.350146
2 1207.34 629.11 1241.18 659.51 0.410230
4 1273.48 510.42 1357.63 593.88 0.474618
1 729.71 517.62 751.26 556.85 0.400567
4 1216.08 468.92 1339.54 521.10 0.398503
1 1013.56 568.98 1033.42 612.71 0.425533
2 177.14 414.55 231.33 442.36 0.275540
1 956.74 574.19 973.94 617.85 0.416747
4 251.04 401.21 340.00 437.72 0.427736
4 1022.32 449.85 1065.79 498.82 0.428947
4 954.32 394.86 990.18 433.05 0.418129
3 186.63 419.64 231.42 442.37 0.438876
1 125.76 614.79 151.54 654.46 0.422207
1 552.52 517.36 567.63 556.18 0.377155
3 857.61 464.81 899.18 506.36 0.465273
4 376.09 382.77 413.65 414.43 0.394469
3 1186.53 611.62 1209.91 638.16 0.373296
4 249.30 423.55 340.77 469.83 0.429679
4 252.67 347.66 311.34 389.45 0.375793
4 322.02 367.26 382.18 412.62 0.372298
4 1022.61 403.33 1061.77 447.15 0.401312
1 918.09 377.09 931.82 409.67 0.388474
1 1122.87 626.18 1145.58 673.74 0.372753
3 59.53 412.39 85.69 438.53 0.307307
4 410.93 314.39 461.83 355.80 0.335072
4 1061.36 365.30 1109.93 406.81 0.365919
4 941.04 356.63 982.40 394.30 0.375519
1 127.47 545.16 161.00 584.89 0.337831
4 920.22 238.17 939.63 261.77 0.337617
4 1304.16 399.35 1377.74 463.57 0.354224
4 1101.87 338.17 1176.67 368.25 0.331199
4 303.13 322.39 357.85 358.63 0.386192
4 197.49 329.03 253.71 357.28 0.343836
1 35.87 531.75 60.09 575.48 0.334299
4 1187.32 395.09 1246.78 451.26 0.335519
4 1012.53 358.28 1057.17 403.39 0.301212
4 987.95 181.56 1007.64 201.12 0.314419
1 1161.08 612.71 1186.36 660.49 0.317554
4 1072.04 298.71 1144.68 330.98 0.300371
4 938.92 327.84 969.13 356.73 0.318175
4 228.55 297.92 293.02 325.82 0.308419
4 1117.63 367.53 1197.49 403.74 0.357231
4 823.92 88.72 832.96 98.36 0.279488
4 1343.45 504.87 1399.81 589.93 0.372663
4 642.72 195.68 664.29 215.52 0.333959
4 1127.81 394.49 1183.43 446.72 0.381578
4 270.77 276.10 339.32 302.75 0.310607
4 487.62 253.27 512.34 274.93 0.323479
3 1163.82 604.85 1208.81 637.75 0.240566
4 1380.32 482.33 1399.80 514.95 0.343442
4 660.31 181.43 678.95 200.02 0.282156
1 1211.32 629.54 1239.49 682.96 0.270851
1 1221.87 611.97 1252.23 658.01 0.315521
1 1042.50 274.59 1053.79 303.49 0.321120
4 811.02 98.35 822.75 109.32 0.305165
1 128.87 472.59 146.09 508.29 0.301745
3 16.08 556.65 61.55 586.44 0.260764
4 700.75 145.84 715.19 160.28 0.264870
4 194.88 308.60 264.20 338.10 0.276513
4 326.20 251.17 388.44 272.84 0.287440
1 24.20 405.38 44.52 446.46 0.276418
4 722.72 125.80 738.58 141.42 0.255138
4 346.04 326.27 398.69 368.21 0.320796
4 295.13 267.66 351.10 292.09 0.285465
4 762.86 105.44 777.21 118.50 0.258757
2 1122.45 597.30 1252.16 711.03 0.182128
4 841.44 51.51 860.14 65.08 0.297842
3 552.56 543.47 568.18 558.25 0.245665
4 349.72 304.24 389.06 330.35 0.336709
3 1158.14 659.41 1203.96 712.58 0.282558
3 282.08 317.87 299.34 338.38 0.258863
4 1058.66 281.02 1116.82 306.78 0.274961
6 16.86 494.06 137.40 567.62 0.134084
4 383.60 304.96 432.18 337.99 0.329019
4 31.93 394.31 106.60 430.11 0.224378
4 384.24 278.43 426.77 305.16 0.232860
4 984.71 172.29 1002.00 186.03 0.239185
6 28.79 393.53 107.51 438.29 0.150222
4 948.13 204.48 967.55 221.32 0.261800
2 1158.36 651.57 1208.27 711.80 0.163003
1 176.01 412.56 193.99 438.87 0.248068
3 0.65 407.99 18.76 433.67 0.229533
2 1171.46 595.27 1207.12 635.81 0.113956
1 125.31 389.70 140.38 419.88 0.232099
4 683.27 162.74 697.32 178.08 0.220055
1 54.57 469.15 75.20 494.99 0.278409
4 362.99 235.15 395.44 249.78 0.191673
4 413.34 266.53 433.86 284.49 0.232407
1 1087.33 246.13 1098.99 270.44 0.246305
6 36.10 322.00 202.68 396.40 0.261999
6 1121.91 179.80 1398.59 400.99 0.171450
4 691.46 155.57 705.18 170.53 0.174668
4 448.40 163.15 472.15 180.31 0.215380
3 107.76 452.83 173.36 485.34 0.264057
4 739.14 109.30 756.51 127.16 0.172873
4 413.96 262.08 452.53 285.47 0.152181
2 16.32 531.49 60.90 586.38 0.147105
4 570.01 287.03 594.34 307.48 0.130824
2 16.17 559.13 42.89 586.37 0.222000
4 832.47 72.09 840.75 80.03 0.184815
1 1037.73 235.49 1049.59 253.49 0.201447
4 749.94 94.46 768.93 110.40 0.141337
1 1066.37 203.93 1078.70 235.51 0.157611
2 1007.78 204.83 1018.89 218.73 0.121749
4 428.17 278.29 468.62 311.01 0.260269
3 22.71 522.33 40.04 550.73 0.218010
4 772.89 93.25 784.17 104.21 0.162008
2 1159.99 654.45 1189.04 687.83 0.184680
4 172.14 298.12 200.98 321.71 0.174328
3 223.38 335.11 254.31 357.67 0.133590
4 1066.80 288.98 1130.92 316.68 0.128057
3 1179.37 673.58 1201.27 712.66 0.188003
4 792.92 65.82 804.65 77.25 0.140007
1 1003.69 139.37 1017.03 169.26 0.135100
4 271.76 268.48 294.16 281.43 0.183995
4 781.47 72.89 793.91 83.84 0.091322
4 933.86 307.21 957.69 328.76 0.181320
4 833.08 58.76 841.50 67.09 0.153856
4 391.99 242.29 412.91 259.06 0.190020
4 969.13 135.52 985.55 153.43 0.164353
4 797.47 223.61 811.08 238.01 0.094505
1 126.24 447.42 139.47 470.30 0.187969
1 1185.79 651.28 1207.43 686.81 0.252399
3 16.72 475.98 74.37 508.93 0.190918
1 1019.09 205.15 1028.44 221.10 0.176794
4 496.71 217.06 545.84 241.60 0.149856
4 721.96 203.69 738.39 213.73 0.103829
4 362.41 235.45 412.17 260.12 0.137555
4 1012.50 356.51 1027.15 383.15 0.086270
1 224.71 343.89 237.90 369.12 0.219100
6 623.80 135.33 684.39 167.05 0.106448
9 797.04 222.55 826.18 239.30 0.087162
4 655.04 286.35 684.56 309.40 0.081467
3 1065.57 244.14 1087.95 263.58 0.108820
6 15.98 476.35 75.04 550.37 0.125821
4 1010.25 314.06 1028.70 329.80 0.100298
4 778.34 75.43 791.55 88.55 0.129449
3 38.72 559.67 61.51 575.98 0.096426
6 931.60 286.02 956.84 328.36 0.093472
3 134.58 626.87 148.37 653.25 0.107071
4 802.74 50.74 815.78 60.61 0.112028
3 1125.17 657.40 1146.93 676.80 0.099847
4 758.21 88.49 771.41 100.70 0.130017
1 137.33 498.19 164.97 533.97 0.131717
3 132.12 444.50 168.98 467.10 0.137495
2 280.15 308.30 298.48 338.81 0.102352
3 1044.05 272.30 1077.46 301.46 0.091393
6 0.22 294.46 38.23 402.39 0.091544
4 1107.59 355.27 1159.94 386.86 0.124127
4 1369.12 531.32 1399.88 589.59 0.178939
4 520.03 930.55 593.56 1033.46 0.090998
3 1157.64 627.58 1241.34 711.31 0.103077
4 776.95 44.41 788.73 56.61 0.093639
3 188.33 346.46 210.99 372.67 0.187226
6 834.59 50.18 860.35 66.87 0.123874
4 524.86 224.09 546.84 240.90 0.140317
4 812.31 51.84 822.99 60.91 0.088468
2 685.57 180.45 694.97 196.19 0.127736
4 961.19 113.94 973.51 127.13 0.123986
4 1055.75 280.55 1079.31 302.16 0.166014
3 137.25 513.25 164.75 533.76 0.192820
1 1106.95 244.18 1118.32 267.79 0.140453
4 402.76 217.14 418.30 229.88 0.179979
1 139.33 620.04 152.04 648.21 0.144390
1 710.45 288.23 721.40 313.86 0.103023
2 1158.47 660.41 1172.34 687.32 0.113323
3 1087.22 251.94 1099.39 270.02 0.121521
3 130.36 405.29 140.04 419.40 0.107318
4 417.67 172.41 452.88 185.93 0.104635
4 913.60 58.60 930.03 72.22 0.092444
2 55.74 469.15 69.04 481.80 0.102539
4 1151.21 351.30 1206.25 387.67 0.115844
2 124.06 512.66 137.20 531.16 0.112301
2 149.70 446.27 170.22 473.08 0.118028
2 23.54 396.72 37.46 424.42 0.083809
10 342.61 136.25 362.54 168.73 0.097109
6 985.11 104.52 1004.83 132.45 0.081430
1 51.87 411.39 63.00 430.67 0.106902
4 1348.02 626.55 1399.53 701.69 0.184286
4 360.46 245.73 393.93 264.65 0.164145
4 496.55 218.25 517.15 235.21 0.140348
2 126.21 444.89 164.76 473.13 0.109185
4 442.38 274.84 486.43 293.12 0.098775
10 941.81 611.45 960.76 625.99 0.154156
1 774.91 290.59 785.95 315.07 0.103002
4 964.79 124.32 982.28 139.77 0.095360
3 731.04 541.80 750.83 556.75 0.100436
2 111.90 393.90 126.90 416.52 0.080548
3 107.58 462.27 139.39 483.09 0.164038
4 470.05 276.82 487.42 292.41 0.141707
3 1031.19 207.52 1048.82 221.50 0.082717
4 932.23 286.19 953.35 305.52 0.089763
4 744.00 106.00 758.65 119.10 0.083154
4 832.62 115.93 841.37 125.16 0.140107
4 1071.36 304.22 1093.22 329.03 0.092018
9 834.02 31.47 865.43 62.59 0.087239
4 731.78 128.80 740.93 142.62 0.082686
7 1.33 391.94 106.72 437.22 0.087251
2 49.88 525.03 70.13 544.00 0.114524
2 50.98 525.60 73.62 563.32 0.090525
3 154.51 453.71 174.32 473.18 0.091176
2 166.93 365.27 184.69 386.87 0.081398
4 913.99 196.87 930.94 214.10 0.103405
1 813.71 184.67 822.46 202.56 0.241377
4 379.79 246.40 398.37 261.69 0.080560
2 19.26 470.54 74.89 503.59 0.082449
2 939.95 269.33 1375.72 712.41 0.091040
3 957.00 591.02 971.08 617.17 0.100280
5 1160.98 351.54 1206.44 387.65 0.084720
2 1212.83 627.23 1231.32 648.26 0.100732
3 179.78 419.30 207.27 440.29 0.100573
2 384.74 384.70 407.72 411.09 0.103839
4 736.25 116.60 748.27 129.47 0.097989
2 1084.04 246.67 1093.82 268.24 0.100340
1 1173.64 595.43 1197.85 632.96 0.269783
4 462.89 265.34 490.89 290.61 0.132792
3 918.72 384.11 931.06 409.79 0.180884
4 847.76 90.86 861.88 100.48 0.103174
