4 809.56 339.15 872.77 554.59 0.373125
4 541.24 397.71 599.72 504.91 0.247369
4 821.06 339.88 871.95 437.42 0.266107
1 800.07 444.05 1053.33 1044.93 0.226134
4 790.69 578.01 844.83 682.99 0.254649
4 2.35 2.14 1106.81 1047.43 0.178985
4 813.02 450.58 861.30 528.55 0.211988
6 2.02 2.64 677.22 1047.02 0.211603
1 896.77 446.55 979.19 604.29 0.228877
1 90.99 812.56 534.81 1048.32 0.134656
1 551.39 762.97 577.55 821.22 0.148688
9 1027.04 3.38 1399.05 1046.74 0.177516
4 613.83 168.96 661.38 251.71 0.135928
2 3.62 2.45 1395.75 1047.64 0.159861
9 1.54 2.55 509.37 1046.09 0.191433
10 810.10 339.25 872.67 550.66 0.083278
9 492.22 3.93 1094.28 1046.30 0.132177
4 540.27 309.94 622.43 505.84 0.118570
10 790.76 577.81 844.81 683.17 0.101901
4 709.42 21.82 772.81 105.66 0.107988
9 804.99 338.79 873.05 624.17 0.095499
4 1280.12 89.99 1344.97 152.00 0.088055
2 91.58 540.83 667.99 1046.68 0.085376
2 792.43 444.96 981.18 685.00 0.135789
1 893.54 445.77 1021.90 736.47 0.090226
2 787.40 341.67 1072.54 1046.15 0.103040
