4 609.18 402.17 654.75 428.55 0.564011
4 918.89 381.25 1022.70 449.92 0.431699
4 987.16 59.40 1032.10 82.00 0.492605
4 936.18 474.26 990.57 507.23 0.491393
4 770.24 303.40 819.63 332.20 0.460365
4 1090.44 400.00 1147.81 437.39 0.477682
4 1285.40 450.49 1348.72 487.81 0.521954
4 7.37 288.80 58.39 314.34 0.448470
4 1147.29 47.86 1199.12 74.17 0.371039
4 1308.56 762.82 1375.21 787.56 0.428649
4 767.04 239.10 798.23 254.31 0.412870
4 1198.27 23.28 1231.85 60.14 0.352005
4 1181.22 98.05 1229.75 121.79 0.336503
4 1265.95 48.54 1296.46 87.43 0.348224
4 1035.62 34.18 1085.11 61.27 0.376412
4 1086.84 44.52 1141.69 72.57 0.374673
4 1215.07 0.27 1238.43 21.46 0.316207
5 0.84 489.03 249.04 734.63 0.307773
4 359.62 332.50 399.49 356.76 0.349096
5 311.10 491.48 405.82 581.92 0.297388
4 1232.50 91.91 1263.97 114.41 0.271739
4 14.04 324.95 55.92 380.42 0.249690
1 1029.08 285.49 1042.93 304.47 0.224889
4 705.72 217.81 726.55 233.46 0.292955
4 241.16 272.00 308.89 300.17 0.321925
4 1190.02 634.67 1259.52 674.75 0.277337
4 754.92 475.54 776.77 493.69 0.325157
6 254.48 536.03 443.08 786.50 0.281160
1 935.45 252.23 946.51 272.36 0.241688
1 1148.47 150.47 1157.47 168.30 0.232258
4 1123.51 71.94 1176.07 99.99 0.224200
4 195.32 525.54 249.38 568.64 0.226213
5 804.85 15.62 919.19 103.65 0.192378
4 430.86 240.67 443.56 254.31 0.199593
9 358.04 538.08 418.09 621.57 0.167635
4 706.69 271.50 725.15 282.71 0.158532
3 182.66 652.62 235.75 701.48 0.136997
4 339.66 297.89 373.84 317.75 0.243623
4 1270.87 7.99 1296.52 48.38 0.253890
4 46.76 366.21 62.27 379.39 0.133220
4 246.96 694.98 275.67 726.63 0.194839
1 990.92 272.55 1001.21 288.78 0.216073
4 701.29 281.19 715.57 291.40 0.143146
4 1133.36 96.10 1172.51 113.41 0.199640
1 1116.10 299.14 1127.44 319.06 0.185467
2 1066.63 134.28 1179.10 174.48 0.183983
1 1028.21 668.26 1038.84 686.24 0.199934
4 288.70 513.51 322.61 541.24 0.128113
1 3.97 720.38 46.86 786.19 0.164517
4 315.34 539.42 363.79 582.79 0.169850
4 319.05 326.15 399.43 357.18 0.265256
1 1064.40 314.90 1074.01 332.71 0.201487
1 1017.36 656.40 1029.97 679.52 0.180713
6 255.21 686.22 332.92 786.42 0.089969
6 1.04 494.30 207.57 693.88 0.152132
4 448.91 496.29 482.20 516.36 0.154381
4 481.83 252.50 493.30 261.24 0.090849
4 799.85 308.84 819.54 331.29 0.123711
1 1067.32 138.39 1076.39 152.30 0.200970
4 713.98 43.06 758.52 74.39 0.163234
4 70.98 737.17 127.30 786.99 0.133348
4 1132.11 397.91 1148.20 408.49 0.086922
5 299.89 605.12 385.35 697.06 0.137811
4 202.28 703.73 230.32 734.29 0.140468
4 911.25 491.01 928.46 503.72 0.087924
1 1128.16 150.10 1137.35 164.79 0.218367
2 1017.24 655.91 1039.20 686.57 0.133018
4 314.68 492.05 403.69 557.23 0.222106
2 932.81 249.46 1162.43 356.80 0.131592
4 1254.26 430.77 1271.82 442.22 0.089049
1 1165.15 158.86 1174.85 173.23 0.188684
4 857.18 288.56 887.14 308.00 0.212279
4 599.50 472.93 639.18 506.18 0.170790
4 14.48 325.18 41.89 347.11 0.159113
4 1050.73 701.31 1099.92 752.93 0.129628
4 651.96 269.68 664.19 279.04 0.093530
1 1146.13 338.83 1155.93 354.79 0.173500
9 950.35 186.96 1196.40 270.01 0.143837
6 1120.64 72.13 1176.09 111.67 0.160545
4 1220.76 389.23 1234.56 399.10 0.092964
4 88.55 237.96 122.66 256.52 0.180350
4 1147.57 735.99 1168.84 754.84 0.086387
9 297.69 486.98 442.28 699.93 0.119236
4 672.71 208.45 694.21 223.40 0.128909
4 530.46 264.35 543.33 273.54 0.116008
4 73.81 231.25 147.96 257.34 0.163909
4 1264.15 26.50 1272.44 36.58 0.090470
4 993.63 330.74 1006.55 339.23 0.091270
4 0.14 431.62 19.47 461.97 0.248813
4 620.62 195.61 652.52 208.88 0.128166
4 7.33 289.45 29.97 304.11 0.127778
4 314.45 589.72 339.65 610.48 0.089581
4 240.78 272.22 271.31 294.60 0.099193
4 545.05 241.83 557.81 252.07 0.105761
4 483.87 201.61 496.37 209.87 0.128968
2 724.11 776.22 756.73 787.65 0.106699
4 96.28 368.51 114.00 386.60 0.142333
4 1256.40 84.58 1282.61 100.73 0.171031
4 1039.18 532.46 1058.02 546.17 0.082699
4 1354.71 633.94 1375.24 646.58 0.111184
9 73.04 231.28 226.20 282.19 0.088445
4 481.99 1.19 534.95 33.08 0.132020
4 245.50 759.71 289.49 787.43 0.091123
6 1113.96 714.07 1214.38 787.48 0.087484
4 903.39 91.98 977.80 129.45 0.100516
1 281.55 763.45 299.28 787.34 0.094135
4 1000.65 403.28 1022.21 424.81 0.124193
4 894.08 620.40 911.41 634.32 0.100963
2 1238.15 762.42 1256.15 787.44 0.083240
1 1107.72 334.35 1117.95 350.75 0.157395
4 1118.23 703.07 1137.10 720.58 0.103586
4 317.46 326.21 344.25 340.60 0.116876
2 151.98 722.41 199.68 778.31 0.106442
1 131.63 107.16 143.09 125.76 0.122750
4 618.80 182.70 639.61 196.89 0.114851
9 380.29 171.48 501.49 211.19 0.100377
6 12.10 324.05 65.82 400.01 0.124189
1 1090.85 141.64 1100.12 155.74 0.167677
6 1357.18 0.75 1399.75 105.01 0.140058
4 1284.14 326.46 1301.80 338.41 0.104630
2 131.20 651.43 238.39 783.19 0.107752
4 600.41 58.58 613.72 69.97 0.094150
2 1123.40 82.19 1133.24 94.28 0.096301
9 375.26 553.54 443.25 661.51 0.116741
1 153.68 736.92 185.89 775.30 0.093883
4 381.17 228.40 392.90 236.79 0.081687
1 917.97 0.47 926.31 18.71 0.114821
2 1128.07 137.59 1145.18 164.91 0.082309
2 115.08 723.96 142.14 785.63 0.082115
4 1189.58 716.30 1199.59 729.43 0.106871
2 1113.88 296.54 1132.20 320.16 0.127412
1 736.20 192.16 745.05 211.67 0.128720
1 1136.60 137.30 1144.76 147.89 0.111083
7 288.93 517.37 368.15 583.85 0.091565
2 736.31 222.34 745.60 237.79 0.106572
4 1364.37 16.00 1380.51 35.74 0.083763
4 691.06 305.06 703.97 314.19 0.092782
4 559.22 364.40 591.09 382.46 0.117683
4 1372.18 526.29 1399.43 542.85 0.093255
4 1265.73 24.30 1293.99 38.37 0.082961
2 583.44 155.54 591.03 168.34 0.087554
1 1176.82 752.71 1188.80 770.02 0.105755
9 1204.31 700.98 1257.33 786.89 0.097132
3 202.91 656.62 260.88 708.21 0.087967
9 1265.25 7.67 1298.27 88.03 0.096107
1 725.96 776.78 740.52 787.76 0.144914
4 769.12 105.75 795.22 120.41 0.088202
3 349.75 38.64 374.79 81.81 0.100333
4 1199.26 382.06 1234.81 399.61 0.104823
4 769.61 322.54 808.20 343.50 0.116068
4 893.68 303.39 908.67 314.65 0.080082
1 1028.98 290.89 1036.25 304.12 0.123887
4 445.64 480.91 498.76 516.43 0.109416
4 1316.52 34.40 1350.09 64.33 0.083434
4 71.87 260.38 106.20 274.09 0.085837
1 1246.08 762.81 1256.46 786.10 0.102194
2 1122.85 298.10 1132.25 312.78 0.103788
1 1111.47 292.47 1118.45 307.96 0.101467
4 1172.34 525.29 1191.87 539.29 0.086121
4 300.01 670.08 332.54 697.08 0.081327
4 1206.93 701.84 1252.48 751.12 0.082000
6 1090.29 656.99 1259.15 787.21 0.085162
1 1267.54 314.97 1278.49 333.10 0.110268
2 745.00 234.98 754.44 250.79 0.086783
4 96.63 367.86 171.49 419.15 0.087759
4 601.44 191.05 623.06 204.65 0.101464
4 934.12 314.48 946.48 323.25 0.090681
4 1263.23 0.33 1276.63 10.71 0.143347
3 351.29 57.40 367.99 85.06 0.092469
2 424.82 1.48 797.62 114.74 0.088335
4 549.53 172.38 572.29 185.89 0.099126
2 1171.03 342.47 1183.52 366.12 0.092662
4 1124.59 22.66 1152.53 44.27 0.092966
2 837.47 268.13 845.28 282.29 0.097031
2 1164.71 141.65 1181.15 173.26 0.084940
4 756.38 550.52 768.05 564.09 0.110781
5 1265.62 46.49 1321.17 87.53 0.127524
4 78.13 353.75 114.32 387.07 0.099581
4 196.47 255.14 226.18 277.38 0.083705
4 201.58 415.59 270.09 456.19 0.096577
4 152.48 489.19 192.69 523.70 0.089131
4 684.09 40.18 713.17 64.50 0.084750
4 570.47 177.56 605.42 196.17 0.080367
4 414.63 510.34 430.21 530.61 0.082954
2 22.65 721.56 46.15 760.53 0.084638
2 872.54 629.68 882.37 644.42 0.086010
2 1085.06 341.37 1092.17 353.35 0.095680
2 959.59 304.41 967.65 315.75 0.112278
1 1148.27 738.97 1157.80 755.23 0.111570
2 379.01 168.99 1172.27 359.67 0.099629
4 729.57 541.94 745.42 557.73 0.088792
