4 0.54 1138.93 309.94 1281.32 0.640779
4 1058.06 1001.21 1188.23 1183.67 0.551795
4 1131.14 1201.31 1304.27 1452.02 0.558951
4 1020.87 862.05 1120.41 988.86 0.466309
4 778.25 666.36 826.38 714.75 0.506862
4 700.54 583.32 798.90 627.47 0.480558
4 716.06 1168.86 849.24 1452.33 0.507762
4 491.94 672.22 564.34 709.49 0.474217
4 740.13 970.73 834.14 1155.56 0.418044
3 339.79 1107.18 434.57 1161.24 0.436773
4 968.07 499.33 1033.05 525.33 0.528928
4 752.27 546.64 830.09 582.26 0.511290
1 1018.71 630.37 1039.37 671.04 0.407533
5 762.13 443.20 884.31 519.44 0.361611
4 765.93 766.88 840.11 876.93 0.376734
4 968.31 672.74 1022.56 726.50 0.466567
4 1004.40 793.27 1081.19 870.51 0.431114
4 1252.33 500.14 1322.29 524.01 0.410209
1 885.54 534.05 900.73 559.22 0.368156
4 1123.84 435.44 1161.26 457.70 0.330346
3 111.69 944.05 210.12 1053.87 0.223467
4 1095.57 425.20 1118.17 442.14 0.351171
4 435.34 688.98 549.91 755.59 0.447091
6 1189.72 416.11 1263.37 475.40 0.284241
4 774.29 723.79 835.23 775.03 0.298250
4 1539.82 491.17 1613.73 525.01 0.262553
4 939.60 592.90 981.45 616.73 0.338825
4 751.01 886.13 823.47 974.66 0.421804
9 424.50 677.96 641.35 1072.37 0.262582
4 1123.03 471.69 1183.83 495.17 0.311784
4 1150.91 439.02 1188.56 461.45 0.293689
4 1176.54 407.14 1202.71 421.96 0.255202
4 1284.50 393.52 1322.90 414.63 0.253951
4 146.01 516.16 186.31 551.01 0.251434
6 761.93 443.40 821.72 502.81 0.177514
4 423.72 531.26 457.37 556.05 0.232353
4 503.42 357.09 533.71 383.86 0.182228
4 1022.20 862.53 1090.84 924.63 0.273076
6 1132.88 400.05 1180.82 435.26 0.155463
4 521.38 448.97 542.06 459.98 0.190506
1 1211.10 1336.02 1261.69 1381.83 0.175937
4 530.04 392.48 553.81 421.26 0.131613
3 2.35 794.87 111.23 844.38 0.149172
1 1004.10 530.48 1025.89 559.54 0.306912
4 1090.88 397.60 1108.86 415.58 0.230225
3 339.06 1061.39 501.14 1164.50 0.203998
4 575.76 426.46 597.09 446.73 0.145213
6 811.82 465.77 883.68 519.83 0.153613
4 1661.49 485.66 1712.91 519.00 0.149785
4 710.07 424.18 740.46 448.93 0.155032
1 174.07 1005.01 190.16 1029.98 0.143527
1 432.50 595.54 462.75 689.47 0.095832
4 145.96 509.52 246.31 551.23 0.165129
4 1082.73 461.93 1124.38 500.96 0.160727
6 611.78 363.06 672.22 418.58 0.109505
4 589.74 462.47 650.68 486.48 0.192055
4 772.07 800.12 834.40 842.55 0.089151
4 181.84 649.44 210.88 670.88 0.116279
4 635.98 681.58 656.63 725.68 0.212384
3 684.14 648.75 720.00 690.42 0.175975
6 889.12 481.12 943.38 517.63 0.151602
4 672.74 575.68 704.34 615.31 0.139837
4 668.31 482.19 695.98 498.53 0.121043
9 1610.08 346.27 1665.39 375.70 0.102339
4 692.95 418.92 715.07 437.85 0.144934
1 432.84 595.54 458.67 630.94 0.175023
4 1249.38 485.31 1273.44 510.09 0.149956
4 1294.51 553.40 1407.88 589.97 0.089543
4 511.06 518.66 568.35 554.85 0.167450
1 1743.13 516.36 1761.85 550.32 0.155418
4 729.48 436.54 753.19 459.62 0.139563
7 138.54 945.82 204.98 1031.08 0.131532
1 323.84 523.15 341.69 575.23 0.094570
9 1224.16 309.77 1294.60 334.36 0.093820
4 509.67 349.39 534.03 363.88 0.100251
1 506.67 399.64 522.75 428.24 0.120233
4 636.82 482.89 697.92 511.65 0.214863
4 584.48 337.59 621.49 364.26 0.081371
4 865.25 411.03 882.48 428.61 0.094827
4 534.46 416.50 559.69 434.46 0.111452
4 1180.49 433.62 1197.26 450.67 0.125438
1 1484.47 1293.14 1511.70 1346.52 0.097613
9 710.38 399.31 764.78 458.71 0.083102
10 113.04 997.18 162.64 1049.29 0.116770
4 601.47 467.66 664.44 497.44 0.157343
4 579.45 453.82 619.00 473.73 0.159135
6 662.77 443.05 893.55 589.23 0.165843
4 538.57 421.07 572.40 443.08 0.107968
4 642.05 441.59 675.40 462.00 0.149460
4 1241.37 376.00 1272.17 395.68 0.132844
6 1191.94 416.22 1244.07 446.59 0.113358
4 208.83 505.18 246.82 534.40 0.086696
9 639.86 341.84 674.94 365.96 0.092487
1 0.10 791.95 16.15 839.13 0.140336
4 628.04 480.25 667.29 501.44 0.158650
4 565.71 349.73 586.93 363.97 0.088383
4 599.00 438.37 619.08 456.75 0.095261
1 770.73 563.74 793.66 586.44 0.118199
1 1250.75 499.69 1265.88 521.68 0.114864
4 1283.01 356.37 1315.08 376.35 0.080997
4 181.55 648.14 237.80 676.66 0.113537
9 662.88 536.92 766.76 585.90 0.092981
4 544.72 423.57 596.99 447.31 0.096234
3 388.11 1108.07 489.93 1156.59 0.141645
4 1292.15 388.19 1325.41 401.92 0.096906
4 1851.70 487.66 1931.34 518.17 0.082829
4 780.15 765.20 834.68 803.45 0.125766
4 1271.97 405.64 1304.88 419.93 0.111429
2 1249.54 490.87 1268.83 521.08 0.097185
6 579.80 331.99 677.43 417.97 0.113004
2 1227.23 469.21 1241.30 504.64 0.084040
4 1157.45 473.45 1183.79 496.34 0.107092
4 1600.08 431.90 1624.55 447.04 0.085908
2 712.19 598.71 1310.25 1470.75 0.107638
4 1010.74 502.00 1037.07 521.80 0.110950
4 866.06 412.86 900.56 432.95 0.110420
9 1600.57 395.53 1680.57 444.66 0.115259
4 1299.59 508.64 1322.12 524.42 0.112572
4 1580.15 499.32 1614.19 521.78 0.085660
4 1341.78 396.43 1373.06 422.39 0.083978
4 292.94 520.16 340.10 554.95 0.087451
9 762.64 443.22 818.24 478.72 0.096190
4 396.08 529.12 459.01 574.28 0.094419
4 635.78 673.69 685.85 730.75 0.085479
3 972.90 530.70 1027.59 585.95 0.084247
4 627.36 468.00 654.49 487.89 0.086564
