4 1007.02 540.47 1029.58 565.79 0.231743
4 165.40 91.39 204.12 108.56 0.278507
4 1106.40 508.42 1130.57 531.40 0.298766
4 798.66 743.65 824.46 753.50 0.255838
4 231.28 63.12 248.94 72.15 0.255978
4 793.56 772.80 826.75 787.78 0.163979
5 517.52 390.06 544.43 418.43 0.214980
4 1023.18 664.19 1053.45 689.37 0.162246
4 1116.63 423.32 1131.30 440.48 0.224723
10 345.83 540.64 471.37 670.24 0.174546
4 560.17 113.14 575.34 141.88 0.208554
4 861.83 381.02 887.68 395.17 0.139749
4 1107.70 527.95 1133.04 549.41 0.249271
5 405.44 317.22 419.60 343.65 0.163412
4 1108.36 545.44 1133.82 570.71 0.217464
6 856.83 80.40 959.23 110.99 0.108609
6 558.01 78.95 592.21 152.32 0.108067
4 639.82 660.81 650.46 678.22 0.093301
4 720.47 768.32 741.00 787.66 0.082033
4 364.56 310.91 396.52 333.48 0.113210
4 997.10 648.26 1053.62 690.84 0.166885
4 738.85 768.33 788.39 787.79 0.121482
1 16.64 392.09 37.55 436.39 0.164489
10 471.13 389.12 485.84 415.26 0.159615
4 315.79 165.53 326.70 182.13 0.143488
4 682.42 770.15 728.77 787.78 0.105637
4 1042.56 475.89 1061.11 487.94 0.132444
6 252.09 458.69 599.93 753.51 0.121510
6 367.86 0.38 555.07 181.66 0.106705
4 1011.08 478.08 1029.66 498.44 0.183600
4 1119.07 383.84 1131.73 397.85 0.156882
4 47.12 617.66 61.88 635.45 0.113378
1 700.01 207.61 719.35 242.94 0.126565
4 921.26 731.85 1021.15 787.76 0.085639
6 342.55 749.81 593.91 787.36 0.095278
4 1006.81 400.24 1029.65 424.22 0.158051
1 581.31 762.52 595.36 787.05 0.146202
4 350.48 304.43 368.11 319.06 0.081647
4 1106.91 568.35 1134.88 588.96 0.165915
10 729.37 1.53 804.98 190.03 0.134264
6 631.55 534.44 834.72 608.18 0.093308
4 556.65 756.20 586.74 787.16 0.081866
4 774.73 495.11 785.69 507.58 0.086450
4 1172.97 645.32 1184.02 665.69 0.136786
4 1114.89 347.76 1129.75 364.78 0.137341
4 861.96 559.45 889.69 572.44 0.119782
4 861.90 481.30 875.23 493.99 0.087868
4 1002.79 600.34 1023.92 610.61 0.107402
6 716.65 475.20 730.61 505.54 0.094196
4 914.70 53.01 930.31 64.10 0.109700
10 535.79 450.89 584.25 485.02 0.098527
4 797.25 625.31 822.22 631.63 0.091562
10 643.72 167.23 894.45 481.05 0.091298
4 814.24 744.12 823.75 753.33 0.137082
10 215.81 633.32 233.43 665.31 0.088278
4 186.41 16.82 197.92 26.11 0.104545
5 774.68 483.37 786.82 507.96 0.110052
10 585.02 3.23 680.89 121.70 0.088576
6 484.94 752.44 590.11 787.37 0.102149
4 864.89 589.70 890.77 603.11 0.113672
4 798.79 720.42 825.00 735.75 0.105036
10 548.40 366.16 561.24 388.61 0.096414
4 1005.12 348.65 1025.51 367.38 0.115339
4 140.78 68.26 226.81 110.24 0.101359
6 0.25 317.06 134.55 787.31 0.084834
4 867.27 635.37 890.39 648.05 0.082050
4 860.71 619.42 889.60 633.43 0.097044
4 1008.75 741.83 1023.47 753.68 0.083862
4 1147.22 606.57 1165.52 614.46 0.084357
10 214.62 520.20 234.57 548.86 0.082020
4 454.50 220.54 468.96 235.61 0.091916
4 1117.20 366.23 1129.69 379.31 0.080888
10 184.74 514.53 204.03 543.79 0.097552
4 863.09 664.07 892.25 679.42 0.095302
6 672.77 472.40 731.17 507.54 0.083542
4 864.56 529.24 889.65 542.39 0.097669
6 479.44 299.69 537.49 329.11 0.087158
4 285.01 65.76 307.12 82.79 0.089532
4 1009.99 365.51 1026.16 381.69 0.082877
9 626.91 758.86 751.58 787.76 0.081333
4 147.57 89.31 216.08 114.85 0.107270
4 1115.49 509.00 1130.06 522.21 0.099913
4 620.95 757.26 831.35 787.85 0.212257
