4 816.07 258.08 843.44 279.88 0.504204
4 845.25 118.28 862.94 141.33 0.491284
4 736.16 384.17 755.32 412.42 0.432503
4 627.35 499.73 643.59 532.03 0.316583
2 625.32 406.03 641.97 438.23 0.346029
4 710.81 450.55 730.65 480.16 0.371514
4 625.68 418.62 641.86 438.26 0.258982
4 501.74 142.23 519.52 162.34 0.355221
4 925.64 0.32 938.90 13.99 0.349642
3 1333.38 321.96 1349.28 342.64 0.247978
3 259.28 103.64 327.17 166.74 0.224834
4 1293.97 575.95 1315.52 595.32 0.187215
3 205.23 100.43 233.22 149.84 0.134632
4 1293.60 211.94 1321.14 230.84 0.237246
4 1273.39 435.73 1311.75 461.12 0.205879
4 621.33 248.02 635.39 274.22 0.272940
4 966.36 292.26 1007.05 319.25 0.240235
1 494.23 686.57 511.75 731.01 0.174513
4 626.98 405.91 639.36 422.84 0.113790
4 296.69 108.90 327.92 136.18 0.169578
1 647.15 514.58 662.52 548.40 0.166380
3 883.53 157.06 905.52 195.85 0.129552
1 473.07 401.77 489.73 437.02 0.160041
4 1012.71 275.38 1043.38 313.60 0.131326
4 570.89 431.90 580.47 444.03 0.096395
4 1308.60 315.84 1323.30 334.72 0.202587
4 592.81 634.14 605.53 650.66 0.124786
4 101.76 118.14 124.91 147.51 0.221052
4 704.38 728.86 721.12 749.75 0.146198
4 149.70 0.03 180.99 16.87 0.137337
1 630.11 493.36 642.01 510.64 0.146568
1 588.04 701.11 598.23 723.91 0.151855
5 568.96 394.80 586.28 457.67 0.209559
4 876.52 99.59 886.39 111.66 0.170292
3 114.25 108.97 179.02 179.89 0.110230
5 591.60 611.76 606.36 651.16 0.151702
3 204.49 126.93 232.81 175.63 0.087389
3 157.76 290.17 207.26 331.87 0.128780
4 786.32 386.27 798.64 401.12 0.116102
3 150.29 187.40 262.08 232.13 0.141812
4 277.45 6.21 313.16 38.22 0.162980
4 1338.68 225.74 1350.07 234.85 0.087201
1 455.54 625.28 473.31 664.85 0.134108
4 285.97 717.29 310.15 743.16 0.101318
3 141.94 396.35 217.46 442.17 0.108102
4 569.70 432.38 585.66 457.26 0.195442
4 1128.85 179.38 1140.19 192.11 0.111905
2 505.36 526.56 525.31 563.47 0.132221
4 1231.35 382.90 1261.06 402.38 0.110324
6 708.80 382.93 759.11 484.48 0.080422
4 959.90 39.86 986.64 56.78 0.142227
2 519.45 218.47 531.65 246.04 0.141584
4 1091.47 333.87 1114.13 350.92 0.118859
4 711.23 697.28 735.91 723.48 0.087642
4 86.38 24.02 103.26 40.60 0.083754
4 473.27 417.98 488.39 437.41 0.120670
3 685.47 685.01 709.34 734.30 0.091282
6 359.20 710.40 395.71 766.98 0.108894
4 964.30 107.23 983.82 123.86 0.135181
4 759.25 689.61 772.13 705.48 0.086147
6 1182.52 355.59 1350.67 492.76 0.105088
2 479.78 250.86 495.44 298.58 0.109755
6 256.76 3.75 313.66 39.28 0.113564
6 1017.77 275.52 1042.02 297.49 0.089175
4 1073.49 238.46 1099.90 251.75 0.094819
1 614.24 714.53 624.72 743.72 0.096042
2 113.75 117.68 125.20 143.79 0.081101
2 627.04 493.99 643.75 532.19 0.166085
4 1030.23 107.56 1053.95 123.33 0.085585
4 480.42 265.02 493.46 279.39 0.119360
4 979.13 62.38 1013.11 84.18 0.088000
4 736.00 257.09 755.18 282.57 0.120409
4 18.23 342.47 51.03 367.22 0.084021
3 647.88 524.61 661.28 549.17 0.102848
1 58.50 405.50 96.40 473.79 0.106275
4 519.78 227.75 530.96 245.57 0.084794
6 184.64 0.38 257.90 39.47 0.091079
3 1149.79 264.86 1189.85 285.42 0.101415
4 652.22 406.06 666.85 433.75 0.105396
4 998.90 195.33 1024.26 210.80 0.090791
1 526.82 737.65 545.09 786.93 0.087941
4 480.39 251.20 495.38 277.89 0.125500
4 1008.60 292.85 1038.49 318.92 0.088408
4 985.61 51.37 999.25 63.45 0.091597
4 1307.04 215.41 1321.01 229.68 0.085097
3 919.08 82.17 949.73 130.52 0.089747
4 1387.98 298.16 1399.64 314.98 0.084729
4 807.17 210.69 824.68 232.50 0.087152
