4 1568.55 20.52 1606.07 50.61 0.483431
4 608.77 368.11 705.05 433.44 0.453153
4 1300.01 131.32 1351.94 169.11 0.446817
1 488.37 624.54 523.63 680.78 0.469713
4 1493.75 17.49 1539.98 49.65 0.398126
4 1557.96 901.44 1677.18 1062.24 0.456648
4 1246.00 761.22 1363.52 890.18 0.432589
4 46.95 300.83 119.36 343.52 0.380586
4 478.61 301.33 576.45 347.31 0.334234
4 0.88 109.02 85.69 147.93 0.347812
1 1085.46 689.86 1130.19 739.68 0.266774
1 958.30 450.38 981.86 488.97 0.337189
2 86.95 439.53 147.35 471.61 0.354177
4 541.72 309.82 630.69 363.42 0.364389
4 1341.63 103.64 1388.79 138.35 0.360690
1 756.06 415.18 778.48 458.99 0.276884
4 1251.04 152.89 1286.14 188.03 0.379597
2 980.41 475.55 1038.13 546.27 0.269036
4 340.95 302.59 430.71 355.19 0.316700
4 297.71 320.36 361.02 374.25 0.349960
4 900.14 417.96 996.01 489.69 0.315371
3 1080.94 671.71 1131.90 740.16 0.337547
4 149.64 237.61 204.14 289.96 0.300032
4 136.51 135.41 183.77 170.62 0.288551
1 32.86 362.91 66.66 403.52 0.287999
1 746.54 781.58 779.78 834.97 0.372236
1 952.85 800.19 989.51 850.60 0.272056
1 579.81 682.21 603.36 720.22 0.300565
4 1012.59 336.60 1097.56 398.17 0.273035
4 1237.12 996.71 1359.92 1077.60 0.321741
4 301.43 202.27 349.58 232.90 0.246044
4 704.30 368.21 774.63 416.30 0.283946
5 558.97 646.30 635.25 712.02 0.236154
4 1380.36 81.53 1426.35 119.52 0.208288
2 559.29 645.96 635.79 737.86 0.249017
2 0.67 598.49 344.06 974.43 0.279430
4 1100.97 143.62 1158.07 179.57 0.244100
4 205.59 268.71 263.30 319.88 0.325817
4 1410.58 48.59 1443.67 77.08 0.263123
4 392.78 370.56 461.25 430.36 0.325839
4 227.59 211.14 324.32 257.59 0.276877
4 1438.89 67.32 1468.22 94.39 0.161424
5 10.88 254.97 77.13 316.72 0.281014
3 105.46 270.16 142.91 302.16 0.219990
4 1443.64 53.09 1480.94 77.55 0.243864
4 1807.08 1.25 1840.40 32.07 0.251681
4 280.65 253.58 317.36 302.06 0.251657
4 97.78 221.35 150.86 264.52 0.285404
4 178.19 133.19 222.97 167.09 0.225928
6 140.32 363.75 376.83 548.36 0.194310
4 1073.72 256.78 1119.80 296.45 0.206354
4 171.54 416.94 208.84 447.46 0.194622
4 209.22 193.42 267.27 231.50 0.258399
4 1138.21 401.04 1173.08 480.92 0.182171
6 1137.62 384.32 1325.31 528.15 0.146082
3 1188.94 360.50 1251.58 400.31 0.186140
4 1099.27 603.78 1173.51 645.55 0.156207
1 639.24 326.07 668.55 373.32 0.245961
2 723.90 341.42 764.22 372.22 0.185257
4 1034.40 337.01 1092.93 369.98 0.183770
1 705.96 482.59 743.88 525.54 0.279642
4 1187.18 140.45 1219.73 165.29 0.234366
4 913.50 348.15 946.95 395.67 0.226266
4 684.25 392.21 751.00 443.39 0.204768
4 886.19 285.98 939.30 316.23 0.210687
1 819.98 357.52 841.69 398.49 0.193442
1 398.20 245.14 415.99 272.15 0.192345
1 329.52 253.27 359.67 284.26 0.147123
1 1163.57 535.91 1187.40 588.08 0.192863
4 0.19 92.32 57.75 118.78 0.216113
4 100.95 106.31 137.21 126.76 0.201371
4 1489.23 18.04 1509.89 44.28 0.159145
6 10.37 254.80 119.46 345.80 0.175097
1 443.85 378.97 473.41 432.63 0.148654
4 1379.73 187.16 1459.66 253.24 0.205992
4 0.84 70.04 47.06 98.52 0.201913
1 735.07 409.73 752.66 445.72 0.232163
3 432.66 241.99 463.70 269.01 0.125008
4 323.91 245.82 351.42 262.76 0.109594
3 494.32 651.94 524.64 682.20 0.178634
2 441.96 234.10 459.22 264.25 0.128657
3 786.93 779.50 891.61 863.57 0.150028
4 434.80 308.65 470.88 333.51 0.173334
1 1115.73 601.64 1137.68 626.98 0.178472
1 924.25 785.71 959.33 832.48 0.239752
4 1463.93 147.72 1491.20 177.52 0.135700
4 1410.55 47.04 1480.92 83.17 0.082244
4 1100.74 135.38 1219.80 180.65 0.128858
1 708.91 482.60 725.99 508.75 0.185074
4 1200.50 106.16 1230.12 133.75 0.186221
4 61.73 89.19 113.11 116.53 0.193024
4 1121.06 541.14 1169.35 600.63 0.206688
3 163.37 174.79 209.23 198.98 0.167131
4 1380.15 227.58 1407.96 252.66 0.156254
1 1015.91 311.47 1041.07 349.69 0.134810
4 981.07 475.85 1038.14 544.84 0.082245
3 1379.55 206.60 1419.26 252.99 0.183554
3 797.28 779.95 845.29 840.04 0.116372
1 562.60 682.02 603.10 736.51 0.276663
4 1202.69 342.66 1233.15 372.91 0.165058
4 611.95 321.90 674.67 371.92 0.181225
3 823.84 715.83 843.45 762.25 0.192178
3 307.02 149.16 335.25 175.45 0.134474
3 797.14 715.73 844.09 806.22 0.190486
1 503.04 272.36 525.11 304.18 0.153592
3 125.40 157.78 151.00 183.95 0.249548
4 912.35 292.20 940.16 315.00 0.129709
3 1154.36 564.03 1203.55 605.96 0.131825
1 868.81 478.75 885.56 504.07 0.166914
4 1303.86 1.76 1335.41 33.70 0.174121
4 660.51 340.15 725.42 392.23 0.135943
1 804.92 390.62 823.06 431.56 0.177995
4 170.93 230.25 209.61 256.45 0.177971
4 342.48 199.47 391.35 230.75 0.126312
1 755.27 379.14 798.07 458.04 0.106733
2 850.91 479.99 892.21 533.32 0.140218
3 510.01 655.90 525.14 679.11 0.099275
4 979.01 307.25 1041.26 349.68 0.114694
3 941.35 462.82 987.97 494.95 0.110801
7 1099.23 567.88 1173.98 645.71 0.110832
4 227.65 222.49 278.50 256.97 0.163778
2 500.84 632.65 523.89 678.35 0.087647
4 984.53 294.52 1021.22 318.65 0.152773
3 849.85 489.99 891.73 534.64 0.135483
4 1452.95 31.47 1466.95 46.81 0.125458
1 859.82 350.64 875.46 382.27 0.152296
3 1021.77 324.33 1041.44 350.40 0.107214
3 797.57 780.07 832.36 806.04 0.144680
3 746.25 779.14 831.94 836.51 0.083050
3 341.56 210.35 367.23 230.88 0.088928
3 1074.13 270.48 1109.11 300.92 0.086662
4 184.60 120.02 209.46 139.27 0.101736
2 232.51 137.37 259.02 179.61 0.103381
4 256.17 269.37 283.74 298.06 0.085946
4 636.36 353.27 685.45 375.40 0.085076
4 468.07 245.66 498.45 278.76 0.117171
4 377.43 198.82 488.35 256.81 0.122940
1 767.23 401.97 787.40 424.87 0.120268
4 377.89 198.10 429.80 231.73 0.168636
4 721.65 364.79 769.04 391.31 0.094696
4 369.29 179.47 389.42 202.87 0.086466
4 1405.76 186.35 1459.54 218.65 0.202900
4 74.00 366.17 139.55 413.35 0.129799
3 611.74 681.07 634.87 710.84 0.089283
4 301.13 212.70 327.56 236.96 0.091867
2 380.10 222.29 420.31 272.76 0.082309
1 872.50 349.57 887.49 382.30 0.117611
3 149.06 187.70 176.79 208.84 0.154704
3 861.55 439.41 908.99 496.86 0.095626
1 70.04 373.21 97.57 414.80 0.155019
2 67.30 374.71 82.68 397.11 0.091613
2 975.35 301.60 989.15 329.19 0.082973
1 149.58 119.42 166.62 140.77 0.115279
6 1137.50 381.84 1240.69 481.37 0.081532
4 201.51 249.87 242.61 273.36 0.101205
6 255.08 102.14 296.20 165.14 0.100240
1 771.32 379.05 798.69 419.27 0.096298
2 1184.42 551.71 1207.58 583.49 0.110330
2 973.35 322.70 986.70 355.13 0.102137
6 265.56 441.45 376.37 541.82 0.109786
2 816.47 466.23 828.64 485.97 0.125522
2 324.80 247.93 368.14 284.23 0.160903
1 1091.69 689.30 1113.78 721.35 0.181284
4 272.43 207.36 326.64 237.96 0.152307
3 224.30 148.59 283.67 182.14 0.092677
2 105.20 262.23 126.80 288.57 0.115785
4 1301.08 39.52 1333.47 65.12 0.086775
3 944.35 342.92 977.62 372.54 0.098019
4 637.61 341.31 771.15 416.45 0.106544
4 970.87 295.68 1026.58 336.49 0.113297
4 126.63 103.05 156.36 122.79 0.098871
4 1379.07 96.91 1402.41 122.10 0.148672
4 1087.09 253.97 1136.29 284.52 0.113588
2 1095.30 689.58 1112.16 711.23 0.093320
4 972.92 123.23 1020.84 151.25 0.092192
4 499.98 248.77 567.61 281.85 0.084424
3 327.67 258.34 367.44 284.12 0.135983
2 945.10 347.46 957.12 371.44 0.104075
2 848.23 330.11 865.78 355.68 0.098288
4 63.07 77.94 88.64 101.90 0.086535
4 381.38 324.64 431.82 355.85 0.106927
1 725.61 342.57 745.16 366.21 0.147071
2 1088.25 254.53 1117.76 294.49 0.101337
4 306.24 474.14 347.19 508.91 0.128803
4 968.58 234.29 991.95 260.36 0.085624
1 850.26 493.76 871.01 531.37 0.136881
2 382.54 227.41 490.24 275.67 0.099599
1 279.81 194.49 293.11 211.87 0.126822
2 1192.61 184.50 1210.00 201.79 0.096818
4 1894.52 692.28 1915.73 729.46 0.117817
4 445.59 217.60 487.74 253.24 0.138580
4 19.68 61.90 46.91 90.14 0.106835
1 809.79 390.39 821.85 409.50 0.140423
3 576.08 688.78 605.20 722.08 0.082662
3 1188.11 358.94 1215.71 390.18 0.089982
7 86.61 416.12 209.05 472.12 0.152631
4 266.41 442.42 364.10 514.66 0.117531
3 226.35 157.23 255.84 181.74 0.083849
6 1236.35 757.55 1678.71 1068.16 0.092294
1 748.21 782.33 766.17 805.62 0.125157
4 579.71 244.38 615.10 271.72 0.100379
3 562.36 679.77 634.95 738.16 0.080286
4 998.22 273.73 1032.91 301.17 0.085607
3 1415.03 163.37 1453.29 183.45 0.104103
4 1295.02 1026.09 1359.26 1077.34 0.095155
4 1142.22 104.13 1202.29 134.96 0.102164
2 974.59 434.33 992.88 465.89 0.104735
2 1110.37 600.69 1157.70 632.21 0.111578
2 860.72 446.21 886.50 488.06 0.104973
3 702.03 495.24 747.21 526.54 0.150444
4 1118.32 141.17 1158.64 162.74 0.103936
3 525.19 247.47 566.81 274.68 0.088377
3 779.17 389.73 903.37 861.21 0.104639
6 297.35 282.53 473.39 376.27 0.108619
4 75.77 61.81 114.24 95.13 0.087775
4 538.17 281.55 594.55 313.44 0.122361
4 170.11 229.97 242.31 268.08 0.096712
4 839.00 372.98 859.18 393.27 0.106356
4 491.00 315.93 528.23 347.82 0.110163
4 1074.37 271.34 1101.16 293.57 0.087880
2 32.56 361.99 96.14 415.62 0.115556
4 497.21 250.38 524.55 278.09 0.097832
2 102.87 260.69 116.98 282.30 0.085237
4 1176.28 107.31 1202.73 131.36 0.082105
4 1800.01 19.53 1816.47 34.52 0.082383
2 753.89 288.47 769.69 316.08 0.084507
4 39.34 314.39 81.13 361.14 0.087855
4 1200.92 92.36 1279.55 134.00 0.081614
4 56.55 110.45 85.87 133.19 0.093419
2 454.68 239.13 474.77 270.28 0.085005
1 32.52 363.04 48.62 391.34 0.137796
3 441.89 379.22 489.04 435.14 0.166410
6 1340.95 80.85 1426.68 138.95 0.102680
4 1885.58 95.35 1914.97 109.55 0.086665
4 225.68 137.38 260.95 162.74 0.092998
4 1863.63 24.14 1897.55 42.89 0.083016
4 1099.63 152.68 1136.12 175.08 0.101612
4 62.03 347.24 122.47 380.03 0.206537
2 150.10 119.40 166.52 139.66 0.101649
