5 453.75 46.92 574.51 161.80 0.613775
4 39.38 29.86 90.45 66.20 0.534936
4 171.57 91.96 217.32 125.81 0.514306
4 475.62 148.47 527.28 192.83 0.507339
4 404.21 0.76 449.35 38.57 0.484875
4 205.51 158.54 254.26 196.98 0.541084
4 339.68 218.18 393.37 261.06 0.527068
4 243.37 44.37 293.38 79.33 0.471143
4 161.42 0.00 202.13 21.05 0.457219
4 518.67 238.20 567.57 282.50 0.464170
4 330.88 52.75 380.33 91.03 0.487946
4 587.90 445.50 617.49 474.83 0.413172
4 339.01 325.90 392.91 381.28 0.448174
4 452.40 312.58 479.52 334.50 0.412991
4 534.71 477.61 558.27 497.38 0.366435
3 782.40 375.33 812.11 409.61 0.343536
2 433.12 481.34 469.24 509.21 0.380746
4 676.70 397.84 734.21 457.87 0.353128
1 915.70 172.93 925.96 192.31 0.289347
1 920.88 292.73 940.29 319.68 0.281701
1 814.10 472.62 837.52 495.83 0.286155
1 916.46 347.58 927.64 366.21 0.254046
4 747.95 405.11 796.09 457.89 0.378307
4 233.43 0.10 282.68 28.67 0.437571
3 724.54 466.92 761.87 497.79 0.309006
1 917.02 347.59 944.63 379.75 0.221683
6 453.74 46.87 574.84 161.38 0.080894
4 920.49 470.43 975.66 529.16 0.322884
4 1019.99 736.06 1098.41 787.56 0.288977
4 751.68 281.62 783.53 304.16 0.312085
6 1209.43 346.76 1399.52 622.14 0.217223
1 960.77 314.60 979.35 340.88 0.266217
2 657.45 336.85 688.16 364.10 0.288096
2 688.91 59.38 863.76 96.98 0.237518
1 176.14 726.45 187.52 747.73 0.260355
1 925.34 354.83 936.51 373.73 0.229171
4 1301.54 477.66 1341.25 506.62 0.193553
4 872.47 234.79 916.32 253.70 0.203247
5 48.57 469.27 150.45 560.83 0.195963
2 916.65 290.86 979.83 380.60 0.160556
4 666.78 164.82 684.79 181.05 0.169876
2 1229.05 394.31 1273.80 439.75 0.226827
4 593.23 41.98 603.95 52.12 0.110275
4 593.46 41.72 620.75 61.45 0.229246
4 162.07 367.92 181.96 384.25 0.174310
1 773.20 259.15 781.87 272.15 0.204318
4 738.74 395.58 755.26 413.70 0.176238
4 367.21 50.47 383.36 65.27 0.088395
4 1321.04 522.91 1337.41 540.96 0.140504
6 1020.97 222.08 1228.71 463.38 0.174856
4 727.20 535.99 737.98 547.05 0.132929
4 1304.75 462.33 1321.97 475.98 0.104605
4 1336.99 500.88 1399.18 549.80 0.186473
4 751.84 347.78 780.53 376.89 0.223306
4 1090.82 455.18 1101.07 464.66 0.100419
1 442.95 710.30 460.70 731.61 0.142210
2 820.16 81.64 832.11 97.41 0.121260
4 632.11 640.64 680.69 699.04 0.106988
4 772.55 482.26 780.42 491.20 0.108899
4 1289.86 447.48 1322.70 476.60 0.169808
4 340.60 218.02 370.95 239.54 0.107800
1 814.39 473.14 825.46 487.02 0.159140
4 811.69 431.87 820.26 440.31 0.086083
1 934.31 363.36 944.90 378.61 0.203592
6 687.71 308.79 1397.32 786.31 0.117087
2 710.44 65.85 721.38 85.00 0.096192
4 330.00 569.93 359.88 598.35 0.144978
4 349.64 37.50 383.47 65.79 0.160182
4 260.33 284.07 278.52 298.17 0.090935
3 666.38 165.18 697.64 193.73 0.143589
1 960.47 316.38 969.58 332.98 0.153684
4 575.13 75.68 592.26 89.52 0.082543
4 1228.45 393.79 1323.18 477.12 0.099252
4 907.88 245.19 916.98 254.55 0.094656
4 620.97 183.02 633.64 195.88 0.082874
4 886.50 336.07 893.85 346.32 0.083503
4 1207.32 560.31 1227.34 577.93 0.090691
6 116.12 263.33 179.03 319.63 0.097141
1 968.61 323.72 979.11 340.93 0.129169
6 1155.32 592.51 1396.49 787.63 0.084218
2 829.56 77.30 839.19 94.76 0.093478
1 930.70 292.82 940.34 309.72 0.158776
1 825.57 226.65 833.62 236.36 0.138656
4 960.65 314.66 976.32 331.57 0.106034
4 826.52 371.35 844.51 387.69 0.164437
4 1234.76 232.68 1250.38 246.66 0.110105
3 1307.62 588.56 1333.32 608.26 0.087540
2 919.64 305.15 931.28 319.65 0.097781
4 272.78 357.57 292.19 377.19 0.113443
4 1290.73 284.09 1302.99 297.32 0.097300
4 513.38 10.51 525.32 20.76 0.080424
4 164.34 727.10 180.42 739.72 0.119468
4 1349.54 548.93 1368.73 568.56 0.119807
4 801.78 417.11 820.85 441.07 0.137615
4 560.99 397.49 591.32 424.91 0.123059
3 1007.68 436.98 1088.70 535.81 0.089103
4 514.93 453.08 558.75 497.44 0.139347
4 1225.04 224.43 1250.47 247.08 0.108592
4 1070.80 101.51 1088.96 120.05 0.094323
4 1300.83 460.73 1343.23 492.20 0.106484
3 404.68 514.09 424.50 539.58 0.093173
2 693.66 66.13 790.41 89.95 0.113468
4 633.84 33.69 651.51 57.02 0.082201
1 199.79 773.29 211.77 787.22 0.081741
4 1263.07 260.79 1278.08 275.08 0.082059
2 1058.30 374.47 1071.47 388.11 0.084785
2 1251.72 413.64 1272.10 440.68 0.094683
2 955.72 402.87 964.66 415.83 0.092583
4 633.72 28.77 670.16 59.49 0.090406
2 693.84 68.81 703.68 83.96 0.091142
4 1226.90 394.07 1398.95 551.13 0.088463
4 111.87 186.60 137.98 216.49 0.084090
2 857.94 310.94 867.32 323.05 0.081623
4 774.48 431.27 797.11 458.45 0.114179
4 756.63 363.03 773.08 378.45 0.086292
1 1227.85 395.45 1239.67 415.68 0.108028
4 1289.04 495.91 1309.28 515.05 0.092603
4 758.96 418.32 789.89 448.14 0.088057
3 404.17 506.99 446.00 540.81 0.104863
3 161.69 367.44 192.65 406.91 0.082621
3 885.45 335.69 898.59 357.15 0.108756
