4 1109.73 196.75 1155.66 220.29 0.419053
4 1088.24 229.87 1132.85 250.80 0.420561
4 1251.58 401.97 1312.82 428.19 0.354677
4 973.26 1223.13 1057.88 1325.47 0.414487
4 1258.53 358.34 1320.78 392.51 0.351742
4 1200.94 373.70 1256.79 398.56 0.369439
4 1226.11 1026.15 1310.52 1076.18 0.408801
4 1290.98 275.71 1342.39 299.15 0.364467
4 1224.36 300.13 1280.85 331.94 0.383902
4 1126.54 268.98 1166.35 288.72 0.377134
4 856.86 1201.15 929.32 1299.63 0.409510
4 1306.76 244.56 1355.20 278.47 0.359392
4 678.08 1173.35 751.25 1262.74 0.386974
4 1085.15 270.14 1133.12 293.95 0.348225
4 1072.08 344.92 1124.76 369.65 0.332011
4 1052.53 1236.66 1136.94 1343.90 0.389131
4 1308.75 64.25 1325.21 81.05 0.276114
4 1411.00 466.02 1477.73 495.94 0.296156
4 1238.61 427.31 1292.11 455.31 0.323588
4 1190.58 420.03 1237.72 455.85 0.291615
4 586.07 1143.21 637.79 1219.97 0.308916
4 1418.18 500.00 1475.60 530.32 0.269786
4 778.24 887.71 825.42 945.03 0.252856
4 741.92 1164.03 807.79 1244.10 0.272649
4 1053.93 35.95 1095.73 58.85 0.340355
4 1170.13 13.32 1199.87 38.21 0.321416
4 1394.16 563.54 1465.30 628.60 0.145795
4 1101.77 298.76 1151.93 323.69 0.288138
4 1437.14 225.28 1483.49 248.61 0.281493
1 609.20 885.14 645.79 930.63 0.239565
4 1735.73 405.23 1760.68 431.70 0.237422
4 1240.05 60.07 1261.64 78.53 0.217601
4 960.30 558.52 988.80 588.81 0.188497
4 1225.03 58.84 1242.16 75.10 0.205648
4 1116.03 1247.66 1194.53 1360.02 0.302436
4 1344.92 69.45 1360.53 86.66 0.219367
4 1278.07 88.37 1294.09 104.61 0.200720
5 1815.23 231.01 1882.25 276.06 0.174386
4 1754.18 277.30 1771.34 294.30 0.201515
4 1660.83 213.55 1680.56 237.33 0.178917
4 1706.93 311.61 1727.30 326.93 0.163014
4 1800.82 997.45 1831.09 1020.50 0.167798
4 1083.39 317.31 1135.17 344.30 0.290529
4 1250.40 730.72 1319.26 777.29 0.168266
4 1355.72 94.10 1371.02 110.10 0.172604
4 1192.58 59.01 1208.94 72.68 0.190460
4 1725.08 292.50 1742.64 308.36 0.143617
4 1237.71 465.08 1291.00 500.53 0.197797
4 1396.11 594.67 1446.69 628.84 0.171915
4 989.42 578.23 1028.09 609.47 0.134521
1 670.77 869.20 711.76 930.09 0.190625
4 1411.33 426.27 1513.52 475.92 0.116739
4 1107.70 49.33 1137.74 66.50 0.227385
4 1395.15 567.80 1426.84 600.23 0.120072
4 1567.62 1057.24 1588.06 1071.65 0.096298
4 1413.63 445.54 1479.41 477.49 0.212471
4 1316.13 94.87 1332.16 111.45 0.150220
4 781.88 423.58 828.04 453.18 0.134441
4 1225.44 518.98 1276.35 550.34 0.164044
4 1329.01 94.83 1348.73 111.95 0.166474
4 1157.95 1304.21 1191.87 1358.45 0.110101
4 1392.67 133.65 1406.78 156.10 0.139653
6 1141.81 46.38 1183.80 93.50 0.116166
4 1361.30 68.57 1381.40 85.77 0.174796
4 1412.62 524.91 1480.17 557.89 0.220096
4 1420.99 252.93 1450.24 276.87 0.138537
4 1426.39 272.40 1476.30 304.24 0.273796
4 1387.16 71.24 1402.16 87.80 0.146753
4 1432.43 241.30 1472.60 263.85 0.249791
4 1145.53 49.82 1171.54 69.41 0.206432
4 1397.84 92.24 1412.62 113.52 0.125931
4 1373.87 96.03 1393.82 115.09 0.145467
4 598.16 1168.01 631.39 1212.54 0.133852
4 1192.31 440.65 1234.21 468.34 0.192407
4 1169.07 55.70 1187.69 71.02 0.180146
4 1975.57 317.16 1999.55 365.62 0.097211
4 1437.54 426.77 1485.03 450.03 0.145035
4 1185.82 79.65 1224.41 106.86 0.132592
4 1014.20 262.65 1046.00 285.82 0.129070
4 1591.73 362.01 1606.14 376.22 0.115533
4 1217.21 89.09 1252.67 112.21 0.175930
4 1178.88 149.16 1192.06 163.43 0.100704
4 1480.53 444.39 1515.21 469.25 0.135400
4 1033.50 67.59 1052.21 83.99 0.150949
4 1419.42 224.34 1486.29 305.41 0.130416
6 782.50 365.14 965.82 454.21 0.101523
1 1167.43 999.92 1184.98 1029.50 0.131811
6 1180.06 69.83 1225.58 107.69 0.102419
4 1091.69 74.37 1113.86 90.53 0.121050
4 1812.12 705.65 1904.94 741.32 0.122539
4 1578.15 1109.06 1605.40 1128.03 0.089047
4 1348.67 607.99 1389.05 659.78 0.093335
4 1028.81 430.35 1077.30 457.79 0.110618
4 1127.54 77.36 1145.16 95.61 0.128336
4 1088.39 573.85 1116.78 601.03 0.082612
4 1597.77 403.83 1640.92 429.88 0.098849
4 1525.06 28.08 1548.23 44.88 0.114613
1 1526.31 415.88 1540.74 446.22 0.123700
4 1905.25 307.66 1944.94 332.29 0.100582
4 990.04 576.32 1067.70 615.39 0.110536
4 977.32 492.59 1015.58 523.40 0.105131
4 1170.47 43.19 1197.51 63.12 0.097027
4 1511.15 429.22 1538.42 452.60 0.094838
4 1815.22 704.92 1851.15 726.77 0.083511
4 1007.97 366.63 1026.65 389.99 0.105487
4 879.15 248.23 899.29 266.11 0.084179
4 1170.41 712.81 1205.40 752.53 0.082867
4 1367.08 188.45 1392.65 207.04 0.094985
4 1282.93 427.10 1318.56 450.01 0.102027
3 319.50 850.18 364.35 910.16 0.127386
1 1735.58 949.21 1753.34 976.76 0.121339
4 1251.33 92.60 1272.23 111.00 0.097472
4 1409.49 433.61 1438.16 461.19 0.094050
4 583.53 1140.81 1194.27 1362.56 0.111959
4 1161.86 76.79 1183.89 98.56 0.136455
1 235.84 864.90 256.44 906.09 0.124052
1 922.69 864.47 943.11 913.70 0.095531
1 884.88 278.36 902.02 313.24 0.083556
6 1317.46 29.74 1349.92 54.60 0.131104
4 1065.39 429.74 1098.64 459.64 0.084770
4 1898.55 98.25 1929.82 113.11 0.113529
4 1208.06 81.22 1225.34 99.32 0.130019
4 1296.62 91.08 1317.30 110.52 0.095655
4 1183.98 82.25 1206.20 103.44 0.084921
4 1905.93 300.46 1999.14 367.19 0.178311
4 1451.98 259.73 1480.49 279.85 0.141006
6 1467.32 13.66 1490.77 38.82 0.084252
4 1481.26 28.12 1495.29 41.32 0.083312
4 863.74 371.07 931.67 408.88 0.090164
4 1421.90 548.44 1482.12 588.33 0.172109
4 1438.48 250.65 1475.76 274.42 0.170486
4 1299.31 261.96 1345.67 285.36 0.165065
2 1583.30 1322.30 1689.62 1453.90 0.085718
6 1135.54 15.06 1205.13 103.68 0.116021
4 1468.90 21.22 1492.15 39.32 0.089965
4 906.04 418.53 939.38 445.17 0.082552
4 1432.60 263.15 1478.13 284.62 0.106189
1 1672.46 301.41 1683.46 328.26 0.086407
4 1401.76 0.20 1426.26 17.95 0.087282
4 979.42 491.74 1077.99 526.84 0.086534
3 860.75 870.50 899.83 901.07 0.095753
1 911.05 835.25 943.50 914.55 0.117253
6 1786.73 0.58 1855.80 21.11 0.114530
4 1800.56 964.92 1852.63 1030.07 0.116130
