4 696.80 983.92 898.09 1095.76 0.633028
4 1126.50 643.64 1205.73 747.28 0.530601
4 1249.55 666.92 1366.93 739.70 0.567416
4 848.59 1280.88 1145.17 1435.23 0.566195
4 1001.51 1005.07 1138.85 1171.67 0.488203
4 1275.05 728.70 1372.78 854.98 0.483655
1 979.31 926.37 1007.95 998.92 0.440613
4 1455.75 952.03 1638.58 1121.57 0.404904
4 788.94 518.06 944.27 578.49 0.269665
4 975.21 290.93 1010.63 320.01 0.392072
4 1714.11 597.94 1776.64 647.98 0.428212
4 1676.29 490.72 1729.99 536.71 0.420208
1 901.56 907.91 925.78 981.82 0.398042
4 1244.64 543.93 1362.52 608.16 0.371107
4 1457.01 426.35 1517.39 468.45 0.437510
4 740.98 1160.73 1025.13 1299.67 0.455143
4 1049.81 660.23 1122.34 772.45 0.378419
4 982.11 238.96 1037.49 265.91 0.278033
4 1351.80 726.54 1449.89 834.03 0.375988
4 1203.28 603.65 1309.88 693.89 0.400584
4 784.38 595.02 940.53 657.83 0.275570
1 856.18 941.63 888.89 993.98 0.348612
4 1482.68 1340.40 1684.14 1499.20 0.385100
3 732.15 692.63 788.93 754.09 0.264611
5 1045.42 310.83 1160.66 371.63 0.366334
2 787.72 754.45 843.37 868.36 0.183981
4 1029.19 293.66 1090.07 338.72 0.297781
4 937.99 195.73 961.04 216.92 0.358896
4 1120.75 417.02 1199.11 471.82 0.316795
4 1699.16 537.95 1789.16 603.33 0.345969
4 954.47 531.38 1027.13 612.25 0.279918
4 1092.90 342.57 1181.95 382.76 0.278147
3 657.65 1109.23 796.80 1235.26 0.405990
4 879.30 765.83 959.81 872.85 0.373192
4 1796.97 479.06 1871.20 533.56 0.320224
4 884.64 647.40 1021.71 697.19 0.298881
4 876.88 688.17 1035.22 756.75 0.292552
4 574.59 1196.05 647.71 1342.23 0.299139
3 630.79 1183.90 674.13 1260.00 0.281645
4 791.52 456.51 849.21 501.75 0.294377
4 784.15 608.32 822.20 649.68 0.231705
4 930.89 360.31 966.48 399.99 0.294901
4 1064.68 374.87 1146.13 423.34 0.333524
3 788.69 814.31 822.63 870.02 0.302669
4 723.15 669.09 768.16 708.83 0.274981
4 1011.59 256.44 1061.82 280.57 0.247755
4 807.86 711.60 850.15 759.33 0.217511
1 791.49 794.84 820.53 864.03 0.324001
4 887.46 443.42 973.91 485.07 0.232886
4 937.04 477.40 984.02 530.61 0.206946
1 416.45 826.21 454.35 894.25 0.192817
4 893.49 188.17 916.67 208.66 0.213990
4 978.90 213.76 1016.51 237.54 0.281192
1 1354.01 497.27 1384.16 568.52 0.228492
4 1362.01 382.22 1400.61 418.46 0.208978
4 833.56 249.88 872.30 272.58 0.269388
4 893.75 334.17 966.31 400.43 0.184172
4 1746.59 492.69 1796.96 534.85 0.320284
6 944.79 728.53 1071.94 857.74 0.156065
4 1061.97 375.54 1093.32 404.63 0.212126
4 893.70 211.08 917.06 232.68 0.243514
4 1873.22 485.72 1909.14 525.65 0.257656
3 664.27 805.95 725.99 857.25 0.176128
4 796.04 265.47 830.74 293.84 0.195805
4 978.97 181.76 1021.61 208.98 0.170568
3 1557.15 952.61 1585.51 983.78 0.172685
4 891.65 576.76 932.91 609.68 0.142260
6 1104.45 60.85 1240.17 227.47 0.122174
4 581.25 1093.96 631.26 1167.53 0.153141
4 847.97 200.36 879.79 218.33 0.229427
4 911.44 81.67 934.16 102.68 0.146681
4 953.26 148.93 976.92 172.41 0.186952
4 864.23 1466.06 1175.31 1499.44 0.332563
3 1462.82 833.22 1595.43 950.02 0.168158
3 362.62 779.95 455.33 895.54 0.169053
4 932.06 146.06 948.74 161.37 0.194813
4 786.83 638.12 820.46 684.54 0.166923
3 416.86 849.06 455.17 895.82 0.147644
4 1011.34 274.47 1069.02 307.21 0.252309
4 903.60 409.50 940.56 440.23 0.228595
4 993.98 760.32 1071.27 856.64 0.272614
3 1552.46 914.95 1599.21 982.49 0.174962
3 806.15 754.14 842.20 808.06 0.234685
4 890.63 470.62 939.47 527.85 0.102751
3 1551.36 906.91 1631.92 952.48 0.163253
6 1590.54 457.61 1644.64 489.91 0.102681
2 856.08 907.08 926.35 991.10 0.176481
3 1602.80 908.59 1631.60 950.14 0.160042
3 1331.36 560.07 1365.99 608.78 0.196359
6 711.07 58.14 811.24 102.43 0.115906
3 1683.22 982.53 1774.65 1057.81 0.196913
4 965.68 194.08 991.24 212.58 0.191339
4 974.00 165.52 1002.70 187.23 0.199035
9 799.70 131.87 846.40 206.41 0.087874
4 1456.59 952.25 1558.04 1025.21 0.144051
1 1577.60 935.29 1597.58 972.25 0.105364
4 790.09 575.33 837.91 614.66 0.137104
4 1141.34 45.07 1167.52 58.81 0.126216
4 897.00 66.09 916.29 85.02 0.107662
4 860.53 213.38 913.95 247.01 0.117644
9 945.26 93.94 972.46 120.19 0.100536
4 791.37 565.41 932.28 615.16 0.232651
2 1558.35 929.68 1598.54 982.86 0.155986
3 503.56 764.29 551.23 787.96 0.099102
4 1236.74 399.51 1259.06 428.95 0.110928
3 678.77 1344.38 742.92 1432.68 0.163415
4 1051.47 250.08 1079.90 269.86 0.143026
1 1257.79 521.66 1277.66 557.73 0.112998
4 949.76 142.81 976.97 159.17 0.114656
4 899.03 200.77 921.31 217.03 0.138013
4 1026.28 287.62 1083.94 314.01 0.185188
3 1441.83 811.52 1542.31 912.48 0.199014
3 1334.78 480.93 1411.06 562.33 0.120826
2 899.76 907.83 1010.45 1000.36 0.082404
1 945.33 937.71 973.55 991.87 0.118637
3 1207.83 412.09 1250.34 446.19 0.117410
3 1392.40 415.71 1456.88 481.04 0.111986
3 1516.11 874.43 1593.96 949.34 0.111304
3 1364.78 528.72 1400.78 567.99 0.127952
4 1588.89 457.36 1643.99 509.17 0.143473
4 1327.91 449.23 1406.29 495.54 0.117042
6 1070.02 187.81 1111.41 231.45 0.088271
4 879.21 123.75 905.87 139.89 0.113745
7 1285.68 419.79 1418.08 546.31 0.087486
4 1010.67 1004.70 1115.18 1049.05 0.103140
4 880.06 74.58 902.65 92.25 0.114869
4 787.06 624.26 939.32 685.50 0.212341
4 1028.80 307.00 1061.87 338.03 0.108479
3 1370.83 406.78 1412.33 447.36 0.157896
1 645.24 958.82 659.93 984.89 0.082197
3 1493.38 863.63 1544.65 910.40 0.097090
3 1532.41 796.29 1599.84 841.48 0.091096
4 807.02 676.66 895.20 758.83 0.106424
10 1677.85 1435.89 1707.24 1477.74 0.081552
3 1683.80 982.77 1718.20 1021.75 0.085018
4 914.05 334.27 955.42 365.79 0.150761
4 1011.27 277.41 1033.62 301.78 0.131214
4 888.29 384.19 940.88 440.85 0.138975
6 1587.87 458.67 1715.59 510.59 0.082581
6 1294.20 295.34 1373.62 360.90 0.084019
1 1187.60 407.07 1202.67 437.79 0.091730
4 1015.37 289.84 1036.20 315.46 0.099021
4 899.42 527.41 944.71 581.60 0.090358
4 797.15 211.89 813.35 232.58 0.110077
4 1045.12 241.97 1068.76 262.36 0.081232
6 1044.46 311.68 1127.57 368.46 0.089005
2 733.91 694.02 756.42 741.68 0.095351
4 1311.53 409.30 1336.73 427.86 0.083586
4 975.47 212.84 994.25 232.73 0.082124
4 769.05 239.65 810.74 271.47 0.134868
7 1324.32 447.55 1407.07 526.35 0.123999
4 1237.30 398.95 1299.44 434.31 0.088055
1 1506.53 849.20 1541.29 896.07 0.096806
3 580.30 1096.23 674.80 1259.93 0.119963
4 1314.93 336.18 1374.09 370.61 0.086023
4 892.89 311.36 924.74 341.28 0.095348
4 653.23 832.07 699.52 911.59 0.111637
4 797.19 266.10 872.15 299.44 0.094501
4 823.74 248.70 899.84 300.38 0.112073
3 1174.22 514.88 1227.06 549.52 0.081920
3 1227.40 462.39 1256.03 513.04 0.097534
3 1532.20 798.86 1561.65 832.63 0.092890
4 1081.46 404.13 1113.67 424.86 0.092021
3 1336.26 482.38 1374.13 537.75 0.100062
3 733.45 1121.89 796.85 1200.45 0.106718
6 790.54 454.83 936.70 523.13 0.088929
4 1553.95 456.56 1591.68 498.51 0.130548
2 1114.51 455.56 1153.84 494.64 0.083607
6 1553.77 450.56 1644.19 507.91 0.087089
4 1005.09 248.08 1052.36 271.10 0.090890
3 1027.95 1248.07 1057.24 1289.26 0.080938
4 996.66 271.83 1022.06 295.92 0.116815
4 1682.98 704.72 1801.54 751.61 0.088954
4 1672.71 488.47 1694.80 508.99 0.089654
4 1667.84 469.09 1715.68 505.13 0.117894
6 1746.10 467.80 1911.31 535.69 0.106680
4 1086.20 292.96 1116.27 312.74 0.125538
4 1214.38 48.36 1242.49 60.48 0.094495
3 1468.59 845.73 1513.11 910.91 0.092473
4 981.08 241.88 1008.03 265.14 0.117170
4 1260.43 541.02 1353.06 568.22 0.086677
6 1044.74 305.15 1202.73 475.55 0.122512
4 1342.50 382.91 1370.93 413.25 0.080095
