1 354.48 474.43 374.09 506.79 0.387019
4 840.87 386.39 931.46 463.01 0.355591
1 822.20 163.37 833.65 188.75 0.324662
1 494.75 421.37 509.97 453.41 0.328964
1 1269.04 32.53 1280.76 55.44 0.281083
2 494.60 421.12 530.98 467.08 0.247442
1 773.62 425.45 786.82 453.48 0.310931
1 874.04 200.51 885.64 225.73 0.265042
1 774.15 390.67 788.04 426.07 0.258335
1 408.46 457.37 424.12 486.86 0.280359
1 511.73 423.77 526.70 454.80 0.273101
1 517.11 439.28 530.82 466.95 0.218283
4 395.95 507.32 419.38 534.95 0.129874
4 932.73 468.39 962.79 505.58 0.200085
1 943.13 224.64 953.37 244.71 0.236715
3 767.74 447.52 783.35 473.52 0.199836
1 429.48 452.45 442.95 474.54 0.275787
1 945.40 200.01 955.51 219.29 0.199535
6 561.13 431.25 800.93 633.89 0.118728
1 750.04 306.84 759.12 330.70 0.172573
4 840.65 416.55 893.41 462.68 0.201620
6 141.90 287.92 319.37 476.19 0.167103
4 921.85 108.16 949.22 126.12 0.118259
4 1343.35 34.08 1361.94 46.65 0.154026
6 760.87 73.77 812.59 100.94 0.122310
3 521.92 453.03 531.15 467.72 0.114745
4 796.83 181.49 812.90 195.38 0.114916
1 989.57 194.21 998.88 222.86 0.132121
3 510.31 437.84 531.08 467.99 0.194555
2 363.06 480.19 375.42 503.92 0.101687
1 573.38 539.03 595.92 571.69 0.168081
3 822.53 171.74 832.98 188.48 0.102379
4 926.68 395.09 1034.16 504.79 0.103183
4 1110.04 206.33 1240.71 252.13 0.124809
4 901.96 385.67 932.40 410.93 0.144707
1 716.59 198.04 726.09 215.39 0.157237
4 721.31 364.53 735.51 376.33 0.106116
3 923.06 498.26 967.51 555.15 0.185776
4 1109.85 229.13 1137.86 251.65 0.113116
4 1329.70 98.28 1353.09 115.54 0.104649
4 1085.22 110.74 1100.46 126.04 0.106387
1 992.74 172.51 1004.88 193.61 0.133576
3 767.20 441.14 800.13 479.79 0.151745
10 567.74 587.93 584.08 616.27 0.109812
2 353.97 472.59 389.51 507.35 0.131957
4 1064.18 151.50 1103.09 165.58 0.095968
4 1375.27 67.63 1393.71 82.65 0.103234
10 142.64 181.90 168.34 208.62 0.101515
4 106.63 474.97 180.95 506.22 0.087674
6 124.79 141.99 171.52 209.68 0.082770
1 752.92 247.66 761.85 265.63 0.084899
10 105.02 202.87 135.07 230.13 0.091033
10 236.54 128.25 259.48 152.54 0.082335
2 353.04 420.48 531.86 507.61 0.103919
2 749.57 300.90 760.63 331.28 0.095330
6 703.44 327.11 722.86 357.37 0.086237
4 839.85 417.14 863.29 448.26 0.084637
1 783.34 392.66 795.73 413.44 0.132111
6 0.77 252.57 321.16 523.83 0.084264
3 873.66 212.32 885.53 234.48 0.153277
3 375.12 473.56 390.25 491.54 0.087355
10 141.87 139.25 167.36 162.45 0.084646
4 1321.29 24.02 1362.47 47.44 0.104597
2 744.66 227.34 753.19 243.01 0.084683
4 1084.81 99.65 1134.35 128.20 0.082078
10 408.98 458.13 423.52 478.11 0.081912
5 861.52 391.42 923.69 442.58 0.099158
3 363.05 473.89 390.28 503.66 0.132838
4 1340.99 30.82 1376.67 47.70 0.097633
4 219.50 471.19 249.28 492.56 0.124370
6 236.06 119.30 280.92 152.86 0.109391
3 355.73 481.46 376.39 506.50 0.102321
