4 331.44 134.75 461.66 196.84 0.999921
4 351.88 90.60 463.31 140.01 0.999839
4 868.10 410.61 950.71 517.09 0.999752
4 0.18 172.01 33.75 257.32 0.999540
4 1092.14 294.82 1196.95 401.79 0.999531
4 293.98 40.65 358.14 103.61 0.998910
4 960.25 290.70 1026.35 360.72 0.998835
4 984.76 559.57 1185.81 654.53 0.998606
4 455.65 595.24 659.07 704.65 0.996920
4 855.62 385.83 927.86 420.86 0.505657
5 960.16 290.43 1028.69 389.42 0.505441
3 446.76 0.04 479.75 26.71 0.505430
7 669.56 0.08 729.26 126.44 0.505393
6 200.01 230.52 499.93 318.52 0.505127
1 251.63 25.30 272.72 67.33 0.504943
3 252.96 45.78 272.17 68.96 0.504915
3 424.70 15.14 473.63 64.50 0.504884
3 615.23 52.57 651.11 82.37 0.503704
