4 814.28 537.92 885.49 648.00 0.999979
4 632.66 329.58 689.31 409.12 0.999977
4 711.75 336.33 769.60 419.74 0.999974
4 743.03 232.44 785.19 285.41 0.999956
4 617.38 512.17 683.57 640.21 0.999861
4 761.90 150.48 797.75 192.76 0.999775
3 927.54 416.82 949.57 457.15 0.999695
4 731.74 110.63 766.99 144.49 0.999573
4 782.77 64.72 809.21 93.60 0.999241
4 891.44 71.25 918.96 98.87 0.999160
4 772.88 119.90 805.68 156.72 0.999131
4 1096.46 126.71 1119.08 152.77 0.984340
5 0.34 509.05 141.33 636.78 0.978539
4 717.43 37.01 734.97 62.79 0.959866
4 875.43 21.65 898.41 41.26 0.889542
7 1045.23 471.27 1095.77 511.82 0.814315
4 125.57 594.68 217.30 711.01 0.779064
4 875.09 0.52 894.19 22.37 0.668872
4 1005.50 269.58 1026.50 297.62 0.575326
1 1105.15 469.30 1130.50 529.44 0.510001
2 576.76 247.07 590.78 283.14 0.506618
2 732.54 72.26 741.37 94.37 0.506342
2 658.55 230.82 679.44 271.69 0.506322
2 861.41 63.26 870.65 85.30 0.506214
2 712.00 66.06 724.32 88.14 0.506126
2 868.69 159.18 883.76 188.15 0.506100
1 933.82 408.89 949.69 443.34 0.506004
2 387.17 359.64 408.16 392.85 0.505960
2 805.80 0.00 814.78 17.00 0.505948
1 1036.35 48.03 1046.15 73.13 0.505943
2 521.44 161.80 539.17 190.80 0.505928
2 1179.03 232.79 1192.33 255.81 0.505892
2 1079.38 107.76 1087.96 127.34 0.505859
1 706.60 115.85 718.14 143.10 0.505796
4 332.92 130.87 386.66 162.71 0.505764
1 484.34 347.71 499.15 383.58 0.505738
1 1062.04 467.40 1085.58 502.01 0.505668
1 430.08 597.96 452.02 650.88 0.505640
4 310.94 155.89 360.20 176.64 0.505564
3 788.88 1.87 798.65 21.41 0.505487
5 113.69 593.25 246.30 712.26 0.505324
6 114.48 554.85 250.70 712.46 0.505314
6 685.88 83.96 709.58 117.72 0.505261
3 868.61 169.78 883.55 190.67 0.504974
4 668.41 122.01 687.24 142.02 0.504918
6 661.81 121.69 687.50 162.14 0.504917
4 719.24 14.04 746.08 42.22 0.504353
7 1133.29 191.60 1160.36 215.41 0.504264
