4 702.45 412.44 757.04 527.34 0.998203
6 640.68 0.36 705.87 99.33 0.989672
4 257.81 163.06 318.24 269.05 0.969758
4 185.62 498.82 254.13 612.28 0.887125
4 0.27 601.53 136.74 784.02 0.581641
3 622.60 507.92 665.70 561.32 0.509072
6 261.32 159.73 404.15 442.93 0.506447
2 499.61 499.74 515.01 532.03 0.506174
2 1264.57 678.62 1300.47 702.44 0.506062
2 114.25 307.02 131.62 320.88 0.505959
2 110.02 182.13 132.24 201.13 0.505919
2 124.15 318.57 149.66 339.20 0.505792
2 150.37 27.95 165.36 54.05 0.505787
1 90.64 136.06 103.03 163.70 0.505700
3 1270.34 758.03 1310.06 784.07 0.505674
1 162.29 16.85 177.27 43.04 0.505648
2 484.84 478.56 509.98 497.95 0.505647
2 88.60 326.64 114.07 350.73 0.505619
2 1269.44 746.57 1310.19 784.29 0.505529
2 70.99 64.83 93.75 94.09 0.505485
2 132.00 290.77 154.17 313.47 0.505482
2 88.31 326.77 136.65 359.56 0.505408
2 52.57 414.10 90.77 438.04 0.505404
4 250.11 0.19 314.14 19.12 0.505401
2 150.93 65.37 189.16 98.27 0.505387
1 152.85 160.93 181.46 191.78 0.505374
2 1177.53 100.58 1200.58 126.78 0.505250
2 1196.74 91.48 1218.13 122.80 0.505241
2 1122.57 120.89 1135.73 143.77 0.505234
2 1211.31 99.71 1235.62 128.19 0.505023
2 1176.71 91.22 1235.63 129.06 0.504532
