4 888.67 461.67 928.77 509.24 0.999965
4 915.50 416.38 953.31 458.70 0.999928
4 713.11 312.40 739.03 338.80 0.999903
4 636.44 327.81 663.05 354.54 0.999898
4 19.11 435.83 85.10 460.44 0.999769
5 1.98 522.05 68.48 559.53 0.990173
4 836.66 344.78 884.89 395.98 0.815253
4 458.09 363.74 482.38 392.04 0.632431
4 681.81 140.97 700.16 156.18 0.523686
4 672.65 261.96 695.08 287.01 0.509966
4 457.26 330.96 476.72 359.88 0.509041
4 464.12 304.65 484.04 330.06 0.508181
4 473.93 280.99 495.32 308.96 0.508044
4 431.96 368.55 451.05 389.13 0.507895
5 19.86 641.46 89.34 674.99 0.506748
4 452.27 203.08 471.20 228.12 0.506448
1 439.85 353.06 448.37 369.37 0.505939
6 995.60 716.37 1112.40 787.54 0.505789
1 364.45 624.97 379.24 646.83 0.505722
4 431.71 256.66 452.38 277.46 0.505649
1 148.70 460.82 161.02 480.23 0.505615
4 842.31 288.51 864.07 307.63 0.505317
6 1.40 514.51 245.98 702.28 0.505284
4 487.23 177.83 504.86 193.19 0.505274
6 153.73 555.41 244.63 685.14 0.505270
4 718.10 55.69 731.74 66.22 0.505212
6 351.36 266.20 380.47 300.34 0.505201
4 709.39 71.01 722.45 81.85 0.505136
4 644.52 26.29 654.40 36.01 0.505064
4 702.30 52.65 713.90 64.41 0.504983
4 686.00 45.46 697.89 57.85 0.504911
4 632.90 84.93 646.73 96.93 0.504906
4 866.69 319.21 896.36 353.64 0.504859
4 670.40 92.58 685.37 103.81 0.504843
4 759.38 131.11 775.27 143.22 0.504829
4 515.00 136.02 528.00 152.14 0.504685
4 706.81 105.22 721.17 120.68 0.504640
4 657.60 163.24 672.55 178.17 0.504622
