4 920.16 763.72 1032.28 844.05 0.999989
4 444.67 513.45 524.83 569.14 0.999973
4 1187.96 766.47 1292.89 842.29 0.999972
4 864.94 605.83 959.02 672.75 0.999971
4 568.06 468.36 654.45 528.27 0.999962
4 975.43 660.34 1086.62 733.44 0.999950
4 492.59 433.80 575.53 487.13 0.999927
4 1402.54 877.28 1547.67 963.46 0.999799
4 777.19 902.48 901.00 1011.30 0.997276
4 1691.69 884.60 1798.37 965.93 0.992539
4 509.33 365.98 587.78 414.08 0.989368
4 1707.97 1001.69 1836.42 1077.38 0.983984
4 1845.52 242.24 1914.54 287.68 0.813793
4 1824.64 271.67 1883.34 315.48 0.785381
6 1791.01 78.43 1869.97 121.78 0.508868
4 0.32 619.00 42.21 669.35 0.507264
7 782.90 575.22 846.55 621.80 0.506613
2 1413.82 441.84 1438.44 488.10 0.506437
2 1553.16 342.88 1570.96 375.52 0.506114
4 109.99 88.09 161.83 112.90 0.505666
2 1666.97 368.95 1685.13 397.52 0.505660
2 1496.82 665.26 1530.31 700.10 0.505552
4 347.02 185.77 401.26 214.34 0.505517
4 227.44 134.08 273.72 161.31 0.505480
4 308.87 171.42 353.35 196.93 0.505462
6 1791.97 78.81 1831.57 111.22 0.505131
3 981.74 504.72 1011.40 527.42 0.505013
9 1674.92 638.12 1861.59 793.91 0.504765
9 1602.68 600.43 1726.03 671.81 0.504417
10 1520.02 384.96 1595.87 472.01 0.504337
10 1616.25 439.89 1709.89 531.14 0.504118
