4 274.34 561.66 406.61 616.22 0.999986
4 125.50 552.95 253.78 607.45 0.999984
4 480.18 634.03 568.10 745.14 0.999978
4 659.21 585.05 721.24 686.59 0.999977
5 139.86 631.52 266.19 757.53 0.516674
3 0.37 556.27 49.19 591.59 0.506623
2 1119.60 528.31 1135.76 561.81 0.506343
2 471.69 467.58 493.05 508.59 0.506327
3 930.42 581.03 981.55 615.39 0.506203
2 1133.07 542.19 1147.56 564.63 0.506043
3 1242.00 559.73 1282.78 619.90 0.506023
1 919.06 599.08 934.21 637.14 0.505914
1 946.41 580.38 964.15 606.87 0.505767
2 942.25 580.71 979.76 613.46 0.505579
4 1128.52 514.34 1169.05 543.53 0.505536
2 1316.59 525.87 1344.58 557.77 0.505395
7 563.14 454.67 588.98 488.21 0.505066
6 666.46 450.27 704.43 494.70 0.504186
