5 655.23 198.94 685.24 231.46 0.489116
1 14.61 588.06 45.46 655.14 0.443614
4 1036.28 544.50 1148.85 621.16 0.433985
4 499.54 515.51 576.54 621.63 0.428545
4 883.37 483.92 968.38 545.30 0.411810
4 934.39 398.15 998.85 439.16 0.386952
4 608.91 505.75 681.17 602.27 0.361111
7 1287.92 511.85 1325.30 561.17 0.360235
4 458.09 338.06 499.32 374.62 0.358225
4 747.97 325.81 788.92 356.77 0.354120
4 603.16 363.37 645.19 404.24 0.343892
3 196.17 693.74 260.01 746.38 0.343200
4 792.81 372.99 845.18 412.30 0.336337
4 752.95 399.67 807.79 448.00 0.335455
4 515.92 384.75 558.81 428.68 0.333271
4 592.37 303.63 622.42 333.74 0.329799
4 1282.47 431.96 1359.20 474.59 0.325977
4 596.38 405.03 649.16 468.04 0.323898
4 951.82 713.59 1069.09 763.63 0.316153
4 757.77 289.47 791.52 317.38 0.314018
4 715.96 286.21 741.59 309.30 0.303432
4 1050.29 342.08 1108.85 372.54 0.299474
4 517.38 276.66 544.95 301.25 0.297192
4 634.55 316.54 668.70 360.35 0.297076
3 1324.87 565.37 1358.74 614.28 0.292237
4 507.19 303.40 534.95 331.65 0.291231
4 522.43 329.02 559.63 362.38 0.282531
4 582.37 254.47 604.55 276.09 0.282149
4 542.99 310.28 576.13 341.97 0.280820
7 940.44 354.69 970.09 378.47 0.276840
4 543.93 347.59 586.19 391.89 0.271541
3 1288.38 525.91 1324.47 561.27 0.271506
4 607.20 249.90 628.52 269.34 0.269445
3 180.50 693.25 263.15 762.29 0.267813
1 120.45 561.66 146.25 588.41 0.265217
4 565.12 213.96 582.50 228.25 0.261882
4 594.39 228.73 613.98 247.03 0.261272
4 550.50 262.10 572.63 284.24 0.259568
4 702.30 309.36 735.47 343.65 0.259264
10 945.11 335.52 962.69 361.48 0.257723
4 689.17 258.23 713.23 279.06 0.254386
4 723.47 264.28 750.82 283.52 0.239138
4 652.64 248.90 674.85 267.95 0.234740
4 479.85 256.05 500.82 271.87 0.229373
7 1121.92 403.89 1145.39 436.76 0.223035
4 643.25 223.61 660.00 239.39 0.220796
4 1346.20 490.67 1359.67 519.40 0.218979
7 1013.78 373.58 1037.91 408.70 0.215299
1 857.77 299.53 872.40 325.93 0.213301
4 499.68 753.85 564.23 764.51 0.211140
1 1333.88 551.04 1358.96 603.17 0.209645
7 939.45 335.88 970.36 378.95 0.207618
3 1094.06 399.74 1111.51 421.96 0.202791
4 673.65 242.99 694.68 260.56 0.201194
4 702.80 232.91 722.79 248.87 0.200414
4 611.33 206.30 625.70 219.89 0.199923
1 1094.21 381.62 1110.96 417.41 0.192943
4 561.63 195.60 575.42 207.22 0.192782
3 186.33 735.21 241.26 762.62 0.192553
3 933.75 318.50 959.73 338.02 0.186006
4 659.24 234.96 676.57 249.12 0.185244
4 634.30 217.65 648.29 231.19 0.182482
4 1054.33 385.30 1084.13 415.93 0.181436
7 1014.14 384.29 1036.81 408.63 0.179337
4 1219.70 418.05 1244.07 449.56 0.176244
4 681.00 367.52 726.98 406.65 0.176063
4 548.93 248.85 569.03 267.07 0.171716
6 418.32 209.37 443.53 234.42 0.169486
3 139.65 286.08 161.35 305.72 0.168341
4 543.33 194.18 555.70 207.96 0.167735
6 633.09 154.32 669.93 176.54 0.167294
6 680.77 355.70 727.78 407.95 0.163595
4 408.52 239.65 427.01 254.86 0.155032
1 14.74 588.42 45.41 654.98 0.154261
3 1324.63 565.93 1346.18 600.49 0.153871
6 395.14 234.26 443.59 256.57 0.153165
1 314.41 337.90 328.83 368.92 0.151661
4 193.74 209.44 220.14 227.10 0.151486
4 573.19 189.45 585.01 200.89 0.142707
3 981.42 332.72 1022.04 355.06 0.140927
4 400.57 238.43 427.73 255.39 0.138935
10 424.06 278.48 437.74 300.58 0.137005
6 394.19 207.29 459.26 256.38 0.136895
1 116.18 558.82 155.37 596.26 0.136290
4 626.38 205.06 642.34 218.21 0.133030
3 962.69 295.24 979.73 306.92 0.132361
3 965.77 328.22 982.98 345.77 0.131990
9 422.59 233.63 443.34 249.58 0.130440
3 183.66 724.18 245.87 762.55 0.128360
7 955.08 358.23 969.98 377.76 0.127759
4 592.48 180.69 604.32 196.50 0.127210
1 853.15 295.45 876.41 328.54 0.125805
4 1267.64 341.58 1352.81 372.52 0.125683
4 551.07 238.86 566.95 251.86 0.125385
3 962.68 293.90 990.28 307.86 0.124827
6 371.97 303.91 416.60 351.63 0.123990
4 1267.06 347.70 1286.40 369.32 0.122976
3 980.47 335.41 997.68 355.16 0.121147
