5 363.35 318.05 394.77 364.47 0.530931
4 448.28 359.12 479.21 391.41 0.455155
4 338.75 415.98 385.35 466.44 0.404145
4 492.79 353.47 523.21 386.40 0.380603
7 437.84 420.67 454.61 448.96 0.373115
4 492.08 237.08 505.97 250.83 0.356480
4 463.56 249.64 482.35 267.50 0.336494
7 401.37 363.18 415.81 390.09 0.316001
8 136.19 490.28 160.62 520.11 0.287892
4 364.49 335.18 390.31 364.16 0.267498
1 363.40 391.52 376.39 415.94 0.259165
7 436.07 416.28 456.26 450.11 0.242413
4 484.26 161.79 495.01 171.12 0.237726
4 456.82 197.17 469.05 211.63 0.235386
1 468.55 417.84 484.20 447.85 0.226089
3 389.50 445.84 404.61 471.28 0.224632
3 332.57 398.03 351.14 423.89 0.221079
4 447.38 215.63 459.97 226.02 0.216333
7 483.19 331.78 500.55 358.78 0.214658
8 215.24 481.10 252.89 518.48 0.209062
3 418.18 379.39 429.42 395.04 0.208810
8 483.80 339.65 498.90 358.81 0.207083
4 446.98 211.79 460.71 226.32 0.204467
1 438.75 416.53 454.00 438.51 0.202368
3 469.15 428.25 483.55 450.07 0.198229
1 389.69 433.76 405.00 459.96 0.195402
1 354.62 390.30 364.67 417.25 0.194594
1 388.65 433.26 406.13 469.66 0.189455
1 469.11 418.09 482.20 440.29 0.182434
3 417.07 367.96 430.02 394.78 0.178268
4 457.04 263.06 470.75 279.27 0.175757
5 363.44 318.11 394.77 364.31 0.164039
1 493.74 282.31 504.98 300.89 0.147493
3 439.54 285.83 448.47 301.49 0.146210
6 353.16 315.44 397.51 366.00 0.138021
7 401.50 363.35 415.76 389.92 0.135738
1 126.04 491.31 140.57 515.01 0.135154
4 474.33 171.38 483.63 182.33 0.133734
1 386.98 431.69 408.18 472.90 0.132446
3 439.27 282.08 448.88 300.89 0.129976
1 407.77 332.60 421.94 356.91 0.124329
3 440.29 235.10 450.97 248.34 0.120876
