7 356.32 206.66 394.42 238.71 0.397062
9 161.90 84.52 270.73 111.43 0.373468
1 878.37 321.53 938.48 399.64 0.332003
8 298.69 165.02 349.40 222.47 0.296606
1 337.92 314.23 379.51 390.68 0.293871
7 319.42 202.12 394.65 243.67 0.272127
7 528.18 166.41 549.44 186.52 0.270760
3 453.84 146.06 495.08 166.37 0.266493
9 132.99 84.08 270.99 110.41 0.247441
9 160.49 84.48 271.03 134.49 0.227656
9 133.32 83.49 271.20 125.73 0.225548
7 356.46 206.53 394.27 238.65 0.223346
7 526.05 163.07 556.59 187.67 0.207601
10 83.95 132.47 101.50 148.15 0.202257
7 357.19 214.33 394.23 238.48 0.199169
3 454.71 142.17 493.21 165.23 0.198934
4 455.26 142.98 482.85 162.45 0.197531
7 316.53 194.78 350.42 223.28 0.190452
9 133.04 83.92 271.07 143.43 0.188749
1 464.19 280.97 492.79 345.01 0.184029
1 776.33 226.27 797.39 277.84 0.170381
1 99.12 362.02 136.21 404.56 0.151401
1 402.79 260.16 425.74 320.09 0.144256
1 82.48 351.78 108.60 396.02 0.144034
3 568.36 150.62 609.51 173.50 0.144025
6 0.84 81.81 271.30 146.38 0.140400
3 450.08 137.87 497.10 169.42 0.140234
4 246.70 124.74 268.64 137.34 0.136044
4 750.12 125.52 777.55 138.70 0.132645
1 25.88 218.52 46.04 265.95 0.131492
6 245.44 110.39 327.42 142.23 0.130596
1 525.71 222.32 546.81 277.61 0.129590
4 80.54 117.29 184.70 149.13 0.124489
1 474.60 226.01 498.21 279.72 0.123246
