4 766.34 480.82 879.24 545.06 0.498289
3 1059.63 558.15 1084.53 608.33 0.436952
4 623.11 447.62 698.68 500.33 0.413886
1 904.25 490.26 925.54 535.16 0.407144
4 997.46 965.23 1158.97 1048.85 0.386114
4 812.85 362.40 883.46 414.86 0.386098
4 687.18 730.56 852.53 856.98 0.384733
4 277.08 348.01 317.03 377.07 0.378750
4 637.13 801.75 802.39 966.93 0.367047
7 1028.93 672.31 1072.00 731.55 0.363757
4 0.95 907.15 189.63 1048.14 0.339107
4 547.83 546.49 606.02 618.52 0.338030
4 596.46 497.43 661.32 559.16 0.336319
4 688.65 376.27 733.94 418.69 0.328355
4 956.45 325.24 1041.71 360.48 0.322944
4 537.57 866.39 695.75 1048.72 0.320098
8 1027.25 670.98 1071.95 731.56 0.314779
1 983.72 600.95 1011.20 659.55 0.304602
4 380.95 355.27 417.48 386.64 0.303344
7 1025.18 668.47 1075.63 734.66 0.294063
4 434.30 312.86 498.74 339.22 0.292587
4 401.73 333.00 469.16 364.04 0.288092
4 731.84 330.59 766.52 361.87 0.286168
4 503.41 305.11 548.18 337.45 0.284568
7 1036.30 683.67 1068.58 729.89 0.284335
4 946.85 284.56 1020.45 311.59 0.276967
4 757.67 313.44 789.09 342.75 0.276959
1 1098.79 678.98 1128.89 739.00 0.271786
5 979.82 241.95 1021.59 281.71 0.267922
4 75.82 488.95 190.23 547.14 0.263471
4 111.35 502.85 216.19 578.57 0.263136
4 776.89 276.68 812.06 302.67 0.263061
4 931.91 204.97 967.36 224.95 0.262645
4 502.97 280.36 551.88 305.29 0.260186
4 664.18 215.64 689.97 237.22 0.258271
4 572.07 269.05 605.07 295.81 0.255592
6 947.04 167.57 986.26 193.09 0.251465
4 0.10 547.51 67.50 614.23 0.246633
4 952.80 178.78 987.44 193.81 0.238455
4 960.72 248.04 985.03 275.00 0.234871
7 1085.98 682.60 1109.58 726.48 0.234279
4 770.27 293.07 799.24 321.66 0.227621
4 194.98 671.42 309.42 758.68 0.226300
3 1053.09 553.05 1097.29 616.69 0.220213
3 1062.08 577.29 1082.25 609.06 0.216945
7 804.35 418.58 826.05 457.57 0.213026
1 734.39 404.58 752.73 447.24 0.212414
4 664.63 192.85 690.13 211.44 0.212023
4 724.26 181.57 745.37 199.03 0.209172
4 532.56 266.56 577.99 287.53 0.207242
1 755.01 408.62 772.96 449.03 0.205210
4 0.65 939.65 160.63 1048.24 0.202668
4 88.38 545.03 238.25 652.27 0.199132
4 475.44 297.27 518.84 324.62 0.198790
4 952.47 301.57 1033.45 342.28 0.198207
4 634.02 236.17 660.99 258.38 0.197567
4 195.40 675.80 298.66 734.18 0.195733
3 1061.60 577.89 1108.12 624.34 0.194136
4 952.84 310.15 1032.79 343.47 0.192827
4 830.69 211.29 865.06 231.47 0.192167
4 811.31 250.79 838.31 274.44 0.191133
4 898.40 199.31 938.06 222.91 0.190937
6 976.43 185.85 1044.51 286.38 0.190529
4 791.53 262.24 821.64 285.63 0.181701
4 855.61 187.43 875.74 204.16 0.179719
4 596.94 251.68 630.07 280.02 0.179567
1 1076.22 374.48 1092.03 401.68 0.176344
4 822.42 231.41 843.95 251.28 0.175333
3 1054.02 554.54 1111.23 627.60 0.174927
3 980.85 430.38 1003.21 458.21 0.174886
4 749.26 170.91 765.66 185.34 0.172861
4 573.68 433.70 611.97 467.91 0.171323
3 1058.46 557.12 1108.06 623.62 0.170200
1 895.67 483.00 935.38 543.01 0.169530
6 979.81 238.56 1045.84 283.05 0.168790
4 132.16 268.37 178.25 301.88 0.166733
4 915.60 179.59 952.05 197.21 0.165703
1 1039.50 372.27 1058.82 414.37 0.164534
4 88.71 577.86 170.33 651.47 0.163031
6 1002.29 214.72 1040.43 244.22 0.162781
9 946.57 166.68 982.68 183.24 0.162670
6 1228.63 778.80 1398.41 1048.76 0.162273
6 979.47 238.05 1046.03 283.29 0.161107
8 1156.61 676.07 1203.56 721.70 0.161062
3 977.84 417.61 1000.94 457.46 0.160886
4 88.11 545.15 276.89 652.96 0.160421
8 1028.18 671.55 1060.42 718.64 0.153509
4 513.29 495.08 545.73 536.93 0.150479
4 419.71 334.67 469.06 360.07 0.148322
4 0.14 750.62 13.81 793.78 0.147067
7 1030.27 671.40 1060.38 713.51 0.146504
4 814.95 254.25 838.69 273.94 0.145521
6 976.21 106.92 1061.02 293.30 0.144171
6 980.16 188.40 1005.58 245.79 0.143746
6 979.77 186.70 1040.06 247.14 0.142562
1 973.82 593.88 1022.49 667.78 0.142175
4 568.75 255.76 597.37 275.79 0.140840
4 795.67 140.98 819.47 155.80 0.138942
4 955.90 298.55 1011.36 324.06 0.137899
4 144.44 487.93 190.78 506.37 0.137671
4 194.80 665.73 354.60 775.30 0.134886
4 988.96 186.86 1010.63 204.07 0.134727
3 969.23 408.27 1010.84 462.34 0.132604
4 773.08 154.89 788.54 167.98 0.132026
4 956.20 299.00 1029.01 325.22 0.131831
3 1059.87 558.19 1084.02 608.56 0.130610
1 903.95 489.92 925.90 535.68 0.127063
6 1014.88 106.75 1060.91 238.87 0.124092
4 608.69 233.86 635.46 253.18 0.123487
6 1176.70 778.00 1398.41 1048.67 0.120689
