4 1197.29 551.00 1256.87 600.11 0.467781
4 1033.54 743.20 1157.47 803.69 0.464931
4 1212.41 419.48 1259.93 457.65 0.463177
4 1057.00 530.88 1117.44 587.32 0.461684
4 1276.29 461.92 1324.38 505.37 0.445554
4 1232.07 511.13 1287.87 562.20 0.439806
1 745.34 1035.11 774.28 1097.68 0.436152
4 1102.77 491.57 1163.66 544.78 0.420157
4 839.51 939.16 955.83 1051.11 0.419598
4 734.40 814.34 846.65 916.83 0.410408
7 185.24 1286.06 234.24 1349.50 0.408745
4 931.84 824.51 1031.11 912.34 0.382721
4 176.50 1346.44 354.81 1497.82 0.370322
4 632.42 1189.16 778.52 1341.60 0.368562
5 626.98 911.35 748.95 1030.26 0.353321
4 694.98 475.51 745.88 519.57 0.336699
4 489.75 1366.81 665.86 1497.80 0.335574
4 1629.10 137.07 1659.70 161.66 0.327064
3 913.44 757.11 944.28 796.49 0.313025
4 1490.48 309.43 1559.98 335.56 0.310557
3 622.18 993.34 683.44 1059.75 0.297580
4 1521.85 490.92 1562.01 542.38 0.294574
1 971.83 767.16 996.19 808.25 0.281331
4 1111.19 668.91 1213.21 720.94 0.280389
6 1703.65 259.68 1776.78 328.25 0.269010
4 50.56 232.50 95.05 259.54 0.260169
6 677.48 531.23 877.93 626.41 0.258714
1 741.43 1029.18 795.83 1100.35 0.257820
3 979.89 781.16 1013.52 811.63 0.237601
8 621.67 911.90 749.92 1059.09 0.235450
7 176.75 1278.86 242.11 1357.69 0.234513
4 1684.12 131.34 1704.62 149.61 0.234307
4 1709.59 129.99 1753.53 153.81 0.228188
4 1521.05 294.43 1578.96 324.02 0.223562
6 779.56 545.46 876.35 608.22 0.220339
4 1521.34 281.80 1592.74 321.56 0.219330
6 1729.99 261.16 1773.32 303.10 0.219254
3 916.19 763.51 941.38 795.73 0.217822
6 1470.17 718.56 1552.94 821.07 0.214283
4 63.79 182.44 99.47 205.90 0.202640
6 1471.84 719.88 1551.89 784.97 0.199295
4 1718.09 109.60 1745.55 130.94 0.193716
3 1026.60 504.75 1080.71 548.91 0.192790
4 21.56 235.17 49.39 257.66 0.192488
4 1540.91 268.72 1590.76 291.23 0.190579
7 751.47 1032.55 796.11 1096.71 0.183981
6 770.89 541.58 878.73 634.39 0.182420
1 730.29 1021.15 803.03 1108.76 0.181594
4 1782.71 133.37 1802.40 153.67 0.177876
4 32.83 260.35 93.71 290.47 0.177315
4 56.91 264.61 94.11 288.78 0.170403
7 765.11 1032.60 797.24 1081.51 0.170336
1 896.87 740.12 917.99 781.17 0.169143
4 1709.54 140.36 1744.62 164.11 0.164346
4 1556.00 449.41 1597.49 492.84 0.157127
3 981.50 774.25 1013.88 810.04 0.152694
4 32.05 262.68 66.47 286.11 0.151287
1 970.54 764.99 1013.26 812.62 0.150425
3 629.08 1023.79 653.51 1059.89 0.145244
7 624.01 993.76 688.04 1033.00 0.143805
4 1704.34 303.39 1736.10 329.88 0.141425
6 1508.84 724.44 1552.34 779.89 0.140025
6 1463.95 354.01 1530.30 388.90 0.136521
4 1730.06 131.32 1755.32 147.78 0.135317
4 1714.47 52.33 1747.32 72.58 0.134194
4 1684.92 131.50 1743.93 163.30 0.132735
6 618.44 517.50 878.79 642.66 0.131969
4 1712.24 110.31 1753.23 137.55 0.128389
6 686.28 543.18 867.42 610.37 0.127795
6 748.77 16.96 790.88 45.40 0.126777
1 746.08 1035.85 774.21 1097.64 0.125223
3 861.29 465.15 944.21 519.46 0.124066
6 673.60 477.43 877.40 628.20 0.123578
3 860.69 445.81 969.45 518.28 0.122358
6 1241.25 271.70 1341.75 321.30 0.122339
4 789.07 555.68 858.82 601.10 0.121874
