4 1057.24 1061.69 1141.43 1118.20 0.471738
9 295.64 1185.67 536.89 1497.63 0.422140
4 397.36 823.37 448.53 854.81 0.418694
4 1118.84 1260.88 1194.62 1364.85 0.411139
4 239.21 1028.89 335.38 1111.12 0.409627
5 1348.80 910.29 1439.11 960.42 0.408143
4 209.80 807.81 271.18 835.28 0.380411
4 1308.11 1402.75 1404.58 1497.69 0.379118
4 1369.24 959.69 1444.15 999.52 0.372753
4 1391.20 1162.39 1481.60 1208.72 0.372651
4 1355.35 1006.39 1436.39 1043.77 0.360403
4 1380.03 1038.23 1465.90 1075.17 0.358103
6 1705.95 1061.98 1847.05 1319.07 0.355522
4 1375.57 1076.67 1454.93 1113.70 0.354262
4 341.39 765.95 375.98 802.83 0.345593
4 1365.56 1110.79 1455.12 1156.94 0.341186
4 440.82 696.03 470.12 727.69 0.340218
1 344.31 930.79 364.07 968.58 0.334366
4 250.95 719.18 305.42 756.18 0.334227
4 203.99 755.30 257.35 786.92 0.332889
4 1277.91 645.93 1310.95 669.57 0.325153
4 1269.61 857.96 1303.83 901.58 0.323881
4 1276.07 762.10 1329.03 792.78 0.323146
4 1097.63 879.93 1163.37 919.86 0.321536
3 516.64 964.85 570.20 1002.77 0.319021
4 1279.59 793.16 1331.90 822.78 0.316505
6 1598.00 848.74 1699.58 1050.09 0.316223
4 1300.01 724.59 1326.00 751.53 0.316045
4 193.80 1029.64 279.64 1099.90 0.315883
4 1185.11 584.41 1218.43 605.55 0.311815
4 1115.28 1144.57 1161.05 1229.75 0.311180
4 318.38 686.40 360.77 718.13 0.310525
4 1295.16 816.00 1342.53 848.09 0.309676
4 340.06 969.81 415.11 1005.37 0.304177
4 358.07 666.36 399.88 693.98 0.303605
7 660.92 945.52 690.02 970.46 0.300123
4 1393.12 1206.41 1478.89 1257.08 0.291041
4 1317.09 900.89 1379.28 941.97 0.289909
4 1317.61 882.31 1391.71 912.41 0.285400
4 1318.25 857.16 1382.37 883.59 0.284879
4 1123.54 865.53 1182.15 898.90 0.284786
4 1155.44 779.73 1204.73 817.02 0.283586
4 1281.22 604.76 1303.58 626.13 0.279750
4 1181.35 607.64 1203.29 630.21 0.275767
4 1147.89 822.20 1207.50 869.57 0.274438
5 1311.36 1291.45 1433.10 1397.18 0.268204
1 596.02 1018.09 630.65 1069.88 0.267350
4 1281.93 672.47 1318.51 697.68 0.249901
6 1613.19 989.28 1684.27 1051.57 0.245381
4 1276.95 489.25 1294.86 509.20 0.241896
4 1400.00 1257.42 1462.78 1325.41 0.240956
4 1201.86 471.69 1219.78 488.37 0.237606
4 1196.81 490.73 1222.32 509.31 0.235760
4 1165.81 702.03 1211.80 730.08 0.235672
4 398.53 644.61 427.93 667.98 0.229586
1 336.79 924.59 370.58 973.72 0.227638
6 1020.18 1209.55 1093.90 1298.68 0.221324
7 772.59 951.91 803.69 980.22 0.218812
4 1194.24 510.13 1215.80 530.56 0.218023
6 894.82 1094.15 990.63 1136.65 0.216311
4 1267.17 565.82 1299.88 591.10 0.213637
4 101.91 788.70 146.58 818.94 0.209767
4 0.48 768.14 37.84 793.18 0.208761
4 1402.14 681.06 1430.67 706.25 0.206699
4 1159.05 759.68 1209.44 786.06 0.205615
4 1283.25 693.15 1314.60 717.34 0.204534
4 1266.76 564.47 1298.05 585.75 0.204482
1 546.65 1104.29 570.40 1141.31 0.203912
4 1698.71 999.19 1731.57 1023.91 0.202420
4 1270.33 581.60 1301.01 604.77 0.202385
4 1175.65 673.33 1220.25 696.93 0.199519
4 1160.71 732.70 1211.26 761.23 0.195922
4 1159.39 747.27 1210.12 774.86 0.195750
4 1178.08 639.68 1216.58 665.94 0.195705
4 424.49 617.79 451.58 640.53 0.192766
9 290.11 1058.49 558.90 1497.54 0.191797
1 686.22 894.98 706.35 924.63 0.185523
4 1177.20 670.06 1220.96 693.25 0.185374
7 447.31 1342.09 481.26 1381.13 0.181335
4 1167.04 685.49 1212.61 707.04 0.181173
1 443.67 912.81 472.06 949.59 0.177853
4 1377.82 1484.19 1425.41 1499.19 0.177736
4 1179.25 627.67 1213.28 652.18 0.176702
1 410.98 915.14 431.92 950.23 0.171742
4 1178.12 659.09 1217.71 680.54 0.171044
4 398.98 634.63 437.98 668.34 0.170127
7 740.95 1309.70 769.01 1340.55 0.168648
4 1268.49 519.68 1296.19 551.10 0.165668
4 853.58 754.23 877.22 778.54 0.164325
4 874.23 695.07 896.71 714.52 0.162419
4 1348.40 911.66 1383.44 957.80 0.160408
4 1178.32 654.46 1216.89 675.08 0.158959
4 1165.00 713.66 1210.28 738.40 0.158642
4 1160.39 747.63 1210.66 772.81 0.157654
8 595.84 963.57 632.59 1007.72 0.155564
1 983.14 849.29 1002.75 880.95 0.155260
4 317.98 695.38 344.99 717.45 0.154583
9 1597.03 846.96 1848.56 1319.34 0.151927
1 920.31 1456.64 941.19 1494.85 0.151018
10 356.08 886.90 373.85 911.88 0.149270
1 1019.91 1413.07 1042.60 1461.45 0.147622
1 654.45 844.91 678.67 883.23 0.146921
8 648.38 984.65 674.15 1012.12 0.144967
4 1276.09 531.77 1294.81 552.00 0.144596
7 1643.24 1005.43 1680.56 1056.48 0.143894
1 917.65 1440.69 943.62 1495.16 0.143232
9 173.83 1036.64 550.05 1497.48 0.142421
4 403.84 632.36 432.78 652.23 0.141916
3 714.45 975.88 778.92 1018.99 0.140249
9 2.86 646.74 270.97 795.42 0.139378
4 102.92 785.08 141.86 806.13 0.138616
4 1266.84 564.61 1290.59 584.76 0.138235
1 679.80 889.73 711.07 928.21 0.138058
7 969.30 1414.00 994.52 1443.06 0.137656
4 1177.64 634.09 1217.03 665.13 0.136803
6 1316.20 889.22 1439.03 961.44 0.135627
4 1268.31 518.11 1293.13 537.66 0.135292
4 552.87 761.63 575.27 783.79 0.133004
1 945.46 1435.23 978.72 1480.72 0.132756
4 958.39 664.02 979.08 695.44 0.130838
4 1159.14 749.78 1203.33 774.90 0.130295
4 959.38 678.04 978.57 696.60 0.127674
4 1266.88 565.31 1302.24 601.60 0.126959
4 77.23 717.86 114.14 743.75 0.126550
1 611.24 977.77 627.80 1011.15 0.126233
1 731.74 954.69 751.83 979.38 0.124756
9 1702.70 1056.96 1912.07 1322.22 0.122985
10 1638.89 1005.66 1682.99 1071.11 0.122930
6 706.20 894.00 739.67 922.52 0.122408
4 425.85 625.42 449.47 642.68 0.121865
4 1381.67 1038.51 1466.49 1075.88 0.120540
