4 1038.75 795.36 1118.72 860.23 0.426769
4 895.95 586.32 952.89 628.36 0.401318
4 638.46 775.68 697.41 841.24 0.386068
4 545.43 514.69 612.65 561.80 0.380186
6 587.22 268.85 965.97 556.19 0.376857
4 634.90 436.65 679.98 465.10 0.362061
4 1174.89 725.40 1242.64 779.34 0.331631
4 855.20 644.27 913.40 696.35 0.331507
4 616.84 412.95 659.67 446.80 0.324261
7 96.38 943.15 123.32 971.99 0.319721
4 506.25 566.48 557.72 603.24 0.314495
6 1130.53 789.64 1398.72 1048.76 0.313758
4 270.57 279.23 295.96 300.37 0.309799
4 598.63 708.67 653.59 770.89 0.293232
4 297.40 757.31 360.60 834.97 0.281932
4 170.84 243.18 188.20 262.72 0.270694
4 418.18 172.82 438.36 189.52 0.269502
4 415.96 527.62 471.72 557.08 0.266394
1 636.65 600.89 652.65 626.10 0.260593
4 1334.55 765.53 1398.78 829.72 0.258596
6 682.96 515.24 846.20 635.31 0.257945
7 1134.08 950.34 1155.45 974.98 0.257853
8 437.16 962.67 490.42 1021.74 0.256244
4 238.61 236.34 262.12 255.49 0.256087
4 930.13 995.88 1032.43 1048.62 0.248360
6 1012.53 499.35 1392.95 755.93 0.246464
3 475.25 855.87 564.39 962.52 0.243510
4 390.32 527.55 471.96 579.00 0.242813
4 313.30 773.91 359.24 832.88 0.232126
7 83.23 933.55 125.54 973.67 0.227286
4 899.37 864.28 926.29 890.29 0.220447
8 869.83 993.13 948.36 1049.51 0.212358
7 363.53 742.06 381.00 766.25 0.208540
8 869.90 944.48 1033.38 1048.97 0.205715
1 692.97 602.21 712.47 632.09 0.205383
7 102.96 948.05 122.34 970.89 0.202934
4 63.79 377.56 92.97 395.82 0.202468
6 681.90 437.35 966.46 635.50 0.197490
7 295.95 777.79 314.52 797.74 0.191925
4 281.32 242.88 301.81 256.20 0.189486
4 322.34 312.56 340.89 328.48 0.188829
6 590.34 271.37 889.77 540.07 0.188331
6 402.77 267.75 627.00 403.61 0.182844
7 897.39 862.17 932.09 897.07 0.182781
4 334.36 421.05 393.14 453.18 0.182375
6 914.09 407.44 1238.33 669.98 0.181451
4 256.72 311.95 278.14 329.74 0.176558
7 638.44 623.57 654.24 640.60 0.173478
4 399.32 213.26 425.75 238.97 0.172861
1 634.76 599.83 658.89 640.50 0.168315
4 415.61 416.68 439.83 441.18 0.168036
1 64.83 811.00 101.08 863.29 0.160500
6 564.93 217.37 967.33 565.03 0.155440
4 283.21 360.33 301.40 382.04 0.152175
4 433.75 673.54 455.71 695.96 0.151012
3 93.19 754.47 122.33 788.71 0.150723
6 402.88 262.24 966.67 556.66 0.150347
10 25.72 542.39 50.16 579.91 0.145394
5 574.17 736.24 622.67 792.51 0.145355
10 1128.16 944.01 1164.30 983.19 0.145298
10 1328.82 1010.03 1351.77 1031.99 0.142323
3 490.26 877.01 560.96 961.93 0.142083
4 93.97 393.95 115.17 414.40 0.140270
4 615.61 408.92 681.04 467.46 0.138791
4 210.47 215.47 236.75 236.10 0.138336
4 633.49 208.10 664.24 224.36 0.137454
6 311.69 255.38 435.63 313.53 0.137385
4 7.45 200.58 32.84 222.08 0.136313
4 351.77 538.58 377.12 562.02 0.133913
3 494.96 857.24 561.73 958.36 0.132448
3 1077.52 871.99 1121.99 920.08 0.132247
6 346.77 584.84 431.47 727.33 0.129302
1 694.45 606.24 707.82 628.70 0.129277
6 1198.07 499.23 1392.59 633.07 0.128944
4 990.83 99.29 1013.95 112.91 0.127192
4 609.95 724.97 652.26 769.04 0.125840
4 73.84 393.80 95.62 415.99 0.123968
4 106.07 251.92 122.52 268.84 0.123329
3 445.50 429.34 501.64 504.62 0.122587
4 330.80 246.10 351.65 260.43 0.120564
4 1269.20 939.64 1308.03 975.84 0.120079
