1 726.67 273.95 753.06 328.05 0.450193
4 0.20 367.97 55.82 437.88 0.446882
4 0.12 246.26 80.23 323.86 0.430823
4 152.77 0.33 238.97 75.40 0.426412
4 905.75 509.64 1045.30 633.81 0.424137
4 1160.67 657.56 1261.68 842.03 0.421670
4 0.15 671.59 77.48 873.43 0.421347
4 1024.28 30.12 1099.42 128.70 0.417612
1 754.30 278.73 779.64 326.93 0.416417
6 120.38 782.92 238.15 961.50 0.414172
4 6.13 0.97 131.57 80.41 0.413123
4 781.75 141.37 850.06 262.37 0.409136
4 770.01 4.97 835.41 116.32 0.403916
4 817.57 424.26 898.80 564.00 0.401361
4 751.88 507.39 825.08 670.53 0.386803
4 841.32 17.86 928.48 96.55 0.384021
4 0.88 122.15 119.93 197.29 0.377556
4 1087.40 297.80 1187.13 443.63 0.365851
4 81.06 238.75 184.49 389.72 0.364041
4 0.21 51.37 96.41 130.92 0.359946
4 128.78 92.58 217.01 220.94 0.359509
4 895.58 333.91 964.24 405.85 0.358261
4 30.08 435.13 144.16 627.11 0.353536
4 1045.63 139.90 1129.89 267.37 0.331914
4 962.11 665.31 1057.17 882.81 0.331303
4 0.33 181.99 71.96 251.54 0.330879
4 864.37 207.42 989.19 331.63 0.327457
4 793.58 281.25 865.08 404.91 0.309008
4 1012.85 -0.03 1067.82 17.72 0.288999
4 840.58 17.67 951.72 116.43 0.274914
4 1011.96 0.01 1082.10 18.08 0.254000
4 837.28 636.82 934.51 829.92 0.237569
6 1309.90 847.52 1398.63 995.87 0.231853
3 899.39 378.94 951.89 453.77 0.219298
4 926.35 387.24 1016.77 479.97 0.212960
6 1081.30 2.84 1398.48 871.63 0.175567
7 1364.60 396.31 1399.12 548.47 0.166442
4 1365.10 396.98 1399.09 508.31 0.166368
4 1365.47 397.63 1398.89 465.54 0.156358
4 720.35 5.41 1264.12 887.99 0.149511
10 727.81 295.47 748.51 328.15 0.146797
7 120.97 783.33 237.51 961.21 0.138315
4 938.98 429.98 1016.04 480.00 0.137893
7 895.48 333.67 965.12 452.66 0.128661
3 901.31 380.01 1016.19 480.09 0.126312
4 894.98 333.61 1016.82 479.29 0.120752
