4 608.52 401.24 655.41 429.05 0.474362
4 1284.71 449.13 1349.16 488.37 0.429664
4 769.65 302.29 820.38 332.75 0.426464
4 1090.00 399.30 1148.51 437.93 0.419212
4 935.67 473.33 991.29 507.70 0.407627
4 986.51 58.32 1032.76 82.65 0.401077
4 7.09 287.61 59.13 315.05 0.396492
4 918.22 380.44 1023.35 450.10 0.379872
5 1264.99 47.76 1297.76 88.20 0.357463
4 1146.64 47.01 1199.63 74.46 0.351923
4 1308.00 761.87 1375.54 786.90 0.351479
4 1086.41 43.54 1141.99 72.94 0.346305
4 1035.02 33.16 1084.93 61.23 0.330125
4 766.82 238.22 799.36 255.22 0.324390
6 297.90 536.02 443.26 699.68 0.315282
5 310.07 490.18 407.31 581.18 0.313386
4 1181.04 96.96 1230.36 121.81 0.312544
4 359.59 332.07 399.99 357.21 0.306703
6 1.31 488.82 247.99 719.76 0.303277
4 241.15 271.24 309.47 301.05 0.300576
4 1197.68 22.52 1232.47 60.31 0.289585
6 253.09 534.38 444.62 785.07 0.288598
4 257.15 273.40 309.10 300.50 0.273510
4 753.69 474.47 777.63 494.64 0.259341
6 1121.82 70.93 1176.67 101.27 0.251275
4 1214.28 0.51 1238.77 21.87 0.248624
4 1189.49 633.61 1260.15 674.95 0.247844
4 704.95 217.09 727.33 234.20 0.245033
4 346.04 328.11 399.73 357.77 0.243099
4 318.91 325.05 399.98 357.78 0.220806
7 182.82 651.85 237.17 701.66 0.211748
7 12.53 322.80 63.62 388.04 0.211284
4 1269.66 7.45 1297.59 48.55 0.209373
4 1231.81 90.70 1264.35 114.61 0.203878
4 1191.71 97.53 1228.74 117.51 0.203273
7 350.04 54.97 369.56 86.11 0.201997
6 804.26 15.40 919.71 105.04 0.200075
4 338.99 296.49 375.21 317.88 0.192828
4 13.70 323.81 56.12 380.95 0.192657
9 298.90 536.70 419.27 697.55 0.192269
4 855.33 287.71 887.75 308.29 0.189165
4 194.26 523.98 250.66 569.26 0.183502
8 313.97 537.79 366.02 583.31 0.180718
4 1232.00 82.62 1282.68 115.39 0.174149
1 1147.06 148.89 1158.74 169.01 0.173647
4 85.78 235.72 123.94 257.08 0.172361
5 314.49 491.39 403.77 556.89 0.172084
4 73.72 230.19 148.36 258.14 0.167129
4 447.61 494.27 484.03 517.27 0.165695
4 841.35 276.10 887.21 306.31 0.162829
10 1121.35 79.09 1136.30 96.82 0.161300
1 1027.75 283.82 1044.82 305.64 0.160914
1 1062.48 313.72 1075.27 334.14 0.158115
10 44.32 363.65 63.66 381.65 0.153997
1 933.75 250.46 948.23 273.40 0.153939
9 357.52 537.09 418.52 621.03 0.149122
4 713.47 41.64 759.13 74.69 0.147257
4 705.29 270.34 726.20 283.46 0.146384
7 984.52 417.52 1016.08 451.07 0.145958
7 246.10 683.95 287.98 728.11 0.142058
1 989.48 271.01 1002.90 289.98 0.141467
4 671.94 206.99 697.34 225.87 0.140858
4 705.03 215.47 746.46 238.24 0.140627
5 1264.15 46.06 1322.48 88.72 0.135671
4 287.24 512.05 323.65 543.56 0.133441
9 296.27 486.77 443.68 700.89 0.133094
4 336.16 289.57 376.65 318.08 0.132581
4 429.99 239.75 444.52 255.16 0.132210
4 246.27 693.14 276.75 726.96 0.127709
1 1126.70 148.81 1138.43 166.11 0.126752
6 1.87 495.99 203.42 690.84 0.126543
9 356.07 546.92 444.78 695.79 0.125916
4 13.90 324.33 43.55 347.16 0.123383
9 299.10 603.81 386.30 697.62 0.123194
10 348.21 38.18 376.52 86.29 0.122396
6 3.58 496.20 203.13 671.97 0.121542
4 1125.17 92.81 1173.07 114.07 0.121309
4 598.32 471.82 640.39 506.96 0.120868
1 1144.46 337.42 1157.18 355.97 0.120491
