5 880.06 1130.15 979.92 1187.34 0.458858
4 98.89 1019.53 164.96 1046.88 0.424172
6 240.97 993.18 495.50 1057.69 0.398595
4 169.52 1203.36 274.77 1247.25 0.375668
4 1014.16 969.93 1060.60 995.83 0.361740
4 589.77 1124.38 657.83 1162.63 0.355236
4 859.81 1122.89 922.02 1156.91 0.354971
4 1749.24 963.15 1796.19 987.82 0.337692
4 1150.58 1025.63 1203.77 1055.79 0.334293
4 688.98 1109.67 759.44 1145.59 0.327040
4 1557.15 942.18 1605.78 966.98 0.318219
4 934.30 1105.94 995.67 1136.44 0.309953
4 1093.07 1038.33 1145.79 1066.23 0.305693
4 446.30 1199.53 540.09 1243.88 0.299479
4 701.98 1130.98 775.10 1167.96 0.291202
4 1304.43 995.12 1342.11 1021.71 0.290563
4 1301.28 1033.72 1350.84 1059.62 0.281917
4 412.88 1190.48 492.50 1228.86 0.274428
4 1263.89 1003.31 1305.70 1030.11 0.271922
4 0.17 1239.40 38.00 1276.92 0.268188
4 293.36 1183.93 367.57 1222.78 0.267858
4 1399.24 981.68 1439.80 1006.55 0.267087
4 1003.70 1094.14 1043.71 1119.13 0.265953
4 28.54 1041.82 71.22 1072.36 0.265852
4 704.60 939.05 734.85 962.06 0.263556
4 1215.45 1026.01 1269.23 1059.33 0.257886
1 932.11 1218.44 951.13 1257.45 0.256991
4 674.81 1159.28 749.79 1194.62 0.251772
6 736.01 867.30 792.52 916.61 0.251765
4 679.13 939.98 703.66 965.88 0.250825
4 1351.49 988.09 1399.70 1014.11 0.247526
4 1442.85 974.79 1472.49 998.59 0.245833
4 1483.83 947.18 1535.67 971.99 0.243149
4 1358.66 1022.84 1402.42 1046.49 0.239424
4 1567.20 896.63 1595.37 913.96 0.237761
4 584.69 1179.12 651.52 1220.31 0.236580
4 1565.92 979.63 1606.63 1001.88 0.236092
4 1403.43 1014.52 1444.63 1039.36 0.228408
7 30.75 1451.76 98.63 1492.27 0.227410
4 1127.50 1067.38 1183.32 1098.46 0.219433
4 1605.10 960.10 1652.89 986.04 0.216547
4 772.72 1080.76 841.81 1129.86 0.208735
4 1190.34 1055.13 1242.25 1087.28 0.208662
7 763.38 1202.19 799.09 1235.11 0.207568
4 1690.95 919.52 1719.41 936.16 0.206465
4 951.38 1058.86 1014.04 1091.48 0.206382
4 775.76 1133.95 848.42 1172.06 0.202511
6 879.02 1096.22 1053.94 1188.41 0.202232
4 1610.14 899.76 1650.88 921.06 0.197241
1 277.57 1349.22 300.54 1395.39 0.197105
5 1060.98 1024.57 1113.46 1063.99 0.197028
4 467.78 987.38 503.03 1012.08 0.196361
4 293.20 1188.03 345.00 1222.96 0.192827
4 1063.26 1024.69 1111.30 1049.30 0.191148
4 1057.61 1072.32 1120.90 1110.26 0.187939
4 787.54 1079.55 834.65 1101.94 0.187376
10 31.50 1455.34 76.82 1491.95 0.184842
4 778.36 1078.74 835.64 1107.52 0.180807
4 794.13 952.23 834.81 977.37 0.180533
4 1489.71 996.36 1525.40 1025.99 0.175067
4 802.45 947.43 849.12 970.33 0.174357
4 679.03 936.72 735.12 967.37 0.173364
1 845.90 1210.48 876.77 1272.38 0.172970
4 574.17 934.87 606.68 956.52 0.170462
4 1491.83 997.39 1524.11 1015.39 0.164704
6 815.90 885.34 880.93 915.86 0.164110
9 1351.74 930.69 1484.12 1019.62 0.163766
1 925.31 1212.73 958.49 1263.35 0.162080
10 1937.13 1207.92 1981.83 1254.77 0.160899
10 1122.53 1118.82 1147.42 1155.11 0.158476
1 302.77 1365.54 325.53 1410.60 0.156673
4 933.58 945.50 972.35 967.95 0.155674
10 949.91 1017.65 969.38 1043.72 0.154704
9 1142.74 941.72 1372.76 1011.45 0.153896
8 1259.65 1046.80 1303.88 1087.48 0.149873
9 1203.48 941.92 1372.22 1005.61 0.148809
10 50.03 1454.60 78.35 1487.44 0.145706
4 0.23 1454.48 36.87 1493.88 0.143353
4 1220.60 1019.51 1263.64 1040.65 0.139225
9 1064.76 941.14 1374.41 1036.21 0.138329
7 762.90 1183.77 810.24 1235.99 0.135025
1 849.27 1096.57 867.67 1126.68 0.133269
1 854.13 1216.44 873.69 1241.04 0.132516
8 943.98 1196.83 1002.64 1245.40 0.132052
4 27.34 1038.22 94.24 1075.45 0.131143
8 806.10 1208.40 850.58 1250.11 0.131040
3 906.63 1044.52 950.69 1080.97 0.130626
5 773.74 1133.37 848.61 1181.39 0.128026
3 939.96 999.17 971.31 1038.49 0.127735
1 881.96 1233.39 902.71 1268.72 0.126879
1 862.97 1089.33 883.90 1120.43 0.122111
