5 452.85 46.52 575.44 162.15 0.534098
4 339.04 217.25 394.06 261.82 0.450429
4 204.71 157.46 254.74 197.51 0.442573
4 38.76 28.77 90.90 66.82 0.429227
4 475.09 147.69 528.01 193.57 0.425784
4 170.84 90.90 217.94 126.51 0.422673
4 403.77 1.03 449.94 38.99 0.413663
4 338.32 325.21 393.13 381.49 0.411816
4 517.74 237.57 568.00 282.69 0.409842
4 330.50 51.71 380.89 91.46 0.404509
7 811.96 470.45 839.40 496.66 0.395231
4 242.54 43.61 293.77 79.96 0.392007
4 160.73 0.10 202.72 21.67 0.365734
4 233.76 0.34 283.52 29.10 0.364712
4 746.65 404.02 797.06 458.11 0.364038
4 675.50 397.02 734.64 458.18 0.355883
3 780.73 374.21 812.86 410.59 0.354067
4 451.46 311.73 480.40 335.42 0.327490
3 723.97 465.70 764.01 500.33 0.305986
7 162.72 724.24 188.72 748.24 0.304670
4 919.65 470.08 976.27 529.88 0.253662
1 914.30 171.63 927.76 193.45 0.234159
1 159.57 720.09 192.81 751.28 0.230467
1 914.98 346.24 929.00 366.82 0.221631
4 587.25 444.48 618.31 475.46 0.220463
1 958.91 312.96 980.47 340.91 0.217300
1 919.13 291.25 942.04 321.00 0.209961
6 1211.17 345.96 1398.68 620.03 0.207805
7 533.69 476.20 559.24 498.71 0.205993
4 936.45 487.98 975.94 529.66 0.199953
4 592.13 40.38 621.47 62.41 0.197132
4 1019.16 735.31 1098.66 786.82 0.195356
8 750.82 280.30 784.39 305.13 0.194113
4 1228.19 393.27 1274.65 439.61 0.193658
4 657.03 336.19 689.32 364.93 0.193437
4 432.25 480.29 470.15 510.24 0.189657
7 810.29 468.56 841.79 498.48 0.183125
10 802.22 460.79 850.41 506.58 0.169668
10 812.24 472.09 826.41 487.23 0.168355
7 822.14 475.19 838.67 495.63 0.167012
6 48.19 468.53 151.12 561.24 0.161586
4 871.20 233.49 916.03 254.07 0.154658
1 924.69 353.81 937.76 371.80 0.148591
6 1018.17 221.39 1229.33 464.08 0.146337
1 927.79 291.91 941.20 311.67 0.144987
4 750.27 347.10 781.91 377.88 0.139604
1 174.59 725.72 188.63 747.87 0.137575
6 434.26 35.19 599.13 195.78 0.134222
4 1300.97 476.08 1343.01 507.52 0.127789
4 1336.28 499.56 1398.33 550.88 0.127584
1 771.95 257.75 783.73 272.93 0.123494
