4 710.69 160.86 747.01 190.30 0.491179
5 1189.42 462.55 1230.70 546.47 0.426008
4 89.37 215.92 131.03 246.74 0.417149
7 1057.37 563.67 1115.95 618.11 0.399232
4 312.47 365.38 352.94 395.47 0.390752
4 1.88 380.89 40.34 410.69 0.389186
4 535.45 496.58 583.80 532.94 0.383991
4 332.63 427.07 381.51 465.54 0.380675
9 795.25 241.94 886.82 303.32 0.373988
4 6.45 192.60 43.60 219.19 0.368416
4 765.69 544.18 810.51 580.43 0.360590
7 856.60 701.21 883.20 737.12 0.357799
4 836.43 139.82 859.44 164.24 0.348010
4 925.45 16.26 955.34 40.00 0.338327
4 991.63 208.11 1014.33 238.75 0.335317
4 90.76 271.93 159.49 323.48 0.327778
4 1247.92 35.05 1271.02 62.95 0.304338
4 784.63 612.23 837.67 652.39 0.300049
4 1160.36 474.91 1187.62 522.21 0.291528
7 1065.36 582.41 1109.96 616.68 0.272948
4 885.88 345.10 938.01 385.28 0.263047
4 2.97 220.09 54.69 253.09 0.255138
7 883.43 439.01 897.36 456.94 0.253115
6 1159.67 461.19 1230.98 547.80 0.251133
4 816.04 657.81 871.31 703.26 0.250352
4 833.29 371.96 852.73 388.13 0.244240
4 1005.72 357.40 1027.08 393.77 0.242944
4 1168.29 423.17 1192.70 462.68 0.242388
4 1167.48 390.63 1187.76 417.39 0.233771
4 1374.23 228.98 1399.75 260.53 0.233345
6 1156.54 389.20 1231.04 549.30 0.224913
4 958.97 466.62 985.14 489.43 0.221189
5 803.97 643.72 871.54 703.73 0.219718
9 794.70 237.75 914.66 317.77 0.205507
4 1373.69 228.69 1399.55 280.68 0.203947
4 1169.95 223.01 1192.44 254.93 0.200139
3 1052.86 559.52 1120.61 628.82 0.199019
4 848.05 295.27 877.69 319.04 0.195226
4 1171.36 231.84 1190.83 255.05 0.193361
4 1198.22 430.90 1218.32 454.05 0.187678
7 1057.57 563.85 1077.64 591.76 0.187065
4 26.51 229.93 52.43 252.37 0.185649
3 838.18 294.48 901.34 344.29 0.182923
4 1144.28 190.08 1178.13 231.08 0.180568
4 1166.88 77.37 1195.21 96.04 0.179801
4 134.66 298.19 159.25 322.28 0.178311
4 1170.32 423.75 1191.97 445.39 0.177551
6 1245.22 367.46 1282.75 410.18 0.177167
4 56.02 312.12 72.87 332.59 0.174066
4 768.36 83.02 802.37 107.59 0.167632
7 1066.49 584.15 1092.15 612.48 0.165806
3 835.98 288.77 909.77 344.40 0.165239
4 1197.92 410.21 1220.01 454.79 0.161399
4 1224.61 92.37 1238.76 112.35 0.161269
4 1168.47 439.60 1190.03 462.45 0.159990
6 1197.30 396.59 1220.21 455.29 0.159530
6 1092.54 765.62 1143.65 787.33 0.158272
6 33.22 271.07 159.98 329.79 0.158052
9 616.11 345.07 702.91 400.47 0.156308
9 794.35 210.17 947.08 321.92 0.153499
10 1105.78 498.95 1125.07 533.64 0.153382
4 993.55 129.84 1012.78 143.64 0.145372
4 750.48 311.90 768.11 333.10 0.144182
9 794.15 206.65 936.65 324.16 0.143829
10 880.16 435.64 900.79 460.28 0.143445
4 1067.73 416.54 1084.41 435.51 0.143216
4 996.12 222.88 1013.26 238.79 0.140378
4 711.02 428.70 728.75 439.77 0.138823
4 993.70 129.90 1017.85 160.20 0.138019
4 1197.86 218.29 1209.54 243.54 0.133636
4 1202.64 86.39 1216.13 104.68 0.133286
4 1236.27 336.69 1253.85 352.78 0.133244
10 816.54 296.13 834.04 319.37 0.130908
4 386.35 195.50 431.24 221.68 0.130746
4 1286.39 511.19 1301.35 537.39 0.130335
4 1179.56 77.80 1195.16 94.78 0.123306
1 128.84 164.20 185.06 240.38 0.120992
