7 1307.60 696.24 1360.05 727.18 0.362557
8 768.52 705.67 817.38 754.96 0.331598
7 961.67 941.85 995.51 982.57 0.329816
1 822.48 904.05 842.89 945.72 0.311266
4 442.28 750.80 466.81 782.27 0.306301
1 842.86 910.90 861.92 950.66 0.278284
7 1329.59 701.74 1360.72 726.75 0.245885
7 1306.17 681.04 1361.45 728.17 0.230253
7 961.48 941.93 995.60 982.55 0.227788
3 661.23 545.89 682.85 578.49 0.226657
5 1242.94 879.88 1398.49 1048.18 0.223078
1 642.30 574.63 660.45 605.70 0.206220
7 1042.88 736.42 1083.99 777.71 0.196001
3 545.35 609.50 585.73 654.17 0.184400
6 1189.49 1.53 1380.95 294.50 0.184111
4 517.12 866.99 541.10 888.93 0.181841
6 430.65 551.82 547.98 668.40 0.175711
6 408.44 551.80 552.01 736.54 0.174266
1 1115.87 882.62 1153.29 942.16 0.164200
3 1167.56 258.62 1193.66 288.89 0.154019
1 681.81 488.17 701.82 518.61 0.153261
3 915.72 202.24 951.82 251.89 0.151647
6 506.50 565.37 547.08 665.79 0.150781
4 646.98 389.27 670.10 412.89 0.149837
10 953.30 915.65 1002.16 988.56 0.149646
6 226.19 441.02 351.43 569.91 0.149240
3 546.36 619.94 580.25 652.39 0.149079
3 1327.34 662.89 1397.98 702.55 0.148752
10 1036.36 729.72 1093.48 788.57 0.147190
1 958.91 918.45 997.20 984.38 0.144722
1 1308.85 681.57 1327.31 713.28 0.141399
9 463.55 713.84 617.16 987.13 0.140689
5 1289.05 932.39 1398.00 1047.92 0.140363
3 1042.68 750.46 1089.00 782.19 0.140070
4 56.06 628.46 101.81 662.68 0.138644
10 946.78 912.05 1010.37 994.60 0.138501
3 416.06 783.34 479.47 883.39 0.137936
4 57.08 640.35 83.81 661.61 0.136908
1 693.26 636.43 720.35 688.57 0.133443
6 637.41 422.84 679.09 486.93 0.129639
1 998.31 495.92 1019.92 531.41 0.127015
1 1114.47 882.05 1165.34 947.09 0.125756
1 694.65 652.26 716.30 688.01 0.125672
6 409.49 690.39 619.35 991.95 0.124963
