4 225.29 559.18 411.51 779.89 0.459316
4 55.38 80.09 171.18 161.34 0.459196
1 722.00 350.63 756.16 431.08 0.454613
4 558.36 177.70 657.35 249.62 0.440718
1 684.58 369.39 715.74 445.13 0.422152
4 572.89 273.58 653.60 371.22 0.407108
3 764.41 220.90 789.91 269.96 0.396352
4 157.91 105.85 246.47 177.11 0.386182
4 537.82 464.58 680.10 679.61 0.373922
3 811.55 225.49 860.97 263.73 0.359258
4 399.80 300.01 492.32 414.63 0.352603
4 314.46 449.65 393.67 551.38 0.305932
4 314.24 432.14 442.35 555.75 0.305284
4 200.96 48.74 310.36 114.62 0.297633
3 757.52 215.39 796.43 274.08 0.296457
4 0.41 194.87 127.69 340.63 0.294975
4 424.37 241.37 502.32 306.39 0.294437
7 859.43 262.74 883.60 293.27 0.277899
4 349.90 19.93 402.00 56.21 0.277554
3 811.25 203.21 862.56 264.25 0.264183
4 0.16 197.95 79.84 340.36 0.260119
4 48.99 201.22 127.47 273.49 0.243419
7 856.14 251.57 886.35 295.08 0.238970
4 4.34 195.64 127.45 273.91 0.228592
6 0.15 0.44 168.18 116.41 0.227854
4 254.95 117.00 351.46 198.29 0.226472
4 339.55 0.35 408.26 31.44 0.225330
4 151.21 11.82 191.41 48.99 0.217197
3 91.60 47.95 125.51 81.34 0.211594
4 224.19 556.12 459.48 780.65 0.193691
7 940.64 314.69 972.90 350.29 0.191549
4 424.15 246.19 476.06 304.68 0.190326
7 30.03 137.52 61.49 163.44 0.189534
8 380.74 430.88 524.28 607.04 0.179061
4 379.80 2.64 408.74 25.71 0.174006
4 377.09 156.39 449.27 218.99 0.169847
6 967.59 231.00 1257.06 608.47 0.168502
4 457.26 165.44 519.68 235.90 0.161969
4 0.35 36.66 60.98 116.23 0.160789
4 296.34 11.76 349.49 62.43 0.155000
4 339.74 0.24 384.06 31.52 0.154629
4 629.67 63.91 659.30 101.92 0.153936
6 966.91 229.99 1397.50 612.29 0.152443
4 160.71 22.91 191.17 48.84 0.146344
3 747.59 49.40 785.86 88.73 0.145338
7 855.17 231.91 885.85 293.09 0.141793
4 411.95 164.08 449.14 209.93 0.135599
4 457.73 189.13 519.69 235.79 0.134758
4 533.45 191.78 569.44 233.74 0.133214
4 249.33 191.04 346.19 292.33 0.132637
4 246.44 49.11 309.85 110.88 0.128768
3 483.10 325.97 536.47 419.03 0.126139
10 23.13 129.88 66.35 170.05 0.125288
6 11.85 73.52 175.15 166.04 0.123667
4 292.06 0.45 333.44 20.92 0.123564
4 1183.83 493.93 1230.58 532.26 0.120869
