2 1094.09 738.27 1330.25 1022.98 0.960545
5 410.97 958.10 433.82 1010.03 0.858097
5 440.27 952.34 466.02 1004.79 0.807946
5 364.21 953.72 385.13 1001.92 0.803287
5 464.02 735.82 487.36 785.26 0.777644
5 490.97 951.97 515.13 1001.92 0.770064
5 553.00 953.51 576.26 1000.95 0.709227
5 875.23 955.21 897.88 1010.23 0.571920
2 932.73 724.93 1072.93 768.18 0.502741
6 242.57 731.20 328.69 764.87 0.490447
5 839.77 955.60 864.12 1005.79 0.480987
5 768.66 969.88 790.40 1012.63 0.477791
5 928.43 959.51 951.53 1011.99 0.464178
1 98.32 977.08 123.72 1029.18 0.442573
5 982.54 961.10 1008.08 1013.35 0.422584
4 1313.53 764.73 1350.24 786.56 0.413797
5 1068.13 946.58 1093.16 1000.89 0.385005
5 1015.15 958.28 1038.40 1002.82 0.373820
