6 915.30 496.92 1078.34 620.23 0.997030
5 1448.10 863.78 1679.28 1056.65 0.991671
4 1577.33 258.65 1626.21 282.47 0.958980
4 434.46 270.18 476.08 299.58 0.942972
5 1599.01 785.62 1707.34 857.92 0.936888
4 561.12 223.44 618.66 263.21 0.863920
6 372.30 217.51 404.09 251.14 0.770931
4 1266.29 108.87 1296.56 124.83 0.695984
4 912.54 194.43 936.31 212.72 0.674700
4 1239.81 51.78 1260.22 68.10 0.615163
4 865.53 50.94 890.99 69.19 0.611614
4 1290.38 78.83 1314.02 94.99 0.593139
3 1461.78 207.01 1513.05 254.90 0.575489
4 653.72 257.34 680.60 276.02 0.550686
4 970.83 18.97 997.59 32.92 0.534501
1 1336.52 656.11 1353.04 682.08 0.525262
2 1324.84 403.12 1337.71 422.04 0.525190
4 378.54 231.56 403.51 250.46 0.520128
1 1769.35 553.06 1783.83 579.09 0.499043
3 197.74 1047.27 273.68 1076.99 0.495200
4 1885.96 962.44 1915.71 1002.51 0.483559
3 1473.39 927.79 1520.58 977.75 0.456961
4 264.84 8.62 299.11 25.83 0.432014
