9 354.93 186.27 411.24 255.94 0.999806
4 183.28 411.98 206.50 442.20 0.996589
4 162.77 577.88 193.12 619.14 0.993084
4 232.72 467.67 265.74 498.53 0.992209
4 235.17 578.32 256.57 622.87 0.991254
4 104.86 626.19 136.21 668.79 0.990904
4 72.10 533.33 101.31 570.88 0.989881
4 246.41 192.90 268.80 215.99 0.987065
4 103.77 571.80 133.44 614.26 0.986155
4 189.66 280.69 214.68 306.41 0.971920
4 209.95 53.91 235.22 82.99 0.971610
4 315.53 304.39 340.24 338.52 0.966986
4 98.18 437.38 125.57 466.52 0.965955
4 266.53 46.57 288.13 67.85 0.937946
4 266.14 355.36 290.50 387.81 0.932369
4 97.21 329.94 120.91 359.82 0.915989
4 245.75 704.28 275.44 752.13 0.893362
4 218.44 517.66 264.64 572.68 0.870512
4 52.98 362.31 74.73 386.42 0.862217
4 179.42 704.03 205.86 746.29 0.857208
4 861.69 602.19 903.77 623.97 0.850432
4 408.11 703.16 432.28 749.98 0.849163
4 0.06 486.14 20.89 545.31 0.840508
4 364.49 105.47 378.70 123.76 0.822847
4 286.24 453.97 339.72 494.28 0.811872
4 202.31 702.63 224.62 738.70 0.811401
5 295.71 701.54 320.27 744.95 0.778364
5 523.20 701.71 546.00 749.90 0.770252
5 1163.58 622.75 1203.37 669.90 0.769790
2 711.50 493.67 913.76 582.74 0.766319
4 938.63 107.38 957.81 132.78 0.751103
4 361.65 137.32 377.27 158.55 0.749002
5 1028.08 616.25 1092.08 640.67 0.736045
4 306.22 104.01 325.30 125.13 0.735520
4 478.32 704.83 497.12 735.44 0.733031
5 338.27 703.49 361.96 751.28 0.726999
4 995.95 353.84 1035.00 391.88 0.714109
4 958.35 41.12 971.91 60.83 0.680792
4 1281.60 148.48 1334.79 191.31 0.673522
5 546.32 440.84 617.98 469.13 0.666850
4 946.33 342.67 986.80 380.96 0.660526
6 947.26 74.34 966.16 107.10 0.655452
4 134.70 184.96 160.32 209.13 0.640262
4 780.36 607.77 820.55 625.79 0.629245
4 315.58 319.85 331.25 338.38 0.624832
6 1199.28 355.42 1253.48 435.14 0.620643
4 118.30 202.87 144.00 232.96 0.614454
4 368.34 255.90 392.01 279.70 0.613978
4 401.92 448.93 439.62 467.73 0.613195
4 135.49 150.93 155.60 173.79 0.579374
4 342.71 425.80 380.66 443.78 0.572048
4 915.03 605.22 957.04 626.20 0.560104
4 726.69 607.34 768.59 625.93 0.554474
2 596.59 576.02 629.68 605.74 0.528673
1 1023.46 526.05 1033.41 544.43 0.506447
4 327.63 408.95 361.28 426.22 0.506239
4 670.00 617.90 711.64 639.26 0.476421
4 679.45 597.98 713.48 618.57 0.472558
4 1106.01 604.31 1150.15 625.78 0.447567
6 1037.51 368.78 1152.40 413.96 0.404715
3 1249.36 697.25 1277.99 714.33 0.391578
