4 25.95 92.07 53.14 118.21 0.924895
4 86.53 159.64 116.98 189.52 0.885583
6 286.06 226.01 399.34 345.93 0.859738
4 623.11 214.67 645.51 249.25 0.851924
4 634.45 0.34 655.20 25.88 0.845683
6 297.74 386.17 393.55 489.32 0.826638
4 718.76 22.90 735.91 39.85 0.822642
4 701.80 91.69 722.30 133.07 0.801343
4 582.05 85.60 608.65 121.09 0.789382
4 819.59 21.00 837.00 37.45 0.761672
4 160.58 684.80 238.93 742.48 0.707833
4 827.74 130.09 838.29 169.05 0.667707
3 111.42 342.07 150.03 392.02 0.633408
4 660.66 0.00 679.93 10.41 0.623080
4 346.09 239.09 407.23 283.61 0.618304
4 171.15 372.81 207.20 410.59 0.604638
4 1273.63 0.33 1289.87 21.60 0.574227
4 48.21 117.54 72.30 140.66 0.567733
4 1289.33 330.78 1321.48 359.20 0.496403
4 1337.37 377.10 1389.10 415.82 0.493679
4 1279.82 361.03 1312.29 391.36 0.487122
