1 220.00 719.00 225.00 725.00
1 413.00 748.00 420.00 755.00
1 423.00 712.00 429.00 719.00
1 263.00 548.00 272.00 558.00
1 371.00 12.00 377.00 21.00
2 375.00 22.00 378.00 26.00
1 377.00 23.00 382.00 31.00
1 581.00 642.00 585.00 649.00
4 895.00 408.00 939.00 430.00
4 918.00 430.00 966.00 453.00
4 915.00 460.00 964.00 484.00
9 843.00 315.00 856.00 362.00
1 1011.00 484.00 1016.00 488.00
1 1018.00 482.00 1024.00 490.00
1 984.00 749.00 991.00 755.00
9 1111.00 55.00 1201.00 154.00
1 1193.00 219.00 1202.00 229.00
1 1166.00 242.00 1172.00 249.00
1 1165.00 252.00 1173.00 260.00
1 1176.00 256.00 1182.00 265.00
1 1184.00 260.00 1191.00 268.00
1 1345.00 272.00 1353.00 281.00
1 1226.00 135.00 1231.00 139.00
1 1220.00 139.00 1227.00 145.00
1 1267.00 46.00 1276.00 56.00
