4 854.81 205.69 887.79 240.50 0.985394
4 415.77 419.60 496.18 531.77 0.981345
4 774.92 712.15 859.13 764.44 0.979855
4 650.51 123.08 676.48 148.36 0.973484
4 325.25 589.40 435.41 738.40 0.968989
4 804.57 126.51 827.81 148.93 0.964243
4 762.57 61.27 780.99 78.35 0.930649
4 171.71 371.71 255.36 451.19 0.906659
1 307.62 315.37 324.28 353.17 0.863837
1 861.42 246.26 874.72 276.88 0.840496
4 539.06 23.90 553.02 35.80 0.789756
1 424.91 164.14 436.23 186.74 0.787811
4 650.97 0.47 663.47 12.13 0.779722
4 688.43 36.81 704.99 50.52 0.711566
4 687.48 24.78 699.63 38.31 0.698235
4 780.50 80.81 798.33 105.91 0.696604
1 866.86 190.81 875.53 206.30 0.693087
1 375.61 191.06 385.76 213.96 0.689438
1 413.63 161.20 423.80 183.97 0.682629
1 401.12 162.41 411.80 189.26 0.669968
3 549.85 306.57 571.94 334.59 0.616838
1 549.95 297.29 567.83 330.19 0.599377
4 89.05 431.36 197.97 527.22 0.599149
3 286.31 323.30 302.20 358.27 0.576786
3 309.85 331.14 325.37 355.64 0.546430
3 554.12 94.51 562.72 112.46 0.538820
6 782.48 165.97 814.21 199.83 0.518518
6 766.21 164.64 814.25 200.62 0.514526
4 9.92 529.72 135.31 631.52 0.507621
3 502.22 174.83 515.12 194.30 0.505078
4 453.27 743.95 518.94 764.55 0.490760
7 415.44 419.87 495.77 531.82 0.477539
1 306.77 314.36 325.16 353.12 0.461363
1 860.15 245.41 875.63 277.07 0.447156
7 450.54 181.62 484.69 219.17 0.421697
1 548.50 296.26 568.78 330.56 0.399968
2 401.18 159.64 436.13 189.18 0.387716
2 397.92 157.49 438.88 191.01 0.384184
1 374.45 190.17 386.58 214.30 0.364170
3 548.37 303.78 572.89 334.81 0.341689
10 87.87 430.08 199.03 528.01 0.339955
1 400.20 161.15 412.53 189.58 0.330198
1 424.23 163.24 437.15 187.18 0.326036
1 413.67 160.55 424.43 184.72 0.316899
7 7.96 365.47 260.40 633.85 0.315971
2 366.97 156.46 440.28 216.95 0.311142
10 449.29 179.09 486.12 219.16 0.303329
1 866.20 190.25 876.69 206.52 0.295742
7 648.94 120.97 677.96 149.49 0.280885
7 773.31 710.52 860.20 762.96 0.270596
1 542.31 292.48 578.06 339.51 0.259121
7 318.90 411.80 505.56 742.74 0.258619
10 852.72 202.81 890.21 241.96 0.256400
3 533.72 286.01 586.60 349.02 0.250393
7 853.15 203.98 889.36 240.92 0.238627
4 645.95 117.40 681.76 152.71 0.232816
3 542.28 302.02 581.88 340.56 0.228671
4 412.17 415.37 500.60 535.04 0.228192
1 285.01 321.32 302.96 358.46 0.218782
3 500.59 173.26 516.41 195.36 0.214359
4 803.73 125.31 828.95 149.76 0.214025
1 283.29 310.00 330.41 360.52 0.207701
7 85.41 367.36 258.75 529.77 0.203629
4 308.36 574.95 456.44 745.95 0.200294
4 401.42 405.53 513.13 545.00 0.195052
3 309.31 329.75 326.46 355.15 0.193190
3 519.69 276.56 603.89 362.73 0.192318
10 552.61 702.37 583.37 761.95 0.190980
10 447.58 165.45 501.63 221.67 0.185151
1 545.64 294.69 575.39 337.00 0.184051
4 728.97 9.45 745.27 22.29 0.183692
1 855.69 241.43 880.22 280.21 0.179337
1 811.39 92.59 823.29 121.78 0.175757
1 302.83 311.14 329.74 357.87 0.173778
2 391.64 152.53 444.73 196.35 0.173091
3 285.74 322.30 327.39 358.11 0.171645
2 340.07 154.64 440.94 227.50 0.170763
4 761.50 59.97 782.16 79.32 0.163983
3 548.89 305.15 572.52 334.33 0.157794
9 850.26 191.73 893.72 246.32 0.155292
4 649.26 121.15 677.94 149.38 0.154707
1 552.79 93.48 564.08 113.14 0.150475
10 553.91 703.12 582.33 735.64 0.144078
4 294.82 568.15 473.32 751.37 0.140017
1 574.69 61.09 584.82 77.85 0.139487
10 765.07 162.81 817.35 216.77 0.133067
4 765.60 700.00 869.80 763.48 0.125311
10 542.81 696.57 593.72 762.44 0.123687
10 887.57 393.02 952.48 460.07 0.119770
4 8.64 428.34 201.69 632.49 0.118358
9 638.23 108.65 690.89 164.73 0.115176
2 282.29 154.30 442.11 359.81 0.114790
1 364.04 187.99 389.09 215.89 0.114264
4 649.56 0.23 664.91 13.48 0.114163
1 786.57 89.12 800.10 120.58 0.112744
4 389.98 397.68 527.16 560.02 0.108005
4 160.15 357.45 269.47 464.09 0.104893
1 786.80 102.19 797.15 121.09 0.104290
1 541.15 291.33 580.80 343.47 0.102893
4 451.25 742.38 520.38 763.78 0.101716
3 548.59 300.54 570.81 333.44 0.101637
10 766.21 164.64 814.25 200.62 0.026267
