4 911.95 171.67 1076.89 267.45 0.995992
4 761.98 201.73 907.37 292.20 0.986567
4 328.60 805.85 498.78 1049.02 0.973371
4 578.19 719.91 732.62 952.51 0.962785
4 851.68 0.01 963.93 24.81 0.952543
4 970.92 666.71 1149.85 875.53 0.950332
4 446.99 141.01 602.98 259.74 0.949899
4 681.26 1.29 808.72 73.27 0.903328
4 691.40 961.85 842.69 1049.21 0.886782
4 163.87 795.80 315.14 1034.00 0.877811
4 861.43 270.99 1014.71 364.45 0.867857
4 0.13 173.41 58.19 258.54 0.845882
6 689.01 246.02 801.12 359.54 0.785484
1 840.55 463.12 870.70 503.99 0.768793
4 892.76 301.95 1015.16 368.78 0.761484
1 990.10 477.17 1019.29 527.10 0.756138
7 578.71 719.55 734.38 952.52 0.730669
6 587.06 341.98 678.68 440.19 0.693929
7 971.38 667.02 1149.52 875.55 0.650401
4 867.01 271.36 1004.31 336.64 0.643189
4 627.63 110.86 839.82 278.34 0.636013
7 664.23 543.14 859.46 821.06 0.623533
4 0.26 0.32 102.00 69.46 0.623245
4 1189.82 172.28 1249.60 261.05 0.594873
4 132.76 30.22 166.41 51.95 0.581153
7 328.37 805.77 499.28 1048.90 0.562682
1 754.06 405.73 783.74 447.93 0.517287
4 737.66 680.21 859.03 820.61 0.509757
2 194.56 9.18 217.99 55.78 0.502020
7 163.98 795.52 316.47 1033.53 0.500243
7 910.33 488.07 993.32 546.86 0.490249
7 737.42 335.06 816.22 445.77 0.479520
7 645.18 522.54 756.21 598.74 0.459003
2 963.26 321.84 1009.78 371.20 0.445948
2 803.93 323.90 827.83 359.60 0.435597
2 845.78 349.65 872.06 394.89 0.434726
7 941.81 489.12 992.20 546.40 0.419474
7 737.16 679.93 858.69 820.83 0.419263
2 500.86 531.44 542.32 605.59 0.412439
2 649.61 588.22 681.06 629.74 0.389898
4 691.76 962.23 807.95 1049.42 0.389574
2 76.57 848.07 131.02 951.97 0.385470
2 1066.97 298.34 1090.11 344.12 0.385305
2 792.99 307.73 902.76 402.89 0.374672
1 1125.23 942.94 1198.27 988.20 0.371598
2 910.44 476.81 1019.14 546.95 0.371524
2 28.58 844.29 130.73 970.13 0.358414
3 0.58 173.55 60.02 259.21 0.352357
2 501.00 529.31 630.73 667.29 0.346525
2 501.03 530.41 563.05 609.58 0.340893
3 768.55 853.53 876.04 942.03 0.334325
1 1030.91 300.75 1062.54 352.08 0.322179
1 71.48 845.17 132.07 951.56 0.320917
6 664.25 543.18 859.46 821.05 0.317792
1 839.21 461.83 871.79 504.52 0.301260
10 688.42 244.65 802.97 360.18 0.280271
1 531.40 568.28 631.86 667.69 0.275839
1 271.18 772.03 332.69 920.42 0.271426
1 843.57 348.67 873.24 394.88 0.271288
2 1032.16 301.57 1061.72 350.04 0.270575
2 1093.76 305.27 1126.98 348.02 0.268270
1 979.60 321.66 1010.33 367.19 0.262801
1 1065.04 297.91 1091.62 344.24 0.254288
1 193.91 8.77 218.48 55.82 0.245314
3 1052.55 320.44 1110.95 365.71 0.244097
1 354.23 839.58 381.66 870.14 0.241922
3 643.34 520.58 757.62 598.71 0.235740
1 1030.02 295.44 1128.67 367.36 0.235673
1 525.76 528.59 559.66 572.85 0.232361
1 28.30 845.34 77.11 970.28 0.229364
1 766.32 851.27 877.41 943.29 0.229080
1 500.51 528.29 564.58 605.50 0.226437
2 980.96 322.28 1010.03 367.25 0.224789
7 673.94 522.30 757.32 565.95 0.224551
6 718.97 246.64 800.51 350.30 0.223944
10 716.59 245.53 801.36 349.24 0.222827
10 2.69 493.94 303.76 809.84 0.222744
1 802.65 323.23 829.21 363.49 0.220920
1 605.68 390.15 637.01 430.41 0.219387
3 736.28 333.95 817.14 448.50 0.218903
7 859.90 265.50 1015.85 369.16 0.216696
1 499.12 526.30 632.41 668.43 0.211193
2 526.02 529.34 558.16 571.90 0.210084
1 346.45 832.52 394.74 873.98 0.207353
1 836.18 327.75 864.40 373.40 0.206877
1 940.56 487.88 993.41 546.43 0.206048
3 192.12 723.42 334.23 925.37 0.203964
2 787.06 301.00 920.68 422.98 0.201771
10 1.95 494.20 336.04 941.16 0.201724
4 948.38 645.58 1176.87 900.40 0.201513
1 961.33 337.30 987.81 373.55 0.199979
2 349.09 840.14 383.43 873.62 0.199838
2 836.61 328.07 863.95 372.38 0.198463
7 159.65 722.87 335.22 1035.26 0.198382
3 0.71 116.09 60.49 259.56 0.196361
1 523.40 529.03 567.18 598.72 0.196328
3 1.11 164.16 86.02 260.77 0.195218
7 884.73 328.60 1051.64 427.78 0.194593
4 1031.12 298.53 1128.05 365.61 0.190792
1 499.67 530.67 541.19 601.10 0.189784
3 687.95 302.92 743.27 359.77 0.188466
1 27.85 841.06 132.88 957.86 0.188302
10 3.55 496.88 260.49 728.77 0.187225
3 192.52 747.78 332.01 923.44 0.185724
7 735.94 362.77 815.67 448.46 0.185596
2 961.13 338.46 987.38 374.48 0.185335
3 1.35 130.69 173.63 260.64 0.185164
4 637.18 112.76 785.84 223.09 0.184613
3 561.40 367.94 699.33 491.46 0.182591
3 909.57 486.49 994.56 547.49 0.182374
1 792.99 322.40 835.81 400.24 0.182065
1 664.57 546.23 820.42 742.47 0.181472
2 354.78 841.00 381.31 870.03 0.181449
7 566.82 354.22 863.35 821.33 0.180455
2 789.90 284.07 1052.56 427.26 0.180324
1 865.87 329.38 904.10 402.03 0.176658
1 500.57 528.46 595.18 635.20 0.174590
3 1.31 112.16 174.33 262.29 0.169510
1 0.13 116.67 23.18 163.51 0.168851
3 561.69 341.22 699.49 491.16 0.166774
6 721.20 663.56 879.39 832.53 0.165564
3 1032.32 316.57 1110.79 367.72 0.163425
3 752.91 393.25 816.32 452.97 0.162780
7 673.02 390.58 696.53 423.64 0.162234
1 227.56 1.82 246.63 47.06 0.161459
3 1.00 192.61 57.97 258.24 0.158705
3 779.43 404.27 816.09 445.81 0.158300
1 809.44 303.19 836.26 341.96 0.158072
10 741.20 333.46 806.11 408.08 0.157451
4 420.57 129.94 615.03 269.27 0.157446
4 571.95 714.56 774.27 968.04 0.156915
2 729.62 264.80 1129.03 548.30 0.156121
10 564.66 343.30 700.16 628.96 0.154969
2 784.11 273.24 1129.19 431.22 0.154785
6 675.37 234.34 822.64 376.57 0.153685
3 81.71 135.53 174.40 220.75 0.153666
1 28.02 845.39 76.47 920.20 0.153266
1 590.50 386.59 638.72 438.57 0.152988
6 602.31 341.25 676.57 436.38 0.152272
1 74.17 846.04 122.50 899.57 0.152133
1 1215.15 222.87 1244.76 252.48 0.151928
1 790.80 323.89 827.12 377.24 0.151442
3 248.65 765.68 337.36 947.19 0.149859
4 895.01 150.55 1098.44 290.27 0.147122
1 1032.01 299.33 1083.33 355.72 0.147024
1 905.80 321.52 1010.45 409.21 0.145997
2 735.33 302.20 916.33 448.04 0.145424
2 490.00 515.61 644.91 680.26 0.145295
1 812.56 303.02 830.96 332.10 0.144976
7 873.24 300.01 1052.47 428.27 0.144539
1 960.02 321.21 1013.91 406.99 0.144336
1 1174.24 314.68 1223.18 372.71 0.143843
3 190.35 673.99 335.37 930.16 0.143836
10 2.53 493.45 334.01 1035.28 0.143356
2 21.59 832.33 140.56 973.88 0.142958
1 1029.95 299.69 1074.89 363.89 0.141446
1 1214.18 340.27 1260.68 392.28 0.140589
7 947.52 513.31 976.69 547.41 0.140404
3 586.95 340.32 696.96 445.52 0.140258
3 794.95 346.88 836.93 402.76 0.139329
2 732.90 256.74 1130.94 452.41 0.138912
2 496.26 521.83 672.00 671.98 0.138007
4 573.94 716.16 812.57 1047.07 0.137767
1 500.34 530.45 528.40 568.79 0.137094
1 76.10 846.51 109.68 890.54 0.136839
3 787.78 341.19 839.45 404.02 0.136162
2 903.47 463.53 1034.35 563.64 0.135632
2 789.80 263.26 1052.95 428.87 0.134304
1 165.73 429.62 209.58 479.81 0.134083
10 1001.67 369.38 1397.35 1008.75 0.133835
9 937.67 636.95 1202.06 925.03 0.132643
1 533.66 569.45 596.53 638.79 0.132630
10 1002.87 509.55 1396.68 1015.99 0.132477
1 186.09 925.46 222.47 966.33 0.132421
3 833.94 645.99 913.68 690.95 0.131727
7 681.35 719.99 729.50 774.74 0.131633
7 667.56 384.06 702.72 428.40 0.130664
3 767.96 851.82 825.26 913.48 0.130291
1 940.65 490.74 962.68 518.08 0.130246
7 637.02 519.49 759.92 628.66 0.130150
1 689.06 617.07 813.56 704.34 0.129707
10 563.51 363.08 678.48 629.81 0.129612
7 157.19 779.88 503.72 1047.96 0.128666
6 637.14 516.69 885.85 832.28 0.128564
3 734.96 362.13 817.39 452.97 0.128530
7 1121.62 929.29 1232.07 997.41 0.127803
1 834.78 328.74 873.73 394.79 0.127744
3 855.12 303.72 926.15 403.49 0.126470
2 721.65 175.36 1130.91 446.87 0.126078
1 1207.72 339.83 1264.19 416.90 0.126035
3 119.79 149.90 173.94 220.02 0.125653
10 1.39 471.54 279.26 736.27 0.124688
7 850.16 399.73 880.93 427.98 0.123202
1 525.31 528.95 596.64 630.35 0.122909
7 439.00 106.36 821.38 278.09 0.120888
2 743.72 272.08 1054.78 438.34 0.120500
4 883.25 329.43 1051.14 428.48 0.120178
1 340.84 827.02 399.46 877.78 0.119690
1 831.14 309.24 866.61 372.13 0.119501
1 1068.61 761.98 1119.83 822.66 0.119495
6 665.26 549.34 815.67 709.10 0.118849
2 685.96 166.21 1136.17 467.11 0.118680
10 2.18 497.69 138.83 1045.34 0.118220
1 532.95 569.33 579.56 619.31 0.117428
1 191.26 750.54 210.59 777.17 0.117280
1 647.46 581.60 682.04 630.59 0.117023
9 282.75 769.58 539.47 1045.38 0.113774
2 16.82 160.33 1146.41 1043.14 0.113410
1 191.72 747.28 280.12 811.22 0.112281
2 679.56 166.53 1150.92 532.03 0.111360
2 679.90 200.89 1145.54 592.00 0.111341
1 244.98 762.53 282.62 810.59 0.110894
10 1.68 495.35 330.12 887.23 0.110669
1 642.29 547.86 684.21 629.42 0.110311
3 865.42 329.04 924.64 403.78 0.109964
10 3.71 492.38 502.89 1046.92 0.109887
1 944.29 475.22 1020.05 547.16 0.108799
3 561.00 446.76 617.09 492.17 0.108710
1 527.78 528.61 550.73 561.28 0.108088
2 732.86 309.06 1043.57 549.77 0.107856
4 1188.72 169.80 1253.39 261.59 0.107847
1 789.00 332.98 813.15 376.48 0.107453
1 1343.31 661.96 1369.09 692.91 0.106732
1 526.28 529.34 631.79 668.08 0.106477
1 955.39 337.10 992.21 404.00 0.106155
4 856.42 268.32 1026.80 417.30 0.105762
1 1021.48 515.41 1041.18 549.01 0.104717
1 189.66 747.86 229.68 799.68 0.104203
1 610.77 370.71 660.38 417.52 0.104068
1 576.82 718.62 734.79 952.73 0.103537
1 532.13 569.58 589.42 638.59 0.101949
1 820.46 317.17 838.69 342.25 0.101899
1 999.79 476.11 1019.21 505.15 0.101583
2 759.24 175.34 1128.89 431.54 0.101570
1 189.09 5.94 223.68 58.34 0.101559
1 1066.70 771.19 1098.63 819.97 0.100972
1 664.34 547.18 861.11 821.13 0.100424
3 876.39 348.87 926.37 404.10 0.100207
1 874.64 356.40 899.11 403.32 0.038853
1 1373.41 154.49 1399.88 202.22 0.037746
1 649.61 588.22 681.06 629.74 0.037311
1 1093.77 305.28 1126.98 347.98 0.036984
1 29.02 847.34 69.33 896.85 0.030639
3 643.95 549.00 678.56 598.62 0.030533
1 963.26 321.84 1009.78 371.20 0.027909
3 909.94 491.34 961.70 532.99 0.025560
