4 568.03 851.41 670.55 987.19 0.984968
4 662.54 682.50 727.46 763.79 0.974026
4 983.06 708.30 1050.46 794.10 0.971323
4 865.26 596.79 924.31 667.52 0.965739
4 1040.18 895.60 1140.03 1040.17 0.958071
4 975.48 602.55 1033.16 659.72 0.956482
4 731.06 489.17 776.19 533.09 0.955798
4 751.27 453.24 788.15 492.21 0.908152
4 687.74 763.58 778.60 880.54 0.862790
4 976.18 536.83 1018.10 593.53 0.862123
4 701.51 535.29 763.40 618.63 0.831824
4 759.89 410.80 791.06 448.36 0.829536
4 760.13 387.07 798.85 422.45 0.766657
4 976.90 555.74 1017.46 593.03 0.745942
1 1080.17 572.75 1098.30 605.05 0.736630
4 933.79 409.26 991.64 442.18 0.699380
4 776.42 335.07 814.90 363.92 0.686564
4 776.76 364.13 817.94 391.94 0.668851
4 942.59 498.51 1017.81 539.17 0.608002
4 935.08 426.44 982.11 464.00 0.560883
2 864.98 596.52 923.67 667.38 0.440851
2 435.63 144.70 692.12 336.48 0.408969
2 975.49 602.60 1032.46 659.56 0.384995
2 566.75 851.99 670.34 987.24 0.373189
2 898.79 203.58 992.51 463.93 0.371412
2 660.97 682.31 727.15 763.76 0.363474
5 965.81 429.57 1022.16 504.78 0.360806
7 661.98 682.38 727.18 763.95 0.357770
2 983.06 708.13 1050.09 793.85 0.354522
2 1080.98 573.23 1097.52 604.40 0.351358
2 1088.24 358.63 1207.12 885.45 0.349533
10 686.16 761.46 780.42 881.45 0.346800
7 731.33 488.66 776.24 536.04 0.343465
7 700.35 531.45 764.78 619.54 0.340238
7 897.32 205.71 994.12 466.10 0.311523
2 687.86 763.23 778.13 880.56 0.308181
2 552.41 111.37 1082.33 1024.09 0.302965
7 863.65 594.25 925.79 669.31 0.293641
4 744.89 453.07 789.00 494.17 0.265575
2 241.28 468.59 253.15 487.28 0.253515
1 1078.94 570.59 1099.01 605.79 0.238112
10 942.25 427.25 1025.69 541.07 0.233525
7 896.05 200.86 1025.10 545.30 0.230279
4 812.80 213.61 844.24 231.68 0.199423
4 811.68 234.54 835.36 257.83 0.199143
4 933.79 382.12 987.11 413.39 0.197024
7 558.56 118.56 1056.64 997.35 0.193151
4 796.04 305.26 822.83 327.56 0.192769
4 1006.40 284.46 1058.99 305.74 0.190137
4 856.19 137.58 870.28 151.91 0.189653
6 959.51 30.93 995.84 64.68 0.186850
3 775.88 332.33 817.29 364.40 0.183802
7 697.76 280.95 829.65 619.67 0.183669
4 942.59 500.05 987.81 535.93 0.183268
4 784.64 225.63 806.95 238.82 0.182829
10 700.27 531.41 764.90 619.35 0.178841
10 963.84 427.62 1023.29 505.45 0.177066
2 554.20 111.17 1139.21 1037.64 0.170663
7 697.24 118.78 849.18 621.27 0.161875
4 551.24 837.18 685.35 995.87 0.159846
4 976.24 553.75 1019.12 593.22 0.156919
10 942.20 497.41 1019.66 542.27 0.155315
7 779.51 286.90 827.22 313.08 0.152888
7 974.34 535.63 1020.48 594.24 0.151640
1 121.51 502.49 145.64 548.22 0.150836
10 695.20 523.20 769.72 622.28 0.144692
7 877.19 150.17 1024.22 549.40 0.144406
4 974.84 698.73 1060.33 800.89 0.143440
6 997.58 282.59 1059.64 307.94 0.140721
7 749.40 452.20 790.08 493.05 0.140473
7 758.59 408.78 792.49 449.19 0.132240
5 676.22 752.14 792.36 891.43 0.131811
7 932.44 407.74 992.68 463.46 0.130992
4 648.29 671.63 739.37 770.94 0.130240
10 784.61 310.59 816.01 336.45 0.126959
4 858.35 586.87 932.06 676.09 0.123785
1 1073.88 564.95 1105.76 613.16 0.121247
1 189.24 512.36 212.08 539.19 0.119899
4 775.62 363.05 819.23 392.93 0.119044
1 588.02 836.55 606.19 863.05 0.118730
9 729.63 488.16 777.15 537.22 0.118081
1 163.83 483.64 186.77 531.70 0.116949
10 757.29 384.74 800.37 449.65 0.116881
10 699.49 489.09 777.49 618.70 0.114365
1 544.45 835.97 609.57 868.25 0.113718
4 933.23 407.64 992.02 444.22 0.113438
5 1023.72 880.53 1157.51 1045.83 0.108065
1 576.70 836.32 607.60 864.45 0.104948
10 812.20 212.06 844.84 231.98 0.104126
1 607.34 665.08 630.00 726.39 0.102928
1 240.06 466.41 255.54 491.29 0.102560
8 241.28 468.59 253.15 487.28 0.048742
1 532.50 109.07 1135.91 1039.89 0.048510
7 241.28 468.59 253.15 487.28 0.048322
1 241.28 468.59 253.15 487.28 0.047871
10 241.28 468.59 253.15 487.28 0.047843
3 241.28 468.59 253.15 487.28 0.047484
8 1080.98 573.23 1097.52 604.40 0.047077
7 1080.98 573.23 1097.52 604.40 0.046103
10 1080.98 573.23 1097.52 604.40 0.044990
3 1080.98 573.23 1097.52 604.40 0.044155
8 975.49 602.60 1032.46 659.56 0.031605
