4 1073.46 170.57 1116.98 202.30 0.960599
4 672.82 217.04 716.85 238.49 0.944175
4 809.48 196.42 831.85 209.40 0.930381
4 932.48 490.17 961.53 539.63 0.929827
4 921.07 186.75 961.91 229.79 0.909363
4 307.86 556.36 332.29 612.83 0.884638
4 816.36 162.02 837.36 173.53 0.882338
4 927.02 544.32 951.72 598.43 0.867554
4 872.34 161.83 894.51 173.84 0.860169
4 553.59 215.51 606.82 238.02 0.857332
4 613.73 215.94 665.76 238.22 0.836390
4 790.92 217.16 841.74 240.36 0.834261
4 731.79 217.17 775.55 238.84 0.832416
4 467.32 214.44 523.69 239.10 0.828156
4 596.11 194.55 626.28 208.30 0.798226
4 1056.53 146.58 1103.34 182.99 0.794528
4 849.58 216.13 902.63 239.47 0.773611
4 627.61 197.55 650.83 208.15 0.763382
4 1143.09 134.41 1184.04 161.19 0.692964
4 434.84 192.19 458.99 205.94 0.691639
4 591.54 156.27 619.90 172.02 0.676400
5 1030.10 55.21 1061.36 110.60 0.635668
5 198.78 731.25 227.42 785.93 0.631340
5 945.07 100.30 968.45 156.02 0.628225
4 647.33 159.86 678.00 173.98 0.603476
4 522.13 157.62 545.73 170.04 0.602170
4 436.11 155.48 462.28 172.25 0.600098
4 1072.76 0.78 1083.65 12.37 0.591754
4 1240.57 78.65 1263.16 100.26 0.587694
4 709.32 159.88 737.48 172.75 0.570780
4 491.99 155.70 515.45 169.23 0.557362
4 785.99 159.38 810.15 173.02 0.552558
4 522.38 194.96 541.38 206.99 0.540010
4 1068.34 122.93 1082.23 134.99 0.538699
4 83.53 474.31 94.43 490.36 0.517476
4 1083.54 61.53 1100.52 84.06 0.508340
2 920.63 186.55 960.81 229.91 0.497729
4 1049.54 111.02 1064.00 125.55 0.462092
5 300.00 462.87 335.21 545.22 0.455966
2 1029.79 55.26 1060.99 109.87 0.447581
4 461.00 155.30 490.99 169.75 0.446284
2 31.74 73.12 59.64 122.09 0.446182
4 457.87 193.21 483.81 206.52 0.437243
2 944.82 100.20 968.23 155.92 0.435879
5 1260.81 0.14 1360.12 78.86 0.431954
5 1261.85 30.85 1315.02 77.90 0.425543
2 115.74 23.25 141.82 65.77 0.396747
2 83.33 473.50 93.93 490.05 0.386306
2 407.29 135.70 900.93 240.30 0.386075
2 932.32 490.31 961.03 539.47 0.385618
2 596.15 193.74 625.49 208.15 0.368386
2 926.75 543.34 951.74 597.97 0.363928
2 1072.66 170.37 1116.47 202.44 0.355080
2 307.79 556.42 331.96 612.36 0.327074
7 458.75 208.10 852.92 244.33 0.325501
2 716.01 195.55 832.30 210.44 0.319432
2 422.15 142.54 896.00 211.47 0.314873
7 1054.57 143.55 1118.87 203.44 0.294938
7 442.66 197.27 903.07 248.85 0.287562
2 384.06 649.63 397.29 700.84 0.266444
10 919.70 184.66 963.29 230.73 0.265495
10 197.01 729.09 229.23 784.88 0.261175
10 942.50 98.41 970.22 157.23 0.254641
4 1029.17 53.56 1062.30 111.48 0.245417
4 1312.03 0.13 1359.75 34.17 0.243217
2 985.31 264.01 1063.53 310.31 0.239492
2 433.48 190.62 854.58 241.06 0.232434
2 434.33 190.46 868.72 211.13 0.227171
4 789.71 214.99 842.01 241.82 0.223394
4 83.94 473.90 99.16 490.31 0.222848
10 53.29 290.10 120.04 316.69 0.218824
10 298.22 460.61 336.82 545.62 0.218509
4 465.28 211.82 524.43 240.47 0.215500
4 730.27 214.83 776.88 240.36 0.212388
7 925.65 542.09 953.81 599.41 0.206061
4 849.05 213.75 903.21 240.73 0.205299
7 931.64 488.44 963.06 540.28 0.203922
3 645.03 156.40 679.59 176.97 0.203072
4 671.87 214.52 717.42 239.96 0.195411
4 716.33 197.12 742.04 208.91 0.194507
10 187.87 721.23 238.70 785.73 0.194321
10 402.18 42.63 936.72 214.37 0.194045
4 488.34 195.77 518.64 207.09 0.192258
4 927.78 709.55 943.85 731.82 0.191215
4 1109.25 13.66 1128.37 29.86 0.188885
4 1247.16 79.19 1263.09 98.17 0.185158
7 922.17 485.77 965.98 602.60 0.183451
6 0.14 624.63 97.20 787.48 0.182212
10 419.67 49.32 912.05 178.53 0.178177
6 1257.66 0.33 1360.74 80.91 0.177047
6 934.70 92.30 978.51 162.98 0.176850
7 1072.25 168.61 1118.11 203.15 0.176006
10 412.20 17.91 945.19 180.76 0.173893
10 47.94 282.79 126.67 323.34 0.173656
10 448.20 47.21 904.44 99.19 0.164718
7 870.21 158.67 895.84 175.91 0.163523
7 281.68 554.23 334.98 614.51 0.163492
6 1260.42 29.38 1316.11 79.15 0.162947
2 976.88 252.08 1083.43 317.27 0.162641
7 458.99 209.23 899.44 244.28 0.160967
2 983.35 248.70 1109.01 312.04 0.160422
4 919.56 184.79 963.47 230.96 0.158189
7 421.79 146.42 904.57 247.61 0.157736
7 552.03 213.02 607.07 239.39 0.153648
10 417.94 70.31 907.81 213.65 0.152031
3 80.82 471.33 99.32 492.14 0.150363
6 290.96 454.75 344.73 550.68 0.150345
3 1028.09 266.88 1060.90 297.96 0.149789
10 809.67 194.59 833.36 210.40 0.148976
7 281.54 553.45 350.36 615.24 0.147728
1 81.88 472.59 95.41 490.96 0.147023
10 641.41 152.39 683.32 180.51 0.146490
4 1055.76 144.82 1105.81 183.50 0.145441
4 917.75 182.41 965.96 232.96 0.145257
1 382.39 647.81 399.55 701.64 0.144870
7 30.40 71.57 61.78 123.76 0.143506
7 434.68 185.34 907.62 265.44 0.139720
10 352.08 21.02 958.35 246.35 0.132270
4 306.00 554.77 333.72 613.33 0.130150
7 612.59 213.29 665.61 239.43 0.127296
10 433.80 190.80 895.61 213.40 0.126719
10 362.54 6.16 955.78 219.05 0.126279
3 77.63 468.72 101.82 494.48 0.123757
10 443.22 22.17 913.63 103.92 0.123379
4 788.73 212.75 843.54 243.75 0.123127
10 421.56 143.88 899.60 180.07 0.122816
7 925.48 707.79 946.13 736.66 0.120855
10 60.62 446.76 99.04 492.27 0.120473
7 61.88 447.50 87.25 479.13 0.117308
10 421.77 297.50 892.75 389.91 0.116525
6 1048.13 136.51 1125.77 209.43 0.115869
10 1071.20 0.55 1085.51 14.00 0.115387
4 459.57 205.46 527.85 246.68 0.114669
1 115.04 23.74 142.60 67.61 0.111267
9 1029.02 53.36 1062.46 111.39 0.107079
10 987.77 285.79 1007.41 307.80 0.103343
4 925.09 541.76 954.49 599.84 0.101541
8 84.12 473.90 93.06 490.32 0.048891
7 84.12 473.90 93.06 490.32 0.048522
1 84.12 473.90 93.06 490.32 0.048125
10 84.12 473.90 93.06 490.32 0.048100
3 84.12 473.90 93.06 490.32 0.047783
8 384.06 649.63 397.29 700.84 0.044880
7 384.06 649.63 397.29 700.84 0.043174
8 115.74 23.25 141.82 65.77 0.041625
1 384.06 649.63 397.29 700.84 0.041224
10 384.06 649.63 397.29 700.84 0.041223
8 307.79 556.42 331.96 612.36 0.039784
3 384.06 649.63 397.29 700.84 0.039760
8 31.74 73.12 59.64 122.09 0.039678
8 932.32 490.31 961.03 539.47 0.039340
7 115.74 23.25 141.82 65.77 0.038834
8 716.01 195.55 832.30 210.44 0.036920
8 920.63 186.55 960.81 229.91 0.036842
7 31.74 73.12 59.64 122.09 0.036238
1 115.74 23.25 141.82 65.77 0.035645
10 115.74 23.25 141.82 65.77 0.035643
3 115.74 23.25 141.82 65.77 0.033251
1 307.79 556.42 331.96 612.36 0.032669
7 716.01 195.55 832.30 210.44 0.032560
1 31.74 73.12 59.64 122.09 0.032311
10 31.74 73.12 59.64 122.09 0.032306
1 932.32 490.31 961.03 539.47 0.031764
10 54.58 292.38 119.05 315.38 0.030975
3 307.79 556.42 331.96 612.36 0.029568
3 31.74 73.12 59.64 122.09 0.029357
3 932.32 490.31 961.03 539.47 0.028679
1 716.01 195.55 832.30 210.44 0.027592
10 716.01 195.55 832.30 210.44 0.027578
1 920.63 186.55 960.81 229.91 0.027444
3 716.01 195.55 832.30 210.44 0.023844
3 920.63 186.55 960.81 229.91 0.023684
