1 275.00 704.00 283.00 720.00
4 969.00 670.00 996.00 682.00
4 1045.00 671.00 1065.00 683.00
4 1061.00 670.00 1079.00 683.00
4 965.00 668.00 986.00 677.00
4 957.00 667.00 980.00 674.00
4 975.00 664.00 997.00 670.00
4 1076.00 671.00 1094.00 682.00
4 1089.00 671.00 1110.00 682.00
4 1104.00 670.00 1125.00 682.00
4 1120.00 669.00 1139.00 682.00
4 1041.00 658.00 1059.00 668.00
4 1046.00 650.00 1059.00 657.00
4 1077.00 660.00 1097.00 669.00
4 1080.00 654.00 1090.00 660.00
4 776.00 626.00 787.00 633.00
4 787.00 626.00 797.00 633.00
4 767.00 622.00 777.00 628.00
4 768.00 620.00 777.00 623.00
4 714.00 626.00 724.00 633.00
4 689.00 627.00 700.00 633.00
4 668.00 626.00 677.00 634.00
4 679.00 626.00 689.00 635.00
6 639.00 621.00 661.00 633.00
4 662.00 627.00 670.00 635.00
9 701.00 603.00 714.00 616.00
9 715.00 604.00 726.00 614.00
9 711.00 601.00 725.00 608.00
9 771.00 603.00 783.00 608.00
9 817.00 603.00 831.00 608.00
9 795.00 604.00 806.00 608.00
4 807.00 618.00 824.00 623.00
4 827.00 619.00 845.00 625.00
4 1138.00 670.00 1157.00 683.00
4 1155.00 672.00 1170.00 683.00
4 1164.00 670.00 1185.00 682.00
4 1181.00 672.00 1201.00 682.00
4 1201.00 673.00 1217.00 682.00
4 1215.00 672.00 1229.00 682.00
4 1221.00 669.00 1243.00 682.00
4 1239.00 672.00 1262.00 682.00
4 992.00 644.00 1005.00 653.00
4 1015.00 659.00 1032.00 668.00
4 1014.00 655.00 1031.00 663.00
4 957.00 658.00 979.00 665.00
4 950.00 649.00 974.00 658.00
4 940.00 653.00 961.00 660.00
4 929.00 643.00 942.00 649.00
4 949.00 655.00 967.00 661.00
