9 0.00 265.00 269.00 415.00
4 0.00 513.00 180.00 602.00
4 0.00 607.00 150.00 709.00
9 0.00 895.00 269.00 1048.00
10 721.00 867.00 801.00 938.00
1 734.00 863.00 765.00 908.00
1 1278.00 533.00 1313.00 577.00
4 458.00 178.00 506.00 228.00
4 437.00 138.00 482.00 192.00
4 411.00 89.00 458.00 139.00
1 505.00 178.00 517.00 212.00
1 502.00 168.00 513.00 193.00
4 597.00 27.00 669.00 55.00
4 570.00 22.00 637.00 46.00
4 669.00 20.00 724.00 47.00
4 642.00 14.00 692.00 37.00
9 572.00 84.00 673.00 187.00
4 692.00 154.00 757.00 212.00
4 807.00 151.00 876.00 196.00
4 757.00 129.00 803.00 166.00
4 785.00 110.00 841.00 146.00
4 774.00 63.00 844.00 111.00
4 749.00 80.00 797.00 122.00
5 719.00 84.00 772.00 137.00
1 696.00 237.00 716.00 269.00
1 965.00 153.00 979.00 187.00
5 887.00 102.00 938.00 147.00
4 1162.00 219.00 1277.00 270.00
4 1101.00 194.00 1200.00 241.00
4 1291.00 192.00 1397.00 234.00
4 1219.00 169.00 1306.00 213.00
4 1324.00 140.00 1400.00 193.00
4 1122.00 142.00 1213.00 192.00
4 1219.00 128.00 1311.00 169.00
4 1114.00 127.00 1183.00 155.00
4 1199.00 106.00 1280.00 137.00
4 1116.00 109.00 1181.00 130.00
4 1187.00 91.00 1259.00 115.00
4 1120.00 87.00 1190.00 110.00
4 1311.00 81.00 1388.00 121.00
4 1269.00 69.00 1334.00 110.00
4 1310.00 111.00 1399.00 155.00
4 1252.00 386.00 1400.00 451.00
