1 577.75 353.42 593.25 397.61 0.925151
1 656.62 295.22 672.94 334.92 0.895296
1 1122.53 238.79 1141.90 274.76 0.861461
1 940.30 367.91 958.01 410.84 0.801682
1 643.51 348.93 670.45 390.15 0.759096
2 644.46 349.78 670.48 390.28 0.744589
1 875.55 431.10 899.67 475.90 0.731591
1 493.17 766.86 519.76 810.97 0.716729
4 934.74 27.12 991.65 57.30 0.644926
1 538.47 777.85 568.43 818.63 0.624134
2 682.53 789.03 708.95 827.55 0.612116
2 1122.67 238.87 1141.78 274.50 0.585856
2 876.09 431.99 898.88 475.67 0.584975
2 658.20 797.54 685.37 836.84 0.583473
2 656.65 295.36 672.72 334.69 0.566513
2 728.35 812.76 758.62 845.49 0.553073
2 640.00 830.86 666.06 864.17 0.542332
2 493.44 767.71 519.84 810.85 0.542010
1 1121.75 237.79 1142.82 274.37 0.541594
2 1123.45 240.03 1141.09 274.51 0.535647
4 1212.75 93.41 1266.10 116.51 0.535212
2 538.56 778.20 567.51 818.33 0.524874
1 575.76 352.15 594.61 397.56 0.521064
2 537.64 790.66 556.31 818.99 0.518778
10 306.95 75.50 454.48 139.08 0.515397
1 655.64 294.38 673.74 335.01 0.502885
2 699.19 835.70 726.26 870.20 0.497082
2 666.86 836.56 696.08 874.50 0.493012
2 657.32 295.87 671.96 334.96 0.459169
2 640.19 788.05 758.78 873.53 0.454447
2 577.75 353.42 593.25 397.61 0.409336
2 940.57 368.48 957.18 410.64 0.402440
2 485.64 759.03 762.92 877.02 0.384460
1 657.37 796.89 685.92 836.71 0.365609
1 576.61 352.89 593.74 397.64 0.318443
10 958.26 334.26 1011.43 455.16 0.306264
2 474.60 286.49 950.58 881.97 0.300878
7 697.79 834.19 727.22 871.01 0.294045
4 933.66 23.60 991.61 59.81 0.277310
7 638.13 808.02 759.69 874.92 0.256728
1 727.94 811.44 759.67 846.16 0.243103
7 638.87 829.36 728.27 874.68 0.239157
1 682.53 789.03 708.95 827.55 0.234907
3 496.55 786.97 518.87 811.79 0.226488
2 569.40 291.14 679.88 401.55 0.181499
7 666.03 833.47 727.76 874.67 0.169637
3 657.57 809.65 685.28 838.15 0.165778
2 557.77 284.23 695.43 409.11 0.164666
3 1117.54 233.25 1147.38 277.22 0.163529
2 470.58 749.18 773.74 886.78 0.163192
3 1122.19 249.92 1141.13 275.48 0.158854
6 288.15 50.95 484.36 162.78 0.150086
2 442.95 719.64 800.01 917.07 0.148495
5 1249.80 40.41 1344.58 111.16 0.148144
5 918.24 0.77 942.57 16.25 0.145647
5 1388.41 71.68 1399.78 100.08 0.145286
2 557.48 284.77 966.00 487.51 0.139666
2 638.41 786.94 713.39 867.77 0.139107
5 1314.05 149.71 1399.32 383.36 0.138231
6 302.27 64.76 465.44 147.33 0.136374
3 572.59 349.34 598.28 399.84 0.134865
5 925.02 12.32 1001.86 72.00 0.134738
2 489.32 762.97 571.44 820.87 0.133618
4 727.70 811.15 759.96 846.55 0.132226
7 682.76 801.04 709.30 828.70 0.131935
3 643.22 347.65 671.31 390.57 0.130402
2 656.51 786.92 711.24 837.49 0.130099
1 537.61 788.15 566.31 819.37 0.128520
6 299.06 39.73 466.22 148.54 0.128237
2 483.81 342.63 912.56 877.91 0.123625
5 1212.27 90.32 1267.37 120.76 0.122637
2 562.27 287.37 918.91 482.68 0.122532
4 666.98 842.66 695.02 874.72 0.122480
4 697.53 834.15 727.42 870.99 0.122031
1 657.53 804.38 685.59 837.47 0.121399
3 1111.58 227.37 1155.59 282.60 0.121389
3 491.29 764.81 521.75 811.56 0.121037
2 571.88 345.05 674.29 400.72 0.121015
4 667.09 844.95 694.61 874.86 0.119095
5 1385.61 70.21 1399.64 107.80 0.118848
3 650.28 289.83 679.69 337.63 0.118659
3 867.56 423.97 909.37 481.23 0.118480
5 934.50 25.01 974.12 56.48 0.115347
5 967.23 35.18 992.51 57.87 0.114550
3 1122.68 256.84 1140.43 275.54 0.114475
1 640.00 830.86 666.06 864.17 0.106555
7 696.68 811.04 760.47 871.21 0.106263
1 1281.34 189.86 1306.47 224.14 0.104544
2 567.05 344.91 912.17 480.35 0.101202
1 666.79 835.89 695.55 874.33 0.059874
8 537.64 790.66 556.31 818.99 0.047001
8 657.32 295.87 671.96 334.96 0.046757
8 1123.45 240.03 1141.09 274.51 0.046552
8 577.75 353.42 593.25 397.61 0.046119
8 940.57 368.48 957.18 410.64 0.046029
7 537.64 790.66 556.31 818.99 0.046001
7 657.32 295.87 671.96 334.96 0.045675
7 1123.45 240.03 1141.09 274.51 0.045402
8 640.60 831.68 666.20 864.08 0.045300
1 537.64 790.66 556.31 818.99 0.044863
10 537.64 790.66 556.31 818.99 0.044858
7 577.75 353.42 593.25 397.61 0.044825
8 699.62 835.85 726.45 870.29 0.044761
7 940.57 368.48 957.18 410.64 0.044706
8 683.69 789.71 709.01 828.06 0.044495
10 657.32 295.87 671.96 334.96 0.044440
8 728.75 813.02 758.96 845.49 0.044438
8 876.09 431.99 898.88 475.67 0.044357
10 1123.45 240.03 1141.09 274.51 0.044088
8 644.46 349.78 670.48 390.28 0.044027
3 537.64 790.66 556.31 818.99 0.044001
8 667.32 837.30 696.34 874.54 0.043873
7 640.60 831.68 666.20 864.08 0.043733
8 493.44 767.71 519.84 810.85 0.043542
3 657.32 295.87 671.96 334.96 0.043521
10 577.75 353.42 593.25 397.61 0.043347
10 940.57 368.48 957.18 410.64 0.043193
3 1123.45 240.03 1141.09 274.51 0.043173
7 699.62 835.85 726.45 870.29 0.043015
7 683.69 789.71 709.01 828.06 0.042660
7 728.75 813.02 758.96 845.49 0.042584
7 876.09 431.99 898.88 475.67 0.042476
3 577.75 353.42 593.25 397.61 0.042254
3 940.57 368.48 957.18 410.64 0.042153
7 644.46 349.78 670.48 390.28 0.042036
10 640.60 831.68 666.20 864.08 0.041943
7 667.32 837.30 696.34 874.54 0.041831
7 493.44 767.71 519.84 810.85 0.041390
10 699.62 835.85 726.45 870.29 0.041019
3 640.60 831.68 666.20 864.08 0.040600
10 683.69 789.71 709.01 828.06 0.040563
10 728.75 813.02 758.96 845.49 0.040465
10 876.09 431.99 898.88 475.67 0.040326
10 644.46 349.78 670.48 390.28 0.039761
3 699.62 835.85 726.45 870.29 0.039523
10 667.32 837.30 696.34 874.54 0.039497
3 683.69 789.71 709.01 828.06 0.038991
10 493.44 767.71 519.84 810.85 0.038930
3 728.75 813.02 758.96 845.49 0.038876
3 876.09 431.99 898.88 475.67 0.038860
3 644.46 349.78 670.48 390.28 0.038062
3 667.32 837.30 696.34 874.54 0.037747
3 493.44 767.71 519.84 810.85 0.037088
