1 107.00 32.00 113.00 52.00
1 100.00 39.00 109.00 64.00
1 70.00 36.00 81.00 69.00
1 51.00 45.00 58.00 66.00
1 37.00 42.00 45.00 61.00
1 28.00 46.00 35.00 65.00
1 136.00 32.00 142.00 48.00
1 142.00 32.00 149.00 53.00
1 150.00 33.00 160.00 50.00
1 170.00 32.00 178.00 49.00
1 180.00 32.00 186.00 48.00
1 186.00 34.00 192.00 53.00
1 188.00 31.00 193.00 52.00
1 190.00 42.00 199.00 64.00
1 193.00 55.00 200.00 76.00
1 189.00 56.00 194.00 73.00
1 182.00 54.00 190.00 71.00
1 209.00 35.00 217.00 50.00
1 218.00 28.00 223.00 45.00
1 219.00 38.00 226.00 56.00
1 214.00 44.00 221.00 62.00
1 209.00 54.00 214.00 61.00
1 166.00 60.00 174.00 81.00
1 239.00 33.00 247.00 53.00
1 250.00 18.00 255.00 31.00
1 279.00 15.00 283.00 27.00
2 271.00 37.00 277.00 44.00
1 254.00 43.00 261.00 58.00
1 281.00 39.00 287.00 57.00
1 273.00 60.00 279.00 74.00
1 243.00 57.00 248.00 69.00
1 235.00 55.00 243.00 78.00
2 143.00 57.00 154.00 68.00
2 128.00 61.00 139.00 73.00
1 44.00 81.00 54.00 111.00
1 147.00 100.00 158.00 133.00
1 1.00 89.00 19.00 124.00
2 0.00 125.00 18.00 146.00
1 0.00 91.00 10.00 133.00
2 210.00 165.00 239.00 187.00
1 185.00 169.00 206.00 217.00
1 165.00 159.00 182.00 203.00
1 94.00 157.00 113.00 202.00
1 78.00 192.00 102.00 246.00
1 64.00 149.00 82.00 199.00
1 47.00 170.00 79.00 215.00
1 30.00 171.00 57.00 217.00
1 15.00 166.00 49.00 209.00
1 187.00 235.00 207.00 292.00
1 205.00 237.00 222.00 284.00
1 196.00 238.00 215.00 294.00
2 250.00 235.00 284.00 266.00
2 261.00 227.00 295.00 253.00
1 662.00 443.00 700.00 519.00
2 848.00 258.00 879.00 288.00
1 554.00 275.00 582.00 342.00
1 573.00 248.00 596.00 309.00
1 581.00 222.00 599.00 277.00
1 556.00 205.00 579.00 252.00
1 538.00 220.00 579.00 271.00
1 502.00 198.00 522.00 249.00
1 691.00 233.00 721.00 290.00
1 649.00 227.00 681.00 282.00
1 375.00 191.00 390.00 245.00
1 375.00 174.00 387.00 225.00
1 365.00 172.00 379.00 221.00
3 332.00 157.00 351.00 191.00
2 347.00 181.00 369.00 206.00
2 318.00 199.00 341.00 225.00
2 302.00 207.00 336.00 231.00
1 238.00 112.00 250.00 148.00
1 249.00 112.00 262.00 149.00
1 259.00 113.00 275.00 151.00
1 259.00 97.00 271.00 128.00
1 339.00 110.00 353.00 148.00
1 311.00 109.00 325.00 149.00
1 320.00 109.00 329.00 141.00
1 309.00 107.00 321.00 143.00
2 303.00 147.00 323.00 177.00
1 378.00 18.00 385.00 35.00
1 359.00 21.00 366.00 36.00
1 346.00 19.00 351.00 32.00
1 295.00 29.00 302.00 47.00
1 307.00 37.00 312.00 48.00
2 320.00 39.00 327.00 53.00
2 323.00 39.00 333.00 52.00
1 329.00 33.00 335.00 48.00
1 371.00 42.00 378.00 63.00
1 368.00 50.00 374.00 72.00
1 366.00 51.00 373.00 71.00
1 420.00 68.00 428.00 92.00
2 341.00 56.00 350.00 74.00
2 347.00 57.00 354.00 74.00
1 458.00 26.00 462.00 44.00
2 388.00 159.00 404.00 177.00
2 412.00 156.00 427.00 176.00
2 409.00 148.00 429.00 167.00
2 423.00 139.00 440.00 160.00
1 437.00 124.00 446.00 164.00
1 431.00 111.00 441.00 152.00
1 454.00 48.00 460.00 62.00
1 456.00 57.00 466.00 81.00
1 464.00 100.00 472.00 132.00
1 480.00 56.00 488.00 76.00
2 501.00 161.00 532.00 181.00
1 510.00 145.00 520.00 173.00
1 526.00 108.00 533.00 134.00
1 500.00 71.00 509.00 98.00
1 516.00 53.00 522.00 74.00
1 542.00 51.00 549.00 69.00
1 552.00 28.00 557.00 45.00
2 539.00 78.00 551.00 91.00
1 608.00 29.00 614.00 43.00
1 632.00 55.00 639.00 76.00
1 662.00 29.00 668.00 44.00
1 659.00 75.00 667.00 100.00
1 697.00 66.00 703.00 85.00
2 707.00 60.00 716.00 71.00
1 714.00 66.00 720.00 84.00
1 733.00 64.00 739.00 84.00
1 694.00 128.00 704.00 149.00
1 611.00 145.00 622.00 181.00
1 779.00 127.00 797.00 162.00
1 785.00 89.00 792.00 110.00
1 785.00 61.00 794.00 82.00
1 768.00 67.00 779.00 89.00
1 855.00 56.00 864.00 81.00
1 867.00 64.00 875.00 83.00
1 842.00 54.00 853.00 79.00
1 829.00 57.00 836.00 80.00
1 836.00 59.00 843.00 82.00
1 757.00 62.00 764.00 81.00
2 742.00 51.00 752.00 64.00
1 748.00 47.00 752.00 63.00
2 744.00 46.00 754.00 59.00
2 722.00 186.00 742.00 222.00
2 744.00 190.00 762.00 229.00
2 761.00 188.00 776.00 227.00
1 645.00 159.00 655.00 180.00
1 653.00 157.00 664.00 187.00
2 659.00 154.00 671.00 181.00
1 671.00 161.00 679.00 184.00
2 669.00 162.00 682.00 184.00
2 669.00 155.00 683.00 174.00
10 900.00 145.00 927.00 178.00
2 928.00 157.00 945.00 183.00
