4 61.00 386.00 161.00 453.00
6 213.00 260.00 437.00 440.00
5 495.00 228.00 531.00 259.00
6 525.00 158.00 608.00 224.00
6 524.00 95.00 580.00 141.00
9 618.00 126.00 663.00 162.00
2 568.00 241.00 577.00 252.00
2 565.00 244.00 572.00 251.00
10 561.00 247.00 582.00 261.00
2 549.00 235.00 558.00 247.00
2 548.00 237.00 553.00 246.00
10 547.00 240.00 560.00 253.00
4 594.00 117.00 613.00 131.00
4 615.00 101.00 634.00 115.00
10 525.00 147.00 544.00 158.00
4 678.00 138.00 701.00 157.00
4 693.00 109.00 714.00 128.00
4 770.00 96.00 792.00 106.00
4 771.00 93.00 798.00 105.00
1 819.00 103.00 827.00 119.00
2 832.00 116.00 838.00 125.00
2 830.00 113.00 837.00 121.00
