1 358.00 109.00 362.00 119.00
4 411.00 98.00 421.00 106.00
4 404.00 117.00 416.00 127.00
8 423.00 109.00 431.00 120.00
4 387.00 88.00 395.00 95.00
4 317.00 124.00 331.00 138.00
4 299.00 141.00 315.00 152.00
4 297.00 145.00 314.00 160.00
4 470.00 129.00 484.00 143.00
2 456.00 139.00 462.00 151.00
2 443.00 140.00 449.00 153.00
1 481.00 158.00 487.00 173.00
8 343.00 132.00 353.00 147.00
10 352.00 139.00 358.00 147.00
10 340.00 146.00 347.00 152.00
2 351.00 145.00 359.00 157.00
2 336.00 155.00 342.00 166.00
10 336.00 158.00 343.00 169.00
2 359.00 183.00 366.00 200.00
2 363.00 187.00 370.00 200.00
10 356.00 188.00 369.00 202.00
2 330.00 171.00 338.00 182.00
10 331.00 174.00 339.00 186.00
2 331.00 183.00 340.00 197.00
10 330.00 187.00 340.00 203.00
10 457.00 210.00 467.00 225.00
10 478.00 206.00 486.00 221.00
10 470.00 175.00 478.00 187.00
10 454.00 166.00 460.00 178.00
2 482.00 233.00 492.00 253.00
2 457.00 205.00 467.00 223.00
2 477.00 200.00 487.00 217.00
2 480.00 259.00 493.00 277.00
2 479.00 276.00 492.00 297.00
2 500.00 266.00 515.00 286.00
2 499.00 275.00 513.00 297.00
2 500.00 284.00 512.00 304.00
2 535.00 353.00 553.00 379.00
10 481.00 239.00 493.00 259.00
2 494.00 245.00 506.00 264.00
10 478.00 268.00 494.00 305.00
10 495.00 258.00 516.00 290.00
10 498.00 282.00 510.00 306.00
10 532.00 359.00 554.00 394.00
7 511.00 383.00 553.00 443.00
2 511.00 385.00 524.00 413.00
2 470.00 171.00 478.00 184.00
10 500.00 186.00 509.00 203.00
7 506.00 204.00 526.00 225.00
7 518.00 212.00 539.00 237.00
4 518.00 236.00 555.00 267.00
4 532.00 260.00 574.00 292.00
4 559.00 310.00 619.00 360.00
1 687.00 343.00 697.00 364.00
1 694.00 322.00 711.00 358.00
10 730.00 479.00 755.00 528.00
10 801.00 501.00 883.00 538.00
7 607.00 275.00 645.00 314.00
10 582.00 258.00 616.00 280.00
10 577.00 252.00 609.00 270.00
5 397.00 164.00 441.00 187.00
4 417.00 199.00 442.00 222.00
4 417.00 270.00 456.00 307.00
4 294.00 190.00 320.00 216.00
2 301.00 234.00 314.00 254.00
10 300.00 240.00 313.00 261.00
8 224.00 246.00 253.00 284.00
10 171.00 267.00 196.00 297.00
10 154.00 288.00 189.00 312.00
10 148.00 305.00 178.00 328.00
1 91.00 316.00 107.00 352.00
2 127.00 390.00 150.00 435.00
10 127.00 403.00 153.00 444.00
9 459.00 459.00 517.00 540.00
1 0.00 371.00 12.00 414.00
10 289.00 176.00 306.00 196.00
10 214.00 241.00 228.00 260.00
10 443.00 144.00 449.00 156.00
10 455.00 141.00 461.00 152.00
10 432.00 118.00 438.00 129.00
10 438.00 116.00 443.00 126.00
10 351.00 152.00 360.00 160.00
2 326.00 163.00 331.00 173.00
2 316.00 212.00 325.00 227.00
2 328.00 139.00 334.00 149.00
2 453.00 161.00 459.00 175.00
2 365.00 125.00 370.00 133.00
2 354.00 134.00 357.00 143.00
10 364.00 130.00 370.00 138.00
10 328.00 143.00 334.00 152.00
10 325.00 168.00 331.00 178.00
4 266.00 158.00 291.00 175.00
7 565.00 222.00 591.00 249.00
4 455.00 105.00 466.00 113.00
