7 410.00 574.00 471.00 687.00
5 202.00 479.00 390.00 597.00
5 362.00 384.00 432.00 485.00
10 274.00 385.00 339.00 423.00
5 315.00 328.00 425.00 389.00
1 524.00 313.00 543.00 350.00
7 524.00 328.00 544.00 364.00
2 453.00 210.00 470.00 242.00
10 456.00 220.00 470.00 247.00
1 467.00 128.00 477.00 156.00
4 480.00 120.00 513.00 152.00
4 145.00 187.00 228.00 231.00
4 179.00 197.00 243.00 238.00
4 202.00 127.00 257.00 161.00
1 243.00 142.00 253.00 167.00
1 252.00 136.00 261.00 160.00
1 252.00 142.00 261.00 166.00
3 291.00 112.00 314.00 130.00
1 340.00 90.00 349.00 110.00
1 342.00 85.00 351.00 105.00
5 477.00 82.00 510.00 120.00
4 514.00 104.00 543.00 133.00
4 513.00 75.00 540.00 101.00
5 487.00 64.00 514.00 91.00
5 494.00 48.00 518.00 74.00
4 496.00 40.00 520.00 61.00
2 564.00 65.00 575.00 83.00
7 564.00 73.00 583.00 87.00
4 498.00 29.00 522.00 52.00
2 536.00 24.00 543.00 38.00
10 535.00 29.00 543.00 41.00
5 506.00 8.00 527.00 27.00
5 511.00 0.00 530.00 12.00
2 597.00 61.00 607.00 82.00
10 598.00 66.00 606.00 83.00
2 598.00 0.00 603.00 9.00
3 596.00 1.00 603.00 12.00
1 613.00 40.00 620.00 61.00
1 621.00 41.00 628.00 62.00
1 627.00 30.00 632.00 47.00
2 632.00 4.00 638.00 16.00
10 632.00 8.00 639.00 19.00
5 636.00 25.00 654.00 42.00
5 638.00 32.00 660.00 53.00
4 631.00 45.00 654.00 62.00
2 641.00 50.00 649.00 69.00
10 635.00 60.00 652.00 71.00
5 616.00 67.00 640.00 90.00
5 646.00 60.00 672.00 85.00
1 650.00 73.00 656.00 90.00
1 660.00 74.00 668.00 92.00
1 650.00 88.00 656.00 111.00
1 656.00 90.00 666.00 111.00
7 660.00 82.00 689.00 98.00
7 658.00 95.00 680.00 114.00
7 671.00 107.00 696.00 127.00
2 631.00 141.00 641.00 161.00
10 631.00 147.00 641.00 168.00
4 674.00 33.00 714.00 54.00
4 703.00 56.00 729.00 82.00
4 694.00 85.00 743.00 104.00
1 723.00 131.00 732.00 154.00
1 725.00 178.00 736.00 209.00
1 714.00 183.00 722.00 212.00
10 707.00 178.00 720.00 203.00
1 752.00 178.00 760.00 205.00
1 703.00 253.00 716.00 292.00
2 770.00 238.00 783.00 272.00
3 763.00 251.00 790.00 277.00
4 718.00 273.00 808.00 334.00
4 717.00 332.00 785.00 399.00
4 820.00 295.00 928.00 345.00
10 903.00 335.00 941.00 378.00
4 887.00 134.00 924.00 163.00
6 964.00 101.00 1052.00 157.00
10 948.00 245.00 981.00 265.00
7 969.00 257.00 995.00 298.00
1 949.00 270.00 965.00 300.00
2 952.00 279.00 964.00 299.00
7 943.00 278.00 967.00 315.00
10 987.00 304.00 1027.00 334.00
10 1004.00 301.00 1030.00 329.00
1 959.00 323.00 973.00 364.00
1 1000.00 368.00 1018.00 416.00
1 1034.00 361.00 1049.00 405.00
4 804.00 466.00 890.00 561.00
4 930.00 480.00 1035.00 586.00
2 1025.00 459.00 1033.00 488.00
1 1022.00 460.00 1042.00 511.00
10 1023.00 615.00 1093.00 660.00
2 817.00 625.00 853.00 682.00
10 821.00 630.00 850.00 699.00
1 1129.00 540.00 1150.00 593.00
1 1116.00 450.00 1150.00 502.00
1 1138.00 464.00 1171.00 514.00
3 1154.00 420.00 1201.00 458.00
10 60.00 668.00 95.00 741.00
