2 0.00 648.00 26.00 688.00
6 0.00 651.00 113.00 755.00
2 0.00 578.00 22.00 638.00
2 45.00 518.00 78.00 550.00
2 186.00 557.00 212.00 602.00
10 130.00 465.00 153.00 517.00
2 79.00 444.00 103.00 497.00
2 45.00 457.00 74.00 498.00
2 42.00 449.00 76.00 490.00
2 53.00 443.00 79.00 478.00
10 148.00 375.00 195.00 409.00
10 237.00 245.00 269.00 266.00
10 251.00 231.00 284.00 258.00
4 286.00 180.00 362.00 221.00
1 361.00 197.00 373.00 230.00
1 355.00 205.00 365.00 230.00
4 331.00 131.00 390.00 166.00
3 313.00 406.00 335.00 450.00
10 355.00 369.00 400.00 398.00
3 360.00 321.00 383.00 357.00
3 435.00 259.00 457.00 288.00
10 401.00 679.00 427.00 747.00
5 580.00 682.00 667.00 765.00
4 423.00 531.00 516.00 664.00
4 407.00 446.00 475.00 557.00
4 412.00 365.00 476.00 452.00
4 431.00 293.00 485.00 357.00
4 400.00 216.00 482.00 267.00
4 460.00 188.00 499.00 232.00
4 929.00 689.00 1057.00 765.00
10 1011.00 643.00 1086.00 686.00
10 1177.00 736.00 1213.00 765.00
7 1116.00 591.00 1226.00 684.00
2 1326.00 583.00 1354.00 620.00
7 1232.00 583.00 1337.00 665.00
4 1199.00 526.00 1360.00 606.00
10 1330.00 502.00 1360.00 535.00
2 1308.00 495.00 1326.00 537.00
2 1303.00 490.00 1320.00 535.00
2 1211.00 488.00 1238.00 534.00
2 1101.00 496.00 1131.00 534.00
7 1100.00 500.00 1208.00 560.00
2 1166.00 494.00 1185.00 524.00
2 1164.00 486.00 1180.00 506.00
2 1170.00 479.00 1190.00 506.00
1 1067.00 458.00 1090.00 513.00
2 1038.00 468.00 1059.00 500.00
3 1075.00 434.00 1124.00 466.00
4 800.00 416.00 879.00 500.00
2 699.00 344.00 718.00 374.00
10 699.00 350.00 717.00 390.00
1 827.00 321.00 841.00 362.00
10 844.00 356.00 895.00 383.00
10 847.00 349.00 890.00 379.00
1 905.00 276.00 919.00 308.00
10 904.00 239.00 934.00 256.00
3 888.00 169.00 901.00 192.00
10 851.00 174.00 865.00 197.00
10 837.00 174.00 848.00 196.00
1 816.00 184.00 827.00 217.00
2 687.00 202.00 700.00 232.00
10 685.00 209.00 704.00 235.00
4 676.00 160.00 713.00 193.00
1 768.00 185.00 778.00 209.00
1 778.00 178.00 789.00 206.00
1 834.00 145.00 845.00 173.00
1 795.00 145.00 805.00 173.00
1 806.00 143.00 817.00 171.00
1 819.00 143.00 829.00 172.00
1 822.00 140.00 829.00 167.00
1 814.00 138.00 823.00 165.00
5 432.00 104.00 484.00 159.00
4 474.00 98.00 502.00 130.00
4 472.00 55.00 496.00 78.00
4 443.00 40.00 492.00 61.00
5 471.00 22.00 493.00 48.00
4 480.00 20.00 499.00 40.00
4 518.00 81.00 545.00 109.00
4 524.00 50.00 548.00 74.00
4 566.00 66.00 593.00 92.00
4 570.00 41.00 595.00 64.00
4 715.00 137.00 791.00 168.00
4 715.00 128.00 778.00 155.00
10 737.00 116.00 756.00 131.00
3 736.00 107.00 752.00 122.00
4 690.00 92.00 750.00 115.00
4 676.00 73.00 733.00 100.00
4 701.00 61.00 738.00 88.00
1 731.00 21.00 739.00 38.00
4 588.00 117.00 621.00 146.00
1 642.00 119.00 650.00 146.00
4 652.00 105.00 685.00 134.00
4 639.00 82.00 670.00 108.00
4 633.00 69.00 660.00 92.00
4 679.00 45.00 711.00 65.00
2 612.00 63.00 620.00 79.00
3 612.00 65.00 621.00 84.00
4 616.00 40.00 641.00 64.00
4 612.00 33.00 636.00 52.00
2 591.00 28.00 598.00 40.00
10 591.00 31.00 597.00 43.00
4 604.00 14.00 624.00 32.00
10 633.00 7.00 649.00 17.00
2 588.00 3.00 595.00 19.00
3 591.00 7.00 595.00 19.00
4 594.00 0.00 612.00 13.00
4 619.00 0.00 645.00 13.00
