4 543.00 1008.00 643.00 1080.00
4 777.00 686.00 834.00 753.00
4 920.00 571.00 965.00 618.00
4 729.00 610.00 776.00 659.00
4 763.00 538.00 807.00 583.00
4 833.00 527.00 873.00 567.00
4 694.00 490.00 732.00 525.00
4 767.00 461.00 807.00 505.00
4 831.00 430.00 863.00 459.00
5 780.00 349.00 804.00 376.00
4 876.00 322.00 896.00 340.00
4 731.00 315.00 753.00 334.00
4 6.00 757.00 112.00 848.00
4 183.00 703.00 267.00 781.00
4 0.00 702.00 81.00 790.00
4 154.00 628.00 240.00 699.00
4 70.00 622.00 148.00 686.00
4 302.00 579.00 373.00 644.00
4 175.00 552.00 246.00 607.00
5 236.00 544.00 313.00 619.00
4 250.00 485.00 309.00 535.00
4 377.00 509.00 429.00 553.00
4 285.00 437.00 331.00 472.00
4 357.00 419.00 397.00 451.00
5 353.00 469.00 401.00 516.00
4 437.00 464.00 480.00 500.00
4 395.00 384.00 425.00 420.00
5 467.00 420.00 505.00 459.00
4 507.00 345.00 539.00 369.00
4 538.00 362.00 566.00 389.00
5 504.00 297.00 528.00 323.00
4 532.00 322.00 558.00 342.00
4 559.00 329.00 586.00 352.00
4 548.00 295.00 571.00 314.00
4 548.00 309.00 571.00 327.00
5 580.00 304.00 606.00 331.00
4 571.00 280.00 593.00 300.00
5 605.00 283.00 625.00 305.00
4 587.00 298.00 610.00 318.00
4 602.00 281.00 619.00 298.00
4 613.00 272.00 633.00 289.00
4 578.00 274.00 597.00 289.00
4 586.00 266.00 605.00 280.00
5 589.00 259.00 605.00 274.00
4 597.00 252.00 614.00 266.00
6 844.00 293.00 870.00 322.00
4 770.00 292.00 791.00 312.00
4 839.00 276.00 857.00 292.00
4 806.00 270.00 824.00 285.00
4 773.00 273.00 789.00 288.00
4 817.00 238.00 834.00 253.00
4 815.00 222.00 830.00 233.00
4 773.00 252.00 788.00 266.00
4 743.00 248.00 757.00 262.00
4 791.00 232.00 803.00 243.00
4 771.00 234.00 785.00 247.00
2 382.00 361.00 390.00 377.00
10 380.00 366.00 392.00 385.00
4 744.00 239.00 757.00 251.00
4 752.00 202.00 763.00 212.00
4 776.00 202.00 788.00 212.00
4 631.00 212.00 643.00 223.00
4 631.00 192.00 641.00 201.00
4 758.00 190.00 769.00 198.00
2 912.00 307.00 919.00 320.00
10 913.00 313.00 918.00 324.00
