10 11.00 56.00 26.00 78.00
10 73.00 71.00 104.00 90.00
10 114.00 72.00 142.00 93.00
10 222.00 54.00 246.00 76.00
10 295.00 19.00 315.00 36.00
10 265.00 45.00 285.00 65.00
1 44.00 103.00 59.00 135.00
2 139.00 63.00 150.00 84.00
2 149.00 62.00 163.00 83.00
1 259.00 86.00 273.00 113.00
1 251.00 87.00 270.00 119.00
1 331.00 26.00 341.00 52.00
1 470.00 52.00 480.00 81.00
4 182.00 191.00 294.00 234.00
4 224.00 267.00 350.00 326.00
4 430.00 35.00 469.00 69.00
4 408.00 3.00 437.00 27.00
4 385.00 28.00 416.00 58.00
4 417.00 0.00 448.00 15.00
10 369.00 178.00 404.00 199.00
2 375.00 166.00 394.00 198.00
10 49.00 621.00 116.00 667.00
10 46.00 583.00 118.00 625.00
10 434.00 549.00 502.00 587.00
2 53.00 612.00 95.00 657.00
2 57.00 569.00 92.00 619.00
2 432.00 549.00 457.00 588.00
2 451.00 538.00 481.00 583.00
4 385.00 210.00 491.00 265.00
4 511.00 679.00 602.00 765.00
1 667.00 646.00 686.00 707.00
1 659.00 628.00 699.00 688.00
2 569.00 91.00 581.00 119.00
10 567.00 102.00 582.00 123.00
4 485.00 220.00 594.00 274.00
2 433.00 215.00 460.00 236.00
4 621.00 180.00 718.00 228.00
4 580.00 56.00 614.00 92.00
4 875.00 14.00 906.00 41.00
4 885.00 33.00 916.00 60.00
4 797.00 190.00 906.00 238.00
4 1003.00 74.00 1047.00 105.00
4 1008.00 235.00 1119.00 280.00
4 970.00 272.00 1090.00 322.00
4 1132.00 56.00 1171.00 91.00
10 959.00 41.00 985.00 61.00
3 1055.00 18.00 1066.00 34.00
2 1053.00 38.00 1066.00 59.00
1 1017.00 84.00 1029.00 113.00
1 1005.00 87.00 1014.00 115.00
1 999.00 84.00 1013.00 110.00
1 1036.00 128.00 1048.00 157.00
1 1027.00 126.00 1039.00 157.00
2 1050.00 185.00 1066.00 212.00
2 1061.00 189.00 1072.00 210.00
2 1053.00 189.00 1059.00 209.00
10 1034.00 192.00 1071.00 216.00
1 1043.00 611.00 1078.00 668.00
1 1233.00 505.00 1257.00 556.00
4 1223.00 228.00 1340.00 277.00
4 1164.00 112.00 1228.00 152.00
4 1303.00 105.00 1360.00 145.00
1 1238.00 85.00 1251.00 112.00
1 1236.00 80.00 1253.00 109.00
