3 0.00 344.00 38.00 373.00
8 8.00 315.00 48.00 356.00
1 610.00 562.00 625.00 599.00
1 645.00 455.00 664.00 506.00
1 698.00 540.00 720.00 603.00
1 751.00 556.00 764.00 597.00
1 639.00 56.00 648.00 89.00
2 458.00 300.00 476.00 342.00
2 533.00 330.00 552.00 377.00
2 563.00 332.00 589.00 368.00
2 572.00 319.00 601.00 361.00
2 588.00 311.00 603.00 349.00
2 601.00 307.00 617.00 341.00
2 610.00 276.00 624.00 303.00
2 619.00 287.00 644.00 328.00
2 827.00 374.00 851.00 398.00
2 788.00 424.00 802.00 458.00
1 805.00 404.00 818.00 442.00
1 822.00 410.00 836.00 451.00
1 1032.00 346.00 1047.00 384.00
2 627.00 215.00 638.00 227.00
2 562.00 200.00 575.00 224.00
2 34.00 261.00 55.00 286.00
