4 404.00 591.00 484.00 712.00
4 508.00 309.00 557.00 368.00
4 521.00 275.00 565.00 317.00
4 419.00 256.00 502.00 286.00
4 434.00 222.00 507.00 257.00
4 363.00 192.00 435.00 226.00
4 390.00 167.00 458.00 196.00
4 394.00 151.00 459.00 180.00
4 410.00 141.00 473.00 167.00
4 410.00 128.00 470.00 154.00
10 461.00 110.00 482.00 128.00
5 456.00 85.00 486.00 117.00
5 467.00 67.00 493.00 94.00
1 508.00 83.00 516.00 103.00
1 516.00 85.00 524.00 102.00
1 628.00 49.00 636.00 68.00
1 785.00 204.00 795.00 231.00
1 894.00 168.00 904.00 192.00
1 909.00 165.00 917.00 188.00
1 1069.00 286.00 1083.00 314.00
4 752.00 123.00 778.00 148.00
4 738.00 71.00 760.00 93.00
4 708.00 65.00 731.00 84.00
4 665.00 28.00 684.00 46.00
4 711.00 17.00 744.00 36.00
4 608.00 68.00 627.00 90.00
4 803.00 245.00 839.00 284.00
2 767.00 272.00 778.00 296.00
10 768.00 284.00 779.00 304.00
4 584.00 118.00 609.00 145.00
4 518.00 105.00 543.00 134.00
4 521.00 53.00 545.00 71.00
4 497.00 52.00 519.00 70.00
4 529.00 36.00 567.00 54.00
5 65.00 479.00 155.00 578.00
4 0.00 578.00 104.00 673.00
4 263.00 463.00 347.00 549.00
5 387.00 417.00 482.00 478.00
4 411.00 363.00 512.00 418.00
4 474.00 236.00 552.00 274.00
4 498.00 210.00 573.00 247.00
4 556.00 193.00 598.00 222.00
4 569.00 171.00 600.00 198.00
4 590.00 90.00 617.00 122.00
4 435.00 32.00 461.00 48.00
4 475.00 33.00 518.00 48.00
4 554.00 60.00 596.00 80.00
4 578.00 52.00 614.00 68.00
5 570.00 42.00 599.00 57.00
4 436.00 9.00 471.00 24.00
4 572.00 19.00 616.00 36.00
4 529.00 12.00 568.00 30.00
4 638.00 18.00 677.00 33.00
6 708.00 663.00 766.00 765.00
4 888.00 668.00 951.00 765.00
4 869.00 562.00 941.00 663.00
4 1061.00 508.00 1149.00 610.00
4 1184.00 612.00 1304.00 744.00
4 1094.00 426.00 1218.00 476.00
4 1117.00 320.00 1158.00 363.00
4 983.00 336.00 1043.00 390.00
4 1047.00 255.00 1093.00 294.00
4 961.00 221.00 1007.00 260.00
4 816.00 304.00 858.00 351.00
4 931.00 165.00 991.00 188.00
4 901.00 128.00 958.00 155.00
4 814.00 150.00 877.00 172.00
4 827.00 171.00 894.00 200.00
4 839.00 193.00 910.00 221.00
4 837.00 211.00 909.00 239.00
4 852.00 227.00 922.00 258.00
4 987.00 730.00 1112.00 765.00
4 874.00 377.00 980.00 425.00
4 811.00 139.00 870.00 157.00
4 790.00 124.00 815.00 151.00
4 790.00 94.00 814.00 120.00
4 769.00 82.00 798.00 105.00
4 774.00 72.00 795.00 88.00
4 868.00 120.00 918.00 141.00
4 901.00 111.00 958.00 134.00
4 896.00 103.00 951.00 120.00
4 876.00 95.00 931.00 117.00
4 865.00 89.00 913.00 106.00
4 860.00 81.00 908.00 100.00
4 852.00 71.00 902.00 90.00
4 876.00 63.00 931.00 88.00
4 847.00 54.00 891.00 72.00
4 940.00 65.00 982.00 83.00
4 899.00 54.00 940.00 70.00
4 863.00 44.00 905.00 58.00
4 919.00 43.00 965.00 59.00
4 783.00 56.00 825.00 72.00
4 764.00 13.00 799.00 27.00
4 776.00 36.00 812.00 51.00
5 799.00 33.00 854.00 59.00
10 945.00 75.00 959.00 88.00
10 1003.00 170.00 1022.00 189.00
10 1074.00 577.00 1105.00 624.00
10 1112.00 640.00 1133.00 690.00
10 1153.00 713.00 1178.00 765.00
10 1130.00 719.00 1158.00 765.00
10 1131.00 641.00 1150.00 691.00
7 931.00 256.00 957.00 286.00
1 973.00 140.00 981.00 160.00
6 641.00 2.00 685.00 26.00
2 704.00 84.00 712.00 96.00
10 704.00 88.00 713.00 103.00
2 741.00 92.00 746.00 105.00
10 738.00 98.00 747.00 110.00
1 307.00 237.00 317.00 258.00
2 323.00 263.00 334.00 274.00
1 367.00 276.00 380.00 304.00
1 542.00 449.00 555.00 488.00
1 517.00 456.00 530.00 492.00
1 708.00 36.00 713.00 51.00
1 712.00 41.00 717.00 54.00
1 479.00 26.00 484.00 40.00
1 474.00 28.00 482.00 44.00
2 759.00 25.00 766.00 40.00
3 756.00 30.00 771.00 41.00
3 258.00 580.00 313.00 611.00
10 169.00 419.00 213.00 445.00
10 298.00 264.00 329.00 289.00
4 535.00 137.00 587.00 162.00
1 461.00 58.00 469.00 77.00
4 902.00 346.00 985.00 380.00
4 558.00 80.00 603.00 100.00
10 541.00 212.00 576.00 236.00
