6 1197.00 749.00 1306.00 822.00
4 1001.00 729.00 1114.00 787.00
7 1080.00 582.00 1131.00 605.00
5 1154.00 480.00 1241.00 531.00
4 1301.00 387.00 1397.00 436.00
5 1071.00 345.00 1147.00 394.00
5 795.00 525.00 883.00 576.00
4 878.00 462.00 971.00 508.00
7 695.00 532.00 742.00 555.00
4 506.00 366.00 568.00 441.00
4 454.00 482.00 557.00 534.00
4 354.00 477.00 446.00 522.00
4 362.00 349.00 431.00 421.00
4 513.00 92.00 582.00 149.00
4 1731.00 439.00 1840.00 483.00
6 1734.00 471.00 1865.00 528.00
6 1500.00 586.00 1775.00 695.00
6 724.00 694.00 878.00 764.00
4 345.00 655.00 459.00 709.00
1 194.00 659.00 219.00 683.00
5 0.00 433.00 104.00 488.00
