6 182.00 436.00 298.00 545.00
4 466.00 461.00 531.00 545.00
4 538.00 480.00 596.00 559.00
9 544.00 550.00 640.00 703.00
4 427.00 318.00 477.00 363.00
5 617.00 258.00 658.00 313.00
4 534.00 203.00 577.00 239.00
5 475.00 209.00 521.00 249.00
5 728.00 265.00 767.00 323.00
4 748.00 137.00 779.00 173.00
6 753.00 68.00 778.00 103.00
4 817.00 24.00 837.00 49.00
6 1099.00 18.00 1111.00 42.00
6 1101.00 53.00 1119.00 84.00
4 1041.00 47.00 1053.00 65.00
4 1053.00 73.00 1069.00 90.00
1 962.00 170.00 967.00 182.00
1 957.00 167.00 961.00 182.00
4 1251.00 265.00 1307.00 287.00
6 1166.00 309.00 1208.00 370.00
1 1061.00 217.00 1067.00 228.00
5 1211.00 563.00 1255.00 626.00
6 1223.00 620.00 1299.00 740.00
