6 213.00 955.00 331.00 1057.00
4 464.00 816.00 584.00 914.00
10 348.00 669.00 370.00 707.00
1 518.00 604.00 532.00 633.00
10 573.00 716.00 614.00 761.00
4 588.00 641.00 696.00 720.00
10 712.00 653.00 737.00 703.00
5 692.00 683.00 783.00 764.00
4 753.00 90.00 819.00 131.00
4 699.00 58.00 758.00 96.00
5 762.00 966.00 933.00 1077.00
5 953.00 897.00 1057.00 989.00
10 833.00 566.00 860.00 605.00
10 825.00 590.00 846.00 645.00
8 854.00 688.00 939.00 742.00
4 895.00 624.00 991.00 696.00
4 848.00 601.00 945.00 677.00
3 836.00 492.00 867.00 515.00
1 737.00 589.00 753.00 622.00
10 879.00 566.00 908.00 593.00
4 959.00 542.00 1047.00 612.00
4 1074.00 794.00 1184.00 891.00
10 899.00 541.00 930.00 577.00
10 929.00 453.00 969.00 482.00
1 933.00 474.00 942.00 505.00
1 946.00 483.00 959.00 511.00
10 960.00 511.00 993.00 550.00
10 986.00 505.00 1022.00 537.00
10 998.00 493.00 1037.00 526.00
10 1095.00 455.00 1119.00 488.00
4 1063.00 486.00 1153.00 554.00
6 1146.00 432.00 1235.00 497.00
10 1316.00 959.00 1360.00 1013.00
3 1303.00 989.00 1345.00 1034.00
10 1371.00 1005.00 1406.00 1057.00
10 1401.00 1010.00 1430.00 1051.00
10 1370.00 978.00 1404.00 1017.00
4 1177.00 729.00 1270.00 813.00
4 1334.00 600.00 1424.00 674.00
4 1269.00 372.00 1348.00 430.00
4 1343.00 339.00 1420.00 388.00
10 1345.00 193.00 1362.00 221.00
10 1394.00 183.00 1417.00 212.00
4 1420.00 284.00 1494.00 340.00
5 1494.00 244.00 1557.00 294.00
5 1554.00 200.00 1628.00 264.00
1 1523.00 104.00 1530.00 126.00
4 1431.00 539.00 1520.00 612.00
6 1766.00 141.00 1839.00 202.00
4 1905.00 9.00 1915.00 54.00
10 170.00 339.00 210.00 373.00
4 221.00 170.00 292.00 206.00
5 236.00 201.00 303.00 246.00
10 169.00 157.00 204.00 181.00
3 94.00 282.00 148.00 313.00
6 49.00 63.00 125.00 110.00
