3 252.00 515.00 325.00 551.00
3 527.00 642.00 595.00 693.00
4 216.00 606.00 326.00 827.00
6 461.00 717.00 606.00 1050.00
4 629.00 637.00 750.00 874.00
4 868.00 594.00 1014.00 832.00
4 722.00 476.00 844.00 718.00
4 584.00 429.00 682.00 622.00
1 626.00 389.00 649.00 439.00
4 818.00 415.00 935.00 584.00
5 546.00 234.00 639.00 405.00
5 854.00 244.00 965.00 407.00
4 772.00 234.00 872.00 381.00
4 715.00 87.00 809.00 215.00
4 511.00 83.00 588.00 200.00
4 490.00 0.00 562.00 75.00
4 688.00 0.00 767.00 82.00
10 1049.00 397.00 1078.00 457.00
1 1059.00 547.00 1088.00 597.00
4 1031.00 652.00 1197.00 883.00
7 1218.00 734.00 1303.00 860.00
10 1222.00 779.00 1290.00 857.00
1 1087.00 1009.00 1131.00 1039.00
10 208.00 205.00 272.00 251.00
10 274.00 212.00 309.00 244.00
1 372.00 71.00 396.00 122.00
1 333.00 69.00 366.00 134.00
10 251.00 21.00 307.00 72.00
