6 305.00 523.00 352.00 696.00
6 322.00 452.00 351.00 507.00
6 341.00 396.00 369.00 448.00
6 408.00 121.00 418.00 137.00
4 461.00 239.00 471.00 251.00
10 458.00 661.00 470.00 683.00
2 460.00 664.00 468.00 675.00
2 459.00 661.00 467.00 674.00
2 263.00 465.00 271.00 477.00
10 265.00 469.00 271.00 485.00
6 70.00 322.00 227.00 383.00
5 604.00 323.00 634.00 340.00
6 1075.00 142.00 1105.00 166.00
4 715.00 226.00 734.00 243.00
4 755.00 223.00 766.00 239.00
4 764.00 220.00 782.00 239.00
4 780.00 222.00 794.00 238.00
4 817.00 217.00 834.00 230.00
4 855.00 213.00 871.00 225.00
4 904.00 206.00 919.00 218.00
4 897.00 207.00 911.00 220.00
4 881.00 212.00 896.00 221.00
4 931.00 206.00 943.00 214.00
4 941.00 201.00 956.00 214.00
4 962.00 199.00 979.00 209.00
1 1122.00 475.00 1128.00 492.00
4 729.00 479.00 759.00 513.00
4 755.00 478.00 780.00 500.00
4 640.00 211.00 661.00 220.00
4 642.00 215.00 667.00 225.00
4 780.00 243.00 802.00 256.00
6 1137.00 351.00 1253.00 416.00
