4 322.00 558.00 369.00 580.00
4 217.00 517.00 248.00 540.00
4 269.00 503.00 311.00 526.00
4 313.00 480.00 342.00 505.00
4 70.00 565.00 126.00 591.00
5 15.00 539.00 56.00 560.00
4 151.00 658.00 200.00 700.00
4 618.00 464.00 638.00 493.00
3 574.00 950.00 591.00 990.00
6 679.00 209.00 688.00 225.00
4 671.00 176.00 677.00 185.00
9 687.00 173.00 695.00 187.00
4 699.00 207.00 704.00 215.00
4 720.00 226.00 738.00 238.00
4 702.00 223.00 715.00 239.00
4 548.00 230.00 559.00 240.00
4 560.00 230.00 570.00 241.00
4 569.00 232.00 580.00 241.00
4 1105.00 338.00 1117.00 351.00
4 1081.00 314.00 1100.00 329.00
4 1070.00 306.00 1086.00 317.00
4 866.00 219.00 876.00 229.00
4 875.00 216.00 885.00 227.00
4 885.00 220.00 895.00 228.00
4 896.00 218.00 905.00 227.00
4 862.00 209.00 878.00 217.00
4 832.00 209.00 844.00 217.00
