1 30.00 1017.00 124.00 1050.00
1 40.00 954.00 142.00 1050.00
1 614.00 704.00 670.00 791.00
1 122.00 572.00 213.00 675.00
1 81.00 602.00 156.00 705.00
1 230.00 374.00 283.00 472.00
1 521.00 328.00 561.00 411.00
1 601.00 367.00 631.00 455.00
1 686.00 426.00 716.00 519.00
1 887.00 561.00 933.00 667.00
1 992.00 456.00 1034.00 565.00
1 1062.00 399.00 1115.00 500.00
1 1110.00 350.00 1154.00 439.00
1 868.00 397.00 902.00 494.00
1 953.00 348.00 986.00 438.00
1 1006.00 309.00 1041.00 397.00
1 785.00 344.00 832.00 431.00
1 865.00 305.00 902.00 394.00
1 921.00 269.00 953.00 357.00
1 710.00 297.00 743.00 384.00
1 644.00 268.00 674.00 346.00
1 697.00 230.00 728.00 309.00
1 826.00 236.00 852.00 312.00
1 1340.00 289.00 1396.00 368.00
1 414.00 89.00 442.00 164.00
1 445.00 105.00 460.00 149.00
4 3.00 132.00 197.00 230.00
4 127.00 57.00 246.00 146.00
4 3.00 102.00 113.00 160.00
4 4.00 56.00 85.00 115.00
4 52.00 1.00 155.00 82.00
1 184.00 0.00 213.00 48.00
1 206.00 1.00 232.00 44.00
1 343.00 27.00 374.00 88.00
1 403.00 48.00 425.00 100.00
10 803.00 910.00 951.00 1050.00
3 774.00 181.00 835.00 247.00
10 881.00 184.00 934.00 236.00
10 1022.00 230.00 1083.00 300.00
4 165.00 481.00 380.00 699.00
5 2.00 290.00 143.00 440.00
10 1077.00 240.00 1138.00 310.00
1 1374.00 332.00 1400.00 399.00
2 349.00 521.00 422.00 589.00
2 442.00 622.00 519.00 683.00
