4 1700.00 778.00 1797.00 889.00
4 1835.00 1240.00 2000.00 1376.00
4 1636.00 1362.00 1866.00 1500.00
4 1302.00 939.00 1475.00 1059.00
1 1460.00 1092.00 1480.00 1146.00
2 1474.00 1101.00 1488.00 1132.00
2 1604.00 998.00 1627.00 1057.00
10 1579.00 1003.00 1646.00 1054.00
4 1433.00 693.00 1572.00 800.00
4 1204.00 717.00 1338.00 812.00
4 936.00 912.00 1114.00 1026.00
3 1349.00 920.00 1391.00 956.00
5 1208.00 546.00 1305.00 625.00
1 1280.00 528.00 1297.00 565.00
4 1414.00 437.00 1511.00 489.00
4 1547.00 440.00 1639.00 492.00
1 1605.00 476.00 1627.00 512.00
4 1747.00 478.00 1830.00 543.00
4 389.00 859.00 571.00 956.00
4 333.00 770.00 513.00 854.00
4 254.00 642.00 374.00 711.00
4 80.00 698.00 218.00 773.00
4 114.00 782.00 286.00 884.00
4 113.00 1315.00 285.00 1500.00
4 4.00 1361.00 99.00 1498.00
4 646.00 632.00 791.00 712.00
4 550.00 564.00 680.00 621.00
4 525.00 532.00 655.00 579.00
4 232.00 411.00 297.00 467.00
4 172.00 423.00 232.00 478.00
4 33.00 442.00 100.00 507.00
4 602.00 301.00 655.00 346.00
4 544.00 306.00 600.00 346.00
4 471.00 378.00 568.00 415.00
4 461.00 354.00 549.00 390.00
4 1030.00 725.00 1147.00 818.00
4 871.00 626.00 952.00 709.00
4 805.00 590.00 883.00 654.00
4 760.00 551.00 824.00 615.00
4 691.00 503.00 763.00 576.00
5 655.00 479.00 718.00 539.00
1 693.00 404.00 708.00 439.00
4 875.00 507.00 950.00 575.00
4 818.00 473.00 893.00 536.00
2 821.00 507.00 839.00 542.00
10 816.00 521.00 849.00 548.00
3 311.00 396.00 353.00 421.00
10 809.00 394.00 832.00 421.00
2 813.00 381.00 827.00 413.00
4 818.00 220.00 873.00 250.00
4 946.00 212.00 1005.00 249.00
5 999.00 228.00 1055.00 268.00
4 902.00 183.00 963.00 213.00
4 846.00 174.00 898.00 209.00
4 786.00 153.00 834.00 180.00
6 1153.00 268.00 1254.00 338.00
4 1240.00 328.00 1317.00 369.00
5 1168.00 363.00 1238.00 411.00
6 1632.00 403.00 1747.00 480.00
4 1697.00 422.00 1788.00 478.00
6 1726.00 386.00 1848.00 470.00
4 1797.00 395.00 1863.00 456.00
4 1947.00 354.00 1997.00 393.00
5 1927.00 312.00 2000.00 355.00
2 1913.00 356.00 1923.00 386.00
10 1905.00 367.00 1926.00 387.00
4 1976.00 438.00 2000.00 471.00
1 1989.00 592.00 2000.00 628.00
10 1834.00 364.00 1859.00 383.00
10 1843.00 357.00 1871.00 386.00
10 1860.00 354.00 1894.00 380.00
4 1358.00 368.00 1379.00 393.00
4 1341.00 365.00 1362.00 391.00
4 1327.00 357.00 1347.00 382.00
3 1311.00 304.00 1327.00 325.00
4 1075.00 228.00 1094.00 248.00
4 444.00 238.00 492.00 273.00
4 407.00 218.00 456.00 248.00
4 379.00 198.00 424.00 230.00
4 350.00 180.00 391.00 207.00
4 369.00 145.00 402.00 177.00
4 328.00 81.00 356.00 107.00
4 443.00 336.00 496.00 362.00
4 288.00 187.00 323.00 220.00
4 493.00 151.00 534.00 182.00
2 687.00 234.00 694.00 256.00
3 685.00 242.00 701.00 260.00
2 451.00 173.00 459.00 193.00
10 448.00 180.00 465.00 195.00
4 423.00 107.00 463.00 143.00
2 351.00 112.00 360.00 127.00
10 349.00 116.00 362.00 130.00
4 295.00 105.00 322.00 128.00
4 329.00 162.00 362.00 190.00
4 304.00 144.00 337.00 174.00
4 614.00 128.00 652.00 151.00
4 467.00 54.00 503.00 82.00
1 281.00 76.00 291.00 96.00
4 266.00 114.00 289.00 137.00
4 245.00 96.00 268.00 119.00
4 231.00 80.00 258.00 103.00
4 201.00 34.00 223.00 55.00
4 248.00 20.00 272.00 43.00
4 303.00 38.00 329.00 60.00
4 621.00 87.00 658.00 108.00
1 699.00 139.00 706.00 156.00
10 695.00 144.00 708.00 160.00
1 668.00 96.00 679.00 120.00
1 608.00 81.00 616.00 100.00
1 599.00 79.00 606.00 100.00
1 707.00 89.00 713.00 108.00
1 700.00 114.00 709.00 135.00
3 692.00 121.00 711.00 135.00
6 801.00 124.00 853.00 150.00
4 671.00 66.00 693.00 88.00
5 624.00 57.00 665.00 82.00
5 519.00 46.00 545.00 72.00
4 542.00 49.00 573.00 72.00
4 506.00 45.00 541.00 64.00
4 499.00 41.00 530.00 56.00
1 481.00 40.00 488.00 57.00
1 492.00 45.00 498.00 60.00
6 1127.00 204.00 1269.00 273.00
