4 760.00 1253.00 860.00 1443.00
4 819.00 1032.00 894.00 1145.00
4 847.00 945.00 906.00 1028.00
4 890.00 818.00 937.00 878.00
4 213.00 1292.00 418.00 1387.00
4 1303.00 632.00 1366.00 654.00
4 1238.00 621.00 1282.00 644.00
4 864.00 881.00 919.00 950.00
4 1428.00 642.00 1485.00 663.00
4 1360.00 581.00 1389.00 601.00
4 1461.00 581.00 1503.00 597.00
4 1433.00 565.00 1481.00 581.00
4 1544.00 569.00 1592.00 587.00
6 1609.00 588.00 1696.00 621.00
4 1639.00 576.00 1682.00 599.00
2 1331.00 1254.00 1368.00 1310.00
1 685.00 1451.00 718.00 1500.00
4 856.00 637.00 914.00 658.00
4 842.00 629.00 900.00 651.00
4 761.00 606.00 814.00 629.00
6 697.00 644.00 764.00 674.00
4 664.00 641.00 725.00 664.00
4 465.00 674.00 526.00 700.00
4 374.00 674.00 434.00 699.00
5 242.00 606.00 315.00 634.00
4 297.00 621.00 356.00 643.00
4 158.00 614.00 220.00 637.00
1 279.00 692.00 290.00 715.00
1 345.00 684.00 358.00 710.00
2 724.00 686.00 735.00 705.00
10 721.00 695.00 741.00 710.00
4 452.00 611.00 513.00 632.00
4 487.00 606.00 538.00 624.00
1 462.00 1121.00 488.00 1169.00
1 453.00 945.00 472.00 992.00
1 505.00 895.00 524.00 939.00
1 343.00 852.00 354.00 885.00
1 184.00 802.00 197.00 827.00
1 163.00 813.00 176.00 842.00
1 663.00 777.00 676.00 809.00
1 661.00 777.00 668.00 801.00
2 516.00 1127.00 541.00 1169.00
2 185.00 832.00 205.00 852.00
1 1657.00 719.00 1670.00 748.00
1 1849.00 745.00 1864.00 773.00
1 1638.00 666.00 1654.00 688.00
4 1762.00 660.00 1840.00 689.00
2 993.00 594.00 1002.00 612.00
2 980.00 592.00 990.00 610.00
2 967.00 579.00 972.00 595.00
2 969.00 581.00 973.00 592.00
3 963.00 585.00 975.00 597.00
3 988.00 601.00 1005.00 613.00
10 983.00 597.00 989.00 610.00
4 973.00 567.00 993.00 586.00
1 952.00 551.00 958.00 564.00
4 979.00 540.00 994.00 555.00
4 983.00 512.00 996.00 524.00
4 985.00 499.00 997.00 510.00
4 1001.00 465.00 1013.00 473.00
4 991.00 464.00 1000.00 472.00
4 987.00 475.00 998.00 483.00
4 987.00 478.00 999.00 485.00
4 988.00 481.00 1001.00 489.00
4 987.00 485.00 998.00 494.00
4 1144.00 522.00 1160.00 536.00
4 1116.00 518.00 1140.00 530.00
