4 105.00 1359.00 232.00 1412.00
4 461.00 1247.00 571.00 1368.00
4 385.00 1251.00 471.00 1373.00
4 318.00 1259.00 408.00 1363.00
2 517.00 1477.00 541.00 1499.00
10 506.00 1483.00 551.00 1500.00
4 350.00 1155.00 474.00 1231.00
4 278.00 1095.00 322.00 1168.00
5 227.00 1096.00 271.00 1166.00
4 600.00 998.00 640.00 1075.00
4 657.00 994.00 702.00 1084.00
4 715.00 987.00 757.00 1062.00
4 604.00 924.00 642.00 986.00
4 659.00 923.00 692.00 989.00
5 705.00 917.00 741.00 982.00
4 708.00 819.00 745.00 878.00
2 846.00 983.00 862.00 1013.00
10 839.00 985.00 862.00 1024.00
4 935.00 872.00 982.00 953.00
4 997.00 687.00 1029.00 724.00
4 1073.00 574.00 1110.00 621.00
4 727.00 572.00 761.00 617.00
4 738.00 461.00 767.00 507.00
2 782.00 485.00 793.00 500.00
3 781.00 495.00 797.00 513.00
3 1068.00 474.00 1084.00 495.00
3 1010.00 437.00 1021.00 451.00
2 1010.00 425.00 1020.00 445.00
2 783.00 388.00 795.00 401.00
3 787.00 395.00 793.00 411.00
1 693.00 395.00 705.00 420.00
1 850.00 345.00 859.00 366.00
3 988.00 328.00 1007.00 347.00
6 862.00 294.00 892.00 337.00
5 726.00 410.00 773.00 453.00
4 723.00 391.00 763.00 424.00
4 766.00 340.00 790.00 372.00
4 713.00 351.00 740.00 389.00
5 697.00 323.00 748.00 351.00
10 663.00 372.00 673.00 389.00
5 657.00 401.00 689.00 446.00
4 706.00 298.00 743.00 325.00
2 752.00 344.00 762.00 356.00
10 750.00 355.00 765.00 366.00
2 797.00 320.00 805.00 332.00
3 793.00 329.00 808.00 343.00
5 702.00 272.00 732.00 303.00
4 697.00 249.00 726.00 276.00
4 688.00 210.00 710.00 235.00
4 676.00 178.00 698.00 204.00
4 794.00 126.00 813.00 146.00
4 835.00 107.00 856.00 128.00
9 820.00 65.00 843.00 99.00
1 817.00 95.00 824.00 107.00
9 806.00 29.00 828.00 58.00
4 801.00 2.00 820.00 18.00
4 659.00 31.00 671.00 45.00
4 660.00 67.00 679.00 84.00
4 532.00 79.00 548.00 94.00
4 498.00 95.00 512.00 113.00
4 518.00 76.00 530.00 90.00
7 694.00 90.00 703.00 102.00
1 1197.00 1197.00 1216.00 1228.00
2 1324.00 1216.00 1336.00 1240.00
3 1314.00 1225.00 1350.00 1245.00
4 1017.00 214.00 1060.00 234.00
4 1021.00 234.00 1059.00 252.00
4 1034.00 248.00 1076.00 279.00
4 1086.00 334.00 1135.00 357.00
4 1181.00 291.00 1227.00 315.00
4 1243.00 308.00 1296.00 332.00
4 1262.00 333.00 1312.00 358.00
10 1193.00 282.00 1213.00 296.00
4 1167.00 418.00 1194.00 455.00
4 1106.00 448.00 1165.00 470.00
4 1113.00 462.00 1175.00 490.00
4 1195.00 445.00 1230.00 477.00
4 1246.00 441.00 1301.00 470.00
4 1228.00 429.00 1284.00 453.00
5 1217.00 406.00 1281.00 439.00
5 1275.00 383.00 1305.00 421.00
4 1299.00 385.00 1332.00 415.00
4 1313.00 405.00 1357.00 442.00
4 1341.00 375.00 1375.00 415.00
4 1377.00 378.00 1405.00 406.00
4 1356.00 404.00 1414.00 433.00
4 1377.00 440.00 1421.00 468.00
4 1351.00 482.00 1387.00 517.00
4 1280.00 488.00 1342.00 515.00
4 1298.00 505.00 1359.00 532.00
1 1294.00 474.00 1306.00 498.00
5 1348.00 540.00 1406.00 581.00
4 1385.00 570.00 1449.00 603.00
4 1282.00 561.00 1328.00 604.00
4 1315.00 604.00 1366.00 650.00
5 1352.00 642.00 1405.00 709.00
4 1399.00 709.00 1452.00 764.00
4 1409.00 610.00 1451.00 651.00
4 1443.00 650.00 1497.00 705.00
4 1494.00 710.00 1556.00 763.00
1 1448.00 709.00 1459.00 727.00
1 1453.00 704.00 1466.00 724.00
4 1445.00 763.00 1507.00 800.00
4 1545.00 763.00 1612.00 826.00
4 1375.00 892.00 1466.00 936.00
4 1398.00 927.00 1496.00 976.00
4 1427.00 958.00 1526.00 1012.00
4 1466.00 893.00 1568.00 942.00
4 1536.00 837.00 1576.00 898.00
4 1568.00 906.00 1631.00 965.00
4 1578.00 961.00 1628.00 1037.00
4 1628.00 963.00 1700.00 1036.00
4 1668.00 949.00 1743.00 1021.00
4 1722.00 942.00 1804.00 1016.00
4 1768.00 932.00 1864.00 1004.00
4 1764.00 894.00 1870.00 940.00
4 1672.00 878.00 1765.00 932.00
4 1690.00 844.00 1782.00 887.00
4 1626.00 823.00 1675.00 876.00
3 1795.00 1110.00 1834.00 1140.00
10 1792.00 1156.00 1834.00 1175.00
2 1805.00 1145.00 1826.00 1164.00
4 1911.00 899.00 1998.00 968.00
4 1844.00 823.00 1924.00 867.00
4 1924.00 804.00 1976.00 857.00
4 1950.00 781.00 2000.00 821.00
