3 1.00 611.00 26.00 627.00
5 248.00 611.00 311.00 647.00
4 478.00 665.00 521.00 742.00
10 548.00 547.00 561.00 569.00
10 391.00 555.00 400.00 580.00
10 375.00 559.00 387.00 583.00
3 404.00 555.00 411.00 575.00
10 442.00 555.00 452.00 576.00
10 551.00 501.00 564.00 518.00
10 558.00 496.00 570.00 516.00
3 560.00 513.00 584.00 529.00
1 775.00 531.00 788.00 551.00
5 660.00 614.00 710.00 702.00
5 323.00 983.00 382.00 1047.00
5 1198.00 647.00 1273.00 721.00
5 949.00 569.00 1018.00 632.00
4 1091.00 552.00 1170.00 607.00
4 1299.00 565.00 1373.00 624.00
5 1231.00 435.00 1285.00 483.00
5 1247.00 408.00 1313.00 469.00
4 1295.00 429.00 1349.00 473.00
10 1321.00 418.00 1347.00 435.00
3 1291.00 417.00 1306.00 434.00
3 1281.00 405.00 1288.00 423.00
10 1214.00 398.00 1219.00 415.00
