4 1022.00 730.00 1089.00 781.00
5 1543.00 762.00 1630.00 813.00
4 1343.00 644.00 1389.00 673.00
4 1254.00 574.00 1284.00 609.00
4 464.00 576.00 526.00 606.00
4 240.00 577.00 312.00 608.00
4 471.00 510.00 523.00 537.00
4 773.00 438.00 814.00 458.00
4 865.00 420.00 893.00 435.00
2 243.00 559.00 251.00 572.00
2 386.00 523.00 392.00 535.00
2 624.00 460.00 635.00 472.00
2 913.00 389.00 918.00 397.00
10 234.00 566.00 262.00 579.00
10 378.00 532.00 401.00 544.00
10 621.00 469.00 643.00 480.00
10 910.00 395.00 921.00 401.00
4 1136.00 339.00 1152.00 354.00
4 1180.00 352.00 1195.00 364.00
4 1194.00 325.00 1210.00 335.00
4 1223.00 323.00 1236.00 335.00
2 1009.00 434.00 1015.00 441.00
2 1041.00 418.00 1047.00 426.00
2 1065.00 414.00 1073.00 424.00
10 1008.00 441.00 1016.00 445.00
10 1040.00 425.00 1047.00 431.00
10 1063.00 422.00 1073.00 426.00
4 1397.00 291.00 1408.00 299.00
4 1379.00 290.00 1390.00 298.00
4 1312.00 299.00 1322.00 307.00
4 1299.00 281.00 1315.00 287.00
2 1408.00 630.00 1418.00 647.00
3 1403.00 639.00 1421.00 655.00
