1 1134.00 401.00 1145.00 418.00
2 1232.00 391.00 1238.00 399.00
2 1240.00 425.00 1250.00 435.00
2 1143.00 352.00 1150.00 363.00
2 1147.00 352.00 1152.00 361.00
7 1167.00 350.00 1178.00 368.00
7 1140.00 349.00 1155.00 369.00
6 1105.00 546.00 1136.00 592.00
4 1065.00 464.00 1090.00 496.00
4 1026.00 579.00 1089.00 605.00
7 1072.00 546.00 1088.00 569.00
10 1055.00 556.00 1070.00 571.00
10 1055.00 554.00 1070.00 567.00
7 1033.00 605.00 1064.00 626.00
10 1066.00 625.00 1100.00 649.00
2 1024.00 633.00 1034.00 645.00
10 1038.00 625.00 1063.00 645.00
8 1036.00 589.00 1074.00 613.00
10 1010.00 743.00 1022.00 762.00
4 986.00 811.00 1071.00 854.00
2 1224.00 920.00 1239.00 941.00
2 1226.00 936.00 1239.00 953.00
7 1223.00 923.00 1242.00 959.00
6 1115.00 334.00 1139.00 365.00
7 966.00 251.00 988.00 268.00
1 1153.00 267.00 1158.00 282.00
2 1145.00 270.00 1152.00 280.00
7 1144.00 268.00 1161.00 290.00
1 1069.00 234.00 1075.00 246.00
2 1121.00 169.00 1125.00 177.00
10 1122.00 172.00 1127.00 179.00
1 1131.00 87.00 1134.00 95.00
4 1114.00 71.00 1124.00 84.00
10 1088.00 174.00 1094.00 181.00
