1 29.00 291.00 63.00 330.00
1 125.00 201.00 148.00 237.00
1 151.00 24.00 168.00 51.00
1 235.00 58.00 255.00 87.00
4 233.00 76.00 287.00 123.00
4 357.00 80.00 394.00 123.00
4 405.00 138.00 457.00 207.00
4 203.00 305.00 226.00 342.00
4 180.00 313.00 204.00 354.00
4 200.00 221.00 223.00 261.00
10 356.00 369.00 382.00 403.00
2 349.00 349.00 370.00 376.00
1 66.00 229.00 90.00 268.00
1 51.00 229.00 69.00 271.00
1 224.00 524.00 257.00 568.00
1 123.00 646.00 158.00 700.00
4 0.00 617.00 120.00 709.00
4 699.00 717.00 874.00 955.00
4 500.00 338.00 595.00 438.00
4 702.00 213.00 773.00 279.00
4 596.00 104.00 649.00 146.00
4 485.00 51.00 529.00 94.00
4 443.00 17.00 484.00 56.00
4 426.00 0.00 461.00 23.00
4 501.00 0.00 539.00 24.00
1 883.00 78.00 895.00 118.00
1 894.00 79.00 907.00 113.00
4 987.00 12.00 1052.00 46.00
4 911.00 152.00 978.00 202.00
4 1049.00 32.00 1118.00 69.00
4 1097.00 85.00 1172.00 124.00
6 1082.00 145.00 1177.00 190.00
1 1057.00 155.00 1077.00 203.00
1 1145.00 232.00 1162.00 281.00
1 1151.00 184.00 1168.00 216.00
1 1053.00 298.00 1081.00 335.00
1 1050.00 282.00 1068.00 314.00
4 1246.00 245.00 1354.00 299.00
9 1357.00 193.00 1400.00 258.00
4 431.00 743.00 533.00 903.00
10 1010.00 424.00 1044.00 461.00
2 1015.00 395.00 1039.00 448.00
