4 501.00 744.00 617.00 978.00
5 379.00 761.00 469.00 981.00
4 245.00 767.00 356.00 989.00
5 0.00 769.00 141.00 1025.00
5 1105.00 740.00 1222.00 925.00
4 1184.00 712.00 1315.00 919.00
4 1276.00 711.00 1400.00 911.00
1 637.00 6.00 652.00 54.00
1 649.00 0.00 664.00 44.00
1 796.00 73.00 815.00 116.00
1 808.00 96.00 822.00 139.00
1 546.00 652.00 571.00 672.00
1 349.00 630.00 389.00 662.00
1 529.00 618.00 559.00 646.00
10 173.00 815.00 220.00 894.00
1 943.00 740.00 979.00 772.00
2 964.00 373.00 979.00 401.00
1 951.00 472.00 985.00 514.00
1 912.00 472.00 940.00 510.00
1 884.00 411.00 902.00 447.00
1 902.00 416.00 925.00 451.00
