4 489.00 917.00 679.00 1095.00
4 648.00 864.00 846.00 997.00
4 412.00 779.00 600.00 897.00
4 419.00 667.00 591.00 767.00
4 676.00 779.00 869.00 861.00
4 893.00 828.00 1085.00 936.00
4 847.00 1132.00 1061.00 1390.00
4 1169.00 1173.00 1379.00 1453.00
4 55.00 999.00 323.00 1120.00
4 109.00 607.00 275.00 684.00
4 630.00 672.00 714.00 792.00
4 720.00 593.00 800.00 698.00
4 616.00 542.00 691.00 631.00
4 1666.00 669.00 1815.00 808.00
4 0.00 1153.00 221.00 1426.00
4 215.00 1318.00 513.00 1500.00
4 752.00 1245.00 921.00 1500.00
5 274.00 628.00 386.00 729.00
4 0.00 578.00 113.00 648.00
4 0.00 660.00 100.00 737.00
4 63.00 786.00 250.00 893.00
5 0.00 936.00 100.00 1038.00
5 220.00 853.00 433.00 975.00
5 1019.00 937.00 1233.00 1051.00
5 1293.00 1093.00 1521.00 1351.00
5 614.00 436.00 674.00 514.00
5 466.00 595.00 621.00 678.00
5 463.00 500.00 600.00 572.00
5 1046.00 697.00 1166.00 829.00
5 1268.00 783.00 1443.00 917.00
5 1660.00 209.00 1710.00 262.00
5 1697.00 216.00 1746.00 269.00
5 1705.00 281.00 1797.00 329.00
5 1754.00 265.00 1844.00 312.00
5 1850.00 294.00 1938.00 342.00
5 1918.00 320.00 2000.00 377.00
4 1882.00 601.00 2000.00 690.00
5 1648.00 152.00 1708.00 204.00
5 1828.00 90.00 1888.00 126.00
4 1469.00 47.00 1529.00 72.00
4 1289.00 29.00 1339.00 50.00
4 1420.00 35.00 1470.00 57.00
4 1544.00 40.00 1605.00 63.00
4 1627.00 42.00 1688.00 66.00
4 1709.00 47.00 1776.00 73.00
4 1860.00 53.00 1927.00 79.00
4 1621.00 72.00 1687.00 100.00
4 1511.00 84.00 1577.00 112.00
4 1458.00 88.00 1524.00 117.00
4 1612.00 102.00 1673.00 141.00
4 1703.00 98.00 1773.00 123.00
4 1821.00 107.00 1893.00 137.00
6 1734.00 133.00 1841.00 193.00
5 1657.00 135.00 1695.00 176.00
4 1542.00 128.00 1572.00 161.00
5 1461.00 102.00 1527.00 130.00
5 1468.00 109.00 1532.00 136.00
6 1458.00 118.00 1548.00 158.00
5 1462.00 141.00 1534.00 170.00
4 1458.00 160.00 1525.00 188.00
4 1641.00 184.00 1709.00 228.00
5 1214.00 425.00 1270.00 503.00
6 1273.00 412.00 1330.00 505.00
5 1334.00 419.00 1447.00 487.00
5 1466.00 443.00 1590.00 509.00
5 1462.00 208.00 1546.00 248.00
5 1415.00 249.00 1499.00 292.00
3 1412.00 325.00 1435.00 353.00
10 1369.00 366.00 1386.00 403.00
10 1314.00 362.00 1329.00 398.00
10 1299.00 358.00 1313.00 393.00
10 1281.00 355.00 1295.00 391.00
10 1258.00 354.00 1277.00 388.00
10 1234.00 352.00 1253.00 386.00
10 1219.00 352.00 1238.00 386.00
10 1192.00 351.00 1211.00 385.00
3 1160.00 356.00 1180.00 394.00
10 1123.00 357.00 1153.00 396.00
10 1080.00 330.00 1112.00 355.00
10 1118.00 325.00 1139.00 357.00
10 1144.00 325.00 1173.00 357.00
7 1184.00 289.00 1216.00 338.00
7 1216.00 316.00 1262.00 355.00
1 1177.00 325.00 1192.00 369.00
1 1282.00 337.00 1298.00 371.00
1 1298.00 361.00 1321.00 397.00
1 1280.00 355.00 1296.00 400.00
1 1587.00 152.00 1601.00 184.00
1 1604.00 179.00 1620.00 214.00
1 1632.00 204.00 1651.00 235.00
1 1757.00 230.00 1779.00 264.00
1 1704.00 319.00 1722.00 354.00
1 1689.00 307.00 1709.00 347.00
1 1693.00 519.00 1719.00 569.00
1 1793.00 548.00 1822.00 604.00
1 982.00 768.00 1012.00 824.00
1 1254.00 885.00 1283.00 948.00
1 1182.00 881.00 1207.00 934.00
1 1053.00 892.00 1072.00 953.00
1 1033.00 904.00 1054.00 962.00
1 1039.00 1194.00 1087.00 1257.00
1 1029.00 1169.00 1065.00 1227.00
10 1028.00 1193.00 1087.00 1291.00
10 1574.00 662.00 1624.00 700.00
1 1646.00 608.00 1676.00 649.00
1 1606.00 581.00 1647.00 631.00
1 1679.00 534.00 1696.00 568.00
1 1694.00 475.00 1723.00 527.00
1 1614.00 385.00 1639.00 432.00
1 1777.00 484.00 1809.00 541.00
1 1700.00 445.00 1727.00 484.00
3 1703.00 463.00 1729.00 496.00
1 1643.00 405.00 1662.00 452.00
1 1661.00 463.00 1683.00 509.00
10 1650.00 488.00 1680.00 525.00
2 1598.00 512.00 1623.00 545.00
10 1123.00 288.00 1143.00 324.00
10 1666.00 333.00 1688.00 366.00
10 1612.00 315.00 1633.00 348.00
1 1732.00 351.00 1757.00 396.00
1 1664.00 324.00 1689.00 360.00
1 1614.00 303.00 1632.00 342.00
1 1569.00 219.00 1582.00 253.00
1 1587.00 262.00 1601.00 290.00
1 1609.00 261.00 1620.00 291.00
1 1588.00 277.00 1600.00 305.00
1 1600.00 270.00 1611.00 301.00
5 82.00 89.00 144.00 126.00
9 0.00 73.00 66.00 128.00
1 374.00 1006.00 422.00 1073.00
7 243.00 743.00 357.00 815.00
7 117.00 724.00 208.00 790.00
1 300.00 752.00 339.00 800.00
1 157.00 731.00 196.00 779.00
2 134.00 743.00 164.00 771.00
2 129.00 724.00 156.00 753.00
2 117.00 735.00 144.00 763.00
1 438.00 634.00 466.00 680.00
1 480.00 645.00 503.00 684.00
1 525.00 640.00 549.00 691.00
1 583.00 659.00 613.00 712.00
1 602.00 712.00 630.00 762.00
