10 5.00 313.00 28.00 347.00
10 79.00 342.00 100.00 378.00
10 117.00 335.00 135.00 374.00
10 258.00 286.00 293.00 306.00
10 333.00 439.00 352.00 477.00
10 333.00 487.00 350.00 524.00
10 349.00 370.00 393.00 396.00
10 353.00 361.00 387.00 385.00
4 27.00 306.00 79.00 384.00
4 45.00 446.00 144.00 493.00
4 0.00 504.00 78.00 591.00
4 41.00 521.00 102.00 598.00
5 121.00 368.00 250.00 431.00
4 161.00 447.00 211.00 522.00
5 209.00 443.00 260.00 522.00
5 258.00 427.00 303.00 513.00
5 418.00 254.00 502.00 294.00
4 415.00 219.00 494.00 260.00
5 417.00 189.00 497.00 229.00
4 426.00 162.00 494.00 198.00
4 420.00 106.00 490.00 143.00
4 421.00 79.00 494.00 115.00
5 465.00 24.00 496.00 77.00
4 366.00 0.00 397.00 27.00
1 232.00 282.00 247.00 303.00
10 266.00 256.00 305.00 272.00
10 269.00 244.00 307.00 256.00
2 660.00 4.00 668.00 26.00
2 669.00 6.00 677.00 24.00
2 679.00 5.00 691.00 24.00
2 698.00 3.00 709.00 23.00
1 663.00 59.00 669.00 78.00
2 679.00 42.00 694.00 55.00
2 706.00 126.00 714.00 140.00
1 712.00 125.00 717.00 136.00
1 731.00 179.00 739.00 193.00
1 731.00 195.00 739.00 216.00
2 743.00 326.00 750.00 347.00
1 872.00 32.00 881.00 48.00
1 879.00 28.00 890.00 49.00
1 879.00 20.00 887.00 41.00
2 905.00 4.00 913.00 17.00
1 968.00 55.00 978.00 78.00
1 1031.00 37.00 1038.00 56.00
1 809.00 175.00 820.00 186.00
1 843.00 174.00 853.00 195.00
1 886.00 152.00 893.00 167.00
1 892.00 149.00 903.00 171.00
2 956.00 200.00 975.00 217.00
2 951.00 230.00 968.00 242.00
2 964.00 224.00 977.00 242.00
1 1026.00 278.00 1037.00 293.00
1 1060.00 353.00 1072.00 367.00
2 1098.00 418.00 1120.00 437.00
2 1108.00 425.00 1127.00 442.00
1 1098.00 467.00 1110.00 483.00
2 1038.00 456.00 1062.00 468.00
2 1056.00 473.00 1065.00 494.00
2 1056.00 490.00 1073.00 506.00
3 788.00 490.00 804.00 508.00
2 791.00 483.00 803.00 502.00
2 892.00 464.00 901.00 481.00
1 963.00 441.00 973.00 451.00
1 971.00 430.00 980.00 450.00
2 941.00 426.00 951.00 435.00
2 819.00 400.00 837.00 410.00
1 327.00 748.00 350.00 768.00
1 316.00 760.00 337.00 784.00
