4 885.00 378.00 928.00 411.00
4 1363.00 168.00 1400.00 197.00
5 1353.00 175.00 1393.00 203.00
4 1335.00 183.00 1379.00 210.00
1 1193.00 590.00 1207.00 609.00
1 1207.00 595.00 1212.00 608.00
1 1210.00 605.00 1222.00 622.00
4 1373.00 837.00 1400.00 879.00
4 1344.00 927.00 1400.00 1006.00
1 1190.00 777.00 1199.00 794.00
1 1173.00 782.00 1191.00 800.00
1 1273.00 952.00 1282.00 974.00
2 1005.00 922.00 1017.00 937.00
2 977.00 931.00 990.00 946.00
2 969.00 914.00 980.00 931.00
1 993.00 877.00 1007.00 897.00
1 748.00 945.00 763.00 955.00
2 1007.00 766.00 1016.00 777.00
2 998.00 769.00 1007.00 780.00
2 1020.00 769.00 1029.00 777.00
2 1028.00 776.00 1036.00 787.00
2 1022.00 793.00 1030.00 806.00
2 1014.00 797.00 1023.00 808.00
2 774.00 946.00 787.00 962.00
2 780.00 954.00 796.00 977.00
2 783.00 984.00 795.00 999.00
2 752.00 972.00 764.00 989.00
2 725.00 990.00 737.00 1003.00
2 737.00 994.00 747.00 1008.00
2 743.00 1005.00 757.00 1021.00
2 741.00 1029.00 755.00 1042.00
2 748.00 1017.00 761.00 1032.00
2 710.00 1014.00 725.00 1029.00
2 719.00 1025.00 732.00 1040.00
2 807.00 869.00 821.00 887.00
2 870.00 812.00 881.00 822.00
2 909.00 683.00 926.00 699.00
2 907.00 782.00 917.00 794.00
2 909.00 768.00 921.00 780.00
1 898.00 759.00 909.00 775.00
1 808.00 783.00 818.00 799.00
1 817.00 782.00 823.00 793.00
1 811.00 759.00 822.00 776.00
1 816.00 817.00 831.00 833.00
1 772.00 896.00 786.00 917.00
1 862.00 843.00 875.00 860.00
1 1056.00 568.00 1070.00 586.00
1 1064.00 581.00 1074.00 596.00
10 971.00 531.00 992.00 555.00
10 912.00 681.00 928.00 709.00
10 914.00 567.00 937.00 590.00
10 920.00 562.00 940.00 581.00
10 927.00 558.00 955.00 577.00
10 920.00 592.00 939.00 622.00
10 886.00 612.00 914.00 635.00
10 894.00 607.00 918.00 624.00
10 871.00 617.00 894.00 639.00
10 859.00 634.00 883.00 653.00
10 866.00 628.00 890.00 648.00
10 842.00 645.00 871.00 671.00
10 855.00 670.00 889.00 689.00
10 826.00 675.00 858.00 694.00
10 805.00 658.00 830.00 679.00
10 833.00 655.00 858.00 676.00
10 826.00 662.00 852.00 682.00
10 783.00 691.00 806.00 714.00
10 780.00 702.00 796.00 729.00
10 732.00 740.00 754.00 766.00
10 720.00 750.00 742.00 777.00
10 692.00 773.00 716.00 801.00
10 702.00 764.00 723.00 786.00
10 713.00 757.00 735.00 785.00
10 694.00 741.00 711.00 759.00
10 749.00 730.00 768.00 756.00
10 756.00 726.00 778.00 749.00
10 754.00 711.00 773.00 734.00
10 761.00 704.00 782.00 725.00
10 758.00 689.00 777.00 703.00
10 765.00 679.00 786.00 695.00
10 741.00 697.00 753.00 721.00
2 507.00 935.00 517.00 956.00
1 651.00 959.00 663.00 982.00
2 488.00 1022.00 507.00 1035.00
10 674.00 762.00 687.00 776.00
8 658.00 768.00 685.00 807.00
1 652.00 776.00 658.00 795.00
10 685.00 793.00 703.00 823.00
10 628.00 828.00 655.00 849.00
10 609.00 835.00 636.00 855.00
1 657.00 808.00 673.00 831.00
8 578.00 825.00 610.00 858.00
8 506.00 887.00 543.00 923.00
10 575.00 849.00 598.00 873.00
10 560.00 852.00 578.00 872.00
10 529.00 878.00 545.00 902.00
10 496.00 932.00 531.00 957.00
10 382.00 997.00 400.00 1023.00
10 392.00 987.00 413.00 1012.00
10 406.00 975.00 425.00 998.00
10 424.00 962.00 442.00 982.00
10 432.00 956.00 452.00 976.00
10 444.00 945.00 464.00 965.00
10 460.00 932.00 479.00 953.00
10 466.00 925.00 487.00 945.00
1 350.00 731.00 367.00 753.00
1 245.00 756.00 273.00 785.00
1 286.00 671.00 298.00 694.00
1 303.00 668.00 321.00 680.00
1 314.00 678.00 328.00 698.00
1 338.00 678.00 355.00 702.00
1 363.00 725.00 374.00 740.00
1 271.00 638.00 289.00 662.00
2 315.00 623.00 328.00 633.00
2 326.00 630.00 333.00 643.00
2 454.00 645.00 463.00 658.00
2 464.00 638.00 475.00 654.00
2 520.00 609.00 532.00 620.00
2 341.00 614.00 358.00 626.00
2 364.00 599.00 378.00 613.00
2 396.00 583.00 408.00 598.00
2 414.00 565.00 425.00 577.00
2 418.00 572.00 430.00 588.00
2 468.00 540.00 479.00 553.00
2 476.00 545.00 486.00 555.00
2 627.00 443.00 635.00 456.00
2 635.00 447.00 642.00 461.00
2 611.00 455.00 617.00 467.00
2 616.00 460.00 626.00 471.00
2 673.00 513.00 683.00 525.00
2 649.00 526.00 663.00 539.00
2 610.00 539.00 622.00 555.00
2 625.00 530.00 634.00 543.00
1 650.00 399.00 659.00 422.00
1 644.00 391.00 652.00 413.00
1 1227.00 1007.00 1246.00 1025.00
