4 728.00 784.00 838.00 860.00
4 599.00 737.00 702.00 812.00
4 1112.00 931.00 1269.00 1036.00
4 1103.00 856.00 1234.00 946.00
4 899.00 854.00 1022.00 947.00
4 934.00 801.00 1058.00 887.00
4 907.00 732.00 1017.00 803.00
4 796.00 750.00 899.00 820.00
4 673.00 707.00 764.00 776.00
4 569.00 674.00 667.00 737.00
4 476.00 682.00 575.00 751.00
4 465.00 621.00 545.00 683.00
4 386.00 622.00 476.00 690.00
4 381.00 564.00 464.00 628.00
4 304.00 587.00 381.00 642.00
4 223.00 554.00 297.00 606.00
5 171.00 521.00 229.00 567.00
4 222.00 513.00 288.00 554.00
4 116.00 507.00 179.00 550.00
4 115.00 478.00 185.00 519.00
6 548.00 604.00 873.00 751.00
1 182.00 436.00 195.00 458.00
1 194.00 431.00 207.00 456.00
1 254.00 440.00 268.00 463.00
1 278.00 437.00 298.00 458.00
1 1341.00 774.00 1366.00 809.00
4 1327.00 210.00 1346.00 226.00
4 1340.00 222.00 1360.00 238.00
4 1351.00 232.00 1372.00 248.00
4 1368.00 245.00 1390.00 262.00
4 1219.00 138.00 1232.00 150.00
4 1210.00 130.00 1223.00 140.00
4 1234.00 137.00 1245.00 152.00
