5 820.00 679.00 878.00 787.00
5 1248.00 718.00 1312.00 787.00
5 1296.00 606.00 1364.00 688.00
5 1107.00 380.00 1170.00 435.00
5 1098.00 352.00 1159.00 403.00
5 1064.00 268.00 1120.00 312.00
5 1054.00 243.00 1107.00 286.00
5 1078.00 198.00 1130.00 240.00
5 1118.00 101.00 1159.00 138.00
4 1079.00 134.00 1136.00 173.00
9 1243.00 135.00 1381.00 195.00
4 1152.00 486.00 1219.00 545.00
4 617.00 446.00 659.00 522.00
4 521.00 676.00 572.00 772.00
4 559.00 293.00 601.00 356.00
4 568.00 147.00 600.00 193.00
5 501.00 199.00 537.00 262.00
9 622.00 107.00 662.00 187.00
5 617.00 256.00 657.00 319.00
4 742.00 3.00 770.00 45.00
6 570.00 0.00 620.00 57.00
9 1068.00 6.00 1140.00 92.00
4 1260.00 86.00 1298.00 118.00
4 1268.00 26.00 1316.00 50.00
1 1032.00 188.00 1046.00 210.00
10 1021.00 279.00 1038.00 309.00
1 979.00 175.00 990.00 199.00
1 923.00 196.00 936.00 220.00
6 852.00 391.00 941.00 567.00
1 967.00 104.00 980.00 127.00
1 956.00 204.00 968.00 222.00
1 949.00 217.00 962.00 234.00
4 1024.00 207.00 1073.00 230.00
