4 1478.00 1337.00 1698.00 1497.00
4 858.00 1462.00 1181.00 1498.00
4 845.00 1282.00 1150.00 1425.00
4 744.00 1168.00 1023.00 1275.00
4 1006.00 999.00 1136.00 1171.00
4 700.00 982.00 897.00 1084.00
4 1460.00 948.00 1642.00 1126.00
1 972.00 928.00 1008.00 994.00
1 900.00 903.00 928.00 980.00
1 856.00 940.00 889.00 993.00
5 1361.00 729.00 1447.00 838.00
5 1279.00 729.00 1366.00 856.00
4 882.00 767.00 950.00 874.00
4 992.00 759.00 1068.00 855.00
4 1257.00 667.00 1366.00 733.00
4 1124.00 639.00 1202.00 752.00
5 1051.00 658.00 1116.00 767.00
5 1208.00 603.00 1307.00 689.00
5 1245.00 542.00 1362.00 606.00
5 888.00 642.00 1022.00 692.00
5 789.00 620.00 936.00 670.00
5 781.00 597.00 926.00 640.00
5 792.00 563.00 926.00 608.00
5 800.00 519.00 946.00 578.00
6 951.00 527.00 1021.00 611.00
5 1135.00 421.00 1190.00 468.00
5 1084.00 381.00 1152.00 419.00
4 907.00 475.00 983.00 526.00
4 799.00 457.00 889.00 497.00
4 889.00 442.00 972.00 480.00
4 1098.00 344.00 1179.00 384.00
4 920.00 344.00 955.00 404.00
4 1461.00 425.00 1513.00 468.00
4 1366.00 378.00 1403.00 420.00
4 1675.00 486.00 1731.00 534.00
4 1745.00 474.00 1794.00 540.00
4 1700.00 536.00 1796.00 590.00
4 1727.00 600.00 1789.00 640.00
4 1804.00 475.00 1869.00 531.00
4 1882.00 484.00 1914.00 523.00
6 1272.00 294.00 1377.00 352.00
6 1051.00 309.00 1162.00 364.00
4 978.00 292.00 1007.00 317.00
4 1028.00 287.00 1095.00 314.00
4 1010.00 273.00 1075.00 296.00
4 988.00 241.00 1058.00 275.00
4 983.00 215.00 1010.00 238.00
4 939.00 193.00 962.00 220.00
4 894.00 217.00 911.00 245.00
4 902.00 200.00 921.00 225.00
4 897.00 185.00 912.00 202.00
4 966.00 193.00 990.00 206.00
4 989.00 189.00 1023.00 204.00
4 981.00 182.00 1015.00 192.00
1 920.00 196.00 935.00 220.00
1 974.00 205.00 985.00 225.00
1 929.00 147.00 942.00 161.00
1 1190.00 406.00 1202.00 448.00
