4 416.00 864.00 477.00 908.00
4 447.00 829.00 503.00 869.00
4 364.00 697.00 421.00 732.00
4 485.00 625.00 531.00 649.00
6 478.00 607.00 541.00 634.00
6 534.00 563.00 562.00 609.00
4 564.00 578.00 594.00 613.00
4 704.00 769.00 732.00 814.00
4 738.00 656.00 761.00 701.00
4 441.00 557.00 476.00 591.00
5 511.00 501.00 556.00 526.00
5 1218.00 704.00 1289.00 747.00
4 1060.00 679.00 1116.00 707.00
4 1053.00 650.00 1107.00 676.00
4 1184.00 590.00 1230.00 616.00
10 1229.00 632.00 1254.00 650.00
10 1234.00 670.00 1254.00 685.00
10 1233.00 663.00 1257.00 679.00
10 986.00 819.00 996.00 844.00
4 779.00 511.00 798.00 550.00
4 592.00 356.00 624.00 371.00
4 600.00 347.00 627.00 361.00
4 647.00 235.00 658.00 249.00
4 690.00 177.00 702.00 189.00
4 707.00 160.00 717.00 171.00
4 811.00 338.00 826.00 357.00
4 801.00 288.00 815.00 304.00
4 826.00 287.00 839.00 303.00
4 833.00 257.00 845.00 272.00
4 935.00 283.00 949.00 295.00
4 935.00 300.00 947.00 313.00
6 1008.00 391.00 1053.00 426.00
4 997.00 350.00 1012.00 369.00
4 998.00 335.00 1010.00 352.00
4 1006.00 321.00 1020.00 338.00
4 1041.00 350.00 1057.00 369.00
4 1062.00 334.00 1086.00 349.00
4 1061.00 329.00 1090.00 341.00
4 1057.00 321.00 1083.00 335.00
4 1052.00 314.00 1076.00 329.00
4 1048.00 310.00 1073.00 321.00
4 1006.00 235.00 1017.00 252.00
4 941.00 250.00 954.00 268.00
4 916.00 271.00 927.00 288.00
4 917.00 243.00 926.00 254.00
4 944.00 224.00 968.00 236.00
4 1049.00 205.00 1057.00 215.00
4 1061.00 204.00 1072.00 216.00
4 1072.00 206.00 1085.00 217.00
6 778.00 189.00 800.00 224.00
6 810.00 145.00 821.00 162.00
4 1036.00 174.00 1047.00 186.00
4 1047.00 172.00 1058.00 185.00
6 789.00 129.00 810.00 144.00
9 869.00 71.00 878.00 88.00
6 924.00 82.00 934.00 95.00
6 932.00 105.00 943.00 124.00
4 929.00 130.00 937.00 137.00
4 964.00 154.00 979.00 163.00
4 917.00 177.00 925.00 187.00
4 919.00 100.00 925.00 106.00
4 927.00 96.00 933.00 104.00
4 732.00 106.00 739.00 112.00
4 749.00 107.00 756.00 114.00
4 760.00 110.00 768.00 118.00
4 789.00 109.00 795.00 115.00
4 796.00 108.00 805.00 116.00
4 805.00 107.00 812.00 116.00
4 828.00 91.00 837.00 98.00
4 943.00 75.00 956.00 82.00
4 948.00 68.00 957.00 76.00
4 852.00 64.00 859.00 71.00
4 845.00 49.00 850.00 55.00
4 520.00 453.00 552.00 470.00
