4 391.00 909.00 594.00 1050.00
4 155.00 865.00 403.00 1050.00
4 81.00 768.00 324.00 968.00
4 618.00 675.00 787.00 837.00
4 523.00 625.00 681.00 749.00
4 392.00 603.00 553.00 725.00
1 454.00 469.00 482.00 509.00
1 494.00 441.00 514.00 492.00
2 456.00 469.00 473.00 497.00
2 502.00 439.00 514.00 469.00
4 231.00 376.00 355.00 451.00
4 142.00 380.00 264.00 455.00
4 294.00 315.00 406.00 378.00
4 430.00 271.00 520.00 326.00
5 534.00 220.00 611.00 281.00
5 611.00 196.00 674.00 243.00
4 680.00 169.00 739.00 212.00
1 139.00 304.00 164.00 347.00
1 27.00 209.00 50.00 243.00
1 58.00 186.00 77.00 221.00
1 243.00 44.00 252.00 61.00
4 11.00 97.00 85.00 124.00
4 62.00 83.00 125.00 105.00
4 22.00 34.00 86.00 56.00
4 14.00 29.00 64.00 51.00
4 0.00 27.00 46.00 50.00
4 48.00 19.00 106.00 41.00
4 0.00 9.00 42.00 24.00
4 0.00 23.00 34.00 49.00
9 206.00 7.00 282.00 44.00
4 124.00 0.00 160.00 19.00
4 104.00 0.00 134.00 15.00
10 278.00 36.00 293.00 60.00
1 898.00 508.00 917.00 559.00
1 928.00 485.00 949.00 531.00
9 822.00 198.00 943.00 310.00
1 817.00 132.00 828.00 159.00
1 770.00 116.00 778.00 146.00
1 751.00 106.00 758.00 134.00
10 788.00 110.00 810.00 136.00
1 794.00 111.00 802.00 129.00
4 1283.00 245.00 1360.00 315.00
5 746.00 30.00 798.00 54.00
4 748.00 47.00 792.00 68.00
9 605.00 29.00 733.00 85.00
4 492.00 34.00 526.00 51.00
4 516.00 23.00 542.00 39.00
4 404.00 22.00 434.00 40.00
1 1219.00 38.00 1231.00 58.00
1 1302.00 27.00 1311.00 46.00
