4 732.00 495.00 783.00 605.00
2 341.00 251.00 356.00 269.00
2 355.00 237.00 373.00 257.00
2 286.00 449.00 303.00 481.00
10 95.00 766.00 173.00 787.00
10 108.00 735.00 183.00 767.00
10 127.00 718.00 192.00 745.00
10 145.00 656.00 222.00 683.00
10 145.00 678.00 202.00 701.00
10 183.00 609.00 229.00 632.00
10 239.00 584.00 290.00 615.00
10 305.00 587.00 363.00 614.00
1 502.00 433.00 515.00 465.00
1 518.00 426.00 530.00 455.00
1 527.00 365.00 543.00 392.00
1 540.00 365.00 555.00 395.00
1 625.00 139.00 638.00 164.00
1 1358.00 532.00 1375.00 559.00
1 915.00 559.00 932.00 588.00
1 927.00 551.00 944.00 584.00
1 837.00 35.00 845.00 60.00
1 840.00 40.00 852.00 66.00
1 869.00 93.00 879.00 119.00
