4 839.00 23.00 904.00 93.00
4 863.00 88.00 930.00 161.00
4 1080.00 89.00 1147.00 166.00
4 1151.00 142.00 1253.00 229.00
4 679.00 142.00 755.00 238.00
4 683.00 226.00 767.00 350.00
4 681.00 360.00 777.00 517.00
4 684.00 528.00 799.00 741.00
4 1008.00 643.00 1199.00 897.00
4 711.00 831.00 857.00 1150.00
4 1096.00 905.00 1323.00 1234.00
4 1366.00 1062.00 1704.00 1500.00
4 1227.00 1312.00 1468.00 1500.00
4 1817.00 842.00 2000.00 1016.00
4 1376.00 505.00 1532.00 654.00
4 1309.00 375.00 1456.00 511.00
1 1137.00 476.00 1178.00 573.00
5 1214.00 214.00 1293.00 324.00
5 1005.00 218.00 1089.00 325.00
5 1060.00 11.00 1139.00 81.00
5 888.00 158.00 968.00 290.00
5 690.00 0.00 748.00 78.00
10 1797.00 145.00 1846.00 196.00
10 1817.00 134.00 1860.00 188.00
4 1088.00 0.00 1205.00 18.00
