4 193.00 350.00 266.00 418.00
4 178.00 226.00 245.00 292.00
4 114.00 224.00 188.00 297.00
4 57.00 229.00 123.00 294.00
4 2.00 224.00 74.00 296.00
4 0.00 342.00 39.00 403.00
4 522.00 874.00 589.00 930.00
4 695.00 812.00 726.00 888.00
4 614.00 640.00 647.00 712.00
4 697.00 268.00 729.00 340.00
4 705.00 0.00 738.00 71.00
4 576.00 0.00 621.00 53.00
5 699.00 721.00 731.00 793.00
5 700.00 631.00 728.00 697.00
5 653.00 478.00 690.00 539.00
7 543.00 803.00 569.00 864.00
7 645.00 549.00 670.00 596.00
7 693.00 457.00 722.00 510.00
7 698.00 384.00 729.00 437.00
6 418.00 981.00 500.00 1030.00
6 698.00 915.00 731.00 1000.00
6 693.00 101.00 743.00 253.00
7 359.00 990.00 400.00 1019.00
10 558.00 133.00 586.00 160.00
10 627.00 160.00 639.00 188.00
10 601.00 567.00 614.00 600.00
10 560.00 597.00 573.00 630.00
10 548.00 752.00 574.00 765.00
10 551.00 725.00 575.00 751.00
10 550.00 697.00 578.00 720.00
10 606.00 851.00 618.00 881.00
10 507.00 931.00 538.00 953.00
10 576.00 932.00 595.00 959.00
10 590.00 889.00 604.00 917.00
10 549.00 668.00 574.00 687.00
10 613.00 350.00 626.00 382.00
1 422.00 458.00 438.00 469.00
1 393.00 456.00 411.00 471.00
1 445.00 404.00 455.00 418.00
1 555.00 558.00 568.00 576.00
1 517.00 753.00 527.00 764.00
1 532.00 717.00 543.00 731.00
3 579.00 307.00 588.00 335.00
3 602.00 725.00 615.00 757.00
3 611.00 900.00 625.00 933.00
3 513.00 961.00 537.00 982.00
1 476.00 863.00 488.00 877.00
1 524.00 582.00 533.00 593.00
1 509.00 576.00 523.00 586.00
1 681.00 452.00 692.00 463.00
4 372.00 920.00 426.00 952.00
3 583.00 517.00 593.00 544.00
10 667.00 0.00 677.00 19.00
4 1082.00 966.00 1158.00 1006.00
2 580.00 941.00 592.00 959.00
2 512.00 936.00 524.00 952.00
2 613.00 915.00 622.00 931.00
2 603.00 737.00 614.00 755.00
2 607.00 860.00 617.00 876.00
2 601.00 579.00 612.00 593.00
2 613.00 354.00 625.00 374.00
2 561.00 137.00 575.00 155.00
2 629.00 162.00 639.00 182.00
