4 60.00 610.00 120.00 683.00
4 148.00 332.00 193.00 381.00
6 163.00 270.00 198.00 324.00
4 120.00 283.00 166.00 331.00
4 183.00 191.00 222.00 239.00
4 26.00 101.00 54.00 135.00
4 140.00 27.00 200.00 55.00
4 0.00 57.00 49.00 96.00
4 0.00 190.00 15.00 234.00
4 0.00 153.00 32.00 198.00
4 125.00 393.00 171.00 456.00
4 98.00 450.00 149.00 524.00
4 86.00 532.00 130.00 586.00
10 394.00 862.00 417.00 902.00
10 352.00 882.00 379.00 924.00
10 373.00 879.00 401.00 939.00
10 432.00 864.00 448.00 903.00
10 468.00 859.00 485.00 905.00
10 489.00 860.00 502.00 902.00
3 507.00 867.00 517.00 905.00
10 516.00 868.00 526.00 900.00
10 525.00 866.00 536.00 899.00
10 535.00 865.00 556.00 907.00
10 554.00 870.00 568.00 901.00
10 548.00 903.00 562.00 936.00
10 581.00 869.00 595.00 904.00
1 567.00 896.00 579.00 934.00
10 574.00 904.00 587.00 934.00
10 610.00 864.00 621.00 901.00
10 629.00 860.00 643.00 898.00
10 645.00 873.00 661.00 900.00
10 659.00 872.00 675.00 910.00
10 690.00 878.00 700.00 913.00
10 698.00 875.00 711.00 914.00
10 715.00 871.00 724.00 902.00
10 731.00 869.00 740.00 906.00
5 625.00 946.00 686.00 1020.00
10 851.00 885.00 864.00 922.00
10 822.00 897.00 839.00 924.00
10 744.00 876.00 755.00 909.00
4 1693.00 581.00 1781.00 662.00
4 1811.00 460.00 1857.00 523.00
4 1451.00 594.00 1519.00 679.00
4 1336.00 605.00 1404.00 690.00
4 1109.00 633.00 1215.00 677.00
4 1025.00 578.00 1077.00 665.00
4 975.00 580.00 1023.00 661.00
4 666.00 550.00 707.00 630.00
1 783.00 934.00 797.00 964.00
