4 316.00 871.00 522.00 1050.00
4 437.00 678.00 560.00 816.00
4 531.00 477.00 607.00 551.00
4 800.00 604.00 1030.00 704.00
4 765.00 539.00 941.00 611.00
4 771.00 467.00 911.00 512.00
4 746.00 412.00 860.00 468.00
4 740.00 388.00 786.00 446.00
4 971.00 528.00 1092.00 642.00
4 916.00 432.00 1001.00 521.00
4 550.00 415.00 613.00 484.00
4 575.00 368.00 634.00 436.00
4 591.00 354.00 632.00 382.00
4 593.00 322.00 632.00 360.00
4 677.00 285.00 710.00 317.00
4 743.00 360.00 853.00 405.00
4 730.00 358.00 818.00 384.00
4 725.00 335.00 810.00 370.00
4 733.00 324.00 820.00 354.00
4 730.00 311.00 814.00 349.00
4 736.00 302.00 815.00 336.00
4 825.00 305.00 868.00 352.00
4 185.00 442.00 261.00 529.00
4 94.00 424.00 193.00 487.00
4 0.00 340.00 92.00 406.00
4 92.00 324.00 162.00 370.00
4 151.00 296.00 215.00 340.00
4 258.00 335.00 322.00 379.00
4 254.00 305.00 316.00 341.00
4 636.00 221.00 653.00 237.00
4 621.00 266.00 644.00 285.00
4 625.00 257.00 647.00 274.00
4 628.00 247.00 649.00 264.00
4 425.00 235.00 445.00 254.00
1 695.00 634.00 718.00 713.00
1 721.00 633.00 744.00 713.00
1 700.00 381.00 716.00 430.00
1 671.00 358.00 681.00 396.00
1 658.00 356.00 671.00 394.00
1 662.00 260.00 671.00 284.00
1 652.00 261.00 661.00 280.00
1 661.00 237.00 668.00 251.00
1 674.00 245.00 682.00 262.00
1 681.00 245.00 688.00 260.00
1 695.00 242.00 703.00 260.00
1 1068.00 477.00 1092.00 544.00
10 1151.00 486.00 1188.00 531.00
1 1206.00 669.00 1252.00 748.00
10 1033.00 396.00 1061.00 430.00
1 927.00 339.00 939.00 373.00
1 940.00 340.00 953.00 376.00
3 912.00 400.00 947.00 428.00
4 711.00 285.00 781.00 312.00
4 779.00 261.00 804.00 287.00
4 707.00 271.00 767.00 291.00
4 715.00 277.00 771.00 293.00
4 824.00 251.00 871.00 271.00
4 805.00 244.00 847.00 264.00
4 794.00 240.00 828.00 256.00
4 715.00 261.00 764.00 281.00
9 174.00 251.00 275.00 306.00
9 141.00 234.00 312.00 290.00
5 737.00 888.00 886.00 1050.00
5 757.00 431.00 870.00 488.00
9 409.00 237.00 471.00 331.00
5 764.00 491.00 921.00 556.00
4 133.00 531.00 214.00 608.00
1 1335.00 611.00 1372.00 680.00
1 1374.00 647.00 1398.00 686.00
10 1057.00 412.00 1072.00 438.00
