5 481.00 85.00 488.00 91.00
4 451.00 104.00 456.00 111.00
4 442.00 141.00 448.00 148.00
5 451.00 159.00 456.00 167.00
5 468.00 133.00 474.00 141.00
5 409.00 153.00 416.00 162.00
4 422.00 136.00 428.00 144.00
9 400.00 194.00 412.00 212.00
9 475.00 107.00 484.00 122.00
6 434.00 205.00 446.00 222.00
6 364.00 276.00 374.00 293.00
4 322.00 361.00 338.00 376.00
6 232.00 393.00 300.00 455.00
1 302.00 337.00 306.00 346.00
1 295.00 342.00 299.00 350.00
4 353.00 309.00 363.00 323.00
4 399.00 289.00 409.00 300.00
4 424.00 245.00 432.00 253.00
4 374.00 262.00 382.00 273.00
4 440.00 191.00 446.00 198.00
4 376.00 716.00 394.00 745.00
4 384.00 682.00 402.00 711.00
4 358.00 798.00 378.00 834.00
4 466.00 595.00 494.00 609.00
4 444.00 566.00 456.00 586.00
4 458.00 566.00 471.00 583.00
4 476.00 562.00 489.00 579.00
5 633.00 598.00 645.00 620.00
1 304.00 659.00 313.00 670.00
1 361.00 629.00 365.00 637.00
1 355.00 628.00 359.00 635.00
1 375.00 617.00 379.00 626.00
1 372.00 612.00 375.00 621.00
1 393.00 588.00 396.00 598.00
1 118.00 554.00 126.00 564.00
5 61.00 514.00 84.00 527.00
4 981.00 421.00 996.00 438.00
4 1014.00 514.00 1036.00 526.00
4 979.00 500.00 1004.00 516.00
4 980.00 492.00 1004.00 506.00
4 979.00 484.00 1003.00 498.00
4 977.00 477.00 997.00 488.00
4 971.00 466.00 995.00 481.00
4 972.00 456.00 992.00 469.00
4 1016.00 524.00 1036.00 534.00
4 1031.00 502.00 1046.00 517.00
4 1028.00 491.00 1039.00 501.00
6 670.00 427.00 708.00 442.00
