5 22.00 15.00 45.00 26.00
5 48.00 15.00 73.00 27.00
5 105.00 18.00 129.00 29.00
4 83.00 18.00 101.00 28.00
5 136.00 18.00 160.00 30.00
5 169.00 15.00 185.00 29.00
5 190.00 16.00 206.00 29.00
4 210.00 4.00 231.00 13.00
4 203.00 18.00 215.00 31.00
4 213.00 18.00 225.00 31.00
4 253.00 18.00 266.00 33.00
4 286.00 21.00 298.00 34.00
4 306.00 22.00 317.00 34.00
5 225.00 16.00 239.00 31.00
5 264.00 18.00 278.00 32.00
5 319.00 22.00 333.00 35.00
5 337.00 21.00 352.00 36.00
9 193.00 63.00 254.00 87.00
4 270.00 71.00 293.00 82.00
4 281.00 81.00 303.00 90.00
5 435.00 24.00 449.00 37.00
5 464.00 24.00 475.00 39.00
5 476.00 26.00 487.00 39.00
5 488.00 25.00 500.00 40.00
4 339.00 78.00 359.00 88.00
4 387.00 89.00 409.00 98.00
4 549.00 109.00 570.00 123.00
5 481.00 95.00 503.00 107.00
9 580.00 122.00 599.00 152.00
6 503.00 146.00 535.00 164.00
9 90.00 203.00 159.00 233.00
1 174.00 217.00 181.00 224.00
1 141.00 256.00 147.00 264.00
1 232.00 266.00 237.00 272.00
1 240.00 268.00 244.00 273.00
1 264.00 271.00 269.00 279.00
1 269.00 274.00 273.00 281.00
1 213.00 263.00 217.00 271.00
1 218.00 263.00 221.00 269.00
5 152.00 343.00 176.00 358.00
5 26.00 355.00 53.00 372.00
5 40.00 447.00 65.00 464.00
6 0.00 367.00 37.00 400.00
9 10.00 474.00 81.00 529.00
9 233.00 604.00 318.00 641.00
4 175.00 518.00 203.00 535.00
4 318.00 459.00 342.00 474.00
5 325.00 314.00 354.00 329.00
6 306.00 289.00 350.00 311.00
1 386.00 236.00 391.00 245.00
1 392.00 237.00 395.00 247.00
4 497.00 684.00 515.00 720.00
9 537.00 732.00 561.00 787.00
5 551.00 665.00 568.00 706.00
5 560.00 603.00 576.00 641.00
5 566.00 557.00 583.00 593.00
4 432.00 557.00 463.00 571.00
4 447.00 461.00 469.00 473.00
5 490.00 380.00 512.00 392.00
4 522.00 383.00 547.00 396.00
4 575.00 503.00 591.00 533.00
5 582.00 458.00 597.00 487.00
4 567.00 295.00 580.00 317.00
4 604.00 299.00 616.00 321.00
4 587.00 181.00 599.00 199.00
4 598.00 230.00 610.00 251.00
4 625.00 148.00 636.00 167.00
4 607.00 26.00 617.00 41.00
9 679.00 0.00 693.00 19.00
9 697.00 14.00 730.00 28.00
9 695.00 23.00 725.00 40.00
9 698.00 28.00 734.00 49.00
9 696.00 37.00 729.00 59.00
9 757.00 22.00 772.00 63.00
9 751.00 73.00 806.00 94.00
9 751.00 65.00 808.00 87.00
4 809.00 13.00 830.00 23.00
4 810.00 20.00 829.00 30.00
5 812.00 33.00 833.00 44.00
5 886.00 4.00 901.00 14.00
5 881.00 7.00 902.00 19.00
4 880.00 17.00 899.00 26.00
6 873.00 31.00 906.00 48.00
1 921.00 36.00 927.00 43.00
1 1060.00 14.00 1063.00 22.00
2 1050.00 57.00 1055.00 62.00
1 1053.00 25.00 1056.00 32.00
1 1024.00 33.00 1027.00 39.00
4 840.00 110.00 861.00 121.00
5 866.00 111.00 886.00 122.00
5 890.00 112.00 913.00 124.00
5 1383.00 279.00 1399.00 295.00
5 1367.00 280.00 1386.00 294.00
4 1356.00 278.00 1373.00 294.00
4 1333.00 283.00 1353.00 297.00
4 1350.00 536.00 1381.00 556.00
4 1197.00 633.00 1224.00 654.00
4 1160.00 655.00 1192.00 679.00
1 1140.00 733.00 1144.00 738.00
1 1155.00 721.00 1161.00 727.00
4 1077.00 706.00 1110.00 733.00
5 1112.00 690.00 1143.00 716.00
9 1003.00 729.00 1079.00 787.00
5 1309.00 334.00 1331.00 346.00
4 1283.00 351.00 1308.00 363.00
4 1320.00 413.00 1345.00 427.00
4 1279.00 384.00 1306.00 399.00
5 1238.00 350.00 1265.00 364.00
4 1194.00 340.00 1218.00 353.00
4 1202.00 367.00 1225.00 380.00
5 1204.00 403.00 1229.00 416.00
5 1154.00 467.00 1179.00 483.00
4 1131.00 346.00 1158.00 359.00
4 1145.00 367.00 1170.00 379.00
4 788.00 544.00 818.00 558.00
5 1057.00 478.00 1080.00 495.00
5 984.00 448.00 1012.00 464.00
5 1036.00 391.00 1064.00 405.00
5 908.00 392.00 937.00 408.00
5 615.00 515.00 645.00 531.00
5 611.00 400.00 644.00 418.00
5 632.00 467.00 664.00 481.00
5 622.00 540.00 647.00 554.00
5 661.00 515.00 689.00 530.00
5 684.00 564.00 717.00 582.00
10 694.00 523.00 709.00 530.00
2 697.00 523.00 704.00 529.00
4 706.00 472.00 736.00 484.00
4 850.00 369.00 877.00 381.00
4 1013.00 356.00 1037.00 367.00
4 1076.00 358.00 1098.00 370.00
4 901.00 282.00 926.00 295.00
6 904.00 262.00 932.00 279.00
6 1091.00 245.00 1154.00 270.00
6 1165.00 248.00 1214.00 272.00
5 943.00 294.00 958.00 317.00
5 1030.00 275.00 1056.00 288.00
5 1031.00 263.00 1055.00 279.00
4 1031.00 254.00 1056.00 268.00
