4 608.00 902.00 717.00 963.00
4 643.00 850.00 729.00 895.00
4 696.00 785.00 796.00 838.00
4 715.00 736.00 801.00 782.00
4 736.00 693.00 820.00 738.00
4 1014.00 242.00 1077.00 273.00
4 987.00 283.00 1044.00 310.00
4 965.00 315.00 1034.00 349.00
4 953.00 341.00 1024.00 371.00
4 932.00 368.00 1004.00 402.00
4 921.00 399.00 997.00 438.00
4 902.00 433.00 972.00 468.00
4 870.00 467.00 948.00 512.00
4 837.00 526.00 915.00 569.00
4 809.00 561.00 900.00 611.00
4 761.00 645.00 856.00 698.00
4 821.00 836.00 889.00 936.00
4 740.00 967.00 810.00 1050.00
4 1038.00 198.00 1103.00 226.00
4 1073.00 148.00 1131.00 174.00
4 1092.00 129.00 1145.00 153.00
4 1162.00 123.00 1194.00 170.00
4 1030.00 448.00 1073.00 516.00
4 987.00 525.00 1041.00 597.00
4 1213.00 397.00 1250.00 469.00
4 1332.00 84.00 1362.00 128.00
