1 91.00 364.00 158.00 398.00
1 99.00 447.00 152.00 475.00
1 169.00 462.00 218.00 494.00
10 162.00 532.00 230.00 560.00
1 227.00 745.00 275.00 772.00
1 191.00 762.00 231.00 791.00
1 20.00 727.00 90.00 752.00
1 340.00 905.00 391.00 943.00
1 422.00 884.00 458.00 935.00
1 447.00 924.00 486.00 955.00
1 445.00 492.00 474.00 531.00
3 686.00 15.00 744.00 65.00
2 855.00 245.00 902.00 275.00
2 844.00 398.00 877.00 429.00
2 799.00 392.00 831.00 434.00
1 490.00 530.00 532.00 557.00
1 609.00 380.00 642.00 414.00
1 596.00 786.00 628.00 820.00
1 577.00 932.00 613.00 970.00
1 886.00 667.00 920.00 696.00
1 697.00 742.00 720.00 781.00
2 636.00 835.00 668.00 886.00
2 761.00 825.00 812.00 854.00
2 815.00 815.00 859.00 859.00
2 754.00 1005.00 802.00 1032.00
2 770.00 717.00 821.00 747.00
2 824.00 719.00 868.00 754.00
2 818.00 688.00 849.00 708.00
2 767.00 655.00 821.00 686.00
2 958.00 437.00 991.00 468.00
2 940.00 641.00 989.00 673.00
1 1208.00 930.00 1268.00 1000.00
1 1252.00 808.00 1303.00 864.00
1 1217.00 618.00 1265.00 664.00
1 1188.00 477.00 1238.00 500.00
1 1233.00 490.00 1293.00 539.00
1 1278.00 489.00 1312.00 535.00
1 1066.00 560.00 1114.00 595.00
1 1066.00 351.00 1114.00 392.00
1 1246.00 330.00 1292.00 380.00
1 1312.00 403.00 1362.00 439.00
1 1331.00 368.00 1389.00 400.00
