4 624.57 434.59 668.65 489.57 0.994178
4 566.99 538.36 617.31 612.55 0.993466
4 621.63 257.12 680.51 284.81 0.991177
4 544.76 303.02 598.22 344.18 0.989754
4 454.62 234.02 516.82 260.23 0.986292
4 738.80 679.37 798.26 764.41 0.983120
4 730.64 560.75 783.81 654.57 0.976007
4 208.90 646.51 297.21 752.23 0.972967
4 406.57 432.93 460.41 487.57 0.966204
4 723.55 490.99 770.31 563.15 0.965680
4 364.75 500.45 421.22 565.39 0.963277
4 645.95 514.47 691.18 586.01 0.960515
4 1096.98 136.75 1177.62 168.91 0.901803
4 922.71 388.08 952.47 438.01 0.886420
4 584.64 728.39 650.35 764.49 0.872767
1 688.25 706.03 707.57 752.46 0.847629
4 295.85 363.81 351.48 397.22 0.836677
4 414.11 308.21 481.87 339.51 0.834218
4 277.23 81.81 305.14 101.46 0.767201
1 708.41 283.73 718.57 310.27 0.750122
4 817.71 357.54 841.58 378.08 0.718440
4 962.46 85.64 993.81 110.13 0.711316
4 954.48 76.60 991.20 94.63 0.700471
1 697.79 339.01 711.23 368.25 0.688184
4 291.33 335.83 301.77 360.13 0.670218
4 812.23 190.98 829.29 208.88 0.653631
4 846.26 334.84 890.37 367.61 0.639990
1 535.13 212.63 546.54 232.58 0.639339
1 787.25 512.05 801.20 546.99 0.638002
4 813.09 188.62 867.03 209.42 0.626838
1 473.45 553.19 489.04 585.38 0.615492
1 480.87 282.27 491.45 300.21 0.598209
2 371.10 166.62 379.81 187.10 0.588140
4 763.74 408.38 788.88 437.95 0.571025
3 474.40 568.40 487.83 596.34 0.562253
4 1020.24 117.53 1062.95 133.64 0.554208
2 447.86 157.37 466.94 177.52 0.546895
3 691.84 730.78 704.35 753.14 0.528088
2 349.36 165.02 358.82 187.05 0.522627
3 797.42 533.92 808.03 551.01 0.499355
2 362.88 166.65 373.41 187.41 0.490774
4 296.67 372.88 320.03 398.35 0.484167
4 200.69 46.93 257.29 64.96 0.478905
3 476.49 289.97 503.08 306.63 0.476877
1 696.61 338.22 712.15 368.84 0.425450
1 707.12 282.74 719.68 310.44 0.407119
2 349.17 164.12 380.35 187.87 0.404817
7 453.74 232.33 517.56 261.34 0.362205
3 473.49 566.51 488.87 595.86 0.346780
2 346.81 161.94 381.89 189.48 0.342728
1 472.96 552.14 490.12 580.42 0.342431
7 620.52 255.21 681.34 285.82 0.339404
1 471.87 552.04 490.66 591.22 0.329514
7 295.06 362.55 352.17 398.79 0.328510
3 690.93 730.16 704.98 752.99 0.311356
1 533.98 212.03 547.27 232.77 0.296669
10 36.36 13.58 116.78 79.99 0.296191
1 477.52 281.81 495.99 304.32 0.290754
1 348.61 164.32 359.25 187.46 0.289148
7 276.15 80.19 305.52 102.26 0.288086
1 349.36 165.01 358.82 187.05 0.280464
1 473.77 553.34 489.06 580.43 0.279161
2 445.38 155.22 468.24 178.82 0.266440
1 370.61 165.82 380.49 187.49 0.256918
3 475.69 287.03 503.27 306.54 0.249326
1 479.74 281.82 491.84 300.34 0.234087
2 360.79 164.02 380.25 188.46 0.232993
2 447.70 158.28 455.96 176.74 0.223918
1 474.25 280.80 504.19 308.05 0.222241
1 446.31 157.45 456.41 177.19 0.220987
1 361.62 166.27 373.18 187.51 0.217115
2 456.41 158.88 466.39 177.10 0.213270
1 455.64 157.99 466.93 177.39 0.209775
1 785.91 510.51 803.77 547.94 0.209014
3 467.92 563.08 497.25 599.48 0.208809
7 411.36 306.99 482.73 340.57 0.204350
7 762.34 407.31 789.63 438.92 0.201960
7 844.71 332.52 891.20 368.66 0.200910
3 528.17 218.15 548.70 234.79 0.200517
1 776.71 306.76 790.90 326.30 0.199480
10 51.23 23.29 116.64 78.97 0.193539
3 528.97 219.28 548.58 234.47 0.192945
1 845.48 342.72 869.68 369.15 0.190321
2 337.60 155.74 393.15 197.69 0.190164
1 469.01 549.60 493.69 597.56 0.189764
4 437.39 309.19 481.79 339.08 0.186802
3 708.84 297.40 718.49 310.96 0.185597
2 363.25 167.03 372.16 187.18 0.185558
4 954.14 75.21 993.01 97.38 0.184913
3 687.55 727.73 708.63 754.52 0.184589
2 959.72 279.24 967.70 297.14 0.184241
1 371.67 372.64 386.53 407.40 0.183476
4 846.11 343.90 869.26 367.55 0.183228
3 796.49 532.48 809.28 550.42 0.180297
1 466.96 187.48 483.57 216.03 0.179444
2 343.47 153.98 471.60 192.64 0.178586
10 811.04 189.76 829.29 210.08 0.178187
5 195.77 633.21 311.98 759.51 0.170769
1 426.74 333.88 445.15 356.22 0.170376
4 453.82 232.33 517.66 261.45 0.168730
4 435.15 308.31 482.65 340.19 0.167981
4 620.64 255.26 681.22 285.71 0.166181
3 470.66 277.87 507.53 311.13 0.164998
7 383.73 221.41 806.70 761.13 0.163198
7 206.69 221.31 810.79 760.92 0.158266
7 720.83 487.51 787.16 656.34 0.154609
1 958.74 277.99 968.42 297.25 0.152115
1 680.90 700.16 715.34 757.74 0.150062
4 557.86 529.42 625.64 621.18 0.148026
1 692.70 335.20 716.21 372.17 0.147743
10 1243.56 153.38 1295.97 177.70 0.145261
1 685.87 703.66 709.83 754.12 0.144910
7 560.24 487.40 791.20 658.16 0.144345
1 550.41 146.48 562.57 171.02 0.143161
4 616.04 425.62 677.36 497.22 0.142134
1 528.24 210.14 550.08 235.03 0.141641
3 526.73 218.27 550.43 235.79 0.139673
4 537.34 294.07 605.87 352.71 0.139203
1 785.69 509.84 809.07 550.83 0.138846
7 953.62 74.68 994.94 109.87 0.138681
2 1052.22 27.58 1093.66 48.62 0.136514
1 852.76 335.00 866.90 363.09 0.132146
1 962.66 137.32 972.14 154.58 0.128437
6 276.13 80.14 305.56 102.20 0.126340
1 639.57 210.45 649.75 228.02 0.126242
4 614.32 247.35 686.97 292.36 0.125977
1 845.70 336.05 869.73 368.77 0.125703
2 693.87 280.07 722.14 371.07 0.124102
4 450.95 226.88 521.82 266.04 0.122957
10 749.06 292.12 794.27 327.45 0.122762
1 703.97 280.17 723.12 312.65 0.121407
2 306.40 141.59 473.35 198.41 0.120204
10 35.65 13.28 87.76 66.84 0.120200
1 24.93 727.39 43.02 762.68 0.118263
3 527.42 219.77 540.66 234.15 0.118019
10 52.00 26.81 96.36 79.22 0.117845
3 706.69 296.33 720.29 311.62 0.116372
2 1047.12 23.95 1095.69 49.32 0.114489
10 391.79 371.45 415.38 427.96 0.113604
2 445.78 156.00 467.69 178.08 0.113507
3 461.14 543.66 502.55 603.40 0.112111
10 1050.18 10.03 1130.52 47.40 0.111514
2 339.25 158.72 413.80 194.68 0.110328
9 294.98 362.40 352.10 398.65 0.109277
10 397.79 372.45 414.89 426.97 0.109199
4 961.33 83.75 994.61 110.62 0.108886
10 145.47 643.40 221.73 761.68 0.108457
5 352.57 489.91 431.89 578.99 0.107326
7 789.67 528.46 809.85 551.92 0.106551
1 756.01 160.89 765.94 177.84 0.102175
1 45.12 730.10 56.02 747.31 0.101827
2 329.01 144.95 509.55 216.27 0.101510
8 480.87 282.27 491.45 300.21 0.048480
7 480.87 282.27 491.45 300.21 0.047973
8 291.33 335.83 301.77 360.13 0.047969
10 480.87 282.27 491.45 300.21 0.047393
7 291.33 335.83 301.77 360.13 0.047293
3 480.87 282.27 491.45 300.21 0.046959
2 291.33 335.83 301.77 360.13 0.046954
8 447.86 157.37 466.94 177.52 0.046919
1 291.33 335.83 301.77 360.13 0.046519
10 291.33 335.83 301.77 360.13 0.046519
8 817.71 357.54 841.58 378.08 0.046074
8 473.45 553.19 489.04 585.38 0.045979
3 291.33 335.83 301.77 360.13 0.045939
7 447.86 157.37 466.94 177.52 0.045893
8 277.23 81.81 305.14 101.46 0.045606
8 296.67 372.88 320.03 398.35 0.045235
7 817.71 357.54 841.58 378.08 0.044766
1 447.86 157.37 466.94 177.52 0.044737
10 447.86 157.37 466.94 177.52 0.044719
8 954.48 76.60 991.20 94.63 0.044695
7 473.45 553.19 489.04 585.38 0.044639
8 1020.24 117.53 1062.95 133.64 0.044490
7 277.23 81.81 305.14 101.46 0.044141
2 817.71 357.54 841.58 378.08 0.044112
8 763.74 408.38 788.88 437.95 0.044046
8 962.46 85.64 993.81 110.13 0.043851
3 447.86 157.37 466.94 177.52 0.043839
7 296.67 372.88 320.03 398.35 0.043646
2 277.23 81.81 305.14 101.46 0.043408
1 817.71 357.54 841.58 378.08 0.043270
10 817.71 357.54 841.58 378.08 0.043270
10 473.45 553.19 489.04 585.38 0.043107
7 954.48 76.60 991.20 94.63 0.042927
2 296.67 372.88 320.03 398.35 0.042852
7 1020.24 117.53 1062.95 133.64 0.042653
1 277.23 81.81 305.14 101.46 0.042467
10 277.23 81.81 305.14 101.46 0.042467
3 817.71 357.54 841.58 378.08 0.042149
7 763.74 408.38 788.88 437.95 0.042062
2 954.48 76.60 991.20 94.63 0.042043
3 473.45 553.19 489.04 585.38 0.041958
1 296.67 372.88 320.03 398.35 0.041831
10 296.67 372.88 320.03 398.35 0.041831
8 200.69 46.93 257.29 64.96 0.041826
7 962.46 85.64 993.81 110.13 0.041802
2 1020.24 117.53 1062.95 133.64 0.041734
3 277.23 81.81 305.14 101.46 0.041211
2 763.74 408.38 788.88 437.95 0.041069
8 813.09 188.62 867.03 209.42 0.041014
1 954.48 76.60 991.20 94.63 0.040906
10 954.48 76.60 991.20 94.63 0.040906
2 962.46 85.64 993.81 110.13 0.040777
1 1020.24 117.53 1062.95 133.64 0.040554
10 1020.24 117.53 1062.95 133.64 0.040554
3 296.67 372.88 320.03 398.35 0.040469
1 763.74 408.38 788.88 437.95 0.039794
10 763.74 408.38 788.88 437.95 0.039794
1 962.46 85.64 993.81 110.13 0.039459
10 962.46 85.64 993.81 110.13 0.039459
3 954.48 76.60 991.20 94.63 0.039391
7 200.69 46.93 257.29 64.96 0.039102
3 1020.24 117.53 1062.95 133.64 0.038980
8 846.26 334.84 890.37 367.61 0.038424
8 922.71 388.08 952.47 438.01 0.038094
3 763.74 408.38 788.88 437.95 0.038093
7 813.09 188.62 867.03 209.42 0.038018
2 200.69 46.93 257.29 64.96 0.037739
3 962.46 85.64 993.81 110.13 0.037702
8 454.62 234.02 516.82 260.23 0.036940
8 621.63 257.12 680.51 284.81 0.036939
2 813.09 188.62 867.03 209.42 0.036520
1 200.69 46.93 257.29 64.96 0.035988
10 200.69 46.93 257.29 64.96 0.035988
8 295.85 363.81 351.48 397.22 0.035114
1 813.09 188.62 867.03 209.42 0.034595
10 813.09 188.62 867.03 209.42 0.034595
7 846.26 334.84 890.37 367.61 0.034565
7 922.71 388.08 952.47 438.01 0.034126
3 200.69 46.93 257.29 64.96 0.033653
8 414.11 308.21 481.87 339.51 0.033011
2 846.26 334.84 890.37 367.61 0.032636
7 454.62 234.02 516.82 260.23 0.032587
7 621.63 257.12 680.51 284.81 0.032585
8 544.76 303.02 598.22 344.18 0.032373
2 922.71 388.08 952.47 438.01 0.032141
3 813.09 188.62 867.03 209.42 0.032027
8 584.64 728.39 650.35 764.49 0.030999
8 624.57 434.59 668.65 489.57 0.030588
2 454.62 234.02 516.82 260.23 0.030411
2 621.63 257.12 680.51 284.81 0.030408
1 846.26 334.84 890.37 367.61 0.030155
10 846.26 334.84 890.37 367.61 0.030155
7 295.85 363.81 351.48 397.22 0.030152
1 922.71 388.08 952.47 438.01 0.029590
10 922.71 388.08 952.47 438.01 0.029590
8 1096.98 136.75 1177.62 168.91 0.029228
2 295.85 363.81 351.48 397.22 0.027671
1 454.62 234.02 516.82 260.23 0.027612
10 454.62 234.02 516.82 260.23 0.027612
1 621.63 257.12 680.51 284.81 0.027609
10 621.63 257.12 680.51 284.81 0.027609
7 414.11 308.21 481.87 339.51 0.027347
3 846.26 334.84 890.37 367.61 0.026848
7 544.76 303.02 598.22 344.18 0.026497
8 406.57 432.93 460.41 487.57 0.026434
3 922.71 388.08 952.47 438.01 0.026189
7 584.64 728.39 650.35 764.49 0.024665
2 414.11 308.21 481.87 339.51 0.024516
1 295.85 363.81 351.48 397.22 0.024481
10 295.85 363.81 351.48 397.22 0.024481
7 624.57 434.59 668.65 489.57 0.024118
8 645.95 514.47 691.18 586.01 0.024081
3 621.63 257.12 680.51 284.81 0.023906
3 454.62 234.02 516.82 260.23 0.023884
2 544.76 303.02 598.22 344.18 0.023559
8 723.55 490.99 770.31 563.15 0.022969
7 1096.98 136.75 1177.62 168.91 0.022304
2 584.64 728.39 650.35 764.49 0.021499
2 624.57 434.59 668.65 489.57 0.020882
1 414.11 308.21 481.87 339.51 0.020875
10 414.11 308.21 481.87 339.51 0.020875
8 364.75 500.45 421.22 565.39 0.020627
3 295.85 363.81 351.48 397.22 0.020229
8 566.99 538.36 617.31 612.55 0.020100
