4 515.01 515.69 571.81 539.21 0.954491
4 208.72 442.02 265.28 468.07 0.951560
4 522.03 491.36 577.99 519.13 0.937324
4 430.82 420.10 454.58 449.59 0.935401
4 307.87 375.01 334.80 401.30 0.924209
4 483.32 186.79 489.88 193.42 0.921946
4 580.64 303.79 605.46 316.25 0.920019
4 285.03 406.45 314.48 440.26 0.901921
4 481.85 413.21 502.73 453.73 0.900262
4 267.13 276.10 292.58 289.08 0.897840
4 494.00 258.41 504.69 268.70 0.884952
4 512.07 281.05 536.73 298.31 0.883484
4 461.50 204.08 469.71 211.32 0.879467
4 488.55 292.93 505.35 307.73 0.873522
4 413.38 397.68 433.49 419.86 0.852433
4 528.61 455.53 579.32 480.94 0.839329
4 437.83 258.62 449.55 271.93 0.821815
4 458.23 218.37 466.62 226.91 0.812091
4 339.26 322.60 372.71 345.54 0.804475
4 448.70 286.13 460.97 298.03 0.782680
4 389.97 276.21 406.60 290.02 0.777572
4 305.18 235.27 327.63 246.33 0.769179
4 575.72 267.68 591.47 281.32 0.762447
4 334.20 346.65 355.98 368.57 0.758809
4 293.93 255.56 312.92 266.57 0.750422
4 399.11 255.98 411.44 267.66 0.744482
4 417.51 255.38 429.33 266.36 0.735624
4 544.54 278.63 557.26 293.33 0.726081
4 380.06 355.66 398.97 377.83 0.722890
4 472.96 502.05 499.92 528.06 0.720961
1 599.61 359.66 606.21 376.50 0.703836
1 419.31 347.36 425.22 360.72 0.698270
5 187.87 485.50 250.37 539.78 0.690896
4 465.93 239.31 475.67 248.78 0.674719
4 482.41 221.68 491.55 231.04 0.667827
4 379.74 288.30 392.65 302.86 0.665539
4 467.89 228.41 477.33 237.18 0.663026
4 240.18 323.52 262.87 342.78 0.652507
4 560.57 231.84 570.99 245.37 0.610750
4 235.23 284.59 257.12 298.12 0.570937
4 489.26 353.64 500.85 369.42 0.558649
4 325.01 259.10 340.66 269.71 0.546827
5 361.92 231.46 386.09 246.88 0.508400
5 472.65 457.70 500.52 528.18 0.495823
5 303.85 245.18 325.73 256.89 0.486243
3 158.27 392.89 179.47 416.64 0.447294
2 73.63 259.49 134.33 285.03 0.444264
4 283.06 315.44 296.17 327.24 0.430478
3 642.57 471.64 660.48 492.31 0.427809
2 72.42 257.92 135.93 286.33 0.408911
4 196.69 415.49 233.46 443.04 0.399772
2 599.84 359.01 613.97 377.95 0.344493
10 684.56 254.43 762.44 285.29 0.341698
6 708.00 371.61 729.07 394.10 0.330969
4 207.75 440.24 265.88 468.91 0.319461
4 470.75 456.33 501.77 528.71 0.273974
1 418.56 346.60 425.79 361.22 0.266748
7 378.08 270.98 420.33 309.19 0.251284
4 429.52 418.82 455.63 450.52 0.249751
1 598.46 357.73 614.93 377.97 0.243244
4 380.45 359.78 396.17 377.80 0.236534
4 186.95 484.52 251.19 538.82 0.235957
1 598.84 358.94 606.74 376.89 0.229267
4 266.18 274.23 293.39 289.67 0.225280
4 514.34 514.56 572.16 538.23 0.217938
1 597.89 356.99 619.24 382.08 0.216907
10 685.71 255.73 756.67 278.14 0.216804
7 513.58 487.87 579.99 537.07 0.215909
4 412.34 396.36 434.12 420.37 0.208881
1 340.26 365.66 348.32 377.39 0.202266
4 408.10 271.29 420.26 282.88 0.199507
4 476.46 212.02 484.11 220.37 0.199322
7 508.83 266.44 560.23 301.34 0.198762
7 485.78 261.34 560.25 312.90 0.198403
3 204.74 388.50 216.07 402.06 0.198208
4 306.92 373.74 335.31 401.85 0.197095
4 491.60 293.56 504.67 307.35 0.192466
7 203.21 387.08 217.14 402.82 0.192399
4 231.93 411.28 257.62 438.05 0.190158
4 480.71 412.04 503.63 453.84 0.188811
6 530.73 118.39 607.04 203.84 0.188671
4 288.64 230.49 303.41 240.71 0.185640
7 511.46 279.70 537.74 298.91 0.183087
1 341.35 367.29 347.26 376.91 0.182247
3 158.24 399.55 172.17 416.82 0.181951
1 697.25 475.91 713.61 514.91 0.181755
4 447.58 284.55 461.97 298.86 0.180978
4 537.42 271.89 558.66 282.26 0.180545
7 379.28 353.94 400.60 378.73 0.173721
10 473.44 266.68 483.77 282.04 0.173192
3 435.90 222.65 453.36 239.64 0.171508
4 333.34 345.73 356.42 369.04 0.169053
7 508.28 263.96 538.94 300.68 0.168573
1 690.89 222.92 703.10 242.68 0.166756
5 465.27 451.43 507.74 531.70 0.165507
7 493.53 205.45 545.92 312.81 0.162009
4 303.00 243.79 326.23 257.55 0.161451
4 574.95 266.64 591.94 282.03 0.158408
1 545.26 346.66 566.30 385.25 0.157897
4 239.48 321.87 263.70 343.30 0.157132
7 513.93 452.65 582.70 536.90 0.155003
7 378.56 345.57 401.78 379.55 0.152841
7 641.34 469.97 661.27 493.17 0.152515
1 605.14 359.55 615.32 377.91 0.152326
4 304.36 234.00 328.18 246.64 0.150516
10 706.81 370.01 730.04 395.52 0.150187
4 290.36 254.26 313.55 268.56 0.148959
4 537.49 271.09 559.82 294.78 0.146478
3 157.47 391.05 180.44 416.75 0.146320
1 254.62 297.04 262.19 310.17 0.145349
7 490.37 202.23 572.00 313.66 0.144963
4 580.05 302.06 605.96 317.20 0.144348
7 486.82 291.25 506.71 309.02 0.143632
1 239.19 248.78 245.82 261.11 0.143113
1 555.90 362.59 565.02 384.59 0.139314
1 416.75 344.82 427.89 362.90 0.139004
2 290.07 204.88 334.60 225.31 0.138437
1 291.87 395.46 301.20 409.48 0.137680
4 517.27 237.21 534.20 258.59 0.135920
7 519.30 452.99 581.80 521.88 0.134840
7 332.00 319.70 374.80 373.36 0.134285
1 546.51 362.35 563.82 384.91 0.131660
1 479.35 243.24 484.92 253.06 0.131597
1 427.49 260.21 434.52 271.47 0.129069
3 157.55 398.35 172.79 416.94 0.128789
4 203.96 434.45 269.21 473.90 0.128552
1 126.52 265.92 134.55 279.38 0.127521
4 436.77 257.49 450.68 272.61 0.126782
4 493.25 257.16 505.66 269.55 0.125490
4 465.15 238.52 476.59 249.90 0.124374
1 709.09 262.56 722.72 285.07 0.122498
5 195.43 413.84 234.57 444.68 0.119955
4 361.22 229.69 387.24 247.37 0.119672
1 392.91 354.02 401.48 370.38 0.118615
1 93.61 259.75 107.00 281.31 0.118116
1 113.61 261.61 122.58 278.64 0.116279
2 63.54 249.63 142.47 292.06 0.116165
10 234.25 283.41 258.18 299.92 0.114668
7 486.40 274.94 538.79 311.88 0.112501
1 335.03 126.95 346.12 145.59 0.112228
7 485.16 289.03 508.80 312.11 0.111797
4 548.99 200.37 565.60 217.86 0.111393
6 703.64 410.32 724.91 434.70 0.111330
1 603.70 359.33 619.22 381.95 0.110204
4 559.59 230.31 571.87 246.11 0.109890
1 121.34 418.13 138.93 445.91 0.109742
10 682.53 219.50 773.39 288.62 0.107552
4 515.13 268.68 536.49 283.28 0.107479
6 685.70 256.10 724.80 282.66 0.106271
6 111.24 414.85 130.27 437.97 0.105693
10 144.93 313.38 247.76 402.61 0.105501
10 390.21 290.63 407.62 308.10 0.104494
1 656.58 447.94 665.77 469.45 0.104210
1 106.06 265.77 114.76 283.30 0.104060
1 697.55 224.30 705.30 240.50 0.103868
9 470.66 456.12 502.06 528.91 0.101712
4 398.22 255.20 412.00 268.33 0.101400
1 533.54 491.55 544.83 505.96 0.101347
1 591.62 297.39 600.26 307.12 0.100288
8 483.32 186.79 489.88 193.42 0.049302
7 483.32 186.79 489.88 193.42 0.049069
8 461.50 204.08 469.71 211.32 0.049045
2 483.32 186.79 489.88 193.42 0.048953
8 458.23 218.37 466.62 226.91 0.048848
1 483.32 186.79 489.88 193.42 0.048803
10 483.32 186.79 489.88 193.42 0.048803
7 461.50 204.08 469.71 211.32 0.048727
8 467.89 228.41 477.33 237.18 0.048668
3 483.32 186.79 489.88 193.42 0.048630
8 482.41 221.68 491.55 231.04 0.048624
2 461.50 204.08 469.71 211.32 0.048568
8 465.93 239.31 475.67 248.78 0.048518
7 458.23 218.37 466.62 226.91 0.048464
1 461.50 204.08 469.71 211.32 0.048363
10 461.50 204.08 469.71 211.32 0.048363
2 458.23 218.37 466.62 226.91 0.048272
8 494.00 258.41 504.69 268.70 0.048232
7 467.89 228.41 477.33 237.18 0.048224
7 482.41 221.68 491.55 231.04 0.048165
3 461.50 204.08 469.71 211.32 0.048095
1 458.23 218.37 466.62 226.91 0.048025
10 458.23 218.37 466.62 226.91 0.048025
7 465.93 239.31 475.67 248.78 0.048024
2 467.89 228.41 477.33 237.18 0.048002
2 482.41 221.68 491.55 231.04 0.047936
8 417.51 255.38 429.33 266.36 0.047915
2 465.93 239.31 475.67 248.78 0.047777
8 560.57 231.84 570.99 245.37 0.047732
1 467.89 228.41 477.33 237.18 0.047717
10 467.89 228.41 477.33 237.18 0.047717
3 458.23 218.37 466.62 226.91 0.047697
8 399.11 255.98 411.44 267.66 0.047685
8 448.70 286.13 460.97 298.03 0.047653
7 494.00 258.41 504.69 268.70 0.047643
1 482.41 221.68 491.55 231.04 0.047641
10 482.41 221.68 491.55 231.04 0.047641
8 283.06 315.44 296.17 327.24 0.047513
8 437.83 258.62 449.55 271.93 0.047492
1 465.93 239.31 475.67 248.78 0.047459
10 465.93 239.31 475.67 248.78 0.047459
2 494.00 258.41 504.69 268.70 0.047348
3 467.89 228.41 477.33 237.18 0.047337
8 325.01 259.10 340.66 269.71 0.047330
3 482.41 221.68 491.55 231.04 0.047248
7 417.51 255.38 429.33 266.36 0.047220
8 489.26 353.64 500.85 369.42 0.047060
3 465.93 239.31 475.67 248.78 0.047038
8 544.54 278.63 557.26 293.33 0.046994
8 379.74 288.30 392.65 302.86 0.046979
7 560.57 231.84 570.99 245.37 0.046976
1 494.00 258.41 504.69 268.70 0.046969
10 494.00 258.41 504.69 268.70 0.046969
7 399.11 255.98 411.44 267.66 0.046913
2 417.51 255.38 429.33 266.36 0.046873
7 448.70 286.13 460.97 298.03 0.046871
7 283.06 315.44 296.17 327.24 0.046684
7 437.83 258.62 449.55 271.93 0.046656
8 293.93 255.56 312.92 266.57 0.046641
2 560.57 231.84 570.99 245.37 0.046598
8 575.72 267.68 591.47 281.32 0.046545
2 399.11 255.98 411.44 267.66 0.046527
2 448.70 286.13 460.97 298.03 0.046480
3 494.00 258.41 504.69 268.70 0.046468
7 325.01 259.10 340.66 269.71 0.046441
1 417.51 255.38 429.33 266.36 0.046426
10 417.51 255.38 429.33 266.36 0.046426
8 389.97 276.21 406.60 290.02 0.046308
2 283.06 315.44 296.17 327.24 0.046270
2 437.83 258.62 449.55 271.93 0.046238
1 560.57 231.84 570.99 245.37 0.046112
10 560.57 231.84 570.99 245.37 0.046112
7 489.26 353.64 500.85 369.42 0.046079
1 399.11 255.98 411.44 267.66 0.046031
10 399.11 255.98 411.44 267.66 0.046031
8 305.18 235.27 327.63 246.33 0.046008
8 488.55 292.93 505.35 307.73 0.046003
2 325.01 259.10 340.66 269.71 0.045996
7 544.54 278.63 557.26 293.33 0.045992
1 448.70 286.13 460.97 298.03 0.045977
10 448.70 286.13 460.97 298.03 0.045977
7 379.74 288.30 392.65 302.86 0.045972
8 303.85 245.18 325.73 256.89 0.045882
3 417.51 255.38 429.33 266.36 0.045831
1 283.06 315.44 296.17 327.24 0.045737
10 283.06 315.44 296.17 327.24 0.045737
1 437.83 258.62 449.55 271.93 0.045701
10 437.83 258.62 449.55 271.93 0.045701
2 489.26 353.64 500.85 369.42 0.045589
7 293.93 255.56 312.92 266.57 0.045521
2 544.54 278.63 557.26 293.33 0.045491
2 379.74 288.30 392.65 302.86 0.045468
3 560.57 231.84 570.99 245.37 0.045465
8 380.46 359.77 396.18 377.80 0.045442
1 325.01 259.10 340.66 269.71 0.045424
10 325.01 259.10 340.66 269.71 0.045424
7 575.72 267.68 591.47 281.32 0.045394
3 399.11 255.98 411.44 267.66 0.045369
3 448.70 286.13 460.97 298.03 0.045343
8 235.23 284.59 257.12 298.12 0.045241
7 389.97 276.21 406.60 290.02 0.045077
8 580.64 303.79 605.46 316.25 0.045028
3 283.06 315.44 296.17 327.24 0.045027
3 437.83 258.62 449.55 271.93 0.044985
2 293.93 255.56 312.92 266.57 0.044961
1 489.26 353.64 500.85 369.42 0.044959
10 489.26 353.64 500.85 369.42 0.044959
1 544.54 278.63 557.26 293.33 0.044847
10 544.54 278.63 557.26 293.33 0.044847
1 379.74 288.30 392.65 302.86 0.044821
10 379.74 288.30 392.65 302.86 0.044821
2 575.72 267.68 591.47 281.32 0.044818
8 267.13 276.10 292.58 289.08 0.044689
7 305.18 235.27 327.63 246.33 0.044677
7 488.55 292.93 505.35 307.73 0.044671
3 325.01 259.10 340.66 269.71 0.044661
7 303.85 245.18 325.73 256.89 0.044509
2 389.97 276.21 406.60 290.02 0.044462
1 293.93 255.56 312.92 266.57 0.044241
10 293.93 255.56 312.92 266.57 0.044241
3 489.26 353.64 500.85 369.42 0.044120
1 575.72 267.68 591.47 281.32 0.044078
10 575.72 267.68 591.47 281.32 0.044078
8 642.57 471.64 660.48 492.31 0.044048
2 305.18 235.27 327.63 246.33 0.044012
8 361.92 231.46 386.09 246.88 0.044008
2 488.55 292.93 505.35 307.73 0.044005
3 544.54 278.63 557.26 293.33 0.043991
3 379.74 288.30 392.65 302.86 0.043958
7 380.46 359.77 396.18 377.80 0.043923
2 303.85 245.18 325.73 256.89 0.043822
1 389.97 276.21 406.60 290.02 0.043671
10 389.97 276.21 406.60 290.02 0.043671
7 235.23 284.59 257.12 298.12 0.043654
7 580.64 303.79 605.46 316.25 0.043370
3 293.93 255.56 312.92 266.57 0.043282
2 380.46 359.77 396.18 377.80 0.043163
8 512.07 281.05 536.73 298.31 0.043160
1 305.18 235.27 327.63 246.33 0.043156
10 305.18 235.27 327.63 246.33 0.043156
1 488.55 292.93 505.35 307.73 0.043148
10 488.55 292.93 505.35 307.73 0.043148
3 575.72 267.68 591.47 281.32 0.043091
8 240.18 323.52 262.87 342.78 0.042973
1 303.85 245.18 325.73 256.89 0.042940
10 303.85 245.18 325.73 256.89 0.042940
7 267.13 276.10 292.58 289.08 0.042918
2 235.23 284.59 257.12 298.12 0.042861
8 413.38 397.68 433.49 419.86 0.042829
3 389.97 276.21 406.60 290.02 0.042616
2 580.64 303.79 605.46 316.25 0.042541
8 708.00 371.61 729.07 394.10 0.042382
8 334.20 346.65 355.98 368.57 0.042325
1 380.46 359.77 396.18 377.80 0.042187
10 380.46 359.77 396.18 377.80 0.042187
7 642.57 471.64 660.48 492.31 0.042064
2 267.13 276.10 292.58 289.08 0.042033
3 305.18 235.27 327.63 246.33 0.042016
7 361.92 231.46 386.09 246.88 0.042010
3 488.55 292.93 505.35 307.73 0.042009
8 158.27 392.89 179.47 416.64 0.041906
1 235.23 284.59 257.12 298.12 0.041841
10 235.23 284.59 257.12 298.12 0.041841
3 303.85 245.18 325.73 256.89 0.041763
1 580.64 303.79 605.46 316.25 0.041476
10 580.64 303.79 605.46 316.25 0.041476
2 642.57 471.64 660.48 492.31 0.041076
2 361.92 231.46 386.09 246.88 0.041012
1 267.13 276.10 292.58 289.08 0.040895
10 267.13 276.10 292.58 289.08 0.040895
3 380.46 359.77 396.18 377.80 0.040886
7 512.07 281.05 536.73 298.31 0.040880
7 240.18 323.52 262.87 342.78 0.040631
3 235.23 284.59 257.12 298.12 0.040482
7 413.38 397.68 433.49 419.86 0.040438
3 580.64 303.79 605.46 316.25 0.040056
7 708.00 371.61 729.07 394.10 0.039843
1 642.57 471.64 660.48 492.31 0.039796
10 642.57 471.64 660.48 492.31 0.039796
7 334.20 346.65 355.98 368.57 0.039766
2 512.07 281.05 536.73 298.31 0.039740
1 361.92 231.46 386.09 246.88 0.039728
10 361.92 231.46 386.09 246.88 0.039728
2 240.18 323.52 262.87 342.78 0.039460
3 267.13 276.10 292.58 289.08 0.039378
2 413.38 397.68 433.49 419.86 0.039243
7 158.27 392.89 179.47 416.64 0.039208
8 430.82 420.10 454.58 449.59 0.038738
8 472.96 502.05 499.92 528.06 0.038732
8 307.87 375.01 334.80 401.30 0.038617
2 708.00 371.61 729.07 394.10 0.038573
2 334.20 346.65 355.98 368.57 0.038487
1 512.07 281.05 536.73 298.31 0.038274
10 512.07 281.05 536.73 298.31 0.038274
3 361.92 231.46 386.09 246.88 0.038015
1 240.18 323.52 262.87 342.78 0.037954
10 240.18 323.52 262.87 342.78 0.037954
2 158.27 392.89 179.47 416.64 0.037861
1 413.38 397.68 433.49 419.86 0.037706
10 413.38 397.68 433.49 419.86 0.037706
8 339.26 322.60 372.71 345.54 0.037666
1 708.00 371.61 729.07 394.10 0.036941
10 708.00 371.61 729.07 394.10 0.036941
1 334.20 346.65 355.98 368.57 0.036842
10 334.20 346.65 355.98 368.57 0.036842
8 481.85 413.21 502.73 453.73 0.036399
3 512.07 281.05 536.73 298.31 0.036320
1 158.27 392.89 179.47 416.64 0.036125
10 158.27 392.89 179.47 416.64 0.036125
3 240.18 323.52 262.87 342.78 0.035947
3 413.38 397.68 433.49 419.86 0.035660
7 430.82 420.10 454.58 449.59 0.034983
7 472.96 502.05 499.92 528.06 0.034976
7 307.87 375.01 334.80 401.30 0.034823
3 708.00 371.61 729.07 394.10 0.034765
3 334.20 346.65 355.98 368.57 0.034652
8 285.03 406.45 314.48 440.26 0.033992
8 196.69 415.49 233.46 443.04 0.033715
7 339.26 322.60 372.71 345.54 0.033555
2 430.82 420.10 454.58 449.59 0.033106
2 472.96 502.05 499.92 528.06 0.033098
2 307.87 375.01 334.80 401.30 0.032926
7 481.85 413.21 502.73 453.73 0.031865
2 339.26 322.60 372.71 345.54 0.031499
1 430.82 420.10 454.58 449.59 0.030693
10 430.82 420.10 454.58 449.59 0.030693
1 472.96 502.05 499.92 528.06 0.030683
10 472.96 502.05 499.92 528.06 0.030683
1 307.87 375.01 334.80 401.30 0.030487
10 307.87 375.01 334.80 401.30 0.030487
2 481.85 413.21 502.73 453.73 0.029598
8 528.61 455.53 579.32 480.94 0.029285
1 339.26 322.60 372.71 345.54 0.028856
10 339.26 322.60 372.71 345.54 0.028856
7 285.03 406.45 314.48 440.26 0.028656
8 515.01 515.69 571.81 539.21 0.028531
7 196.69 415.49 233.46 443.04 0.028286
3 430.82 420.10 454.58 449.59 0.027499
3 472.96 502.05 499.92 528.06 0.027465
3 307.87 375.01 334.80 401.30 0.027237
1 481.85 413.21 502.73 453.73 0.026684
10 481.85 413.21 502.73 453.73 0.026684
8 208.72 442.02 265.28 468.07 0.026314
2 285.03 406.45 314.48 440.26 0.025987
2 196.69 415.49 233.46 443.04 0.025572
3 339.26 322.60 372.71 345.54 0.025334
8 522.03 491.36 577.99 519.13 0.025018
3 481.85 413.21 502.73 453.73 0.022799
1 285.03 406.45 314.48 440.26 0.022557
10 285.03 406.45 314.48 440.26 0.022557
7 528.61 455.53 579.32 480.94 0.022380
1 196.69 415.49 233.46 443.04 0.022082
10 196.69 415.49 233.46 443.04 0.022082
7 515.01 515.69 571.81 539.21 0.021374
