4 743.39 533.08 819.65 631.75 0.994331
4 640.85 550.36 705.44 653.29 0.989202
4 622.72 383.34 667.62 442.51 0.982029
4 686.14 251.87 717.79 282.97 0.959702
4 716.26 451.17 775.63 528.71 0.951509
4 623.56 326.19 663.10 374.67 0.947607
4 681.07 279.68 717.60 317.92 0.939789
4 625.66 251.82 657.79 286.06 0.938925
4 608.35 675.64 687.15 764.24 0.930232
4 692.05 319.79 734.20 367.37 0.921897
4 615.87 449.90 667.53 524.33 0.917919
4 62.05 59.93 100.69 82.90 0.915065
4 39.32 49.72 74.44 71.66 0.913030
4 681.95 224.80 713.57 254.45 0.911875
4 623.75 176.17 649.03 201.51 0.898364
4 728.76 639.96 802.35 753.34 0.892956
4 623.40 226.17 651.15 256.39 0.890543
4 634.18 105.44 653.33 124.79 0.877620
4 627.77 151.41 650.43 175.77 0.871375
4 624.90 287.07 661.23 327.27 0.867843
4 619.16 64.33 636.21 77.87 0.865478
4 675.47 153.70 703.31 183.41 0.847839
4 623.69 199.28 651.50 226.89 0.838943
4 627.96 91.76 648.08 109.70 0.805414
4 630.00 133.10 651.63 155.86 0.792481
4 177.06 0.04 199.69 11.69 0.783824
4 654.69 70.17 671.73 89.22 0.780618
4 675.61 201.51 706.96 228.94 0.778010
4 670.21 178.51 697.13 204.06 0.755179
4 201.57 0.10 222.26 13.02 0.741743
6 669.37 104.32 700.14 143.01 0.732725
4 627.05 119.12 647.53 137.84 0.730830
6 657.89 76.36 688.37 112.64 0.697678
4 671.74 138.74 693.87 160.68 0.689636
6 620.63 24.84 644.01 63.81 0.603469
6 704.82 355.90 760.25 439.02 0.594179
6 649.49 44.17 675.51 70.97 0.547508
7 608.08 676.28 686.47 764.61 0.513200
4 770.55 43.99 793.20 57.21 0.512483
10 1248.14 419.70 1358.91 763.28 0.476690
7 704.69 356.07 759.90 438.88 0.457203
2 604.69 -0.15 821.68 762.14 0.379791
10 727.03 638.27 804.16 754.05 0.335776
7 608.97 -0.28 819.40 762.41 0.252809
4 704.82 355.90 760.25 439.01 0.241648
10 607.33 674.18 688.48 762.86 0.235524
1 703.20 354.15 761.27 439.39 0.216267
6 1250.16 420.35 1359.62 764.28 0.196183
4 708.11 356.05 750.59 388.85 0.188881
4 645.44 2.74 657.89 17.32 0.186339
6 648.85 30.39 676.16 71.37 0.184464
4 627.15 70.87 644.54 89.32 0.181752
10 670.60 138.85 694.78 161.84 0.177574
10 1.15 1.07 341.94 273.69 0.169933
1 1248.07 419.34 1359.11 763.48 0.168169
7 704.50 379.49 760.90 438.96 0.165282
4 38.29 48.35 74.92 72.45 0.163086
4 61.11 58.36 101.16 83.61 0.160096
6 175.18 0.14 223.71 14.44 0.159011
2 559.69 4.24 842.34 759.51 0.154837
1 655.99 591.60 690.88 616.79 0.152793
6 657.13 75.18 690.06 112.23 0.148100
3 619.66 23.78 644.50 64.55 0.143660
7 720.05 421.22 754.12 440.32 0.139066
4 677.32 263.56 718.72 318.53 0.136395
10 721.19 421.80 753.30 440.27 0.133336
4 175.80 0.03 200.02 12.42 0.130895
4 622.42 225.33 652.42 256.10 0.130753
4 200.08 0.14 222.99 13.69 0.129461
6 704.16 380.99 760.40 438.79 0.123073
6 37.59 46.38 102.45 85.25 0.122497
10 647.63 29.63 677.28 71.67 0.120009
10 356.48 0.25 574.77 38.95 0.119490
4 674.91 152.56 704.15 184.04 0.111257
4 673.72 200.07 707.96 228.89 0.110798
10 626.35 89.59 649.15 110.73 0.110279
4 680.99 223.09 714.17 254.49 0.101767
8 619.16 64.33 636.21 77.87 0.048151
8 177.06 0.04 199.69 11.69 0.047889
8 201.57 0.10 222.26 13.02 0.047858
8 770.55 43.99 793.20 57.21 0.047601
7 619.16 64.33 636.21 77.87 0.047535
8 654.69 70.17 671.73 89.22 0.047399
2 619.16 64.33 636.21 77.87 0.047226
7 177.06 0.04 199.69 11.69 0.047185
7 201.57 0.10 222.26 13.02 0.047144
8 627.96 91.76 648.08 109.70 0.047108
8 634.18 105.44 653.33 124.79 0.047034
8 627.05 119.12 647.53 137.84 0.046929
2 177.06 0.04 199.69 11.69 0.046833
1 619.16 64.33 636.21 77.87 0.046830
10 619.16 64.33 636.21 77.87 0.046830
7 770.55 43.99 793.20 57.21 0.046802
2 201.57 0.10 222.26 13.02 0.046787
7 654.69 70.17 671.73 89.22 0.046532
2 770.55 43.99 793.20 57.21 0.046402
1 177.06 0.04 199.69 11.69 0.046381
10 177.06 0.04 199.69 11.69 0.046381
1 201.57 0.10 222.26 13.02 0.046327
10 201.57 0.10 222.26 13.02 0.046327
3 619.16 64.33 636.21 77.87 0.046302
7 627.96 91.76 648.08 109.70 0.046144
8 671.74 138.74 693.87 160.68 0.046111
2 654.69 70.17 671.73 89.22 0.046098
8 630.00 133.10 651.63 155.86 0.046058
7 634.18 105.44 653.33 124.79 0.046045
7 627.05 119.12 647.53 137.84 0.045905
1 770.55 43.99 793.20 57.21 0.045888
10 770.55 43.99 793.20 57.21 0.045888
3 177.06 0.04 199.69 11.69 0.045782
3 201.57 0.10 222.26 13.02 0.045718
2 627.96 91.76 648.08 109.70 0.045662
8 627.77 151.41 650.43 175.77 0.045578
2 634.18 105.44 653.33 124.79 0.045551
1 654.69 70.17 671.73 89.22 0.045541
10 654.69 70.17 671.73 89.22 0.045541
2 627.05 119.12 647.53 137.84 0.045393
3 770.55 43.99 793.20 57.21 0.045203
1 627.96 91.76 648.08 109.70 0.045042
10 627.96 91.76 648.08 109.70 0.045042
1 634.18 105.44 653.33 124.79 0.044915
10 634.18 105.44 653.33 124.79 0.044915
8 623.75 176.17 649.03 201.51 0.044869
7 671.74 138.74 693.87 160.68 0.044814
3 654.69 70.17 671.73 89.22 0.044797
7 630.00 133.10 651.63 155.86 0.044743
1 627.05 119.12 647.53 137.84 0.044735
10 627.05 119.12 647.53 137.84 0.044735
8 670.21 178.51 697.13 204.06 0.044490
8 649.49 44.17 675.51 70.97 0.044416
3 627.96 91.76 648.08 109.70 0.044217
2 671.74 138.74 693.87 160.68 0.044166
7 627.77 151.41 650.43 175.77 0.044104
2 630.00 133.10 651.63 155.86 0.044086
3 634.18 105.44 653.33 124.79 0.044068
3 627.05 119.12 647.53 137.84 0.043858
8 623.69 199.28 651.50 226.89 0.043850
8 39.32 49.72 74.44 71.66 0.043828
8 675.47 153.70 703.31 183.41 0.043377
2 627.77 151.41 650.43 175.77 0.043367
1 671.74 138.74 693.87 160.68 0.043333
10 671.74 138.74 693.87 160.68 0.043333
8 623.40 226.17 651.15 256.39 0.043285
1 630.00 133.10 651.63 155.86 0.043241
10 630.00 133.10 651.63 155.86 0.043241
7 623.75 176.17 649.03 201.51 0.043158
8 675.61 201.51 706.96 228.94 0.043109
8 620.63 24.84 644.01 63.81 0.042704
7 670.21 178.51 697.13 204.06 0.042654
7 649.49 44.17 675.51 70.97 0.042555
8 681.95 224.80 713.57 254.45 0.042490
1 627.77 151.41 650.43 175.77 0.042419
10 627.77 151.41 650.43 175.77 0.042419
2 623.75 176.17 649.03 201.51 0.042303
3 671.74 138.74 693.87 160.68 0.042222
3 630.00 133.10 651.63 155.86 0.042115
8 686.14 251.87 717.79 282.97 0.042115
7 623.69 199.28 651.50 226.89 0.041800
7 39.32 49.72 74.44 71.66 0.041770
2 670.21 178.51 697.13 204.06 0.041735
2 649.49 44.17 675.51 70.97 0.041623
1 623.75 176.17 649.03 201.51 0.041203
10 623.75 176.17 649.03 201.51 0.041203
8 625.66 251.82 657.79 286.06 0.041186
7 675.47 153.70 703.31 183.41 0.041169
3 627.77 151.41 650.43 175.77 0.041157
8 657.89 76.36 688.37 112.64 0.041144
7 623.40 226.17 651.15 256.39 0.041046
7 675.61 201.51 706.96 228.94 0.040813
2 623.69 199.28 651.50 226.89 0.040775
2 39.32 49.72 74.44 71.66 0.040741
1 670.21 178.51 697.13 204.06 0.040555
10 670.21 178.51 697.13 204.06 0.040555
8 669.37 104.32 700.14 143.01 0.040466
1 649.49 44.17 675.51 70.97 0.040427
10 649.49 44.17 675.51 70.97 0.040427
7 620.63 24.84 644.01 63.81 0.040274
2 675.47 153.70 703.31 183.41 0.040066
7 681.95 224.80 713.57 254.45 0.039987
2 623.40 226.17 651.15 256.39 0.039927
3 623.75 176.17 649.03 201.51 0.039739
2 675.61 201.51 706.96 228.94 0.039664
7 686.14 251.87 717.79 282.97 0.039486
1 623.69 199.28 651.50 226.89 0.039457
10 623.69 199.28 651.50 226.89 0.039457
1 39.32 49.72 74.44 71.66 0.039419
10 39.32 49.72 74.44 71.66 0.039419
2 620.63 24.84 644.01 63.81 0.039056
3 670.21 178.51 697.13 204.06 0.038981
3 649.49 44.17 675.51 70.97 0.038831
8 681.07 279.68 717.60 317.92 0.038809
2 681.95 224.80 713.57 254.45 0.038736
1 675.47 153.70 703.31 183.41 0.038646
10 675.47 153.70 703.31 183.41 0.038646
1 623.40 226.17 651.15 256.39 0.038488
10 623.40 226.17 651.15 256.39 0.038488
8 624.90 287.07 661.23 327.27 0.038305
7 625.66 251.82 657.79 286.06 0.038248
7 657.89 76.36 688.37 112.64 0.038212
1 675.61 201.51 706.96 228.94 0.038188
10 675.61 201.51 706.96 228.94 0.038188
2 686.14 251.87 717.79 282.97 0.038172
3 623.69 199.28 651.50 226.89 0.037700
3 39.32 49.72 74.44 71.66 0.037656
1 620.63 24.84 644.01 63.81 0.037493
10 620.63 24.84 644.01 63.81 0.037493
7 669.37 104.32 700.14 143.01 0.037303
1 681.95 224.80 713.57 254.45 0.037127
10 681.95 224.80 713.57 254.45 0.037127
2 625.66 251.82 657.79 286.06 0.036779
3 675.47 153.70 703.31 183.41 0.036754
2 657.89 76.36 688.37 112.64 0.036716
3 623.40 226.17 651.15 256.39 0.036570
1 686.14 251.87 717.79 282.97 0.036482
10 686.14 251.87 717.79 282.97 0.036482
3 675.61 201.51 706.96 228.94 0.036219
2 669.37 104.32 700.14 143.01 0.035699
3 620.63 24.84 644.01 63.81 0.035408
7 681.07 279.68 717.60 317.92 0.035078
3 681.95 224.80 713.57 254.45 0.034983
1 625.66 251.82 657.79 286.06 0.034891
10 625.66 251.82 657.79 286.06 0.034891
1 657.89 76.36 688.37 112.64 0.034818
10 657.89 76.36 688.37 112.64 0.034818
8 623.49 326.47 662.89 374.74 0.034767
7 624.90 287.07 661.23 327.27 0.034406
3 686.14 251.87 717.79 282.97 0.034229
8 692.05 319.79 734.20 367.37 0.033936
1 669.37 104.32 700.14 143.01 0.033656
10 669.37 104.32 700.14 143.01 0.033656
2 681.07 279.68 717.60 317.92 0.033213
2 624.90 287.07 661.23 327.27 0.032457
3 625.66 251.82 657.79 286.06 0.032373
3 657.89 76.36 688.37 112.64 0.032288
3 669.37 104.32 700.14 143.01 0.030932
1 681.07 279.68 717.60 317.92 0.030815
10 681.07 279.68 717.60 317.92 0.030815
1 624.90 287.07 661.23 327.27 0.029951
10 624.90 287.07 661.23 327.27 0.029951
7 623.49 326.47 662.89 374.74 0.029690
7 692.05 319.79 734.20 367.37 0.028581
3 681.07 279.68 717.60 317.92 0.027620
2 623.49 326.47 662.89 374.74 0.027151
3 624.90 287.07 661.23 327.27 0.026610
2 692.05 319.79 734.20 367.37 0.025904
10 623.49 326.47 662.89 374.74 0.023987
1 623.49 326.47 662.89 374.74 0.023887
1 692.05 319.79 734.20 367.37 0.022462
10 692.05 319.79 734.20 367.37 0.022462
