4 666.57 308.47 685.20 323.56 0.842172
4 530.85 371.46 545.31 383.43 0.752315
4 462.11 363.31 482.98 376.29 0.670371
4 742.04 200.23 759.96 211.35 0.669392
4 680.89 274.39 699.37 286.92 0.645143
4 231.45 480.83 256.89 496.31 0.643457
4 687.01 295.04 707.32 305.14 0.631011
4 498.44 367.56 512.60 379.37 0.585204
4 425.31 362.25 444.22 374.05 0.583215
4 261.66 637.33 285.06 658.46 0.528656
10 901.86 957.25 1327.36 1078.26 0.459588
2 593.64 291.14 608.20 317.01 0.452152
2 116.05 489.36 133.49 516.52 0.408933
10 421.44 912.09 849.76 1077.08 0.404721
2 702.76 341.66 718.02 366.31 0.391831
2 1547.05 630.26 1697.99 1077.31 0.375944
2 21.00 214.55 891.75 858.27 0.371667
2 560.85 431.05 581.35 464.10 0.356865
2 717.86 337.86 728.04 357.36 0.355298
2 710.68 342.22 719.69 361.61 0.350087
2 597.50 409.64 614.66 445.50 0.336917
2 1065.09 1056.50 1072.91 1069.80 0.335002
2 996.76 308.92 1253.22 448.92 0.316443
2 558.17 270.55 830.51 461.56 0.313471
2 604.97 411.01 615.73 441.04 0.283266
7 259.10 634.10 287.27 663.51 0.268979
2 222.50 345.91 576.92 415.37 0.260092
6 698.79 649.47 831.53 838.22 0.254903
1 701.83 340.62 719.83 367.53 0.233745
4 664.07 305.47 687.78 326.09 0.233492
6 421.77 911.87 849.76 1077.46 0.232410
7 493.45 362.57 550.57 387.83 0.221124
7 68.67 827.25 87.87 845.91 0.216659
7 32.75 816.76 96.74 869.39 0.199013
2 703.41 341.93 718.77 366.14 0.198120
7 255.61 630.61 291.02 670.52 0.191210
4 678.55 270.50 701.64 289.20 0.190862
7 35.25 845.30 54.32 867.67 0.186000
4 660.32 301.65 691.12 329.20 0.177759
4 662.71 304.11 688.99 327.11 0.173867
1 114.29 487.18 135.11 518.20 0.172145
2 992.01 302.03 1264.15 453.09 0.164109
7 215.88 660.20 243.70 692.55 0.164000
10 259.05 634.49 287.27 663.64 0.155892
1 558.93 428.57 588.15 465.68 0.150178
10 419.19 910.58 1328.82 1078.02 0.149847
2 691.34 268.03 834.49 372.63 0.148853
1 695.34 333.94 729.86 371.29 0.147403
2 587.80 265.55 835.96 447.34 0.147133
1 592.25 288.97 610.53 317.50 0.147102
4 739.73 197.23 762.89 213.69 0.135703
1 811.17 271.66 827.89 290.54 0.135469
10 49.02 498.15 87.84 528.97 0.133506
6 669.68 633.95 854.37 870.63 0.132532
10 221.35 347.56 580.30 419.54 0.131497
1 712.42 336.45 729.30 359.53 0.128001
1 602.48 407.83 618.38 443.15 0.127914
5 979.81 249.54 1023.41 272.28 0.127368
1 558.56 430.13 576.56 463.54 0.126458
2 592.59 333.40 731.39 448.23 0.123473
5 662.51 293.81 710.88 327.69 0.123349
10 34.47 824.36 91.21 868.53 0.122928
10 221.32 344.68 581.64 478.67 0.121956
7 174.48 717.50 201.90 740.17 0.118983
6 45.74 493.32 91.12 533.51 0.116947
1 710.42 335.71 729.56 360.75 0.115644
1 593.67 406.19 617.33 448.51 0.112629
1 355.44 351.78 372.26 370.57 0.112628
7 67.66 815.20 98.50 847.36 0.109978
2 557.89 329.25 738.48 464.94 0.102388
8 1065.09 1056.50 1072.91 1069.80 0.049582
7 1065.09 1056.50 1072.91 1069.80 0.049443
8 498.44 367.56 512.60 379.37 0.049328
8 530.85 371.46 545.31 383.43 0.049305
8 710.68 342.22 719.69 361.61 0.049298
1 1065.09 1056.50 1072.91 1069.80 0.049291
10 1065.09 1056.50 1072.91 1069.80 0.049283
8 717.86 337.86 728.04 357.36 0.049202
8 742.04 200.23 759.96 211.35 0.049199
8 687.01 295.04 707.32 305.14 0.049176
3 1065.09 1056.50 1072.91 1069.80 0.049164
7 498.44 367.56 512.60 379.37 0.049105
8 425.31 362.25 444.22 374.05 0.049103
7 530.85 371.46 545.31 383.43 0.049073
8 680.89 274.39 699.37 286.92 0.049069
7 710.68 342.22 719.69 361.61 0.049063
2 498.44 367.56 512.60 379.37 0.048993
2 530.85 371.46 545.31 383.43 0.048957
7 717.86 337.86 728.04 357.36 0.048936
7 742.04 200.23 759.96 211.35 0.048932
8 462.11 363.31 482.98 376.29 0.048912
7 687.01 295.04 707.32 305.14 0.048901
8 666.57 308.47 685.20 323.56 0.048871
1 498.44 367.56 512.60 379.37 0.048849
10 498.44 367.56 512.60 379.37 0.048849
1 530.85 371.46 545.31 383.43 0.048809
10 530.85 371.46 545.31 383.43 0.048809
7 425.31 362.25 444.22 374.05 0.048804
2 742.04 200.23 759.96 211.35 0.048799
1 710.68 342.22 719.69 361.61 0.048797
10 710.68 342.22 719.69 361.61 0.048796
2 687.01 295.04 707.32 305.14 0.048763
7 680.89 274.39 699.37 286.92 0.048759
8 595.24 292.17 607.43 317.49 0.048759
8 704.54 342.93 717.74 366.68 0.048740
8 604.97 411.01 615.73 441.04 0.048701
3 498.44 367.56 512.60 379.37 0.048658
2 425.31 362.25 444.22 374.05 0.048655
1 717.86 337.86 728.04 357.36 0.048632
10 717.86 337.86 728.04 357.36 0.048632
1 742.04 200.23 759.96 211.35 0.048627
10 742.04 200.23 759.96 211.35 0.048627
3 530.85 371.46 545.31 383.43 0.048610
2 680.89 274.39 699.37 286.92 0.048604
3 710.68 342.22 719.69 361.61 0.048595
1 687.01 295.04 707.32 305.14 0.048587
10 687.01 295.04 707.32 305.14 0.048587
7 462.11 363.31 482.98 376.29 0.048549
7 666.57 308.47 685.20 323.56 0.048494
1 425.31 362.25 444.22 374.05 0.048462
10 425.31 362.25 444.22 374.05 0.048462
8 231.45 480.83 256.89 496.31 0.048417
1 680.89 274.39 699.37 286.92 0.048405
10 680.89 274.39 699.37 286.92 0.048405
3 717.86 337.86 728.04 357.36 0.048404
3 742.04 200.23 759.96 211.35 0.048399
2 462.11 363.31 482.98 376.29 0.048367
3 687.01 295.04 707.32 305.14 0.048351
7 595.24 292.17 607.43 317.49 0.048345
7 704.54 342.93 717.74 366.68 0.048319
2 666.57 308.47 685.20 323.56 0.048306
7 604.97 411.01 615.73 441.04 0.048268
3 425.31 362.25 444.22 374.05 0.048208
3 680.89 274.39 699.37 286.92 0.048139
1 462.11 363.31 482.98 376.29 0.048134
10 462.11 363.31 482.98 376.29 0.048134
8 116.05 489.36 133.49 516.52 0.048096
1 666.57 308.47 685.20 323.56 0.048064
10 666.57 308.47 685.20 323.56 0.048064
8 261.66 637.33 285.06 658.46 0.048013
7 231.45 480.83 256.89 496.31 0.047890
1 595.24 292.17 607.43 317.49 0.047873
10 595.24 292.17 607.43 317.49 0.047873
1 704.54 342.93 717.74 366.68 0.047842
10 704.54 342.93 717.74 366.68 0.047839
3 462.11 363.31 482.98 376.29 0.047824
8 562.12 431.85 579.15 464.21 0.047784
1 604.97 411.01 615.73 441.04 0.047774
10 604.97 411.01 615.73 441.04 0.047773
3 666.57 308.47 685.20 323.56 0.047744
2 231.45 480.83 256.89 496.31 0.047626
8 597.50 409.64 614.66 445.50 0.047527
3 595.24 292.17 607.43 317.49 0.047518
3 704.54 342.93 717.74 366.68 0.047479
7 116.05 489.36 133.49 516.52 0.047462
3 604.97 411.01 615.73 441.04 0.047402
7 261.66 637.33 285.06 658.46 0.047350
1 231.45 480.83 256.89 496.31 0.047287
10 231.45 480.83 256.89 496.31 0.047287
7 562.12 431.85 579.15 464.21 0.047045
2 261.66 637.33 285.06 658.46 0.047019
3 231.45 480.83 256.89 496.31 0.046835
1 116.05 489.36 133.49 516.52 0.046738
10 116.05 489.36 133.49 516.52 0.046736
7 597.50 409.64 614.66 445.50 0.046703
1 261.66 637.33 285.06 658.46 0.046593
10 261.66 637.33 285.06 658.46 0.046593
1 562.12 431.85 579.15 464.21 0.046202
10 562.12 431.85 579.15 464.21 0.046201
3 116.05 489.36 133.49 516.52 0.046192
3 261.66 637.33 285.06 658.46 0.046026
1 597.50 409.64 614.66 445.50 0.045761
10 597.50 409.64 614.66 445.50 0.045761
3 562.12 431.85 579.15 464.21 0.045568
3 597.50 409.64 614.66 445.50 0.045054
