4 866.21 461.75 939.45 514.34 0.985777
4 1579.36 131.89 1620.30 159.08 0.978369
4 1768.04 365.68 1848.05 411.57 0.971017
4 530.43 650.31 617.88 714.90 0.957157
4 1549.85 84.46 1582.47 110.69 0.900813
4 1703.72 196.92 1744.96 229.31 0.900499
4 1418.64 168.82 1464.33 191.67 0.888574
4 1614.28 153.16 1650.55 178.99 0.886157
4 969.03 -0.19 1011.01 13.24 0.883921
4 1516.30 95.64 1552.77 127.39 0.848176
4 1574.80 206.04 1607.16 237.40 0.845794
4 1572.54 68.44 1612.35 94.62 0.821363
4 932.47 418.53 996.16 473.30 0.809421
4 1054.08 43.36 1078.00 63.65 0.807833
6 1717.00 195.37 1915.38 365.47 0.791069
4 1814.57 91.48 1839.17 108.93 0.771593
4 1107.90 60.80 1143.24 85.79 0.755345
4 999.67 379.98 1057.47 433.43 0.754096
4 705.00 964.09 800.69 1044.60 0.748273
4 1695.99 115.12 1735.78 143.83 0.742363
4 1066.01 5.65 1098.22 29.05 0.725857
4 1425.83 150.74 1442.43 167.18 0.720196
4 1826.93 22.24 1850.15 40.86 0.718323
4 1171.46 173.26 1191.13 189.45 0.715693
4 1623.25 35.90 1654.77 63.55 0.708654
4 1513.47 17.32 1547.82 39.52 0.696617
4 1668.31 15.56 1699.09 40.63 0.694726
4 1061.21 148.82 1089.98 168.16 0.693763
4 0.22 968.82 45.57 1038.05 0.683167
4 1846.56 62.70 1879.24 87.93 0.680959
4 1665.48 51.62 1686.76 77.68 0.662126
4 1868.93 47.91 1895.76 70.67 0.652007
4 1080.92 47.80 1119.75 73.01 0.644868
4 1029.78 19.76 1062.83 43.04 0.644663
4 1044.57 338.78 1123.75 403.02 0.637280
4 1688.23 174.84 1711.42 193.52 0.634989
4 1003.42 45.00 1045.51 66.21 0.621989
4 1708.26 -0.16 1735.98 13.63 0.616782
4 748.68 259.33 778.68 296.89 0.598806
2 1162.60 556.08 1200.52 593.69 0.588988
4 1007.93 23.22 1044.09 46.53 0.586978
4 1750.48 108.55 1775.13 130.22 0.581737
4 116.01 212.20 133.43 230.58 0.580150
4 1604.79 55.36 1632.03 77.91 0.577868
4 752.55 268.88 777.72 296.38 0.551287
4 278.58 520.43 302.34 538.35 0.538211
4 336.80 36.43 360.75 58.16 0.522782
4 1807.15 91.90 1839.38 118.13 0.513456
6 1769.40 121.46 1915.55 197.44 0.505243
4 1808.56 46.48 1829.62 62.46 0.504855
3 897.81 780.73 979.52 815.11 0.477516
4 978.15 43.92 997.16 61.03 0.474673
1 1159.51 551.58 1204.41 596.64 0.464963
2 1165.41 558.83 1183.02 592.18 0.461832
6 999.59 338.56 1123.89 433.81 0.434456
4 208.98 702.14 291.77 754.96 0.400050
6 705.06 221.02 779.26 300.25 0.385475
4 528.17 647.18 621.44 716.48 0.337618
4 863.25 459.04 942.15 516.19 0.334126
10 703.14 961.35 802.19 1045.74 0.325398
4 1766.64 362.50 1849.16 413.03 0.320161
7 996.59 335.22 1126.15 435.03 0.309477
2 639.34 5.22 783.89 302.76 0.308366
1 1162.88 556.40 1180.96 591.66 0.305067
7 861.27 332.91 1128.01 518.27 0.286905
1 1182.11 559.34 1202.07 594.16 0.279956
2 135.38 0.22 333.69 196.63 0.279835
1 1160.06 253.97 1183.51 282.63 0.272750
7 927.85 333.65 1127.46 476.64 0.263083
1 1254.55 211.50 1272.17 235.25 0.244374
3 1169.32 170.54 1192.71 191.19 0.243728
1 1161.71 255.33 1179.23 281.13 0.243721
4 1702.68 194.67 1746.48 230.58 0.240099
5 999.59 338.55 1123.89 433.82 0.239586
3 1601.95 239.59 1627.95 269.64 0.236998
3 1794.10 328.97 1832.61 356.60 0.236231
1 1169.11 558.90 1186.66 592.75 0.234203
5 692.53 951.07 814.80 1055.53 0.228077
4 997.59 378.25 1058.69 434.55 0.227544
2 1184.36 560.97 1200.81 593.10 0.225609
4 518.20 636.63 634.81 727.60 0.211938
2 1179.19 560.70 1201.40 593.74 0.208591
1 1256.48 212.85 1269.55 234.15 0.206475
4 856.29 451.59 948.52 525.74 0.203854
3 1160.61 259.81 1184.24 283.36 0.201903
3 1060.81 147.19 1091.65 179.41 0.197054
4 1515.24 93.69 1554.54 128.60 0.193855
10 1714.12 193.04 1914.72 366.33 0.192009
4 1492.94 50.10 1527.56 74.80 0.190950
4 996.75 47.31 1024.81 66.28 0.190628
1 1514.86 474.17 1540.33 523.89 0.189736
1 1516.80 476.75 1538.21 505.17 0.188790
4 1692.26 1.70 1711.85 19.71 0.188563
1 803.20 383.15 823.05 409.37 0.188072
1 802.18 381.97 824.50 410.41 0.187563
3 1603.35 241.97 1627.79 268.26 0.187207
4 1577.90 129.53 1621.28 160.75 0.184736
7 157.33 452.62 187.48 486.94 0.182901
3 1164.92 164.79 1196.93 195.11 0.180191
2 1145.37 540.27 1218.38 608.59 0.173270
4 1106.30 58.67 1144.43 87.12 0.172803
7 861.90 415.06 999.39 517.61 0.172621
4 1573.41 203.59 1607.90 239.01 0.171978
1 1603.36 433.01 1626.70 484.93 0.169046
4 1621.85 33.43 1655.92 64.98 0.163208
1 1604.64 449.40 1624.71 485.00 0.160712
4 1667.20 13.77 1700.32 41.69 0.159110
1 1156.07 250.13 1188.26 288.38 0.157307
6 1791.27 304.43 1890.39 366.49 0.156272
7 1097.89 597.72 1125.07 631.55 0.153038
1 1636.86 198.68 1660.18 229.43 0.153034
3 894.98 777.07 979.21 815.29 0.151822
4 999.53 42.86 1046.91 68.17 0.148337
4 250.45 476.29 304.71 537.22 0.147879
4 966.93 -0.29 1012.26 13.98 0.146222
4 1662.85 49.70 1688.43 79.75 0.144665
4 1511.70 15.33 1549.05 41.74 0.144647
1 747.23 256.70 780.08 300.90 0.143493
4 1612.98 151.49 1652.67 180.35 0.143420
4 1694.62 112.67 1737.18 145.05 0.141118
1 1250.55 207.99 1278.77 239.48 0.138726
7 998.15 14.92 1147.36 93.29 0.138010
3 1035.28 124.78 1067.52 157.31 0.135886
7 1075.88 42.90 1144.99 88.41 0.134448
1 1634.94 130.61 1655.49 153.78 0.134187
6 702.97 961.25 802.75 1045.71 0.133988
10 67.64 111.88 119.12 205.89 0.132513
1 1006.49 86.53 1026.22 108.65 0.132332
10 1219.67 519.49 1277.34 555.68 0.130892
1 1178.70 559.12 1202.43 594.66 0.130742
4 1845.02 60.13 1880.69 89.19 0.130463
4 997.37 365.72 1079.15 435.68 0.129762
2 182.07 7.88 336.09 193.98 0.128987
3 1624.49 208.01 1660.15 244.36 0.127253
7 1625.10 211.19 1649.66 243.16 0.124009
3 1787.06 321.09 1838.23 361.60 0.122259
3 1146.76 243.37 1198.19 303.02 0.120772
4 1052.92 41.25 1078.74 64.67 0.120618
4 1064.80 4.13 1099.77 30.95 0.120448
4 1028.09 18.01 1064.27 45.09 0.120363
4 502.95 624.48 651.65 747.46 0.119662
3 1790.40 323.82 1836.22 359.96 0.119427
10 1423.57 149.68 1442.71 169.05 0.119131
2 641.10 11.05 763.61 185.40 0.118326
10 128.71 241.33 317.95 559.36 0.117219
1 1640.10 199.48 1658.58 219.61 0.117098
2 1161.19 553.54 1203.02 595.85 0.115482
10 1.67 242.43 140.66 670.23 0.115273
3 1599.93 202.65 1660.94 270.40 0.115063
2 1152.59 546.69 1210.79 601.87 0.113530
1 1628.36 198.88 1658.39 233.39 0.112451
4 1042.78 360.55 1079.85 403.89 0.112439
9 677.70 935.03 832.80 1063.33 0.109714
2 186.11 9.98 315.07 142.47 0.108630
4 1548.58 82.47 1583.63 112.63 0.107996
10 1519.92 403.08 1576.23 453.64 0.107408
3 1601.19 220.78 1649.09 269.29 0.107116
1 1160.69 255.68 1176.61 280.81 0.106978
10 703.57 217.93 781.69 306.89 0.106659
4 1603.06 52.67 1633.75 79.31 0.106641
1 1057.48 188.26 1071.05 210.07 0.106238
9 1769.87 146.03 1845.57 196.13 0.105616
1 1607.73 432.44 1624.83 468.71 0.105407
1 210.88 403.02 238.31 441.05 0.104639
3 1034.15 124.57 1093.29 181.13 0.101914
10 1686.38 172.10 1711.20 194.45 0.100090
8 116.01 212.20 133.43 230.58 0.048708
8 978.15 43.92 997.16 61.03 0.048687
8 1808.56 46.48 1829.62 62.46 0.048643
8 1708.26 -0.16 1735.98 13.63 0.048458
8 278.58 520.43 302.34 538.35 0.048282
7 116.01 212.20 133.43 230.58 0.048278
8 1814.57 91.48 1839.17 108.93 0.048268
8 1826.93 22.24 1850.15 40.86 0.048255
7 978.15 43.92 997.16 61.03 0.048249
7 1808.56 46.48 1829.62 62.46 0.048190
2 116.01 212.20 133.43 230.58 0.048063
8 1054.08 43.36 1078.00 63.65 0.048042
2 978.15 43.92 997.16 61.03 0.048030
2 1808.56 46.48 1829.62 62.46 0.047964
7 1708.26 -0.16 1735.98 13.63 0.047944
8 336.80 36.43 360.75 58.16 0.047901
8 1750.48 108.55 1775.13 130.22 0.047845
1 116.01 212.20 133.43 230.58 0.047786
10 116.01 212.20 133.43 230.58 0.047786
8 1665.48 51.62 1686.76 77.68 0.047762
8 1061.21 148.82 1089.98 168.16 0.047755
1 978.15 43.92 997.16 61.03 0.047749
10 978.15 43.92 997.16 61.03 0.047749
8 969.03 -0.19 1011.01 13.24 0.047725
7 278.58 520.43 302.34 538.35 0.047710
7 1814.57 91.48 1839.17 108.93 0.047691
2 1708.26 -0.16 1735.98 13.63 0.047687
7 1826.93 22.24 1850.15 40.86 0.047674
1 1808.56 46.48 1829.62 62.46 0.047673
10 1808.56 46.48 1829.62 62.46 0.047673
8 1165.41 558.83 1183.02 592.18 0.047631
8 1868.93 47.91 1895.76 70.67 0.047536
8 1604.79 55.36 1632.03 77.91 0.047523
2 278.58 520.43 302.34 538.35 0.047424
3 116.01 212.20 133.43 230.58 0.047418
2 1814.57 91.48 1839.17 108.93 0.047402
7 1054.08 43.36 1078.00 63.65 0.047389
2 1826.93 22.24 1850.15 40.86 0.047383
3 978.15 43.92 997.16 61.03 0.047374
1 1708.26 -0.16 1735.98 13.63 0.047357
10 1708.26 -0.16 1735.98 13.63 0.047357
3 1808.56 46.48 1829.62 62.46 0.047285
8 752.55 268.88 777.72 296.38 0.047208
7 336.80 36.43 360.75 58.16 0.047201
7 1750.48 108.55 1775.13 130.22 0.047126
2 1054.08 43.36 1078.00 63.65 0.047062
1 278.58 520.43 302.34 538.35 0.047056
10 278.58 520.43 302.34 538.35 0.047056
8 1179.32 560.73 1201.44 593.74 0.047056
1 1814.57 91.48 1839.17 108.93 0.047031
10 1814.57 91.48 1839.17 108.93 0.047031
7 1665.48 51.62 1686.76 77.68 0.047016
1 1826.93 22.24 1850.15 40.86 0.047009
10 1826.93 22.24 1850.15 40.86 0.047009
7 1061.21 148.82 1089.98 168.16 0.047007
7 969.03 -0.19 1011.01 13.24 0.046967
8 1066.01 5.65 1098.22 29.05 0.046959
8 1513.47 17.32 1547.82 39.52 0.046922
3 1708.26 -0.16 1735.98 13.63 0.046917
8 1029.78 19.76 1062.83 43.04 0.046896
8 1668.31 15.56 1699.09 40.63 0.046886
2 336.80 36.43 360.75 58.16 0.046851
7 1165.41 558.83 1183.02 592.18 0.046841
2 1750.48 108.55 1775.13 130.22 0.046767
7 1868.93 47.91 1895.76 70.67 0.046714
7 1604.79 55.36 1632.03 77.91 0.046697
8 1846.56 62.70 1879.24 87.93 0.046673
2 1665.48 51.62 1686.76 77.68 0.046643
1 1054.08 43.36 1078.00 63.65 0.046643
10 1054.08 43.36 1078.00 63.65 0.046643
2 1061.21 148.82 1089.98 168.16 0.046633
8 1007.93 23.22 1044.09 46.53 0.046600
8 1807.15 91.90 1839.38 118.13 0.046589
2 969.03 -0.19 1011.01 13.24 0.046588
3 278.58 520.43 302.34 538.35 0.046566
8 1549.85 84.46 1582.47 110.69 0.046547
3 1814.57 91.48 1839.17 108.93 0.046536
3 1826.93 22.24 1850.15 40.86 0.046511
8 1623.25 35.90 1654.77 63.55 0.046484
8 1107.90 60.80 1143.24 85.79 0.046438
1 336.80 36.43 360.75 58.16 0.046401
10 336.80 36.43 360.75 58.16 0.046401
8 1003.42 45.00 1045.51 66.21 0.046397
1 1750.48 108.55 1775.13 130.22 0.046305
10 1750.48 108.55 1775.13 130.22 0.046305
2 1868.93 47.91 1895.76 70.67 0.046303
2 1604.79 55.36 1632.03 77.91 0.046284
7 752.55 268.88 777.72 296.38 0.046278
8 1614.28 153.16 1650.55 178.99 0.046220
1 1665.48 51.62 1686.76 77.68 0.046164
10 1665.48 51.62 1686.76 77.68 0.046164
1 1061.21 148.82 1089.98 168.16 0.046152
10 1061.21 148.82 1089.98 168.16 0.046152
1 969.03 -0.19 1011.01 13.24 0.046101
10 969.03 -0.19 1011.01 13.24 0.046101
3 1054.08 43.36 1078.00 63.65 0.046083
7 1179.32 560.73 1201.44 593.74 0.046074
8 1080.92 47.80 1119.75 73.01 0.046052
7 1066.01 5.65 1098.22 29.05 0.045945
1 1165.41 558.83 1183.02 592.18 0.045939
10 1165.41 558.83 1183.02 592.18 0.045939
8 1574.80 206.04 1607.16 237.40 0.045906
7 1513.47 17.32 1547.82 39.52 0.045897
7 1029.78 19.76 1062.83 43.04 0.045861
7 1668.31 15.56 1699.09 40.63 0.045848
2 752.55 268.88 777.72 296.38 0.045812
3 336.80 36.43 360.75 58.16 0.045802
8 1572.54 68.44 1612.35 94.62 0.045796
8 1418.64 168.82 1464.33 191.67 0.045788
1 1868.93 47.91 1895.76 70.67 0.045775
10 1868.93 47.91 1895.76 70.67 0.045775
1 1604.79 55.36 1632.03 77.91 0.045754
10 1604.79 55.36 1632.03 77.91 0.045754
3 1750.48 108.55 1775.13 130.22 0.045689
7 1846.56 62.70 1879.24 87.93 0.045564
3 1665.48 51.62 1686.76 77.68 0.045525
3 1061.21 148.82 1089.98 168.16 0.045511
8 1579.36 131.89 1620.30 159.08 0.045509
7 1007.93 23.22 1044.09 46.53 0.045466
3 969.03 -0.19 1011.01 13.24 0.045456
8 748.68 259.33 778.68 296.89 0.045453
7 1807.15 91.90 1839.38 118.13 0.045452
2 1066.01 5.65 1098.22 29.05 0.045438
7 1549.85 84.46 1582.47 110.69 0.045397
8 1695.99 115.12 1735.78 143.83 0.045392
2 1513.47 17.32 1547.82 39.52 0.045384
2 1029.78 19.76 1062.83 43.04 0.045344
2 1668.31 15.56 1699.09 40.63 0.045329
8 1516.30 95.64 1552.77 127.39 0.045329
7 1623.25 35.90 1654.77 63.55 0.045312
3 1165.41 558.83 1183.02 592.18 0.045262
7 1107.90 60.80 1143.24 85.79 0.045250
1 752.55 268.88 777.72 296.38 0.045214
10 752.55 268.88 777.72 296.38 0.045214
7 1003.42 45.00 1045.51 66.21 0.045197
3 1868.93 47.91 1895.76 70.67 0.045071
3 1604.79 55.36 1632.03 77.91 0.045046
2 1846.56 62.70 1879.24 87.93 0.045009
7 1614.28 153.16 1650.55 178.99 0.044960
1 1179.32 560.73 1201.44 593.74 0.044955
10 1179.32 560.73 1201.44 593.74 0.044952
2 1007.93 23.22 1044.09 46.53 0.044899
2 1807.15 91.90 1839.38 118.13 0.044883
2 1549.85 84.46 1582.47 110.69 0.044821
1 1066.01 5.65 1098.22 29.05 0.044787
10 1066.01 5.65 1098.22 29.05 0.044787
7 1080.92 47.80 1119.75 73.01 0.044736
2 1623.25 35.90 1654.77 63.55 0.044726
1 1513.47 17.32 1547.82 39.52 0.044724
10 1513.47 17.32 1547.82 39.52 0.044724
1 1029.78 19.76 1062.83 43.04 0.044679
10 1029.78 19.76 1062.83 43.04 0.044679
1 1668.31 15.56 1699.09 40.63 0.044662
10 1668.31 15.56 1699.09 40.63 0.044662
2 1107.90 60.80 1143.24 85.79 0.044656
8 1703.72 196.92 1744.96 229.31 0.044610
2 1003.42 45.00 1045.51 66.21 0.044596
7 1574.80 206.04 1607.16 237.40 0.044542
8 1163.46 557.13 1200.63 594.19 0.044443
3 752.55 268.88 777.72 296.38 0.044417
7 1572.54 68.44 1612.35 94.62 0.044394
7 1418.64 168.82 1464.33 191.67 0.044384
2 1614.28 153.16 1650.55 178.99 0.044330
1 1846.56 62.70 1879.24 87.93 0.044296
10 1846.56 62.70 1879.24 87.93 0.044296
1 1007.93 23.22 1044.09 46.53 0.044171
10 1007.93 23.22 1044.09 46.53 0.044171
1 1807.15 91.90 1839.38 118.13 0.044152
10 1807.15 91.90 1839.38 118.13 0.044152
3 1179.32 560.73 1201.44 593.74 0.044111
1 1549.85 84.46 1582.47 110.69 0.044081
10 1549.85 84.46 1582.47 110.69 0.044081
2 1080.92 47.80 1119.75 73.01 0.044078
7 1579.36 131.89 1620.30 159.08 0.044012
1 1623.25 35.90 1654.77 63.55 0.043972
10 1623.25 35.90 1654.77 63.55 0.043972
7 748.68 259.33 778.68 296.89 0.043937
3 1066.01 5.65 1098.22 29.05 0.043918
1 1107.90 60.80 1143.24 85.79 0.043893
10 1107.90 60.80 1143.24 85.79 0.043893
2 1574.80 206.04 1607.16 237.40 0.043859
7 1695.99 115.12 1735.78 143.83 0.043855
3 1513.47 17.32 1547.82 39.52 0.043845
1 1003.42 45.00 1045.51 66.21 0.043824
10 1003.42 45.00 1045.51 66.21 0.043824
3 1029.78 19.76 1062.83 43.04 0.043792
3 1668.31 15.56 1699.09 40.63 0.043773
7 1516.30 95.64 1552.77 127.39 0.043771
2 1572.54 68.44 1612.35 94.62 0.043693
2 1418.64 168.82 1464.33 191.67 0.043682
1 1614.28 153.16 1650.55 178.99 0.043520
10 1614.28 153.16 1650.55 178.99 0.043520
3 1846.56 62.70 1879.24 87.93 0.043346
2 1579.36 131.89 1620.30 159.08 0.043263
1 1080.92 47.80 1119.75 73.01 0.043232
10 1080.92 47.80 1119.75 73.01 0.043232
3 1007.93 23.22 1044.09 46.53 0.043199
2 748.68 259.33 778.68 296.89 0.043180
3 1807.15 91.90 1839.38 118.13 0.043177
3 1549.85 84.46 1582.47 110.69 0.043095
2 1695.99 115.12 1735.78 143.83 0.043087
2 1516.30 95.64 1552.77 127.39 0.042993
1 1574.80 206.04 1607.16 237.40 0.042982
10 1574.80 206.04 1607.16 237.40 0.042982
3 1623.25 35.90 1654.77 63.55 0.042968
3 1107.90 60.80 1143.24 85.79 0.042876
7 1703.72 196.92 1744.96 229.31 0.042814
3 1003.42 45.00 1045.51 66.21 0.042795
1 1572.54 68.44 1612.35 94.62 0.042793
10 1572.54 68.44 1612.35 94.62 0.042793
1 1418.64 168.82 1464.33 191.67 0.042779
10 1418.64 168.82 1464.33 191.67 0.042779
7 1163.46 557.13 1200.63 594.19 0.042590
3 1614.28 153.16 1650.55 178.99 0.042440
1 1579.36 131.89 1620.30 159.08 0.042301
10 1579.36 131.89 1620.30 159.08 0.042301
1 748.68 259.33 778.68 296.89 0.042205
10 748.68 259.33 778.68 296.89 0.042205
3 1080.92 47.80 1119.75 73.01 0.042104
1 1695.99 115.12 1735.78 143.83 0.042100
10 1695.99 115.12 1735.78 143.83 0.042100
1 1516.30 95.64 1552.77 127.39 0.041992
10 1516.30 95.64 1552.77 127.39 0.041992
2 1703.72 196.92 1744.96 229.31 0.041916
3 1574.80 206.04 1607.16 237.40 0.041814
3 1572.54 68.44 1612.35 94.62 0.041591
3 1418.64 168.82 1464.33 191.67 0.041576
3 1579.36 131.89 1620.30 159.08 0.041019
3 748.68 259.33 778.68 296.89 0.040906
3 1695.99 115.12 1735.78 143.83 0.040785
1 1703.72 196.92 1744.96 229.31 0.040761
10 1703.72 196.92 1744.96 229.31 0.040761
3 1516.30 95.64 1552.77 127.39 0.040658
1 1163.46 557.13 1200.63 594.19 0.040477
10 1163.46 557.13 1200.63 594.19 0.040473
3 1703.72 196.92 1744.96 229.31 0.039313
3 1163.46 557.13 1200.63 594.19 0.038886
8 897.81 780.73 979.52 815.11 0.038667
8 999.67 379.98 1057.47 433.43 0.037537
8 0.22 968.82 45.57 1038.05 0.037334
8 932.47 418.53 996.16 473.30 0.035926
8 1768.04 365.68 1848.05 411.57 0.035187
7 897.81 780.73 979.52 815.11 0.034889
8 866.21 461.75 939.45 514.34 0.034461
7 999.67 379.98 1057.47 433.43 0.033383
7 0.22 968.82 45.57 1038.05 0.033112
2 897.81 780.73 979.52 815.11 0.033004
8 208.98 702.14 291.77 754.96 0.032354
2 999.67 379.98 1057.47 433.43 0.031306
7 932.47 418.53 996.16 473.30 0.031234
2 0.22 968.82 45.57 1038.05 0.031001
1 897.81 780.73 979.52 815.11 0.030571
10 897.81 780.73 979.52 815.11 0.030571
7 1768.04 365.68 1848.05 411.57 0.030249
8 1044.57 338.78 1123.75 403.02 0.029478
7 866.21 461.75 939.45 514.34 0.029282
2 932.47 418.53 996.16 473.30 0.028888
1 999.67 379.98 1057.47 433.43 0.028635
10 999.67 379.98 1057.47 433.43 0.028635
1 0.22 968.82 45.57 1038.05 0.028287
10 0.22 968.82 45.57 1038.05 0.028287
2 1768.04 365.68 1848.05 411.57 0.027780
8 530.43 650.31 617.88 714.90 0.027210
2 866.21 461.75 939.45 514.34 0.026692
7 208.98 702.14 291.77 754.96 0.026472
8 705.06 221.02 779.26 300.25 0.026277
1 932.47 418.53 996.16 473.30 0.025872
10 932.47 418.53 996.16 473.30 0.025872
3 999.67 379.98 1057.47 433.43 0.025074
3 0.22 968.82 45.57 1038.05 0.024670
1 1768.04 365.68 1848.05 411.57 0.024606
10 1768.04 365.68 1848.05 411.57 0.024606
2 208.98 702.14 291.77 754.96 0.023531
1 866.21 461.75 939.45 514.34 0.023362
10 866.21 461.75 939.45 514.34 0.023362
7 1044.57 338.78 1123.75 403.02 0.022638
3 932.47 418.53 996.16 473.30 0.021851
3 1768.04 365.68 1848.05 411.57 0.020376
