4 744.52 379.04 810.08 420.74 0.991516
4 1047.76 530.82 1169.83 604.21 0.991514
4 1231.91 480.25 1322.09 542.62 0.989386
1 1199.26 419.40 1216.35 459.29 0.987596
4 1111.10 436.31 1198.26 486.59 0.979837
4 1310.85 416.25 1394.41 463.33 0.978575
4 868.81 285.78 920.30 318.28 0.976131
1 1075.50 665.75 1101.51 723.05 0.975392
4 1168.29 382.71 1247.06 426.75 0.975344
4 1289.14 508.42 1395.87 578.27 0.965166
4 280.92 215.13 304.11 235.04 0.961131
1 1049.59 670.27 1072.18 722.05 0.958504
4 530.64 311.25 578.17 339.10 0.957104
4 319.71 213.69 343.72 232.47 0.954036
9 362.56 233.46 439.98 299.46 0.940981
4 268.92 172.60 288.55 187.32 0.925891
1 1104.19 690.35 1128.99 738.99 0.919871
4 368.83 212.79 393.16 230.47 0.914476
4 913.31 287.35 962.08 323.39 0.906997
3 332.44 695.94 360.45 735.71 0.891920
4 811.22 419.62 889.12 464.87 0.874293
10 362.56 233.46 439.98 299.46 0.871414
4 896.96 365.41 958.38 397.69 0.867916
4 531.17 267.50 565.24 292.83 0.858779
4 222.60 160.96 239.65 174.37 0.858533
4 201.75 286.92 227.54 302.70 0.853169
4 665.15 343.09 727.64 376.23 0.828931
1 330.23 671.28 357.42 721.26 0.820500
4 836.20 329.96 878.37 356.41 0.804988
1 313.05 801.70 353.00 862.74 0.803517
4 782.60 325.38 827.42 353.68 0.802918
4 242.41 173.86 260.10 187.59 0.791840
4 798.66 345.16 832.88 372.03 0.789360
4 1357.22 558.81 1399.81 620.05 0.779095
4 0.44 888.78 224.00 1032.99 0.775869
4 154.92 254.68 179.52 272.36 0.760505
4 29.50 493.48 89.87 550.39 0.756262
4 468.70 231.83 495.21 256.90 0.755506
4 141.75 125.18 156.98 137.41 0.750474
4 886.03 345.93 926.14 364.48 0.746998
4 574.77 253.15 588.61 269.13 0.717177
1 1049.82 643.87 1068.65 675.94 0.703526
4 1065.73 411.23 1133.79 454.96 0.701201
4 65.85 309.10 92.17 327.24 0.698743
4 908.15 378.46 966.96 416.69 0.690550
1 285.18 815.84 321.90 883.41 0.688519
4 35.23 428.06 102.23 471.53 0.686000
4 185.10 130.14 197.06 140.85 0.685234
1 1048.68 644.33 1068.85 693.64 0.683847
4 917.98 465.59 987.79 506.53 0.671383
4 57.51 354.29 94.60 372.62 0.638643
4 817.57 311.33 856.53 332.56 0.634765
4 79.13 1011.37 216.92 1049.62 0.620603
4 42.66 390.40 80.05 425.75 0.618193
4 724.94 260.67 769.81 282.91 0.609454
4 1377.38 432.82 1399.85 473.89 0.606537
4 35.31 377.65 64.70 403.72 0.595362
4 506.64 259.23 537.51 281.78 0.593351
4 429.89 214.74 452.19 232.04 0.588586
4 582.86 300.43 618.32 326.59 0.586770
4 535.75 281.61 588.30 308.73 0.555760
4 18.99 538.60 92.84 582.48 0.550918
1 329.53 670.30 358.33 719.62 0.542782
3 1101.31 708.83 1124.89 739.93 0.541069
2 313.61 802.29 352.67 863.23 0.540588
6 153.46 240.63 180.03 272.84 0.536103
2 1075.12 665.67 1101.09 722.99 0.532370
2 284.95 801.28 352.63 884.19 0.523451
6 225.95 201.56 275.86 251.22 0.520509
4 413.00 206.99 429.43 222.39 0.517898
3 222.19 1017.06 299.87 1049.93 0.511447
4 28.58 476.74 50.90 503.66 0.510122
4 75.14 268.11 92.76 284.77 0.502044
2 1199.28 418.81 1215.46 459.00 0.496724
1 280.67 797.93 356.95 885.59 0.491866
6 152.45 219.21 260.21 273.23 0.485358
2 331.67 671.63 359.35 731.34 0.485199
2 284.88 815.77 321.62 883.38 0.460397
2 1050.78 644.78 1067.05 669.43 0.455823
2 36.38 433.31 50.50 471.56 0.444887
2 1103.79 690.19 1128.53 739.24 0.439868
2 1111.23 448.69 1123.59 479.01 0.434666
2 1048.08 645.10 1130.17 740.00 0.431829
2 1049.23 670.25 1071.85 721.40 0.416106
2 1208.51 364.25 1223.67 384.01 0.412577
9 255.89 218.89 275.49 250.70 0.408619
2 1041.81 642.54 1135.29 743.34 0.406657
6 166.94 109.62 186.88 131.16 0.405928
3 222.43 1014.39 301.40 1049.51 0.397697
2 49.34 288.50 60.09 311.58 0.397472
10 255.89 218.89 275.49 250.70 0.392657
3 249.39 1017.16 299.33 1049.84 0.385852
2 1050.20 644.72 1067.67 683.21 0.382926
9 118.08 85.35 130.46 100.56 0.379652
1 1102.44 689.56 1129.85 738.20 0.377708
7 989.81 490.40 1040.34 570.16 0.354489
2 965.27 280.94 978.24 309.31 0.353619
2 1022.01 494.60 1042.97 539.65 0.347059
1 1198.38 417.94 1217.39 459.71 0.346437
9 618.37 318.99 674.45 351.46 0.342412
2 188.13 289.84 198.96 315.59 0.333234
1 1047.80 643.30 1070.23 694.15 0.322288
2 1020.49 494.68 1043.77 559.09 0.313122
10 351.55 217.62 454.52 314.32 0.304423
2 981.17 276.89 993.19 310.93 0.303228
3 1099.48 708.97 1124.23 739.39 0.299884
7 526.92 264.55 585.43 341.82 0.286193
10 618.37 318.99 674.45 351.46 0.283829
1 1049.42 642.99 1069.55 675.10 0.281192
1 318.50 663.25 371.02 742.68 0.256394
2 282.27 799.02 355.87 885.07 0.248740
7 529.37 309.43 579.19 339.88 0.245747
2 1020.51 631.32 1154.74 763.82 0.244896
10 118.08 85.35 130.46 100.56 0.242574
4 918.03 467.95 969.94 506.13 0.242301
1 325.98 668.26 364.09 735.21 0.240685
2 270.22 789.78 369.11 893.05 0.222593
3 214.76 1005.58 314.55 1048.99 0.215010
7 915.75 451.73 1000.88 530.92 0.213206
6 255.90 218.89 275.49 250.70 0.210116
6 618.40 319.15 674.45 351.46 0.204227
4 118.09 85.35 130.45 100.58 0.203972
7 990.50 491.12 1047.85 570.92 0.203177
4 787.37 310.54 856.29 333.09 0.198253
4 1104.71 412.57 1133.93 450.02 0.197292
4 896.28 364.36 933.59 390.15 0.192834
4 222.19 261.00 246.03 270.92 0.190727
7 918.03 465.52 1003.08 530.86 0.188356
2 963.58 273.65 995.65 313.27 0.188087
4 950.20 405.94 1029.23 439.72 0.187636
4 49.26 343.18 91.17 368.68 0.187269
4 58.91 239.60 92.70 278.86 0.186001
3 77.75 1009.18 302.25 1049.63 0.185620
7 916.73 461.92 988.71 507.45 0.185580
3 1049.61 681.13 1070.93 721.18 0.184828
1 329.67 670.43 357.74 716.28 0.183630
9 151.44 238.43 181.09 273.85 0.181670
4 138.11 117.74 150.65 128.03 0.180584
6 166.64 108.59 188.11 132.07 0.178637
1 186.09 288.76 200.44 315.28 0.175335
7 529.16 264.73 589.73 311.20 0.174726
1 979.81 275.31 994.03 312.12 0.170310
7 466.76 229.16 496.52 258.15 0.169933
7 663.06 339.97 727.90 377.32 0.166653
4 279.70 213.50 305.00 236.11 0.166191
1 47.89 287.30 61.48 314.05 0.163219
10 150.11 216.97 260.42 274.32 0.162219
10 149.13 199.78 276.97 275.07 0.161112
3 317.69 690.60 383.71 755.90 0.160078
10 529.66 265.72 567.23 296.79 0.159700
3 797.91 328.16 879.52 372.23 0.159541
1 947.29 461.77 969.56 510.48 0.159165
3 306.89 655.93 386.23 756.47 0.158739
4 1376.67 430.57 1399.34 474.47 0.156972
4 33.65 427.23 98.98 472.42 0.156170
3 1043.41 664.28 1074.99 722.23 0.156143
4 1038.77 514.38 1182.43 619.12 0.156004
4 905.99 373.93 965.99 416.33 0.155590
4 318.65 212.22 344.69 233.32 0.154314
2 253.16 648.31 404.21 907.35 0.154112
7 916.21 463.43 1000.16 531.21 0.151902
4 781.74 322.84 828.18 354.58 0.151417
7 916.76 448.62 989.41 507.56 0.150126
6 216.09 191.28 287.81 266.54 0.149590
4 153.28 252.91 180.30 273.32 0.148036
9 253.68 216.54 276.01 251.45 0.145200
7 780.84 308.84 879.49 371.69 0.143468
2 255.14 776.34 393.11 912.00 0.141700
3 27.38 476.43 51.18 505.18 0.141214
7 1230.00 476.30 1395.09 581.66 0.140699
2 277.96 666.01 370.35 887.14 0.140117
1 1207.69 364.01 1224.56 384.86 0.138846
3 1048.17 683.24 1071.36 721.47 0.138211
6 331.65 199.69 485.10 351.83 0.137385
10 1054.87 285.49 1160.02 321.07 0.137258
2 1047.35 667.68 1129.89 737.82 0.135392
4 220.54 159.15 240.63 175.29 0.135138
1 963.68 280.52 978.75 310.81 0.134847
1 1098.19 688.17 1132.29 741.61 0.132914
1 1021.05 492.08 1043.16 544.16 0.132843
4 367.50 211.37 394.22 231.17 0.131321
6 347.28 205.27 474.91 354.56 0.130958
4 428.59 212.28 454.14 233.48 0.129125
4 267.94 170.91 289.48 188.00 0.128476
1 1046.81 643.08 1072.16 719.80 0.125799
10 225.14 200.16 272.82 224.94 0.124944
4 723.46 256.79 771.26 284.64 0.123656
4 41.11 388.87 79.68 426.87 0.123470
4 619.68 318.45 675.47 352.21 0.121070
1 256.34 1021.30 277.13 1047.83 0.119552
7 501.72 253.23 591.33 342.76 0.116981
1 34.83 431.95 55.82 469.65 0.116799
1 1109.10 689.57 1129.91 723.60 0.116546
10 1099.83 412.03 1134.77 456.29 0.116081
10 505.40 257.60 538.61 282.23 0.115457
4 1063.92 409.72 1134.60 457.26 0.115088
1 35.88 490.74 65.22 523.32 0.114522
1 1192.47 413.24 1223.42 464.07 0.114488
1 943.99 460.56 970.09 526.69 0.113147
4 884.51 344.21 927.78 366.36 0.111894
3 331.69 695.53 350.83 720.61 0.111365
3 1197.97 434.19 1216.31 460.33 0.111299
4 737.59 366.97 819.37 430.23 0.109603
1 1221.93 332.75 1242.60 371.36 0.109478
9 115.76 83.47 132.21 101.72 0.109284
7 33.96 376.80 80.43 426.99 0.107664
4 241.38 172.06 261.34 188.67 0.106463
1 328.09 669.14 361.94 735.12 0.106134
2 1048.04 663.16 1103.08 725.46 0.102810
1 1019.06 491.88 1044.11 557.01 0.102722
4 1160.63 370.65 1256.58 437.53 0.102364
3 1104.12 689.82 1129.81 737.64 0.101933
8 185.10 130.14 197.06 140.85 0.049274
7 185.10 130.14 197.06 140.85 0.049032
8 141.75 125.18 156.98 137.41 0.048944
8 118.08 85.35 130.46 100.56 0.048933
2 185.10 130.14 197.06 140.85 0.048911
1 185.10 130.14 197.06 140.85 0.048755
10 185.10 130.14 197.06 140.85 0.048755
8 574.77 253.15 588.61 269.13 0.048746
8 222.60 160.96 239.65 174.37 0.048704
8 242.41 173.86 260.10 187.59 0.048624
8 49.34 288.50 60.09 311.58 0.048593
7 141.75 125.18 156.98 137.41 0.048592
7 118.08 85.35 130.46 100.56 0.048577
8 413.00 206.99 429.43 222.39 0.048566
3 185.10 130.14 197.06 140.85 0.048548
8 188.13 289.84 198.96 315.59 0.048420
2 141.75 125.18 156.98 137.41 0.048416
2 118.08 85.35 130.46 100.56 0.048399
8 268.92 172.60 288.55 187.32 0.048361
8 75.14 268.11 92.76 284.77 0.048336
7 574.77 253.15 588.61 269.13 0.048329
8 1208.51 364.25 1223.67 384.01 0.048302
7 222.60 160.96 239.65 174.37 0.048272
1 141.75 125.18 156.98 137.41 0.048190
10 141.75 125.18 156.98 137.41 0.048190
1 118.08 85.35 130.46 100.56 0.048170
7 242.41 173.86 260.10 187.59 0.048165
7 49.34 288.50 60.09 311.58 0.048124
2 574.77 253.15 588.61 269.13 0.048120
7 413.00 206.99 429.43 222.39 0.048088
2 222.60 160.96 239.65 174.37 0.048055
2 242.41 173.86 260.10 187.59 0.047936
8 965.27 280.94 978.24 309.31 0.047913
7 188.13 289.84 198.96 315.59 0.047894
3 141.75 125.18 156.98 137.41 0.047889
8 1111.23 448.69 1123.59 479.01 0.047876
3 118.08 85.35 130.46 100.56 0.047865
1 574.77 253.15 588.61 269.13 0.047851
10 574.77 253.15 588.61 269.13 0.047851
2 413.00 206.99 429.43 222.39 0.047849
7 268.92 172.60 288.55 187.32 0.047815
8 429.89 214.74 452.19 232.04 0.047813
7 75.14 268.11 92.76 284.77 0.047782
1 222.60 160.96 239.65 174.37 0.047778
10 222.60 160.96 239.65 174.37 0.047778
7 1208.51 364.25 1223.67 384.01 0.047737
8 1050.78 644.78 1067.05 669.43 0.047727
8 201.75 286.92 227.54 302.70 0.047693
8 981.17 276.89 993.19 310.93 0.047679
1 242.41 173.86 260.10 187.59 0.047641
10 242.41 173.86 260.10 187.59 0.047641
1 49.34 288.50 60.09 311.58 0.047589
10 49.34 288.50 60.09 311.58 0.047589
8 166.94 109.62 186.88 131.16 0.047565
8 368.83 212.79 393.16 230.47 0.047562
2 268.92 172.60 288.55 187.32 0.047542
1 413.00 206.99 429.43 222.39 0.047541
10 413.00 206.99 429.43 222.39 0.047541
8 154.92 254.68 179.52 272.36 0.047534
2 75.14 268.11 92.76 284.77 0.047504
3 574.77 253.15 588.61 269.13 0.047493
8 319.71 213.69 343.72 232.47 0.047444
3 222.60 160.96 239.65 174.37 0.047414
8 280.92 215.13 304.11 235.04 0.047383
8 65.85 309.10 92.17 327.24 0.047293
1 188.13 289.84 198.96 315.59 0.047292
10 188.13 289.84 198.96 315.59 0.047292
3 242.41 173.86 260.10 187.59 0.047249
7 965.27 280.94 978.24 309.31 0.047218
1 268.92 172.60 288.55 187.32 0.047191
10 268.92 172.60 288.55 187.32 0.047191
3 49.34 288.50 60.09 311.58 0.047187
7 1111.23 448.69 1123.59 479.01 0.047167
1 75.14 268.11 92.76 284.77 0.047148
10 75.14 268.11 92.76 284.77 0.047148
3 413.00 206.99 429.43 222.39 0.047132
1 1208.51 364.25 1223.67 384.01 0.047101
10 1208.51 364.25 1223.67 384.01 0.047090
7 429.89 214.74 452.19 232.04 0.047084
7 1050.78 644.78 1067.05 669.43 0.046969
8 36.38 433.31 50.50 471.56 0.046937
7 201.75 286.92 227.54 302.70 0.046923
7 981.17 276.89 993.19 310.93 0.046905
3 188.13 289.84 198.96 315.59 0.046840
7 166.94 109.62 186.88 131.16 0.046757
7 368.83 212.79 393.16 230.47 0.046749
3 268.92 172.60 288.55 187.32 0.046724
2 429.89 214.74 452.19 232.04 0.046720
7 154.92 254.68 179.52 272.36 0.046713
3 75.14 268.11 92.76 284.77 0.046672
3 1208.51 364.25 1223.67 384.01 0.046605
7 319.71 213.69 343.72 232.47 0.046592
2 201.75 286.92 227.54 302.70 0.046539
7 280.92 215.13 304.11 235.04 0.046511
8 255.89 218.89 275.49 250.70 0.046466
1 965.27 280.94 978.24 309.31 0.046424
10 965.27 280.94 978.24 309.31 0.046423
7 65.85 309.10 92.17 327.24 0.046390
1 1111.23 448.69 1123.59 479.01 0.046360
10 1111.23 448.69 1123.59 479.01 0.046358
2 166.94 109.62 186.88 131.16 0.046348
2 368.83 212.79 393.16 230.47 0.046342
8 1199.28 418.81 1215.46 459.00 0.046314
2 154.92 254.68 179.52 272.36 0.046302
1 429.89 214.74 452.19 232.04 0.046251
10 429.89 214.74 452.19 232.04 0.046251
8 468.70 231.83 495.21 256.90 0.046233
8 1050.20 644.72 1067.67 683.21 0.046189
2 319.71 213.69 343.72 232.47 0.046166
8 57.51 354.29 94.60 372.62 0.046145
10 1050.78 644.78 1067.05 669.43 0.046103
2 280.92 215.13 304.11 235.04 0.046074
8 506.64 259.23 537.51 281.78 0.046053
1 201.75 286.92 227.54 302.70 0.046044
10 201.75 286.92 227.54 302.70 0.046044
1 981.17 276.89 993.19 310.93 0.046022
10 981.17 276.89 993.19 310.93 0.046021
2 65.85 309.10 92.17 327.24 0.045939
7 36.38 433.31 50.50 471.56 0.045916
3 965.27 280.94 978.24 309.31 0.045827
1 166.94 109.62 186.88 131.16 0.045826
10 166.94 109.62 186.88 131.16 0.045826
1 368.83 212.79 393.16 230.47 0.045820
10 368.83 212.79 393.16 230.47 0.045820
8 886.03 345.93 926.14 364.48 0.045782
1 154.92 254.68 179.52 272.36 0.045773
10 154.92 254.68 179.52 272.36 0.045773
3 1111.23 448.69 1123.59 479.01 0.045751
8 35.31 377.65 64.70 403.72 0.045657
3 429.89 214.74 452.19 232.04 0.045626
1 319.71 213.69 343.72 232.47 0.045618
10 319.71 213.69 343.72 232.47 0.045618
1 280.92 215.13 304.11 235.04 0.045514
10 280.92 215.13 304.11 235.04 0.045514
3 1050.78 644.78 1067.05 669.43 0.045454
3 201.75 286.92 227.54 302.70 0.045387
1 65.85 309.10 92.17 327.24 0.045359
10 65.85 309.10 92.17 327.24 0.045359
3 981.17 276.89 993.19 310.93 0.045358
8 817.57 311.33 856.53 332.56 0.045310
7 255.89 218.89 275.49 250.70 0.045288
8 153.46 240.63 180.03 272.84 0.045146
3 166.94 109.62 186.88 131.16 0.045131
3 368.83 212.79 393.16 230.47 0.045123
8 531.17 267.50 565.24 292.83 0.045108
7 1199.28 418.81 1215.46 459.00 0.045085
3 154.92 254.68 179.52 272.36 0.045075
7 468.70 231.83 495.21 256.90 0.044977
7 1050.20 644.72 1067.67 683.21 0.044918
3 319.71 213.69 343.72 232.47 0.044893
7 57.51 354.29 94.60 372.62 0.044861
8 798.66 345.16 832.88 372.03 0.044787
1 36.38 433.31 50.50 471.56 0.044776
8 1377.38 432.82 1399.85 473.89 0.044770
3 280.92 215.13 304.11 235.04 0.044770
10 36.38 433.31 50.50 471.56 0.044749
8 582.86 300.43 618.32 326.59 0.044740
7 506.64 259.23 537.51 281.78 0.044737
2 255.89 218.89 275.49 250.70 0.044699
8 1022.01 494.60 1042.97 539.65 0.044646
3 65.85 309.10 92.17 327.24 0.044586
7 886.03 345.93 926.14 364.48 0.044376
2 468.70 231.83 495.21 256.90 0.044349
8 724.94 260.67 769.81 282.91 0.044343
2 57.51 354.29 94.60 372.62 0.044218
7 35.31 377.65 64.70 403.72 0.044209
2 506.64 259.23 537.51 281.78 0.044080
8 1050.59 672.09 1072.11 721.33 0.043991
1 255.89 218.89 275.49 250.70 0.043942
3 36.38 433.31 50.50 471.56 0.043874
7 817.57 311.33 856.53 332.56 0.043747
8 836.20 329.96 878.37 356.41 0.043675
2 886.03 345.93 926.14 364.48 0.043673
8 1105.44 690.73 1128.42 739.43 0.043657
1 468.70 231.83 495.21 256.90 0.043542
10 468.70 231.83 495.21 256.90 0.043542
7 153.46 240.63 180.03 272.84 0.043529
2 35.31 377.65 64.70 403.72 0.043485
7 531.17 267.50 565.24 292.83 0.043478
10 1050.20 644.72 1067.67 683.21 0.043466
1 57.51 354.29 94.60 372.62 0.043392
10 57.51 354.29 94.60 372.62 0.043392
1 506.64 259.23 537.51 281.78 0.043234
10 506.64 259.23 537.51 281.78 0.043234
7 798.66 345.16 832.88 372.03 0.043049
7 1377.38 432.82 1399.85 473.89 0.043026
7 582.86 300.43 618.32 326.59 0.042987
2 817.57 311.33 856.53 332.56 0.042965
3 255.89 218.89 275.49 250.70 0.042933
7 1022.01 494.60 1042.97 539.65 0.042861
8 782.60 325.38 827.42 353.68 0.042808
1 886.03 345.93 926.14 364.48 0.042769
10 886.03 345.93 926.14 364.48 0.042769
2 153.46 240.63 180.03 272.84 0.042720
2 531.17 267.50 565.24 292.83 0.042662
3 1199.28 418.81 1215.46 459.00 0.042627
1 35.31 377.65 64.70 403.72 0.042555
10 35.31 377.65 64.70 403.72 0.042555
8 42.66 390.40 80.05 425.75 0.042507
8 530.64 311.25 578.17 339.10 0.042497
3 468.70 231.83 495.21 256.90 0.042466
7 724.94 260.67 769.81 282.91 0.042458
3 1050.20 644.72 1067.67 683.21 0.042377
8 330.23 671.28 357.42 721.26 0.042296
3 57.51 354.29 94.60 372.62 0.042292
2 798.66 345.16 832.88 372.03 0.042180
2 1377.38 432.82 1399.85 473.89 0.042155
2 582.86 300.43 618.32 326.59 0.042110
3 506.64 259.23 537.51 281.78 0.042106
8 1076.13 666.40 1100.97 722.71 0.042072
7 1050.59 672.09 1072.11 721.33 0.041989
1 817.57 311.33 856.53 332.56 0.041960
10 817.57 311.33 856.53 332.56 0.041960
8 535.75 281.61 588.30 308.73 0.041922
1 153.46 240.63 180.03 272.84 0.041680
10 153.46 240.63 180.03 272.84 0.041680
1 531.17 267.50 565.24 292.83 0.041614
10 531.17 267.50 565.24 292.83 0.041614
7 836.20 329.96 878.37 356.41 0.041566
3 886.03 345.93 926.14 364.48 0.041566
7 1105.44 690.73 1128.42 739.43 0.041543
2 724.94 260.67 769.81 282.91 0.041515
8 1020.49 494.68 1043.77 559.09 0.041500
3 35.31 377.65 64.70 403.72 0.041314
1 798.66 345.16 832.88 372.03 0.041063
10 798.66 345.16 832.88 372.03 0.041063
1 1377.38 432.82 1399.85 473.89 0.041034
10 1377.38 432.82 1399.85 473.89 0.041034
1 582.86 300.43 618.32 326.59 0.040983
10 582.86 300.43 618.32 326.59 0.040983
1 1022.01 494.60 1042.97 539.65 0.040821
10 1022.01 494.60 1042.97 539.65 0.040821
3 817.57 311.33 856.53 332.56 0.040620
8 868.81 285.78 920.30 318.28 0.040514
2 836.20 329.96 878.37 356.41 0.040512
7 782.60 325.38 827.42 353.68 0.040411
1 724.94 260.67 769.81 282.91 0.040303
10 724.94 260.67 769.81 282.91 0.040303
3 153.46 240.63 180.03 272.84 0.040293
3 531.17 267.50 565.24 292.83 0.040217
8 913.31 287.35 962.08 323.39 0.040034
7 42.66 390.40 80.05 425.75 0.040009
7 530.64 311.25 578.17 339.10 0.039996
7 330.23 671.28 357.42 721.26 0.039729
10 1050.59 672.09 1072.11 721.33 0.039700
8 618.37 318.99 674.45 351.46 0.039677
3 798.66 345.16 832.88 372.03 0.039573
3 1377.38 432.82 1399.85 473.89 0.039540
3 582.86 300.43 618.32 326.59 0.039480
7 1076.13 666.40 1100.97 722.71 0.039429
3 1022.01 494.60 1042.97 539.65 0.039291
7 535.75 281.61 588.30 308.73 0.039230
2 782.60 325.38 827.42 353.68 0.039213
1 836.20 329.96 878.37 356.41 0.039156
10 836.20 329.96 878.37 356.41 0.039156
10 1105.44 690.73 1128.42 739.43 0.039126
2 42.66 390.40 80.05 425.75 0.038760
8 896.96 365.41 958.38 397.69 0.038760
8 918.02 467.94 969.93 506.14 0.038758
2 530.64 311.25 578.17 339.10 0.038745
3 724.94 260.67 769.81 282.91 0.038686
7 1020.49 494.68 1043.77 559.09 0.038667
8 665.15 343.09 727.64 376.23 0.038261
3 1050.59 672.09 1072.11 721.33 0.037984
2 535.75 281.61 588.30 308.73 0.037884
1 782.60 325.38 827.42 353.68 0.037672
10 782.60 325.38 827.42 353.68 0.037672
7 868.81 285.78 920.30 318.28 0.037352
3 836.20 329.96 878.37 356.41 0.037349
3 1105.44 690.73 1128.42 739.43 0.037322
8 908.15 378.46 966.96 416.69 0.037252
1 42.66 390.40 80.05 425.75 0.037155
10 42.66 390.40 80.05 425.75 0.037155
1 530.64 311.25 578.17 339.10 0.037137
10 530.64 311.25 578.17 339.10 0.037137
8 313.63 801.88 352.52 861.25 0.036910
10 330.23 671.28 357.42 721.26 0.036794
7 913.31 287.35 962.08 323.39 0.036712
8 286.35 816.52 321.71 883.27 0.036620
10 1076.13 666.40 1100.97 722.71 0.036409
7 618.37 318.99 674.45 351.46 0.036235
1 535.75 281.61 588.30 308.73 0.036153
10 535.75 281.61 588.30 308.73 0.036153
8 225.95 201.56 275.86 251.22 0.035953
2 868.81 285.78 920.30 318.28 0.035771
3 782.60 325.38 827.42 353.68 0.035617
1 1020.49 494.68 1043.77 559.09 0.035429
10 1020.49 494.68 1043.77 559.09 0.035429
8 1357.22 558.81 1399.81 620.05 0.035215
2 913.31 287.35 962.08 323.39 0.035051
3 42.66 390.40 80.05 425.75 0.035014
7 896.96 365.41 958.38 397.69 0.035013
7 918.02 467.94 969.93 506.14 0.035010
3 530.64 311.25 578.17 339.10 0.034993
3 330.23 671.28 357.42 721.26 0.034593
2 618.37 318.99 674.45 351.46 0.034515
8 744.52 379.04 810.08 420.74 0.034503
7 665.15 343.09 727.64 376.23 0.034349
3 1076.13 666.40 1100.97 722.71 0.034145
3 535.75 281.61 588.30 308.73 0.033845
1 868.81 285.78 920.30 318.28 0.033739
10 868.81 285.78 920.30 318.28 0.033739
8 35.23 428.06 102.23 471.53 0.033487
2 896.96 365.41 958.38 397.69 0.033140
2 918.02 467.94 969.93 506.14 0.033136
8 1065.73 411.23 1133.79 454.96 0.033130
7 908.15 378.46 966.96 416.69 0.033003
3 1020.49 494.68 1043.77 559.09 0.033000
1 913.31 287.35 962.08 323.39 0.032916
10 913.31 287.35 962.08 323.39 0.032916
7 313.63 801.88 352.52 861.25 0.032547
2 665.15 343.09 727.64 376.23 0.032392
1 618.37 318.99 674.45 351.46 0.032303
7 286.35 816.52 321.71 883.27 0.032160
8 18.99 538.60 92.84 582.48 0.031629
7 225.95 201.56 275.86 251.22 0.031274
3 868.81 285.78 920.30 318.28 0.031029
2 908.15 378.46 966.96 416.69 0.030879
1 896.96 365.41 958.38 397.69 0.030731
10 896.96 365.41 958.38 397.69 0.030731
1 918.02 467.94 969.93 506.14 0.030727
10 918.02 467.94 969.93 506.14 0.030727
8 29.50 493.48 89.87 550.39 0.030521
8 1168.29 382.71 1247.06 426.75 0.030335
7 1357.22 558.81 1399.81 620.05 0.030286
3 913.31 287.35 962.08 323.39 0.030069
8 811.22 419.62 889.12 464.87 0.030019
1 665.15 343.09 727.64 376.23 0.029877
10 665.15 343.09 727.64 376.23 0.029877
3 618.37 318.99 674.45 351.46 0.029353
7 744.52 379.04 810.08 420.74 0.029337
2 225.95 201.56 275.86 251.22 0.028930
1 908.15 378.46 966.96 416.69 0.028147
10 908.15 378.46 966.96 416.69 0.028147
7 35.23 428.06 102.23 471.53 0.027982
2 1357.22 558.81 1399.81 620.05 0.027822
8 1310.85 416.25 1394.41 463.33 0.027697
10 313.63 801.88 352.52 861.25 0.027560
3 896.96 365.41 958.38 397.69 0.027520
3 918.02 467.94 969.93 506.14 0.027515
7 1065.73 411.23 1133.79 454.96 0.027507
10 286.35 816.52 321.71 883.27 0.027063
2 744.52 379.04 810.08 420.74 0.026754
3 665.15 343.09 727.64 376.23 0.026523
1 225.95 201.56 275.86 251.22 0.025919
10 225.95 201.56 275.86 251.22 0.025919
7 18.99 538.60 92.84 582.48 0.025506
2 35.23 428.06 102.23 471.53 0.025230
8 1111.10 436.31 1198.26 486.59 0.025158
2 1065.73 411.23 1133.79 454.96 0.024695
1 1357.22 558.81 1399.81 620.05 0.024654
10 1357.22 558.81 1399.81 620.05 0.024654
3 908.15 378.46 966.96 416.69 0.024505
7 29.50 493.48 89.87 550.39 0.024028
3 313.63 801.88 352.52 861.25 0.023821
7 1168.29 382.71 1247.06 426.75 0.023780
1 744.52 379.04 810.08 420.74 0.023434
10 744.52 379.04 810.08 420.74 0.023434
7 811.22 419.62 889.12 464.87 0.023359
3 286.35 816.52 321.71 883.27 0.023240
2 18.99 538.60 92.84 582.48 0.022444
3 225.95 201.56 275.86 251.22 0.021906
1 35.23 428.06 102.23 471.53 0.021691
10 35.23 428.06 102.23 471.53 0.021691
1 1065.73 411.23 1133.79 454.96 0.021080
10 1065.73 411.23 1133.79 454.96 0.021080
8 362.56 233.46 439.98 299.46 0.021034
2 29.50 493.48 89.87 550.39 0.020782
2 1168.29 382.71 1247.06 426.75 0.020502
3 1357.22 558.81 1399.81 620.05 0.020430
7 1310.85 416.25 1394.41 463.33 0.020262
8 79.13 1011.37 216.92 1049.62 0.020117
2 811.22 419.62 889.12 464.87 0.020029
