4 939.82 437.66 1003.41 509.14 0.984686
4 914.42 246.98 968.41 282.17 0.984147
4 90.43 713.74 183.79 772.32 0.961245
4 966.25 293.75 1019.42 360.92 0.960315
4 1225.96 124.87 1278.57 186.46 0.950779
4 1023.05 316.45 1070.54 363.79 0.948058
4 1114.82 312.05 1183.80 369.79 0.947760
4 729.40 617.06 807.91 689.16 0.936743
4 574.73 607.50 654.26 664.02 0.922336
4 500.34 571.09 553.95 640.22 0.899601
4 582.35 683.67 668.22 743.91 0.870579
4 1373.74 866.41 1399.88 915.38 0.841084
4 12.18 208.73 57.82 271.60 0.724010
4 1307.57 104.96 1352.36 175.42 0.700384
4 1116.85 127.27 1135.47 153.85 0.690079
4 1255.94 393.57 1290.70 461.98 0.689723
4 393.35 782.24 484.78 836.14 0.679320
4 488.65 101.29 526.43 134.11 0.672504
4 1038.49 176.69 1061.86 201.02 0.655146
4 1352.55 52.00 1397.02 111.83 0.635088
4 0.11 747.10 15.34 790.79 0.632147
4 11.55 687.32 74.55 722.96 0.622227
4 700.13 632.44 730.18 660.40 0.568728
4 1312.88 233.73 1360.89 291.88 0.566254
4 1308.58 0.12 1339.90 24.06 0.557613
2 456.05 304.60 478.34 343.62 0.504061
6 1218.43 472.31 1304.33 643.12 0.495907
1 457.37 304.27 477.71 338.89 0.470646
4 1371.97 0.32 1399.62 21.29 0.447417
2 478.76 313.96 499.32 349.61 0.447409
2 470.22 314.91 487.26 348.84 0.444631
6 398.88 596.85 441.43 672.32 0.413535
2 911.27 494.90 928.88 527.50 0.398858
10 1217.32 470.99 1304.08 644.53 0.394001
2 696.18 408.30 718.43 440.92 0.389443
2 446.93 304.95 500.82 349.09 0.388444
2 1276.03 240.89 1307.90 297.58 0.382262
2 396.19 305.54 505.86 359.10 0.382160
3 693.89 406.51 720.69 443.25 0.372579
6 751.77 239.61 827.02 278.58 0.363926
1 455.85 303.93 478.61 342.03 0.361911
2 1225.84 125.43 1277.25 185.73 0.351191
2 1313.23 233.04 1337.22 286.16 0.345105
2 1193.44 326.93 1210.28 361.02 0.342565
2 1256.14 393.23 1286.66 460.20 0.322549
2 1315.02 234.23 1334.26 276.37 0.318005
1 439.96 303.09 507.88 350.87 0.314547
2 939.93 437.85 1002.70 508.50 0.313920
10 460.48 339.82 540.37 473.22 0.299416
1 475.57 312.18 501.44 350.04 0.292570
4 751.77 239.60 827.02 278.58 0.287185
3 685.96 400.17 729.53 449.17 0.266118
7 728.22 615.15 809.61 689.84 0.253260
7 1225.13 122.82 1279.27 187.33 0.243335
10 1198.76 451.10 1325.47 667.36 0.242243
7 394.03 297.65 511.02 361.02 0.235208
5 398.87 596.84 441.43 672.32 0.230509
7 1272.82 40.55 1394.81 300.99 0.219976
7 391.33 779.91 486.40 837.21 0.217998
4 913.42 244.45 969.44 283.15 0.208689
3 679.00 392.17 743.31 461.06 0.206171
7 478.70 460.98 510.57 492.81 0.205353
7 1272.01 2.96 1397.32 303.07 0.204450
4 572.97 604.06 656.50 665.36 0.201460
10 750.02 237.17 827.60 279.50 0.199014
4 319.17 634.07 386.97 680.50 0.198184
10 461.75 401.53 538.55 472.26 0.197690
6 395.99 301.76 509.38 359.67 0.196157
1 396.66 594.86 442.60 672.69 0.195058
4 569.69 671.59 680.41 755.81 0.194682
4 399.87 597.76 425.09 626.71 0.190543
4 1342.03 33.70 1358.70 56.60 0.190220
7 450.74 431.09 480.30 464.04 0.189818
1 479.05 314.10 500.99 350.68 0.188910
4 240.73 640.36 281.52 671.86 0.187743
4 696.62 408.24 720.54 439.92 0.185310
4 500.80 570.94 531.24 597.93 0.184473
4 108.20 577.68 134.21 599.42 0.182490
1 1254.59 391.56 1291.18 462.21 0.181183
1 496.77 512.46 527.48 546.80 0.178314
1 1274.92 239.62 1309.28 299.38 0.177712
10 785.34 251.19 846.13 343.36 0.173027
10 777.55 250.87 846.99 373.05 0.169694
1 435.23 502.95 474.85 539.17 0.167370
4 75.00 698.00 204.25 789.78 0.162789
7 1113.25 307.49 1212.15 372.02 0.162527
10 394.32 304.29 541.81 473.36 0.158570
2 396.00 368.48 515.98 538.71 0.158292
7 427.38 470.77 458.25 501.42 0.157786
7 1305.77 44.52 1395.86 193.18 0.157477
7 430.62 401.30 459.84 432.99 0.156960
3 386.58 479.16 420.22 510.39 0.155577
1 25.58 643.74 58.46 674.33 0.154692
1 474.10 311.47 505.81 336.33 0.151854
7 1272.43 227.51 1360.44 301.29 0.150198
10 694.33 249.98 847.24 444.14 0.147798
10 420.82 320.68 539.23 472.71 0.146140
3 396.26 312.85 507.76 359.74 0.144325
4 384.43 771.77 496.26 844.54 0.143982
3 456.33 304.67 508.72 351.33 0.140395
7 1214.60 12.26 1395.27 652.08 0.139397
7 106.07 574.95 136.12 600.86 0.138037
7 1302.93 5.15 1397.17 197.16 0.137609
7 391.17 481.18 416.34 509.66 0.137360
7 1272.94 99.03 1380.31 301.46 0.132406
7 963.36 288.24 1069.85 371.51 0.129771
9 954.39 280.71 1032.25 373.74 0.127642
1 305.92 104.51 346.54 178.85 0.126095
10 399.66 384.11 422.85 417.41 0.125182
1 446.56 315.71 466.46 338.36 0.122817
3 667.36 387.49 751.86 461.07 0.122718
10 456.56 302.19 539.68 472.58 0.122236
7 962.19 286.96 1214.02 380.32 0.121493
10 398.23 321.91 540.56 472.55 0.121226
7 85.72 617.18 117.29 644.01 0.120108
4 908.50 237.76 974.95 287.36 0.120035
1 484.67 311.98 506.44 335.01 0.117571
10 1112.94 93.09 1138.18 155.54 0.115337
4 922.41 423.90 1022.96 525.79 0.113444
10 747.73 236.28 846.45 343.90 0.113351
10 1.70 261.92 406.30 596.12 0.112095
7 959.22 269.27 1216.96 387.34 0.111620
1 692.40 383.52 727.71 444.43 0.109725
4 1217.86 115.32 1285.48 192.92 0.108046
4 554.20 660.58 700.42 773.96 0.107692
6 1021.51 265.43 1112.84 366.75 0.105206
1 909.92 493.76 931.29 528.13 0.101572
2 790.63 470.23 899.35 591.27 0.101331
4 571.15 608.38 816.31 750.43 0.100778
2 786.19 468.95 933.79 594.56 0.100164
8 1116.85 127.27 1135.47 153.85 0.047195
8 912.02 495.61 928.67 527.15 0.047023
8 1038.49 176.69 1061.86 201.02 0.046776
8 1193.44 326.93 1210.28 361.02 0.046745
8 482.13 314.93 498.47 350.25 0.046730
8 470.22 314.91 487.26 348.84 0.046723
8 1371.97 0.32 1399.62 21.29 0.046713
7 1116.85 127.27 1135.47 153.85 0.046260
8 0.11 747.10 15.34 790.79 0.046228
7 912.02 495.61 928.67 527.15 0.046031
8 457.37 304.27 477.71 338.89 0.046007
8 696.18 408.30 718.43 440.92 0.045887
2 1116.85 127.27 1135.47 153.85 0.045792
8 1308.58 0.12 1339.90 24.06 0.045750
7 1038.49 176.69 1061.86 201.02 0.045702
7 1193.44 326.93 1210.28 361.02 0.045660
7 482.13 314.93 498.47 350.25 0.045640
7 470.22 314.91 487.26 348.84 0.045631
7 1371.97 0.32 1399.62 21.29 0.045618
1 482.13 314.93 498.47 350.25 0.045583
8 1315.02 234.23 1334.26 276.37 0.045404
8 700.13 632.44 730.18 660.40 0.045238
1 1116.85 127.27 1135.47 153.85 0.045191
10 1116.85 127.27 1135.47 153.85 0.045191
1 912.02 495.61 928.67 527.15 0.045185
2 1038.49 176.69 1061.86 201.02 0.045164
2 1371.97 0.32 1399.62 21.29 0.045070
7 0.11 747.10 15.34 790.79 0.044970
10 912.02 495.61 928.67 527.15 0.044897
7 457.37 304.27 477.71 338.89 0.044676
7 696.18 408.30 718.43 440.92 0.044516
1 1038.49 176.69 1061.86 201.02 0.044473
10 1038.49 176.69 1061.86 201.02 0.044473
1 470.22 314.91 487.26 348.84 0.044465
1 1193.44 326.93 1210.28 361.02 0.044463
10 1193.44 326.93 1210.28 361.02 0.044420
3 1116.85 127.27 1135.47 153.85 0.044398
10 482.13 314.93 498.47 350.25 0.044394
10 470.22 314.91 487.26 348.84 0.044382
1 1371.97 0.32 1399.62 21.29 0.044366
10 1371.97 0.32 1399.62 21.29 0.044366
2 0.11 747.10 15.34 790.79 0.044342
7 1308.58 0.12 1339.90 24.06 0.044334
3 912.02 495.61 928.67 527.15 0.044046
7 1315.02 234.23 1334.26 276.37 0.043872
7 700.13 632.44 730.18 660.40 0.043650
2 1308.58 0.12 1339.90 24.06 0.043625
3 1038.49 176.69 1061.86 201.02 0.043555
1 0.11 747.10 15.34 790.79 0.043533
10 0.11 747.10 15.34 790.79 0.043533
3 1193.44 326.93 1210.28 361.02 0.043490
3 482.13 314.93 498.47 350.25 0.043460
3 470.22 314.91 487.26 348.84 0.043446
3 1371.97 0.32 1399.62 21.29 0.043437
10 457.37 304.27 477.71 338.89 0.043155
1 696.18 408.30 718.43 440.92 0.042995
8 488.65 101.29 526.43 134.11 0.042971
2 700.13 632.44 730.18 660.40 0.042856
8 1313.23 233.04 1337.22 286.16 0.042777
8 1373.74 866.41 1399.88 915.38 0.042745
1 1308.58 0.12 1339.90 24.06 0.042715
10 1308.58 0.12 1339.90 24.06 0.042715
3 0.11 747.10 15.34 790.79 0.042460
1 1315.02 234.23 1334.26 276.37 0.042124
10 1315.02 234.23 1334.26 276.37 0.042121
3 457.37 304.27 477.71 338.89 0.042014
1 700.13 632.44 730.18 660.40 0.041836
10 700.13 632.44 730.18 660.40 0.041836
3 696.18 408.30 718.43 440.92 0.041773
3 1308.58 0.12 1339.90 24.06 0.041506
3 1315.02 234.23 1334.26 276.37 0.040808
8 1277.60 241.77 1307.10 297.16 0.040738
7 488.65 101.29 526.43 134.11 0.040628
3 700.13 632.44 730.18 660.40 0.040476
7 1313.23 233.04 1337.22 286.16 0.040369
7 1373.74 866.41 1399.88 915.38 0.040326
2 488.65 101.29 526.43 134.11 0.039456
8 914.42 246.98 968.41 282.17 0.039233
2 1373.74 866.41 1399.88 915.38 0.039117
8 1256.91 394.27 1287.37 459.42 0.038747
1 488.65 101.29 526.43 134.11 0.037950
10 488.65 101.29 526.43 134.11 0.037950
7 1277.60 241.77 1307.10 297.16 0.037651
1 1313.23 233.04 1337.22 286.16 0.037620
10 1313.23 233.04 1337.22 286.16 0.037617
1 1373.74 866.41 1399.88 915.38 0.037563
10 1373.74 866.41 1399.88 915.38 0.037563
8 11.55 687.32 74.55 722.96 0.037273
8 1023.05 316.45 1070.54 363.79 0.037255
8 446.93 304.95 500.82 349.09 0.036516
3 488.65 101.29 526.43 134.11 0.035943
7 914.42 246.98 968.41 282.17 0.035645
3 1373.74 866.41 1399.88 915.38 0.035636
3 1313.23 233.04 1337.22 286.16 0.035553
7 1256.91 394.27 1287.37 459.42 0.034996
8 1352.55 52.00 1397.02 111.83 0.034918
8 1312.88 233.73 1360.89 291.88 0.034175
1 1277.60 241.77 1307.10 297.16 0.034124
10 1277.60 241.77 1307.10 297.16 0.034122
2 914.42 246.98 968.41 282.17 0.033850
8 12.18 208.73 57.82 271.60 0.033734
8 751.77 239.61 827.02 278.58 0.033448
7 11.55 687.32 74.55 722.96 0.033031
7 1023.05 316.45 1070.54 363.79 0.033006
8 1225.84 125.43 1277.25 185.73 0.032427
7 446.93 304.95 500.82 349.09 0.032021
10 966.03 293.31 1018.28 360.54 0.031832
8 398.88 596.85 441.43 672.32 0.031795
1 914.42 246.98 968.41 282.17 0.031543
10 914.42 246.98 968.41 282.17 0.031543
3 1277.60 241.77 1307.10 297.16 0.031476
2 11.55 687.32 74.55 722.96 0.030910
2 1023.05 316.45 1070.54 363.79 0.030882
1 1256.91 394.27 1287.37 459.42 0.030712
10 1256.91 394.27 1287.37 459.42 0.030709
7 1352.55 52.00 1397.02 111.83 0.029891
8 500.34 571.09 553.95 640.22 0.028991
7 1312.88 233.73 1360.89 291.88 0.028900
3 914.42 246.98 968.41 282.17 0.028469
7 12.18 208.73 57.82 271.60 0.028312
1 11.55 687.32 74.55 722.96 0.028183
10 11.55 687.32 74.55 722.96 0.028183
1 1023.05 316.45 1070.54 363.79 0.028151
10 1023.05 316.45 1070.54 363.79 0.028151
7 751.77 239.61 827.02 278.58 0.027883
3 1256.91 394.27 1287.37 459.42 0.027494
8 1114.82 312.05 1183.80 369.79 0.027423
7 1307.63 104.55 1351.66 175.00 0.027402
2 1352.55 52.00 1397.02 111.83 0.027377
1 446.93 304.95 500.82 349.09 0.026914
10 446.93 304.95 500.82 349.09 0.026884
7 1225.84 125.43 1277.25 185.73 0.026569
2 1312.88 233.73 1360.89 291.88 0.026262
7 398.88 596.85 441.43 672.32 0.025727
2 12.18 208.73 57.82 271.60 0.025601
2 751.77 239.61 827.02 278.58 0.025064
8 939.93 437.85 1002.70 508.50 0.024857
3 11.55 687.32 74.55 722.96 0.024558
8 574.73 607.50 654.26 664.02 0.024515
3 1023.05 316.45 1070.54 363.79 0.024510
1 1352.55 52.00 1397.02 111.83 0.024145
10 1352.55 52.00 1397.02 111.83 0.024145
3 446.93 304.95 500.82 349.09 0.023031
1 1312.88 233.73 1360.89 291.88 0.022871
10 1312.88 233.73 1360.89 291.88 0.022871
2 398.88 596.85 441.43 672.32 0.022692
1 12.18 208.73 57.82 271.60 0.022116
10 12.18 208.73 57.82 271.60 0.022116
8 393.35 782.24 484.78 836.14 0.022063
7 500.34 571.09 553.95 640.22 0.021988
1 751.77 239.61 827.02 278.58 0.021502
10 751.77 239.61 827.02 278.58 0.021502
