4 1399.66 976.45 1514.94 1056.01 0.981116
4 407.71 375.09 437.69 403.16 0.963243
4 788.87 739.10 838.33 804.56 0.962353
4 644.59 1035.26 713.07 1077.54 0.957233
4 626.88 805.99 687.71 878.57 0.953288
4 413.29 305.53 443.23 328.06 0.940639
4 838.66 498.40 901.84 532.57 0.934265
4 471.64 752.80 518.77 820.99 0.929756
4 369.79 198.84 392.71 217.92 0.924540
4 337.72 217.14 359.78 237.01 0.910151
4 333.35 155.03 355.70 170.63 0.891789
4 589.38 618.51 636.24 671.03 0.889140
4 192.64 96.23 213.02 113.38 0.887705
4 461.59 416.81 491.10 446.04 0.880678
4 244.66 129.08 265.83 148.19 0.864853
4 325.76 125.48 345.75 139.63 0.820916
4 777.39 1026.82 873.26 1077.57 0.817433
4 307.02 77.19 324.36 89.48 0.806380
1 194.96 877.90 221.42 918.33 0.785603
4 237.12 79.22 254.11 92.56 0.784636
4 556.35 310.81 584.10 336.71 0.779799
4 291.88 50.56 308.90 64.48 0.776662
4 224.97 52.80 240.16 64.60 0.748670
4 296.80 120.77 318.10 139.52 0.745166
4 274.16 28.48 287.96 39.71 0.734615
4 437.15 129.44 452.16 145.06 0.730901
4 282.86 9.15 298.41 21.17 0.724132
4 667.84 369.43 735.08 402.52 0.713081
4 324.34 386.70 356.14 420.86 0.707127
4 242.74 42.35 258.35 53.39 0.702129
1 805.05 667.68 821.45 696.57 0.700472
4 215.74 21.42 231.87 33.15 0.697536
4 492.38 211.69 520.44 232.27 0.674315
4 651.84 344.50 694.03 372.04 0.662037
4 782.82 292.36 832.47 322.54 0.654047
2 167.76 874.96 221.16 921.44 0.645770
4 576.43 265.99 618.25 286.82 0.638992
4 595.05 398.48 606.13 418.92 0.629940
4 822.65 189.90 872.54 221.82 0.594328
4 757.43 132.16 776.18 146.87 0.580057
1 167.92 876.11 192.53 921.34 0.568427
4 391.07 54.09 404.42 67.53 0.553302
4 150.53 59.31 165.35 72.43 0.531289
2 750.61 588.66 779.09 629.31 0.524313
3 1217.69 822.37 1251.78 857.62 0.521645
1 162.22 870.79 224.59 923.79 0.520527
2 114.75 654.19 130.78 683.11 0.511612
1 166.27 874.51 192.89 920.96 0.498944
4 550.31 263.88 568.52 279.36 0.496937
7 702.92 620.35 732.21 683.90 0.487462
4 199.07 604.99 225.30 618.77 0.453696
5 924.28 582.01 982.17 623.03 0.453147
3 1276.74 808.40 1306.89 841.73 0.440246
9 550.58 220.66 596.46 244.39 0.439519
3 91.31 891.41 119.42 932.07 0.436332
3 91.24 863.95 127.76 931.66 0.435563
1 193.84 876.51 221.59 916.62 0.435530
3 794.59 677.63 823.29 698.94 0.433084
10 550.58 220.66 596.46 244.39 0.429493
3 195.95 896.13 220.81 920.14 0.424365
5 453.59 117.54 479.86 133.57 0.422218
7 88.03 859.26 127.75 932.48 0.420879
3 751.10 602.68 778.48 631.75 0.420821
3 708.08 651.83 732.75 683.92 0.376341
4 1396.73 972.83 1517.44 1057.37 0.355347
6 717.36 418.22 762.85 449.39 0.343842
3 1215.12 818.76 1253.81 859.44 0.343539
10 1010.46 474.87 1086.04 537.93 0.321719
4 924.27 582.00 982.10 623.00 0.303503
10 1775.20 920.90 1914.21 1044.61 0.300983
1 803.10 666.13 823.19 697.08 0.296817
4 717.35 418.22 762.84 449.39 0.296469
1 1274.34 806.19 1307.69 842.13 0.292507
6 187.87 80.20 211.86 109.92 0.289765
4 586.74 616.56 637.57 672.85 0.287700
10 39.65 725.37 127.27 851.63 0.281960
4 836.88 496.16 903.11 533.25 0.278401
4 785.33 736.87 841.35 806.89 0.271543
4 453.60 117.53 479.86 133.57 0.270184
4 623.82 803.61 690.02 880.31 0.265536
1 112.43 652.03 132.42 683.76 0.265392
4 468.88 750.95 520.40 822.27 0.262433
1 756.41 587.62 780.18 622.64 0.257206
10 699.66 618.35 734.44 684.45 0.251192
4 405.72 372.92 439.34 404.34 0.250805
10 922.58 579.72 982.86 624.15 0.247075
4 547.43 216.97 597.11 245.29 0.245437
2 1276.73 808.40 1306.89 841.73 0.244432
4 458.89 414.42 492.94 448.00 0.239057
3 1210.37 813.93 1259.03 863.22 0.226625
3 89.67 892.81 118.89 932.62 0.220324
5 550.58 220.66 596.45 244.41 0.220147
3 1213.30 802.71 1312.20 861.94 0.219953
4 578.95 610.56 643.56 678.62 0.217722
3 705.69 648.95 733.64 683.11 0.217214
2 759.70 589.06 778.75 621.54 0.216106
4 714.89 416.44 764.82 449.75 0.215823
4 459.84 744.66 527.74 828.60 0.214936
10 775.77 1025.20 875.34 1076.33 0.213695
2 164.08 872.31 223.98 922.77 0.211052
7 552.30 243.04 619.34 286.86 0.209554
1 747.33 585.66 783.19 632.25 0.209148
3 1204.31 807.52 1263.95 867.81 0.208662
3 749.14 601.05 779.05 632.61 0.199738
4 663.73 367.43 736.13 404.19 0.199313
4 396.47 125.30 418.10 145.17 0.198418
10 87.95 858.70 127.58 905.11 0.198007
4 611.36 205.97 625.82 220.14 0.196931
7 320.78 384.13 357.89 422.28 0.196559
2 157.60 867.25 228.14 929.01 0.196360
4 738.75 445.91 776.81 468.48 0.195448
4 562.67 245.03 599.08 269.40 0.193154
6 203.93 307.20 272.91 340.99 0.192767
3 193.67 894.57 221.80 919.67 0.191250
4 192.07 184.20 205.82 208.68 0.190643
4 520.67 185.76 553.65 202.87 0.189776
3 1269.98 802.30 1312.95 848.06 0.189347
7 294.39 118.70 320.07 141.61 0.187020
4 741.31 461.37 798.25 495.37 0.186646
10 30.80 723.74 129.30 889.51 0.184235
4 1379.36 954.95 1536.18 1067.65 0.183614
4 976.97 146.70 994.82 161.67 0.183178
7 646.54 1033.00 714.74 1075.98 0.176121
4 649.35 342.22 695.37 373.42 0.175672
4 612.49 795.72 699.77 888.44 0.173963
3 793.67 674.45 824.67 699.29 0.169374
4 776.35 730.59 849.97 814.02 0.167101
3 89.12 885.48 128.80 933.01 0.166907
7 711.53 445.71 790.08 495.45 0.165982
1 794.99 663.26 828.18 700.89 0.163236
4 560.67 243.44 600.33 271.70 0.162574
1 593.92 396.25 607.73 420.11 0.160978
4 332.28 152.82 357.86 172.25 0.160391
7 631.61 324.71 736.37 406.60 0.158555
4 243.21 127.02 267.41 149.39 0.153742
10 504.24 436.33 526.17 458.85 0.153624
1 538.26 805.41 555.11 835.48 0.153289
10 202.04 304.53 274.49 342.43 0.153194
4 335.10 214.79 361.65 238.96 0.152583
4 312.40 379.40 363.15 426.05 0.151599
3 185.57 893.28 222.67 922.45 0.150378
10 1570.45 667.01 1764.03 795.37 0.149258
2 745.77 585.20 828.93 700.80 0.147034
2 146.34 857.88 240.83 941.84 0.146594
1 151.88 874.20 191.90 924.30 0.144325
4 235.32 77.22 256.15 94.13 0.144165
4 554.36 308.19 586.33 338.07 0.143299
4 490.67 209.52 522.29 234.44 0.139441
4 410.87 303.00 444.46 330.08 0.138779
4 455.07 410.45 497.50 452.23 0.138764
1 1277.83 809.08 1302.38 839.45 0.138580
10 22.20 794.28 65.44 824.51 0.136518
1 111.66 861.42 128.93 901.50 0.136207
6 1199.23 392.62 1362.93 516.28 0.135495
10 571.94 105.82 859.58 396.48 0.135483
4 324.35 123.81 347.41 141.46 0.135385
10 705.28 648.08 734.63 684.35 0.134479
3 1215.81 820.18 1252.67 858.38 0.133302
6 541.88 215.92 619.55 289.94 0.132128
4 367.83 196.00 394.19 219.71 0.131371
7 291.52 116.69 348.65 145.03 0.130058
2 86.09 857.29 226.79 936.19 0.129948
4 635.67 1031.87 716.56 1076.01 0.129225
1 748.85 605.04 766.50 631.95 0.126163
4 737.69 457.41 796.05 495.64 0.125058
4 828.49 485.98 910.98 543.88 0.124650
9 567.31 602.48 654.79 691.48 0.122123
10 1009.33 472.58 1086.77 758.11 0.121529
3 1207.09 791.95 1321.58 870.46 0.120886
3 1258.84 793.99 1329.08 872.86 0.120481
4 289.86 48.22 311.19 65.76 0.119838
1 167.32 874.36 185.21 896.36 0.118598
4 632.80 324.70 692.01 373.24 0.117623
4 452.20 115.31 481.38 134.77 0.116455
6 516.30 182.49 554.63 205.09 0.116100
6 781.20 274.80 855.65 324.87 0.116064
1 152.32 253.32 167.09 272.71 0.115105
9 443.74 734.80 544.18 845.58 0.113849
1 195.18 876.79 216.55 903.79 0.113727
4 400.80 368.80 444.26 408.10 0.113301
10 84.20 857.65 131.89 933.74 0.112639
10 1338.60 791.92 1370.35 827.19 0.112150
3 1211.62 787.16 1368.60 867.61 0.112021
10 112.64 658.00 131.85 683.52 0.110144
6 781.17 289.04 835.39 324.54 0.110021
6 916.85 569.91 992.56 640.12 0.108714
3 701.51 619.31 724.12 642.79 0.107620
3 789.52 658.34 833.95 705.40 0.107160
3 152.97 893.82 221.36 926.00 0.106391
2 744.39 584.69 873.90 709.12 0.105794
9 922.44 579.64 982.89 623.89 0.102881
10 972.42 422.97 1086.33 539.26 0.102109
3 753.70 600.57 780.09 622.63 0.102003
10 709.60 656.56 728.67 683.20 0.102001
4 214.07 18.62 233.69 34.34 0.100608
4 189.99 92.09 214.62 114.98 0.100240
8 274.16 28.48 287.96 39.71 0.049375
8 242.74 42.35 258.35 53.39 0.049305
8 224.97 52.80 240.16 64.60 0.049278
8 391.07 54.09 404.42 67.53 0.049276
8 282.86 9.15 298.41 21.17 0.049246
8 215.74 21.42 231.87 33.15 0.049237
8 150.53 59.31 165.35 72.43 0.049215
7 274.16 28.48 287.96 39.71 0.049167
8 307.02 77.19 324.36 89.48 0.049140
8 237.12 79.22 254.11 92.56 0.049085
7 242.74 42.35 258.35 53.39 0.049073
2 274.16 28.48 287.96 39.71 0.049062
8 437.15 129.44 452.16 145.06 0.049054
8 291.88 50.56 308.90 64.48 0.049043
7 224.97 52.80 240.16 64.60 0.049037
7 391.07 54.09 404.42 67.53 0.049035
7 282.86 9.15 298.41 21.17 0.048995
7 215.74 21.42 231.87 33.15 0.048982
2 242.74 42.35 258.35 53.39 0.048957
7 150.53 59.31 165.35 72.43 0.048954
1 274.16 28.48 287.96 39.71 0.048928
10 274.16 28.48 287.96 39.71 0.048928
2 224.97 52.80 240.16 64.60 0.048916
2 391.07 54.09 404.42 67.53 0.048915
8 757.43 132.16 776.18 146.87 0.048887
2 282.86 9.15 298.41 21.17 0.048869
8 550.31 263.88 568.52 279.36 0.048862
8 325.76 125.48 345.75 139.63 0.048858
2 215.74 21.42 231.87 33.15 0.048855
7 307.02 77.19 324.36 89.48 0.048853
2 150.53 59.31 165.35 72.43 0.048823
1 242.74 42.35 258.35 53.39 0.048808
10 242.74 42.35 258.35 53.39 0.048808
7 237.12 79.22 254.11 92.56 0.048780
3 274.16 28.48 287.96 39.71 0.048766
1 224.97 52.80 240.16 64.60 0.048762
10 224.97 52.80 240.16 64.60 0.048762
1 391.07 54.09 404.42 67.53 0.048760
10 391.07 54.09 404.42 67.53 0.048760
7 437.15 129.44 452.16 145.06 0.048738
7 291.88 50.56 308.90 64.48 0.048725
2 307.02 77.19 324.36 89.48 0.048709
1 282.86 9.15 298.41 21.17 0.048708
10 282.86 9.15 298.41 21.17 0.048708
1 215.74 21.42 231.87 33.15 0.048692
10 215.74 21.42 231.87 33.15 0.048692
1 150.53 59.31 165.35 72.43 0.048655
10 150.53 59.31 165.35 72.43 0.048655
2 237.12 79.22 254.11 92.56 0.048628
3 242.74 42.35 258.35 53.39 0.048612
8 333.35 155.03 355.70 170.63 0.048593
8 192.64 96.23 213.02 113.38 0.048589
2 437.15 129.44 452.16 145.06 0.048580
2 291.88 50.56 308.90 64.48 0.048565
3 224.97 52.80 240.16 64.60 0.048556
3 391.07 54.09 404.42 67.53 0.048553
8 199.07 604.99 225.30 618.77 0.048541
1 307.02 77.19 324.36 89.48 0.048525
10 307.02 77.19 324.36 89.48 0.048525
7 757.43 132.16 776.18 146.87 0.048516
3 282.86 9.15 298.41 21.17 0.048497
3 215.74 21.42 231.87 33.15 0.048490
7 550.31 263.88 568.52 279.36 0.048483
7 325.76 125.48 345.75 139.63 0.048478
1 237.12 79.22 254.11 92.56 0.048432
10 237.12 79.22 254.11 92.56 0.048432
3 150.53 59.31 165.35 72.43 0.048431
8 296.80 120.77 318.10 139.52 0.048388
1 437.15 129.44 452.16 145.06 0.048378
10 437.15 129.44 452.16 145.06 0.048378
8 244.66 129.08 265.83 148.19 0.048368
1 291.88 50.56 308.90 64.48 0.048360
10 291.88 50.56 308.90 64.48 0.048360
2 757.43 132.16 776.18 146.87 0.048331
8 453.59 117.54 479.86 133.57 0.048301
2 550.31 263.88 568.52 279.36 0.048294
2 325.76 125.48 345.75 139.63 0.048288
3 307.02 77.19 324.36 89.48 0.048284
3 237.12 79.22 254.11 92.56 0.048265
8 369.79 198.84 392.71 217.92 0.048236
8 337.72 217.14 359.78 237.01 0.048231
7 333.35 155.03 355.70 170.63 0.048124
7 192.64 96.23 213.02 113.38 0.048119
3 437.15 129.44 452.16 145.06 0.048108
1 757.43 132.16 776.18 146.87 0.048092
10 757.43 132.16 776.18 146.87 0.048092
3 291.88 50.56 308.90 64.48 0.048088
7 199.07 604.99 225.30 618.77 0.048055
1 550.31 263.88 568.52 279.36 0.048050
10 550.31 263.88 568.52 279.36 0.048050
1 325.76 125.48 345.75 139.63 0.048043
10 325.76 125.48 345.75 139.63 0.048043
2 333.35 155.03 355.70 170.63 0.047890
2 192.64 96.23 213.02 113.38 0.047884
7 296.80 120.77 318.10 139.52 0.047851
7 244.66 129.08 265.83 148.19 0.047823
2 199.07 604.99 225.30 618.77 0.047812
3 757.43 132.16 776.18 146.87 0.047775
7 453.59 117.54 479.86 133.57 0.047734
3 550.31 263.88 568.52 279.36 0.047727
3 325.76 125.48 345.75 139.63 0.047718
8 492.38 211.69 520.44 232.27 0.047670
7 369.79 198.84 392.71 217.92 0.047648
7 337.72 217.14 359.78 237.01 0.047642
8 195.95 896.13 220.81 920.14 0.047593
1 333.35 155.03 355.70 170.63 0.047588
10 333.35 155.03 355.70 170.63 0.047588
2 296.80 120.77 318.10 139.52 0.047582
1 192.64 96.23 213.02 113.38 0.047582
10 192.64 96.23 213.02 113.38 0.047582
2 244.66 129.08 265.83 148.19 0.047551
8 794.59 677.63 823.29 698.94 0.047532
1 199.07 604.99 225.30 618.77 0.047500
10 199.07 604.99 225.30 618.77 0.047500
2 453.59 117.54 479.86 133.57 0.047451
2 369.79 198.84 392.71 217.92 0.047354
2 337.72 217.14 359.78 237.01 0.047347
8 413.29 305.53 443.23 328.06 0.047279
1 296.80 120.77 318.10 139.52 0.047237
10 296.80 120.77 318.10 139.52 0.047237
1 244.66 129.08 265.83 148.19 0.047202
10 244.66 129.08 265.83 148.19 0.047202
3 333.35 155.03 355.70 170.63 0.047201
3 192.64 96.23 213.02 113.38 0.047179
8 187.87 80.20 211.86 109.92 0.047124
8 556.35 310.81 584.10 336.71 0.047101
1 453.59 117.54 479.86 133.57 0.047087
10 453.59 117.54 479.86 133.57 0.047087
3 199.07 604.99 225.30 618.77 0.047086
1 369.79 198.84 392.71 217.92 0.046976
10 369.79 198.84 392.71 217.92 0.046976
1 337.72 217.14 359.78 237.01 0.046968
10 337.72 217.14 359.78 237.01 0.046968
7 492.38 211.69 520.44 232.27 0.046894
7 195.95 896.13 220.81 920.14 0.046790
8 751.10 602.68 778.48 631.75 0.046789
3 296.80 120.77 318.10 139.52 0.046785
3 244.66 129.08 265.83 148.19 0.046746
7 794.59 677.63 823.29 698.94 0.046710
2 195.95 896.13 220.81 920.14 0.046680
8 407.71 375.09 437.69 403.16 0.046605
3 453.59 117.54 479.86 133.57 0.046601
8 461.59 416.81 491.10 446.04 0.046520
2 492.38 211.69 520.44 232.27 0.046506
8 576.43 265.99 618.25 286.82 0.046484
3 369.79 198.84 392.71 217.92 0.046474
3 337.72 217.14 359.78 237.01 0.046465
7 413.29 305.53 443.23 328.06 0.046371
2 794.59 677.63 823.29 698.94 0.046326
7 187.87 80.20 211.86 109.92 0.046166
7 556.35 310.81 584.10 336.71 0.046135
1 492.38 211.69 520.44 232.27 0.046006
10 492.38 211.69 520.44 232.27 0.046006
2 413.29 305.53 443.23 328.06 0.045918
1 195.95 896.13 220.81 920.14 0.045873
10 195.95 896.13 220.81 920.14 0.045873
1 794.59 677.63 823.29 698.94 0.045770
10 794.59 677.63 823.29 698.94 0.045770
7 751.10 602.68 778.48 631.75 0.045718
2 187.87 80.20 211.86 109.92 0.045686
2 556.35 310.81 584.10 336.71 0.045652
8 324.34 386.70 356.14 420.86 0.045616
8 550.58 220.66 596.46 244.39 0.045606
7 407.71 375.09 437.69 403.16 0.045473
3 492.38 211.69 520.44 232.27 0.045341
1 413.29 305.53 443.23 328.06 0.045335
10 413.29 305.53 443.23 328.06 0.045335
8 651.84 344.50 694.03 372.04 0.045313
7 576.43 265.99 618.25 286.82 0.045312
2 751.10 602.68 778.48 631.75 0.045220
1 187.87 80.20 211.86 109.92 0.045070
10 187.87 80.20 211.86 109.92 0.045070
1 556.35 310.81 584.10 336.71 0.045030
10 556.35 310.81 584.10 336.71 0.045030
2 407.71 375.09 437.69 403.16 0.044907
2 461.59 416.81 491.10 446.04 0.044780
2 576.43 265.99 618.25 286.82 0.044726
3 413.29 305.53 443.23 328.06 0.044576
1 751.10 602.68 778.48 631.75 0.044495
10 751.10 602.68 778.48 631.75 0.044495
8 717.36 418.22 762.85 449.39 0.044279
3 187.87 80.20 211.86 109.92 0.044248
3 556.35 310.81 584.10 336.71 0.044203
1 407.71 375.09 437.69 403.16 0.044180
10 407.71 375.09 437.69 403.16 0.044180
7 550.58 220.66 596.46 244.39 0.044142
1 461.59 416.81 491.10 446.04 0.044034
10 461.59 416.81 491.10 446.04 0.044034
1 576.43 265.99 618.25 286.82 0.043973
10 576.43 265.99 618.25 286.82 0.043973
8 782.82 292.36 832.47 322.54 0.043956
7 651.84 344.50 694.03 372.04 0.043751
8 822.65 189.90 872.54 221.82 0.043574
2 324.34 386.70 356.14 420.86 0.043424
2 550.58 220.66 596.46 244.39 0.043409
3 407.71 375.09 437.69 403.16 0.043232
3 461.59 416.81 491.10 446.04 0.043143
2 651.84 344.50 694.03 372.04 0.042970
3 576.43 265.99 618.25 286.82 0.042969
8 702.92 620.35 732.21 683.90 0.042490
1 324.34 386.70 356.14 420.86 0.042484
10 324.34 386.70 356.14 420.86 0.042484
1 550.58 220.66 596.46 244.39 0.042468
7 717.36 418.22 762.85 449.39 0.042373
1 651.84 344.50 694.03 372.04 0.041966
10 651.84 344.50 694.03 372.04 0.041966
7 782.82 292.36 832.47 322.54 0.041942
7 822.65 189.90 872.54 221.82 0.041432
2 717.36 418.22 762.85 449.39 0.041419
3 324.34 386.70 356.14 420.86 0.041290
8 838.66 498.40 901.84 532.57 0.041290
3 550.58 220.66 596.46 244.39 0.041212
8 667.84 369.43 735.08 402.52 0.041025
2 782.82 292.36 832.47 322.54 0.040935
3 651.84 344.50 694.03 372.04 0.040628
8 924.28 582.01 982.17 623.03 0.040419
2 822.65 189.90 872.54 221.82 0.040362
1 717.36 418.22 762.85 449.39 0.040193
10 717.36 418.22 762.85 449.39 0.040193
8 91.24 863.95 127.76 931.66 0.040022
1 782.82 292.36 832.47 322.54 0.039640
10 782.82 292.36 832.47 322.54 0.039640
1 822.65 189.90 872.54 221.82 0.038985
10 822.65 189.90 872.54 221.82 0.038985
2 702.92 620.35 732.21 683.90 0.038734
3 717.36 418.22 762.85 449.39 0.038558
7 838.66 498.40 901.84 532.57 0.038386
8 644.59 1035.26 713.07 1077.54 0.038317
7 667.84 369.43 735.08 402.52 0.038034
3 782.82 292.36 832.47 322.54 0.037919
7 924.28 582.01 982.17 623.03 0.037225
3 822.65 189.90 872.54 221.82 0.037149
10 702.92 620.35 732.21 683.90 0.037125
1 702.92 620.35 732.21 683.90 0.037125
8 788.87 739.10 838.33 804.56 0.036938
2 838.66 498.40 901.84 532.57 0.036934
2 667.84 369.43 735.08 402.52 0.036538
2 924.28 582.01 982.17 623.03 0.035628
1 838.66 498.40 901.84 532.57 0.035068
10 838.66 498.40 901.84 532.57 0.035068
2 91.24 863.95 127.76 931.66 0.035043
3 702.92 620.35 732.21 683.90 0.034979
1 667.84 369.43 735.08 402.52 0.034615
10 667.84 369.43 735.08 402.52 0.034615
7 644.59 1035.26 713.07 1077.54 0.034422
1 167.93 875.38 221.73 922.15 0.033973
1 924.28 582.01 982.17 623.03 0.033575
10 924.28 582.01 982.17 623.03 0.033575
1 91.24 863.95 127.76 931.66 0.032895
10 91.24 863.95 127.76 931.66 0.032895
7 788.87 739.10 838.33 804.56 0.032584
3 838.66 498.40 901.84 532.57 0.032581
2 644.59 1035.26 713.07 1077.54 0.032475
8 626.88 805.99 687.71 878.57 0.032189
3 667.84 369.43 735.08 402.52 0.032051
3 924.28 582.01 982.17 623.03 0.030838
2 788.87 739.10 838.33 804.56 0.030407
8 777.39 1026.82 873.26 1077.57 0.030371
1 644.59 1035.26 713.07 1077.54 0.029971
10 644.59 1035.26 713.07 1077.54 0.029971
1 788.87 739.10 838.33 804.56 0.027608
10 788.87 739.10 838.33 804.56 0.027608
3 644.59 1035.26 713.07 1077.54 0.026765
7 626.88 805.99 687.71 878.57 0.026252
3 471.64 752.80 518.77 820.99 0.024197
3 788.87 739.10 838.33 804.56 0.023878
7 777.39 1026.82 873.26 1077.57 0.023827
2 626.88 805.99 687.71 878.57 0.023283
2 777.39 1026.82 873.26 1077.57 0.020556
