4 1150.39 436.94 1236.30 580.40 0.986387
1 995.51 572.79 1030.76 612.32 0.611999
4 895.13 206.27 924.89 232.50 0.515334
2 932.60 504.14 967.90 531.65 0.481248
2 931.93 213.97 947.85 234.49 0.461722
2 1148.98 436.56 1235.34 579.73 0.445571
2 996.58 574.20 1029.29 610.96 0.429573
2 894.98 206.12 924.35 232.87 0.412747
2 894.83 205.57 924.57 250.08 0.373902
2 816.82 688.64 901.25 786.30 0.350055
2 815.50 681.59 944.40 786.59 0.329544
7 929.86 500.29 970.78 533.69 0.327802
7 922.43 493.54 976.68 541.93 0.299577
7 1149.12 433.36 1240.09 582.82 0.287562
2 552.41 685.40 944.98 786.49 0.284629
7 1131.41 421.63 1258.34 598.58 0.269603
2 552.47 721.21 933.69 786.28 0.262018
10 1140.82 426.30 1248.73 591.21 0.246428
10 1129.08 418.19 1261.22 603.01 0.245399
10 554.57 29.25 926.28 582.49 0.226165
10 1148.81 434.08 1239.89 581.93 0.222558
10 1118.56 410.32 1271.94 616.57 0.221497
2 550.90 716.22 916.57 784.25 0.216131
4 1147.27 432.87 1241.04 584.21 0.214431
7 547.82 696.88 945.49 784.70 0.211067
7 892.94 202.16 926.55 250.01 0.199285
4 816.51 687.38 947.23 786.79 0.197970
7 813.50 682.19 947.36 785.05 0.193748
7 926.93 497.12 973.80 537.27 0.193038
7 911.71 483.80 987.48 554.12 0.182520
4 1106.80 400.79 1286.27 631.45 0.180514
10 1011.67 2.77 1397.00 782.78 0.179388
2 538.57 663.11 961.67 785.12 0.177585
2 554.78 724.22 811.18 775.72 0.163173
4 1132.80 420.31 1256.91 599.56 0.157423
10 418.60 8.82 1075.71 781.16 0.152170
7 881.93 191.07 954.57 256.54 0.151613
4 1096.13 395.65 1297.93 635.51 0.151066
7 889.19 196.47 950.91 252.48 0.150951
1 930.71 210.96 950.17 235.58 0.148641
10 1164.40 437.03 1231.91 535.64 0.145983
2 549.49 702.37 944.05 784.87 0.145569
2 418.30 1.41 1105.87 785.41 0.144580
10 813.15 681.16 947.85 784.99 0.143311
1 986.82 564.81 1039.22 620.57 0.139930
2 550.80 713.09 934.35 784.78 0.134583
10 541.60 22.96 951.38 766.17 0.126629
10 893.36 202.92 926.11 234.18 0.124277
10 542.53 20.60 994.76 588.75 0.121651
5 1118.97 409.66 1296.17 616.20 0.121604
10 505.65 20.50 1021.90 778.91 0.121308
4 1129.28 416.54 1261.08 603.30 0.117900
10 816.04 688.92 905.48 784.76 0.116974
7 816.64 726.63 902.05 785.16 0.116560
1 5.62 1.56 1394.11 785.76 0.115819
4 1097.29 388.62 1287.05 637.17 0.114956
4 13.34 3.54 1390.59 783.19 0.114440
7 871.88 181.97 963.10 266.55 0.112038
3 990.45 567.99 1034.93 615.80 0.111339
6 1011.65 1.65 1396.85 784.54 0.109720
4 1115.03 408.37 1277.02 616.67 0.108714
10 823.02 0.69 928.49 55.34 0.106805
4 813.30 678.56 948.27 785.31 0.106698
10 1178.49 539.38 1237.11 577.89 0.105602
1 418.30 1.41 1105.87 785.41 0.103727
10 403.10 3.44 1391.57 782.77 0.103678
2 5.62 1.56 1394.11 785.76 0.073843
8 931.93 213.97 947.85 234.49 0.047533
7 931.93 213.97 947.85 234.49 0.046710
1 931.93 213.97 947.85 234.49 0.045779
10 931.93 213.97 947.85 234.49 0.045770
3 931.93 213.97 947.85 234.49 0.045065
8 895.13 206.27 924.89 232.50 0.044103
8 933.56 505.28 967.82 531.88 0.043117
7 895.13 206.27 924.89 232.50 0.042137
8 996.58 574.20 1029.29 610.96 0.040919
7 933.56 505.28 967.82 531.88 0.040822
8 895.61 206.11 923.91 250.48 0.040517
1 895.13 206.27 924.89 232.50 0.039891
10 895.13 206.27 924.89 232.50 0.039891
3 895.13 206.27 924.89 232.50 0.038212
1 933.56 505.28 967.82 531.88 0.038211
7 996.58 574.20 1029.29 610.96 0.037892
7 895.61 206.11 923.91 250.48 0.037356
3 933.56 505.28 967.82 531.88 0.036233
10 996.58 574.20 1029.29 610.96 0.034433
1 895.61 206.11 923.91 250.48 0.033749
10 895.61 206.11 923.91 250.48 0.033744
3 996.58 574.20 1029.29 610.96 0.031838
3 895.61 206.11 923.91 250.48 0.031035
