4 19.61 376.81 116.85 445.14 0.914054
6 0.34 404.88 195.26 797.22 0.739233
1 465.00 741.23 484.58 766.74 0.711524
2 761.58 492.66 790.31 520.68 0.709355
1 813.73 727.00 831.82 753.47 0.705309
4 175.89 893.18 211.88 922.44 0.700699
1 136.05 372.87 169.99 400.99 0.700264
1 542.78 643.97 560.79 666.61 0.689319
6 257.66 488.59 332.64 563.15 0.669518
2 302.81 367.67 325.64 395.22 0.664776
2 314.12 408.90 337.57 436.82 0.661280
2 379.30 450.07 401.66 478.59 0.648205
2 200.89 473.29 231.33 500.26 0.647717
2 497.87 429.02 516.16 452.59 0.647508
3 756.17 501.64 795.72 528.43 0.645343
2 296.78 426.30 323.65 452.91 0.639212
2 364.59 387.74 393.54 422.29 0.616312
2 267.60 367.62 291.80 400.37 0.613387
4 34.31 226.21 68.72 250.60 0.610921
2 511.37 760.14 537.87 791.05 0.610412
2 175.80 363.56 205.20 395.67 0.609280
2 422.44 410.85 446.92 437.59 0.609142
2 497.74 428.76 530.27 466.17 0.606469
2 542.54 644.23 560.25 666.28 0.595796
2 136.06 373.03 169.68 400.84 0.593769
2 503.11 444.64 530.91 465.86 0.593624
2 497.42 428.91 517.20 462.47 0.592852
2 276.90 399.06 298.40 424.44 0.589468
2 318.85 685.78 356.30 717.91 0.588428
2 266.23 501.62 284.09 527.62 0.585227
2 365.16 389.22 382.11 422.30 0.577600
2 642.48 586.90 657.06 608.40 0.570622
3 830.27 519.78 867.41 544.37 0.560585
2 376.37 388.91 394.56 416.68 0.560125
2 634.94 586.71 656.57 618.62 0.558256
2 1164.40 952.05 1190.55 973.26 0.551790
2 464.61 741.48 483.78 766.25 0.551132
3 339.03 635.69 368.56 663.61 0.546102
2 342.75 72.57 352.37 90.51 0.539257
2 634.63 594.45 647.72 618.28 0.538578
2 836.04 511.30 866.73 543.18 0.534822
3 634.98 593.74 656.77 619.15 0.532227
3 560.84 445.85 601.47 481.55 0.530586
2 763.14 493.75 782.31 517.65 0.525862
2 90.51 458.32 106.36 477.92 0.525414
2 319.36 686.80 338.12 717.61 0.523620
2 836.96 511.76 856.33 538.17 0.523550
2 348.81 636.77 369.64 654.85 0.522396
2 537.80 858.56 560.34 881.71 0.513518
3 290.74 669.47 324.79 693.19 0.508294
2 338.53 624.25 367.68 661.55 0.508184
3 339.74 639.38 358.55 664.01 0.507882
2 339.90 625.44 358.53 660.42 0.502079
2 340.04 625.10 355.48 641.62 0.501212
2 342.93 639.41 357.58 662.73 0.499408
2 813.49 726.87 831.69 753.21 0.493118
2 81.40 452.25 108.07 479.10 0.491739
2 290.81 666.00 321.00 691.78 0.489562
3 29.14 893.96 90.90 942.10 0.486965
2 205.86 555.59 232.62 581.91 0.482438
2 570.52 689.81 590.48 714.53 0.481676
2 537.53 844.21 565.26 881.92 0.481020
3 369.51 398.72 392.44 423.48 0.478385
2 1243.59 776.25 1279.47 818.96 0.470861
3 262.52 969.41 314.79 1006.67 0.464491
2 91.20 458.95 111.65 481.62 0.456499
2 219.46 480.25 232.28 499.29 0.456390
4 16.95 373.58 118.56 447.42 0.449307
2 1149.43 952.28 1194.26 973.68 0.446832
2 1242.93 784.07 1264.50 819.40 0.442508
7 170.98 743.86 232.12 796.61 0.440215
2 130.97 252.85 140.63 268.85 0.438595
7 204.62 589.09 246.85 624.37 0.432056
2 129.61 347.60 875.53 899.21 0.424192
2 165.89 516.89 181.03 533.60 0.419604
7 40.03 814.89 315.42 1007.81 0.414966
3 29.16 872.46 115.84 942.40 0.413652
2 502.83 448.08 517.66 465.88 0.405445
2 270.09 704.75 294.35 725.02 0.394633
2 262.91 969.20 312.91 1006.76 0.393840
10 1283.41 809.83 1387.15 940.59 0.389342
2 278.37 443.20 300.86 480.33 0.388652
2 548.52 844.90 565.37 866.43 0.381896
2 204.22 591.52 229.53 625.36 0.380447
2 169.11 310.81 193.79 339.60 0.380080
2 6.91 778.02 30.07 799.78 0.373794
2 175.83 762.47 202.25 796.66 0.373432
1 134.91 371.64 170.38 401.63 0.372646
2 51.47 897.74 85.68 939.42 0.371901
1 174.99 362.56 206.36 396.82 0.365654
1 510.33 758.38 539.20 791.65 0.362539
7 17.21 374.23 118.47 446.72 0.344150
1 812.02 725.58 832.86 753.96 0.340624
2 319.80 685.81 356.58 715.51 0.340521
10 256.62 487.71 334.14 563.71 0.337895
2 833.31 510.66 866.10 542.94 0.330047
1 759.88 491.34 791.13 520.86 0.329076
3 260.97 966.08 316.17 1006.76 0.328992
2 634.39 585.31 657.46 618.32 0.326440
1 421.79 409.83 447.97 438.08 0.320660
2 613.30 928.02 634.57 944.33 0.319343
2 338.87 624.00 368.97 659.50 0.316271
2 360.22 608.61 375.25 647.32 0.313787
1 301.82 365.64 327.16 396.23 0.312268
2 613.49 912.82 639.32 944.56 0.300164
1 267.64 366.56 292.81 400.91 0.297352
1 378.71 448.08 402.78 479.11 0.294578
1 198.93 470.78 232.52 501.44 0.293830
1 830.61 509.49 867.88 543.75 0.293007
3 756.31 496.88 796.92 528.11 0.286094
1 536.61 842.24 567.65 882.73 0.280183
1 541.45 642.10 561.61 667.25 0.277382
1 1239.42 774.01 1281.14 820.31 0.274600
3 559.99 444.25 602.26 482.87 0.268895
1 312.16 406.76 338.50 437.58 0.267000
1 496.19 427.42 517.14 453.61 0.266226
1 296.02 424.97 325.07 453.85 0.262642
1 611.55 925.79 635.60 946.27 0.262347
1 317.36 684.27 357.27 717.90 0.261588
1 569.08 688.27 592.40 715.43 0.254505
1 336.67 622.75 370.03 662.47 0.254127
2 261.39 498.70 284.76 528.08 0.251318
1 1142.93 947.52 1196.01 976.26 0.247544
1 834.13 510.36 856.85 538.81 0.246455
1 288.83 664.03 322.80 692.29 0.246257
2 612.74 926.81 634.88 945.41 0.243951
7 31.29 814.10 180.62 942.63 0.242695
4 6.52 359.25 130.00 470.54 0.238826
3 829.15 516.28 868.21 545.11 0.234297
1 633.15 585.57 657.96 619.32 0.228656
1 531.43 839.06 572.56 886.05 0.226311
10 212.02 669.82 256.47 720.92 0.226245
1 277.05 441.48 302.77 481.13 0.224026
10 159.43 733.24 242.85 806.71 0.220367
1 752.58 487.28 799.43 530.99 0.219593
1 756.67 492.64 796.05 526.68 0.216719
1 259.66 497.38 284.93 528.34 0.213034
1 632.89 583.46 659.04 619.30 0.209989
10 1271.20 792.98 1394.62 955.70 0.199473
2 61.86 337.47 884.24 993.50 0.197471
2 130.54 348.92 536.84 500.39 0.196744
3 1141.49 944.45 1197.96 978.44 0.196097
2 641.21 586.02 657.45 608.72 0.192154
1 267.79 702.14 297.04 726.28 0.191648
1 363.58 385.40 397.21 423.17 0.191408
2 261.38 355.52 535.29 489.95 0.191050
3 248.76 954.44 329.88 1016.27 0.189664
3 244.50 616.45 299.21 659.62 0.189192
2 206.33 556.40 233.46 580.30 0.188324
3 552.30 768.31 571.33 789.85 0.187332
3 510.51 298.10 548.08 326.50 0.187193
1 363.24 387.12 383.05 421.61 0.186876
7 174.20 890.53 213.07 923.42 0.185152
9 0.17 636.89 108.15 794.46 0.183708
3 510.31 298.51 548.41 341.63 0.183154
7 2.05 370.43 122.31 473.55 0.181563
3 50.90 873.45 116.25 937.46 0.181341
1 495.59 427.63 518.74 462.64 0.181284
1 79.43 450.31 112.34 480.72 0.180666
3 550.33 766.76 572.77 790.80 0.180361
3 337.64 634.78 369.46 664.48 0.179956
3 823.01 503.93 875.70 551.32 0.179732
1 495.59 427.17 531.82 467.23 0.175646
7 202.87 586.82 247.47 625.83 0.174739
3 632.71 595.61 651.08 619.51 0.170895
2 236.53 346.50 878.17 955.84 0.170894
1 274.74 397.13 299.79 425.27 0.170836
3 1139.52 940.54 1200.96 981.11 0.169980
1 5.80 776.42 33.32 801.52 0.168050
1 204.99 554.49 235.52 582.11 0.167202
1 464.00 739.96 485.59 766.36 0.165798
6 245.09 471.69 353.88 578.07 0.164755
3 520.81 831.75 583.48 895.04 0.163322
3 282.48 658.43 329.07 698.57 0.162574
2 27.53 205.60 888.83 994.66 0.159299
3 632.94 591.12 658.36 619.23 0.158817
2 135.36 345.64 665.27 946.73 0.157198
1 640.29 584.83 658.32 608.44 0.155622
1 564.36 684.79 597.88 719.43 0.155064
3 509.15 296.06 549.73 342.66 0.154005
10 121.19 1.65 357.80 94.01 0.152412
3 740.75 478.37 811.55 542.83 0.151335
3 359.62 381.95 403.03 425.91 0.147555
3 289.54 668.51 324.45 694.04 0.147249
7 199.04 554.86 249.39 627.84 0.145675
2 114.38 332.21 895.10 968.00 0.142337
7 2.79 370.73 151.41 503.23 0.142204
2 262.28 356.19 452.11 486.88 0.141534
3 536.86 856.19 560.94 882.10 0.141263
3 0.24 985.39 74.70 1027.57 0.139222
6 147.19 725.14 254.91 819.71 0.139062
2 264.64 362.08 340.70 455.87 0.138557
10 39.33 812.77 179.80 875.88 0.136303
10 509.72 296.01 549.23 328.16 0.136106
3 48.27 871.85 117.05 938.44 0.136004
7 215.13 939.29 317.37 1007.78 0.133420
2 17.19 334.72 1376.37 1030.22 0.131720
3 367.42 395.03 393.76 424.60 0.131081
3 535.96 855.54 562.89 882.79 0.130649
3 48.94 892.98 90.23 935.10 0.128351
3 1224.50 760.46 1293.43 832.20 0.128253
1 265.95 500.24 285.93 528.80 0.127815
2 263.27 358.80 408.52 483.64 0.126818
6 166.78 668.54 261.28 799.42 0.126410
1 132.74 359.60 207.61 403.88 0.126060
6 197.79 658.30 269.77 738.98 0.124290
3 338.78 638.41 359.31 663.90 0.122611
10 38.29 812.48 251.23 967.81 0.121731
10 347.66 513.94 395.46 555.69 0.121365
3 1133.92 931.41 1208.13 988.03 0.120251
2 126.91 344.90 536.92 558.57 0.120047
1 376.40 387.80 397.74 415.50 0.118371
1 331.76 617.47 375.72 667.22 0.118152
3 621.04 573.24 671.43 627.91 0.116946
6 212.23 669.88 256.57 720.89 0.116591
2 86.63 329.65 887.68 930.70 0.116119
6 0.64 633.51 110.50 796.58 0.115657
3 773.28 505.21 796.91 528.04 0.115410
9 169.91 743.01 214.71 783.45 0.114073
1 804.63 719.95 838.97 758.73 0.113717
3 288.00 661.71 358.23 720.84 0.112244
1 537.10 637.46 566.61 670.80 0.111001
10 260.81 965.72 316.58 1007.09 0.110582
1 1163.72 950.17 1193.84 974.08 0.109012
10 459.56 781.77 488.11 816.54 0.108663
1 506.65 755.09 543.64 795.29 0.108531
3 261.24 696.47 302.84 732.58 0.108308
1 337.12 623.73 359.61 660.16 0.108084
6 1247.06 771.30 1395.07 974.50 0.107822
2 128.10 344.58 879.15 572.68 0.107197
4 174.80 890.57 212.93 923.24 0.106574
1 503.48 443.63 532.20 467.53 0.105656
6 200.66 584.86 249.02 628.09 0.105105
4 171.07 887.93 215.90 925.52 0.104163
3 137.34 379.37 169.91 402.00 0.103168
1 120.36 247.88 143.35 273.54 0.102375
1 337.74 623.36 358.56 645.20 0.101695
2 283.57 616.42 376.23 723.85 0.101224
3 366.61 399.67 391.62 424.98 0.100522
2 132.75 348.92 612.68 889.72 0.100004
1 129.61 347.60 875.53 899.21 0.095406
8 130.97 252.85 140.63 268.85 0.049124
8 342.75 72.57 352.37 90.51 0.049021
7 130.97 252.85 140.63 268.85 0.048832
7 342.75 72.57 352.37 90.51 0.048695
8 219.46 480.25 232.28 499.29 0.048616
8 165.89 516.89 181.03 533.60 0.048566
8 340.04 625.10 355.48 641.62 0.048554
8 502.83 448.08 517.66 465.88 0.048504
1 130.97 252.85 140.63 268.85 0.048499
10 130.97 252.85 140.63 268.85 0.048498
1 511.37 760.14 537.87 791.05 0.048479
8 634.81 598.72 648.40 619.29 0.048416
1 342.75 72.57 352.37 90.51 0.048331
10 342.75 72.57 352.37 90.51 0.048322
3 130.97 252.85 140.63 268.85 0.048247
8 90.51 458.32 106.36 477.92 0.048239
8 642.48 586.90 657.06 608.40 0.048222
7 219.46 480.25 232.28 499.29 0.048155
7 165.89 516.89 181.03 533.60 0.048089
7 340.04 625.10 355.48 641.62 0.048072
8 342.93 639.41 357.58 662.73 0.048063
3 342.75 72.57 352.37 90.51 0.048042
8 613.30 928.02 634.57 944.33 0.048033
7 502.83 448.08 517.66 465.88 0.048006
8 543.21 644.98 560.35 665.91 0.047965
8 548.52 844.90 565.37 866.43 0.047943
7 634.81 598.72 648.40 619.29 0.047888
8 348.81 636.77 369.64 654.85 0.047865
8 11.00 778.18 29.52 799.15 0.047799
8 498.03 428.98 515.69 452.05 0.047691
7 90.51 458.32 106.36 477.92 0.047651
8 814.09 727.80 830.98 752.39 0.047646
1 219.46 480.25 232.28 499.29 0.047630
7 642.48 586.90 657.06 608.40 0.047630
10 219.46 480.25 232.28 499.29 0.047628
8 1166.24 952.68 1187.43 972.93 0.047568
1 165.89 516.89 181.03 533.60 0.047548
10 165.89 516.89 181.03 533.60 0.047543
1 340.04 625.10 355.48 641.62 0.047528
10 340.04 625.10 355.48 641.62 0.047522
8 465.40 741.87 483.90 766.13 0.047456
8 571.24 690.38 590.47 713.79 0.047448
1 502.83 448.08 517.66 465.88 0.047436
10 502.83 448.08 517.66 465.88 0.047436
8 377.76 389.97 394.76 416.60 0.047433
7 342.93 639.41 357.58 662.73 0.047418
8 763.14 493.75 782.31 517.65 0.047403
7 613.30 928.02 634.57 944.33 0.047378
8 91.20 458.95 111.65 481.62 0.047372
8 266.23 501.62 284.09 527.62 0.047368
10 634.81 598.72 648.40 619.29 0.047317
7 543.21 644.98 560.35 665.91 0.047286
1 634.81 598.72 648.40 619.29 0.047285
7 548.52 844.90 565.37 866.43 0.047258
3 219.46 480.25 232.28 499.29 0.047233
8 270.09 704.75 294.35 725.02 0.047213
7 348.81 636.77 369.64 654.85 0.047154
3 165.89 516.89 181.03 533.60 0.047133
8 538.39 858.65 560.37 881.69 0.047130
3 340.04 625.10 355.48 641.62 0.047108
8 836.96 511.76 856.33 538.17 0.047099
7 11.00 778.18 29.52 799.15 0.047065
3 502.83 448.08 517.66 465.88 0.047008
1 90.51 458.32 106.36 477.92 0.046987
10 90.51 458.32 106.36 477.92 0.046980
1 642.48 586.90 657.06 608.40 0.046968
10 642.48 586.90 657.06 608.40 0.046952
7 498.03 428.98 515.69 452.05 0.046921
8 276.90 399.06 298.40 424.44 0.046906
7 814.09 727.80 830.98 752.39 0.046861
3 634.81 598.72 648.40 619.29 0.046832
8 365.16 389.22 382.11 422.30 0.046821
8 369.51 398.72 392.44 423.48 0.046781
7 1166.24 952.68 1187.43 972.93 0.046757
8 319.36 686.80 338.12 717.61 0.046725
8 360.22 608.61 375.25 647.32 0.046701
1 342.93 639.41 357.58 662.73 0.046683
10 342.93 639.41 357.58 662.73 0.046680
8 503.11 444.64 530.91 465.86 0.046656
1 613.30 928.02 634.57 944.33 0.046650
10 613.30 928.02 634.57 944.33 0.046629
7 465.40 741.87 483.90 766.13 0.046607
7 571.24 690.38 590.47 713.79 0.046597
8 423.05 411.87 447.10 436.88 0.046590
7 377.76 389.97 394.76 416.60 0.046578
7 763.14 493.75 782.31 517.65 0.046537
10 543.21 644.98 560.35 665.91 0.046511
7 91.20 458.95 111.65 481.62 0.046496
7 266.23 501.62 284.09 527.62 0.046490
3 90.51 458.32 106.36 477.92 0.046477
1 548.52 844.90 565.37 866.43 0.046477
10 548.52 844.90 565.37 866.43 0.046474
3 642.48 586.90 657.06 608.40 0.046444
8 207.19 556.89 233.37 581.25 0.046385
1 348.81 636.77 369.64 654.85 0.046345
10 348.81 636.77 369.64 654.85 0.046340
8 498.34 429.40 517.42 463.51 0.046310
8 339.90 625.44 358.53 660.42 0.046304
7 270.09 704.75 294.35 725.02 0.046283
8 291.79 672.83 323.55 693.51 0.046276
1 11.00 778.18 29.52 799.15 0.046233
10 11.00 778.18 29.52 799.15 0.046227
8 297.62 426.89 323.90 452.44 0.046193
7 538.39 858.65 560.37 881.69 0.046173
1 498.55 429.31 515.89 453.01 0.046143
7 836.96 511.76 856.33 538.17 0.046132
3 613.30 928.02 634.57 944.33 0.046067
10 498.03 428.98 515.69 452.05 0.046041
10 814.09 727.80 830.98 752.39 0.045965
8 81.40 452.25 108.07 479.10 0.045940
3 543.21 644.98 560.35 665.91 0.045930
3 548.52 844.90 565.37 866.43 0.045886
7 276.90 399.06 298.40 424.44 0.045875
1 1166.24 952.68 1187.43 972.93 0.045865
10 1166.24 952.68 1187.43 972.93 0.045831
8 268.44 368.94 292.07 400.15 0.045819
7 365.16 389.22 382.11 422.30 0.045761
3 348.81 636.77 369.64 654.85 0.045730
7 369.51 398.72 392.44 423.48 0.045708
8 279.80 444.32 300.93 480.35 0.045684
8 1242.93 784.07 1264.50 819.40 0.045681
1 571.24 690.38 590.47 713.79 0.045674
8 763.50 493.07 791.34 520.66 0.045647
10 465.40 741.87 483.90 766.13 0.045638
7 319.36 686.80 338.12 717.61 0.045633
10 571.24 690.38 590.47 713.79 0.045625
7 360.22 608.61 375.25 647.32 0.045602
1 377.76 389.97 394.76 416.60 0.045601
10 377.76 389.97 394.76 416.60 0.045600
3 11.00 778.18 29.52 799.15 0.045598
8 290.81 666.00 321.00 691.78 0.045589
1 763.14 493.75 782.31 517.65 0.045553
10 763.14 493.75 782.31 517.65 0.045548
7 503.11 444.64 530.91 465.86 0.045541
1 91.20 458.95 111.65 481.62 0.045496
10 91.20 458.95 111.65 481.62 0.045495
1 266.23 501.62 284.09 527.62 0.045493
10 266.23 501.62 284.09 527.62 0.045488
7 423.05 411.87 447.10 436.88 0.045454
3 498.03 428.98 515.69 452.05 0.045381
8 613.49 912.82 639.32 944.56 0.045351
8 200.89 473.29 231.33 500.26 0.045347
3 814.09 727.80 830.98 752.39 0.045292
8 34.31 226.21 68.72 250.60 0.045241
1 270.09 704.75 294.35 725.02 0.045226
10 270.09 704.75 294.35 725.02 0.045222
7 207.19 556.89 233.37 581.25 0.045181
2 369.51 398.72 392.44 423.48 0.045173
8 204.22 591.52 229.53 625.36 0.045145
3 1166.24 952.68 1187.43 972.93 0.045137
1 497.42 428.91 517.20 462.47 0.045117
1 538.39 858.65 560.37 881.69 0.045096
7 498.34 429.40 517.42 463.51 0.045080
10 538.39 858.65 560.37 881.69 0.045080
7 339.90 625.44 358.53 660.42 0.045072
1 836.96 511.76 856.33 538.17 0.045035
7 291.79 672.83 323.55 693.51 0.045035
10 836.96 511.76 856.33 538.17 0.045027
1 175.80 363.56 205.20 395.67 0.044925
7 297.62 426.89 323.90 452.44 0.044924
8 136.92 373.69 170.27 400.55 0.044923
3 465.40 741.87 483.90 766.13 0.044911
3 571.24 690.38 590.47 713.79 0.044896
8 175.83 762.47 202.25 796.66 0.044877
3 377.76 389.97 394.76 416.60 0.044866
8 830.27 519.78 867.41 544.37 0.044823
3 763.14 493.75 782.31 517.65 0.044807
8 365.52 388.87 393.48 421.91 0.044762
3 91.20 458.95 111.65 481.62 0.044744
3 266.23 501.62 284.09 527.62 0.044736
10 277.14 399.48 298.63 424.93 0.044721
1 276.90 399.06 298.40 424.44 0.044712
7 81.40 452.25 108.07 479.10 0.044587
8 1149.43 952.28 1194.26 973.68 0.044561
1 365.16 389.22 382.11 422.30 0.044554
10 365.16 389.22 382.11 422.30 0.044550
1 369.51 398.72 392.44 423.48 0.044481
10 369.51 398.72 392.44 423.48 0.044481
8 836.04 511.30 866.73 543.18 0.044454
3 270.09 704.75 294.35 725.02 0.044425
7 268.44 368.94 292.07 400.15 0.044425
1 319.36 686.80 338.12 717.61 0.044423
2 291.79 672.83 323.55 693.51 0.044414
10 319.36 686.80 338.12 717.61 0.044386
8 756.08 502.37 794.96 527.91 0.044373
1 360.22 608.61 375.25 647.32 0.044345
10 360.22 608.61 375.25 647.32 0.044345
8 538.23 844.64 565.49 881.43 0.044314
1 503.11 444.64 530.91 465.86 0.044284
1 380.29 450.69 401.73 478.59 0.044271
3 538.39 858.65 560.37 881.69 0.044260
1 423.05 411.87 447.10 436.88 0.044253
7 279.80 444.32 300.93 480.35 0.044246
7 1242.93 784.07 1264.50 819.40 0.044241
3 836.96 511.76 856.33 538.17 0.044199
7 763.50 493.07 791.34 520.66 0.044196
10 423.05 411.87 447.10 436.88 0.044155
7 290.81 666.00 321.00 691.78 0.044119
1 302.81 367.67 325.64 395.22 0.044097
8 175.89 893.18 211.88 922.44 0.044031
8 339.59 624.90 368.98 661.05 0.043977
3 276.90 399.06 298.40 424.44 0.043813
1 207.19 556.89 233.37 581.25 0.043807
10 207.19 556.89 233.37 581.25 0.043804
8 319.79 685.81 356.58 715.52 0.043803
7 613.49 912.82 639.32 944.56 0.043802
7 200.89 473.29 231.33 500.26 0.043796
1 314.12 408.90 337.57 436.82 0.043745
1 339.90 625.44 358.53 660.42 0.043680
10 498.34 429.40 517.42 463.51 0.043674
10 339.90 625.44 358.53 660.42 0.043664
7 34.31 226.21 68.72 250.60 0.043654
3 365.16 389.22 382.11 422.30 0.043642
10 291.79 672.83 323.55 693.51 0.043626
1 291.79 672.83 323.55 693.51 0.043616
7 204.22 591.52 229.53 625.36 0.043526
1 297.62 426.89 323.90 452.44 0.043492
10 297.62 426.89 323.90 452.44 0.043473
3 319.36 686.80 338.12 717.61 0.043450
3 360.22 608.61 375.25 647.32 0.043402
3 503.11 444.64 530.91 465.86 0.043311
7 136.92 373.69 170.27 400.55 0.043230
8 498.26 429.34 531.25 465.65 0.043209
3 423.05 411.87 447.10 436.88 0.043181
7 175.83 762.47 202.25 796.66 0.043169
7 830.27 519.78 867.41 544.37 0.043097
1 81.40 452.25 108.07 479.10 0.043042
10 81.40 452.25 108.07 479.10 0.043040
7 365.52 388.87 393.48 421.91 0.043016
1 763.50 493.07 791.34 520.66 0.042939
1 268.44 368.94 292.07 400.15 0.042877
2 34.31 226.21 68.72 250.60 0.042861
10 268.44 368.94 292.07 400.15 0.042832
3 207.19 556.89 233.37 581.25 0.042771
7 1149.43 952.28 1194.26 973.68 0.042748
3 498.34 429.40 517.42 463.51 0.042620
3 339.90 625.44 358.53 660.42 0.042608
7 836.04 511.30 866.73 543.18 0.042606
1 279.80 444.32 300.93 480.35 0.042602
10 279.80 444.32 300.93 480.35 0.042602
1 1242.93 784.07 1264.50 819.40 0.042600
10 1242.93 784.07 1264.50 819.40 0.042596
10 763.50 493.07 791.34 520.66 0.042538
7 756.08 502.37 794.96 527.91 0.042497
1 290.81 666.00 321.00 691.78 0.042456
10 290.81 666.00 321.00 691.78 0.042438
7 538.23 844.64 565.49 881.43 0.042419
3 297.62 426.89 323.90 452.44 0.042386
8 561.12 446.63 601.07 480.26 0.042381
2 830.27 519.78 867.41 544.37 0.042236
1 200.89 473.29 231.33 500.26 0.042220
3 168.71 310.77 193.26 339.21 0.042082
1 613.49 912.82 639.32 944.56 0.042032
10 613.49 912.82 639.32 944.56 0.042031
10 200.89 473.29 231.33 500.26 0.042023
7 339.59 624.90 368.98 661.05 0.041970
8 51.47 897.74 85.68 939.42 0.041916
3 81.40 452.25 108.07 479.10 0.041880
1 34.31 226.21 68.72 250.60 0.041841
10 34.31 226.21 68.72 250.60 0.041841
7 319.79 685.81 356.58 715.52 0.041737
8 0.16 989.57 41.20 1025.12 0.041729
1 204.22 591.52 229.53 625.36 0.041678
10 204.22 591.52 229.53 625.36 0.041677
3 268.44 368.94 292.07 400.15 0.041637
2 756.08 502.37 794.96 527.91 0.041559
8 204.62 589.09 246.85 624.37 0.041555
3 279.80 444.32 300.93 480.35 0.041369
3 1242.93 784.07 1264.50 819.40 0.041362
8 1243.59 776.25 1279.47 818.96 0.041312
10 136.92 373.69 170.27 400.55 0.041296
3 763.50 493.07 791.34 520.66 0.041294
1 175.83 762.47 202.25 796.66 0.041219
10 175.83 762.47 202.25 796.66 0.041217
1 830.27 519.78 867.41 544.37 0.041124
10 830.27 519.78 867.41 544.37 0.041124
2 175.89 893.18 211.88 922.44 0.041046
1 365.52 388.87 393.48 421.91 0.041025
10 365.52 388.87 393.48 421.91 0.041021
7 498.26 429.34 531.25 465.65 0.040946
1 1149.43 952.28 1194.26 973.68 0.040709
3 613.49 912.82 639.32 944.56 0.040702
3 200.89 473.29 231.33 500.26 0.040694
10 1149.43 952.28 1194.26 973.68 0.040676
1 836.04 511.30 866.73 543.18 0.040548
10 836.04 511.30 866.73 543.18 0.040493
3 34.31 226.21 68.72 250.60 0.040482
10 756.08 502.37 794.96 527.91 0.040372
1 756.08 502.37 794.96 527.91 0.040353
1 538.23 844.64 565.49 881.43 0.040318
3 204.22 591.52 229.53 625.36 0.040289
10 538.23 844.64 565.49 881.43 0.040253
3 136.92 373.69 170.27 400.55 0.039846
7 561.12 446.63 601.07 480.26 0.039842
1 175.89 893.18 211.88 922.44 0.039767
10 175.89 893.18 211.88 922.44 0.039767
3 175.83 762.47 202.25 796.66 0.039754
1 339.59 624.90 368.98 661.05 0.039730
8 263.18 970.00 312.54 1006.76 0.039714
10 339.59 624.90 368.98 661.05 0.039676
3 365.52 388.87 393.48 421.91 0.039524
1 319.79 685.81 356.58 715.52 0.039447
10 319.79 685.81 356.58 715.52 0.039376
7 51.47 897.74 85.68 939.42 0.039221
3 1149.43 952.28 1194.26 973.68 0.039123
7 0.16 989.57 41.20 1025.12 0.038972
3 836.04 511.30 866.73 543.18 0.038909
3 538.23 844.64 565.49 881.43 0.038629
2 561.12 446.63 601.07 480.26 0.038572
7 1243.59 776.25 1279.47 818.96 0.038415
1 498.26 429.34 531.25 465.65 0.038377
3 175.89 893.18 211.88 922.44 0.038062
3 339.59 624.90 368.98 661.05 0.037955
3 319.79 685.81 356.58 715.52 0.037606
2 0.16 989.57 41.20 1025.12 0.037594
2 204.62 589.09 246.85 624.37 0.037333
10 561.12 446.63 601.07 480.26 0.036955
1 561.12 446.63 601.07 480.26 0.036940
3 498.26 429.34 531.25 465.65 0.036419
1 51.47 897.74 85.68 939.42 0.036145
10 51.47 897.74 85.68 939.42 0.036141
10 0.16 989.57 41.20 1025.12 0.035834
1 0.16 989.57 41.20 1025.12 0.035821
10 204.62 589.09 246.85 624.37 0.035523
1 204.62 589.09 246.85 624.37 0.035523
1 1243.59 776.25 1279.47 818.96 0.035138
10 1243.59 776.25 1279.47 818.96 0.035105
3 51.47 897.74 85.68 939.42 0.033832
3 0.16 989.57 41.20 1025.12 0.033458
3 204.62 589.09 246.85 624.37 0.033110
3 1243.59 776.25 1279.47 818.96 0.032623
1 263.18 970.00 312.54 1006.76 0.032395
10 263.18 970.00 312.54 1006.76 0.032367
8 170.98 743.86 232.12 796.61 0.031719
2 170.98 743.86 232.12 796.61 0.022577
