4 1032.46 559.85 1089.61 632.79 0.972061
4 926.95 572.59 984.04 649.79 0.959180
4 216.01 735.95 268.90 830.06 0.949326
4 833.30 597.04 878.40 661.87 0.926502
4 406.80 94.22 466.35 121.97 0.925049
4 461.30 684.73 512.55 771.84 0.909844
4 630.45 647.85 687.51 729.72 0.880895
4 295.09 115.29 330.17 141.53 0.880518
4 349.06 709.20 398.91 798.96 0.868651
4 288.85 720.79 339.38 812.77 0.861483
4 362.36 300.35 396.73 324.83 0.829156
4 294.52 108.98 352.40 142.47 0.800252
4 52.12 358.26 91.00 381.44 0.788843
4 977.41 566.25 1028.06 636.65 0.775728
4 1327.35 579.75 1389.24 632.01 0.757723
5 194.73 117.29 261.76 162.38 0.755855
4 1190.74 87.02 1216.99 108.15 0.737341
4 1085.17 116.37 1117.71 137.66 0.703032
4 0.06 365.41 54.87 393.30 0.686009
4 1338.96 42.93 1366.93 59.02 0.666129
4 84.32 781.22 155.34 872.71 0.660187
4 959.64 153.14 986.23 173.89 0.642259
4 1245.00 73.39 1278.13 89.94 0.640980
4 9.54 651.00 51.87 673.26 0.628337
4 1377.77 29.22 1410.47 47.86 0.619473
4 1031.56 132.64 1064.03 152.97 0.573059
4 1004.00 86.20 1029.77 102.97 0.555383
6 194.26 107.41 353.00 163.91 0.541267
2 1118.65 570.76 1135.91 599.16 0.530360
4 96.53 288.75 140.85 309.92 0.527355
2 1160.40 494.98 1174.67 518.85 0.488805
4 9.85 652.45 38.23 672.48 0.479750
6 673.50 218.83 741.73 252.23 0.440670
2 1136.62 494.22 1174.64 529.90 0.425331
6 1325.33 555.96 1438.95 633.87 0.422650
2 1094.71 535.22 1181.86 640.54 0.406302
2 1349.50 504.65 1362.49 529.20 0.402380
7 192.43 102.64 355.18 165.40 0.360639
2 1328.93 479.19 1362.73 529.80 0.347383
3 238.08 311.45 289.32 349.42 0.342474
2 1096.91 538.84 1188.94 642.17 0.301730
7 210.37 675.78 521.39 833.78 0.295236
1 1326.09 476.58 1366.63 531.63 0.288069
7 292.39 105.54 353.73 143.84 0.286368
4 213.80 733.13 271.10 830.98 0.272639
6 1211.22 514.38 1246.98 571.43 0.272009
4 458.30 682.46 514.71 772.66 0.269397
4 346.27 706.74 401.16 800.04 0.264830
1 1130.94 490.47 1178.90 532.32 0.258213
4 193.44 115.17 263.04 163.45 0.256643
4 830.42 595.12 880.41 663.33 0.256326
10 1323.90 554.42 1442.39 636.61 0.247945
7 209.51 640.66 696.15 833.67 0.243249
1 1348.38 503.16 1364.17 529.84 0.238530
10 1210.10 512.33 1248.58 573.05 0.234805
4 627.93 645.26 690.08 730.57 0.234585
10 1325.52 578.70 1391.27 635.59 0.231771
7 284.07 703.39 404.36 815.61 0.226107
1 1107.26 547.20 1123.45 573.49 0.223219
7 405.18 91.28 467.25 123.87 0.222200
2 1107.62 547.87 1121.95 573.90 0.222075
7 211.11 700.98 405.94 832.98 0.221965
1 1117.23 569.29 1137.70 600.25 0.221020
7 923.56 550.68 1094.09 653.87 0.219639
2 1330.92 479.43 1346.69 509.74 0.216992
2 1138.48 499.06 1157.47 530.79 0.215676
1 1329.22 478.20 1347.97 510.48 0.210749
7 191.31 87.84 470.75 167.04 0.207123
10 1324.16 578.12 1392.38 657.38 0.204076
1 1137.17 496.70 1159.38 530.87 0.194357
1 1159.46 493.62 1177.14 520.47 0.193902
3 514.43 255.18 559.97 287.16 0.193607
1 1147.48 604.06 1163.44 625.73 0.192785
4 1136.52 106.36 1171.53 122.95 0.190092
3 600.18 236.23 639.55 264.64 0.189887
3 423.32 270.68 464.59 302.61 0.189517
4 192.70 23.23 223.93 39.48 0.189029
10 81.75 778.15 157.14 875.42 0.188668
3 425.71 274.11 463.10 299.48 0.188070
10 672.11 216.88 743.85 253.28 0.187705
3 247.16 312.54 288.32 343.14 0.187455
2 1148.84 605.21 1162.29 625.17 0.184489
4 1464.25 9.11 1494.50 24.90 0.182409
10 119.17 375.83 317.97 592.16 0.182222
3 149.18 331.85 195.00 361.58 0.179924
10 1566.23 667.10 1744.96 864.16 0.178520
7 205.70 531.18 1180.13 836.03 0.176558
3 951.77 149.67 988.82 186.20 0.168270
3 335.73 291.94 398.22 327.10 0.168150
10 1322.58 553.58 1444.61 654.84 0.167280
10 43.86 375.61 320.16 612.67 0.164119
3 598.60 234.53 640.85 266.85 0.163182
10 1266.00 486.32 1340.62 579.80 0.162210
1 1134.64 591.10 1151.86 614.15 0.161942
3 850.39 117.55 875.89 147.12 0.161109
10 1563.18 630.86 1880.13 866.61 0.158063
4 822.89 586.32 887.82 669.63 0.157248
3 819.02 178.41 866.91 207.52 0.154848
7 280.40 677.79 518.91 817.71 0.154774
3 511.89 252.96 561.96 288.55 0.152445
3 334.99 291.89 373.57 323.14 0.152008
3 957.17 150.43 987.68 176.17 0.151135
4 209.31 728.88 276.15 833.69 0.150246
3 232.18 307.37 293.72 353.67 0.149173
10 1745.99 649.64 1877.34 761.79 0.148455
4 620.70 638.81 697.45 736.08 0.147827
10 1007.32 938.80 1113.43 988.75 0.147378
1 1095.78 536.44 1123.02 573.99 0.147352
6 1318.64 547.70 1457.00 655.49 0.146104
6 1203.06 505.11 1256.94 579.14 0.144855
7 8.44 649.87 39.89 674.42 0.142297
4 450.53 675.77 524.31 778.54 0.140947
4 920.08 562.75 990.06 656.18 0.136540
4 360.61 297.80 398.00 326.35 0.134545
4 405.06 91.47 467.64 124.14 0.130597
4 829.27 593.38 882.54 664.72 0.130078
1 1373.24 593.46 1393.78 625.41 0.129942
3 225.55 299.09 303.15 360.03 0.127451
7 84.58 946.90 155.27 995.39 0.126237
2 1091.60 493.67 1192.62 644.21 0.125120
4 186.49 107.59 270.47 171.99 0.123271
6 1563.54 276.61 1652.18 358.54 0.121924
1 1835.90 628.04 1866.69 660.54 0.121272
1 1126.40 498.99 1142.05 525.65 0.120738
10 1744.43 643.44 1884.68 821.48 0.117801
3 1242.14 59.11 1279.81 92.73 0.117781
10 1310.97 722.17 1443.28 834.34 0.116786
10 1188.32 83.78 1218.76 110.28 0.115161
3 1243.19 70.67 1279.39 91.73 0.114935
3 1425.65 13.89 1454.30 41.50 0.111661
10 1255.73 533.62 1314.66 595.45 0.111210
10 1747.26 666.67 1838.48 760.64 0.109392
1 1452.72 606.28 1467.01 629.15 0.102417
3 1083.41 113.30 1118.51 139.32 0.100096
8 1160.61 495.29 1174.63 519.45 0.048633
8 1004.00 86.20 1029.77 102.97 0.048256
8 1338.96 42.93 1366.93 59.02 0.048183
7 1160.61 495.29 1174.63 519.45 0.048177
8 1245.00 73.39 1278.13 89.94 0.047788
8 959.64 153.14 986.23 173.89 0.047774
8 1190.74 87.02 1216.99 108.15 0.047762
8 9.85 652.45 38.23 672.48 0.047707
7 1004.00 86.20 1029.77 102.97 0.047675
1 1160.61 495.29 1174.63 519.45 0.047657
10 1160.61 495.29 1174.63 519.45 0.047656
7 1338.96 42.93 1366.93 59.02 0.047578
8 1138.45 499.04 1157.48 530.80 0.047562
8 1377.77 29.22 1410.47 47.86 0.047541
2 1004.00 86.20 1029.77 102.97 0.047384
8 1031.56 132.64 1064.03 152.97 0.047337
2 1338.96 42.93 1366.93 59.02 0.047275
3 1160.61 495.29 1174.63 519.45 0.047266
8 1085.17 116.37 1117.71 137.66 0.047204
7 1245.00 73.39 1278.13 89.94 0.047050
7 959.64 153.14 986.23 173.89 0.047032
7 1190.74 87.02 1216.99 108.15 0.047016
1 1004.00 86.20 1029.77 102.97 0.047011
10 1004.00 86.20 1029.77 102.97 0.047011
7 9.85 652.45 38.23 672.48 0.046942
1 1338.96 42.93 1366.93 59.02 0.046886
10 1338.96 42.93 1366.93 59.02 0.046886
7 1138.45 499.04 1157.48 530.80 0.046749
7 1377.77 29.22 1410.47 47.86 0.046722
2 1245.00 73.39 1278.13 89.94 0.046682
2 959.64 153.14 986.23 173.89 0.046661
2 1190.74 87.02 1216.99 108.15 0.046643
8 362.36 300.35 396.73 324.83 0.046606
2 9.85 652.45 38.23 672.48 0.046560
3 1004.00 86.20 1029.77 102.97 0.046513
7 1031.56 132.64 1064.03 152.97 0.046449
3 1338.96 42.93 1366.93 59.02 0.046367
8 52.12 358.26 91.00 381.44 0.046365
2 1377.77 29.22 1410.47 47.86 0.046312
8 295.09 115.29 330.17 141.53 0.046288
7 1085.17 116.37 1117.71 137.66 0.046272
8 96.53 288.75 140.85 309.92 0.046215
1 1245.00 73.39 1278.13 89.94 0.046208
10 1245.00 73.39 1278.13 89.94 0.046208
8 9.54 651.00 51.87 673.26 0.046199
1 959.64 153.14 986.23 173.89 0.046184
10 959.64 153.14 986.23 173.89 0.046184
1 1190.74 87.02 1216.99 108.15 0.046163
10 1190.74 87.02 1216.99 108.15 0.046163
1 9.85 652.45 38.23 672.48 0.046068
10 9.85 652.45 38.23 672.48 0.046068
2 1031.56 132.64 1064.03 152.97 0.046005
1 1138.45 499.04 1157.48 530.80 0.045822
10 1138.45 499.04 1157.48 530.80 0.045820
2 1085.17 116.37 1117.71 137.66 0.045806
1 1377.77 29.22 1410.47 47.86 0.045785
10 1377.77 29.22 1410.47 47.86 0.045785
3 1245.00 73.39 1278.13 89.94 0.045576
3 959.64 153.14 986.23 173.89 0.045548
3 1190.74 87.02 1216.99 108.15 0.045524
7 362.36 300.35 396.73 324.83 0.045475
1 1031.56 132.64 1064.03 152.97 0.045434
10 1031.56 132.64 1064.03 152.97 0.045434
3 9.85 652.45 38.23 672.48 0.045416
1 1085.17 116.37 1117.71 137.66 0.045207
10 1085.17 116.37 1117.71 137.66 0.045207
7 52.12 358.26 91.00 381.44 0.045153
3 1138.45 499.04 1157.48 530.80 0.045124
3 1377.77 29.22 1410.47 47.86 0.045083
7 295.09 115.29 330.17 141.53 0.045050
7 96.53 288.75 140.85 309.92 0.044953
7 9.54 651.00 51.87 673.26 0.044932
2 362.36 300.35 396.73 324.83 0.044910
3 1031.56 132.64 1064.03 152.97 0.044674
2 52.12 358.26 91.00 381.44 0.044547
8 1136.62 494.22 1174.64 529.90 0.044528
2 295.09 115.29 330.17 141.53 0.044431
3 1085.17 116.37 1117.71 137.66 0.044409
2 96.53 288.75 140.85 309.92 0.044323
2 9.54 651.00 51.87 673.26 0.044299
1 362.36 300.35 396.73 324.83 0.044182
10 362.36 300.35 396.73 324.83 0.044182
8 0.06 365.41 54.87 393.30 0.043832
1 52.12 358.26 91.00 381.44 0.043769
10 52.12 358.26 91.00 381.44 0.043769
1 295.09 115.29 330.17 141.53 0.043636
10 295.09 115.29 330.17 141.53 0.043636
1 96.53 288.75 140.85 309.92 0.043512
10 96.53 288.75 140.85 309.92 0.043512
1 9.54 651.00 51.87 673.26 0.043484
10 9.54 651.00 51.87 673.26 0.043484
8 406.80 94.22 466.35 121.97 0.043332
3 362.36 300.35 396.73 324.83 0.043213
8 1329.20 479.49 1363.19 529.62 0.043124
3 52.12 358.26 91.00 381.44 0.042731
7 1136.62 494.22 1174.64 529.90 0.042705
3 295.09 115.29 330.17 141.53 0.042575
3 96.53 288.75 140.85 309.92 0.042431
3 9.54 651.00 51.87 673.26 0.042404
8 294.52 108.98 352.40 142.47 0.042179
7 0.06 365.41 54.87 393.30 0.041776
7 406.80 94.22 466.35 121.97 0.041110
7 1329.20 479.49 1363.19 529.62 0.040832
8 673.50 218.83 741.73 252.23 0.040804
2 0.06 365.41 54.87 393.30 0.040748
1 1136.62 494.22 1174.64 529.90 0.040623
10 1136.62 494.22 1174.64 529.90 0.040620
2 406.80 94.22 466.35 121.97 0.039999
7 294.52 108.98 352.40 142.47 0.039572
1 0.06 365.41 54.87 393.30 0.039426
10 0.06 365.41 54.87 393.30 0.039426
3 1136.62 494.22 1174.64 529.90 0.039057
1 406.80 94.22 466.35 121.97 0.038570
10 406.80 94.22 466.35 121.97 0.038570
2 294.52 108.98 352.40 142.47 0.038268
1 1329.20 479.49 1363.19 529.62 0.038213
10 1329.20 479.49 1363.19 529.62 0.038213
8 194.73 117.29 261.76 162.38 0.037808
7 673.50 218.83 741.73 252.23 0.037738
3 0.06 365.41 54.87 393.30 0.037664
8 1327.35 579.75 1389.24 632.01 0.036950
3 406.80 94.22 466.35 121.97 0.036665
1 294.52 108.98 352.40 142.47 0.036592
10 294.52 108.98 352.40 142.47 0.036592
3 1329.20 479.49 1363.19 529.62 0.036248
2 673.50 218.83 741.73 252.23 0.036205
3 294.52 108.98 352.40 142.47 0.034358
1 673.50 218.83 741.73 252.23 0.034235
10 673.50 218.83 741.73 252.23 0.034235
3 234.53 314.41 287.20 351.52 0.034225
7 194.73 117.29 261.76 162.38 0.033744
7 1327.35 579.75 1389.24 632.01 0.032599
8 926.95 572.59 984.04 649.79 0.032219
2 194.73 117.29 261.76 162.38 0.031712
3 673.50 218.83 741.73 252.23 0.031607
7 0.39 357.62 91.38 396.13 0.031152
2 1327.35 579.75 1389.24 632.01 0.030424
1 194.73 117.29 261.76 162.38 0.029099
10 194.73 117.29 261.76 162.38 0.029099
1 1327.35 579.75 1389.24 632.01 0.027628
10 1327.35 579.75 1389.24 632.01 0.027628
3 194.73 117.29 261.76 162.38 0.025616
3 1327.35 579.75 1389.24 632.01 0.023899
2 926.95 572.59 984.04 649.79 0.023329
