1 1038.06 250.95 1058.38 295.36 0.833476
1 909.57 441.20 936.03 485.62 0.746515
1 772.42 462.19 795.03 516.20 0.702403
2 256.17 424.77 274.99 452.79 0.666894
1 1035.19 348.90 1062.07 382.99 0.663283
2 135.46 483.94 168.41 529.40 0.650276
2 189.35 450.21 212.13 478.49 0.647749
2 224.28 464.23 259.12 510.98 0.627123
4 1307.48 6.17 1387.98 64.45 0.613446
2 400.36 319.85 416.87 352.62 0.612424
2 92.41 494.67 125.69 540.03 0.588658
2 311.44 402.22 330.15 429.83 0.578159
2 487.53 328.42 503.32 353.02 0.558831
2 327.67 325.93 353.18 366.82 0.546840
2 37.54 490.53 55.30 519.68 0.537344
2 585.38 277.85 598.52 304.12 0.527148
2 92.41 494.72 115.00 523.71 0.523273
2 220.49 427.77 240.36 455.23 0.523143
2 1038.68 251.64 1057.68 295.54 0.520287
2 574.82 228.69 593.75 260.43 0.520135
2 212.56 416.17 239.94 455.80 0.503392
2 297.99 292.52 321.11 343.94 0.501558
2 656.76 215.94 668.03 244.23 0.498913
2 626.57 269.09 639.48 297.80 0.498909
2 553.72 313.37 570.77 339.83 0.498040
2 462.37 155.62 472.83 175.90 0.494324
2 1.16 498.79 29.38 529.16 0.493869
2 472.54 359.94 493.73 391.56 0.493724
2 5.04 499.22 20.69 524.25 0.491145
2 400.77 250.44 416.42 286.66 0.487631
2 542.04 318.13 563.18 360.67 0.477664
2 1035.12 348.97 1061.32 382.79 0.477504
2 909.65 441.17 935.47 485.19 0.476357
2 544.47 246.82 560.06 274.65 0.475431
2 5.89 499.46 30.67 522.00 0.473168
2 229.67 401.26 245.80 415.38 0.462304
2 1036.45 416.11 1061.37 444.01 0.459659
2 533.64 242.84 549.72 271.24 0.457696
2 317.75 297.39 337.28 336.60 0.457106
2 386.47 301.55 402.65 335.14 0.452407
2 657.23 213.96 680.73 254.30 0.452209
9 1127.16 1.34 1237.46 91.35 0.446468
2 772.55 462.56 794.42 515.83 0.445374
2 509.13 260.32 523.74 278.10 0.444717
2 625.14 297.43 650.10 336.31 0.443503
2 362.45 418.79 382.98 449.72 0.434347
2 1054.23 401.90 1081.46 443.89 0.433224
2 6.39 211.62 684.54 550.47 0.432088
6 1112.40 0.99 1240.59 113.51 0.430523
2 521.08 192.26 533.61 219.72 0.428387
2 664.97 216.78 680.54 253.82 0.428106
2 382.64 250.87 400.83 286.28 0.426773
2 607.74 268.45 650.23 335.92 0.423745
2 1040.39 401.97 1080.54 444.66 0.418713
2 14.69 500.05 31.26 519.35 0.415609
10 1127.16 1.34 1237.46 91.35 0.412220
2 440.17 278.86 458.87 294.49 0.410816
2 188.43 450.33 213.79 478.78 0.409413
6 1111.46 0.09 1392.11 133.62 0.408055
2 572.92 233.11 582.83 250.73 0.407136
2 414.76 242.27 425.82 261.36 0.406776
2 572.91 340.94 592.47 365.32 0.401858
2 533.70 242.84 559.66 275.49 0.400897
2 250.07 356.04 264.36 376.47 0.394188
2 624.20 268.41 650.18 335.95 0.386790
2 569.38 168.48 578.75 193.00 0.384860
2 321.48 206.70 334.42 225.21 0.382422
2 779.84 450.72 793.28 472.17 0.382160
2 366.13 258.00 385.83 292.23 0.373355
2 3.49 203.60 1089.77 564.04 0.372085
10 1075.97 286.04 1262.78 429.35 0.358964
1 361.64 417.94 384.09 450.62 0.357943
7 303.28 145.13 375.25 192.46 0.347952
7 1035.42 413.96 1063.58 441.64 0.345687
7 1108.51 1.53 1241.73 123.37 0.345260
7 37.30 481.36 193.26 604.34 0.341866
1 471.87 359.11 494.81 392.25 0.339722
2 370.86 248.23 416.52 290.49 0.336249
1 223.51 463.97 260.55 511.21 0.328332
1 310.41 401.40 331.93 430.51 0.307157
1 486.62 327.39 505.63 353.61 0.305377
1 255.19 424.06 275.85 453.34 0.301139
1 571.11 339.80 592.94 365.92 0.299050
1 328.58 325.97 354.29 367.82 0.288903
2 625.45 268.45 640.08 298.79 0.285615
1 1036.46 400.56 1082.44 445.58 0.285365
1 90.99 493.18 128.26 536.69 0.285228
1 188.28 449.56 214.05 479.03 0.270733
1 1054.91 401.06 1082.34 444.09 0.270537
1 399.72 319.36 417.86 353.11 0.270071
1 541.15 315.81 564.33 361.24 0.268538
2 34.02 202.23 1095.16 603.76 0.262552
7 1102.78 1.23 1261.70 134.28 0.262449
5 1112.37 0.97 1240.65 113.66 0.262040
7 1106.93 0.88 1388.07 130.81 0.259524
10 362.29 163.96 448.33 221.40 0.257081
1 584.25 277.01 599.56 304.31 0.255675
7 315.82 354.96 333.61 370.01 0.248420
7 302.25 141.34 448.82 225.92 0.247529
2 16.29 500.42 31.62 519.21 0.244187
2 293.74 243.69 428.75 370.53 0.239578
1 573.74 227.91 595.72 260.99 0.231388
7 302.20 144.23 377.32 225.05 0.230064
1 400.16 249.74 417.37 286.91 0.230036
1 664.20 215.87 681.41 253.66 0.228988
1 91.24 493.05 121.43 525.85 0.225920
1 624.80 267.61 640.45 298.36 0.219701
1 553.05 312.44 572.08 340.92 0.218080
1 655.92 215.07 668.50 244.28 0.213486
1 519.80 191.32 535.54 220.52 0.213118
1 461.17 154.14 474.89 176.92 0.211299
1 384.69 300.32 404.20 335.00 0.210491
1 135.22 483.37 170.66 529.33 0.208734
2 520.59 192.15 534.14 220.40 0.207423
1 533.09 241.92 550.02 271.20 0.203126
2 31.58 215.20 653.20 606.43 0.202222
1 382.58 251.41 401.74 286.46 0.200119
4 1300.21 2.20 1389.44 89.02 0.196842
2 1036.55 401.99 1081.35 444.81 0.193281
1 90.95 492.89 131.07 538.84 0.191619
1 542.98 245.86 560.98 275.81 0.191397
4 1103.57 0.80 1290.03 131.32 0.189184
7 88.99 483.31 171.23 540.51 0.186927
1 2.57 498.30 20.74 527.55 0.184863
6 1110.56 0.92 1259.79 130.94 0.180728
4 1116.99 5.50 1228.16 100.37 0.179110
4 1108.81 1.27 1239.02 120.89 0.178675
2 17.21 151.60 1251.26 617.64 0.177719
2 365.77 243.41 422.75 293.73 0.175937
2 2.39 488.19 57.50 527.97 0.172743
7 312.51 349.15 337.11 371.93 0.171467
7 605.69 277.75 625.88 294.25 0.169171
2 182.54 395.59 389.34 514.58 0.168483
1 1049.24 401.78 1081.17 444.32 0.168331
1 219.04 426.30 241.05 455.89 0.167963
1 15.88 499.65 32.20 519.40 0.166858
1 655.93 212.07 682.68 254.53 0.166099
2 294.43 289.69 422.35 371.33 0.166081
1 319.39 205.33 335.50 226.12 0.165412
4 361.24 147.35 449.25 222.11 0.163267
1 248.42 354.58 265.97 378.12 0.162957
4 362.93 179.34 414.60 220.78 0.157540
1 508.51 259.72 524.81 278.45 0.155434
1 228.31 399.84 246.30 416.23 0.153546
4 1109.31 1.03 1387.19 111.42 0.153007
4 1101.21 1.20 1391.99 164.88 0.149084
4 1107.62 1.25 1388.39 130.25 0.146826
1 765.47 447.56 803.24 520.15 0.144255
1 362.45 418.79 382.98 449.72 0.142199
2 21.22 186.90 716.80 626.21 0.141743
3 663.82 230.87 681.75 255.30 0.141537
10 1026.33 390.71 1093.89 457.52 0.137166
1 532.56 240.95 561.51 276.09 0.137101
4 1115.73 2.40 1236.35 101.15 0.136669
10 310.72 409.36 332.22 431.68 0.135966
10 36.95 481.59 193.41 604.13 0.135483
2 531.58 226.67 598.21 277.13 0.133989
4 362.43 165.17 448.59 221.27 0.132638
4 1236.13 1.20 1390.19 94.14 0.129772
7 905.20 178.43 920.60 195.25 0.129113
1 540.83 312.15 570.87 361.24 0.126838
1 835.11 253.87 850.27 269.07 0.126423
7 302.03 143.07 409.86 223.98 0.125574
4 1236.21 1.47 1389.01 69.53 0.124861
1 566.97 167.24 580.91 193.68 0.119627
4 301.71 139.07 450.63 227.31 0.119196
1 572.66 228.57 588.19 252.00 0.115966
2 379.46 247.54 418.19 288.19 0.114046
1 222.67 464.75 240.04 496.68 0.113284
2 12.87 212.64 646.35 624.67 0.111941
5 291.80 124.42 473.68 243.76 0.109451
1 901.86 434.63 943.22 491.23 0.108592
1 1218.90 299.13 1236.56 328.69 0.108154
1 412.60 240.98 427.08 262.02 0.105610
1 1214.57 299.36 1242.53 333.99 0.103412
1 827.67 251.25 851.34 270.36 0.102824
1 617.15 56.53 641.37 94.30 0.102372
4 326.87 146.33 374.55 181.01 0.102082
2 295.34 289.70 356.80 370.03 0.102046
1 438.90 278.02 458.86 295.70 0.100797
10 1224.24 319.70 1241.14 334.07 0.100550
1 373.51 257.05 389.85 290.24 0.100415
1 572.44 340.46 592.33 365.26 0.077414
1 3.49 203.60 1089.77 564.04 0.075905
1 472.54 359.94 493.73 391.56 0.069307
8 572.92 233.11 582.83 250.73 0.048681
10 540.39 236.97 629.92 330.56 0.048613
8 414.76 242.27 425.82 261.36 0.048406
8 462.37 155.62 472.83 175.90 0.048399
8 229.67 401.26 245.80 415.38 0.048280
8 569.38 168.48 578.75 193.00 0.048265
7 572.92 233.11 582.83 250.73 0.048241
8 780.83 451.69 792.32 472.17 0.048222
8 321.48 206.70 334.42 225.21 0.048192
8 509.52 260.87 523.82 278.14 0.048135
8 17.18 500.79 31.45 518.98 0.048040
7 414.76 242.27 425.82 261.36 0.047874
7 462.37 155.62 472.83 175.90 0.047865
8 250.07 356.04 264.36 376.47 0.047794
8 440.17 278.86 458.87 294.49 0.047793
8 657.58 216.53 668.37 244.05 0.047757
1 572.92 233.11 582.83 250.73 0.047740
10 572.92 233.11 582.83 250.73 0.047738
7 229.67 401.26 245.80 415.38 0.047706
7 569.38 168.48 578.75 193.00 0.047687
8 586.06 278.79 598.40 303.88 0.047661
7 780.83 451.69 792.32 472.17 0.047629
7 321.48 206.70 334.42 225.21 0.047589
7 509.52 260.87 523.82 278.14 0.047513
8 521.08 192.26 533.61 219.72 0.047400
7 17.18 500.79 31.45 518.98 0.047386
1 462.37 155.62 472.83 175.90 0.047364
3 572.92 233.11 582.83 250.73 0.047362
8 488.14 329.26 502.92 353.04 0.047343
1 414.76 242.27 425.82 261.36 0.047296
10 414.76 242.27 425.82 261.36 0.047267
10 462.37 155.62 472.83 175.90 0.047255
8 626.57 269.09 639.48 297.80 0.047200
1 321.48 206.70 334.42 225.21 0.047097
1 229.67 401.26 245.80 415.38 0.047072
1 569.38 168.48 578.75 193.00 0.047069
7 250.07 356.04 264.36 376.47 0.047058
7 440.17 278.86 458.87 294.49 0.047058
10 229.67 401.26 245.80 415.38 0.047051
8 5.04 499.22 20.69 524.25 0.047041
10 569.38 168.48 578.75 193.00 0.047026
7 657.58 216.53 668.37 244.05 0.047009
1 780.83 451.69 792.32 472.17 0.046999
8 534.35 243.27 549.10 270.57 0.046959
10 780.83 451.69 792.32 472.17 0.046951
10 321.48 206.70 334.42 225.21 0.046900
7 586.06 278.79 598.40 303.88 0.046881
8 555.19 314.11 571.66 339.49 0.046842
8 545.16 247.20 559.92 275.69 0.046823
3 414.76 242.27 425.82 261.36 0.046816
1 509.52 260.87 523.82 278.14 0.046810
10 509.52 260.87 523.82 278.14 0.046803
3 462.37 155.62 472.83 175.90 0.046798
1 17.18 500.79 31.45 518.98 0.046656
10 17.18 500.79 31.45 518.98 0.046639
3 229.67 401.26 245.80 415.38 0.046560
7 521.08 192.26 533.61 219.72 0.046534
3 569.38 168.48 578.75 193.00 0.046534
8 222.55 428.69 240.42 454.85 0.046469
7 488.14 329.26 502.92 353.04 0.046457
3 780.83 451.69 792.32 472.17 0.046443
8 572.91 340.94 592.47 365.32 0.046398
3 321.48 206.70 334.42 225.21 0.046384
8 311.87 403.12 330.02 429.66 0.046360
1 657.58 216.53 668.37 244.05 0.046308
8 256.62 425.62 274.68 452.78 0.046295
3 509.52 260.87 523.82 278.14 0.046271
7 626.57 269.09 639.48 297.80 0.046266
1 440.17 278.86 458.87 294.49 0.046265
8 38.03 491.15 55.27 519.92 0.046252
1 250.07 356.04 264.36 376.47 0.046237
10 250.07 356.04 264.36 376.47 0.046218
10 440.17 278.86 458.87 294.49 0.046217
8 387.07 302.74 402.58 335.07 0.046214
8 401.01 320.79 416.76 352.77 0.046194
10 657.58 216.53 668.37 244.05 0.046154
8 665.57 217.86 679.90 253.88 0.046101
3 17.18 500.79 31.45 518.98 0.046081
7 5.04 499.22 20.69 524.25 0.046054
1 586.06 278.79 598.40 303.88 0.046050
10 586.06 278.79 598.40 303.88 0.045990
7 534.35 243.27 549.10 270.57 0.045945
8 401.04 251.14 416.30 286.76 0.045895
8 576.58 229.34 593.99 260.61 0.045887
7 555.19 314.11 571.66 339.49 0.045790
8 5.89 499.46 30.67 522.00 0.045779
7 545.16 247.20 559.92 275.69 0.045764
3 440.17 278.86 458.87 294.49 0.045590
3 250.07 356.04 264.36 376.47 0.045589
1 521.08 192.26 533.61 219.72 0.045574
10 521.08 192.26 533.61 219.72 0.045543
3 657.58 216.53 668.37 244.05 0.045513
1 488.14 329.26 502.92 353.04 0.045502
10 488.14 329.26 502.92 353.04 0.045445
8 363.00 419.50 382.94 449.74 0.045445
8 383.84 250.90 401.24 285.95 0.045394
3 586.06 278.79 598.40 303.88 0.045322
7 222.55 428.69 240.42 454.85 0.045292
1 5.04 499.22 20.69 524.25 0.045236
1 626.57 269.09 639.48 297.80 0.045212
10 626.57 269.09 639.48 297.80 0.045199
7 572.91 340.94 592.47 365.32 0.045197
8 473.11 360.50 493.69 391.67 0.045154
7 311.87 403.12 330.02 429.66 0.045147
8 189.35 450.21 212.13 478.49 0.045134
7 256.62 425.62 274.68 452.78 0.045059
8 92.41 494.72 115.00 523.71 0.045054
7 38.03 491.15 55.27 519.92 0.045003
8 1036.77 417.21 1061.70 443.95 0.044965
7 387.07 302.74 402.58 335.07 0.044951
8 367.08 258.47 386.72 292.67 0.044928
10 5.04 499.22 20.69 524.25 0.044927
7 401.01 320.79 416.76 352.77 0.044926
3 521.08 192.26 533.61 219.72 0.044826
7 665.57 217.86 679.90 253.88 0.044801
1 534.35 243.27 549.10 270.57 0.044791
10 534.35 243.27 549.10 270.57 0.044786
3 488.14 329.26 502.92 353.04 0.044686
1 555.19 314.11 571.66 339.49 0.044600
10 555.19 314.11 571.66 339.49 0.044587
1 545.16 247.20 559.92 275.69 0.044555
10 545.16 247.20 559.92 275.69 0.044554
8 212.74 416.18 231.03 455.63 0.044549
7 401.04 251.14 416.30 286.76 0.044526
7 576.58 229.34 593.99 260.61 0.044516
1 256.17 424.77 274.99 452.79 0.044433
3 626.57 269.09 639.48 297.80 0.044399
7 5.89 499.46 30.67 522.00 0.044373
8 317.82 298.10 337.25 336.86 0.044311
1 311.44 402.22 330.15 429.83 0.044305
1 37.54 490.53 55.30 519.68 0.044108
3 5.04 499.22 20.69 524.25 0.044081
1 222.55 428.69 240.42 454.85 0.043949
10 222.55 428.69 240.42 454.85 0.043947
7 363.00 419.50 382.94 449.74 0.043927
3 534.35 243.27 549.10 270.57 0.043918
7 383.84 250.90 401.24 285.95 0.043858
10 572.91 340.94 592.47 365.32 0.043825
10 311.87 403.12 330.02 429.66 0.043761
8 1038.68 251.64 1057.68 295.54 0.043701
3 555.19 314.11 571.66 339.49 0.043685
1 665.57 217.86 679.90 253.88 0.043667
10 256.62 425.62 274.68 452.78 0.043648
3 545.16 247.20 559.92 275.69 0.043646
8 533.70 242.84 559.66 275.49 0.043595
10 38.03 491.15 55.27 519.92 0.043575
7 473.11 360.50 493.69 391.67 0.043538
1 387.07 302.74 402.58 335.07 0.043536
8 1035.72 349.71 1061.49 382.95 0.043529
8 1.16 498.79 29.38 529.16 0.043525
7 189.35 450.21 212.13 478.49 0.043512
10 387.07 302.74 402.58 335.07 0.043509
1 401.01 320.79 416.76 352.77 0.043482
10 401.01 320.79 416.76 352.77 0.043476
7 92.41 494.72 115.00 523.71 0.043405
10 665.57 217.86 679.90 253.88 0.043316
7 1036.77 417.21 1061.70 443.95 0.043286
7 367.08 258.47 386.72 292.67 0.043237
8 542.04 318.13 563.18 360.67 0.043209
8 657.19 214.48 680.20 253.83 0.043161
1 401.04 251.14 416.30 286.76 0.042980
1 576.58 229.34 593.99 260.61 0.042968
8 625.59 298.00 649.87 336.36 0.042965
10 401.04 251.14 416.30 286.76 0.042962
10 576.58 229.34 593.99 260.61 0.042949
3 222.55 428.69 240.42 454.85 0.042939
1 5.89 499.46 30.67 522.00 0.042922
3 572.91 340.94 592.47 365.32 0.042796
10 5.89 499.46 30.67 522.00 0.042765
7 212.74 416.18 231.03 455.63 0.042732
3 311.87 403.12 330.02 429.66 0.042721
3 256.62 425.62 274.68 452.78 0.042589
3 38.03 491.15 55.27 519.92 0.042504
3 387.07 302.74 402.58 335.07 0.042427
7 317.82 298.10 337.25 336.86 0.042415
8 327.98 326.96 353.05 367.15 0.042390
3 401.01 320.79 416.76 352.77 0.042389
3 665.57 217.86 679.90 253.88 0.042201
10 363.00 419.50 382.94 449.74 0.042192
1 383.84 250.90 401.24 285.95 0.042115
10 383.84 250.90 401.24 285.95 0.042103
1 189.35 450.21 212.13 478.49 0.042087
3 401.04 251.14 416.30 286.76 0.041792
3 576.58 229.34 593.99 260.61 0.041773
10 473.11 360.50 493.69 391.67 0.041692
10 189.35 450.21 212.13 478.49 0.041658
7 1038.68 251.64 1057.68 295.54 0.041601
3 5.89 499.46 30.67 522.00 0.041559
1 366.13 258.00 385.83 292.23 0.041549
8 910.13 441.65 935.68 485.45 0.041544
1 92.41 494.72 115.00 523.71 0.041530
10 92.41 494.72 115.00 523.71 0.041520
8 211.74 415.56 239.89 455.55 0.041496
7 533.70 242.84 559.66 275.49 0.041460
7 1035.72 349.71 1061.49 382.95 0.041372
1 1036.77 417.21 1061.70 443.95 0.041371
10 1036.77 417.21 1061.70 443.95 0.041368
7 1.16 498.79 29.38 529.16 0.041367
8 1054.23 401.90 1081.46 443.89 0.041364
10 367.08 258.47 386.72 292.67 0.041304
8 773.08 462.96 794.93 516.23 0.041208
8 298.45 293.01 321.39 344.17 0.041138
7 542.04 318.13 563.18 360.67 0.040945
3 363.00 419.50 382.94 449.74 0.040891
7 657.19 214.48 680.20 253.83 0.040881
3 383.84 250.90 401.24 285.95 0.040802
1 212.74 416.18 231.03 455.63 0.040677
10 212.74 416.18 231.03 455.63 0.040656
7 625.59 298.00 649.87 336.36 0.040620
1 317.75 297.39 337.28 336.60 0.040591
3 473.11 360.50 493.69 391.67 0.040307
3 189.35 450.21 212.13 478.49 0.040271
10 317.82 298.10 337.25 336.86 0.040248
3 92.41 494.72 115.00 523.71 0.040108
3 1036.77 417.21 1061.70 443.95 0.039929
3 367.08 258.47 386.72 292.67 0.039858
7 327.98 326.96 353.05 367.15 0.039853
10 1038.68 251.64 1057.68 295.54 0.039201
3 212.74 416.18 231.03 455.63 0.039098
8 135.67 484.01 167.99 528.81 0.039061
1 533.70 242.84 559.66 275.49 0.039022
10 533.70 242.84 559.66 275.49 0.039020
1 1.16 498.79 29.38 529.16 0.038941
10 1035.72 349.71 1061.49 382.95 0.038907
10 1.16 498.79 29.38 529.16 0.038900
7 910.13 441.65 935.68 485.45 0.038726
7 211.74 415.56 239.89 455.55 0.038661
3 317.82 298.10 337.25 336.86 0.038623
8 92.41 494.67 125.69 540.03 0.038593
7 1054.23 401.90 1081.46 443.89 0.038486
1 542.04 318.13 563.18 360.67 0.038386
10 542.04 318.13 563.18 360.67 0.038358
1 657.19 214.48 680.20 253.83 0.038283
7 773.08 462.96 794.93 516.23 0.038277
10 657.19 214.48 680.20 253.83 0.038276
8 224.97 465.47 259.38 510.87 0.038196
1 625.35 296.92 649.85 335.78 0.038189
7 298.45 293.01 321.39 344.17 0.038184
10 625.59 298.00 649.87 336.36 0.037940
3 1038.68 251.64 1057.68 295.54 0.037403
3 533.70 242.84 559.66 275.49 0.037190
3 1035.72 349.71 1061.49 382.95 0.037060
8 1040.39 401.97 1080.54 444.66 0.037055
3 1.16 498.79 29.38 529.16 0.037050
1 327.98 326.96 353.05 367.15 0.036974
10 327.98 326.96 353.05 367.15 0.036954
8 624.20 268.41 650.18 335.95 0.036747
3 542.04 318.13 563.18 360.67 0.036417
3 657.19 214.48 680.20 253.83 0.036322
3 625.59 298.00 649.87 336.36 0.035931
1 211.74 415.56 239.89 455.55 0.035596
10 910.13 441.65 935.68 485.45 0.035505
8 370.86 248.23 416.52 290.49 0.035425
10 211.74 415.56 239.89 455.55 0.035422
7 135.67 484.01 167.99 528.81 0.035415
10 1054.23 401.90 1081.46 443.89 0.035196
10 773.08 462.96 794.93 516.23 0.034928
1 298.45 293.01 321.39 344.17 0.034814
10 298.45 293.01 321.39 344.17 0.034807
7 92.41 494.67 125.69 540.03 0.034791
3 327.98 326.96 353.05 367.15 0.034779
7 224.97 465.47 259.38 510.87 0.034262
3 910.13 441.65 935.68 485.45 0.033089
3 211.74 415.56 239.89 455.55 0.032992
7 1040.39 401.97 1080.54 444.66 0.032740
3 1054.23 401.90 1081.46 443.89 0.032728
3 773.08 462.96 794.93 516.23 0.032416
7 624.20 268.41 650.18 335.95 0.032329
3 298.45 293.01 321.39 344.17 0.032281
1 135.67 484.01 167.99 528.81 0.031264
10 135.67 484.01 167.99 528.81 0.031248
1 92.41 494.67 125.69 540.03 0.030598
7 370.86 248.23 416.52 290.49 0.030566
10 92.41 494.67 125.69 540.03 0.030445
1 224.97 465.47 259.38 510.87 0.029785
10 224.97 465.47 259.38 510.87 0.029765
8 607.74 268.45 650.23 335.92 0.028342
3 135.67 484.01 167.99 528.81 0.028122
10 1040.39 401.97 1080.54 444.66 0.027808
1 624.20 268.41 650.18 335.95 0.027286
10 624.20 268.41 650.18 335.95 0.027280
3 92.41 494.67 125.69 540.03 0.027186
3 224.97 465.47 259.38 510.87 0.026393
1 370.86 248.23 416.52 290.49 0.025030
10 370.86 248.23 416.52 290.49 0.025013
3 1040.39 401.97 1080.54 444.66 0.024110
3 624.20 268.41 650.18 335.95 0.023493
7 607.74 268.45 650.23 335.92 0.021123
3 370.86 248.23 416.52 290.49 0.020856
