4 815.51 872.03 959.80 956.63 0.994097
4 782.60 687.66 901.81 757.80 0.985182
4 797.02 955.75 932.59 1049.14 0.980101
4 823.18 729.16 938.60 805.38 0.974656
4 773.52 587.75 876.73 647.71 0.974047
4 563.53 303.46 626.97 346.07 0.965286
4 296.46 775.30 405.91 836.64 0.957420
4 756.30 428.71 840.53 467.30 0.919260
4 410.44 755.37 559.22 825.50 0.896175
4 755.77 456.36 853.72 495.68 0.878861
4 1053.88 830.94 1197.35 897.73 0.846513
4 756.04 485.41 848.20 532.26 0.845259
4 523.61 655.19 587.85 750.48 0.827902
4 540.64 578.47 594.15 650.75 0.825414
4 509.85 369.17 550.86 412.60 0.822570
4 552.76 499.06 603.19 558.22 0.811322
4 755.82 551.92 852.00 603.81 0.809712
4 758.52 513.84 853.23 558.38 0.807177
4 1280.48 819.93 1398.64 886.40 0.788219
4 567.23 393.13 611.84 440.42 0.747431
4 557.65 442.29 605.22 497.05 0.731340
4 737.69 378.96 828.72 434.43 0.725443
4 741.33 361.56 814.19 393.17 0.704284
4 23.77 659.85 76.95 714.22 0.689103
4 437.41 959.84 582.06 1049.33 0.670045
4 596.00 213.02 636.77 253.69 0.463088
7 524.18 655.20 587.38 750.03 0.428223
4 593.82 247.88 638.35 280.92 0.418094
7 564.10 303.69 626.61 346.28 0.415667
7 438.62 959.21 581.71 1049.47 0.400148
2 563.19 303.45 626.58 346.03 0.391132
2 566.03 392.74 611.46 441.01 0.369215
4 272.88 241.42 313.67 287.50 0.366542
2 506.45 368.27 550.27 412.87 0.355623
2 656.81 1.09 958.52 1045.41 0.353425
2 755.89 455.02 853.05 495.68 0.342676
2 823.22 728.56 937.67 804.99 0.338285
2 556.74 441.61 604.39 498.57 0.333826
2 738.01 363.52 827.32 433.60 0.327166
2 552.29 498.06 603.16 557.94 0.325892
2 813.29 871.62 959.43 956.60 0.324041
2 296.93 774.94 405.10 836.17 0.323933
2 773.39 587.20 875.97 647.37 0.320288
2 782.79 687.59 901.31 757.65 0.312843
2 522.97 655.04 587.44 749.64 0.312500
2 740.04 286.28 815.11 364.09 0.304337
10 1052.97 827.97 1196.23 899.04 0.303438
2 435.06 959.69 581.57 1048.71 0.299493
2 539.87 577.96 593.82 650.88 0.286992
2 756.07 552.32 851.62 603.11 0.279185
2 796.85 955.96 932.54 1048.58 0.276088
7 733.22 279.63 870.73 647.24 0.258730
7 741.25 357.95 860.07 614.08 0.257536
2 410.20 754.61 558.87 824.93 0.249428
10 175.34 165.03 256.98 258.81 0.246357
10 163.08 78.54 319.41 284.97 0.245680
10 737.19 377.12 829.67 434.34 0.237753
2 1054.56 830.60 1192.93 898.23 0.230896
1 268.46 116.04 299.04 162.05 0.230236
10 419.53 947.33 595.60 1047.16 0.224793
7 550.14 389.14 614.71 560.20 0.214003
10 435.27 957.84 583.85 1047.59 0.211273
2 790.25 114.59 855.57 394.83 0.207809
10 173.52 80.65 317.71 260.51 0.204237
7 331.53 6.77 966.63 1044.98 0.203349
7 539.65 576.77 595.47 650.67 0.202212
7 983.45 940.90 1036.71 1002.02 0.201161
4 135.67 480.28 203.35 521.55 0.198677
7 780.21 683.97 940.81 807.16 0.197168
4 39.64 725.62 103.02 754.67 0.195214
4 744.94 287.05 804.74 324.68 0.192180
4 1050.83 822.20 1204.07 908.82 0.188016
4 1078.93 858.35 1165.03 894.56 0.185019
4 140.15 390.64 196.38 444.08 0.184466
4 739.10 327.77 815.91 365.46 0.184040
7 565.04 391.21 613.24 441.83 0.173653
7 14.99 697.00 104.66 759.66 0.161084
10 173.72 115.01 299.95 261.68 0.158807
7 432.88 7.60 960.66 1045.10 0.158373
7 38.33 722.04 103.45 757.31 0.157718
7 730.40 276.02 939.12 809.69 0.156609
7 555.84 440.04 606.82 499.29 0.155897
2 398.36 1.84 963.77 1045.85 0.150003
7 272.63 7.38 1196.50 1046.40 0.145130
4 1042.44 810.38 1213.11 927.21 0.144195
7 592.45 211.18 640.24 280.76 0.144070
7 426.57 79.05 963.05 1044.05 0.141542
7 507.38 366.73 552.05 413.63 0.139741
6 974.01 934.46 1045.88 1011.99 0.132702
10 172.21 160.59 282.85 263.66 0.130023
6 436.29 958.77 583.72 1047.55 0.129224
1 17.10 1.66 989.27 1046.85 0.129049
7 738.67 285.27 816.35 365.43 0.128769
4 803.26 860.10 969.23 962.30 0.124419
7 590.89 190.55 641.44 281.48 0.121927
1 250.60 114.21 299.46 178.73 0.121559
4 754.97 484.00 853.96 555.83 0.120770
1 296.46 249.89 313.95 286.68 0.120710
7 521.49 384.40 619.06 753.20 0.115769
7 716.30 142.92 873.41 649.20 0.115057
4 284.63 755.98 414.37 850.32 0.111797
1 165.45 251.01 194.99 296.60 0.110899
10 249.58 80.51 317.03 179.21 0.109515
2 17.10 1.66 989.27 1046.85 0.108904
10 162.20 162.71 265.76 297.26 0.106956
1 268.83 116.14 293.21 148.23 0.106783
1 273.33 238.79 316.75 289.46 0.104112
1 398.36 1.84 963.77 1045.85 0.052701
8 593.82 247.88 638.35 280.92 0.041659
8 596.00 213.02 636.77 253.69 0.040601
8 272.88 241.42 313.67 287.50 0.039346
7 593.82 247.88 638.35 280.92 0.038878
8 567.23 393.13 611.84 440.42 0.038041
2 593.82 247.88 638.35 280.92 0.037488
7 596.00 213.02 636.77 253.69 0.037468
8 741.33 361.56 814.19 393.17 0.036945
2 596.00 213.02 636.77 253.69 0.035902
7 272.88 241.42 313.67 287.50 0.035794
1 593.82 247.88 638.35 280.92 0.035701
10 593.82 247.88 638.35 280.92 0.035701
8 557.65 442.29 605.22 497.05 0.035233
7 567.23 393.13 611.84 440.42 0.034055
2 272.88 241.42 313.67 287.50 0.034019
1 596.00 213.02 636.77 253.69 0.033888
10 596.00 213.02 636.77 253.69 0.033888
8 23.77 659.85 76.95 714.22 0.033607
3 593.82 247.88 638.35 280.92 0.033335
8 552.76 499.06 603.19 558.22 0.033088
7 741.33 361.56 814.19 393.17 0.032593
1 272.88 241.42 313.67 287.50 0.031736
10 272.88 241.42 313.67 287.50 0.031736
8 756.30 428.71 840.53 467.30 0.031574
3 596.00 213.02 636.77 253.69 0.031203
2 741.33 361.56 814.19 393.17 0.030417
7 557.65 442.29 605.22 497.05 0.030310
1 567.23 393.13 611.84 440.42 0.029500
10 567.23 393.13 611.84 440.42 0.029500
3 272.88 241.42 313.67 287.50 0.028763
8 755.77 456.36 853.72 495.68 0.028161
7 23.77 659.85 76.95 714.22 0.028143
1 741.33 361.56 814.19 393.17 0.027619
10 741.33 361.56 814.19 393.17 0.027619
7 552.76 499.06 603.19 558.22 0.027450
8 758.52 513.84 853.23 558.38 0.026085
3 567.23 393.13 611.84 440.42 0.026083
8 756.04 485.41 848.20 532.26 0.025528
7 756.30 428.71 840.53 467.30 0.025432
2 23.77 659.85 76.95 714.22 0.025411
1 557.65 442.29 605.22 497.05 0.024685
10 557.65 442.29 605.22 497.05 0.024685
3 741.33 361.56 814.19 393.17 0.023892
8 756.07 552.32 851.62 603.11 0.022488
2 756.30 428.71 840.53 467.30 0.022361
1 23.77 659.85 76.95 714.22 0.021898
10 23.77 659.85 76.95 714.22 0.021898
8 737.69 378.96 828.72 434.43 0.021375
1 552.76 499.06 603.19 558.22 0.021007
10 552.76 499.06 603.19 558.22 0.021007
7 755.77 456.36 853.72 495.68 0.020881
3 557.65 442.29 605.22 497.05 0.020466
