4 1127.26 593.60 1361.07 807.13 0.997759
4 699.92 32.07 734.89 63.74 0.989308
4 325.57 698.44 528.58 1049.17 0.978460
4 568.28 131.43 623.91 188.19 0.974391
4 668.22 753.70 863.42 1049.05 0.972955
4 636.26 0.21 666.44 32.14 0.962405
4 689.21 0.35 716.21 24.66 0.958548
4 945.44 303.08 1051.93 391.70 0.948927
4 823.78 107.83 874.21 150.82 0.947280
4 1013.71 403.94 1170.93 537.11 0.932688
4 520.07 178.08 606.55 234.13 0.922321
1 1102.37 105.42 1117.35 140.92 0.916379
4 576.17 97.00 618.63 135.34 0.916327
4 1206.76 301.08 1279.78 376.31 0.902221
1 458.77 20.37 471.86 52.32 0.898467
4 1301.07 873.02 1399.61 1049.12 0.865154
4 904.24 221.36 996.56 306.23 0.820385
4 844.88 136.05 903.16 193.27 0.802682
4 0.11 566.02 36.84 649.52 0.755467
4 787.59 41.84 821.96 74.09 0.731052
1 675.86 173.43 698.42 203.57 0.706142
4 517.89 192.59 590.88 273.41 0.703333
1 674.45 173.28 699.28 221.28 0.699792
4 721.90 -0.08 745.94 11.26 0.689899
4 869.16 183.08 941.83 239.01 0.670773
4 1170.95 371.76 1377.23 550.14 0.664768
2 674.88 174.30 699.06 217.48 0.649468
3 1019.58 281.47 1076.39 322.14 0.648445
4 1148.90 268.51 1202.68 303.91 0.634519
4 810.07 74.14 840.77 100.66 0.620333
6 799.66 58.69 841.00 100.50 0.588455
3 674.71 191.37 699.46 227.05 0.586734
3 1296.83 256.23 1332.19 301.34 0.578634
4 1111.95 234.78 1209.66 305.38 0.572570
4 740.92 9.10 772.85 40.15 0.524438
2 1270.43 237.22 1292.53 267.31 0.511328
2 831.81 78.39 840.09 100.83 0.494897
3 411.59 587.33 453.58 636.02 0.477140
3 1233.63 220.05 1262.26 260.22 0.470287
2 795.48 84.90 804.91 98.15 0.468239
1 672.60 172.29 700.42 218.18 0.465031
2 1118.50 116.22 1128.62 133.76 0.463718
2 1233.78 218.98 1248.93 244.80 0.456850
7 409.47 585.51 454.65 636.62 0.446875
2 803.46 67.24 814.08 101.60 0.431607
2 1268.94 239.87 1280.27 266.65 0.413590
2 458.38 17.29 487.13 53.49 0.410731
2 280.87 72.29 297.78 103.90 0.410468
7 98.72 237.63 206.23 311.79 0.404304
2 477.94 19.13 487.33 45.78 0.401354
7 274.57 87.57 325.11 118.86 0.390203
2 1129.77 106.68 1146.02 142.36 0.375710
2 1060.10 101.04 1073.46 121.38 0.371863
2 243.34 77.39 256.62 110.84 0.363190
7 1012.09 401.53 1172.37 538.76 0.357861
10 1169.33 368.60 1377.97 549.94 0.342953
2 437.37 9.02 445.60 29.98 0.333659
2 1287.06 240.45 1302.49 280.34 0.333239
2 394.63 12.85 406.47 36.51 0.331747
1 675.54 172.86 697.96 201.62 0.310412
2 996.85 43.19 1161.55 149.41 0.306695
3 673.61 189.42 700.30 226.11 0.305520
3 667.75 186.99 707.69 229.59 0.302243
1 750.09 941.27 786.77 1013.43 0.294544
3 1018.38 278.91 1077.19 322.60 0.293281
2 749.95 941.27 787.58 1019.27 0.273750
2 454.02 15.38 490.33 54.77 0.268488
1 667.30 168.60 706.56 230.04 0.265368
10 515.63 179.12 602.30 274.92 0.255442
2 1229.71 212.18 1337.41 303.66 0.255083
4 698.53 30.17 736.07 64.66 0.254325
1 1101.81 103.38 1118.63 140.92 0.251717
1 1270.40 236.46 1292.77 268.33 0.250071
10 514.32 174.85 607.38 275.87 0.245831
1 742.61 938.32 811.45 1018.02 0.243575
4 572.19 95.65 619.46 139.14 0.243214
4 1200.02 299.02 1281.56 377.80 0.242976
3 1051.67 102.39 1091.65 139.32 0.241758
2 748.74 940.59 813.00 1020.26 0.240252
10 96.77 118.32 137.00 162.00 0.238148
10 520.56 192.29 591.97 274.74 0.237894
7 798.10 57.72 842.48 102.04 0.217128
4 567.16 96.98 619.28 151.27 0.215075
1 457.31 19.60 472.21 52.44 0.211325
4 1215.79 299.86 1280.70 375.31 0.208916
4 740.10 7.51 774.64 40.94 0.208621
3 1301.42 265.96 1332.25 301.26 0.207170
4 634.85 0.32 668.05 33.18 0.204282
4 688.13 0.39 717.20 25.46 0.203720
4 785.16 40.25 823.18 75.19 0.201614
4 779.40 27.14 805.00 52.39 0.198116
7 273.52 77.20 326.22 120.01 0.197487
2 476.01 18.78 488.05 47.57 0.197077
3 98.97 235.99 206.39 311.43 0.193201
3 1285.75 247.54 1336.63 302.20 0.192543
2 360.26 1.94 496.81 69.84 0.191623
3 1053.59 105.80 1089.64 134.86 0.191480
1 369.21 23.29 383.11 57.53 0.188838
3 272.86 76.25 327.13 121.67 0.187813
7 1130.44 121.26 1158.88 150.15 0.187437
7 820.90 103.81 943.58 240.67 0.187164
3 274.30 87.19 325.60 119.66 0.185912
3 655.54 159.94 720.23 243.24 0.183577
3 1285.56 243.10 1333.54 301.68 0.181938
2 446.06 10.77 495.65 59.46 0.181613
7 100.89 255.59 205.82 310.91 0.181590
3 1234.05 228.41 1261.83 261.58 0.181405
10 1131.53 119.47 1160.68 149.94 0.179441
7 565.64 94.37 626.17 189.16 0.176194
7 739.25 1.90 843.76 104.78 0.176121
3 60.55 235.49 208.05 343.77 0.175861
1 671.95 171.72 701.27 222.60 0.173688
2 1099.52 98.90 1164.37 152.25 0.173458
1 1232.39 218.48 1262.33 260.65 0.172636
1 1232.72 216.67 1251.68 247.61 0.171126
1 474.18 17.86 489.26 48.00 0.170125
10 3.55 134.50 54.44 156.91 0.168232
7 771.27 15.60 842.94 104.51 0.166782
1 368.05 22.70 384.57 57.94 0.163992
2 1267.09 234.00 1335.68 302.33 0.161821
2 394.36 1.59 492.15 57.43 0.159210
10 93.31 113.87 144.46 187.12 0.157595
3 1233.53 226.15 1262.04 262.57 0.156139
7 796.40 56.58 999.90 307.96 0.156023
3 398.93 572.63 468.41 649.60 0.155552
4 1104.14 564.83 1375.07 830.39 0.155003
10 4.56 134.12 84.91 245.44 0.154340
7 777.60 6.66 1174.62 540.61 0.151833
1 721.70 936.80 818.60 1020.98 0.151122
1 574.21 38.28 588.24 67.77 0.150014
3 1016.96 248.78 1079.69 323.58 0.149021
10 95.15 116.73 146.10 223.76 0.148752
1 279.69 72.19 300.09 104.32 0.143151
10 519.92 177.00 606.78 234.64 0.141230
1 279.48 71.49 318.68 111.66 0.141105
6 501.77 161.97 615.49 292.90 0.140661
3 410.27 3.68 451.40 36.39 0.139037
3 427.11 6.79 448.13 31.31 0.138026
2 994.97 40.93 1073.61 96.37 0.137939
4 739.45 0.79 787.48 40.75 0.137735
7 778.15 29.88 1370.88 804.54 0.137516
3 60.56 288.57 124.58 342.78 0.136751
1 427.70 5.97 448.05 31.13 0.136167
1 1281.84 239.92 1302.45 279.10 0.134604
7 820.79 103.51 999.42 308.26 0.133507
1 133.72 243.04 191.42 287.53 0.133438
1 1295.85 255.09 1324.08 288.29 0.131044
3 1228.32 212.48 1264.53 263.87 0.130819
3 55.94 263.21 130.63 343.48 0.128979
4 998.16 382.87 1187.48 556.55 0.128876
10 1230.41 76.41 1388.38 246.30 0.127279
1 408.70 585.05 455.56 637.74 0.125821
3 174.91 148.11 219.25 189.37 0.124703
1 757.27 939.57 785.34 979.40 0.122816
2 1052.83 92.00 1165.41 152.69 0.122766
3 267.71 65.97 337.48 127.66 0.122568
3 99.11 250.67 205.09 310.77 0.122262
10 1221.50 203.48 1253.34 224.54 0.122217
10 261.47 34.98 325.92 121.91 0.121988
1 1015.71 46.46 1030.17 68.34 0.121220
2 268.16 2.45 493.78 124.69 0.119941
10 1230.16 119.36 1284.86 225.84 0.119407
3 1267.10 236.79 1303.54 279.64 0.117625
1 665.10 167.26 707.94 232.09 0.117402
3 1285.01 253.63 1305.12 282.47 0.117077
1 1117.77 114.40 1131.37 135.96 0.116866
1 392.58 11.18 409.11 37.69 0.116520
1 241.72 76.10 259.59 111.92 0.116059
10 1234.45 162.97 1262.06 221.42 0.115799
10 1225.38 117.08 1285.56 257.85 0.112990
3 129.39 249.72 205.54 309.90 0.112260
6 745.74 3.57 999.96 309.52 0.111180
2 265.11 2.70 597.16 127.85 0.110450
3 1012.10 265.88 1094.19 335.99 0.110208
1 1232.46 216.57 1257.18 249.58 0.109708
6 841.47 130.90 942.97 239.67 0.109036
1 998.58 47.60 1012.51 66.17 0.108306
1 34.29 161.07 81.72 238.23 0.108004
2 372.85 1.62 594.24 74.65 0.106879
3 1139.71 156.97 1186.79 200.95 0.106616
1 315.80 69.26 340.24 92.36 0.105909
1 621.01 64.51 633.62 92.18 0.105461
10 808.80 72.72 841.22 101.55 0.105002
10 173.56 146.68 271.55 224.99 0.104751
3 1236.71 238.57 1259.54 263.70 0.103273
1 1297.97 183.39 1321.40 238.06 0.103070
4 992.25 377.04 1197.87 566.07 0.102363
2 991.03 38.76 1187.36 195.79 0.101430
10 188.56 205.50 228.06 225.43 0.101347
6 738.82 1.74 876.83 153.29 0.101313
1 316.08 22.78 332.59 60.04 0.100982
1 1133.23 103.65 1148.03 123.08 0.100812
10 308.30 93.01 328.48 126.25 0.100620
8 795.48 84.90 804.91 98.15 0.049291
8 460.97 34.95 470.70 51.90 0.049064
7 795.48 84.90 804.91 98.15 0.049055
8 437.37 9.02 445.60 29.98 0.049023
8 1118.50 116.22 1128.62 133.76 0.048993
8 831.81 78.39 840.09 100.83 0.048947
1 795.48 84.90 804.91 98.15 0.048787
10 795.48 84.90 804.91 98.15 0.048785
8 623.28 64.96 631.79 90.72 0.048757
7 460.97 34.95 470.70 51.90 0.048752
7 437.37 9.02 445.60 29.98 0.048697
7 1118.50 116.22 1128.62 133.76 0.048658
8 432.22 12.11 445.75 30.23 0.048610
2 460.97 34.95 470.70 51.90 0.048596
7 831.81 78.39 840.09 100.83 0.048596
3 795.48 84.90 804.91 98.15 0.048583
8 477.94 19.13 487.33 45.78 0.048581
8 1060.10 101.04 1073.46 121.38 0.048459
10 460.97 34.95 470.70 51.90 0.048430
8 576.25 38.47 586.30 66.35 0.048412
8 394.63 12.85 406.47 36.51 0.048411
1 460.97 34.95 470.70 51.90 0.048396
7 623.28 64.96 631.79 90.72 0.048343
1 437.37 9.02 445.60 29.98 0.048328
10 437.37 9.02 445.60 29.98 0.048324
8 1268.94 239.87 1280.27 266.65 0.048279
1 1118.50 116.22 1128.62 133.76 0.048277
10 1118.50 116.22 1128.62 133.76 0.048274
1 831.81 78.39 840.09 100.83 0.048202
10 831.81 78.39 840.09 100.83 0.048195
7 432.22 12.11 445.75 30.23 0.048147
3 460.97 34.95 470.70 51.90 0.048129
8 459.44 21.48 470.36 51.81 0.048122
7 477.94 19.13 487.33 45.78 0.048108
3 437.37 9.02 445.60 29.98 0.048045
3 1118.50 116.22 1128.62 133.76 0.047987
7 1060.10 101.04 1073.46 121.38 0.047945
8 803.46 67.24 814.08 101.60 0.047931
8 370.47 23.70 381.82 56.32 0.047901
3 831.81 78.39 840.09 100.83 0.047895
7 576.25 38.47 586.30 66.35 0.047883
7 394.63 12.85 406.47 36.51 0.047882
1 623.28 64.96 631.79 90.72 0.047879
10 623.28 64.96 631.79 90.72 0.047869
8 1233.78 218.98 1248.93 244.80 0.047783
7 1268.94 239.87 1280.27 266.65 0.047706
10 432.22 12.11 445.75 30.23 0.047648
1 432.22 12.11 445.75 30.23 0.047617
1 477.94 19.13 487.33 45.78 0.047583
10 477.94 19.13 487.33 45.78 0.047568
3 623.28 64.96 631.79 90.72 0.047514
7 459.44 21.48 470.36 51.81 0.047496
8 243.34 77.39 256.62 110.84 0.047481
8 1276.06 238.70 1291.98 267.20 0.047429
1 1060.10 101.04 1073.46 121.38 0.047358
10 1060.10 101.04 1073.46 121.38 0.047358
1 576.25 38.47 586.30 66.35 0.047289
1 394.63 12.85 406.47 36.51 0.047278
10 576.25 38.47 586.30 66.35 0.047278
10 394.63 12.85 406.47 36.51 0.047276
7 803.46 67.24 814.08 101.60 0.047241
3 432.22 12.11 445.75 30.23 0.047220
8 1286.20 254.13 1303.77 282.14 0.047211
7 370.47 23.70 381.82 56.32 0.047201
8 1103.51 105.40 1117.53 140.68 0.047194
3 477.94 19.13 487.33 45.78 0.047162
1 1268.94 239.87 1280.27 266.65 0.047068
10 1268.94 239.87 1280.27 266.65 0.047050
7 1233.78 218.98 1248.93 244.80 0.047045
8 280.87 72.29 297.78 103.90 0.046970
3 1060.10 101.04 1073.46 121.38 0.046917
3 576.25 38.47 586.30 66.35 0.046824
3 394.63 12.85 406.47 36.51 0.046822
10 459.44 21.48 470.36 51.81 0.046781
8 1129.77 106.68 1146.02 142.36 0.046712
7 243.34 77.39 256.62 110.84 0.046642
7 1276.06 238.70 1291.98 267.20 0.046571
3 1268.94 239.87 1280.27 266.65 0.046559
8 1287.06 240.45 1302.49 280.34 0.046511
1 803.46 67.24 814.08 101.60 0.046453
10 803.46 67.24 814.08 101.60 0.046453
1 370.47 23.70 381.82 56.32 0.046412
10 370.47 23.70 381.82 56.32 0.046401
7 1286.20 254.13 1303.77 282.14 0.046281
7 1103.51 105.40 1117.53 140.68 0.046259
3 459.44 21.48 470.36 51.81 0.046245
1 1233.78 218.98 1248.93 244.80 0.046201
10 1233.78 218.98 1248.93 244.80 0.046200
7 280.87 72.29 297.78 103.90 0.045960
3 803.46 67.24 814.08 101.60 0.045862
2 1286.20 254.13 1303.77 282.14 0.045816
3 370.47 23.70 381.82 56.32 0.045802
1 243.34 77.39 256.62 110.84 0.045684
10 243.34 77.39 256.62 110.84 0.045682
7 1129.77 106.68 1146.02 142.36 0.045616
1 1276.06 238.70 1291.98 267.20 0.045597
10 1276.06 238.70 1291.98 267.20 0.045592
3 1233.78 218.98 1248.93 244.80 0.045567
7 1287.06 240.45 1302.49 280.34 0.045348
10 1286.20 254.13 1303.77 282.14 0.045342
1 1286.20 254.13 1303.77 282.14 0.045218
10 1103.51 105.40 1117.53 140.68 0.045190
3 243.34 77.39 256.62 110.84 0.044963
3 1276.06 238.70 1291.98 267.20 0.044858
1 280.87 72.29 297.78 103.90 0.044808
10 280.87 72.29 297.78 103.90 0.044806
3 1286.20 254.13 1303.77 282.14 0.044421
8 1233.30 219.56 1261.52 254.51 0.044408
3 1103.51 105.40 1117.53 140.68 0.044389
1 1129.77 106.68 1146.02 142.36 0.044364
10 1129.77 106.68 1146.02 142.36 0.044363
8 674.88 174.30 699.06 217.48 0.044081
1 1287.06 240.45 1302.49 280.34 0.044019
10 1287.06 240.45 1302.49 280.34 0.044019
8 1019.11 281.87 1051.80 314.22 0.044004
3 280.87 72.29 297.78 103.90 0.043940
8 275.31 94.41 322.02 117.35 0.043925
3 1129.77 106.68 1146.02 142.36 0.043424
3 1287.06 240.45 1302.49 280.34 0.043022
7 1233.30 219.56 1261.52 254.51 0.042544
7 674.88 174.30 699.06 217.48 0.042109
8 1299.52 257.71 1331.83 300.81 0.042107
7 1019.11 281.87 1051.80 314.22 0.042006
8 413.46 588.12 452.76 625.02 0.041781
3 1305.52 271.18 1330.75 300.55 0.041597
2 1019.11 281.87 1051.80 314.22 0.041006
2 275.31 94.41 322.02 117.35 0.040888
8 275.28 83.14 323.77 117.74 0.040488
10 1233.30 219.56 1261.52 254.51 0.040428
1 1233.30 219.56 1261.52 254.51 0.040414
10 674.88 174.30 699.06 217.48 0.039854
10 1019.11 281.87 1051.80 314.22 0.039750
1 1019.11 281.87 1051.80 314.22 0.039722
10 275.31 94.41 322.02 117.35 0.039593
1 275.31 94.41 322.02 117.35 0.039586
7 413.46 588.12 452.76 625.02 0.039041
3 674.88 174.30 699.06 217.48 0.038164
2 1299.52 257.71 1331.83 300.81 0.038161
3 1019.11 281.87 1051.80 314.22 0.038008
3 275.31 94.41 322.02 117.35 0.037850
2 413.46 588.12 452.76 625.02 0.037671
8 1288.43 252.33 1333.46 301.62 0.037414
10 1299.52 257.71 1331.83 300.81 0.036535
1 1299.52 257.71 1331.83 300.81 0.036469
10 413.46 588.12 452.76 625.02 0.035955
1 413.46 588.12 452.76 625.02 0.035910
2 275.28 83.14 323.77 117.74 0.035733
8 68.31 291.61 122.93 342.26 0.034316
10 275.28 83.14 323.77 117.74 0.033703
1 275.28 83.14 323.77 117.74 0.033694
2 1288.43 252.33 1333.46 301.62 0.031121
3 275.28 83.14 323.77 117.74 0.030977
7 68.31 291.61 122.93 342.26 0.029088
10 1288.43 252.33 1333.46 301.62 0.028480
1 1288.43 252.33 1333.46 301.62 0.028424
8 133.02 254.37 204.56 310.90 0.027075
2 68.31 291.61 122.93 342.26 0.026474
7 568.28 131.43 623.91 188.19 0.026128
10 68.31 291.61 122.93 342.26 0.023137
1 68.31 291.61 122.93 342.26 0.023114
