1 1466.57 794.42 1525.80 956.97 0.999799
2 1260.10 827.17 1309.03 987.96 0.999761
2 1024.26 184.72 1024.32 184.90 0.999671
1 1024.49 184.68 1024.56 184.86 0.999658
2 787.89 733.89 825.52 852.74 0.999460
2 0.88 0.82 0.92 0.95 0.999440
2 0.88 184.61 0.92 184.74 0.999430
2 1024.07 184.66 1024.12 184.81 0.999305
2 708.84 741.76 747.13 862.42 0.999240
2 1024.17 184.67 1024.21 184.81 0.999192
2 1024.26 184.54 1024.29 184.63 0.999138
1 0.79 184.62 0.83 184.75 0.999095
2 716.61 184.72 716.66 184.90 0.999059
2 716.84 184.68 716.90 184.86 0.999040
2 1024.26 0.75 1024.29 0.83 0.999026
2 1024.12 184.66 1024.16 184.81 0.998885
2 1084.73 779.24 1133.97 910.51 0.998873
2 1024.17 0.87 1024.21 1.00 0.998855
2 1024.07 0.87 1024.12 1.00 0.998780
1 0.79 0.83 0.84 0.96 0.998677
2 1175.29 780.29 1213.58 911.59 0.998646
2 1133.01 777.17 1170.32 910.41 0.998645
2 1024.12 0.87 1024.16 1.00 0.998539
2 1024.13 184.53 1024.16 184.63 0.998085
2 716.08 0.82 716.12 0.95 0.997854
2 0.10 0.70 0.13 0.79 0.997807
2 1024.49 0.89 1024.56 1.00 0.997790
2 716.08 184.61 716.12 184.74 0.997572
2 0.98 0.82 1.00 0.93 0.997566
2 1257.47 667.81 1286.28 748.62 0.997489
1 0.20 0.69 0.23 0.76 0.997449
2 0.20 184.48 0.23 184.56 0.997449
2 0.68 0.78 0.71 0.85 0.997409
2 716.41 184.66 716.47 184.81 0.997301
2 0.28 184.54 0.32 184.65 0.997291
2 880.58 729.73 909.67 834.38 0.997189
2 1024.26 0.92 1024.31 1.00 0.997172
2 0.98 184.61 1.00 184.72 0.997140
2 716.00 0.83 716.04 0.96 0.997090
2 0.10 184.50 0.13 184.58 0.997046
2 0.74 0.75 0.77 0.85 0.996988
2 1024.13 0.74 1024.16 0.83 0.996923
2 0.68 184.58 0.71 184.65 0.996427
2 931.05 720.37 984.51 843.68 0.996189
2 716.51 184.67 716.56 184.81 0.996010
2 716.47 184.66 716.51 184.81 0.995735
2 0.73 184.54 0.77 184.64 0.995548
2 716.00 184.62 716.04 184.75 0.995181
2 716.60 184.54 716.64 184.63 0.995110
2 0.43 0.72 0.46 0.80 0.994889
2 0.43 184.51 0.46 184.59 0.994886
2 607.30 702.76 632.51 764.87 0.994450
2 255.66 671.60 291.42 763.53 0.993886
2 0.32 184.51 0.35 184.59 0.993636
2 716.41 0.87 716.47 1.00 0.993451
2 1140.56 665.47 1169.73 747.94 0.993380
2 181.38 617.83 205.61 683.87 0.992970
2 716.60 0.75 716.64 0.83 0.992902
2 0.40 0.71 0.43 0.80 0.992837
2 657.14 670.15 687.81 760.80 0.992712
2 389.25 642.51 414.06 716.42 0.992697
2 0.28 0.75 0.32 0.85 0.992568
2 91.30 631.39 114.76 704.18 0.992329
2 310.31 676.07 344.04 760.24 0.991952
2 0.39 184.51 0.43 184.59 0.991420
3 716.53 0.72 716.57 0.77 0.991143
2 716.18 0.82 716.22 0.93 0.991115
2 716.51 0.87 716.56 1.00 0.991012
2 716.18 184.61 716.22 184.73 0.991008
2 914.82 693.22 950.82 796.18 0.989745
2 354.64 639.34 386.13 716.83 0.989594
2 0.34 184.55 0.38 184.64 0.989525
2 0.32 0.71 0.35 0.79 0.989149
2 716.24 0.80 716.30 0.94 0.988130
2 716.47 0.87 716.51 1.00 0.988086
3 1024.18 0.72 1024.23 0.77 0.987977
1 716.84 0.89 716.90 1.00 0.986700
2 0.82 184.53 0.85 184.62 0.986026
2 0.82 0.74 0.85 0.82 0.985991
2 20.85 785.16 92.48 929.54 0.985302
2 716.24 184.60 716.30 184.73 0.984747
2 716.61 0.92 716.66 1.00 0.983828
2 0.60 184.48 0.62 184.55 0.983325
2 283.10 637.81 315.39 714.22 0.982715
2 716.47 184.53 716.51 184.63 0.982343
1 716.84 184.68 716.90 184.86 0.981673
2 716.02 0.74 716.05 0.82 0.980453
2 0.07 744.54 27.28 900.06 0.980136
2 716.47 0.74 716.51 0.84 0.979437
2 0.60 0.69 0.62 0.75 0.977848
2 731.55 659.57 759.53 735.02 0.976521
2 0.02 184.67 0.10 184.83 0.973324
2 1024.97 184.61 1025.00 184.79 0.973318
2 0.62 0.68 0.65 0.75 0.968167
1 1259.94 827.21 1308.94 987.76 0.967352
2 0.57 184.48 0.60 184.55 0.966959
2 1024.97 0.81 1025.00 0.99 0.966943
2 716.22 0.77 716.26 0.89 0.965727
2 0.57 0.69 0.60 0.75 0.962521
2 716.02 184.53 716.05 184.62 0.961849
2 1873.37 726.55 1919.86 889.92 0.957717
2 511.04 615.25 532.76 672.67 0.955052
2 716.22 184.57 716.26 184.68 0.951402
2 535.19 616.89 558.03 674.13 0.948612
2 0.00 184.62 0.03 184.80 0.947147
1 708.68 741.77 747.10 862.73 0.942195
2 0.62 184.48 0.65 184.55 0.933577
2 0.67 0.68 0.69 0.74 0.933247
2 0.37 0.66 0.39 0.73 0.932484
2 556.95 612.22 578.14 674.67 0.928402
1 787.90 734.01 825.45 852.81 0.928293
1 1024.49 0.89 1024.56 1.00 0.921624
6 212.19 566.02 390.63 633.82 0.919479
2 0.00 0.83 0.03 1.00 0.917756
2 0.37 184.46 0.39 184.52 0.915939
2 0.95 0.69 0.97 0.76 0.912612
2 0.97 0.70 0.98 0.77 0.912409
2 0.33 0.76 0.38 0.85 0.911942
2 1024.11 0.67 1024.13 0.72 0.904067
2 0.78 184.52 0.80 184.58 0.900211
2 0.78 0.73 0.80 0.78 0.897791
2 847.90 622.80 869.25 687.86 0.896758
1 1024.26 0.75 1024.29 0.83 0.896232
3 1024.08 0.68 1024.10 0.71 0.884973
2 0.68 0.67 0.71 0.73 0.874907
2 327.12 595.29 347.84 651.51 0.871463
2 612.10 603.90 630.96 655.66 0.869721
1 1024.26 184.72 1024.32 184.90 0.868288
2 0.68 184.47 0.71 184.53 0.865384
2 863.57 628.88 880.42 692.37 0.865250
2 937.21 627.68 958.57 693.03 0.865179
2 0.67 184.47 0.69 184.53 0.862857
2 599.20 606.27 616.85 661.32 0.855059
2 0.04 0.88 0.10 1.00 0.853853
2 0.95 184.49 0.97 184.56 0.833373
3 716.27 0.69 716.30 0.73 0.798494
7 901.99 597.81 987.05 657.54 0.781056
2 1024.11 184.47 1024.13 184.51 0.775746
3 1188.59 648.89 1228.09 689.77 0.770448
2 716.25 0.70 716.27 0.77 0.769041
3 1024.11 0.69 1024.13 0.72 0.762666
2 655.56 620.92 677.76 680.88 0.758236
2 695.86 649.24 718.54 700.22 0.741291
1 716.61 184.72 716.66 184.90 0.733506
2 716.17 0.70 716.18 0.77 0.724173
2 716.25 184.49 716.27 184.57 0.712507
3 1096.85 607.10 1111.51 639.27 0.700490
1 1024.26 184.54 1024.29 184.63 0.688236
5 716.21 184.46 716.29 184.51 0.684878
3 716.42 0.68 716.44 0.71 0.679705
2 0.97 184.50 0.98 184.56 0.669403
2 716.15 0.69 716.17 0.76 0.666018
3 716.48 0.73 716.52 0.78 0.643257
7 0.73 0.73 0.77 0.77 0.632784
2 716.45 0.68 716.47 0.72 0.631478
3 1024.18 184.52 1024.23 184.56 0.628640
7 716.21 0.67 716.29 0.73 0.625219
3 342.66 613.72 375.46 637.20 0.593066
2 0.73 0.69 0.76 0.77 0.588105
2 716.15 184.49 716.17 184.56 0.581451
3 1024.08 184.47 1024.10 184.51 0.579415
2 716.17 184.50 716.18 184.56 0.572725
3 716.53 184.52 716.57 184.56 0.571154
2 1024.13 0.40 1024.18 0.48 0.559337
1 716.08 0.82 716.12 0.95 0.556856
2 716.21 184.52 716.24 184.60 0.548034
2 716.21 0.72 716.24 0.80 0.538671
4 716.94 184.55 717.00 184.62 0.530364
9 716.21 184.46 716.29 184.52 0.528488
2 0.17 0.02 0.20 0.10 0.517931
1 0.88 0.82 0.92 0.95 0.516335
2 1024.13 184.20 1024.18 184.27 0.509273
3 716.45 184.49 716.47 184.51 0.500674
1 1024.26 0.92 1024.31 1.00 0.479358
3 1024.11 184.49 1024.13 184.51 0.474773
2 0.73 184.49 0.76 184.56 0.474559
2 1024.14 184.32 1024.17 184.37 0.474386
2 1024.01 184.46 1024.03 184.51 0.473983
2 1024.07 0.87 1024.21 1.00 0.467409
2 0.06 184.66 0.11 184.83 0.467230
2 1024.00 184.45 1024.03 184.51 0.465875
2 716.48 184.32 716.51 184.37 0.463264
2 1024.14 0.53 1024.16 0.58 0.462232
2 716.48 184.20 716.52 184.27 0.461041
2 1024.00 0.66 1024.03 0.72 0.457665
2 1024.01 0.66 1024.03 0.71 0.436043
1 0.88 184.61 0.92 184.74 0.434094
1 716.08 184.61 716.12 184.74 0.429369
2 716.47 0.40 716.52 0.48 0.425929
7 716.21 184.46 716.30 184.53 0.422833
2 716.48 0.53 716.51 0.58 0.420454
7 0.38 0.69 0.42 0.71 0.413833
2 0.75 0.67 0.76 0.73 0.394978
2 716.21 0.62 716.37 0.73 0.393476
2 0.06 0.86 0.11 0.97 0.388589
2 716.00 0.61 716.56 1.00 0.387702
1 716.61 0.75 716.64 0.83 0.385457
1 716.61 0.92 716.66 1.00 0.384242
9 716.33 0.60 716.41 0.69 0.379632
2 716.45 184.47 716.47 184.51 0.377923
2 0.64 0.64 0.66 0.68 0.375766
2 0.75 184.46 0.76 184.52 0.375611
2 0.39 184.46 0.41 184.50 0.372112
1 716.00 0.83 716.04 0.96 0.370843
1 716.47 184.20 716.52 184.27 0.370492
2 716.15 0.66 716.16 0.70 0.363676
1 716.60 184.54 716.64 184.63 0.362209
1 1024.13 184.20 1024.17 184.27 0.356771
1 1024.13 0.40 1024.18 0.48 0.354542
2 716.18 0.66 716.19 0.70 0.354352
2 1024.94 0.81 1025.00 0.99 0.353905
1 716.24 0.80 716.30 0.94 0.353381
2 0.94 0.66 0.96 0.70 0.353033
2 0.64 184.44 0.66 184.48 0.352119
1 1024.07 0.87 1024.12 1.00 0.350200
2 0.39 0.67 0.41 0.71 0.348178
2 716.09 0.69 716.11 0.75 0.347530
2 716.33 0.67 716.35 0.73 0.343317
1 1024.07 184.66 1024.12 184.81 0.341896
2 0.97 0.66 0.99 0.70 0.337254
1 716.47 0.40 716.52 0.48 0.325243
1 716.24 184.60 716.30 184.73 0.320579
2 0.94 184.45 0.96 184.49 0.319197
1 716.02 0.74 716.05 0.82 0.318467
1 716.00 184.62 716.04 184.75 0.313657
1 716.18 0.82 716.22 0.93 0.312951
1 1024.13 0.74 1024.16 0.83 0.312672
1 1024.13 184.53 1024.16 184.63 0.301177
1 0.10 0.70 0.13 0.79 0.300820
2 0.73 184.49 0.75 184.53 0.300562
1 1024.12 0.87 1024.16 1.00 0.299331
1 716.41 0.87 716.47 1.00 0.298096
1 716.41 184.66 716.47 184.81 0.294091
2 0.89 0.69 0.91 0.75 0.291146
2 0.66 0.64 0.67 0.68 0.290251
2 0.97 184.45 0.99 184.49 0.288788
1 1024.17 0.87 1024.21 1.00 0.288019
2 0.66 184.43 0.67 184.47 0.286555
2 716.18 184.45 716.19 184.49 0.285450
1 0.68 0.78 0.71 0.85 0.284772
1 0.29 184.54 0.32 184.65 0.277630
1 1024.17 184.67 1024.21 184.81 0.276670
1 0.20 184.48 0.23 184.56 0.273477
1 716.02 184.53 716.05 184.62 0.269993
1 0.28 0.75 0.32 0.85 0.267553
1 716.18 184.61 716.22 184.73 0.267369
2 0.88 0.69 0.89 0.75 0.263505
1 0.10 184.50 0.13 184.58 0.261938
1 1024.12 184.66 1024.16 184.81 0.258688
1 0.40 0.71 0.43 0.80 0.247068
1 0.73 184.54 0.77 184.64 0.232532
