4 0.00 0.72 0.10 0.89 0.999579
4 0.12 547.66 90.18 683.76 0.999465
4 865.37 354.79 957.32 411.09 0.999332
1 1081.66 660.18 1109.41 722.11 0.999277
4 835.99 456.58 927.52 537.70 0.999270
4 448.07 649.32 536.80 764.17 0.999123
4 815.12 386.86 880.99 460.66 0.999109
4 686.57 246.99 732.10 296.53 0.999003
4 0.77 0.32 0.82 0.39 0.998301
1 778.55 245.59 793.86 282.56 0.998076
4 673.97 177.70 710.46 214.83 0.997967
4 464.05 0.38 464.10 0.48 0.997183
4 0.50 0.85 0.60 1.00 0.997043
4 0.97 0.46 1.00 0.52 0.996722
5 464.14 0.20 464.17 0.25 0.996705
4 464.23 0.23 464.27 0.28 0.996614
4 464.25 0.32 464.30 0.39 0.996585
4 0.57 0.38 0.62 0.48 0.996493
4 0.75 0.23 0.79 0.28 0.996268
4 0.43 0.20 0.45 0.24 0.996142
1 0.87 0.32 0.89 0.37 0.996126
4 525.52 201.08 566.17 252.51 0.995988
4 658.23 103.19 686.61 130.35 0.995781
4 0.59 0.26 0.63 0.33 0.994911
4 0.74 0.13 0.77 0.17 0.994789
4 348.83 83.61 383.57 114.51 0.994666
4 242.96 180.09 297.45 224.86 0.994558
1 464.69 0.86 464.72 0.94 0.994461
4 1102.37 666.92 1155.31 732.74 0.994202
4 464.39 0.51 464.47 0.60 0.994081
4 511.00 288.75 557.26 363.56 0.993804
6 375.93 44.95 425.05 75.07 0.993622
4 510.66 153.21 546.91 193.39 0.993477
4 0.91 0.51 0.98 0.60 0.993262
4 0.93 0.60 1.00 0.70 0.992888
4 464.42 0.60 464.52 0.70 0.992816
4 464.22 0.14 464.25 0.17 0.992246
4 464.07 0.26 464.11 0.33 0.992073
1 0.82 0.17 0.83 0.20 0.991523
4 464.00 0.85 464.08 1.00 0.990895
4 716.75 93.82 745.07 124.20 0.990846
6 0.32 0.33 0.39 0.43 0.990098
4 0.39 0.11 0.43 0.15 0.989476
4 384.62 155.03 407.75 185.32 0.989185
1 732.58 129.42 741.55 156.13 0.987790
4 0.27 0.23 0.33 0.29 0.986867
4 541.39 125.25 573.18 161.07 0.986701
4 464.45 0.46 464.55 0.54 0.986302
1 464.35 0.32 464.37 0.37 0.984971
1 464.37 0.64 464.40 0.71 0.983835
4 870.81 259.05 891.79 287.75 0.982162
4 464.09 0.16 464.12 0.21 0.979182
4 0.57 0.20 0.61 0.25 0.978454
4 0.97 0.34 0.99 0.37 0.978005
4 0.80 0.12 0.83 0.16 0.976725
4 602.96 0.18 623.79 21.54 0.971738
4 464.30 0.05 464.33 0.08 0.971275
4 464.05 0.20 464.09 0.25 0.968457
4 590.31 154.97 613.88 193.06 0.965887
4 0.60 0.16 0.64 0.21 0.955557
1 464.30 0.17 464.31 0.20 0.953920
1 560.46 78.49 570.27 101.88 0.952784
6 0.42 0.06 0.47 0.10 0.948874
4 464.28 0.12 464.31 0.16 0.948776
5 0.44 0.06 0.47 0.09 0.931377
4 464.45 0.34 464.48 0.37 0.930337
4 464.71 0.87 464.77 0.96 0.928917
4 464.16 0.00 464.18 0.03 0.928188
4 441.07 69.74 462.97 96.69 0.924813
3 288.09 132.67 321.16 155.93 0.923912
2 794.49 487.82 819.31 544.51 0.921380
4 310.71 249.46 354.05 274.19 0.919720
3 270.09 154.95 298.67 175.18 0.918006
1 422.30 89.18 431.45 111.34 0.913370
4 732.01 42.33 761.60 59.85 0.906784
4 446.91 43.32 464.38 65.93 0.906746
4 0.66 0.20 0.68 0.25 0.901987
3 814.59 278.13 835.91 315.20 0.890520
4 671.82 66.89 688.11 81.96 0.889419
6 289.56 249.42 354.77 332.18 0.885104
4 0.75 0.09 0.77 0.11 0.873922
3 897.25 322.81 923.79 354.50 0.846366
4 464.23 0.09 464.25 0.11 0.827384
2 1233.22 160.82 1247.89 192.47 0.827327
3 794.76 512.42 818.34 544.99 0.813493
3 464.39 0.38 464.41 0.41 0.805834
4 0.49 0.10 0.51 0.13 0.791314
2 601.26 64.13 610.92 84.91 0.790225
4 0.82 0.06 0.85 0.08 0.785201
4 0.67 0.00 0.70 0.03 0.772834
4 464.29 0.01 464.30 0.03 0.755107
4 184.75 751.47 350.88 764.73 0.747495
4 0.82 0.06 0.83 0.08 0.721010
3 873.10 300.85 900.59 318.31 0.698569
4 564.50 35.17 581.04 47.43 0.694409
3 0.30 0.20 0.33 0.23 0.693500
2 504.76 196.05 512.57 216.61 0.682400
7 464.14 0.05 464.15 0.06 0.681425
3 464.37 0.67 464.40 0.71 0.679087
4 0.35 0.33 0.37 0.36 0.670176
6 666.58 59.46 695.23 82.35 0.669187
1 0.47 0.12 0.48 0.15 0.667647
1 464.11 0.10 464.12 0.13 0.655954
7 0.65 0.05 0.67 0.07 0.650796
3 230.31 153.32 246.79 177.86 0.638771
4 464.29 0.01 464.31 0.03 0.610771
4 464.95 0.50 465.00 0.55 0.581218
2 0.46 0.12 0.47 0.15 0.562036
2 413.82 92.56 423.19 113.62 0.542302
4 0.81 0.01 0.82 0.03 0.540989
3 464.15 0.08 464.17 0.11 0.509340
2 464.86 0.21 464.88 0.25 0.491124
3 464.48 0.42 464.51 0.46 0.488518
4 0.21 0.98 0.40 1.00 0.473648
2 0.89 0.64 0.91 0.71 0.464946
2 1319.00 656.84 1333.81 681.22 0.446707
4 0.75 0.02 0.76 0.03 0.444169
4 0.49 0.09 0.52 0.13 0.439179
7 0.63 0.05 0.65 0.06 0.434277
1 0.67 0.08 0.68 0.11 0.426167
2 464.15 0.08 464.17 0.11 0.422603
3 464.15 0.10 464.17 0.11 0.413334
2 0.46 0.12 0.48 0.15 0.409887
3 0.91 0.38 0.93 0.41 0.390769
4 0.49 0.04 0.52 0.05 0.390662
3 0.32 0.17 0.36 0.20 0.389304
2 464.12 0.04 464.13 0.06 0.377412
4 0.50 0.09 0.52 0.10 0.357931
1 0.62 0.10 0.64 0.13 0.349075
3 0.67 0.10 0.68 0.11 0.319644
3 0.32 0.18 0.35 0.20 0.313639
3 0.97 0.39 1.00 0.42 0.306825
2 0.82 0.17 0.83 0.20 0.294541
1 0.56 0.25 0.57 0.28 0.271796
