4 504.17 0.24 504.21 0.27 0.998577
4 751.25 455.01 794.36 489.94 0.998238
4 790.05 423.43 827.08 461.86 0.997684
4 0.73 0.24 0.77 0.27 0.997448
6 1312.13 601.47 1399.58 652.54 0.997143
4 655.83 191.67 693.47 211.37 0.996626
4 479.00 258.89 511.84 280.43 0.996248
4 695.92 414.31 739.14 451.22 0.995950
4 0.53 0.33 0.57 0.36 0.995116
4 417.25 262.78 450.30 288.13 0.993175
4 585.46 446.33 637.12 474.51 0.992760
4 0.47 0.33 0.50 0.36 0.992490
4 639.63 436.81 692.63 464.75 0.992120
4 795.04 384.44 822.25 420.38 0.989760
4 504.28 0.58 504.32 0.62 0.987953
4 504.23 0.38 504.25 0.43 0.987440
4 0.41 0.38 0.44 0.42 0.987301
4 348.56 324.30 372.80 353.20 0.985901
4 707.06 301.64 729.44 334.89 0.985383
4 345.17 352.53 368.85 384.74 0.983969
4 0.84 0.58 0.89 0.62 0.983940
4 0.39 0.41 0.42 0.45 0.983145
4 0.79 0.38 0.81 0.43 0.982972
4 504.32 0.54 504.36 0.59 0.982842
4 730.06 378.34 751.70 415.74 0.980191
4 366.61 302.84 395.79 327.43 0.979805
4 0.88 0.54 0.92 0.59 0.979652
4 550.42 498.23 603.88 525.24 0.978174
4 0.78 0.53 0.83 0.57 0.977642
4 388.78 281.89 422.67 307.81 0.970189
4 645.01 459.89 697.10 490.59 0.969489
4 504.21 0.53 504.26 0.57 0.968697
4 0.71 0.55 0.77 0.59 0.964909
4 717.77 334.61 744.31 373.71 0.961753
4 691.48 479.82 746.85 504.80 0.954852
4 504.15 0.55 504.21 0.59 0.950616
4 776.07 344.36 805.57 383.08 0.945304
4 0.89 0.49 0.92 0.53 0.943505
4 0.61 0.63 0.67 0.67 0.943175
4 504.25 0.48 504.28 0.53 0.939499
4 504.74 0.65 504.78 0.68 0.936039
4 0.82 0.48 0.84 0.53 0.935486
4 504.24 0.43 504.27 0.47 0.934842
4 0.43 0.36 0.47 0.39 0.928958
6 504.90 0.76 505.00 0.83 0.922482
4 504.30 0.44 504.34 0.49 0.912488
4 504.32 0.49 504.36 0.53 0.890371
4 1163.83 512.14 1199.42 533.95 0.886820
4 0.87 0.44 0.90 0.49 0.872666
4 0.38 0.45 0.41 0.49 0.858283
4 504.05 0.63 504.11 0.67 0.857767
4 399.94 220.99 418.79 238.26 0.836946
4 0.65 0.57 0.71 0.60 0.831218
4 0.28 0.30 0.31 0.33 0.831057
4 504.09 0.57 504.15 0.60 0.828019
4 504.21 0.61 504.27 0.64 0.812669
4 0.80 0.43 0.83 0.47 0.805465
2 657.88 363.56 666.92 382.72 0.803735
2 630.17 366.16 642.80 389.71 0.795814
2 744.95 271.05 752.82 286.63 0.789313
1 449.05 466.76 458.05 484.33 0.787279
6 637.60 42.49 670.26 64.84 0.776491
4 0.45 0.28 0.47 0.30 0.770577
4 0.72 0.58 0.78 0.62 0.769804
2 646.77 268.99 656.18 285.00 0.753573
4 232.72 279.52 252.78 298.54 0.750180
4 504.16 0.58 504.22 0.62 0.740940
4 633.67 493.71 670.43 513.89 0.738024
4 253.44 236.57 279.35 260.77 0.726214
2 602.82 367.87 616.64 387.98 0.721614
2 504.16 0.34 504.17 0.36 0.690192
4 1038.95 335.67 1078.58 355.15 0.684183
4 0.77 0.61 0.83 0.64 0.680464
4 264.55 297.05 286.04 312.16 0.668738
4 504.36 0.36 504.38 0.40 0.614065
2 888.71 650.97 900.72 674.18 0.600749
4 504.36 0.36 504.38 0.38 0.596803
2 0.72 0.34 0.73 0.36 0.587762
1 770.01 536.64 780.15 554.36 0.570770
1 0.83 0.34 0.84 0.36 0.568465
4 504.61 0.42 504.64 0.45 0.555070
1 504.27 0.34 504.28 0.36 0.532379
4 0.29 0.38 0.32 0.40 0.510849
2 743.27 548.04 752.57 559.71 0.492141
4 504.13 0.63 504.19 0.66 0.482430
4 0.92 0.36 0.94 0.39 0.449268
6 0.71 0.04 0.75 0.08 0.449226
2 504.30 0.87 504.31 0.89 0.444030
2 504.20 0.85 504.22 0.87 0.442013
2 504.27 0.70 504.28 0.71 0.413696
2 504.92 0.53 504.97 0.57 0.407149
2 504.63 0.79 504.64 0.82 0.396137
2 504.11 0.91 504.12 0.93 0.393287
2 0.73 0.46 0.74 0.48 0.385983
2 504.17 0.46 504.18 0.48 0.384095
4 0.73 0.24 0.75 0.26 0.374002
4 0.26 0.36 0.28 0.38 0.369718
2 504.27 0.92 504.28 0.94 0.361209
2 504.42 0.82 504.44 0.86 0.360604
2 504.19 0.71 504.20 0.73 0.358954
2 504.21 0.85 504.22 0.87 0.357690
2 0.76 0.85 0.77 0.87 0.331856
1 0.67 0.91 0.68 0.93 0.329886
2 0.83 0.92 0.84 0.94 0.329812
2 0.86 0.87 0.87 0.89 0.328980
4 0.69 0.63 0.75 0.66 0.327318
2 504.43 0.83 504.44 0.86 0.327039
2 0.76 0.85 0.78 0.87 0.326424
4 0.71 0.63 0.75 0.65 0.325584
2 0.83 0.69 0.84 0.71 0.308416
2 0.77 0.85 0.78 0.87 0.293213
2 0.96 0.89 0.97 0.92 0.289323
2 0.74 0.63 0.75 0.64 0.257673
