5 504.30 154.91 504.32 154.96 0.957450
5 0.98 154.89 1.00 154.95 0.882304
5 504.41 154.89 504.44 154.95 0.853760
5 0.52 0.82 0.54 0.88 0.825674
1 98.32 977.08 123.72 1029.18 0.819026
2 1094.09 738.27 1330.25 1022.98 0.814864
6 242.57 731.20 328.69 764.87 0.814426
2 932.73 724.93 1072.93 768.18 0.814414
5 875.23 955.21 897.88 1010.23 0.804381
5 0.86 154.91 0.88 154.96 0.803073
5 504.53 154.90 504.56 154.96 0.801889
5 410.97 958.10 433.82 1010.03 0.797926
5 440.27 952.34 466.02 1004.79 0.790583
5 504.06 154.89 504.08 154.95 0.780829
5 490.97 951.97 515.13 1001.92 0.777111
5 504.37 154.88 504.40 154.95 0.776589
5 504.47 154.90 504.50 154.95 0.767805
5 0.45 0.83 0.47 0.87 0.762233
5 553.00 953.51 576.26 1000.95 0.760578
5 504.02 154.90 504.04 154.95 0.759317
5 464.02 735.82 487.36 785.26 0.742205
5 504.30 0.82 504.33 0.87 0.734588
5 504.64 154.68 504.66 154.74 0.725561
5 364.21 953.72 385.13 1001.92 0.724732
5 504.57 154.90 504.60 154.95 0.724626
5 928.43 959.51 951.53 1011.99 0.723793
5 982.54 961.10 1008.08 1013.35 0.709711
5 839.77 955.60 864.12 1005.79 0.705851
5 504.60 0.85 504.63 0.91 0.704903
4 1313.53 764.73 1350.24 786.56 0.704221
5 504.22 0.82 504.24 0.88 0.684874
5 0.45 154.66 0.47 154.70 0.681880
5 504.63 154.88 504.66 154.94 0.671366
5 504.12 0.82 504.15 0.88 0.658136
5 504.34 0.82 504.36 0.88 0.648762
5 0.90 0.82 0.93 0.87 0.644576
5 504.26 154.65 504.28 154.70 0.644437
5 504.64 0.86 504.66 0.91 0.643939
5 768.66 969.88 790.40 1012.63 0.640963
5 0.62 154.89 0.64 154.95 0.622159
5 1068.13 946.58 1093.16 1000.89 0.620606
5 0.46 154.90 0.48 154.96 0.619962
4 504.90 154.95 504.94 154.98 0.619906
5 0.49 154.89 0.52 154.95 0.613557
5 504.26 0.82 504.28 0.87 0.609958
5 0.87 0.82 0.89 0.87 0.607080
5 0.58 0.82 0.61 0.88 0.597877
5 0.68 0.82 0.71 0.88 0.597503
5 504.42 154.66 504.45 154.72 0.596097
3 504.34 154.92 504.36 154.97 0.574166
4 504.48 154.95 504.51 154.98 0.573771
4 504.69 154.95 504.72 154.98 0.561869
5 0.55 154.89 0.57 154.95 0.553033
5 504.60 154.68 504.63 154.74 0.546363
4 504.02 154.93 504.04 154.95 0.542432
5 504.22 154.66 504.24 154.70 0.533336
5 504.34 154.66 504.36 154.70 0.533163
5 1015.15 958.28 1038.40 1002.82 0.531582
4 0.78 0.82 0.80 0.88 0.530214
5 0.98 0.83 1.00 0.89 0.525607
5 504.12 154.65 504.15 154.70 0.523428
4 504.88 154.68 504.91 154.70 0.517915
4 504.90 0.85 504.95 0.88 0.514071
6 0.27 154.64 0.37 154.68 0.509134
5 0.52 154.65 0.54 154.71 0.505841
5 0.94 154.88 0.97 154.95 0.494419
4 504.76 154.96 504.79 154.97 0.493996
5 504.60 154.90 504.63 154.95 0.491395
2 504.76 0.83 504.92 1.00 0.486453
2 504.48 154.64 504.63 154.67 0.481981
2 504.48 0.81 504.64 0.84 0.466894
5 0.58 154.90 0.61 154.95 0.456637
5 504.09 154.65 504.11 154.70 0.446904
2 504.72 154.66 504.92 154.96 0.429735
6 0.27 0.79 0.39 0.85 0.421955
4 0.13 0.94 0.15 0.97 0.421791
2 0.92 0.91 0.94 0.95 0.407306
4 0.58 154.93 0.60 154.95 0.406651
6 0.27 0.82 0.37 0.85 0.398656
2 504.01 0.81 504.92 1.00 0.367444
2 504.36 0.91 504.38 0.95 0.360123
4 0.13 0.87 0.16 0.89 0.335925
3 0.90 154.91 0.93 154.94 0.327652
9 0.14 0.54 0.27 0.59 0.310473
10 0.20 0.41 0.24 0.43 0.294891
2 0.84 0.06 0.85 0.09 0.291986
9 504.00 154.89 504.01 154.95 0.253367
9 504.90 154.84 504.92 154.87 0.242396
