4 866.21 461.75 939.45 514.34 0.998614
4 530.43 650.31 617.88 714.90 0.998383
4 0.00 182.88 0.05 182.96 0.998203
4 1768.04 365.68 1848.05 411.57 0.997290
4 1703.72 196.92 1744.96 229.31 0.997063
4 705.00 964.09 800.69 1044.60 0.995356
4 0.97 182.32 1.00 182.37 0.994760
6 1717.00 195.37 1915.38 365.47 0.994371
4 0.59 0.73 0.69 0.80 0.993521
4 1020.76 182.02 1020.81 182.05 0.993098
4 0.96 0.52 1.00 0.57 0.992341
4 716.96 0.15 717.00 0.18 0.991126
4 1579.36 131.89 1620.30 159.08 0.990099
4 1574.80 206.04 1607.16 237.40 0.989414
4 716.17 182.31 716.25 182.37 0.986846
4 1695.99 115.12 1735.78 143.83 0.983290
4 1614.28 153.16 1650.55 178.99 0.982094
4 1020.76 0.22 1020.81 0.26 0.981564
4 716.16 0.52 716.24 0.57 0.980439
4 0.79 182.87 0.89 182.96 0.978092
4 0.59 182.52 0.69 182.60 0.977506
4 1516.30 95.64 1552.77 127.39 0.976310
4 0.22 968.82 45.57 1038.05 0.966357
4 932.47 418.53 996.16 473.30 0.963362
4 1066.01 5.65 1098.22 29.05 0.958446
4 716.96 0.23 717.00 0.27 0.958174
4 1044.57 338.78 1123.75 403.02 0.956786
4 1513.47 17.32 1547.82 39.52 0.956660
4 999.67 379.98 1057.47 433.43 0.955140
4 1418.64 168.82 1464.33 191.67 0.955122
4 1020.62 0.15 1020.67 0.18 0.951648
4 1020.62 0.23 1020.66 0.27 0.949250
4 1020.00 0.42 1020.04 0.48 0.945250
4 1020.00 182.22 1020.04 182.27 0.945010
4 1107.90 60.80 1143.24 85.79 0.943078
4 1549.85 84.46 1582.47 110.69 0.942163
4 1020.66 0.17 1020.70 0.20 0.936971
4 1054.08 43.36 1078.00 63.65 0.936223
4 1665.48 51.62 1686.76 77.68 0.935721
4 1846.56 62.70 1879.24 87.93 0.935357
4 716.32 0.42 716.38 0.48 0.923858
4 1171.46 173.26 1191.13 189.45 0.923413
2 1163.46 557.13 1200.63 594.19 0.917174
4 716.96 182.03 717.00 182.06 0.915429
4 1020.55 0.11 1020.59 0.14 0.914568
4 1572.54 68.44 1612.35 94.62 0.903022
4 1668.31 15.56 1699.09 40.63 0.900435
4 1688.23 174.84 1711.42 193.52 0.899202
4 1604.79 55.36 1632.03 77.91 0.897947
4 1623.25 35.90 1654.77 63.55 0.886796
4 969.03 0.00 1011.01 13.24 0.886733
4 716.51 0.19 716.53 0.21 0.885850
4 1814.57 91.48 1839.17 108.93 0.884691
4 1020.75 0.13 1020.80 0.16 0.882706
4 1029.78 19.76 1062.83 43.04 0.866243
4 1061.21 148.82 1089.98 168.16 0.863403
4 716.93 0.09 716.97 0.12 0.859568
4 716.24 0.47 716.31 0.53 0.853910
4 1080.92 47.80 1119.75 73.01 0.847688
4 1425.83 150.74 1442.43 167.18 0.841702
4 1003.42 45.00 1045.51 66.21 0.839070
6 999.59 338.56 1123.89 433.81 0.839033
6 1020.78 182.02 1021.00 182.21 0.836578
4 1020.17 0.19 1020.19 0.21 0.831967
4 716.89 0.11 716.93 0.14 0.826877
4 1826.93 22.24 1850.15 40.86 0.826343
4 716.32 182.22 716.38 182.28 0.822961
4 208.98 702.14 291.77 754.96 0.817711
4 1020.83 0.41 1020.92 0.46 0.814984
4 716.00 182.87 716.09 182.96 0.811623
4 716.24 182.27 716.31 182.33 0.811386
4 1020.62 182.03 1020.66 182.06 0.809815
4 1007.93 23.22 1044.09 46.53 0.808185
4 1020.83 182.20 1020.92 182.26 0.799633
5 716.37 0.38 716.45 0.45 0.791834
4 978.15 43.92 997.16 61.03 0.791491
4 748.68 259.33 778.68 296.89 0.785410
6 1769.40 121.46 1915.55 197.44 0.784510
4 1020.96 0.44 1021.00 0.47 0.775963
6 705.06 221.02 779.26 300.25 0.773795
2 1161.75 255.34 1179.37 281.14 0.770309
4 1868.93 47.91 1895.76 70.67 0.766189
4 1020.92 0.07 1020.96 0.10 0.762913
4 716.44 0.07 716.48 0.10 0.755895
4 1020.59 0.09 1020.63 0.12 0.755158
2 1020.16 0.62 1020.20 0.66 0.749811
6 1020.68 0.02 1020.72 0.07 0.749540
2 716.50 0.62 716.54 0.66 0.747446
4 1808.56 46.48 1829.62 62.46 0.741213
4 1708.26 0.00 1735.98 13.63 0.734757
4 716.38 0.05 716.41 0.07 0.719336
4 1020.96 182.24 1021.00 182.26 0.719156
4 1020.95 0.05 1020.98 0.08 0.714965
4 716.39 0.01 716.43 0.03 0.714862
4 1020.65 0.06 1020.68 0.09 0.714196
4 716.41 0.05 716.45 0.08 0.712971
4 1750.48 108.55 1775.13 130.22 0.712799
6 716.32 0.38 716.46 0.48 0.709918
5 716.37 182.17 716.45 182.25 0.708393
4 1020.55 0.02 1020.59 0.04 0.704003
2 1184.53 560.99 1200.84 593.06 0.702360
5 1020.03 0.38 1020.12 0.45 0.700652
4 1020.72 0.02 1020.76 0.05 0.682762
4 716.79 0.17 716.81 0.19 0.681986
6 1020.00 0.38 1020.12 0.48 0.680886
4 716.89 0.02 716.93 0.04 0.675731
4 716.35 0.02 716.39 0.05 0.667670
4 1020.05 0.01 1020.09 0.03 0.663816
4 716.42 0.06 716.45 0.09 0.655332
4 1020.72 0.06 1020.75 0.09 0.651960
4 1020.10 0.07 1020.14 0.10 0.644521
4 1020.45 0.19 1020.50 0.22 0.638643
4 278.58 520.43 302.34 538.35 0.637366
4 716.31 0.05 716.34 0.08 0.633146
4 336.80 36.43 360.75 58.16 0.630881
4 1020.61 0.08 1020.66 0.11 0.629451
2 716.50 182.42 716.54 182.46 0.626927
4 1020.00 0.11 1020.01 0.12 0.623754
4 1020.88 0.10 1020.92 0.13 0.621415
6 716.32 182.17 716.46 182.28 0.620394
6 1020.78 0.22 1021.00 0.41 0.619974
4 1020.08 0.06 1020.11 0.09 0.618675
4 1020.89 0.10 1020.92 0.12 0.617186
2 1256.49 212.86 1269.56 234.14 0.614974
2 1020.16 182.42 1020.20 182.46 0.613826
4 716.96 0.08 717.00 0.11 0.612752
4 1020.04 0.05 1020.07 0.07 0.611315
4 1020.45 0.17 1020.47 0.19 0.610744
3 897.81 780.73 979.52 815.11 0.610294
4 716.51 182.00 716.53 182.01 0.608225
6 1020.00 182.17 1020.12 182.28 0.604848
4 1020.17 182.00 1020.19 182.01 0.603445
4 1020.90 0.03 1020.93 0.05 0.603221
4 1020.07 0.05 1020.11 0.08 0.599069
4 1020.75 0.19 1020.77 0.21 0.596991
4 1020.93 0.05 1020.94 0.06 0.596069
2 1020.18 182.42 1020.20 182.46 0.588048
4 1020.00 0.05 1020.03 0.07 0.579629
4 116.01 212.20 133.43 230.58 0.574813
4 716.04 0.30 716.07 0.33 0.570341
4 716.38 0.17 716.41 0.19 0.558203
4 1020.74 0.00 1020.77 0.03 0.557068
4 1020.92 0.01 1020.94 0.03 0.555210
3 1020.86 182.17 1020.91 182.19 0.554927
4 716.33 0.03 716.37 0.05 0.552641
4 1020.04 0.17 1020.07 0.19 0.549242
4 1020.69 0.15 1020.71 0.17 0.548455
4 1020.69 0.19 1020.72 0.22 0.547586
4 1020.01 0.02 1020.05 0.05 0.547198
4 1020.68 0.04 1020.71 0.07 0.546061
4 1020.77 -0.00 1020.80 0.01 0.543824
2 1020.56 182.34 1020.58 182.36 0.543305
4 716.32 0.05 716.37 0.07 0.542845
4 1020.95 182.12 1021.00 182.15 0.542303
4 716.28 -0.00 716.33 0.01 0.542085
4 1020.88 0.05 1020.90 0.07 0.538155
4 1020.68 0.23 1020.72 0.26 0.537491
4 1020.68 182.02 1020.72 182.06 0.534627
4 1020.68 182.02 1020.71 182.05 0.534516
5 1020.03 182.17 1020.12 182.25 0.533592
4 1020.00 0.03 1020.03 0.05 0.528679
5 716.37 182.20 716.41 182.25 0.525595
4 1020.93 -0.00 1020.96 0.01 0.522677
2 1020.16 182.42 1020.18 182.46 0.521817
4 1020.95 0.33 1021.00 0.35 0.514338
3 1020.16 182.09 1020.18 182.11 0.500956
1 1020.18 0.63 1020.20 0.66 0.496583
3 1020.86 0.37 1020.91 0.40 0.488407
1 1020.26 182.03 1020.28 182.06 0.484029
4 716.78 0.19 716.84 0.21 0.480651
4 716.29 0.05 716.31 0.06 0.475739
1 1020.26 0.24 1020.28 0.26 0.470669
5 1020.03 182.20 1020.07 182.25 0.468077
4 0.18 0.51 0.21 0.53 0.460130
2 716.52 0.63 716.54 0.66 0.450220
2 716.50 0.62 716.51 0.66 0.446739
6 716.04 182.08 716.07 182.13 0.445764
2 716.51 0.63 716.53 0.66 0.443291
7 716.50 0.30 716.52 0.31 0.442164
2 716.50 0.29 716.51 0.31 0.440785
2 1020.18 0.63 1020.19 0.66 0.437128
1 716.10 182.23 716.12 182.25 0.435670
1 716.52 182.42 716.54 182.46 0.430150
7 1020.16 0.30 1020.18 0.31 0.427991
1 1020.16 0.62 1020.17 0.66 0.425712
2 1020.16 182.08 1020.18 182.11 0.420319
4 0.31 0.58 0.34 0.60 0.406060
4 0.13 182.03 0.15 182.05 0.391640
2 716.50 182.42 716.51 182.46 0.380542
1 1020.56 182.34 1020.58 182.36 0.380201
5 0.29 0.54 0.32 0.56 0.377703
2 716.53 0.63 716.54 0.65 0.376032
1 716.60 0.24 716.62 0.26 0.375621
1 1020.16 0.29 1020.17 0.31 0.361976
4 0.84 182.09 0.87 182.13 0.360757
1 1020.16 182.08 1020.17 182.11 0.356455
4 0.31 182.38 0.34 182.40 0.355376
1 716.90 182.34 716.92 182.36 0.354334
2 0.72 0.01 0.85 0.20 0.350261
2 716.51 182.42 716.52 182.46 0.347040
1 716.10 0.43 716.12 0.46 0.338248
1 716.60 182.03 716.61 182.06 0.321788
1 0.90 0.43 0.92 0.46 0.294871
