4 0.54 0.08 0.57 0.13 0.999052
4 482.20 64.62 510.39 99.52 0.998696
4 756.24 400.97 796.37 467.92 0.992698
4 0.43 0.19 0.46 0.22 0.985320
4 504.28 0.51 504.33 0.59 0.967918
4 0.84 0.51 0.89 0.59 0.961224
4 24.09 384.11 176.45 505.78 0.946986
4 504.23 0.00 504.25 0.04 0.933708
4 382.83 146.71 409.22 173.50 0.909364
4 0.03 0.49 0.20 0.64 0.812648
4 80.51 503.94 153.08 582.89 0.808648
4 139.85 357.24 238.98 443.18 0.726094
4 0.09 0.64 0.17 0.74 0.700225
4 316.50 7.84 345.29 21.34 0.667057
4 0.79 0.00 0.81 0.03 0.479322
