4 424.84 317.18 479.44 365.32 0.999548
4 0.69 0.33 0.74 0.40 0.999505
4 0.47 0.40 0.54 0.46 0.999197
4 0.81 0.34 0.86 0.41 0.999072
4 614.98 256.70 659.96 315.62 0.999034
4 1249.26 262.19 1305.07 288.18 0.998906
4 726.00 266.34 767.96 324.39 0.998862
4 504.12 0.33 504.17 0.40 0.998801
4 530.63 202.28 578.16 239.66 0.998642
4 743.48 137.09 778.90 176.77 0.998398
4 504.25 0.34 504.29 0.41 0.998082
4 0.84 0.08 0.87 0.13 0.997854
4 0.52 0.58 0.59 0.69 0.997851
4 0.83 0.17 0.87 0.22 0.997552
4 460.66 461.99 531.36 546.22 0.997513
4 471.22 211.35 521.56 252.64 0.997141
4 536.86 476.84 599.69 558.42 0.997063
4 504.27 0.17 504.31 0.22 0.996985
4 748.25 66.29 778.57 104.55 0.996392
4 0.59 0.26 0.65 0.30 0.996306
4 504.03 0.26 504.08 0.30 0.996191
4 504.35 0.03 504.37 0.06 0.996136
4 0.91 0.03 0.94 0.06 0.995811
4 0.60 0.60 0.67 0.71 0.995472
4 812.91 23.06 838.89 49.78 0.995185
4 0.53 0.26 0.58 0.32 0.995068
4 1210.39 562.84 1255.68 624.56 0.994826
4 504.27 0.08 504.31 0.13 0.994517
4 504.61 0.09 504.63 0.12 0.994062
4 504.83 0.33 504.89 0.37 0.993712
4 504.04 0.60 504.11 0.71 0.991144
4 504.00 0.58 504.03 0.67 0.989203
4 541.75 551.29 638.25 703.46 0.977737
4 504.67 0.08 504.69 0.11 0.977453
4 504.00 0.27 504.02 0.32 0.976489
4 1050.60 72.18 1071.46 91.47 0.974869
4 827.63 196.90 855.83 228.27 0.973125
4 174.54 436.73 299.34 546.71 0.971631
4 504.59 0.06 504.61 0.08 0.957877
4 504.04 0.70 504.15 0.89 0.955041
4 0.61 0.70 0.71 0.89 0.951650
4 504.79 0.71 504.84 0.79 0.946090
4 1036.17 46.21 1055.06 64.43 0.942167
5 1164.43 308.10 1208.22 370.21 0.926037
4 504.66 0.03 504.68 0.05 0.920449
4 504.36 0.25 504.39 0.29 0.911566
4 953.74 119.16 992.94 143.08 0.899008
5 504.52 0.36 504.55 0.42 0.897584
4 504.57 0.04 504.58 0.06 0.892375
5 969.87 283.96 998.84 330.05 0.882986
4 1097.42 23.13 1112.01 42.59 0.871600
4 1100.70 64.83 1124.33 86.20 0.865988
4 934.23 288.10 949.98 309.15 0.865747
4 0.92 0.25 0.95 0.29 0.859428
4 504.48 0.40 504.49 0.42 0.795096
4 0.24 0.56 0.33 0.67 0.791429
4 504.46 0.58 504.47 0.60 0.767343
4 921.98 389.33 936.05 412.00 0.756483
4 1012.48 27.47 1027.80 43.86 0.741667
4 1017.09 318.54 1036.28 342.36 0.723232
4 933.25 316.43 946.94 333.00 0.717470
4 504.47 0.50 504.48 0.52 0.669237
4 504.55 0.40 504.59 0.44 0.659477
4 906.40 484.42 922.29 512.46 0.637811
4 504.27 0.82 504.34 0.92 0.629005
4 504.57 0.09 504.59 0.12 0.619269
4 504.57 0.02 504.59 0.04 0.602873
4 504.47 0.46 504.49 0.49 0.602359
4 920.54 427.02 932.68 443.88 0.598042
4 504.48 0.44 504.49 0.45 0.595199
5 504.52 0.36 504.55 0.46 0.585034
4 928.27 368.23 940.02 383.31 0.578055
4 504.46 0.54 504.48 0.56 0.572357
4 931.60 343.04 942.88 357.25 0.571289
4 504.49 0.35 504.50 0.36 0.557549
4 913.63 459.13 926.41 475.72 0.548179
4 504.50 0.15 504.54 0.18 0.537776
5 0.19 0.55 0.34 0.69 0.514495
4 0.96 0.13 1.00 0.20 0.512394
4 504.42 0.11 504.45 0.13 0.504625
4 504.21 0.69 504.36 0.79 0.484916
4 504.61 0.00 504.64 0.01 0.474714
