4 895.65 404.71 938.73 430.17 0.984696
4 504.44 0.51 504.48 0.55 0.983229
4 504.46 0.58 504.51 0.62 0.978083
4 915.44 457.90 964.72 485.07 0.942711
4 504.46 0.54 504.52 0.58 0.936154
4 917.91 427.86 966.84 452.98 0.876647
4 635.56 439.23 676.55 467.57 0.865568
6 63.26 462.82 140.21 496.45 0.827164
4 1366.97 268.05 1399.80 294.98 0.816383
4 1360.45 622.71 1399.74 678.94 0.793443
4 504.91 0.88 504.95 0.91 0.766785
3 1163.80 239.97 1177.46 259.13 0.685557
4 1366.71 271.29 1384.49 288.85 0.633156
4 1215.57 200.08 1226.92 212.42 0.631957
6 504.84 0.12 505.00 0.30 0.629575
3 504.59 0.58 504.62 0.61 0.596997
3 504.65 0.35 504.68 0.39 0.587840
3 1036.62 459.90 1060.51 484.16 0.584643
4 1214.63 271.59 1230.80 290.37 0.583231
4 1183.69 229.59 1194.63 238.51 0.564491
3 504.74 0.31 504.75 0.33 0.513997
4 504.62 0.32 504.64 0.33 0.457373
5 1318.82 691.58 1352.83 716.78 0.407755
4 0.00 0.60 0.05 0.64 0.400017
1 0.29 0.69 0.30 0.71 0.292983
