4 603.48 238.30 624.13 266.59 0.996448
4 504.11 0.30 504.13 0.34 0.996332
4 521.21 425.97 548.44 462.03 0.994534
4 504.16 0.35 504.18 0.39 0.994528
5 0.60 0.38 0.64 0.49 0.994289
4 646.76 274.94 667.47 305.75 0.993527
4 0.58 0.54 0.61 0.59 0.993132
4 650.21 200.27 668.19 227.47 0.992733
4 504.16 0.25 504.18 0.29 0.992379
5 504.04 0.38 504.08 0.49 0.992215
4 604.58 24.19 619.37 42.87 0.992022
4 585.38 179.63 608.13 208.23 0.990935
4 471.38 235.52 507.26 262.18 0.990717
4 568.06 9.34 583.02 28.90 0.990566
4 0.72 0.35 0.74 0.39 0.990273
4 0.73 0.25 0.75 0.29 0.990219
4 504.02 0.54 504.05 0.59 0.989972
4 504.07 0.01 504.09 0.04 0.989749
4 615.09 70.55 632.23 92.23 0.989082
4 0.67 0.30 0.70 0.34 0.988914
4 604.33 125.61 621.49 150.32 0.986958
4 0.88 0.20 0.89 0.23 0.986711
4 0.68 0.16 0.69 0.19 0.986347
4 0.68 0.03 0.69 0.05 0.986201
4 0.76 0.03 0.77 0.06 0.984784
4 0.63 0.01 0.65 0.04 0.983213
4 0.89 0.14 0.91 0.17 0.980208
4 504.33 0.14 504.35 0.17 0.979496
4 800.52 112.23 817.47 132.12 0.978288
4 675.46 24.94 691.87 46.63 0.977828
4 504.15 -0.00 504.16 0.02 0.977770
4 504.11 0.16 504.13 0.19 0.977534
4 504.32 0.20 504.33 0.23 0.977272
4 504.36 0.05 504.37 0.08 0.973212
4 504.12 0.09 504.14 0.12 0.972914
4 0.71 -0.00 0.72 0.02 0.972864
5 535.81 298.24 576.75 386.38 0.970751
4 694.07 44.28 713.20 67.60 0.970501
4 504.09 0.23 504.12 0.26 0.969356
4 655.01 125.90 672.20 150.12 0.968773
4 504.11 0.03 504.13 0.05 0.968586
4 198.80 258.72 225.99 290.33 0.966229
4 0.65 0.23 0.68 0.26 0.964626
4 537.28 357.74 563.47 385.78 0.963984
4 504.21 0.06 504.23 0.09 0.961012
4 634.87 0.00 649.27 12.93 0.960977
4 0.53 0.30 0.57 0.33 0.959007
4 504.04 0.45 504.07 0.49 0.949424
4 818.15 2.69 831.09 19.19 0.941721
4 504.19 0.03 504.21 0.06 0.940931
4 0.83 0.05 0.85 0.09 0.932872
4 504.35 0.00 504.37 0.02 0.932018
4 786.08 163.95 800.51 182.83 0.929641
4 685.99 259.14 708.27 286.98 0.928939
4 0.69 0.09 0.71 0.12 0.926145
4 0.92 0.06 0.93 0.08 0.924064
4 504.17 0.16 504.19 0.19 0.921746
1 787.35 620.15 812.46 687.63 0.921160
4 0.77 0.06 0.80 0.09 0.921016
4 823.26 39.02 835.87 60.49 0.913828
4 504.11 0.66 504.13 0.69 0.909803
9 504.00 0.00 504.04 0.16 0.909424
4 0.73 0.16 0.75 0.19 0.908837
4 0.91 0.00 0.93 0.02 0.899503
4 269.57 233.40 289.46 254.69 0.898007
4 0.82 0.16 0.83 0.19 0.893538
4 504.03 0.69 504.05 0.72 0.890777
4 504.27 0.05 504.29 0.09 0.886918
4 504.25 0.16 504.27 0.19 0.874369
4 743.87 44.60 760.27 70.85 0.873140
4 248.08 189.80 268.83 215.35 0.861574
4 504.17 0.17 504.18 0.19 0.840528
4 504.24 0.11 504.26 0.14 0.831926
4 0.67 0.66 0.70 0.69 0.824923
2 496.14 521.52 525.64 566.09 0.813309
4 0.59 0.69 0.61 0.72 0.803467
1 0.88 0.79 0.91 0.87 0.780450
4 198.95 419.35 221.80 449.13 0.779347
4 602.04 518.53 624.22 545.65 0.777027
4 536.97 33.80 549.58 50.74 0.745271
4 495.93 17.97 514.91 36.41 0.741977
4 504.74 0.83 504.77 0.87 0.728486
4 464.62 341.71 483.20 366.87 0.703118
4 0.55 0.66 0.59 0.72 0.699453
6 504.20 0.29 504.23 0.36 0.684446
4 0.55 0.02 0.57 0.04 0.682064
4 504.00 0.66 504.02 0.72 0.624909
4 0.22 0.33 0.25 0.37 0.597461
4 0.28 0.24 0.30 0.27 0.589069
9 0.43 0.00 0.60 0.32 0.583247
4 504.02 0.05 504.05 0.08 0.570136
4 0.30 0.29 0.33 0.32 0.565242
4 0.82 0.15 0.84 0.19 0.515465
4 0.80 0.11 0.82 0.14 0.500899
9 0.27 0.00 0.61 0.33 0.433081
4 0.22 0.53 0.25 0.57 0.431435
4 0.30 0.30 0.32 0.32 0.390735
1 504.32 0.79 504.34 0.87 0.251579
