4 666.64 521.71 689.11 569.93 0.995663
4 0.59 0.66 0.62 0.72 0.994928
4 523.04 409.82 545.20 444.81 0.994204
5 504.05 0.24 504.08 0.35 0.994184
4 529.10 519.59 559.59 567.04 0.994056
4 504.03 0.66 504.06 0.72 0.993343
4 618.48 305.22 638.38 350.20 0.989304
5 547.41 187.75 579.87 273.77 0.987650
4 0.58 0.52 0.61 0.56 0.987451
4 0.74 0.66 0.77 0.72 0.984748
4 887.52 47.68 924.26 67.11 0.984135
4 788.49 112.24 814.08 139.50 0.984008
4 0.64 0.92 0.67 0.99 0.980717
4 504.13 0.39 504.15 0.44 0.979664
4 815.55 118.11 843.71 147.03 0.979536
4 699.99 503.49 723.74 550.91 0.978369
4 686.63 133.32 701.68 147.59 0.977572
4 504.43 0.06 504.47 0.09 0.977262
4 504.02 0.52 504.05 0.56 0.976969
4 0.77 0.17 0.78 0.19 0.976968
4 0.69 0.39 0.71 0.44 0.976521
4 624.23 172.21 641.04 206.15 0.972669
4 651.96 208.56 670.00 249.36 0.971560
5 504.23 0.18 504.26 0.25 0.971549
5 0.61 0.24 0.65 0.35 0.970870
4 504.07 0.92 504.11 0.99 0.969429
4 0.88 0.14 0.91 0.18 0.969413
4 839.53 61.07 872.47 84.06 0.966082
4 690.54 285.12 707.99 324.11 0.965680
4 504.05 0.87 504.08 0.94 0.963296
4 815.12 80.35 841.98 105.94 0.961678
4 770.89 32.99 797.64 44.55 0.958515
4 504.32 0.14 504.35 0.18 0.957330
4 841.23 86.47 877.22 117.95 0.954393
4 545.80 681.12 576.03 738.62 0.953824
4 504.18 0.66 504.21 0.72 0.952759
4 0.61 0.87 0.64 0.94 0.950094
4 0.91 0.15 0.94 0.19 0.948321
4 570.18 722.72 600.70 781.86 0.946219
6 713.75 139.73 738.34 198.49 0.944350
4 0.70 0.22 0.71 0.26 0.939927
4 504.20 0.17 504.22 0.19 0.939155
4 504.22 0.64 504.25 0.70 0.935537
4 504.13 0.22 504.15 0.26 0.931556
4 504.38 0.11 504.41 0.15 0.930646
4 74.88 616.66 142.63 650.72 0.928932
4 109.38 674.66 166.27 703.54 0.928373
4 105.47 642.02 175.65 676.43 0.925331
4 533.42 236.23 546.95 268.52 0.923128
4 0.75 0.18 0.76 0.20 0.920165
4 504.35 0.15 504.38 0.18 0.917609
4 0.99 0.06 1.00 0.09 0.915076
4 0.91 0.10 0.94 0.14 0.912005
4 0.77 0.36 0.79 0.41 0.909982
4 504.24 0.23 504.26 0.25 0.906949
4 504.16 0.26 504.19 0.32 0.905161
4 504.35 0.10 504.38 0.14 0.904528
4 504.21 0.36 504.23 0.41 0.901738
4 0.94 0.11 0.98 0.15 0.882580
4 0.78 0.64 0.81 0.70 0.880250
4 0.73 0.26 0.75 0.32 0.879142
4 124.25 553.77 189.03 584.26 0.873721
4 404.12 309.24 424.57 353.25 0.863117
4 504.38 0.08 504.41 0.11 0.862026
5 0.80 0.18 0.82 0.25 0.856110
4 718.14 181.30 735.65 197.46 0.839695
4 0.80 0.23 0.82 0.25 0.800072
4 959.02 45.30 987.59 56.22 0.794445
4 0.60 0.30 0.61 0.35 0.789343
4 504.19 0.19 504.20 0.20 0.785598
4 504.16 0.29 504.18 0.32 0.750921
4 657.57 493.03 669.63 524.72 0.740402
1 1006.49 136.85 1015.09 151.17 0.718035
4 0.12 0.82 0.20 0.86 0.696304
4 0.08 0.78 0.16 0.83 0.675677
4 0.12 0.86 0.19 0.89 0.657610
4 504.30 0.04 504.33 0.06 0.617783
4 504.03 0.30 504.05 0.34 0.600104
4 504.19 0.24 504.20 0.27 0.582553
4 504.30 0.08 504.31 0.09 0.571227
4 504.13 0.24 504.15 0.26 0.548136
4 0.74 0.88 0.78 0.98 0.536024
3 504.00 0.85 504.02 0.88 0.525652
4 0.94 0.08 0.97 0.11 0.515593
4 0.35 0.10 0.37 0.12 0.491400
6 504.32 0.01 504.37 0.04 0.486286
4 504.17 0.63 504.18 0.67 0.482261
6 0.47 0.85 0.55 1.00 0.481823
4 0.73 0.29 0.75 0.32 0.481670
9 504.18 0.88 504.22 0.98 0.466318
4 0.95 0.08 0.97 0.10 0.454771
1 504.56 0.17 504.57 0.19 0.448695
1 504.76 0.98 504.78 1.00 0.434704
4 0.86 0.04 0.89 0.06 0.403495
1 504.71 0.98 504.72 0.99 0.366527
4 0.58 0.11 0.60 0.12 0.325577
3 0.75 0.21 0.77 0.24 0.324588
