4 0.79 0.12 0.81 0.15 0.999267
4 704.54 97.27 728.94 119.65 0.999106
4 504.01 0.18 504.03 0.21 0.998205
4 514.63 145.66 534.89 167.04 0.997986
4 0.57 0.18 0.60 0.21 0.997936
5 466.97 420.97 522.86 565.45 0.997706
4 504.04 0.32 504.06 0.36 0.997399
4 0.56 0.13 0.58 0.15 0.996894
4 537.05 251.76 559.97 280.13 0.996839
4 497.58 98.34 516.43 118.52 0.996828
4 504.22 0.12 504.25 0.15 0.995966
4 604.45 289.38 629.90 323.02 0.995076
5 504.00 0.21 504.02 0.33 0.994601
4 504.00 0.13 504.01 0.15 0.994403
5 0.52 0.53 0.58 0.72 0.994383
4 504.10 0.57 504.11 0.60 0.992679
4 0.60 0.32 0.62 0.36 0.992542
4 584.90 596.40 618.58 662.56 0.992459
4 531.93 523.40 563.29 578.97 0.992285
6 654.09 179.83 692.16 262.26 0.992070
5 504.17 0.23 504.21 0.33 0.990068
4 0.68 0.37 0.70 0.41 0.986869
4 504.11 0.37 504.14 0.41 0.986271
4 0.66 0.57 0.67 0.60 0.980417
4 494.54 233.76 522.92 257.46 0.976070
5 409.62 196.19 457.77 262.13 0.973313
6 0.54 0.21 0.58 0.33 0.970808
5 0.73 0.23 0.77 0.33 0.968997
6 0.75 0.19 0.79 0.29 0.966018
4 0.65 0.76 0.69 0.84 0.962215
5 670.65 150.94 707.47 227.05 0.961410
4 490.32 213.87 519.12 243.25 0.957152
3 504.69 0.95 504.71 0.98 0.956490
2 305.28 400.11 354.39 503.32 0.955859
1 591.16 450.65 602.36 473.49 0.951522
4 504.09 0.76 504.13 0.84 0.947757
6 504.00 0.53 504.02 0.71 0.936543
4 504.03 0.66 504.07 0.73 0.932887
4 0.59 0.66 0.63 0.73 0.916167
6 486.13 168.63 521.87 257.87 0.911825
6 504.19 0.19 504.23 0.29 0.910662
2 84.74 711.86 106.16 757.22 0.898341
2 1123.49 729.22 1140.16 771.82 0.881198
4 0.55 0.30 0.58 0.33 0.879778
3 1123.26 748.24 1137.78 772.38 0.857653
5 0.46 0.25 0.51 0.33 0.842774
4 468.60 512.12 515.00 564.27 0.830770
3 84.48 730.93 106.40 757.83 0.811714
4 418.08 158.11 434.05 170.33 0.807014
4 504.00 0.65 504.01 0.71 0.788413
2 1043.14 554.26 1053.73 577.06 0.784339
4 604.58 137.82 627.14 166.99 0.782656
6 260.75 158.00 370.53 234.85 0.779838
1 504.67 0.81 504.69 0.84 0.776605
4 504.55 0.42 504.57 0.44 0.769461
3 406.00 607.23 424.15 636.30 0.758383
2 965.44 179.91 975.09 198.52 0.757963
1 504.60 0.70 504.61 0.73 0.709113
2 957.31 183.58 965.16 199.94 0.703145
1 504.68 0.74 504.69 0.76 0.696417
2 1107.55 641.50 1120.29 661.09 0.688097
3 591.45 455.85 602.11 473.92 0.683262
1 504.68 0.93 504.69 0.96 0.656530
3 504.10 0.58 504.11 0.60 0.645027
2 1094.46 647.06 1106.65 666.52 0.623346
2 284.24 554.23 295.83 576.17 0.621445
6 504.54 0.52 504.60 0.62 0.620689
4 504.00 0.27 504.02 0.32 0.616524
1 1074.91 611.44 1087.76 632.55 0.593063
1 504.63 0.83 504.64 0.85 0.580873
2 504.69 0.93 504.71 0.98 0.571424
6 0.34 0.24 0.41 0.30 0.565509
1 1085.54 738.11 1094.80 754.22 0.564972
5 504.45 0.40 504.49 0.42 0.544085
2 1070.72 651.06 1078.66 666.18 0.543610
2 1111.52 730.50 1124.18 755.18 0.531953
2 1030.10 541.41 1041.44 562.24 0.528871
6 504.20 0.62 504.22 0.68 0.526199
1 0.10 0.90 0.11 0.93 0.506017
1 504.65 0.94 504.66 0.96 0.495234
1 0.12 0.89 0.14 0.95 0.482643
1 504.59 0.69 504.60 0.71 0.468933
6 0.29 0.20 0.41 0.30 0.440944
1 504.66 0.82 504.67 0.85 0.434620
2 504.74 0.89 504.75 0.91 0.418318
1 0.45 0.36 0.46 0.39 0.417032
2 0.44 0.37 0.45 0.39 0.400889
2 504.64 0.78 504.65 0.80 0.389460
2 0.09 0.90 0.12 0.96 0.361416
2 504.14 0.21 504.15 0.25 0.327282
1 0.09 0.93 0.12 0.96 0.305122
1 0.53 0.43 0.54 0.46 0.299301
2 0.09 0.89 0.14 0.96 0.293823
2 0.44 0.36 0.46 0.40 0.289404
2 0.06 0.73 0.09 0.76 0.287304
2 0.45 0.77 0.47 0.80 0.267923
