4 404.10 684.09 461.73 741.70 0.999751
4 0.45 0.87 0.51 0.94 0.998897
4 243.24 615.15 311.02 651.87 0.997498
4 92.25 597.16 160.48 631.65 0.996807
4 548.51 734.61 606.28 766.35 0.995230
4 0.10 0.76 0.18 0.80 0.993892
5 1092.34 558.85 1187.47 692.19 0.992986
4 0.61 0.93 0.68 0.97 0.988420
4 172.17 495.74 228.58 537.57 0.987318
6 0.78 0.15 0.83 0.27 0.986693
4 0.89 0.18 0.92 0.24 0.985642
4 795.04 146.90 829.42 185.80 0.984632
4 225.08 67.07 261.29 109.82 0.984529
4 0.33 0.20 0.37 0.25 0.984326
6 1036.39 423.42 1115.99 541.43 0.977366
6 0.64 0.14 0.69 0.27 0.977206
4 782.40 295.30 814.47 343.29 0.975371
4 504.32 0.18 504.36 0.24 0.974731
5 504.66 0.71 504.76 0.88 0.973863
4 740.67 167.83 768.77 206.33 0.973101
4 93.90 509.03 148.54 541.77 0.972626
4 205.07 109.96 245.31 160.71 0.972378
4 293.35 158.25 327.00 197.33 0.970278
4 795.89 228.41 822.59 271.46 0.968100
6 504.22 0.15 504.27 0.27 0.967897
6 504.08 0.13 504.14 0.27 0.965613
4 676.12 206.63 710.14 251.53 0.963913
4 241.91 471.03 284.93 503.54 0.961353
4 0.76 0.26 0.79 0.32 0.961096
4 504.05 0.93 504.11 0.97 0.961055
4 504.17 0.00 504.19 0.04 0.960769
4 0.27 0.78 0.35 0.83 0.960739
4 504.33 0.29 504.36 0.34 0.956246
4 0.25 0.09 0.29 0.14 0.953319
4 683.73 8.92 708.43 40.03 0.948998
4 504.20 0.01 504.23 0.05 0.943203
4 763.16 220.87 791.32 271.71 0.939001
1 993.60 635.43 1031.08 709.77 0.938954
4 0.23 0.14 0.27 0.20 0.933865
6 504.59 0.54 504.68 0.69 0.929169
4 0.89 0.29 0.92 0.34 0.925663
4 0.83 0.21 0.86 0.26 0.924414
4 504.26 0.21 504.30 0.26 0.919491
6 699.88 122.08 746.73 211.15 0.912720
4 504.20 0.26 504.23 0.32 0.911155
4 760.55 327.98 790.48 378.91 0.907871
4 230.48 4.38 260.82 38.77 0.899946
4 654.01 0.15 677.40 30.96 0.897885
4 0.85 0.28 0.88 0.34 0.895782
4 0.87 0.37 0.91 0.44 0.891156
6 573.83 107.53 621.25 209.56 0.887692
4 0.76 0.01 0.79 0.05 0.882847
4 504.31 0.37 504.35 0.44 0.878348
4 0.11 0.65 0.17 0.69 0.863221
4 0.26 0.00 0.29 0.05 0.860612
4 0.19 0.63 0.26 0.68 0.857228
4 504.29 0.28 504.32 0.34 0.856386
4 383.02 23.25 428.20 50.80 0.845354
4 0.51 0.03 0.54 0.07 0.839120
4 1160.71 435.52 1201.92 473.01 0.826303
6 607.11 386.16 647.40 476.75 0.825436
4 0.27 0.60 0.31 0.64 0.821479
4 45.32 532.74 72.39 558.39 0.817171
4 504.29 0.42 504.32 0.48 0.813828
4 0.34 536.78 52.67 572.37 0.806317
4 0.73 0.00 0.76 0.04 0.790242
6 736.64 249.66 771.63 312.73 0.786445
4 0.77 0.11 0.79 0.15 0.766579
4 676.17 50.98 695.43 69.63 0.759949
4 0.85 0.42 0.88 0.48 0.759448
4 504.19 0.06 504.21 0.09 0.758213
6 629.66 318.06 663.47 374.53 0.737465
4 511.56 0.00 533.48 12.96 0.729162
4 287.13 404.04 328.34 426.94 0.724118
4 224.13 244.89 256.87 271.73 0.724073
4 318.06 590.81 348.58 609.51 0.719288
6 571.63 676.75 603.09 726.05 0.695349
4 504.73 0.55 504.78 0.60 0.679537
5 504.11 0.49 504.16 0.61 0.677785
6 504.26 0.32 504.30 0.40 0.677275
4 349.11 79.22 380.99 103.84 0.663584
6 690.47 88.15 715.33 127.47 0.657819
4 0.17 0.04 0.21 0.09 0.654714
4 504.21 0.11 504.23 0.14 0.654525
4 504.20 0.09 504.22 0.11 0.653080
5 504.07 0.86 504.11 0.92 0.652643
6 504.24 0.27 504.28 0.33 0.650991
4 504.09 0.20 504.13 0.27 0.629808
6 504.14 0.40 504.18 0.48 0.629030
4 225.79 770.13 297.56 787.70 0.614408
4 504.19 0.06 504.22 0.11 0.610437
4 0.83 0.33 0.86 0.40 0.606547
4 504.31 0.37 504.34 0.41 0.596182
6 504.66 0.71 504.75 0.85 0.595978
4 504.52 0.73 504.55 0.78 0.585890
4 0.17 0.12 0.21 0.17 0.578474
4 504.32 0.09 504.34 0.11 0.575809
4 0.70 0.40 0.74 0.48 0.544708
4 0.05 0.68 0.08 0.71 0.526482
4 0.81 0.27 0.84 0.33 0.519632
4 0.43 0.03 0.48 0.06 0.505985
4 504.59 0.19 504.62 0.21 0.485589
9 675.98 51.06 700.59 88.49 0.471196
9 802.51 373.08 836.93 464.11 0.452752
4 0.25 0.31 0.29 0.34 0.437664
4 0.00 0.68 0.06 0.73 0.397411
4 0.75 0.06 0.78 0.09 0.397376
4 0.57 -0.00 0.61 0.02 0.372598
4 0.19 0.64 0.23 0.68 0.354296
9 504.25 0.28 504.28 0.33 0.324928
9 722.75 208.44 752.44 261.89 0.299677
