1 0.55 0.82 0.58 0.87 0.998099
4 0.67 0.61 0.71 0.68 0.998020
4 0.67 154.44 0.71 154.51 0.996354
4 597.20 544.06 633.82 608.31 0.995983
7 0.65 0.75 0.69 0.83 0.995560
4 504.10 0.61 504.15 0.68 0.995308
4 705.98 865.46 840.07 946.20 0.995103
2 0.55 154.65 0.58 154.70 0.994025
4 504.10 154.44 504.15 154.51 0.990068
4 0.57 0.51 0.61 0.57 0.989782
4 511.75 459.72 547.83 509.65 0.989774
4 691.05 816.98 817.33 882.19 0.989203
7 0.65 154.58 0.69 154.66 0.987942
7 504.09 0.75 504.13 0.83 0.986896
4 504.01 0.51 504.05 0.57 0.986687
7 504.09 154.58 504.13 154.66 0.986582
4 0.57 154.34 0.61 154.40 0.983142
4 587.32 673.84 619.21 744.52 0.979322
2 504.00 154.65 504.02 154.70 0.979087
4 711.42 968.09 759.22 1038.84 0.977955
4 504.01 154.34 504.05 154.40 0.976928
1 496.60 738.50 519.57 778.18 0.976370
4 505.06 429.30 543.27 476.54 0.974808
4 549.41 249.10 567.72 267.87 0.974648
2 486.04 737.96 524.56 791.91 0.969817
4 0.61 0.28 0.63 0.30 0.963127
4 504.05 0.19 504.06 0.21 0.962775
2 0.53 154.74 0.56 154.79 0.960636
4 553.52 335.89 578.99 362.60 0.958295
4 504.06 0.38 504.08 0.41 0.957751
4 0.62 0.38 0.65 0.41 0.954989
4 582.79 169.41 597.43 186.06 0.952428
4 0.56 154.31 0.61 154.36 0.949725
4 663.33 681.20 700.57 720.21 0.949511
4 545.78 170.83 560.55 184.76 0.948423
4 0.69 0.36 0.71 0.39 0.945899
4 0.62 154.20 0.65 154.23 0.944370
4 613.80 319.22 639.38 345.94 0.942740
4 0.79 154.79 0.94 154.88 0.941853
4 553.18 279.52 567.86 300.38 0.936878
4 606.28 295.12 630.03 318.96 0.935475
4 628.30 479.30 693.60 512.39 0.934202
4 0.61 154.11 0.63 154.13 0.933268
4 504.09 0.19 504.10 0.21 0.932717
4 601.08 246.36 622.12 269.91 0.925736
4 504.00 0.48 504.04 0.53 0.919235
4 0.74 154.59 0.79 154.64 0.918561
4 0.79 154.91 0.85 154.98 0.909051
4 600.27 270.55 620.71 290.96 0.907562
4 861.37 501.08 889.34 545.87 0.907491
4 0.68 154.16 0.70 154.19 0.903018
2 581.53 307.52 592.43 329.12 0.901527
2 471.34 816.42 497.96 857.75 0.898154
4 0.56 0.48 0.61 0.53 0.896714
4 504.21 0.91 504.35 0.99 0.896063
4 0.61 0.19 0.63 0.21 0.895365
4 504.05 0.28 504.07 0.30 0.894073
4 0.77 0.91 0.91 0.99 0.891182
2 0.53 0.92 0.56 0.96 0.890952
4 548.30 204.15 565.39 224.01 0.890298
4 504.23 154.79 504.37 154.88 0.878913
3 504.00 154.67 504.01 154.71 0.875722
4 0.68 154.18 0.71 154.21 0.874743
4 504.06 154.20 504.08 154.23 0.871942
4 0.74 0.76 0.78 0.81 0.870134
4 504.05 154.11 504.07 154.13 0.865067
4 504.19 0.82 504.23 0.86 0.862300
4 504.00 154.31 504.04 154.36 0.860831
4 0.76 0.82 0.79 0.86 0.852655
4 504.23 154.91 504.29 154.98 0.852020
4 0.62 0.31 0.63 0.33 0.851961
5 514.32 316.88 578.59 364.54 0.847841
4 586.41 185.46 635.09 226.36 0.846205
4 504.05 154.02 504.06 154.03 0.845104
4 504.05 0.23 504.07 0.25 0.844903
4 677.65 736.27 706.02 770.32 0.843692
4 0.77 154.74 0.91 154.81 0.843593
4 0.61 154.06 0.63 154.08 0.837868
4 504.09 154.02 504.11 154.04 0.837145
4 504.05 0.31 504.07 0.33 0.826594
4 662.67 671.77 774.73 721.56 0.826220
4 0.65 154.02 0.67 154.04 0.824249
4 0.76 154.65 0.79 154.69 0.810877
4 504.12 0.36 504.15 0.39 0.808613
4 667.55 734.39 797.49 826.60 0.797078
4 0.67 0.27 0.69 0.30 0.790062
4 0.65 0.19 0.67 0.21 0.788389
4 656.29 616.54 759.47 681.88 0.786853
4 644.51 496.63 720.11 545.57 0.784469
4 699.96 551.87 770.83 588.97 0.779907
3 504.00 154.66 504.03 154.71 0.777784
4 504.18 0.76 504.22 0.80 0.771581
6 0.65 154.03 0.71 154.08 0.769494
4 504.05 0.21 504.06 0.23 0.767524
4 0.67 154.10 0.69 154.13 0.764591
4 504.11 0.33 504.14 0.36 0.764017
4 587.51 238.77 598.86 254.67 0.754329
4 504.05 154.06 504.07 154.08 0.754047
4 0.62 154.14 0.63 154.16 0.749502
4 504.11 154.10 504.13 154.13 0.746217
4 546.32 192.03 561.47 206.95 0.743139
4 504.21 154.74 504.35 154.81 0.735787
4 504.12 154.18 504.15 154.21 0.732711
4 504.11 0.30 504.13 0.32 0.731877
4 504.19 154.65 504.23 154.69 0.728736
6 504.09 154.04 504.14 154.08 0.723063
5 0.65 0.21 0.71 0.25 0.722258
4 504.05 154.04 504.06 154.06 0.718661
4 504.11 154.16 504.14 154.19 0.717198
4 504.11 0.28 504.13 0.30 0.716526
4 0.61 0.23 0.63 0.25 0.715321
4 0.68 0.33 0.70 0.35 0.715113
4 504.05 154.14 504.07 154.16 0.698621
4 949.42 559.31 991.68 584.71 0.696657
2 446.85 700.87 471.81 739.95 0.692590
2 661.16 586.20 683.23 612.85 0.664921
4 504.18 154.59 504.23 154.63 0.657135
4 504.28 0.75 504.30 0.80 0.655866
4 0.67 0.30 0.69 0.32 0.639929
4 504.11 154.13 504.13 154.15 0.636902
4 504.11 0.23 504.13 0.25 0.631895
2 0.65 0.34 0.66 0.37 0.613158
4 0.61 154.02 0.63 154.03 0.610058
4 504.14 154.36 504.21 154.40 0.608732
4 504.14 0.53 504.21 0.57 0.603571
2 504.09 154.17 504.10 154.19 0.592350
4 504.40 154.39 504.43 154.43 0.591341
4 0.67 154.13 0.69 154.15 0.581753
3 0.65 0.35 0.66 0.37 0.576131
4 504.16 154.40 504.24 154.44 0.574150
4 0.61 0.21 0.63 0.23 0.562415
6 504.09 0.21 504.14 0.25 0.558302
4 504.18 154.58 504.30 154.64 0.556354
4 0.61 154.04 0.63 154.06 0.555271
4 504.18 0.66 504.20 0.68 0.552235
4 504.24 0.97 504.38 1.00 0.550861
4 504.18 0.75 504.30 0.81 0.549905
4 504.09 154.09 504.11 154.11 0.547547
4 504.18 154.68 504.28 154.75 0.546667
4 504.16 154.38 504.24 154.42 0.541835
4 0.50 154.08 0.54 154.11 0.524484
4 504.22 154.44 504.30 154.48 0.518845
4 504.18 154.49 504.20 154.51 0.517541
4 0.70 154.36 0.78 154.40 0.516005
4 0.72 154.40 0.80 154.44 0.513083
2 0.65 154.17 0.66 154.19 0.512205
2 504.00 0.83 504.02 0.87 0.511261
4 0.66 0.27 0.67 0.28 0.505588
4 504.00 154.12 504.03 154.13 0.501000
4 504.17 154.47 504.26 154.51 0.497087
4 504.16 0.46 504.20 0.48 0.494247
4 504.16 0.58 504.24 0.61 0.489987
4 504.17 0.69 504.28 0.76 0.488072
4 0.80 0.97 0.94 1.00 0.485355
4 0.70 0.53 0.77 0.57 0.485153
3 0.50 0.93 0.53 1.00 0.471116
4 504.16 0.55 504.24 0.59 0.466690
4 0.67 0.23 0.69 0.25 0.462330
4 0.72 154.38 0.80 154.42 0.457075
4 504.14 0.27 504.16 0.28 0.456476
2 0.54 154.75 0.56 154.79 0.434931
3 504.09 154.18 504.10 154.20 0.430367
2 504.17 154.26 504.21 154.29 0.429808
2 504.19 154.26 504.21 154.29 0.420983
4 0.72 0.57 0.80 0.61 0.417142
3 0.65 154.18 0.66 154.20 0.416638
2 504.17 154.27 504.19 154.29 0.407932
2 0.50 154.61 0.53 154.65 0.396772
4 0.75 154.69 0.84 154.75 0.396439
4 0.74 0.75 0.86 0.81 0.396326
9 504.89 0.00 505.00 0.08 0.395623
2 504.09 0.34 504.10 0.37 0.392659
4 0.66 0.23 0.68 0.25 0.388281
6 504.00 154.00 504.05 154.19 0.383111
2 0.53 154.74 0.54 154.78 0.378764
4 0.74 0.66 0.76 0.68 0.371174
2 0.76 154.26 0.77 154.29 0.365684
4 0.78 154.44 0.86 154.48 0.365265
4 0.50 0.26 0.54 0.29 0.365019
4 0.73 154.28 0.76 154.31 0.359894
4 0.74 154.58 0.86 154.64 0.355649
4 0.74 0.64 0.84 0.69 0.353928
4 0.56 154.10 0.59 154.13 0.352131
4 0.74 154.47 0.82 154.51 0.347284
2 0.50 0.79 0.53 0.83 0.328837
4 0.72 0.55 0.80 0.59 0.328490
4 0.72 0.46 0.76 0.48 0.315574
