1 83.91 352.91 108.28 395.48 0.984858
1 339.06 315.35 378.50 389.51 0.948487
1 100.07 363.03 135.65 403.79 0.913736
1 465.17 281.95 491.88 344.34 0.897753
1 27.24 219.71 44.67 265.16 0.889003
2 99.94 362.71 135.29 403.77 0.833992
1 777.60 227.29 795.69 276.93 0.820407
1 879.24 322.64 937.51 398.24 0.793829
2 84.00 352.69 108.00 395.25 0.721086
2 116.02 168.36 129.71 184.18 0.720439
2 636.97 243.63 657.00 271.30 0.714459
2 404.52 261.22 424.01 318.86 0.714141
2 101.19 210.98 134.61 253.21 0.707626
2 339.11 315.16 378.17 389.35 0.706628
2 600.54 242.09 616.79 265.67 0.690219
2 777.66 226.96 795.30 276.85 0.689684
2 119.78 213.32 139.71 252.36 0.667464
2 429.76 211.10 448.38 238.00 0.660339
2 614.19 238.89 631.99 267.07 0.653460
2 236.99 240.40 255.15 264.70 0.646412
1 936.05 192.66 951.38 223.76 0.641337
2 544.20 227.39 563.33 255.27 0.639560
2 563.95 212.25 582.54 253.83 0.612402
2 556.97 225.00 581.26 273.17 0.599390
2 175.44 210.23 196.86 259.01 0.590491
2 344.58 205.03 360.63 239.52 0.587208
2 666.89 166.39 678.28 193.92 0.575699
2 190.57 195.64 207.52 235.19 0.573185
2 27.32 219.76 44.60 265.12 0.562891
3 358.46 207.77 393.64 237.61 0.560178
2 935.53 192.28 951.10 223.72 0.556040
2 209.16 201.08 224.14 246.42 0.532904
2 580.68 180.41 596.54 219.58 0.532833
2 375.30 161.69 386.66 192.06 0.528346
2 664.45 185.85 677.60 219.69 0.524901
2 327.01 208.13 346.10 243.31 0.521200
2 526.08 223.29 545.74 277.01 0.520712
2 406.33 228.55 422.09 267.08 0.514430
2 454.46 181.38 465.33 208.45 0.507842
2 467.53 189.75 480.38 224.50 0.499384
2 632.15 168.69 644.34 183.89 0.497868
2 137.07 207.06 158.28 268.51 0.488958
2 475.90 226.71 496.88 280.44 0.486759
2 610.87 177.23 626.58 215.98 0.484447
2 465.15 281.95 491.50 344.18 0.483988
2 32.10 155.43 685.59 403.60 0.473861
2 306.83 159.46 681.02 389.50 0.463288
2 330.51 254.61 355.22 314.81 0.460029
2 425.27 173.16 494.71 233.08 0.457514
2 202.59 141.83 214.04 168.97 0.441832
2 481.49 177.91 493.67 215.13 0.438787
2 101.02 195.16 224.89 268.95 0.425227
9 162.32 85.27 270.06 111.10 0.418470
2 1.58 156.84 13.38 187.50 0.413939
2 383.97 166.24 395.61 194.04 0.410965
2 311.49 250.22 331.89 306.83 0.407379
2 560.30 173.15 572.77 210.71 0.406981
9 132.84 85.17 270.31 138.27 0.404909
2 312.79 262.88 333.87 323.00 0.403260
2 442.85 180.33 456.98 215.88 0.401511
2 31.23 133.36 41.47 155.73 0.394626
2 324.00 240.64 338.05 263.87 0.387640
7 356.92 207.34 394.36 238.64 0.382560
2 520.99 191.49 539.06 233.85 0.378841
3 319.81 202.90 394.56 243.47 0.362028
2 598.42 167.20 612.65 201.44 0.349436
2 425.37 189.97 436.78 226.94 0.345002
1 935.40 191.94 951.87 224.36 0.337984
1 1.05 156.15 14.08 187.81 0.334511
2 232.12 158.33 240.44 177.60 0.328391
10 299.15 164.92 348.46 220.43 0.319741
1 403.50 260.81 424.90 319.73 0.307068
1 236.62 240.04 255.70 264.92 0.285078
1 231.12 157.66 241.23 178.43 0.281007
1 528.49 166.60 548.41 186.46 0.280664
1 208.54 200.63 224.75 246.52 0.259314
1 114.85 167.26 130.99 185.24 0.256128
1 330.91 254.22 356.03 314.97 0.255877
2 330.52 141.78 338.20 158.62 0.252624
2 36.31 148.81 46.66 169.28 0.250312
1 475.54 226.28 497.36 279.67 0.248081
7 450.78 139.03 495.64 168.18 0.244542
3 84.11 132.34 101.14 147.91 0.244174
10 300.46 165.24 346.89 209.18 0.244128
1 663.67 184.06 678.60 219.97 0.243617
9 132.70 84.63 270.21 123.72 0.241130
9 132.77 84.74 270.22 110.49 0.239902
2 311.22 249.87 333.78 322.95 0.236054
7 453.50 141.77 493.25 165.39 0.233812
9 161.73 85.54 270.22 131.79 0.232246
1 329.49 141.02 339.02 159.01 0.230442
1 35.74 148.49 47.49 169.61 0.229732
10 293.43 158.88 356.00 227.07 0.228472
1 137.00 207.60 158.98 268.78 0.227809
1 201.81 141.23 214.82 168.50 0.227510
3 358.25 215.44 393.62 237.62 0.224894
1 405.89 227.96 422.83 267.51 0.221767
1 100.82 210.81 132.35 253.16 0.218836
1 30.68 133.00 42.09 156.66 0.215303
1 560.01 172.96 573.58 211.04 0.213801
2 519.90 191.77 539.68 248.20 0.212837
2 304.36 160.25 312.90 173.71 0.211855
1 303.26 159.43 313.62 173.76 0.211170
1 312.28 262.29 335.01 323.17 0.210555
7 455.39 142.62 483.33 162.32 0.208391
1 556.71 222.43 582.25 274.27 0.208325
6 299.40 164.95 348.43 221.16 0.208121
1 580.38 179.83 597.05 219.77 0.208053
3 456.19 143.94 493.54 163.21 0.205529
7 304.36 194.86 396.02 244.90 0.201335
7 316.71 194.97 349.94 223.14 0.199670
1 1.60 156.76 13.42 187.46 0.195203
1 481.12 177.51 494.22 215.58 0.194970
2 21.34 154.24 945.41 404.91 0.189834
4 594.64 153.36 608.20 163.50 0.189744
10 259.10 153.10 350.41 282.20 0.185226
3 80.85 129.38 104.85 149.90 0.180844
1 666.42 166.72 679.14 194.36 0.179976
1 519.17 191.01 539.93 248.04 0.174015
1 374.58 160.19 387.01 191.50 0.173515
1 610.56 176.56 627.48 216.61 0.172350
1 310.68 249.12 332.46 307.81 0.170979
1 344.18 204.59 361.04 239.70 0.170899
1 467.16 189.50 481.00 225.38 0.170787
1 630.97 167.98 645.06 184.29 0.170181
3 357.35 215.20 394.43 238.87 0.169570
1 563.55 211.82 583.33 254.28 0.168865
1 429.80 210.76 448.86 238.34 0.166588
7 318.05 199.69 395.27 243.94 0.165999
10 476.99 121.43 610.40 177.02 0.165124
3 568.56 150.37 609.72 174.13 0.164921
1 243.36 201.44 254.86 212.93 0.159690
10 615.66 126.36 959.02 201.71 0.158933
1 382.92 166.04 396.23 194.71 0.155038
1 424.94 189.73 437.45 227.49 0.150397
1 54.38 118.19 66.70 141.95 0.150271
3 527.32 168.73 552.95 186.61 0.150001
4 445.73 133.97 501.76 174.23 0.148431
1 454.30 180.97 465.91 208.82 0.144613
1 323.40 240.24 338.70 264.34 0.144410
1 598.06 167.53 613.44 201.96 0.143923
2 309.22 240.25 357.62 323.73 0.142946
1 528.97 162.54 539.89 185.93 0.142087
10 82.64 120.87 108.24 148.25 0.141326
1 82.40 351.30 136.30 404.91 0.141064
1 486.42 217.14 501.51 245.74 0.140400
1 428.56 210.18 455.20 239.81 0.140344
1 317.43 196.64 335.20 222.50 0.137862
2 23.59 193.80 230.47 272.94 0.137849
7 300.56 194.18 350.29 222.59 0.137708
2 4.23 132.05 953.55 529.49 0.134122
3 525.54 164.11 558.03 187.62 0.132177
1 442.93 180.27 456.97 216.04 0.132008
3 677.53 163.61 696.67 179.27 0.131954
1 618.43 171.49 631.29 203.66 0.130769
10 521.83 128.70 586.99 185.10 0.129619
1 30.49 132.62 47.76 169.48 0.126934
1 296.58 159.10 313.94 195.17 0.126362
1 266.57 150.82 277.79 160.98 0.126152
10 557.67 124.26 613.19 175.97 0.125590
10 162.80 83.72 270.99 109.79 0.125166
1 374.94 160.71 386.17 182.74 0.124542
1 323.95 207.10 346.83 243.49 0.124052
1 433.06 163.76 444.31 183.54 0.123843
1 142.06 129.61 152.57 150.53 0.123632
10 131.93 82.56 271.27 110.93 0.122868
10 260.13 152.63 348.28 208.03 0.122390
6 557.91 124.28 597.83 174.93 0.121802
10 259.92 154.78 350.24 219.99 0.121024
3 322.02 213.82 394.37 242.03 0.119568
1 111.78 165.24 134.46 187.90 0.119431
1 200.42 139.63 216.45 175.18 0.117360
1 595.71 165.83 607.94 200.12 0.117196
1 95.46 121.81 107.04 144.32 0.116926
1 193.92 120.11 204.61 146.17 0.115896
1 455.66 142.62 468.43 159.53 0.115700
10 322.09 213.33 361.21 242.86 0.115445
10 244.08 109.11 454.62 164.35 0.115286
10 592.92 151.55 609.54 168.14 0.112941
1 329.85 207.59 346.75 243.36 0.112898
3 454.67 146.62 493.40 164.41 0.110704
10 522.32 129.47 561.84 185.32 0.110656
10 477.07 121.63 579.02 184.51 0.110386
10 258.92 153.85 318.03 282.37 0.109730
2 23.82 126.14 686.36 412.65 0.107825
10 568.84 153.26 590.74 172.38 0.107811
10 522.13 124.51 609.97 181.13 0.107789
1 467.77 144.70 483.13 161.87 0.107492
1 9.88 151.74 952.72 402.81 0.105702
3 377.67 173.98 396.60 195.59 0.105398
2 65.74 153.78 804.47 410.48 0.105340
1 181.86 164.01 190.90 182.13 0.103732
2 416.45 163.35 681.26 278.88 0.102494
1 310.58 249.13 331.22 281.26 0.100994
1 546.17 150.57 556.42 173.15 0.100943
1 526.08 223.29 545.74 277.01 0.056416
1 600.54 242.09 616.79 265.67 0.039591
1 615.53 239.24 632.10 266.97 0.037345
1 544.44 227.62 563.12 255.55 0.035721
1 637.46 244.08 656.91 271.18 0.035543
1 175.44 210.23 196.86 259.01 0.033623
1 191.07 196.12 207.48 235.10 0.032374
1 520.99 191.49 539.06 233.85 0.028915
1 120.62 213.89 140.43 252.66 0.028891
