4 720.72 228.43 919.51 328.25 0.997886
1 617.66 228.99 640.40 289.56 0.976209
4 153.52 379.73 305.29 572.09 0.970212
4 794.02 104.85 879.33 200.14 0.930292
1 648.84 568.81 680.40 640.72 0.921528
1 652.57 85.59 672.68 140.04 0.822857
1 633.64 286.20 656.46 342.73 0.819503
1 674.20 298.50 698.01 363.85 0.815757
3 535.50 396.81 564.04 457.69 0.699379
1 756.83 634.14 785.19 702.78 0.655920
4 776.62 25.16 833.57 64.11 0.585216
2 607.64 521.13 640.51 594.18 0.527838
7 794.36 104.08 878.18 200.02 0.517959
4 768.69 0.28 833.85 68.60 0.504249
2 633.65 286.10 656.52 342.40 0.498959
2 536.94 377.11 570.94 430.65 0.480284
2 667.43 488.11 696.30 540.52 0.457107
3 436.86 378.47 459.90 420.13 0.456785
7 695.57 86.99 733.32 167.80 0.446804
2 508.74 431.64 531.56 484.82 0.443455
2 653.03 522.36 686.57 585.31 0.427966
2 630.01 547.55 654.71 588.72 0.427796
2 433.92 359.59 453.52 400.72 0.422406
7 708.75 332.80 757.42 446.88 0.419970
2 679.58 128.55 703.72 186.55 0.418180
3 534.68 371.10 571.38 457.18 0.417682
2 391.77 533.56 418.79 592.88 0.413924
4 474.82 121.17 552.94 222.98 0.411056
7 720.57 228.40 919.41 327.87 0.405502
2 1168.20 453.36 1210.79 522.47 0.403895
2 647.04 0.16 663.04 31.35 0.395507
2 1129.44 457.96 1170.80 521.59 0.383802
2 746.81 353.34 775.10 409.51 0.377942
2 736.04 0.21 757.35 29.81 0.376533
2 502.38 477.17 527.23 534.14 0.375148
1 602.97 484.95 703.03 643.19 0.370875
10 473.09 119.21 554.39 223.84 0.364836
2 1129.22 429.96 1166.12 496.18 0.352338
2 673.43 48.69 696.91 99.85 0.347332
1 1123.28 426.29 1213.79 526.02 0.342287
2 619.61 0.16 635.81 43.24 0.337287
3 748.36 378.09 765.53 410.29 0.334602
2 1127.86 429.16 1211.19 523.48 0.332861
7 534.65 395.27 566.01 458.06 0.331984
2 606.40 0.09 621.33 39.88 0.331832
2 652.31 85.54 672.51 139.97 0.328031
10 41.48 1.18 381.40 476.00 0.326775
1 1169.03 453.11 1211.37 522.49 0.321244
4 718.01 223.26 922.36 331.74 0.310701
10 462.69 109.33 566.39 235.20 0.308102
1 1129.04 457.51 1172.05 522.10 0.301844
1 507.73 430.93 532.57 483.93 0.301808
1 1128.86 428.54 1166.92 495.26 0.299640
1 651.48 84.92 673.54 140.26 0.297439
2 1124.14 426.76 1213.74 526.14 0.284279
7 765.56 0.19 833.66 79.57 0.283521
2 652.49 1.16 757.64 187.04 0.280179
4 127.14 358.31 334.53 600.09 0.269376
7 772.27 87.11 882.82 203.10 0.264408
1 679.03 128.44 704.56 187.24 0.261870
3 527.55 365.86 578.75 462.71 0.237206
4 710.06 209.70 931.16 346.59 0.234111
3 533.29 372.07 573.62 458.17 0.227293
7 717.39 91.83 922.45 332.28 0.220563
1 613.10 225.42 702.07 365.77 0.214524
4 706.03 207.42 935.58 353.53 0.211769
2 720.72 43.71 741.78 92.25 0.211752
1 380.32 685.55 436.12 726.51 0.210329
2 562.74 8.00 580.43 40.76 0.206097
6 445.61 96.73 585.42 261.46 0.202705
3 534.18 394.38 569.87 458.48 0.202461
2 365.79 2.28 921.16 758.38 0.197872
3 514.35 356.10 598.44 481.55 0.196639
2 604.02 485.76 702.06 642.97 0.195941
7 743.96 643.46 769.21 693.28 0.195174
2 676.08 25.32 698.17 56.06 0.194763
1 433.30 359.41 454.67 401.43 0.194519
10 706.75 330.18 757.79 448.06 0.192748
3 768.09 85.32 815.84 170.39 0.191468
7 696.36 104.69 730.65 166.90 0.191414
2 549.03 377.33 571.24 429.71 0.191407
4 317.63 389.99 337.04 410.60 0.189742
3 748.77 367.37 776.23 410.61 0.186826
6 765.35 0.52 834.24 82.60 0.185024
2 1128.35 429.34 1166.87 521.50 0.184514
3 434.11 373.88 460.19 420.46 0.183507
3 693.88 86.59 734.18 166.97 0.183327
1 619.71 0.17 637.33 43.76 0.175638
1 646.58 0.21 664.18 31.80 0.175525
4 763.08 0.67 838.78 82.05 0.175135
1 719.93 42.93 742.16 91.79 0.174667
3 539.15 28.08 575.44 87.31 0.174377
10 380.73 686.38 407.46 715.32 0.166291
4 756.92 0.97 849.59 86.98 0.166247
4 698.98 199.68 942.81 367.48 0.165561
2 497.64 366.06 706.58 646.25 0.164271
10 699.52 323.41 762.80 468.20 0.160740
1 747.14 353.45 767.73 406.56 0.160554
1 561.51 6.41 581.01 42.13 0.158080
1 736.31 0.72 758.84 30.75 0.153990
10 1087.78 116.16 1150.71 236.42 0.150549
2 627.77 282.76 700.85 365.27 0.149559
7 695.32 86.57 733.88 150.17 0.149107
3 524.50 389.18 586.61 467.57 0.148931
2 371.77 216.27 551.94 759.96 0.147265
2 580.50 470.18 724.67 658.04 0.146337
2 645.57 2.98 763.08 206.01 0.145012
1 1133.22 428.53 1166.90 471.97 0.144128
1 548.50 376.55 572.51 428.21 0.144074
7 739.12 287.68 911.69 330.53 0.143054
1 716.43 336.35 735.20 363.73 0.142851
4 100.33 320.96 356.29 624.47 0.142189
1 604.72 0.18 622.48 40.45 0.141644
10 702.52 550.84 745.31 747.39 0.141179
2 594.79 4.28 806.08 755.37 0.138959
3 678.75 86.04 735.07 187.47 0.137765
1 398.76 668.89 437.06 727.54 0.137507
10 419.25 378.02 499.56 558.76 0.137461
1 675.26 24.72 701.05 56.68 0.137116
3 523.03 361.21 584.18 472.05 0.136036
2 670.87 15.33 745.99 101.01 0.135835
1 432.68 359.74 459.24 417.47 0.134982
3 767.26 85.12 810.11 118.72 0.133635
10 694.52 104.18 731.13 166.37 0.132203
1 754.01 632.99 786.56 703.12 0.131703
10 420.20 460.84 476.38 558.88 0.131229
10 702.03 325.54 753.70 754.53 0.131152
4 95.32 323.43 386.49 655.72 0.129097
10 262.79 144.07 385.14 473.13 0.128993
3 540.62 419.29 564.07 458.31 0.127267
2 507.32 4.09 895.60 752.71 0.127163
1 493.55 52.04 527.90 122.88 0.126483
2 489.14 3.36 816.90 755.70 0.126150
7 498.29 367.58 575.82 536.26 0.124103
2 610.52 6.47 758.52 365.25 0.123841
10 695.36 104.29 728.50 150.96 0.120461
10 535.81 26.03 574.72 128.88 0.119878
2 649.81 7.85 755.52 145.58 0.119575
1 493.76 78.90 517.21 123.50 0.119088
10 698.26 321.07 783.58 754.25 0.119001
2 477.35 2.82 919.09 755.60 0.117590
3 774.20 138.64 804.83 170.05 0.117369
4 120.62 348.85 339.50 615.00 0.117243
4 775.28 23.24 834.32 65.95 0.116718
10 716.46 398.56 756.80 446.20 0.115522
3 747.52 376.37 767.04 409.82 0.112866
6 449.09 101.95 584.56 254.20 0.112784
2 597.45 1.23 762.24 190.68 0.112523
2 613.67 226.01 701.16 365.52 0.110745
1 693.28 44.80 740.15 90.77 0.109755
2 48.10 2.97 926.10 757.26 0.108403
10 433.52 380.49 498.14 485.80 0.105983
3 1150.78 480.06 1175.35 514.90 0.105856
3 772.71 130.17 810.76 170.65 0.105848
2 668.46 1.48 759.91 102.46 0.105682
10 542.52 26.05 576.28 62.23 0.104533
3 435.24 376.17 460.68 419.70 0.104125
1 648.73 82.11 676.25 142.40 0.102971
6 475.25 121.25 547.20 203.96 0.100656
3 484.30 349.73 605.34 542.68 0.100575
1 630.69 548.70 654.06 588.70 0.037165
1 674.16 49.13 696.78 100.13 0.034161
1 746.81 353.34 775.10 409.51 0.034024
1 502.38 477.17 527.23 534.14 0.033016
1 1152.97 459.43 1176.50 512.76 0.032775
1 668.00 488.73 696.30 540.53 0.029891
1 392.27 533.98 418.81 592.78 0.028650
1 537.21 376.48 570.60 429.62 0.025658
1 398.56 486.83 429.34 547.59 0.024329
1 653.46 522.16 686.85 584.56 0.021406
1 532.56 4.23 580.67 48.81 0.020560
1 607.64 521.13 640.51 594.18 0.020538
