4 306.33 558.91 496.57 637.88 0.995914
4 774.66 515.70 877.75 596.53 0.992566
4 31.22 764.90 284.40 903.76 0.989952
9 962.42 586.07 1399.46 835.96 0.982447
4 586.53 526.28 747.09 606.63 0.981681
10 962.42 586.07 1399.46 835.96 0.970779
1 475.83 677.90 503.34 751.84 0.958798
1 501.99 687.82 529.56 766.06 0.955189
4 903.09 497.33 1065.56 571.78 0.904427
4 1164.03 471.43 1242.02 495.50 0.896625
3 472.63 830.70 569.92 896.48 0.889150
1 680.94 442.75 712.84 497.89 0.863482
4 244.85 421.88 327.08 505.20 0.859542
1 418.93 696.68 453.17 776.92 0.854294
1 1346.61 534.81 1382.64 585.15 0.853275
4 1368.62 467.65 1399.86 511.44 0.852187
4 0.14 474.79 76.16 557.31 0.846187
1 28.70 520.79 56.08 577.78 0.841898
4 1167.72 483.59 1288.08 540.21 0.813346
4 326.54 242.74 343.43 262.37 0.805425
1 498.67 802.06 544.06 883.31 0.787010
4 291.17 337.41 344.34 384.10 0.786305
1 731.19 570.28 756.02 629.90 0.780887
1 1074.13 534.33 1105.86 584.91 0.771398
1 359.96 629.46 396.06 698.25 0.767640
4 28.42 405.55 123.22 476.87 0.763270
4 265.31 256.34 304.96 290.86 0.723642
4 290.97 195.32 318.09 219.96 0.708350
4 82.61 379.69 133.74 412.53 0.675586
3 1066.69 554.70 1107.20 588.23 0.657965
1 233.54 407.26 252.39 453.45 0.629072
4 324.45 181.10 342.83 201.22 0.626401
3 316.99 310.78 339.74 331.94 0.603489
3 805.48 635.86 897.35 694.43 0.601525
3 1320.27 488.78 1364.83 524.41 0.580502
4 319.07 263.93 340.94 299.74 0.567349
4 82.57 374.07 160.41 413.72 0.565443
3 805.34 639.25 863.06 693.84 0.556374
3 1190.50 589.35 1246.84 613.82 0.550698
3 727.59 603.38 771.36 643.59 0.543580
3 1190.93 590.24 1221.94 613.37 0.505626
7 909.77 613.82 1036.34 703.05 0.500796
4 275.21 197.83 288.38 215.61 0.498254
3 941.72 614.44 1036.42 698.72 0.490160
2 399.87 718.26 420.80 747.86 0.487201
3 1321.05 503.85 1349.49 524.26 0.487188
7 910.28 618.10 967.55 702.66 0.480511
3 292.07 209.12 309.41 238.27 0.473276
1 7.12 418.31 32.87 470.82 0.470838
3 1199.71 486.64 1288.62 534.74 0.466557
4 1167.89 483.98 1239.49 539.90 0.465843
3 264.86 287.69 283.64 308.19 0.453709
2 399.85 718.08 424.57 777.07 0.446414
4 0.27 468.01 112.50 558.57 0.441130
2 353.38 624.11 537.80 778.62 0.388943
1 1320.20 487.80 1354.35 524.77 0.384653
1 1071.87 533.80 1106.55 585.26 0.362893
3 1067.00 551.80 1107.46 588.57 0.354478
2 7.41 418.95 32.49 471.47 0.353579
1 292.26 281.27 309.36 317.52 0.327740
2 292.27 281.55 308.82 317.38 0.321980
3 1321.26 489.55 1352.32 523.60 0.321150
2 409.93 675.94 534.68 778.68 0.304216
1 27.44 519.63 57.69 577.95 0.303631
1 398.03 716.61 426.07 776.84 0.296454
7 902.55 495.26 1065.20 572.43 0.295316
7 27.14 402.65 125.31 477.44 0.289802
1 398.97 716.92 421.85 748.77 0.272692
10 910.24 616.44 968.07 701.35 0.270513
7 0.17 472.93 77.39 558.73 0.262991
1 207.62 403.31 254.74 459.06 0.260066
3 1167.21 480.77 1288.38 540.23 0.253623
1 469.73 799.52 571.98 899.63 0.250725
10 909.19 612.16 1036.22 703.22 0.244953
4 1161.72 469.87 1244.72 539.09 0.232340
2 305.53 555.02 548.60 777.56 0.231857
1 1059.49 734.90 1091.94 778.58 0.229490
7 1.21 397.00 131.91 576.65 0.229313
1 1139.85 521.09 1158.00 567.63 0.227388
7 1161.75 469.37 1288.64 540.02 0.226696
10 59.11 465.57 132.04 583.25 0.226546
10 675.64 617.73 738.57 738.46 0.219261
3 1190.18 587.17 1247.20 614.75 0.215293
3 1056.31 542.35 1115.06 595.23 0.212567
1 290.37 205.27 310.62 237.86 0.209797
10 263.53 252.15 306.04 293.03 0.202956
1 1062.12 530.26 1112.32 592.45 0.202012
3 1317.73 482.93 1365.05 528.40 0.199445
2 1140.08 521.85 1157.23 565.69 0.190352
1 1336.06 530.44 1388.40 595.66 0.189126
1 23.86 484.33 67.83 578.25 0.187615
2 388.78 666.59 544.68 786.73 0.186439
6 972.44 387.05 1012.78 417.10 0.184735
10 283.71 190.01 334.36 234.07 0.183204
2 210.14 405.52 252.64 457.92 0.183113
3 427.51 740.67 458.09 778.10 0.182858
1 1338.79 534.93 1382.89 594.80 0.181536
1 861.04 401.41 877.28 445.77 0.180035
1 673.60 435.80 721.09 503.64 0.179381
3 471.93 836.90 518.68 896.59 0.178372
7 0.38 466.64 111.82 560.14 0.176956
4 1367.80 465.55 1399.17 512.64 0.175278
10 289.52 192.81 320.12 222.27 0.170766
10 914.90 616.25 966.97 682.58 0.170060
7 1114.53 773.73 1176.88 822.55 0.167845
10 287.97 199.15 317.19 236.89 0.167656
2 287.78 539.98 577.55 801.31 0.167560
1 316.04 197.49 334.09 229.33 0.165802
4 20.09 729.34 320.03 939.12 0.163951
3 804.65 657.88 854.85 694.55 0.163645
2 471.68 675.37 534.18 767.96 0.163603
7 0.94 465.56 130.49 583.28 0.161171
3 1320.62 501.53 1350.06 524.96 0.161072
4 299.08 540.63 509.79 652.45 0.157808
10 240.87 247.95 307.48 305.65 0.156498
1 1008.92 612.02 1037.12 641.43 0.156464
2 201.22 398.41 260.56 463.28 0.156282
7 5.79 398.62 127.88 478.40 0.153811
1 1293.02 710.10 1319.92 740.08 0.150320
1 458.89 789.07 585.48 913.71 0.149431
4 318.44 262.57 342.11 300.84 0.148593
10 59.72 465.76 115.89 546.26 0.148165
3 1310.61 473.71 1370.28 537.36 0.147599
3 1189.52 573.13 1277.36 614.72 0.147109
1 726.22 567.63 770.28 642.54 0.146433
10 273.99 196.02 290.23 217.67 0.146048
1 862.18 401.43 876.56 424.20 0.142137
10 81.12 388.18 117.31 410.89 0.138742
10 80.97 383.37 131.69 413.57 0.137528
4 1133.19 463.94 1243.31 540.18 0.136724
1 1360.80 679.58 1385.20 711.91 0.136348
7 772.74 491.43 1067.87 597.55 0.136240
7 288.38 310.07 345.97 386.12 0.134169
2 346.48 620.23 576.10 897.43 0.133899
1 1206.96 721.33 1233.82 755.54 0.132790
4 229.19 407.99 338.92 515.23 0.132643
10 1142.65 595.03 1393.25 681.88 0.131763
2 310.01 570.63 577.12 898.10 0.131672
1 1213.81 380.25 1232.35 409.33 0.129895
7 1132.89 463.40 1288.42 540.89 0.129082
4 323.20 180.15 343.69 202.05 0.127258
4 574.18 510.95 767.50 632.84 0.127147
10 973.98 590.93 1395.34 727.32 0.127005
10 1143.35 606.99 1304.72 680.62 0.126567
1 1074.97 534.22 1105.86 579.61 0.126513
10 54.20 464.24 181.64 692.01 0.123667
1 352.22 558.46 381.74 601.79 0.122111
10 60.82 467.71 108.88 526.97 0.121841
1 345.83 621.73 406.21 705.59 0.121610
3 472.63 800.22 544.79 896.78 0.121207
10 249.10 246.51 307.65 308.67 0.121006
4 17.39 389.30 141.06 485.18 0.120980
3 263.31 285.62 284.35 309.37 0.120535
4 1163.82 468.90 1242.91 498.65 0.119842
7 733.73 600.88 762.03 630.16 0.119423
1 352.09 171.41 364.56 203.25 0.118379
10 847.15 417.10 875.63 448.57 0.117576
1 735.25 568.44 752.69 608.09 0.117241
1 1234.76 726.89 1256.22 752.08 0.116218
3 803.87 656.19 883.95 694.89 0.114971
1 1179.68 730.41 1203.42 760.77 0.114814
10 1338.01 560.38 1378.95 594.87 0.113149
1 1212.44 380.12 1232.84 427.12 0.112116
1 1267.27 716.30 1289.51 745.28 0.111327
3 238.47 275.75 284.34 310.64 0.110919
10 237.81 267.83 282.48 308.47 0.110581
1 252.74 250.63 269.07 276.35 0.109697
1 247.66 254.30 269.09 298.78 0.105988
3 1337.59 533.00 1384.61 594.47 0.105405
10 99.74 393.96 132.61 413.94 0.104019
1 995.59 611.48 1037.97 644.13 0.103396
2 206.38 186.85 355.50 510.26 0.103117
1 878.16 400.56 892.68 444.54 0.102845
10 306.72 195.38 334.26 229.66 0.102024
10 93.84 535.50 131.61 583.62 0.101850
1 81.93 389.25 103.55 408.27 0.100845
8 275.21 197.83 288.38 215.61 0.048672
7 275.21 197.83 288.38 215.61 0.048230
8 326.54 242.74 343.43 262.37 0.048120
2 275.21 197.83 288.38 215.61 0.048008
8 324.45 181.10 342.83 201.22 0.047904
1 275.21 197.83 288.38 215.61 0.047724
10 275.21 197.83 288.38 215.61 0.047724
7 326.54 242.74 343.43 262.37 0.047494
3 275.21 197.83 288.38 215.61 0.047345
7 324.45 181.10 342.83 201.22 0.047205
2 326.54 242.74 343.43 262.37 0.047180
2 324.45 181.10 342.83 201.22 0.046856
1 326.54 242.74 343.43 262.37 0.046778
10 326.54 242.74 343.43 262.37 0.046778
1 324.45 181.10 342.83 201.22 0.046407
10 324.45 181.10 342.83 201.22 0.046407
3 326.54 242.74 343.43 262.37 0.046241
8 290.97 195.32 318.09 219.96 0.046211
8 1190.93 590.24 1221.94 613.37 0.045934
3 324.45 181.10 342.83 201.22 0.045808
8 319.07 263.93 340.94 299.74 0.045561
7 290.97 195.32 318.09 219.96 0.044948
7 1190.93 590.24 1221.94 613.37 0.044579
2 290.97 195.32 318.09 219.96 0.044317
7 319.07 263.93 340.94 299.74 0.044081
2 1190.93 590.24 1221.94 613.37 0.043905
1 290.97 195.32 318.09 219.96 0.043505
10 290.97 195.32 318.09 219.96 0.043505
2 319.07 263.93 340.94 299.74 0.043341
1 1190.93 590.24 1221.94 613.37 0.043031
10 1190.93 590.24 1221.94 613.37 0.043031
3 290.97 195.32 318.09 219.96 0.042423
1 319.07 263.93 340.94 299.74 0.042390
10 319.07 263.93 340.94 299.74 0.042390
8 1368.62 467.65 1399.86 511.44 0.042245
8 265.31 256.34 304.96 290.86 0.042241
3 319.07 263.93 340.94 299.74 0.041122
8 1074.13 534.33 1105.86 584.91 0.040903
1 211.13 407.26 232.19 457.72 0.040835
8 82.61 379.69 133.74 412.53 0.040482
1 1228.59 379.26 1247.94 430.35 0.040391
7 1368.62 467.65 1399.86 511.44 0.039661
7 265.31 256.34 304.96 290.86 0.039655
8 1164.03 471.43 1242.02 495.50 0.039359
2 1368.62 467.65 1399.86 511.44 0.038368
2 265.31 256.34 304.96 290.86 0.038362
7 1074.13 534.33 1105.86 584.91 0.037871
7 82.61 379.69 133.74 412.53 0.037310
1 1368.62 467.65 1399.86 511.44 0.036706
10 1368.62 467.65 1399.86 511.44 0.036706
1 265.31 256.34 304.96 290.86 0.036700
10 265.31 256.34 304.96 290.86 0.036700
8 291.17 337.41 344.34 384.10 0.035927
7 1164.03 471.43 1242.02 495.50 0.035812
2 82.61 379.69 133.74 412.53 0.035724
1 1322.98 687.65 1357.50 733.42 0.034646
3 1368.62 467.65 1399.86 511.44 0.034491
3 265.31 256.34 304.96 290.86 0.034483
10 1074.13 534.33 1105.86 584.91 0.034405
2 1164.03 471.43 1242.02 495.50 0.034039
1 82.61 379.69 133.74 412.53 0.033684
10 82.61 379.69 133.74 412.53 0.033684
8 82.57 374.07 160.41 413.72 0.032502
3 1074.13 534.33 1105.86 584.91 0.031806
1 1164.03 471.43 1242.02 495.50 0.031759
10 1164.03 471.43 1242.02 495.50 0.031759
7 291.17 337.41 344.34 384.10 0.031237
3 82.61 379.69 133.74 412.53 0.030966
2 291.17 337.41 344.34 384.10 0.028891
3 1164.03 471.43 1242.02 495.50 0.028719
8 1167.89 483.98 1239.49 539.90 0.027303
7 82.57 374.07 160.41 413.72 0.026669
1 291.17 337.41 344.34 384.10 0.025876
10 291.17 337.41 344.34 384.10 0.025876
8 1199.71 486.64 1288.62 534.74 0.025759
2 82.57 374.07 160.41 413.72 0.023753
8 910.28 618.10 967.55 702.66 0.022546
3 291.17 337.41 344.34 384.10 0.021855
1 82.57 374.07 160.41 413.72 0.020003
10 82.57 374.07 160.41 413.72 0.020003
