4 624.23 172.21 641.04 206.15 0.967483
4 690.54 285.12 707.99 324.11 0.964903
4 545.80 681.12 576.03 738.62 0.954622
4 618.48 305.22 638.38 350.20 0.949176
4 699.99 503.49 723.74 550.91 0.936932
4 666.64 521.71 689.11 569.93 0.919399
4 651.96 208.56 670.00 249.36 0.914299
4 570.18 722.72 600.70 781.86 0.906118
4 815.55 118.11 843.71 147.03 0.897791
4 529.11 519.59 559.59 567.04 0.892465
4 839.53 61.07 872.47 84.06 0.888081
4 841.23 86.47 877.22 117.95 0.885609
4 124.25 553.77 189.03 584.26 0.869841
4 686.63 133.32 701.68 147.59 0.859353
4 523.04 409.82 545.20 444.81 0.856235
4 887.52 47.68 924.26 67.11 0.841674
4 109.38 674.66 166.27 703.54 0.827412
4 74.88 616.66 142.63 650.72 0.784600
4 105.47 642.02 175.65 676.43 0.784147
4 788.49 112.24 814.08 139.50 0.781481
4 815.12 80.35 841.98 105.94 0.764381
4 841.51 92.26 868.42 117.95 0.750687
1 1006.49 136.85 1015.09 151.17 0.748520
4 404.12 309.24 424.57 353.25 0.683618
4 651.91 226.62 669.71 249.17 0.680662
4 770.89 32.99 797.64 44.55 0.668706
4 657.57 493.03 669.63 524.72 0.666209
4 718.14 181.30 735.65 197.46 0.600028
4 959.02 45.30 987.59 56.22 0.578354
6 713.75 139.73 738.34 198.49 0.573824
4 691.24 301.15 706.98 323.79 0.573429
4 533.42 236.23 546.95 268.52 0.533558
5 547.41 187.75 579.87 273.77 0.494916
2 504.17 670.87 518.40 695.97 0.449967
3 502.56 669.41 520.19 697.48 0.400902
7 72.71 611.83 178.50 707.26 0.390263
4 73.72 614.86 143.77 651.61 0.323852
10 545.71 185.77 581.71 275.00 0.316815
5 713.75 139.73 738.31 198.49 0.316093
3 498.52 665.19 524.83 701.08 0.279496
2 1119.46 766.03 1207.40 787.61 0.265138
4 122.95 551.94 190.53 585.44 0.259255
10 205.09 494.52 380.61 593.46 0.256692
4 814.42 116.36 844.60 147.83 0.256246
1 1004.99 135.34 1016.36 151.80 0.253021
10 711.35 138.18 739.42 199.82 0.250984
4 665.26 519.85 690.50 571.29 0.246414
5 535.98 178.48 590.48 282.97 0.240443
4 616.51 303.50 640.58 351.43 0.229794
4 886.43 46.04 925.27 68.24 0.229750
4 698.71 501.84 725.25 552.07 0.224289
3 521.34 407.72 546.33 446.16 0.219202
7 108.04 672.87 167.21 704.67 0.217320
4 787.24 110.89 814.67 140.58 0.213563
4 840.27 89.49 870.90 118.28 0.211511
4 838.55 59.26 872.82 84.60 0.210145
7 528.00 518.03 560.51 567.98 0.208569
2 283.76 100.92 351.85 162.81 0.201460
7 649.86 206.67 671.46 250.68 0.200651
3 514.29 400.82 555.76 452.90 0.200581
10 659.50 691.78 699.15 776.80 0.195347
2 431.68 328.51 466.28 356.23 0.193916
4 605.61 268.11 614.01 294.95 0.189990
7 103.61 638.76 177.77 705.43 0.188588
5 1068.58 675.26 1106.82 698.92 0.188194
4 622.53 170.69 642.37 207.18 0.188071
9 661.01 693.71 697.71 775.26 0.186329
4 314.96 80.93 333.64 95.79 0.184016
4 688.99 283.46 709.64 325.64 0.183032
10 789.17 653.71 1186.03 755.04 0.182996
2 1142.84 768.65 1153.18 781.11 0.182266
4 625.13 187.48 640.11 205.67 0.181912
4 299.34 16.37 316.96 28.50 0.181536
9 674.52 194.00 688.48 250.56 0.180488
1 800.55 685.46 830.89 729.72 0.180102
10 419.29 668.87 491.43 785.67 0.179179
2 1120.19 766.92 1157.64 787.75 0.179179
6 1067.66 673.13 1108.26 702.19 0.171941
10 709.35 137.26 753.42 207.27 0.171200
1 1141.87 767.63 1154.32 781.70 0.168726
10 374.14 74.66 786.35 153.71 0.164463
3 805.00 591.31 819.93 612.33 0.164052
1 1181.22 770.55 1205.09 787.10 0.163088
7 541.93 677.21 604.39 782.41 0.158289
7 71.12 549.90 193.97 710.95 0.156654
1 1122.52 780.72 1134.25 788.02 0.147901
1 405.98 324.58 421.03 353.08 0.145948
4 685.50 131.85 702.96 148.99 0.144516
1 1292.03 283.31 1308.42 302.56 0.143671
2 1103.32 754.22 1220.09 787.51 0.141011
10 1.72 491.26 380.89 595.62 0.140805
7 788.53 56.81 878.57 152.55 0.137643
4 611.57 299.51 646.40 355.13 0.137456
1 999.65 131.49 1021.70 155.72 0.136851
10 1.89 491.07 383.30 785.60 0.135133
3 1144.85 98.21 1170.42 121.50 0.134911
7 500.55 665.98 605.63 782.33 0.134065
10 666.48 138.06 690.87 191.75 0.131806
7 521.25 512.26 566.84 572.96 0.131306
7 810.74 56.51 877.91 151.51 0.130204
1 401.77 306.93 426.55 356.98 0.128905
3 489.93 652.78 533.00 707.27 0.127430
10 672.61 189.89 691.01 253.27 0.127385
10 805.69 547.18 852.95 612.98 0.127046
10 790.80 547.75 1186.33 755.82 0.126651
1 740.91 701.08 762.29 756.53 0.125932
9 693.50 496.59 732.06 556.98 0.124462
10 388.11 44.02 464.24 102.56 0.124287
1 406.93 283.02 417.45 300.84 0.123857
1 448.64 256.11 461.07 285.82 0.122457
6 177.53 492.81 384.54 785.37 0.122430
1 404.66 321.78 422.66 354.66 0.120536
2 798.93 633.74 849.78 731.53 0.120040
10 447.33 672.79 491.98 785.51 0.118692
4 108.18 672.97 167.25 704.56 0.118590
1 333.02 120.73 347.64 146.93 0.117574
1 748.35 702.05 760.67 723.43 0.117183
2 1000.84 132.62 1052.28 164.23 0.116646
3 419.08 65.08 450.67 99.38 0.116591
5 73.34 613.70 177.29 677.79 0.115437
2 798.26 584.60 854.50 734.61 0.114639
9 518.60 165.31 606.02 303.44 0.114126
10 669.64 143.40 687.69 178.49 0.113648
3 419.52 82.13 449.60 99.30 0.112226
10 384.12 17.29 466.18 102.42 0.111696
7 59.82 594.82 198.59 724.14 0.111464
3 799.94 586.90 823.66 617.20 0.111205
10 521.05 28.09 543.59 54.66 0.111064
4 658.42 513.67 696.09 576.42 0.110494
4 769.61 31.32 798.91 45.59 0.109188
10 473.25 125.73 621.70 152.50 0.108161
10 283.88 72.47 785.82 163.25 0.107848
1 621.74 81.77 635.77 91.79 0.107480
1 815.03 691.78 831.24 726.95 0.105039
10 855.06 655.62 1185.57 752.11 0.104051
7 500.80 666.69 579.78 740.90 0.103662
1 292.48 113.73 305.40 130.63 0.103514
1 830.72 634.87 845.59 668.90 0.100237
8 686.63 133.32 701.68 147.59 0.048378
8 718.14 181.30 735.65 197.46 0.047862
7 686.63 133.32 701.68 147.59 0.047837
8 770.89 32.99 797.64 44.55 0.047666
8 959.02 45.30 987.59 56.22 0.047644
2 686.63 133.32 701.68 147.59 0.047567
8 691.24 301.15 706.98 323.79 0.047308
1 686.63 133.32 701.68 147.59 0.047219
10 686.63 133.32 701.68 147.59 0.047219
7 718.14 181.30 735.65 197.46 0.047149
8 657.57 493.03 669.63 524.72 0.047112
8 651.91 226.62 669.71 249.17 0.046968
7 770.89 32.99 797.64 44.55 0.046888
7 959.02 45.30 987.59 56.22 0.046859
2 718.14 181.30 735.65 197.46 0.046792
3 686.63 133.32 701.68 147.59 0.046756
8 533.42 236.23 546.95 268.52 0.046701
2 770.89 32.99 797.64 44.55 0.046499
2 959.02 45.30 987.59 56.22 0.046466
7 691.24 301.15 706.98 323.79 0.046411
1 718.14 181.30 735.65 197.46 0.046334
10 718.14 181.30 735.65 197.46 0.046334
7 657.57 493.03 669.63 524.72 0.046149
1 770.89 32.99 797.64 44.55 0.045999
10 770.89 32.99 797.64 44.55 0.045999
2 691.24 301.15 706.98 323.79 0.045962
1 959.02 45.30 987.59 56.22 0.045961
10 959.02 45.30 987.59 56.22 0.045961
7 651.91 226.62 669.71 249.17 0.045957
3 718.14 181.30 735.65 197.46 0.045723
2 657.57 493.03 669.63 524.72 0.045668
7 533.42 236.23 546.95 268.52 0.045601
2 651.91 226.62 669.71 249.17 0.045451
1 691.24 301.15 706.98 323.79 0.045385
10 691.24 301.15 706.98 323.79 0.045385
3 770.89 32.99 797.64 44.55 0.045332
3 959.02 45.30 987.59 56.22 0.045289
2 533.42 236.23 546.95 268.52 0.045051
1 657.57 493.03 669.63 524.72 0.045049
10 657.57 493.03 669.63 524.72 0.045049
8 690.54 285.12 707.99 324.11 0.044862
8 815.12 80.35 841.98 105.94 0.044808
1 651.91 226.62 669.71 249.17 0.044802
10 651.91 226.62 669.71 249.17 0.044802
8 841.51 92.26 868.42 117.95 0.044778
8 788.49 112.24 814.08 139.50 0.044729
3 691.24 301.15 706.98 323.79 0.044616
8 887.52 47.68 924.26 67.11 0.044608
1 533.42 236.23 546.95 268.52 0.044344
10 533.42 236.23 546.95 268.52 0.044344
8 839.53 61.07 872.47 84.06 0.044280
3 657.57 493.03 669.63 524.72 0.044224
8 523.04 409.82 545.20 444.81 0.044143
3 651.91 226.62 669.71 249.17 0.043935
8 815.55 118.11 843.71 147.03 0.043848
3 533.42 236.23 546.95 268.52 0.043401
8 404.12 309.24 424.57 353.25 0.043203
7 815.12 80.35 841.98 105.94 0.043077
7 841.51 92.26 868.42 117.95 0.043037
7 788.49 112.24 814.08 139.50 0.042972
7 887.52 47.68 924.26 67.11 0.042811
7 839.53 61.07 872.47 84.06 0.042374
2 690.54 285.12 707.99 324.11 0.042293
2 815.12 80.35 841.98 105.94 0.042212
2 841.51 92.26 868.42 117.95 0.042167
2 788.49 112.24 814.08 139.50 0.042094
2 887.52 47.68 924.26 67.11 0.041912
7 815.55 118.11 843.71 147.03 0.041798
8 841.23 86.47 877.22 117.95 0.041443
2 839.53 61.07 872.47 84.06 0.041421
1 690.54 285.12 707.99 324.11 0.041192
1 815.12 80.35 841.98 105.94 0.041099
10 815.12 80.35 841.98 105.94 0.041099
1 841.51 92.26 868.42 117.95 0.041048
10 841.51 92.26 868.42 117.95 0.041048
1 788.49 112.24 814.08 139.50 0.040964
10 788.49 112.24 814.08 139.50 0.040964
7 404.12 309.24 424.57 353.25 0.040938
2 815.55 118.11 843.71 147.03 0.040773
1 887.52 47.68 924.26 67.11 0.040756
10 887.52 47.68 924.26 67.11 0.040756
1 839.53 61.07 872.47 84.06 0.040195
10 839.53 61.07 872.47 84.06 0.040195
1 523.04 409.82 545.20 444.81 0.039959
10 523.04 409.82 545.20 444.81 0.039959
3 690.54 285.12 707.99 324.11 0.039725
3 815.12 80.35 841.98 105.94 0.039616
3 841.51 92.26 868.42 117.95 0.039556
3 788.49 112.24 814.08 139.50 0.039459
1 815.55 118.11 843.71 147.03 0.039454
10 815.55 118.11 843.71 147.03 0.039454
3 887.52 47.68 924.26 67.11 0.039216
7 841.23 86.47 877.22 117.95 0.038591
3 839.53 61.07 872.47 84.06 0.038564
1 404.12 309.24 424.57 353.25 0.038349
10 404.12 309.24 424.57 353.25 0.038349
3 523.04 409.82 545.20 444.81 0.038286
3 815.55 118.11 843.71 147.03 0.037698
8 109.38 674.66 166.27 703.54 0.037587
2 841.23 86.47 877.22 117.95 0.037165
8 545.80 681.12 576.03 738.62 0.036870
3 404.12 309.24 424.57 353.25 0.036407
8 570.18 722.72 600.70 781.86 0.036364
1 841.23 86.47 877.22 117.95 0.035331
10 841.23 86.47 877.22 117.95 0.035331
8 124.25 553.77 189.03 584.26 0.035079
7 109.38 674.66 166.27 703.54 0.033449
3 841.23 86.47 877.22 117.95 0.032887
8 74.88 616.66 142.63 650.72 0.032571
7 545.80 681.12 576.03 738.62 0.032494
7 570.18 722.72 600.70 781.86 0.031819
8 105.47 642.02 175.65 676.43 0.031755
2 109.38 674.66 166.27 703.54 0.031380
2 545.80 681.12 576.03 738.62 0.030306
7 124.25 553.77 189.03 584.26 0.030106
2 570.18 722.72 600.70 781.86 0.029546
1 109.38 674.66 166.27 703.54 0.028720
10 109.38 674.66 166.27 703.54 0.028720
2 124.25 553.77 189.03 584.26 0.027619
1 545.80 681.12 576.03 738.62 0.027492
10 545.80 681.12 576.03 738.62 0.027492
7 74.88 616.66 142.63 650.72 0.026761
1 570.18 722.72 600.70 781.86 0.026624
10 570.18 722.72 600.70 781.86 0.026624
7 105.47 642.02 175.65 676.43 0.025674
3 109.38 674.66 166.27 703.54 0.025298
1 124.25 553.77 189.03 584.26 0.024422
10 124.25 553.77 189.03 584.26 0.024422
2 74.88 616.66 142.63 650.72 0.023856
3 545.80 681.12 576.03 738.62 0.023744
3 570.18 722.72 600.70 781.86 0.022732
2 105.47 642.02 175.65 676.43 0.022633
3 124.25 553.77 189.03 584.26 0.020161
1 74.88 616.66 142.63 650.72 0.020121
10 74.88 616.66 142.63 650.72 0.020121
