4 770.27 326.44 794.43 355.56 0.984547
4 680.00 95.36 694.05 110.29 0.973045
4 782.62 282.70 804.53 309.02 0.960776
4 764.09 240.00 782.39 262.70 0.954261
4 721.84 143.80 738.34 160.95 0.946281
4 573.01 129.25 585.73 142.83 0.934798
4 585.86 30.36 595.46 41.13 0.929731
4 618.91 244.81 636.48 267.92 0.873769
4 820.73 201.50 835.59 215.34 0.786556
9 785.90 205.93 840.83 275.82 0.785577
9 837.27 282.41 895.25 360.96 0.777935
4 599.05 24.05 610.83 35.21 0.718150
4 871.01 478.18 886.56 493.20 0.702343
1 507.05 490.61 520.98 527.99 0.695728
10 785.90 205.93 840.83 275.82 0.678442
5 698.25 203.48 726.32 264.42 0.657336
4 616.31 27.75 628.73 42.36 0.624089
4 550.67 80.47 560.94 92.52 0.618608
6 810.20 444.48 894.50 549.28 0.618065
1 1248.17 734.12 1263.65 763.15 0.608104
1 1204.93 670.36 1218.42 690.73 0.588257
10 837.27 282.41 895.25 360.96 0.581255
5 929.80 453.07 980.62 535.79 0.581153
5 708.83 331.77 744.46 420.98 0.577291
4 140.76 151.75 192.82 186.29 0.571319
2 486.11 536.89 523.78 575.22 0.543529
1 781.66 702.85 795.00 731.56 0.540099
4 514.95 144.19 526.05 162.61 0.504198
2 908.79 341.83 923.36 371.01 0.495068
4 665.17 226.81 677.08 241.87 0.482963
2 843.05 245.12 867.22 275.70 0.461815
2 500.70 545.65 515.43 573.51 0.429599
2 510.67 537.45 523.07 568.32 0.424314
2 876.17 281.73 916.57 309.68 0.422304
2 963.18 410.12 976.23 441.43 0.397492
10 926.75 448.29 981.92 537.59 0.369508
2 480.52 534.16 525.86 577.20 0.334706
4 768.66 324.23 795.85 356.80 0.304899
7 706.63 329.75 746.51 422.62 0.283356
10 810.26 443.17 895.66 550.91 0.282342
7 696.38 201.52 728.27 266.07 0.270914
1 907.68 339.99 925.53 372.03 0.266175
6 826.72 448.21 894.27 547.86 0.262987
1 505.93 489.42 521.07 527.51 0.260811
4 781.49 280.82 806.06 310.47 0.255890
2 875.33 278.87 919.06 311.25 0.252030
1 510.29 536.88 524.24 568.70 0.237708
1 962.38 409.06 977.86 442.08 0.232735
1 1246.99 732.73 1264.98 763.70 0.229102
10 1101.04 169.43 1398.97 285.36 0.228862
1 806.96 158.31 822.11 176.51 0.216425
7 585.20 2.51 632.93 48.16 0.212796
7 617.20 242.93 638.05 268.97 0.207246
10 921.28 443.72 987.81 542.36 0.206044
3 819.19 199.94 837.21 216.83 0.197830
4 283.63 196.12 335.69 223.85 0.197638
1 1259.00 659.93 1278.65 685.64 0.196732
4 696.01 320.19 759.21 432.77 0.191144
2 478.50 472.62 539.95 578.16 0.191047
4 728.54 137.82 739.18 148.68 0.189850
1 1204.11 669.04 1219.10 690.89 0.187144
1 1260.31 661.46 1277.53 684.85 0.186345
1 542.90 227.40 555.93 246.26 0.184524
4 678.64 93.49 695.60 111.61 0.181597
4 764.90 320.65 799.95 360.32 0.180807
1 500.41 544.35 516.46 573.91 0.180215
1 780.17 701.09 797.03 731.24 0.178446
1 900.07 307.40 913.52 342.73 0.175735
4 689.76 195.87 735.32 271.66 0.173819
1 1076.75 379.90 1112.02 417.16 0.173795
7 613.49 239.36 641.77 271.79 0.172981
7 762.76 238.38 783.46 263.76 0.171301
1 483.90 543.37 507.49 576.31 0.167032
1 1056.31 678.06 1072.64 700.99 0.163406
1 983.63 666.62 1002.17 699.18 0.160916
2 842.33 243.05 869.09 276.17 0.160894
1 973.39 269.22 986.62 293.49 0.158837
1 834.68 72.60 847.97 108.46 0.157565
2 472.29 453.69 547.14 580.79 0.154961
4 617.18 243.12 638.26 269.37 0.154113
1 843.43 185.80 853.56 202.88 0.153430
7 139.11 148.71 193.87 187.79 0.148961
1 1185.50 747.91 1204.70 776.36 0.148900
1 915.18 700.19 929.43 721.40 0.145526
7 563.45 763.56 605.12 785.49 0.145277
2 946.08 398.31 980.99 443.28 0.144991
10 799.76 427.71 904.94 562.73 0.144476
1 488.62 543.65 505.74 575.07 0.142576
3 895.46 88.82 909.50 108.97 0.142295
4 571.52 127.11 587.34 144.75 0.141840
4 282.45 193.22 336.65 225.86 0.141585
1 1139.88 283.47 1155.70 305.04 0.141522
4 780.26 279.87 807.48 311.36 0.140287
1 400.06 715.63 423.48 741.00 0.140200
6 825.92 271.69 911.77 374.73 0.139975
10 392.65 172.05 474.72 275.05 0.137663
1 946.43 400.25 958.31 419.81 0.135909
2 503.87 471.24 540.04 529.75 0.135870
4 720.24 137.56 741.45 162.62 0.135490
3 803.57 154.88 826.25 179.37 0.135029
3 1247.26 339.04 1286.06 375.16 0.134699
7 612.05 11.20 631.90 43.78 0.133713
2 839.82 241.81 870.08 277.78 0.131268
10 720.96 143.69 738.93 162.10 0.131133
7 587.93 2.37 612.24 37.47 0.129929
1 796.24 134.31 811.82 150.80 0.128828
10 542.40 171.20 599.40 271.86 0.125937
1 830.16 681.91 846.60 703.38 0.125643
10 199.79 388.89 236.75 442.99 0.124713
4 706.82 329.82 746.67 422.36 0.124647
3 1247.13 339.63 1268.35 366.21 0.123687
10 295.29 172.43 474.02 287.29 0.123153
1 1090.18 750.28 1114.75 785.78 0.122448
1 1024.42 509.53 1044.23 536.49 0.121486
3 840.89 254.05 868.84 277.70 0.121431
6 238.79 192.26 339.53 230.83 0.121076
7 579.33 2.23 640.85 58.80 0.120838
1 522.36 170.61 532.32 185.86 0.120462
10 825.33 447.01 894.74 548.65 0.119017
1 489.49 549.64 507.97 575.78 0.116407
1 876.44 282.48 894.81 309.69 0.116362
4 759.51 235.78 786.01 266.70 0.115771
7 1261.18 353.60 1285.32 374.96 0.115657
1 1134.28 290.10 1146.58 308.95 0.115216
4 1081.12 261.74 1119.55 288.82 0.114081
9 904.56 430.13 1003.15 555.02 0.114009
10 76.96 390.83 128.21 425.59 0.112948
4 675.86 90.20 698.28 114.71 0.112536
1 645.15 119.20 655.73 139.98 0.111872
1 516.92 490.27 532.49 526.34 0.111716
1 912.67 693.26 932.43 724.27 0.111284
2 718.34 14.38 849.93 215.65 0.111269
1 277.50 382.70 309.49 436.67 0.111203
4 607.25 233.15 648.26 278.32 0.110351
1 774.32 139.94 785.39 166.44 0.110174
1 334.04 352.17 415.83 395.62 0.109808
6 1059.59 126.87 1182.72 174.44 0.109555
1 526.46 171.39 535.51 185.68 0.109461
4 696.44 201.57 728.23 265.82 0.107558
4 584.58 28.74 597.12 42.44 0.107176
2 874.94 276.63 932.35 336.92 0.106697
1 1134.84 281.71 1162.09 313.35 0.106332
1 530.15 471.56 541.38 505.53 0.104692
3 508.20 506.32 531.38 529.59 0.103953
1 278.93 382.10 306.39 412.68 0.102620
4 835.78 280.91 896.77 362.07 0.101332
1 966.75 411.12 979.24 440.12 0.101314
1 255.71 597.60 285.47 655.24 0.101135
1 365.17 275.86 429.24 341.63 0.100225
