4 1403.33 667.51 1566.43 942.16 0.988598
4 1620.52 623.73 1796.21 875.54 0.986885
4 780.04 373.50 890.76 528.56 0.971096
5 749.51 640.16 927.44 849.59 0.854876
1 940.01 915.13 990.17 1009.52 0.844869
1 1018.02 889.79 1062.02 973.62 0.737368
7 1018.16 788.33 1189.82 959.44 0.707500
7 1319.44 332.93 1529.81 642.71 0.623210
7 776.46 373.69 889.91 528.46 0.536321
7 1144.04 314.15 1310.74 703.58 0.483445
1 931.13 884.95 1068.11 1011.44 0.459952
4 1017.47 788.16 1191.25 959.54 0.448051
2 939.04 888.89 1062.87 1010.42 0.430859
10 880.89 310.99 1108.90 666.35 0.428904
3 1731.93 412.58 1796.33 505.07 0.423396
3 468.15 179.75 537.00 243.22 0.414156
4 746.27 637.15 930.30 851.64 0.409355
3 1728.67 409.70 1798.15 508.74 0.403921
10 1.88 190.59 450.58 539.25 0.387427
10 1315.61 329.10 1533.11 644.83 0.384233
10 1140.89 310.77 1313.15 709.03 0.373535
2 743.36 297.85 1802.62 1003.68 0.354288
2 933.08 885.70 1067.59 1011.54 0.349553
3 1715.37 399.27 1810.43 520.77 0.337407
1 1140.60 310.26 1313.38 708.83 0.282000
4 774.80 369.64 893.26 530.97 0.250844
3 1739.77 437.54 1796.99 508.05 0.248871
3 1690.10 386.19 1836.18 540.61 0.212056
3 1745.10 466.56 1796.15 506.69 0.211825
1 878.64 307.23 1112.46 668.91 0.207364
7 747.96 300.81 1568.37 993.82 0.203162
2 924.02 779.91 1199.49 1012.69 0.200143
4 1585.80 598.77 1820.78 905.50 0.189344
6 1121.04 297.40 1335.48 730.05 0.187763
3 337.49 308.48 394.87 383.21 0.187190
10 1.79 191.48 449.61 428.10 0.178791
1 926.05 905.21 999.11 1014.31 0.178098
1 1009.04 882.29 1070.34 978.96 0.177439
10 1142.72 438.33 1312.42 705.69 0.174650
10 1005.82 772.03 1202.98 973.18 0.173906
4 759.99 357.08 902.63 541.63 0.171020
4 1598.15 606.42 1813.92 894.03 0.169788
10 1145.84 527.39 1312.82 704.76 0.169226
2 907.02 868.92 1087.63 1021.94 0.169055
4 1373.63 644.04 1586.87 960.28 0.168016
3 463.30 154.47 565.26 247.95 0.167887
3 938.03 912.87 991.26 1010.19 0.155228
4 728.14 620.00 944.98 869.36 0.149184
3 1016.17 887.35 1063.74 975.06 0.141598
7 743.31 635.00 1200.21 979.76 0.138869
7 1262.57 306.94 1288.56 348.59 0.135530
4 1578.62 588.68 1828.58 923.33 0.134421
4 1393.59 614.96 1802.25 948.45 0.132801
3 469.48 178.31 527.08 230.86 0.130466
6 1130.40 481.37 1326.27 723.27 0.125784
6 1291.92 301.52 1571.56 691.78 0.122860
3 1669.60 402.14 1804.50 513.06 0.120805
2 902.07 763.16 1216.74 1018.18 0.120688
6 1141.15 314.57 1312.14 707.79 0.120285
6 1346.36 415.80 1530.96 641.58 0.116707
3 1143.91 302.85 1289.04 352.60 0.115235
7 1727.81 408.10 1798.91 509.03 0.114011
4 1360.70 634.16 1595.99 969.88 0.112506
3 1145.44 302.83 1289.08 388.19 0.110335
4 744.64 343.03 919.97 563.35 0.109285
3 315.48 299.33 403.71 392.56 0.105396
3 332.95 306.64 396.79 385.25 0.104768
1 799.65 451.96 827.07 477.99 0.102331
