4 506.83 33.08 581.69 124.67 0.961330
4 1118.83 733.27 1260.29 839.50 0.953215
4 260.80 232.09 336.94 335.13 0.925952
4 277.92 358.93 365.65 473.55 0.912223
4 324.96 83.86 400.42 173.22 0.842468
4 1103.93 858.16 1255.04 940.39 0.810614
4 72.37 2.90 137.24 59.98 0.801996
4 1868.84 466.53 1915.81 510.40 0.698642
4 0.20 201.89 58.58 310.19 0.668532
4 220.97 512.12 310.88 604.85 0.661152
1 1306.98 218.32 1330.10 262.12 0.645787
4 1757.70 1004.50 1837.82 1076.97 0.622694
4 211.33 511.48 313.06 645.85 0.614212
4 260.36 231.70 392.42 335.19 0.613829
4 1101.30 76.24 1150.09 172.18 0.613679
1 1277.81 280.73 1305.34 330.57 0.607021
4 37.79 61.26 117.28 165.16 0.596864
4 1718.67 475.91 1799.17 519.40 0.581975
5 391.38 69.46 464.14 153.59 0.559319
6 324.78 69.01 464.51 174.85 0.534423
2 462.37 470.49 524.02 513.62 0.528110
4 404.54 -0.07 477.07 32.46 0.518293
2 1222.39 418.31 1243.49 452.23 0.510900
4 1642.47 481.64 1669.92 505.75 0.454876
2 1616.05 294.11 1643.76 341.07 0.451036
7 506.15 32.48 581.51 125.15 0.429033
1 1610.43 272.83 1686.74 345.36 0.416648
9 1149.27 319.85 1277.50 372.89 0.409749
2 1615.51 275.42 1679.85 341.74 0.399943
2 1145.10 130.09 1913.36 540.52 0.384885
7 0.17 201.77 57.31 309.90 0.365729
3 460.08 467.12 526.98 515.17 0.353848
4 1099.01 73.86 1151.23 173.56 0.332629
7 258.40 229.84 338.39 336.20 0.314798
3 69.62 794.84 113.85 846.60 0.303380
1 1304.71 216.20 1331.79 264.30 0.301266
7 1101.94 855.21 1256.74 952.63 0.293180
1 1276.67 278.63 1307.25 331.45 0.288901
7 1097.81 726.12 1270.34 963.31 0.271966
3 456.07 459.86 532.04 521.40 0.266343
1 764.56 963.98 821.65 1028.41 0.264201
1 1614.18 292.74 1645.68 342.07 0.261695
3 342.56 421.89 417.42 487.26 0.254887
4 1101.52 855.08 1257.78 957.33 0.242207
10 954.86 356.12 1039.19 508.48 0.235917
1 441.53 934.85 476.94 988.79 0.232187
1 1221.45 416.89 1247.24 453.58 0.229682
1 1240.87 376.23 1262.02 410.98 0.227327
6 390.34 66.43 463.00 150.23 0.224358
2 1605.82 268.43 1694.00 349.24 0.223044
3 446.25 450.94 546.16 536.08 0.219482
3 402.19 375.05 469.74 423.96 0.218026
10 1147.97 293.88 1279.71 374.60 0.214895
4 1084.79 64.79 1164.67 189.28 0.213203
4 321.87 65.00 464.99 177.72 0.212159
3 403.13 312.28 454.93 343.70 0.208249
4 1103.94 858.21 1255.49 960.91 0.205954
2 1242.44 377.84 1260.13 409.12 0.202703
3 405.70 346.35 467.23 373.20 0.201287
1 1420.37 404.72 1442.81 438.80 0.196492
1 1225.89 187.26 1253.12 228.62 0.196358
1 1258.58 328.90 1280.79 373.42 0.194641
3 340.73 310.91 486.77 520.46 0.193948
1 1298.15 214.11 1335.24 273.85 0.193027
1 1645.09 291.67 1683.31 338.79 0.188214
1 1645.94 276.42 1671.00 311.80 0.186432
4 221.25 537.23 284.75 603.15 0.186354
10 1143.07 293.52 1282.34 404.42 0.184714
10 1533.24 135.21 1893.24 234.46 0.183097
9 993.99 49.89 1073.94 192.10 0.182835
7 0.50 5.54 155.11 318.22 0.179399
10 374.67 7.85 1004.76 1067.73 0.179227
4 217.63 508.70 311.62 611.61 0.176726
2 436.42 876.94 518.98 995.97 0.173456
1 1644.68 279.36 1683.19 337.10 0.173374
1 1203.26 415.35 1250.18 458.99 0.170808
1 1138.22 879.32 1171.36 928.35 0.168339
10 518.20 13.23 997.87 518.87 0.168186
7 70.06 823.27 106.32 846.56 0.167599
7 0.35 47.51 124.38 313.67 0.165508
10 1517.64 135.93 1894.42 283.71 0.165195
10 1571.96 814.54 1732.77 891.58 0.165033
7 274.33 308.85 490.30 520.07 0.161774
3 346.81 482.26 399.36 522.00 0.161378
4 266.99 346.85 377.34 484.13 0.160554
3 342.69 314.03 475.56 512.63 0.156149
1 761.62 935.99 846.63 1035.28 0.155268
4 28.37 48.15 134.22 174.81 0.154219
2 1592.39 254.70 1711.15 362.65 0.154090
3 400.51 371.23 490.68 428.52 0.152253
1 1206.13 380.13 1224.82 408.80 0.150394
1 1572.99 703.92 1598.66 752.91 0.150168
7 69.19 1.54 142.51 61.88 0.150039
10 1674.42 232.81 1768.52 320.02 0.148831
4 1097.12 709.34 1286.16 875.24 0.148824
1 889.40 1028.63 917.77 1073.56 0.142304
7 213.23 305.92 491.97 627.42 0.141110
7 1387.96 774.17 1422.80 812.56 0.139633
7 1078.60 711.93 1289.54 978.77 0.139480
7 32.64 2.67 151.35 168.57 0.138496
2 1613.29 278.18 1683.84 343.58 0.136987
1 1245.22 154.93 1262.47 177.52 0.136697
7 457.86 110.32 513.29 143.18 0.136690
3 401.60 375.00 466.79 414.02 0.134591
1 1207.00 878.84 1238.45 925.61 0.134318
7 458.32 29.08 586.08 144.40 0.133164
1 1203.86 435.91 1218.71 457.21 0.130598
1 1025.95 214.34 1044.44 258.43 0.129462
6 935.92 501.83 1030.31 639.07 0.128798
10 1842.05 462.25 1914.28 525.54 0.127666
1 1769.84 452.35 1790.93 477.36 0.125059
1 1637.88 802.61 1675.70 838.36 0.124413
4 494.11 21.05 593.38 137.44 0.124325
10 367.91 421.71 416.21 451.69 0.123650
10 3.30 762.50 417.56 931.76 0.122378
3 461.68 476.54 510.48 513.93 0.121194
6 391.79 68.53 454.92 133.80 0.120154
10 1716.78 470.80 1799.89 540.54 0.118557
1 1405.21 403.27 1443.61 438.65 0.118367
3 399.80 377.87 442.60 410.24 0.118366
1 85.95 795.93 112.89 837.70 0.116312
4 219.41 533.00 287.07 605.46 0.115558
10 1500.22 217.20 1661.78 285.87 0.114622
10 1380.26 264.06 1707.75 494.90 0.114264
1 1420.75 367.62 1444.18 391.74 0.114203
10 1375.63 135.67 1895.77 507.50 0.113921
10 1501.10 179.37 1669.78 285.56 0.113820
10 928.10 886.50 1004.35 956.61 0.113398
1 969.52 650.91 1010.10 742.70 0.112574
3 419.88 377.20 467.89 418.10 0.112352
9 1099.49 73.78 1151.02 173.15 0.111393
3 455.50 105.62 516.61 148.59 0.110915
10 2.71 764.37 311.54 906.32 0.110261
2 1142.23 163.20 1362.56 457.03 0.110093
1 790.23 967.92 821.32 1015.36 0.109929
10 1790.72 242.03 1819.62 282.98 0.108998
1 1641.48 479.94 1671.54 507.33 0.108352
10 1400.55 278.25 1701.03 465.40 0.108161
2 875.15 885.25 1005.57 1073.78 0.107037
2 1613.72 276.89 1671.91 342.34 0.106415
10 1500.61 134.87 1894.48 330.19 0.106000
6 368.20 65.17 465.42 200.00 0.105889
6 938.68 354.55 1041.02 638.89 0.105502
10 1670.09 229.76 1801.54 323.63 0.105261
1 1404.16 407.36 1421.89 432.89 0.105093
10 1124.94 296.49 1300.53 457.87 0.104471
1 1160.54 370.83 1180.60 404.13 0.103689
4 1755.52 1002.27 1839.36 1074.64 0.102930
1 989.37 133.36 1014.12 202.30 0.100873
6 992.84 48.83 1075.04 190.97 0.100835
1 1641.48 262.87 1661.56 296.79 0.100454
1 604.36 61.26 624.59 94.34 0.100086
