4 720.72 228.44 919.50 328.25 0.523520
4 153.52 379.71 305.30 572.09 0.518251
1 617.61 229.03 640.30 289.58 0.508621
4 794.02 104.85 879.33 200.14 0.506558
2 633.58 286.19 656.44 342.79 0.468877
1 674.17 298.49 698.08 363.79 0.461227
1 756.37 634.08 785.27 702.81 0.454763
3 535.49 396.82 564.02 457.70 0.437711
2 747.65 353.26 775.25 408.54 0.418137
2 502.41 477.40 527.60 534.47 0.416148
4 474.82 121.17 552.94 222.98 0.411056
2 508.79 431.84 531.92 484.89 0.405105
1 648.83 568.81 680.41 640.72 0.402281
2 607.54 521.06 641.14 594.40 0.391262
2 1168.80 453.78 1210.85 522.53 0.384269
2 667.70 488.11 696.57 540.67 0.384198
2 652.55 85.68 672.75 140.14 0.368068
2 653.45 522.16 686.84 584.55 0.357154
1 398.57 486.83 429.34 547.58 0.354378
2 1129.54 458.68 1171.85 521.86 0.351706
4 768.67 0.27 833.85 68.68 0.338278
2 679.58 129.17 704.06 186.88 0.335770
2 391.93 533.56 419.05 593.16 0.331843
2 537.29 376.49 570.63 429.63 0.303372
2 630.63 548.18 654.70 588.42 0.303000
1 617.66 228.99 640.40 289.57 0.298135
1 756.85 634.14 785.19 702.77 0.295193
2 1129.40 429.52 1166.43 495.01 0.291451
2 674.05 48.32 697.21 99.98 0.290254
3 534.68 371.08 571.38 457.19 0.265120
1 674.20 298.49 698.01 363.85 0.262215
4 776.62 25.16 833.56 64.11 0.260854
2 434.36 359.94 453.88 399.83 0.250551
2 620.47 0.07 636.36 43.62 0.248808
3 436.83 378.45 459.90 420.14 0.245408
1 633.64 286.17 656.45 342.72 0.244293
2 647.33 0.13 663.49 31.54 0.229620
2 606.26 0.09 621.59 39.98 0.222092
7 708.65 332.70 757.49 446.99 0.219795
3 748.34 378.00 765.55 410.31 0.212402
2 720.72 43.71 741.78 92.25 0.211752
1 649.02 568.94 679.95 640.54 0.210439
2 1127.87 429.17 1211.21 523.46 0.209791
2 562.74 8.00 580.43 40.76 0.206097
1 652.57 85.59 672.68 140.04 0.202756
7 695.58 87.01 733.32 167.75 0.201175
1 606.76 520.98 639.95 594.24 0.198724
2 676.08 25.32 698.17 56.06 0.194763
7 696.36 104.69 730.65 166.90 0.191414
2 549.03 377.33 571.24 429.71 0.191407
2 736.71 0.56 758.15 30.33 0.190712
4 317.63 389.99 337.04 410.60 0.189742
3 748.77 367.37 776.23 410.61 0.186826
6 765.35 0.52 834.24 82.60 0.185024
2 1128.35 429.34 1166.87 521.50 0.184514
3 434.11 373.88 460.19 420.46 0.183507
