4 602.04 145.31 703.77 196.07 0.576617
4 614.12 653.32 867.02 764.13 0.539350
1 518.76 272.57 542.03 327.94 0.518007
4 406.54 200.37 470.30 264.93 0.480112
6 579.45 251.99 726.78 352.07 0.468999
4 903.39 665.74 1212.14 764.12 0.468764
3 691.99 158.27 718.43 191.23 0.466691
3 841.05 300.76 881.28 337.01 0.465883
4 316.89 196.68 397.90 262.59 0.444479
4 1241.74 231.26 1357.55 310.01 0.432083
4 1319.14 231.90 1359.73 284.96 0.429454
7 93.21 273.75 159.24 361.63 0.425263
7 285.65 384.32 367.21 443.20 0.422362
4 1126.68 224.51 1249.56 291.27 0.392656
4 0.17 516.15 29.17 586.75 0.385855
3 749.74 173.05 807.82 207.14 0.381176
4 508.79 23.29 588.30 52.70 0.376925
1 369.26 411.44 396.45 447.93 0.373837
7 0.20 396.15 70.74 489.58 0.371878
1 28.07 553.29 70.98 626.36 0.370065
4 1253.33 457.30 1355.33 542.42 0.362452
3 943.68 198.90 978.61 229.45 0.358105
4 918.53 527.48 1009.17 627.03 0.355562
1 526.54 83.49 539.97 112.57 0.354088
4 514.49 41.52 555.77 87.90 0.353776
1 12.46 559.53 38.55 620.99 0.353703
1 426.06 428.12 462.36 480.37 0.352613
1 870.47 177.82 888.10 224.71 0.344225
3 793.43 211.08 815.04 238.54 0.343308
4 82.47 64.18 186.81 103.07 0.342312
3 943.40 193.10 1002.57 229.13 0.334678
4 109.71 48.20 201.97 83.80 0.329452
1 904.92 170.56 918.10 209.62 0.328149
4 577.17 473.41 671.23 603.55 0.323066
2 884.22 172.95 898.22 217.87 0.322662
4 165.85 37.21 244.67 74.41 0.319772
1 440.28 412.99 476.39 462.97 0.308356
4 782.91 497.95 875.64 614.62 0.301214
4 182.86 12.29 249.73 43.56 0.298444
2 841.44 215.74 859.58 250.39 0.298269
3 777.05 177.40 808.05 207.18 0.296509
7 844.42 254.65 895.60 294.37 0.292566
4 1031.78 490.32 1250.64 609.48 0.291965
4 576.76 472.15 728.34 603.96 0.284963
2 912.64 216.06 935.09 252.16 0.277484
4 1106.99 223.01 1249.62 291.51 0.276766
2 12.67 552.97 70.58 626.82 0.275518
4 962.94 212.09 1079.90 255.82 0.267776
4 973.42 181.62 1028.83 211.67 0.266479
6 720.70 182.49 797.66 251.49 0.264302
1 518.90 272.66 542.14 328.01 0.263838
4 576.42 472.02 875.79 615.38 0.262739
4 403.96 8.52 486.92 47.22 0.262215
2 921.69 183.34 933.03 209.85 0.260978
1 378.98 27.84 392.02 58.21 0.260081
4 1027.22 208.17 1101.39 253.21 0.258584
4 919.30 554.43 1008.78 626.62 0.257487
4 192.28 0.22 266.84 29.94 0.254477
2 963.01 186.14 981.35 221.98 0.251650
4 412.48 177.62 470.30 205.20 0.249152
4 963.50 208.66 1101.60 258.68 0.248128
2 426.06 412.40 475.95 480.53 0.247806
4 386.79 36.27 458.20 66.66 0.245966
4 386.33 50.67 459.77 76.47 0.243320
2 841.23 215.88 854.29 247.84 0.238979
4 670.43 50.56 684.53 77.49 0.234647
6 341.28 141.98 409.71 206.68 0.232956
4 1108.46 223.58 1160.33 248.73 0.231741
7 895.95 252.78 961.65 320.23 0.227043
4 1083.75 494.47 1249.99 608.79 0.219608
7 943.75 181.63 1028.96 229.39 0.212621
4 404.40 8.34 486.00 36.74 0.206953
3 943.69 188.10 981.42 229.27 0.204653
7 269.81 427.16 337.31 502.86 0.196651
2 882.27 251.14 905.01 298.86 0.195659
4 260.41 -0.05 294.82 9.82 0.193824
4 1253.16 457.09 1359.18 612.05 0.192603
4 1128.70 494.64 1250.41 608.32 0.192556
7 886.31 619.75 945.12 670.49 0.189424
3 911.10 237.17 940.80 255.19 0.186143
4 509.51 18.44 531.24 33.08 0.185052
3 1051.39 157.95 1070.18 189.09 0.183623
1 526.65 83.52 539.90 112.51 0.183136
2 850.07 221.73 862.03 252.58 0.182883
