5 372.27 564.70 478.61 716.92 0.561337
1 848.57 603.61 873.15 682.98 0.540408
4 921.95 345.33 1042.20 402.29 0.532653
4 832.87 471.51 954.97 546.17 0.511392
3 735.52 336.51 752.36 363.50 0.509096
4 882.21 535.27 986.42 662.28 0.494845
7 1191.84 686.23 1295.11 764.00 0.469218
4 447.32 673.74 546.72 764.26 0.455538
1 946.85 404.48 965.19 451.78 0.442017
3 799.45 419.27 817.56 443.94 0.430711
1 972.94 398.68 998.50 442.36 0.419672
4 474.29 364.53 539.56 445.01 0.412124
4 815.30 280.62 862.24 326.74 0.403316
4 817.87 381.25 885.16 450.26 0.401538
4 496.05 302.37 555.76 368.54 0.395606
4 713.68 106.05 749.71 132.14 0.393974
4 770.68 136.42 799.93 165.70 0.388807
1 798.39 394.89 820.20 438.49 0.388493
4 538.31 200.60 585.63 252.09 0.384119
1 734.86 321.29 753.21 356.93 0.378957
4 431.14 441.36 518.81 566.32 0.378148
4 477.79 228.27 512.93 270.30 0.367215
4 1148.22 88.31 1189.29 122.59 0.362417
4 827.09 321.37 883.93 381.28 0.357745
4 1125.20 68.85 1155.84 97.29 0.342779
2 817.91 207.60 831.92 243.51 0.332465
4 570.12 145.15 602.03 182.01 0.323957
2 802.39 206.98 816.77 242.30 0.323697
1 962.84 725.76 988.94 759.62 0.323630
4 640.46 3.31 663.44 20.10 0.303670
4 694.28 92.65 721.44 116.28 0.297842
4 607.69 54.75 624.31 82.90 0.297489
4 557.09 159.83 590.64 203.59 0.290966
2 762.47 192.99 832.69 245.20 0.290441
1 347.52 606.47 363.71 634.89 0.284529
2 773.46 210.79 786.60 245.08 0.283257
1 254.99 645.78 275.31 679.75 0.282358
4 697.19 16.21 728.06 35.00 0.272241
4 692.18 44.55 715.39 64.58 0.271146
4 605.22 25.25 620.32 45.37 0.267347
7 942.38 747.79 1019.88 764.85 0.253443
2 762.68 193.91 773.88 222.71 0.250784
4 692.74 71.29 719.16 96.84 0.247974
1 1033.00 550.19 1046.50 582.23 0.243735
4 817.93 380.46 877.43 409.47 0.239384
2 785.71 209.03 797.39 239.21 0.235158
4 680.17 31.34 701.34 51.24 0.233904
3 246.60 643.51 310.04 687.78 0.233507
4 657.54 15.80 675.53 32.17 0.230283
2 800.09 153.60 810.61 177.58 0.227628
3 593.90 175.35 609.50 204.44 0.224872
4 749.00 93.94 768.78 113.39 0.220151
2 608.22 174.18 622.08 202.57 0.219491
4 622.00 -0.08 643.03 10.98 0.215427
4 697.62 61.53 716.12 79.84 0.208881
2 775.34 195.51 787.10 215.85 0.203500
4 696.80 67.92 717.09 83.75 0.200909
3 279.97 656.98 310.40 686.82 0.195507
1 946.87 404.59 965.05 451.84 0.194713
2 720.25 39.28 727.57 55.18 0.193030
4 797.32 380.92 881.82 440.75 0.191883
4 1165.64 94.01 1189.61 123.12 0.191488
1 848.49 603.84 873.26 682.82 0.190597
4 747.92 86.96 769.03 112.36 0.190208
6 809.81 280.42 884.92 381.71 0.181449
3 593.74 173.93 621.86 205.43 0.180442
