4 742.83 640.73 768.96 689.14 0.517392
4 739.85 453.81 758.83 480.80 0.469689
4 755.63 304.62 771.73 322.66 0.458804
4 723.15 548.50 742.93 583.51 0.449968
4 674.52 424.90 695.89 447.28 0.445441
4 699.43 708.49 726.53 761.06 0.412418
4 787.35 543.84 809.98 579.35 0.404283
4 638.98 179.98 660.49 191.35 0.402308
4 727.38 284.83 743.60 300.37 0.400069
4 600.59 178.59 626.16 189.88 0.381505
4 754.64 138.36 766.07 150.77 0.343040
4 769.28 248.45 784.42 269.66 0.328079
5 701.42 295.60 721.48 324.57 0.314674
4 746.32 204.64 757.17 217.55 0.306576
4 777.88 213.36 789.80 228.20 0.283072
4 794.32 105.46 803.92 119.36 0.281222
4 786.12 229.61 798.10 244.60 0.280590
4 1047.16 528.18 1096.10 551.43 0.280533
4 1030.96 554.33 1052.90 569.75 0.277652
4 763.29 95.28 772.52 105.14 0.270626
4 803.99 199.34 814.82 213.15 0.262282
4 790.29 154.90 803.55 166.43 0.261024
4 805.61 179.86 817.04 193.29 0.256727
4 1071.75 554.61 1110.25 579.41 0.252191
4 787.93 176.58 798.96 191.08 0.251211
6 793.72 285.59 815.69 346.48 0.245001
4 794.67 318.69 813.96 346.43 0.241928
1 1053.91 732.95 1064.29 751.74 0.238930
4 783.63 87.00 791.89 96.47 0.238679
4 774.36 159.84 785.57 173.65 0.230828
4 796.41 87.99 805.63 98.26 0.229827
4 808.66 101.33 816.80 111.45 0.215298
4 801.38 233.08 812.52 247.55 0.212013
4 804.52 148.77 815.96 159.59 0.207413
4 754.86 81.06 762.53 90.46 0.203385
4 857.44 252.98 881.27 271.65 0.202857
4 771.18 172.31 783.36 184.93 0.202781
4 940.43 526.97 966.26 539.86 0.202145
3 762.45 198.72 771.85 215.70 0.197157
4 938.57 526.84 981.11 548.09 0.193921
4 1015.57 550.66 1033.85 564.57 0.193239
4 767.64 84.46 776.27 92.66 0.192392
6 870.31 490.07 910.07 509.30 0.187154
5 475.09 349.56 505.39 378.87 0.184938
4 838.34 123.08 850.30 133.32 0.183383
