1 663.79 647.18 692.41 740.47 0.529684
4 0.31 713.13 171.73 885.24 0.505601
1 1203.17 642.24 1232.26 735.58 0.497090
1 227.35 600.89 269.67 681.07 0.479980
2 1356.21 636.82 1707.36 840.45 0.476534
1 74.65 578.89 121.72 653.29 0.474978
1 193.39 633.25 221.44 701.08 0.459493
1 74.45 578.90 121.62 653.35 0.412009
4 329.53 180.64 353.20 192.48 0.401719
4 475.61 177.88 499.22 187.15 0.360444
1 663.63 647.24 692.28 740.54 0.347553
2 1762.04 650.87 1793.12 715.68 0.344312
1 1203.15 642.31 1232.16 735.71 0.339959
1 227.43 600.89 269.22 681.21 0.318657
2 1357.88 700.33 1394.01 804.02 0.314483
1 193.38 633.32 221.45 701.21 0.311112
2 1395.38 669.94 1425.09 761.72 0.254186
2 1450.74 657.32 1478.37 726.44 0.250542
2 1654.66 733.06 1704.58 838.89 0.222059
4 128.39 190.59 157.53 204.05 0.219726
2 1485.46 718.82 1518.79 820.00 0.209212
2 1676.28 638.03 1703.38 707.25 0.207383
2 1640.37 672.54 1688.82 727.47 0.191312
