4 242.60 92.34 389.62 179.03 0.626586
4 511.36 373.03 678.91 517.44 0.598353
4 0.48 212.86 125.16 316.19 0.593319
4 743.85 295.40 915.93 436.92 0.545929
4 222.16 296.00 363.53 409.56 0.532260
4 357.77 278.48 521.40 413.83 0.528079
4 7.07 391.81 184.27 526.97 0.498859
4 0.21 461.11 101.99 603.41 0.497385
4 116.43 335.67 285.40 456.84 0.487976
4 1246.03 309.72 1399.61 455.40 0.484162
1 443.95 237.80 470.71 283.25 0.461812
3 1154.82 616.78 1226.83 700.94 0.461039
4 850.61 70.03 1022.65 178.09 0.460752
1 633.97 324.04 657.91 375.64 0.446146
1 418.91 181.91 447.96 234.03 0.445793
1 371.65 226.73 397.28 274.52 0.443532
1 582.13 344.55 607.45 394.78 0.432693
4 969.63 198.75 1146.27 300.08 0.430908
4 764.94 88.15 916.26 200.01 0.429598
4 1344.85 206.93 1399.69 277.72 0.416648
1 547.93 774.93 583.88 825.81 0.407460
3 1246.17 652.72 1327.15 736.72 0.406836
4 1212.47 223.56 1399.19 343.73 0.396492
4 881.71 -0.03 1000.09 43.78 0.393785
1 78.74 68.03 125.82 130.77 0.376410
1 649.62 566.14 677.75 648.45 0.370415
1 1088.85 635.59 1139.87 700.24 0.350799
1 775.37 386.41 798.06 435.23 0.337098
1 1178.80 595.02 1241.42 658.62 0.327552
4 800.94 0.11 899.61 49.93 0.312418
2 46.75 28.26 86.55 72.23 0.295922
1 762.34 386.30 798.09 437.88 0.267876
3 1154.28 632.76 1201.62 686.09 0.267266
3 79.68 92.34 125.83 132.02 0.265765
4 801.81 0.02 1000.08 48.36 0.246840
4 36.78 392.34 184.02 525.64 0.246258
4 206.07 1000.01 275.98 1049.38 0.242147
4 588.29 960.48 742.13 1049.34 0.230111
1 595.73 647.27 632.52 704.05 0.227218
1 1109.20 636.08 1139.56 697.29 0.221945
3 503.26 250.43 558.40 320.25 0.221444
3 42.87 54.19 125.10 131.99 0.208151
4 801.01 0.47 941.95 75.98 0.200419
1 418.46 182.14 445.05 232.76 0.190861
2 503.36 250.22 536.94 315.44 0.188696
4 801.51 -0.28 940.70 52.10 0.186391
1 582.45 344.66 606.99 394.72 0.182671
1 634.22 323.96 657.66 375.30 0.182412
