4 481.61 58.76 558.32 196.71 0.560670
4 717.00 131.04 775.65 255.21 0.541719
4 929.12 771.41 1007.80 956.49 0.528104
4 908.80 216.88 974.86 346.23 0.525047
4 288.11 107.71 365.76 251.64 0.510842
4 888.68 0.14 950.67 60.35 0.492845
4 317.75 0.52 383.70 102.77 0.488099
4 1190.16 338.51 1293.35 484.22 0.487090
4 892.24 68.72 962.51 185.09 0.483409
4 239.29 425.04 326.02 602.53 0.466063
4 985.41 106.48 1048.07 233.76 0.454091
4 973.36 1.86 1036.56 117.44 0.437553
4 262.61 258.58 348.23 425.38 0.432444
4 203.94 681.82 287.10 816.04 0.429629
4 966.37 1006.34 1037.01 1049.49 0.422207
4 498.94 971.06 570.87 1049.45 0.419501
4 0.12 359.60 46.54 424.53 0.415142
4 0.16 276.15 65.71 355.57 0.410843
4 155.47 896.64 263.91 1049.33 0.359854
4 155.20 851.98 264.20 1049.20 0.357078
4 903.17 558.63 979.39 734.03 0.354868
4 1020.81 324.42 1098.06 473.07 0.337959
4 1056.74 530.13 1133.03 682.71 0.331292
4 477.00 926.51 571.59 1049.01 0.309083
4 0.05 437.48 10.91 488.11 0.308806
2 312.65 769.75 348.99 841.38 0.291746
1 183.93 270.54 217.68 310.94 0.289716
3 17.81 0.54 106.94 46.44 0.282913
6 1322.16 195.34 1399.55 468.98 0.267113
4 1025.60 325.15 1096.23 433.66 0.264973
3 126.38 -0.17 164.79 38.80 0.258928
1 77.65 432.39 122.34 467.55 0.226428
2 173.40 1.25 210.75 40.14 0.224823
2 1095.38 375.97 1135.40 415.25 0.213612
2 1148.97 381.73 1168.76 413.94 0.206518
4 851.73 663.68 877.02 706.85 0.186617
2 126.72 0.13 150.29 38.29 0.183163
