4 660.62 334.79 687.91 374.08 0.557185
4 569.94 461.98 596.59 506.33 0.513299
4 683.14 218.62 704.95 251.25 0.507089
4 525.19 176.57 543.59 198.82 0.489460
4 579.07 272.72 599.75 304.18 0.485048
4 646.33 196.41 667.74 231.90 0.475701
4 424.02 179.48 443.25 203.33 0.469532
4 386.90 15.78 419.52 42.46 0.430614
4 500.49 379.67 526.53 420.37 0.427567
5 578.86 155.73 601.49 202.01 0.426277
4 328.49 29.17 368.67 56.34 0.413517
4 132.78 242.93 188.31 281.10 0.410246
4 0.21 144.09 41.80 166.42 0.397013
4 315.98 412.84 342.23 450.55 0.393191
4 154.98 215.71 206.95 242.29 0.390858
4 144.36 108.14 186.55 134.40 0.381207
4 582.55 40.17 600.73 54.97 0.371511
4 138.44 191.17 170.66 213.80 0.370912
4 323.69 83.67 362.37 103.62 0.362211
4 274.41 162.85 317.00 191.82 0.361344
1 906.19 302.22 949.58 370.64 0.357283
6 53.26 182.02 412.39 399.27 0.346281
4 106.32 93.66 149.04 114.89 0.344739
4 319.79 140.48 360.67 169.43 0.339024
4 661.57 0.58 675.78 16.98 0.329939
4 160.67 77.58 205.71 103.77 0.329210
4 212.39 135.76 246.46 155.54 0.298343
1 68.84 464.97 85.98 488.53 0.297743
1 67.75 533.05 83.39 553.89 0.288973
4 167.05 29.07 195.96 48.27 0.288509
4 310.45 123.66 341.81 141.64 0.282303
6 206.98 177.86 272.94 218.07 0.279408
1 186.61 570.27 207.80 599.35 0.276055
4 362.92 1.78 394.29 21.42 0.268537
4 478.60 163.72 488.44 175.42 0.262398
2 76.88 499.52 98.41 521.86 0.254541
4 133.32 12.91 156.71 27.79 0.246927
6 164.78 349.01 410.68 632.61 0.245737
6 364.14 534.16 410.84 635.37 0.242170
4 245.03 16.97 278.31 37.39 0.233774
4 231.19 149.16 277.29 173.42 0.233531
4 439.39 467.13 462.25 489.96 0.231857
4 661.59 0.20 685.21 17.35 0.231781
4 519.48 0.25 533.64 12.95 0.225900
4 97.17 -0.13 142.25 13.16 0.220488
1 295.85 202.56 304.35 217.61 0.218308
4 169.73 179.71 202.86 199.68 0.216688
4 897.89 54.50 922.27 73.65 0.216085
2 84.89 500.32 98.43 519.22 0.214490
4 332.82 0.24 364.24 20.75 0.213204
4 247.66 148.97 277.12 166.11 0.206620
4 434.98 169.78 455.27 184.97 0.204702
4 296.19 292.56 322.32 316.55 0.204616
4 111.08 64.20 146.23 82.37 0.202839
4 333.00 117.80 356.52 134.94 0.202066
1 195.24 570.63 208.23 591.13 0.200876
3 983.64 226.46 1008.81 249.18 0.196610
6 622.78 696.83 829.78 783.79 0.196067
4 188.92 28.61 209.86 44.13 0.195743
2 887.81 632.51 898.11 651.06 0.193808
2 186.51 577.78 200.95 598.95 0.193385
2 89.46 204.67 103.50 223.07 0.190561
2 1027.93 558.67 1185.19 670.20 0.190323
5 259.13 497.18 308.96 536.86 0.190167
4 174.67 151.43 217.00 175.79 0.187458
7 979.03 106.91 1018.47 142.14 0.184138
6 1017.18 118.75 1098.67 228.47 0.181800
4 1291.57 11.63 1308.86 23.63 0.181403
6 972.45 118.54 1098.68 228.67 0.180466
