4 950.22 655.43 1080.20 775.05 0.992412
4 717.43 693.80 886.05 839.70 0.991216
4 960.31 618.91 1045.36 677.69 0.988037
4 819.35 612.43 913.00 692.73 0.954512
1 389.55 697.67 466.41 896.69 0.949369
4 441.93 903.00 851.12 1078.94 0.932130
3 652.90 667.45 692.35 740.45 0.919002
3 1207.06 700.47 1244.67 776.39 0.912741
4 939.83 554.39 966.44 575.42 0.904286
4 755.25 570.16 785.63 601.33 0.884536
1 119.39 725.03 243.09 951.64 0.883956
3 1514.52 918.43 1626.81 1078.31 0.881144
1 1519.14 843.32 1628.69 1075.79 0.835967
4 1087.57 563.32 1116.63 579.43 0.820157
4 917.68 579.69 933.58 595.93 0.807021
1 453.14 739.37 545.78 924.37 0.800068
2 1206.11 662.29 1249.34 758.70 0.760861
1 238.45 676.57 316.88 854.68 0.740791
4 975.85 599.50 1017.13 615.95 0.716374
3 452.67 818.44 544.74 961.70 0.712444
4 1249.93 558.86 1282.06 576.57 0.684763
4 915.64 541.01 931.65 553.38 0.651375
2 1518.59 844.18 1628.35 1072.23 0.647412
4 1207.57 573.30 1255.77 596.39 0.626333
4 1166.36 560.33 1218.21 592.94 0.623709
3 0.42 786.26 109.41 919.14 0.616708
3 1151.04 694.00 1193.30 774.92 0.608614
7 610.00 616.00 651.45 657.95 0.593866
3 1081.57 655.65 1107.70 703.67 0.551010
2 611.99 606.51 635.15 653.11 0.544372
2 625.60 605.38 635.62 620.92 0.504621
2 615.89 605.47 635.04 626.14 0.497962
2 1138.17 622.03 1168.42 692.08 0.495177
7 717.26 694.31 885.87 840.61 0.458932
2 1208.05 575.08 1218.66 593.19 0.451211
1 1077.28 622.23 1112.35 691.26 0.439476
3 1137.43 643.32 1156.24 690.61 0.436244
2 1246.71 575.54 1256.30 595.00 0.428523
3 1138.82 646.61 1166.89 693.41 0.419378
5 1082.63 575.87 1142.33 618.97 0.413344
3 1206.18 697.27 1246.27 776.42 0.411652
3 1142.35 657.46 1168.32 698.92 0.409885
2 956.12 607.21 971.45 652.65 0.409191
10 609.15 612.64 652.11 658.28 0.407076
2 117.54 725.65 243.40 951.77 0.405432
7 948.40 649.52 1082.93 776.37 0.398512
2 654.37 628.39 693.96 721.95 0.394630
2 452.26 739.25 545.92 924.78 0.392692
2 836.98 553.63 848.76 586.95 0.391845
2 1149.48 658.59 1193.36 763.17 0.388201
2 1380.92 581.83 1395.06 616.44 0.388116
1 1137.97 622.74 1169.69 690.82 0.385525
1 142.90 708.89 216.15 915.05 0.385256
2 105.83 667.16 552.89 965.00 0.376297
2 1077.38 622.51 1111.78 691.04 0.363684
2 1197.47 535.33 1207.84 571.33 0.357589
2 1073.64 592.21 1095.21 645.44 0.352296
7 817.18 609.15 912.96 693.19 0.340059
3 1149.60 690.63 1195.00 775.06 0.337249
7 1078.88 575.00 1176.65 621.72 0.334792
2 745.30 556.27 757.65 596.59 0.328511
7 953.41 597.74 1047.85 680.41 0.313615
1 1279.44 701.37 1334.20 755.26 0.311777
2 778.28 571.19 786.84 601.08 0.305251
3 1075.91 617.05 1098.01 648.83 0.305183
2 143.74 710.05 215.94 913.26 0.300351
2 1073.15 593.25 1088.52 641.77 0.295197
4 1080.21 575.28 1176.03 619.36 0.286559
1 1071.44 588.49 1097.26 643.55 0.283247
4 1178.17 560.74 1218.09 592.05 0.277737
7 942.89 601.89 1088.06 779.75 0.276536
2 11.68 656.32 560.32 975.13 0.272047
4 938.30 551.59 967.86 576.39 0.265628
7 1172.69 558.83 1220.33 593.97 0.250485
2 1072.08 590.55 1095.02 643.79 0.247039
3 428.76 795.46 579.13 971.96 0.239226
3 642.65 658.70 704.51 744.50 0.228927
2 112.25 671.12 321.94 956.31 0.226618
4 695.90 672.26 911.64 863.85 0.226042
2 1072.40 592.63 1083.06 641.02 0.223208
5 1088.76 587.11 1175.43 619.56 0.214334
2 977.69 544.97 1062.61 597.88 0.203387
7 959.85 615.42 1046.24 670.83 0.197422
4 821.06 602.30 912.93 639.12 0.195451
3 606.43 602.51 654.20 660.75 0.190876
3 609.02 611.73 652.18 658.17 0.189745
4 1053.71 543.54 1077.84 556.80 0.188734
1 949.95 592.01 973.83 651.82 0.186417
10 753.96 567.07 786.82 602.57 0.185491
2 21.17 560.34 1647.81 1068.23 0.184946
4 959.54 613.45 1037.05 654.23 0.182766
3 1077.50 616.68 1098.03 646.93 0.181615
4 900.52 586.35 916.80 603.51 0.181124
1 444.70 733.96 554.19 962.74 0.180014
3 1135.06 642.43 1167.66 693.08 0.177198
2 1132.49 619.81 1253.00 779.37 0.173948
7 435.87 898.34 854.78 1077.47 0.172385
3 950.16 587.16 971.82 618.24 0.171842
10 1271.88 690.22 1342.95 763.57 0.168051
1 610.32 605.46 638.24 654.37 0.163957
1 953.00 606.97 972.99 651.88 0.162988
4 935.70 536.46 969.76 577.13 0.161645
1 587.43 592.44 616.83 672.52 0.161087
10 1076.33 536.18 1178.25 622.81 0.160933
10 1140.30 498.79 1185.87 579.92 0.160586
2 1023.57 554.90 1059.09 596.49 0.160077
1 1486.21 822.15 1658.50 1076.14 0.159944
1 1026.81 559.51 1041.66 592.16 0.159894
10 751.44 558.44 789.90 603.92 0.156989
1 643.43 618.52 705.43 742.64 0.149638
2 67.11 627.63 599.23 999.12 0.147204
7 707.48 548.09 1257.32 845.67 0.146920
1 383.76 689.22 553.74 959.51 0.145321
1 1072.82 618.94 1116.50 703.96 0.142934
7 710.40 582.77 1088.47 845.50 0.142690
1 619.95 603.91 638.51 627.47 0.142679
7 812.22 583.96 923.95 697.23 0.141640
10 1072.53 587.62 1097.36 624.40 0.140468
7 951.83 596.06 1039.82 655.34 0.139435
2 72.44 657.61 1640.73 1073.63 0.139285
7 924.28 579.17 1114.99 803.96 0.138988
7 711.73 597.59 920.55 846.96 0.138334
1 1379.45 579.91 1397.78 616.78 0.137928
2 13.54 545.29 1266.61 967.46 0.132019
1 653.37 626.12 695.44 725.98 0.131894
1 656.16 627.33 692.29 677.77 0.131024
3 1215.23 712.67 1243.16 775.19 0.130441
2 5.09 670.33 320.93 956.81 0.129557
2 928.13 535.30 1068.38 600.48 0.129479
7 709.08 593.79 1254.10 843.90 0.129301
3 1141.37 657.48 1168.70 696.58 0.127155
2 920.19 524.88 1071.78 600.85 0.126547
7 669.33 537.42 1260.12 846.26 0.124074
1 833.24 551.60 852.27 588.14 0.121627
3 1076.57 613.11 1099.74 647.97 0.121588
1 146.48 708.86 215.19 782.99 0.121429
1 450.99 815.71 546.50 961.44 0.120438
1 978.37 547.60 992.66 575.49 0.120313
4 1086.04 559.90 1117.38 580.42 0.120190
10 1080.07 497.14 1180.06 622.67 0.119625
1 1039.69 559.74 1055.18 592.92 0.119288
2 1074.05 609.86 1254.66 780.26 0.119127
10 201.28 757.42 276.56 820.04 0.118204
4 664.05 654.53 942.71 888.21 0.118186
4 1249.05 555.76 1284.20 577.98 0.117376
10 993.71 564.34 1016.21 590.02 0.115740
9 1073.73 554.84 1220.66 623.25 0.115475
6 1077.78 564.18 1177.70 622.48 0.114654
1 0.83 784.41 110.70 919.60 0.113982
6 1085.00 529.02 1139.82 579.46 0.113408
4 973.19 596.83 1020.26 617.88 0.111800
9 928.81 545.58 970.86 578.68 0.110080
1 1502.80 832.47 1645.30 1076.87 0.109387
9 941.40 530.17 968.32 556.98 0.108928
1 1006.58 556.05 1021.46 585.43 0.108431
7 843.74 591.10 918.61 633.78 0.107455
10 1068.29 585.11 1102.40 648.16 0.107341
3 1151.07 657.41 1194.80 762.75 0.106946
2 21.88 480.22 1676.55 1069.29 0.106856
10 1052.65 554.79 1068.72 579.11 0.106029
10 1086.52 584.64 1175.69 620.69 0.105634
1 927.70 551.62 941.35 574.84 0.103927
1 1009.20 674.86 1055.35 699.60 0.103281
1 1513.64 915.34 1628.82 1076.85 0.102300
10 1071.83 588.12 1098.06 640.09 0.101464
1 1149.48 658.59 1193.36 763.17 0.072258
8 625.60 605.38 635.62 620.92 0.049374
8 838.33 570.01 847.97 587.70 0.049314
8 1246.71 575.54 1256.30 595.00 0.049250
8 1208.05 575.08 1218.66 593.19 0.049228
8 917.71 582.47 932.59 596.37 0.049169
7 625.60 605.38 635.62 620.92 0.049165
7 838.33 570.01 847.97 587.70 0.049086
7 1246.71 575.54 1256.30 595.00 0.049000
8 1162.02 597.10 1174.21 618.09 0.048972
2 838.33 570.01 847.97 587.70 0.048972
8 778.28 571.19 786.84 601.08 0.048971
7 1208.05 575.08 1218.66 593.19 0.048971
1 625.60 605.38 635.62 620.92 0.048928
10 625.60 605.38 635.62 620.92 0.048927
8 997.04 567.23 1011.44 585.88 0.048920
7 917.71 582.47 932.59 596.37 0.048892
10 838.33 570.01 847.97 587.70 0.048842
1 838.33 570.01 847.97 587.70 0.048825
8 1042.42 563.44 1052.68 591.97 0.048823
2 917.71 582.47 932.59 596.37 0.048753
3 625.60 605.38 635.62 620.92 0.048748
8 917.49 576.12 933.44 595.90 0.048732
1 1246.71 575.54 1256.30 595.00 0.048716
10 1246.71 575.54 1256.30 595.00 0.048714
1 1208.05 575.08 1218.66 593.19 0.048678
10 1208.05 575.08 1218.66 593.19 0.048677
8 1029.29 560.95 1040.34 591.18 0.048657
7 1162.02 597.10 1174.21 618.09 0.048629
3 838.33 570.01 847.97 587.70 0.048629
7 778.28 571.19 786.84 601.08 0.048629
10 917.71 582.47 932.59 596.37 0.048585
1 917.71 582.47 932.59 596.37 0.048575
8 837.19 557.90 849.85 586.20 0.048560
7 997.04 567.23 1011.44 585.88 0.048560
3 1246.71 575.54 1256.30 595.00 0.048500
8 1197.47 535.33 1207.84 571.33 0.048499
2 1162.02 597.10 1174.21 618.09 0.048458
3 1208.05 575.08 1218.66 593.19 0.048456
7 1042.42 563.44 1052.68 591.97 0.048431
8 615.89 605.47 635.04 626.14 0.048409
2 997.04 567.23 1011.44 585.88 0.048380
3 917.71 582.47 932.59 596.37 0.048338
7 917.49 576.12 933.44 595.90 0.048310
10 1162.02 597.10 1174.21 618.09 0.048260
1 778.28 571.19 786.84 601.08 0.048243
1 1162.02 597.10 1174.21 618.09 0.048238
10 778.28 571.19 786.84 601.08 0.048237
8 951.58 588.89 969.66 613.26 0.048228
7 1029.29 560.95 1040.34 591.18 0.048210
10 997.04 567.23 1011.44 585.88 0.048169
1 997.04 567.23 1011.44 585.88 0.048148
2 917.49 576.12 933.44 595.90 0.048098
7 837.19 557.90 849.85 586.20 0.048080
8 1380.92 581.83 1395.06 616.44 0.048033
7 1197.47 535.33 1207.84 571.33 0.047999
8 745.30 556.27 757.65 596.59 0.047999
1 1042.42 563.44 1052.68 591.97 0.047988
10 1042.42 563.44 1052.68 591.97 0.047983
3 1162.02 597.10 1174.21 618.09 0.047944
3 778.28 571.19 786.84 601.08 0.047943
8 1072.40 592.63 1083.06 641.02 0.047927
7 615.89 605.47 635.04 626.14 0.047878
10 917.49 576.12 933.44 595.90 0.047850
3 997.04 567.23 1011.44 585.88 0.047840
1 917.49 576.12 933.44 595.90 0.047827
1 1029.29 560.95 1040.34 591.18 0.047715
10 1029.29 560.95 1040.34 591.18 0.047698
3 1042.42 563.44 1052.68 591.97 0.047647
7 951.58 588.89 969.66 613.26 0.047638
10 837.19 557.90 849.85 586.20 0.047561
1 837.19 557.90 849.85 586.20 0.047532
8 1076.99 619.25 1098.16 648.38 0.047521
3 917.49 576.12 933.44 595.90 0.047464
1 1197.47 535.33 1207.84 571.33 0.047429
10 1197.47 535.33 1207.84 571.33 0.047427
8 1137.98 647.60 1152.61 692.07 0.047384
7 1380.92 581.83 1395.06 616.44 0.047377
2 951.58 588.89 969.66 613.26 0.047343
7 745.30 556.27 757.65 596.59 0.047332
3 1029.29 560.95 1040.34 591.18 0.047315
8 954.72 611.69 971.06 652.90 0.047292
1 615.89 605.47 635.04 626.14 0.047274
10 615.89 605.47 635.04 626.14 0.047272
7 1072.40 592.63 1083.06 641.02 0.047236
3 837.19 557.90 849.85 586.20 0.047121
8 1073.15 593.25 1088.52 641.77 0.047002
8 1085.99 663.34 1105.18 702.22 0.047001
3 1197.47 535.33 1207.84 571.33 0.046998
10 951.58 588.89 969.66 613.26 0.046984
1 951.58 588.89 969.66 613.26 0.046963
3 615.89 605.47 635.04 626.14 0.046817
7 1076.99 619.25 1098.16 648.38 0.046695
8 1136.75 634.73 1152.48 687.67 0.046653
8 1074.18 608.62 1095.07 648.53 0.046648
1 1380.92 581.83 1395.06 616.44 0.046634
10 1380.92 581.83 1395.06 616.44 0.046628
1 1072.40 592.63 1083.06 641.02 0.046589
1 745.30 556.27 757.65 596.59 0.046570
10 745.30 556.27 757.65 596.59 0.046569
7 1137.98 647.60 1152.61 692.07 0.046513
3 951.58 588.89 969.66 613.26 0.046457
10 1072.40 592.63 1083.06 641.02 0.046446
7 954.72 611.69 971.06 652.90 0.046390
8 756.15 569.76 785.07 601.26 0.046338
2 1076.99 619.25 1098.16 648.38 0.046282
2 1137.98 647.60 1152.61 692.07 0.046077
3 1380.92 581.83 1395.06 616.44 0.046066
10 1137.98 647.60 1152.61 692.07 0.046017
7 1073.15 593.25 1088.52 641.77 0.046003
7 1085.99 663.34 1105.18 702.22 0.046001
3 745.30 556.27 757.65 596.59 0.045998
8 610.65 610.40 633.88 653.63 0.045964
10 1076.99 619.25 1098.16 648.38 0.045874
3 1072.40 592.63 1083.06 641.02 0.045853
1 1076.99 619.25 1098.16 648.38 0.045751
8 621.68 619.53 650.68 657.57 0.045566
7 1136.75 634.73 1152.48 687.67 0.045538
7 1074.18 608.62 1095.07 648.53 0.045531
1 1137.98 647.60 1152.61 692.07 0.045516
2 1085.99 663.34 1105.18 702.22 0.045502
8 1073.19 594.98 1096.42 643.17 0.045499
8 951.52 598.03 972.06 653.38 0.045432
10 954.72 611.69 971.06 652.90 0.045417
1 954.72 611.69 971.06 652.90 0.045358
8 1138.75 649.66 1163.69 696.24 0.045330
7 756.15 569.76 785.07 601.26 0.045118
8 1080.75 655.60 1106.73 702.68 0.045086
2 1074.18 608.62 1095.07 648.53 0.044972
10 1085.99 663.34 1105.18 702.22 0.044880
1 1073.15 593.25 1088.52 641.77 0.044864
10 1073.15 593.25 1088.52 641.77 0.044861
1 1085.99 663.34 1105.18 702.22 0.044859
7 610.65 610.40 633.88 653.63 0.044619
3 954.72 611.69 971.06 652.90 0.044584
2 756.15 569.76 785.07 601.26 0.044508
10 1136.75 634.73 1152.48 687.67 0.044486
10 1074.18 608.62 1095.07 648.53 0.044420
1 1136.75 634.73 1152.48 687.67 0.044263
1 1074.18 608.62 1095.07 648.53 0.044254
7 621.68 619.53 650.68 657.57 0.044089
3 1073.15 593.25 1088.52 641.77 0.044005
3 1085.99 663.34 1105.18 702.22 0.044002
7 1073.19 594.98 1096.42 643.17 0.043999
7 951.52 598.03 972.06 653.38 0.043909
7 1138.75 649.66 1163.69 696.24 0.043773
10 756.15 569.76 785.07 601.26 0.043745
1 756.15 569.76 785.07 601.26 0.043723
7 1080.75 655.60 1106.73 702.68 0.043448
2 621.68 619.53 650.68 657.57 0.043350
3 1136.75 634.73 1152.48 687.67 0.043307
3 1074.18 608.62 1095.07 648.53 0.043297
10 111.65 858.94 138.44 896.24 0.043186
2 951.52 598.03 972.06 653.38 0.043148
10 610.65 610.40 633.88 653.63 0.043123
1 610.65 610.40 633.88 653.63 0.043082
2 1138.75 649.66 1163.69 696.24 0.042995
3 756.15 569.76 785.07 601.26 0.042677
2 1080.75 655.60 1106.73 702.68 0.042628
10 621.68 619.53 650.68 657.57 0.042416
1 621.68 619.53 650.68 657.57 0.042400
10 1073.19 594.98 1096.42 643.17 0.042359
1 1073.19 594.98 1096.42 643.17 0.042284
10 951.52 598.03 972.06 653.38 0.042264
10 1138.75 649.66 1163.69 696.24 0.042251
1 951.52 598.03 972.06 653.38 0.042169
8 1139.46 623.64 1168.31 692.63 0.042001
1 1138.75 649.66 1163.69 696.24 0.041994
3 610.65 610.40 633.88 653.63 0.041929
10 1080.75 655.60 1106.73 702.68 0.041634
1 1080.75 655.60 1106.73 702.68 0.041575
3 621.68 619.53 650.68 657.57 0.041133
3 1073.19 594.98 1096.42 643.17 0.040998
3 951.52 598.03 972.06 653.38 0.040863
8 1078.28 623.08 1111.72 692.02 0.040736
8 1281.88 705.03 1331.50 755.30 0.039974
7 1139.46 623.64 1168.31 692.63 0.039335
8 653.48 668.15 691.78 740.43 0.038873
7 1078.28 623.08 1111.72 692.02 0.037648
8 1152.18 695.75 1191.83 775.78 0.037247
1 1139.46 623.64 1168.31 692.63 0.036633
7 1281.88 705.03 1331.50 755.30 0.036632
10 1139.46 623.64 1168.31 692.63 0.036288
8 654.20 628.47 693.45 718.35 0.035820
7 653.48 668.15 691.78 740.43 0.035165
1 654.20 628.47 693.45 718.35 0.035119
2 1281.88 705.03 1331.50 755.30 0.034961
10 1078.28 623.08 1111.72 692.02 0.034119
3 1139.46 623.64 1168.31 692.63 0.034005
8 1206.64 663.08 1249.50 756.32 0.033939
2 653.48 668.15 691.78 740.43 0.033310
10 1281.88 705.03 1331.50 755.30 0.032861
1 1281.88 705.03 1331.50 755.30 0.032813
8 1150.24 659.57 1193.95 762.42 0.031934
3 1078.28 623.08 1111.72 692.02 0.031474
7 654.20 628.47 693.45 718.35 0.031093
10 653.48 668.15 691.78 740.43 0.030973
1 653.48 668.15 691.78 740.43 0.030926
2 1152.18 695.75 1191.83 775.78 0.030871
10 1206.94 698.71 1243.69 776.69 0.030421
3 1281.88 705.03 1331.50 755.30 0.029949
8 49.35 801.42 108.09 888.60 0.029418
7 1206.64 663.08 1249.50 756.32 0.028585
10 1152.18 695.75 1191.83 775.78 0.028569
1 1152.18 695.75 1191.83 775.78 0.028139
7 1150.24 659.57 1193.95 762.42 0.025911
10 654.20 628.47 693.45 718.35 0.025691
1 1206.64 663.08 1249.50 756.32 0.024163
7 49.35 801.42 108.09 888.60 0.022558
10 1206.64 663.08 1249.50 756.32 0.022466
3 654.20 628.47 693.45 718.35 0.021641
