4 1004.27 717.27 1084.37 787.72 0.990190
4 1329.13 645.76 1399.83 725.96 0.988443
4 1141.94 870.66 1277.54 994.86 0.981789
4 211.08 44.41 262.89 70.28 0.978581
4 1216.24 68.65 1282.92 110.47 0.974591
4 414.83 21.66 464.07 43.11 0.947051
4 1258.34 62.33 1300.16 97.75 0.925437
4 595.00 1018.28 674.89 1049.64 0.918846
4 490.73 262.94 529.77 279.19 0.890620
9 566.25 19.33 654.16 65.31 0.886582
4 1168.16 90.07 1207.79 124.77 0.874356
4 1091.15 258.82 1116.72 275.19 0.856431
4 1290.28 59.91 1339.08 94.65 0.854063
4 1353.67 119.09 1399.79 155.05 0.845668
4 1058.42 110.59 1101.20 149.84 0.842962
1 921.59 351.06 934.56 378.74 0.825646
1 704.63 861.21 718.07 897.07 0.817002
4 1320.28 47.46 1366.11 77.45 0.795595
1 1024.07 184.60 1035.52 207.05 0.777320
4 1318.47 148.40 1352.81 176.23 0.719743
4 1380.23 26.11 1399.76 50.98 0.711536
1 1216.89 547.69 1247.04 578.84 0.711437
1 1210.58 547.71 1247.22 588.08 0.682268
1 1178.50 566.33 1203.13 593.38 0.680565
5 944.66 147.10 1011.10 202.41 0.676712
1 1056.97 759.28 1080.72 790.53 0.672236
1 1138.75 540.14 1178.64 595.92 0.668132
1 747.27 879.17 760.01 910.36 0.666890
2 947.00 351.71 955.02 364.14 0.606560
2 971.77 367.07 979.33 381.82 0.596369
1 804.71 844.84 819.80 870.89 0.587020
2 873.40 290.34 880.34 302.83 0.577876
4 1290.23 146.17 1352.04 177.54 0.577605
1 751.34 856.94 772.87 883.26 0.575254
7 954.54 758.46 1020.57 815.54 0.572734
6 185.83 548.02 248.61 583.27 0.566321
4 0.67 65.47 70.93 93.66 0.565284
2 872.67 290.49 881.32 313.62 0.557945
2 1041.02 318.54 1050.34 332.50 0.557539
5 1149.55 158.90 1224.19 209.99 0.556336
2 564.74 3.22 574.24 16.58 0.554115
6 1006.38 10.72 1051.20 46.63 0.547547
2 805.32 845.43 819.13 870.71 0.540570
4 1371.30 168.44 1399.69 201.19 0.539404
7 1226.47 568.98 1269.79 626.44 0.536580
2 1138.90 540.65 1177.83 595.19 0.526442
1 765.91 823.23 780.93 857.14 0.524992
4 535.11 -0.27 573.15 11.37 0.519972
2 1218.27 548.56 1246.14 575.23 0.514462
2 914.42 802.73 930.68 826.84 0.499125
2 1179.31 567.36 1202.94 592.79 0.495659
2 1379.60 522.26 1399.89 552.29 0.493198
7 1228.91 583.48 1264.71 625.68 0.478326
2 1143.02 608.31 1169.91 641.02 0.471073
2 1126.27 684.50 1137.93 703.82 0.470782
2 1277.20 445.26 1296.56 474.17 0.467640
2 711.76 175.75 725.00 197.59 0.464782
2 1126.53 271.04 1140.97 291.90 0.462919
2 1197.75 315.23 1211.02 334.29 0.459903
2 1341.03 143.16 1349.27 157.91 0.455290
2 1243.73 413.26 1259.09 436.75 0.454640
2 1271.50 432.71 1286.64 453.75 0.454337
2 705.87 861.69 717.07 896.10 0.454069
2 1157.79 540.46 1177.57 567.31 0.445711
2 1073.50 189.18 1085.00 209.47 0.443845
2 1152.15 292.91 1163.30 312.01 0.434888
2 1019.76 26.96 1029.23 49.54 0.428624
2 1104.53 674.10 1122.19 698.88 0.427846
6 1235.14 320.27 1308.82 386.97 0.426459
2 806.45 821.34 829.77 838.45 0.420319
2 942.96 186.65 954.64 205.43 0.418918
6 962.62 11.48 995.69 50.79 0.414345
2 841.70 145.35 851.86 164.43 0.412193
2 1086.82 189.48 1102.00 215.99 0.409903
2 1055.86 761.69 1068.96 784.18 0.409507
2 767.02 824.21 780.62 856.56 0.407497
2 805.72 821.19 814.45 839.20 0.407112
2 700.98 539.84 1262.42 912.06 0.406577
2 981.72 773.43 999.67 807.78 0.400735
2 1319.99 322.93 1328.71 342.24 0.395343
2 1104.55 572.97 1116.42 599.16 0.390352
10 1334.72 386.62 1399.64 437.13 0.385950
2 982.65 178.82 990.01 195.86 0.384247
2 1339.35 143.33 1351.30 168.38 0.371020
1 765.24 821.74 781.45 856.63 0.357328
1 703.70 859.96 718.88 897.34 0.351855
1 906.56 800.53 937.77 829.51 0.346797
1 803.58 843.78 820.44 871.36 0.343533
2 700.91 812.77 833.12 914.49 0.341009
2 1390.99 478.35 1399.95 499.54 0.339966
2 720.48 174.72 729.01 197.69 0.337156
10 943.29 144.54 1012.13 203.58 0.334821
2 732.56 187.57 739.36 205.98 0.333154
2 1314.97 244.06 1324.77 265.40 0.322483
1 746.57 877.92 761.27 910.78 0.315232
2 1383.93 479.00 1399.91 519.40 0.308341
1 1056.23 757.82 1081.85 790.06 0.304145
1 1137.25 538.53 1180.55 596.86 0.296149
2 664.67 186.79 673.98 217.81 0.293795
10 1234.00 318.43 1309.64 387.22 0.290983
1 920.82 349.95 935.37 378.46 0.288127
7 1165.89 43.96 1366.99 128.66 0.276585
4 1148.58 157.24 1224.77 209.68 0.272835
1 750.32 855.00 773.21 883.85 0.272829
1 1023.30 183.54 1036.04 207.83 0.270580
1 805.25 817.99 830.99 839.72 0.266387
3 1216.35 564.02 1273.55 629.22 0.261052
2 986.13 774.37 996.94 792.09 0.255436
7 1214.32 59.36 1301.11 112.06 0.250074
2 739.67 816.25 832.30 912.20 0.237607
7 209.67 42.29 264.10 71.14 0.234599
10 1073.97 164.83 1220.31 236.14 0.231758
2 1061.82 178.00 1076.53 214.07 0.228913
7 1213.77 51.62 1342.47 112.62 0.228166
1 1104.01 672.79 1124.21 700.10 0.226093
1 1103.40 672.26 1128.46 704.30 0.221121
4 1166.63 88.21 1209.00 125.96 0.219905
3 1089.90 607.62 1117.26 635.02 0.218974
6 1334.73 386.62 1399.64 437.14 0.217080
1 1138.75 562.07 1163.41 596.02 0.216811
1 1060.83 176.94 1076.73 214.10 0.216459
10 934.01 133.97 1021.91 215.00 0.210980
2 692.19 802.70 845.52 920.28 0.209918
4 593.21 1016.70 676.63 1049.09 0.208210
10 493.01 319.00 570.51 385.13 0.207513
2 1100.86 535.55 1267.28 633.19 0.205624
4 1052.27 104.59 1107.13 153.79 0.204478
3 1127.83 597.68 1187.06 649.30 0.204159
4 413.30 19.86 465.03 45.05 0.198476
3 946.85 751.54 1028.39 822.97 0.198464
10 491.85 318.07 582.05 386.58 0.197449
9 672.82 185.81 843.67 353.74 0.196166
4 399.63 21.45 464.15 45.66 0.195371
7 1165.67 59.17 1301.49 127.94 0.195345
7 1289.31 57.96 1339.72 96.21 0.193816
2 1131.57 537.75 1249.96 600.92 0.193686
7 953.07 714.74 1087.55 817.59 0.192601
6 565.76 16.84 655.03 64.57 0.190956
4 640.66 206.95 657.94 221.85 0.188771
3 1164.80 290.15 1198.20 322.20 0.188721
1 1276.12 442.54 1297.21 474.99 0.187875
1 870.24 288.62 884.86 315.40 0.187362
6 191.18 -0.01 230.09 25.21 0.186397
4 1352.62 117.46 1398.85 156.12 0.184842
1 1137.99 604.48 1171.76 639.26 0.183110
1 1314.50 239.47 1330.57 266.35 0.182299
10 676.30 191.20 845.69 355.45 0.180785
1 951.95 186.23 965.00 207.94 0.180613
4 1119.38 849.65 1296.63 1011.45 0.178982
4 1318.75 45.84 1366.89 78.37 0.178374
1 1182.79 651.35 1202.38 672.28 0.177614
1 1102.81 672.11 1136.35 717.24 0.176428
3 980.28 794.62 1004.68 816.50 0.171987
4 1378.81 24.30 1399.36 51.86 0.171147
3 1228.10 582.46 1263.93 623.80 0.169904
1 1111.34 224.85 1124.96 250.05 0.169122
10 1073.47 164.84 1288.14 282.30 0.168420
1 976.98 768.94 998.68 795.43 0.168332
1 1288.22 486.49 1308.17 512.99 0.166573
7 1257.40 56.51 1340.27 100.46 0.165321
3 1060.40 184.86 1103.53 217.28 0.158122
1 1072.27 186.70 1085.62 208.12 0.157932
10 1267.48 201.86 1362.55 252.40 0.157282
3 1150.75 288.41 1199.40 323.61 0.156040
4 1312.16 628.70 1398.44 746.07 0.155986
1 1150.49 291.21 1164.85 312.59 0.154524
1 1103.14 558.13 1134.47 599.96 0.152845
3 1076.15 188.12 1103.51 215.46 0.149127
1 1104.02 565.82 1125.96 599.36 0.148749
7 1212.38 41.66 1367.75 113.72 0.148503
3 1061.17 188.64 1103.95 217.43 0.147486
1 745.27 854.34 773.36 910.70 0.147044
9 1140.65 150.80 1235.38 222.66 0.145236
3 1127.74 598.18 1173.34 640.46 0.144691
3 917.86 182.51 965.08 209.13 0.144586
3 1325.93 353.99 1359.28 385.49 0.143962
3 896.97 791.63 955.15 840.53 0.142454
1 1242.76 412.98 1261.08 438.81 0.141575
1 839.75 141.62 855.01 177.21 0.141043
1 1159.74 538.71 1180.57 566.40 0.140445
1 964.94 364.08 981.55 400.68 0.140284
3 1232.92 285.59 1279.85 319.96 0.140012
3 1120.41 597.92 1188.30 668.76 0.137680
10 1174.28 211.44 1289.49 278.05 0.137210
3 904.28 797.04 957.87 834.48 0.134907
2 694.53 783.20 859.26 920.48 0.134732
1 1377.87 521.35 1399.36 553.91 0.134243
2 1059.44 175.65 1087.89 215.73 0.133485
7 1192.03 651.45 1233.18 688.75 0.131935
1 699.38 857.07 722.03 900.71 0.131778
3 1094.35 439.20 1128.84 466.15 0.131008
2 1087.20 530.84 1272.03 660.42 0.130021
10 739.33 256.03 839.39 353.05 0.129812
6 960.26 10.13 996.74 50.94 0.129576
10 1138.54 191.31 1217.94 231.34 0.129108
1 871.51 288.64 882.69 305.37 0.126463
3 1148.92 280.78 1211.23 328.01 0.125520
3 1321.29 343.06 1363.07 386.77 0.125410
4 205.95 37.97 268.56 73.96 0.125295
7 1288.66 44.13 1367.56 98.20 0.123997
2 1059.16 175.84 1104.58 219.30 0.123084
10 1075.92 165.08 1156.21 216.81 0.122822
7 435.14 258.24 532.37 302.72 0.122345
10 1094.41 416.15 1170.60 497.10 0.122255
3 953.26 778.34 982.15 809.08 0.121899
1 1379.42 477.72 1399.79 530.41 0.121016
1 1053.97 758.78 1070.07 785.82 0.120705
2 1090.30 532.89 1268.10 686.77 0.120385
7 473.89 259.04 531.49 298.29 0.120164
1 945.07 350.14 956.98 365.06 0.119949
1 1049.05 751.40 1088.95 795.79 0.119902
3 1358.46 187.28 1391.96 221.68 0.119520
1 1061.81 759.10 1081.04 786.89 0.118856
2 1066.81 168.54 1285.50 322.52 0.118638
3 953.03 761.65 1018.55 817.26 0.118307
10 492.32 317.38 590.10 517.16 0.118156
7 1054.08 42.74 1368.58 155.47 0.118077
2 671.05 16.87 905.91 95.62 0.117997
1 1248.99 574.09 1268.18 602.49 0.116022
7 922.28 403.13 1019.14 485.37 0.115592
10 1219.00 566.79 1272.17 628.79 0.115335
3 1223.53 280.11 1280.55 320.79 0.115209
10 1105.58 416.02 1168.33 466.95 0.114611
9 184.90 545.39 248.79 584.89 0.113407
1 1337.90 141.76 1353.23 168.02 0.113015
6 943.18 144.50 1012.52 204.01 0.112181
10 1076.10 165.04 1179.87 236.15 0.112014
4 209.38 42.17 264.24 71.03 0.111172
1 881.15 18.36 901.51 51.49 0.110935
4 0.69 61.92 72.30 93.28 0.110747
1 1166.00 538.95 1187.56 563.32 0.110523
3 1356.79 170.66 1398.51 221.56 0.110029
1 663.62 185.24 676.77 218.82 0.108228
4 399.13 18.18 466.70 49.09 0.108111
3 1136.64 538.17 1182.18 597.49 0.107092
1 1216.90 546.56 1247.44 581.51 0.107015
1 1092.88 572.93 1113.54 601.50 0.106917
9 1043.21 97.81 1120.79 162.01 0.106851
2 1025.93 163.64 1395.63 483.91 0.106332
4 1288.44 141.71 1352.68 178.50 0.106150
2 641.23 534.26 1271.96 962.62 0.106048
10 1127.44 433.89 1167.35 471.25 0.105764
2 1021.48 173.46 1103.84 219.05 0.105349
4 1093.14 836.60 1316.91 1024.14 0.104779
1 709.88 175.03 726.85 198.75 0.104640
1 969.74 365.19 980.80 383.14 0.104611
1 912.32 801.57 931.56 828.05 0.104194
2 1288.69 484.07 1398.62 558.19 0.103999
3 1060.55 190.90 1077.15 215.00 0.103084
2 1058.00 173.05 1308.02 389.91 0.101663
10 880.24 2.65 967.04 24.57 0.100589
1 730.08 185.22 740.74 206.74 0.100578
1 1270.89 431.42 1288.17 453.67 0.100138
10 1228.26 567.88 1269.19 625.43 0.099274
8 873.40 290.34 880.34 302.83 0.049508
8 947.00 351.71 955.02 364.14 0.049435
8 971.77 367.07 979.33 381.82 0.049367
7 873.40 290.34 880.34 302.83 0.049344
8 1341.03 143.16 1349.27 157.91 0.049311
8 732.56 187.57 739.36 205.98 0.049290
8 982.65 178.82 990.01 195.86 0.049289
8 564.74 3.22 574.24 16.58 0.049280
8 1041.02 318.54 1050.34 332.50 0.049262
7 947.00 351.71 955.02 364.14 0.049247
1 873.40 290.34 880.34 302.83 0.049163
10 873.40 290.34 880.34 302.83 0.049157
7 971.77 367.07 979.33 381.82 0.049156
8 955.49 187.81 963.22 207.10 0.049155
8 805.72 821.19 814.45 839.20 0.049108
1 947.00 351.71 955.02 364.14 0.049082
7 1341.03 143.16 1349.27 157.91 0.049081
7 732.56 187.57 739.36 205.98 0.049053
7 982.65 178.82 990.01 195.86 0.049052
8 1319.99 322.93 1328.71 342.24 0.049046
7 564.74 3.22 574.24 16.58 0.049041
10 947.00 351.71 955.02 364.14 0.049031
3 873.40 290.34 880.34 302.83 0.049017
7 1041.02 318.54 1050.34 332.50 0.049016
1 971.77 367.07 979.33 381.82 0.048938
8 1390.99 478.35 1399.95 499.54 0.048923
10 971.77 367.07 979.33 381.82 0.048915
8 986.13 774.37 996.94 792.09 0.048915
8 841.70 145.35 851.86 164.43 0.048900
8 720.48 174.72 729.01 197.69 0.048889
7 955.49 187.81 963.22 207.10 0.048873
3 947.00 351.71 955.02 364.14 0.048870
8 872.67 290.49 881.32 313.62 0.048865
8 1024.96 185.26 1034.36 206.64 0.048861
1 1341.03 143.16 1349.27 157.91 0.048827
10 1341.03 143.16 1349.27 157.91 0.048819
8 1314.97 244.06 1324.77 265.40 0.048815
7 805.72 821.19 814.45 839.20 0.048811
8 1152.15 292.91 1163.30 312.01 0.048793
8 1019.76 26.96 1029.23 49.54 0.048788
1 732.56 187.57 739.36 205.98 0.048783
10 732.56 187.57 739.36 205.98 0.048782
1 982.65 178.82 990.01 195.86 0.048782
10 982.65 178.82 990.01 195.86 0.048781
1 564.74 3.22 574.24 16.58 0.048770
10 564.74 3.22 574.24 16.58 0.048767
8 942.96 186.65 954.64 205.43 0.048757
1 1041.02 318.54 1050.34 332.50 0.048737
10 1041.02 318.54 1050.34 332.50 0.048735
3 971.77 367.07 979.33 381.82 0.048735
7 1319.99 322.93 1328.71 342.24 0.048727
8 1126.27 684.50 1137.93 703.82 0.048723
8 1073.50 189.18 1085.00 209.47 0.048677
3 1341.03 143.16 1349.27 157.91 0.048622
8 1113.10 226.73 1123.68 249.83 0.048615
3 732.56 187.57 739.36 205.98 0.048579
3 982.65 178.82 990.01 195.86 0.048578
8 1197.75 315.23 1211.02 334.29 0.048566
7 1390.99 478.35 1399.95 499.54 0.048564
3 564.74 3.22 574.24 16.58 0.048561
1 955.49 187.81 963.22 207.10 0.048554
7 986.13 774.37 996.94 792.09 0.048553
10 955.49 187.81 963.22 207.10 0.048551
7 841.70 145.35 851.86 164.43 0.048534
3 1041.02 318.54 1050.34 332.50 0.048525
7 720.48 174.72 729.01 197.69 0.048518
7 872.67 290.49 881.32 313.62 0.048486
7 1024.96 185.26 1034.36 206.64 0.048482
1 805.72 821.19 814.45 839.20 0.048475
10 805.72 821.19 814.45 839.20 0.048471
7 1314.97 244.06 1324.77 265.40 0.048420
7 1152.15 292.91 1163.30 312.01 0.048390
7 1019.76 26.96 1029.23 49.54 0.048384
8 922.76 351.80 933.50 378.43 0.048379
1 1319.99 322.93 1328.71 342.24 0.048365
8 664.67 186.79 673.98 217.81 0.048364
10 1319.99 322.93 1328.71 342.24 0.048364
8 711.76 175.75 725.00 197.59 0.048361
7 942.96 186.65 954.64 205.43 0.048343
8 1055.86 761.69 1068.96 784.18 0.048329
3 955.49 187.81 963.22 207.10 0.048310
8 1339.35 143.33 1351.30 168.38 0.048304
7 1126.27 684.50 1137.93 703.82 0.048297
8 1126.53 271.04 1140.97 291.90 0.048292
8 1164.28 233.60 1176.60 258.14 0.048286
8 1104.55 572.97 1116.42 599.16 0.048239
7 1073.50 189.18 1085.00 209.47 0.048236
3 805.72 821.19 814.45 839.20 0.048216
8 1271.50 432.71 1286.64 453.75 0.048194
1 986.13 774.37 996.94 792.09 0.048169
1 1390.99 478.35 1399.95 499.54 0.048155
10 1390.99 478.35 1399.95 499.54 0.048154
7 1113.10 226.73 1123.68 249.83 0.048154
10 986.13 774.37 996.94 792.09 0.048140
8 1316.74 241.16 1330.17 265.85 0.048121
1 841.70 145.35 851.86 164.43 0.048117
10 841.70 145.35 851.86 164.43 0.048115
1 720.48 174.72 729.01 197.69 0.048095
10 720.48 174.72 729.01 197.69 0.048095
1 872.67 290.49 881.32 313.62 0.048095
3 1319.99 322.93 1328.71 342.24 0.048091
7 1197.75 315.23 1211.02 334.29 0.048088
8 1184.02 652.68 1201.61 672.03 0.048070
10 872.67 290.49 881.32 313.62 0.048054
10 1024.96 185.26 1034.36 206.64 0.048048
8 748.36 879.31 759.64 910.13 0.048029
8 805.32 845.43 819.13 870.71 0.048021
1 1314.97 244.06 1324.77 265.40 0.047972
10 1314.97 244.06 1324.77 265.40 0.047969
8 1243.73 413.26 1259.09 436.75 0.047954
1 1152.15 292.91 1163.30 312.01 0.047932
10 1152.15 292.91 1163.30 312.01 0.047930
1 1019.76 26.96 1029.23 49.54 0.047925
10 1019.76 26.96 1029.23 49.54 0.047922
1 942.96 186.65 954.64 205.43 0.047870
10 942.96 186.65 954.64 205.43 0.047869
8 841.21 144.83 853.20 176.28 0.047861
3 1390.99 478.35 1399.95 499.54 0.047846
7 922.76 351.80 933.50 378.43 0.047839
3 986.13 774.37 996.94 792.09 0.047830
7 664.67 186.79 673.98 217.81 0.047819
8 705.87 861.69 717.07 896.10 0.047816
7 711.76 175.75 725.00 197.59 0.047814
1 1126.27 684.50 1137.93 703.82 0.047814
10 1126.27 684.50 1137.93 703.82 0.047811
3 841.70 145.35 851.86 164.43 0.047801
8 914.42 802.73 930.68 826.84 0.047779
3 720.48 174.72 729.01 197.69 0.047778
7 1055.86 761.69 1068.96 784.18 0.047772
7 1339.35 143.33 1351.30 168.38 0.047738
8 806.45 821.34 829.77 838.45 0.047738
1 1073.50 189.18 1085.00 209.47 0.047733
10 1073.50 189.18 1085.00 209.47 0.047732
3 872.67 290.49 881.32 313.62 0.047730
3 1024.96 185.26 1034.36 206.64 0.047723
7 1126.53 271.04 1140.97 291.90 0.047723
8 1086.82 189.48 1102.00 215.99 0.047720
7 1164.28 233.60 1176.60 258.14 0.047715
8 1289.97 488.22 1306.57 512.75 0.047691
7 1104.55 572.97 1116.42 599.16 0.047652
3 1314.97 244.06 1324.77 265.40 0.047630
1 1113.10 226.73 1123.68 249.83 0.047627
10 1113.10 226.73 1123.68 249.83 0.047626
7 1271.50 432.71 1286.64 453.75 0.047592
3 1152.15 292.91 1163.30 312.01 0.047586
3 1019.76 26.96 1029.23 49.54 0.047576
1 1197.75 315.23 1211.02 334.29 0.047544
10 1197.75 315.23 1211.02 334.29 0.047542
8 1104.53 674.10 1122.19 698.88 0.047518
3 942.96 186.65 954.64 205.43 0.047514
8 767.02 824.21 780.62 856.56 0.047508
7 1316.74 241.16 1330.17 265.85 0.047494
3 1126.27 684.50 1137.93 703.82 0.047446
7 1184.02 652.68 1201.61 672.03 0.047427
8 1062.23 178.68 1075.29 213.85 0.047397
7 748.36 879.31 759.64 910.13 0.047372
7 805.32 845.43 819.13 870.71 0.047361
3 1073.50 189.18 1085.00 209.47 0.047354
8 1062.44 761.24 1079.59 789.16 0.047286
7 1243.73 413.26 1259.09 436.75 0.047272
3 1113.10 226.73 1123.68 249.83 0.047231
10 922.76 351.80 933.50 378.43 0.047221
1 664.67 186.79 673.98 217.81 0.047196
10 664.67 186.79 673.98 217.81 0.047196
1 711.76 175.75 725.00 197.59 0.047195
10 711.76 175.75 725.00 197.59 0.047190
7 841.21 144.83 853.20 176.28 0.047148
1 1055.86 761.69 1068.96 784.18 0.047136
10 1055.86 761.69 1068.96 784.18 0.047135
3 1197.75 315.23 1211.02 334.29 0.047133
8 751.88 857.83 772.59 882.54 0.047098
1 1339.35 143.33 1351.30 168.38 0.047096
10 1339.35 143.33 1351.30 168.38 0.047092
7 705.87 861.69 717.07 896.10 0.047089
1 1126.53 271.04 1140.97 291.90 0.047072
10 1126.53 271.04 1140.97 291.90 0.047072
1 1164.28 233.60 1176.60 258.14 0.047062
10 1164.28 233.60 1176.60 258.14 0.047062
7 914.42 802.73 930.68 826.84 0.047038
7 806.45 821.34 829.77 838.45 0.046983
1 1104.55 572.97 1116.42 599.16 0.046982
10 1104.55 572.97 1116.42 599.16 0.046981
7 1086.82 189.48 1102.00 215.99 0.046960
7 1289.97 488.22 1306.57 512.75 0.046921
1 1271.50 432.71 1286.64 453.75 0.046907
10 1271.50 432.71 1286.64 453.75 0.046905
8 1277.20 445.26 1296.56 474.17 0.046826
1 1316.74 241.16 1330.17 265.85 0.046781
10 1316.74 241.16 1330.17 265.85 0.046778
3 922.76 351.80 933.50 378.43 0.046758
3 664.67 186.79 673.98 217.81 0.046729
3 711.76 175.75 725.00 197.59 0.046722
1 1184.02 652.68 1201.61 672.03 0.046695
10 1184.02 652.68 1201.61 672.03 0.046692
7 1104.53 674.10 1122.19 698.88 0.046691
7 767.02 824.21 780.62 856.56 0.046677
3 1055.86 761.69 1068.96 784.18 0.046658
10 748.36 879.31 759.64 910.13 0.046621
3 1339.35 143.33 1351.30 168.38 0.046608
10 805.32 845.43 819.13 870.71 0.046608
8 1179.31 567.36 1202.94 592.79 0.046593
3 1126.53 271.04 1140.97 291.90 0.046584
3 1164.28 233.60 1176.60 258.14 0.046572
8 1379.60 522.26 1399.89 552.29 0.046545
7 1062.23 178.68 1075.29 213.85 0.046529
8 981.72 773.43 999.67 807.78 0.046506
1 1243.73 413.26 1259.09 436.75 0.046496
10 1243.73 413.26 1259.09 436.75 0.046492
3 1104.55 572.97 1116.42 599.16 0.046477
3 1271.50 432.71 1286.64 453.75 0.046389
7 1062.44 761.24 1079.59 789.16 0.046381
8 1383.93 479.00 1399.91 519.40 0.046340
1 841.21 144.83 853.20 176.28 0.046335
10 841.21 144.83 853.20 176.28 0.046334
10 705.87 861.69 717.07 896.10 0.046257
3 1316.74 241.16 1330.17 265.85 0.046241
1 914.42 802.73 930.68 826.84 0.046236
10 914.42 802.73 930.68 826.84 0.046192
3 1184.02 652.68 1201.61 672.03 0.046142
1 806.45 821.34 829.77 838.45 0.046138
7 751.88 857.83 772.59 882.54 0.046131
10 806.45 821.34 829.77 838.45 0.046121
1 1086.82 189.48 1102.00 215.99 0.046093
10 1086.82 189.48 1102.00 215.99 0.046091
8 1139.50 563.97 1161.94 594.91 0.046064
3 748.36 879.31 759.64 910.13 0.046058
1 1289.97 488.22 1306.57 512.75 0.046044
3 805.32 845.43 819.13 870.71 0.046043
10 1289.97 488.22 1306.57 512.75 0.046041
8 1328.70 358.24 1354.98 384.86 0.046033
3 1243.73 413.26 1259.09 436.75 0.045908
8 1218.27 548.56 1246.14 575.23 0.045785
7 1277.20 445.26 1296.56 474.17 0.045769
8 907.06 802.86 936.79 828.05 0.045755
1 1104.53 674.10 1122.19 698.88 0.045747
10 1104.53 674.10 1122.19 698.88 0.045746
10 767.02 824.21 780.62 856.56 0.045728
3 841.21 144.83 853.20 176.28 0.045722
3 705.87 861.69 717.07 896.10 0.045637
1 1062.44 761.24 1079.59 789.16 0.045624
8 1104.32 673.95 1130.69 703.26 0.045617
3 914.42 802.73 930.68 826.84 0.045558
1 1062.23 178.68 1075.29 213.85 0.045543
10 1062.23 178.68 1075.29 213.85 0.045537
3 806.45 821.34 829.77 838.45 0.045475
7 1179.31 567.36 1202.94 592.79 0.045457
3 1086.82 189.48 1102.00 215.99 0.045440
7 1379.60 522.26 1399.89 552.29 0.045394
3 1289.97 488.22 1306.57 512.75 0.045381
10 1062.44 761.24 1079.59 789.16 0.045347
7 981.72 773.43 999.67 807.78 0.045341
7 1383.93 479.00 1399.91 519.40 0.045119
3 1104.53 674.10 1122.19 698.88 0.045037
10 751.88 857.83 772.59 882.54 0.045026
3 767.02 824.21 780.62 856.56 0.045016
8 1143.02 608.31 1169.91 641.02 0.045014
3 1062.23 178.68 1075.29 213.85 0.044793
7 1139.50 563.97 1161.94 594.91 0.044752
1 1125.34 270.75 1146.62 296.22 0.044733
7 1328.70 358.24 1354.98 384.86 0.044710
3 1062.44 761.24 1079.59 789.16 0.044572
1 1277.20 445.26 1296.56 474.17 0.044560
10 1277.20 445.26 1296.56 474.17 0.044560
7 1218.27 548.56 1246.14 575.23 0.044380
7 907.06 802.86 936.79 828.05 0.044339
3 751.88 857.83 772.59 882.54 0.044197
10 1179.31 567.36 1202.94 592.79 0.044159
7 1104.32 673.95 1130.69 703.26 0.044157
1 1379.60 522.26 1399.89 552.29 0.044078
10 1379.60 522.26 1399.89 552.29 0.044078
2 1328.70 358.24 1354.98 384.86 0.044049
1 981.72 773.43 999.67 807.78 0.044023
10 981.72 773.43 999.67 807.78 0.044010
1 1383.93 479.00 1399.91 519.40 0.043725
10 1383.93 479.00 1399.91 519.40 0.043725
3 1277.20 445.26 1296.56 474.17 0.043653
2 907.06 802.86 936.79 828.05 0.043632
8 1231.75 577.96 1263.91 614.37 0.043362
7 1143.02 608.31 1169.91 641.02 0.043351
1 1139.50 563.97 1161.94 594.91 0.043266
10 1139.50 563.97 1161.94 594.91 0.043253
10 1328.70 358.24 1354.98 384.86 0.043225
1 1328.70 358.24 1354.98 384.86 0.043199
3 1179.31 567.36 1202.94 592.79 0.043186
3 1379.60 522.26 1399.89 552.29 0.043091
3 981.72 773.43 999.67 807.78 0.043012
10 1218.27 548.56 1246.14 575.23 0.042775
10 907.06 802.86 936.79 828.05 0.042743
1 907.06 802.86 936.79 828.05 0.042722
3 1383.93 479.00 1399.91 519.40 0.042679
8 1228.35 587.54 1262.11 625.97 0.042645
8 1104.09 673.83 1135.37 716.00 0.042519
1 1104.32 673.95 1130.69 703.26 0.042488
10 1104.32 673.95 1130.69 703.26 0.042487
3 1139.50 563.97 1161.94 594.91 0.042129
3 1328.70 358.24 1354.98 384.86 0.042065
3 1218.27 548.56 1246.14 575.23 0.041571
3 907.06 802.86 936.79 828.05 0.041509
1 1143.02 608.31 1169.91 641.02 0.041458
10 1143.02 608.31 1169.91 641.02 0.041452
3 1104.32 673.95 1130.69 703.26 0.041235
7 1231.75 577.96 1263.91 614.37 0.041150
3 1143.02 608.31 1169.91 641.02 0.040027
7 1104.09 673.83 1135.37 716.00 0.040026
2 1228.35 587.54 1262.11 625.97 0.038968
1 1231.75 577.96 1263.91 614.37 0.038631
10 1231.75 577.96 1263.91 614.37 0.038621
8 1138.90 540.65 1177.83 595.19 0.037965
10 1228.35 587.54 1262.11 625.97 0.037430
1 1228.35 587.54 1262.11 625.97 0.037392
8 1227.95 571.98 1269.18 626.14 0.037345
1 1104.09 673.83 1135.37 716.00 0.037177
10 1104.09 673.83 1135.37 716.00 0.037176
3 1231.75 577.96 1263.91 614.37 0.036725
3 1228.35 587.54 1262.11 625.97 0.035291
3 1104.09 673.83 1135.37 716.00 0.035039
10 1006.38 10.72 1051.20 46.63 0.034360
7 1138.90 540.65 1177.83 595.19 0.033954
7 1129.97 599.83 1186.33 646.84 0.029975
10 1138.90 540.65 1177.83 595.19 0.029369
7 1216.24 68.65 1282.92 110.47 0.028924
1 1227.95 571.98 1269.18 626.14 0.028306
3 1138.90 540.65 1177.83 595.19 0.025930
3 1227.95 571.98 1269.18 626.14 0.024690
3 954.02 769.30 1005.21 815.98 0.022913
