4 1032.46 559.85 1089.61 632.79 0.972061
4 926.95 572.59 984.04 649.79 0.959180
4 216.01 735.95 268.90 830.06 0.949326
4 833.30 597.04 878.40 661.87 0.926502
4 406.80 94.22 466.35 121.97 0.925049
4 461.30 684.73 512.55 771.84 0.909844
4 630.45 647.85 687.51 729.72 0.880895
4 295.09 115.29 330.17 141.53 0.880518
4 349.06 709.20 398.91 798.96 0.868651
4 288.85 720.79 339.38 812.77 0.861483
4 362.36 300.35 396.73 324.83 0.829156
4 294.52 108.98 352.40 142.47 0.800252
4 52.12 358.26 91.00 381.44 0.788843
4 977.41 566.25 1028.06 636.65 0.775728
4 1327.35 579.75 1389.24 632.01 0.757723
5 194.73 117.29 261.76 162.38 0.755855
4 1190.74 87.02 1216.99 108.15 0.737341
4 1085.17 116.37 1117.71 137.66 0.703032
4 0.06 365.41 54.87 393.30 0.686009
4 1338.96 42.93 1366.93 59.02 0.666129
4 84.32 781.22 155.34 872.71 0.660187
4 959.64 153.14 986.23 173.89 0.642259
4 1245.00 73.39 1278.13 89.94 0.640980
4 9.54 651.00 51.87 673.26 0.628337
4 1377.77 29.22 1410.47 47.86 0.619473
4 1031.56 132.64 1064.03 152.97 0.573059
4 1004.00 86.20 1029.77 102.97 0.555383
6 194.26 107.41 353.00 163.91 0.541267
2 1118.65 570.76 1135.91 599.16 0.530360
4 96.53 288.75 140.85 309.92 0.527355
2 1160.40 494.98 1174.67 518.85 0.488805
4 9.85 652.45 38.23 672.48 0.479750
2 1163.03 496.96 1172.79 518.13 0.470642
2 1098.41 538.40 1109.68 554.30 0.449241
6 673.50 218.83 741.73 252.23 0.440670
2 1136.62 494.22 1174.64 529.90 0.425331
6 1325.33 555.96 1438.95 633.87 0.422650
2 1340.47 494.73 1349.76 513.48 0.421948
2 1134.84 588.18 1146.14 610.44 0.416662
2 1149.73 499.26 1158.73 520.30 0.410780
2 1094.71 535.22 1181.86 640.54 0.406302
2 1331.77 480.51 1344.22 508.36 0.402690
2 1349.50 504.65 1362.49 529.20 0.402380
2 1139.17 500.71 1151.07 530.90 0.379769
2 1131.50 583.59 1140.44 603.08 0.378784
7 192.43 102.64 355.18 165.40 0.360639
2 1836.07 631.71 1862.32 659.06 0.350523
2 1328.93 479.19 1362.73 529.80 0.347383
3 238.08 311.45 289.32 349.42 0.342474
2 1378.99 596.05 1391.16 621.42 0.334402
2 1096.91 538.84 1188.94 642.17 0.301730
7 210.37 675.78 521.39 833.78 0.295236
1 1326.09 476.58 1366.63 531.63 0.288069
7 292.39 105.54 353.73 143.84 0.286368
4 213.80 733.13 271.10 830.98 0.272639
6 1211.22 514.38 1246.98 571.43 0.272009
4 458.30 682.46 514.71 772.66 0.269397
4 346.27 706.74 401.16 800.04 0.264830
1 1130.94 490.47 1178.90 532.32 0.258213
4 193.44 115.17 263.04 163.45 0.256643
4 830.42 595.12 880.41 663.33 0.256326
10 1323.90 554.42 1442.39 636.61 0.247945
7 209.51 640.66 696.15 833.67 0.243249
1 1348.38 503.16 1364.17 529.84 0.238530
10 1210.10 512.33 1248.58 573.05 0.234805
4 627.93 645.26 690.08 730.57 0.234585
10 1325.52 578.70 1391.27 635.59 0.231771
7 284.07 703.39 404.36 815.61 0.226107
1 1107.26 547.20 1123.45 573.49 0.223219
7 405.18 91.28 467.25 123.87 0.222200
2 1107.62 547.87 1121.95 573.90 0.222075
7 211.11 700.98 405.94 832.98 0.221965
1 1117.23 569.29 1137.70 600.25 0.221020
7 923.56 550.68 1094.09 653.87 0.219639
2 1330.92 479.43 1346.69 509.74 0.216992
2 1138.48 499.06 1157.47 530.79 0.215676
1 1329.22 478.20 1347.97 510.48 0.210749
7 191.31 87.84 470.75 167.04 0.207123
10 1324.16 578.12 1392.38 657.38 0.204076
1 1137.17 496.70 1159.38 530.87 0.194357
1 1159.46 493.62 1177.14 520.47 0.193902
3 514.43 255.18 559.97 287.16 0.193607
1 1147.48 604.06 1163.44 625.73 0.192785
4 1136.52 106.36 1171.53 122.95 0.190092
3 600.18 236.23 639.55 264.64 0.189887
3 423.32 270.68 464.59 302.61 0.189517
4 192.70 23.23 223.93 39.48 0.189029
10 81.75 778.15 157.14 875.42 0.188668
3 425.71 274.11 463.10 299.48 0.188070
10 672.11 216.88 743.85 253.28 0.187705
3 247.16 312.54 288.32 343.14 0.187455
2 1148.84 605.21 1162.29 625.17 0.184489
4 1464.25 9.11 1494.50 24.90 0.182409
10 119.17 375.83 317.97 592.16 0.182222
3 149.18 331.85 195.00 361.58 0.179924
10 1566.23 667.10 1744.96 864.16 0.178520
7 205.70 531.18 1180.13 836.03 0.176558
3 951.77 149.67 988.82 186.20 0.168270
3 335.73 291.94 398.22 327.10 0.168150
10 1322.58 553.58 1444.61 654.84 0.167280
10 43.86 375.61 320.16 612.67 0.164119
3 598.60 234.53 640.85 266.85 0.163182
10 1266.00 486.32 1340.62 579.80 0.162210
1 1134.64 591.10 1151.86 614.15 0.161942
3 850.39 117.55 875.89 147.12 0.161109
10 1563.18 630.86 1880.13 866.61 0.158063
4 822.89 586.32 887.82 669.63 0.157248
3 819.02 178.41 866.91 207.52 0.154848
7 280.40 677.79 518.91 817.71 0.154774
3 511.89 252.96 561.96 288.55 0.152445
3 334.99 291.89 373.57 323.14 0.152008
3 957.17 150.43 987.68 176.17 0.151135
4 209.31 728.88 276.15 833.69 0.150246
3 232.18 307.37 293.72 353.67 0.149173
10 1745.99 649.64 1877.34 761.79 0.148455
4 620.70 638.81 697.45 736.08 0.147827
10 1007.32 938.80 1113.43 988.75 0.147378
1 1095.78 536.44 1123.02 573.99 0.147352
6 1318.64 547.70 1457.00 655.49 0.146104
6 1203.06 505.11 1256.94 579.14 0.144855
7 8.44 649.87 39.89 674.42 0.142297
4 450.53 675.77 524.31 778.54 0.140947
4 920.08 562.75 990.06 656.18 0.136540
4 360.61 297.80 398.00 326.35 0.134545
4 405.06 91.47 467.64 124.14 0.130597
4 829.27 593.38 882.54 664.72 0.130078
1 1373.24 593.46 1393.78 625.41 0.129942
3 225.55 299.09 303.15 360.03 0.127451
7 84.58 946.90 155.27 995.39 0.126237
2 1091.60 493.67 1192.62 644.21 0.125120
4 186.49 107.59 270.47 171.99 0.123271
6 1563.54 276.61 1652.18 358.54 0.121924
1 1835.90 628.04 1866.69 660.54 0.121272
1 1126.40 498.99 1142.05 525.65 0.120738
10 1744.43 643.44 1884.68 821.48 0.117801
3 1242.14 59.11 1279.81 92.73 0.117781
10 1310.97 722.17 1443.28 834.34 0.116786
10 1188.32 83.78 1218.76 110.28 0.115161
3 1243.19 70.67 1279.39 91.73 0.114935
3 1425.65 13.89 1454.30 41.50 0.111661
10 1255.73 533.62 1314.66 595.45 0.111210
10 1747.26 666.67 1838.48 760.64 0.109392
1 1452.72 606.28 1467.01 629.15 0.102417
3 1083.41 113.30 1118.51 139.32 0.100096
1 1128.44 500.68 1137.55 523.31 0.050180
1 1351.12 507.23 1361.59 528.53 0.049731
8 1131.50 583.59 1140.44 603.08 0.049297
8 1340.47 494.73 1349.76 513.48 0.049297
8 1098.41 538.40 1109.68 554.30 0.049277
8 1149.73 499.26 1158.73 520.30 0.049236
8 1128.44 500.68 1137.55 523.31 0.049168
8 1163.03 496.96 1172.79 518.13 0.049166
8 1150.03 605.60 1161.57 624.42 0.049124
8 1351.12 507.23 1361.59 528.53 0.049099
7 1131.50 583.59 1140.44 603.08 0.049063
7 1340.47 494.73 1349.76 513.48 0.049063
7 1098.41 538.40 1109.68 554.30 0.049036
8 1134.84 588.18 1146.14 610.44 0.048985
7 1149.73 499.26 1158.73 520.30 0.048982
8 1109.92 549.74 1120.76 573.81 0.048948
7 1128.44 500.68 1137.55 523.31 0.048891
7 1163.03 496.96 1172.79 518.13 0.048888
8 1146.68 498.91 1157.99 523.55 0.048875
1 1131.50 583.59 1140.44 603.08 0.048865
8 1137.17 591.07 1149.63 613.91 0.048852
7 1150.03 605.60 1161.57 624.42 0.048831
7 1351.12 507.23 1361.59 528.53 0.048799
1 1340.47 494.73 1349.76 513.48 0.048796
10 1131.50 583.59 1140.44 603.08 0.048795
10 1340.47 494.73 1349.76 513.48 0.048795
1 1098.41 538.40 1109.68 554.30 0.048771
10 1098.41 538.40 1109.68 554.30 0.048761
8 1378.99 596.05 1391.16 621.42 0.048754
1 1149.73 499.26 1158.73 520.30 0.048694
10 1149.73 499.26 1158.73 520.30 0.048691
7 1134.84 588.18 1146.14 610.44 0.048647
8 1331.77 480.51 1344.22 508.36 0.048601
7 1109.92 549.74 1120.76 573.81 0.048597
3 1131.50 583.59 1140.44 603.08 0.048595
3 1340.47 494.73 1349.76 513.48 0.048595
10 1128.44 500.68 1137.55 523.31 0.048574
1 1163.03 496.96 1172.79 518.13 0.048573
10 1163.03 496.96 1172.79 518.13 0.048571
3 1098.41 538.40 1109.68 554.30 0.048555
8 1139.17 500.71 1151.07 530.90 0.048551
1 1150.03 605.60 1161.57 624.42 0.048550
7 1146.68 498.91 1157.99 523.55 0.048500
10 1150.03 605.60 1161.57 624.42 0.048498
3 1149.73 499.26 1158.73 520.30 0.048472
7 1137.17 591.07 1149.63 613.91 0.048470
10 1351.12 507.23 1361.59 528.53 0.048456
8 1120.09 571.17 1134.61 599.39 0.048347
7 1378.99 596.05 1391.16 621.42 0.048339
3 1128.44 500.68 1137.55 523.31 0.048337
3 1163.03 496.96 1172.79 518.13 0.048332
1 1134.84 588.18 1146.14 610.44 0.048262
10 1134.84 588.18 1146.14 610.44 0.048261
3 1150.03 605.60 1161.57 624.42 0.048247
3 1351.12 507.23 1361.59 528.53 0.048199
1 1109.92 549.74 1120.76 573.81 0.048196
10 1109.92 549.74 1120.76 573.81 0.048196
7 1331.77 480.51 1344.22 508.36 0.048135
1 1146.68 498.91 1157.99 523.55 0.048075
10 1146.68 498.91 1157.99 523.55 0.048071
7 1139.17 500.71 1151.07 530.90 0.048067
1 1137.17 591.07 1149.63 613.91 0.048034
10 1137.17 591.07 1149.63 613.91 0.048033
3 1134.84 588.18 1146.14 610.44 0.047971
3 1109.92 549.74 1120.76 573.81 0.047896
1 1378.99 596.05 1391.16 621.42 0.047864
10 1378.99 596.05 1391.16 621.42 0.047864
7 1120.09 571.17 1134.61 599.39 0.047796
3 1146.68 498.91 1157.99 523.55 0.047750
3 1137.17 591.07 1149.63 613.91 0.047705
1 1331.77 480.51 1344.22 508.36 0.047606
10 1331.77 480.51 1344.22 508.36 0.047602
1 1139.17 500.71 1151.07 530.90 0.047516
10 1139.17 500.71 1151.07 530.90 0.047515
3 1378.99 596.05 1391.16 621.42 0.047508
3 1331.77 480.51 1344.22 508.36 0.047203
1 1120.09 571.17 1134.61 599.39 0.047169
10 1120.09 571.17 1134.61 599.39 0.047166
8 1836.07 631.71 1862.32 659.06 0.047103
3 1139.17 500.71 1151.07 530.90 0.047101
3 1120.09 571.17 1134.61 599.39 0.046694
7 1836.07 631.71 1862.32 659.06 0.046138
1 1836.07 631.71 1862.32 659.06 0.045037
10 1836.07 631.71 1862.32 659.06 0.045034
3 1836.07 631.71 1862.32 659.06 0.044207
3 234.53 314.41 287.20 351.52 0.034225
7 0.39 357.62 91.38 396.13 0.031152
