3 474.40 568.40 487.83 596.34 0.999407
4 208.90 646.51 297.21 752.23 0.998944
4 624.57 434.59 668.65 489.57 0.998198
4 566.99 538.36 617.31 612.55 0.997920
4 621.63 257.12 680.51 284.81 0.997748
4 645.95 514.47 691.18 586.01 0.997277
4 544.76 303.02 598.22 344.18 0.997042
4 738.80 679.37 798.26 764.41 0.996557
4 454.62 234.02 516.82 260.23 0.996157
4 723.55 490.99 770.31 563.15 0.994523
4 364.75 500.45 421.22 565.39 0.993743
4 730.64 560.75 783.81 654.57 0.993743
4 922.71 388.08 952.47 438.01 0.992530
4 406.57 432.93 460.41 487.57 0.989767
4 584.64 728.39 650.35 764.49 0.985852
1 688.25 706.03 707.57 752.46 0.978885
1 708.41 283.73 718.57 310.27 0.965073
3 691.84 730.78 704.35 753.14 0.959047
1 697.65 339.16 710.96 368.29 0.947967
4 295.85 363.81 351.48 397.22 0.933890
4 414.11 308.21 481.87 339.51 0.926944
4 1096.98 136.75 1177.62 168.91 0.898527
4 291.33 335.83 301.77 360.13 0.890933
1 473.45 553.19 489.04 585.38 0.844086
4 846.26 334.84 890.37 367.61 0.823199
4 763.74 408.38 788.88 437.95 0.822184
4 817.71 357.54 841.58 378.08 0.803086
4 812.23 190.98 829.29 208.88 0.769824
4 277.23 81.81 305.14 101.46 0.761139
2 349.36 165.02 358.82 187.05 0.718865
4 813.09 188.62 867.03 209.42 0.696797
4 962.46 85.64 993.81 110.13 0.694629
2 371.62 166.60 380.11 187.27 0.639664
4 954.48 76.60 991.20 94.63 0.631650
4 1020.24 117.53 1062.95 133.64 0.557432
1 535.13 212.63 546.54 232.58 0.538989
2 362.88 166.65 373.41 187.41 0.511010
2 447.71 158.29 455.90 176.72 0.493985
3 797.42 533.92 808.03 551.01 0.473872
2 456.44 158.89 466.36 177.10 0.455884
4 296.67 372.88 320.03 398.35 0.454297
3 476.49 289.97 503.08 306.63 0.418912
1 480.87 282.27 491.45 300.21 0.378823
1 787.25 512.05 801.20 546.99 0.370361
4 200.69 46.93 257.29 64.96 0.352350
