1 419.34 276.91 449.88 346.67 0.998582
2 751.22 321.00 794.98 403.19 0.998102
2 561.06 313.99 600.69 404.13 0.992826
2 712.84 285.51 742.25 367.67 0.991438
2 645.53 264.02 679.56 335.31 0.991361
3 262.40 201.02 301.99 232.21 0.989421
3 926.19 280.12 959.61 330.55 0.976659
2 57.51 210.07 84.96 272.65 0.967159
2 792.10 208.29 816.13 262.44 0.963246
2 109.90 231.06 134.75 282.60 0.961014
2 441.49 163.34 451.98 200.68 0.945478
2 599.76 256.04 626.89 327.19 0.938084
2 585.74 301.24 614.72 380.89 0.928191
2 547.39 268.60 569.55 337.23 0.908499
2 517.52 191.23 537.11 242.88 0.878966
2 524.07 250.24 549.03 311.24 0.876712
2 753.98 209.63 775.80 261.64 0.867209
2 300.53 201.80 319.93 251.41 0.847199
2 730.81 204.00 757.66 252.30 0.847163
2 835.04 181.97 846.72 212.56 0.847072
2 639.74 232.29 653.64 287.27 0.830557
2 778.59 192.71 791.89 235.29 0.827085
3 98.62 117.51 131.35 145.17 0.797176
2 93.12 198.09 111.68 248.36 0.786532
2 889.01 140.28 898.54 162.98 0.762850
9 713.96 84.28 761.86 95.59 0.758110
1 751.17 321.02 795.05 403.11 0.706609
2 907.12 266.71 934.64 316.45 0.693080
2 795.34 172.59 821.75 211.60 0.668883
2 758.06 174.41 774.35 211.84 0.658786
2 542.90 246.07 569.31 291.85 0.634885
2 743.23 284.34 786.41 319.34 0.622965
2 143.61 173.72 154.92 209.12 0.620189
2 397.01 167.65 414.65 205.18 0.601615
2 323.70 192.32 341.26 240.39 0.600338
2 728.73 256.01 752.33 284.25 0.599187
2 365.85 255.36 391.59 288.11 0.545099
3 582.21 120.29 604.36 138.10 0.530487
2 175.58 198.41 198.44 253.26 0.520314
2 917.19 247.73 936.27 277.56 0.512292
2 346.90 262.28 380.17 292.53 0.507467
4 421.74 103.88 439.41 112.98 0.496175
2 951.21 159.93 959.83 204.31 0.479487
2 616.76 231.01 638.43 295.01 0.470827
6 255.64 95.65 303.56 122.49 0.468716
2 304.10 164.93 313.87 196.82 0.464851
4 255.51 100.18 270.75 109.81 0.458694
2 853.20 142.32 863.65 164.09 0.454569
4 178.27 80.87 189.52 88.63 0.452970
4 121.52 114.24 152.68 128.68 0.452156
4 216.04 107.69 228.71 116.57 0.430105
2 642.08 200.68 657.29 232.70 0.427750
2 241.81 198.57 262.40 246.41 0.413704
4 202.47 107.59 228.99 120.09 0.408773
2 714.02 125.22 723.06 149.65 0.399301
2 264.76 159.67 275.23 197.96 0.397259
2 653.67 140.51 665.23 160.63 0.395788
2 763.64 147.40 773.80 173.69 0.382263
2 662.85 141.31 672.62 161.11 0.376653
2 252.46 175.90 272.16 206.50 0.361252
2 159.91 193.13 180.71 239.88 0.349507
2 116.48 154.93 133.84 195.20 0.348464
2 374.99 168.92 391.47 209.10 0.340041
2 96.32 141.00 109.73 176.38 0.339465
2 206.61 199.14 221.73 249.30 0.321298
2 196.03 170.39 210.60 201.79 0.312783
4 55.95 110.47 83.31 133.43 0.309103
3 174.86 116.00 203.10 134.71 0.283083
1 57.49 210.00 85.03 272.56 0.244243
