4 674.53 422.40 694.27 459.39 0.996746
4 769.73 265.59 786.76 300.55 0.996277
4 683.58 148.92 698.95 174.45 0.995912
4 1006.41 13.54 1021.05 35.61 0.989500
4 671.17 85.17 685.66 108.33 0.987588
4 702.30 88.35 719.82 111.48 0.985866
4 819.92 475.03 842.16 516.91 0.983377
4 949.81 103.31 989.58 131.65 0.975319
4 750.90 66.59 767.95 92.83 0.967486
4 708.76 58.60 723.70 79.11 0.966014
4 810.22 562.47 836.07 606.22 0.962177
4 677.44 54.64 690.99 77.05 0.961691
4 680.19 300.71 695.52 329.87 0.953647
4 844.32 398.77 864.39 434.71 0.952667
4 825.65 180.42 841.00 209.66 0.950904
4 956.87 56.13 989.52 72.39 0.943746
4 713.09 34.97 728.01 54.24 0.925293
4 681.04 27.03 693.71 45.69 0.917745
6 825.46 19.94 838.19 47.30 0.907767
3 428.35 98.98 513.49 178.91 0.891939
5 891.29 578.06 927.82 645.83 0.814480
4 872.40 721.89 900.42 772.98 0.808369
4 953.79 31.30 988.03 51.82 0.797896
4 917.35 38.08 956.48 56.11 0.746024
9 718.14 5.89 735.69 34.00 0.668753
4 775.05 621.01 800.27 664.48 0.666462
9 692.20 0.74 718.84 51.40 0.664379
9 684.94 0.51 700.31 22.04 0.614995
4 592.56 766.39 616.46 787.53 0.521195
2 1105.90 469.33 1138.67 531.30 0.504665
3 519.14 675.95 545.92 721.46 0.500995
6 670.36 614.51 699.47 686.55 0.458324
4 131.01 51.00 160.18 72.79 0.393629
6 708.54 641.57 731.28 681.88 0.343915
