1 685.86 370.71 715.53 445.64 0.999310
1 722.50 351.96 755.59 430.63 0.998661
4 558.49 178.21 656.92 250.01 0.997162
4 573.81 274.24 652.77 370.72 0.996899
4 226.11 559.77 408.09 779.82 0.996575
4 157.72 106.60 247.04 176.47 0.988754
5 55.94 80.75 171.02 160.77 0.987487
3 766.01 222.01 789.65 270.27 0.985499
4 400.24 300.59 491.43 414.24 0.961201
4 315.17 450.77 393.78 551.71 0.932282
4 538.70 465.83 679.33 679.20 0.886144
4 201.25 49.32 309.93 114.07 0.881476
2 685.45 351.46 756.28 446.86 0.851557
4 425.08 241.76 501.26 306.61 0.817568
4 350.20 20.79 401.46 55.57 0.755304
4 630.45 64.61 658.62 101.13 0.702746
3 812.32 226.05 861.01 262.79 0.691091
4 379.90 2.81 408.25 24.71 0.506197
4 152.09 12.38 190.60 48.46 0.434992
3 526.60 220.26 561.70 289.59 0.429898
4 297.20 13.11 349.43 61.95 0.404493
4 340.60 0.14 407.76 28.68 0.362368
2 722.55 352.45 754.71 430.40 0.362036
3 94.00 48.86 124.29 81.13 0.337349
4 254.80 117.75 350.96 199.01 0.325196
4 0.11 198.40 79.56 340.64 0.305833
4 45.30 200.91 127.07 274.20 0.288381
