4 579.35 678.91 618.66 733.77 0.997547
4 376.72 96.80 394.02 111.49 0.994429
4 397.12 516.43 458.72 555.25 0.986755
4 221.85 8.27 240.46 24.09 0.986307
4 536.50 575.21 559.37 598.87 0.975953
4 550.24 610.22 586.27 659.67 0.972331
6 683.53 331.88 700.89 356.70 0.933172
4 341.19 255.09 365.46 283.54 0.866986
4 281.20 144.17 300.80 163.94 0.844668
4 969.87 561.38 1027.68 592.16 0.821496
4 1350.48 392.95 1399.81 419.58 0.807635
4 251.77 22.07 260.61 33.38 0.728340
4 443.17 96.35 452.78 107.03 0.674765
4 1115.60 515.39 1174.57 541.76 0.649827
4 997.10 435.75 1048.42 458.99 0.632396
6 737.33 263.92 974.41 354.54 0.547774
4 617.15 748.76 644.16 785.88 0.535391
2 531.90 190.59 541.56 208.60 0.524011
3 515.07 154.67 539.43 185.76 0.512549
3 939.42 572.84 957.83 591.10 0.511166
3 940.09 563.58 971.46 590.56 0.471792
4 358.19 56.87 371.20 66.55 0.469913
1 940.95 566.12 951.12 585.24 0.376126
2 514.58 140.39 539.50 185.54 0.373507
