4 404.10 684.09 461.73 741.70 0.999177
4 243.24 615.15 311.02 651.87 0.983614
4 92.25 597.16 160.48 631.65 0.977144
4 548.51 734.61 606.28 766.35 0.976804
5 1092.34 558.85 1187.47 692.19 0.975792
4 795.04 146.90 829.42 185.80 0.964189
4 225.08 67.07 261.29 109.82 0.955848
4 740.67 167.83 768.77 206.33 0.951471
4 683.73 8.92 708.43 40.03 0.941562
4 795.89 228.41 822.59 271.46 0.939143
4 782.40 295.30 814.47 343.29 0.932650
4 172.17 495.74 228.58 537.57 0.928838
4 676.12 206.63 710.14 251.53 0.914894
6 1036.39 423.42 1115.99 541.43 0.905942
4 293.35 158.25 327.00 197.33 0.900423
4 654.01 0.15 677.40 30.96 0.881297
4 763.16 220.87 791.32 271.71 0.867989
4 205.07 109.96 245.31 160.71 0.851728
4 241.91 471.03 284.93 503.54 0.816445
4 93.90 509.03 148.54 541.77 0.806949
4 760.55 327.98 790.48 378.91 0.790553
4 676.17 50.98 695.43 69.63 0.751521
6 699.88 122.08 746.73 211.15 0.738388
4 230.48 4.38 260.82 38.77 0.729048
6 690.47 88.15 715.33 127.47 0.670087
6 573.83 107.53 621.25 209.56 0.663643
9 675.98 51.06 700.59 88.49 0.623681
6 736.64 249.66 771.63 312.73 0.621298
4 318.06 590.81 348.58 609.51 0.545443
4 1160.71 435.52 1201.92 473.01 0.538489
1 993.60 635.43 1031.08 709.77 0.518247
4 511.56 0.00 533.48 12.96 0.511991
6 629.66 318.06 663.47 374.53 0.495297
4 45.32 532.74 72.39 558.39 0.492136
4 383.02 23.25 428.20 50.80 0.483963
4 225.79 770.13 297.56 787.70 0.462301
4 287.13 404.04 328.34 426.94 0.455878
6 571.63 676.75 603.09 726.05 0.450207
6 607.11 386.16 647.40 476.75 0.442714
4 349.11 79.22 380.99 103.84 0.418683
4 224.13 244.89 256.87 271.73 0.411230
4 0.34 536.78 52.67 572.37 0.398193
9 722.75 208.44 752.44 261.89 0.334022
9 802.51 373.08 836.93 464.11 0.284246
