4 895.65 404.71 938.73 430.17 0.894775
4 915.44 457.90 964.72 485.07 0.745367
4 635.56 439.23 676.55 467.57 0.686353
4 917.91 427.86 966.84 452.98 0.673870
4 1215.57 200.08 1226.92 212.42 0.594026
4 1366.97 268.05 1399.80 294.98 0.574694
4 1183.69 229.59 1194.63 238.51 0.540027
4 1366.71 271.29 1384.49 288.85 0.530148
3 1163.80 239.97 1177.46 259.13 0.522208
4 1214.63 271.59 1230.80 290.37 0.519049
6 63.26 462.82 140.21 496.45 0.516274
3 1036.62 459.90 1060.51 484.16 0.471693
4 1360.45 622.71 1399.74 678.94 0.440728
5 1318.82 691.58 1352.83 716.78 0.329517
