3 462.61 264.63 480.61 299.26 0.626951
1 743.56 420.08 807.79 538.33 0.543756
1 478.54 264.63 501.08 332.15 0.520060
1 499.96 270.65 519.95 336.50 0.517013
1 478.17 263.97 501.22 332.51 0.498539
1 500.21 270.00 520.41 336.59 0.494731
1 461.70 247.60 482.08 292.11 0.485688
1 744.47 420.79 807.27 539.16 0.471640
3 461.55 263.23 481.29 299.34 0.468947
7 341.22 291.94 420.55 372.44 0.458878
1 914.59 372.66 959.43 436.22 0.457338
1 914.07 371.92 958.71 435.68 0.435987
1 462.13 248.38 481.89 292.44 0.425466
2 458.18 246.13 522.77 337.65 0.414531
7 533.24 350.28 620.68 414.49 0.411995
1 744.21 420.74 807.22 539.18 0.403992
7 342.18 294.21 419.03 372.47 0.396602
3 827.14 463.59 898.66 538.29 0.342863
4 562.42 194.70 586.48 212.99 0.328179
7 534.02 352.42 619.21 413.63 0.327816
1 742.65 419.77 808.07 538.35 0.316698
3 737.46 346.03 775.40 387.62 0.315434
4 580.73 190.47 598.06 203.66 0.282190
10 517.99 228.49 564.76 453.16 0.279335
2 459.31 246.35 522.14 337.12 0.277335
3 819.09 446.93 908.00 538.36 0.273149
3 824.94 453.90 901.00 538.54 0.271418
3 542.11 279.89 575.83 323.00 0.267196
2 560.22 187.93 598.66 214.24 0.262897
1 914.67 372.91 959.38 436.13 0.257941
10 350.50 293.59 418.83 353.32 0.256130
3 525.61 338.33 636.39 431.00 0.255358
2 461.84 248.12 520.36 336.01 0.254974
2 476.33 262.53 521.44 336.50 0.250724
10 563.26 180.16 584.02 214.71 0.246132
1 478.64 264.66 501.13 332.26 0.241019
10 324.77 273.99 437.33 388.05 0.237404
1 743.35 420.08 807.85 538.27 0.236073
2 451.06 238.58 533.74 352.90 0.235463
2 459.60 246.76 521.81 336.84 0.234404
1 872.99 190.44 880.90 204.57 0.231538
10 328.81 276.52 431.68 383.24 0.230507
4 341.85 292.01 420.39 371.27 0.228847
1 500.05 270.66 519.93 336.50 0.227611
7 530.89 273.58 621.57 415.78 0.227029
3 457.93 260.38 483.74 301.18 0.224778
3 732.84 341.43 780.10 392.04 0.223095
3 542.93 281.21 574.74 322.23 0.221372
4 579.95 189.13 598.84 204.64 0.221265
3 342.50 304.13 376.45 372.33 0.220320
4 788.01 181.76 799.89 190.45 0.220145
1 677.83 177.76 688.82 193.36 0.219458
10 335.11 283.38 425.80 376.15 0.219173
2 452.25 239.85 528.39 344.42 0.218645
1 561.43 193.85 571.80 213.05 0.217173
1 462.05 248.44 481.76 292.62 0.212645
7 738.89 347.87 774.71 386.87 0.200184
2 873.83 191.17 880.18 204.40 0.200062
1 913.48 371.79 958.69 436.01 0.199052
7 561.06 192.93 587.01 213.68 0.197192
1 726.35 406.09 821.70 538.27 0.196966
1 636.36 181.64 646.97 196.10 0.191730
3 518.23 334.47 649.28 441.97 0.190912
3 531.90 346.16 623.94 418.31 0.188186
10 828.68 466.65 897.44 539.38 0.185508
10 563.38 179.36 583.16 257.50 0.185213
10 560.30 168.63 599.56 257.54 0.176069
1 802.33 354.21 828.26 376.48 0.173097
3 534.39 350.62 620.14 414.26 0.171760
1 580.26 351.32 608.09 400.37 0.168917
7 735.78 344.11 828.77 390.05 0.168363
3 531.11 272.96 577.07 325.06 0.167446
7 560.41 170.04 600.11 216.23 0.165048
5 317.02 264.66 443.61 399.78 0.161371
1 815.59 194.13 828.08 213.55 0.160085
1 704.99 175.28 713.16 189.76 0.159592
1 478.15 264.10 501.29 332.32 0.158029
3 342.23 303.39 373.99 372.53 0.157042
4 580.05 189.08 598.71 204.48 0.155378
7 341.63 291.71 420.27 371.84 0.155210
5 311.73 261.15 451.09 397.49 0.154709
4 786.89 179.94 800.90 191.18 0.153004
1 461.84 247.55 482.26 292.22 0.152452
2 797.57 183.80 884.12 226.42 0.150311
1 633.60 179.76 650.21 198.54 0.149528
5 307.76 252.17 451.76 405.49 0.141039
3 718.33 332.79 791.28 401.32 0.139454
4 785.65 177.49 802.08 191.87 0.139136
1 801.80 195.47 815.13 208.87 0.136736
5 352.14 292.92 418.98 332.03 0.135372
10 738.46 346.24 768.63 368.95 0.135330
6 351.02 293.26 418.62 353.52 0.135239
1 912.88 371.23 958.84 436.93 0.132811
1 576.48 194.90 587.60 211.21 0.129852
3 579.90 350.64 618.17 412.25 0.129108
4 555.62 180.11 601.10 219.53 0.128427
1 500.30 269.90 520.39 336.38 0.127996
2 801.61 192.86 829.54 214.19 0.127166
2 453.79 239.20 627.19 430.73 0.124045
1 838.72 203.48 848.56 217.40 0.123766
1 553.89 280.95 574.78 321.63 0.121962
3 461.93 263.24 481.15 299.20 0.119947
10 518.25 227.81 563.43 346.84 0.119627
10 517.46 227.62 564.42 268.03 0.119160
3 722.33 333.20 830.88 404.82 0.119107
3 827.54 464.82 898.48 538.41 0.119030
3 533.12 355.12 578.07 408.05 0.117615
2 800.35 190.96 873.33 224.65 0.117428
1 903.05 362.98 958.94 443.01 0.115993
3 530.26 338.87 630.68 428.31 0.115432
10 507.39 220.44 583.83 461.50 0.114931
3 806.75 423.53 914.63 537.95 0.114663
2 463.32 263.20 520.84 336.36 0.113262
10 518.29 228.11 564.11 411.76 0.112683
1 869.91 187.66 884.54 208.08 0.111932
5 382.58 296.11 419.68 348.35 0.111431
4 560.66 188.19 598.73 214.28 0.110213
10 850.04 206.28 869.83 223.10 0.108672
3 635.14 184.14 649.62 198.12 0.108344
10 529.94 273.24 551.85 322.85 0.107431
6 562.90 180.00 583.87 214.41 0.106033
5 353.08 293.55 397.96 321.98 0.104782
1 743.13 419.65 808.06 538.63 0.101355
