4 1173.04 135.68 1289.98 190.77 0.605364
2 650.09 2.06 778.07 55.92 0.582250
4 74.38 223.58 283.80 310.97 0.568632
4 591.65 326.93 753.54 462.44 0.561704
1 488.92 313.97 529.07 377.25 0.549404
1 948.51 232.02 976.73 292.32 0.544611
4 99.77 157.66 240.45 229.30 0.538963
4 286.18 92.45 345.79 144.69 0.534594
4 1199.22 248.95 1359.61 343.88 0.496215
4 1064.04 71.95 1153.75 114.94 0.491993
4 287.60 35.43 335.17 74.02 0.490152
4 854.15 70.61 916.75 114.07 0.489436
1 145.53 351.41 197.03 441.74 0.476701
7 1267.69 53.93 1358.70 96.68 0.476026
4 957.46 78.97 1061.24 124.64 0.468515
1 83.91 348.73 200.46 470.11 0.452737
1 488.79 314.71 528.55 377.87 0.442941
1 949.45 232.79 976.12 292.62 0.442679
4 425.25 0.03 463.61 23.72 0.439062
3 479.46 336.06 537.94 395.27 0.435372
4 527.11 0.31 575.43 22.39 0.434737
4 759.62 66.14 840.54 108.12 0.425840
4 952.86 53.91 1048.61 89.42 0.425710
1 86.98 368.97 145.30 468.05 0.410837
4 1268.01 55.16 1359.50 95.94 0.409202
4 1198.23 247.59 1358.61 344.46 0.402918
4 49.19 8.26 100.67 41.43 0.400973
1 146.20 352.22 195.82 441.53 0.399607
4 75.28 55.63 139.12 112.56 0.388860
4 73.20 222.08 284.73 311.57 0.386601
4 589.07 325.48 754.89 463.65 0.383863
4 658.48 41.38 734.68 85.27 0.378392
4 724.91 55.14 783.82 93.13 0.378215
1 826.92 245.73 855.74 305.08 0.375091
4 170.58 53.32 226.87 98.79 0.364679
1 87.54 369.79 145.26 467.62 0.358458
4 600.00 19.69 647.14 58.43 0.353904
1 146.10 352.24 195.42 441.68 0.345379
2 650.09 2.08 770.54 54.90 0.343899
1 832.87 250.22 865.79 305.65 0.343158
4 98.44 156.00 241.27 229.76 0.340679
4 956.98 77.61 1061.69 125.11 0.336103
1 87.38 369.50 127.33 467.90 0.331634
2 825.78 246.47 865.02 308.02 0.326355
1 949.28 232.89 975.96 292.71 0.323574
3 477.44 335.09 539.15 395.04 0.319768
4 284.89 91.21 346.51 145.49 0.314711
4 162.26 6.77 202.63 35.18 0.313224
4 622.85 30.58 694.42 71.21 0.311338
4 1172.30 134.55 1290.64 191.03 0.308826
3 962.71 265.28 986.65 298.26 0.307174
1 87.43 369.63 145.54 467.70 0.302968
10 540.01 7.35 567.26 43.34 0.302905
4 84.65 28.13 143.16 76.48 0.302435
3 949.21 264.63 986.51 298.77 0.300831
4 1064.09 70.89 1154.01 115.50 0.299754
1 87.67 370.07 126.53 467.54 0.292488
3 842.65 30.69 904.79 64.11 0.291364
4 1279.41 40.86 1337.59 70.21 0.289254
4 171.02 22.79 222.70 66.77 0.287078
3 842.99 37.35 904.39 63.52 0.279883
4 759.33 64.94 840.72 108.52 0.278761
3 818.94 270.85 854.87 314.18 0.278747
4 952.69 52.99 1049.04 89.47 0.274822
4 502.93 -0.05 531.49 6.30 0.270993
4 853.36 69.56 917.12 114.59 0.270901
3 960.50 264.15 987.58 298.32 0.269082
1 827.00 246.31 855.41 305.32 0.268949
7 83.90 27.03 144.09 76.91 0.266859
6 541.89 9.45 566.33 42.31 0.265009
3 843.45 38.18 903.97 63.49 0.260863
1 820.96 245.19 866.39 310.13 0.258371
1 485.47 4.50 498.11 38.38 0.257012
4 169.89 21.88 223.15 67.87 0.251853
7 162.07 8.97 229.39 102.24 0.251756
1 486.60 4.94 497.44 37.92 0.251359
4 599.27 18.37 647.87 58.55 0.251135
4 286.95 33.69 336.05 74.76 0.250045
4 657.57 40.19 734.32 85.69 0.243503
2 841.89 251.50 865.40 301.91 0.243068
3 1032.94 31.42 1105.58 58.55 0.237869
4 724.44 53.81 784.11 93.42 0.236835
6 1231.56 11.74 1336.00 46.55 0.235938
1 948.28 231.57 976.99 292.63 0.234892
7 599.85 8.06 784.24 93.82 0.234697
1 469.03 309.11 546.79 400.78 0.234654
1 648.04 361.90 678.90 393.59 0.234303
1 828.61 245.50 855.47 282.91 0.233652
3 946.67 259.21 991.18 300.92 0.233073
4 170.39 52.02 227.47 99.41 0.232189
2 486.60 4.07 508.73 38.03 0.229587
3 455.45 301.37 559.89 417.07 0.222421
4 74.50 54.94 139.64 113.34 0.222052
4 161.26 5.86 203.47 37.39 0.220412
3 926.77 41.12 976.10 64.22 0.217695
2 87.40 351.56 196.64 468.35 0.216789
4 622.30 29.57 694.50 71.39 0.215259
7 1033.16 33.03 1104.71 58.31 0.213523
3 948.69 262.29 988.10 298.95 0.209329
10 1252.41 199.42 1358.72 241.05 0.207627
4 171.68 36.89 222.91 67.01 0.205822
3 881.70 40.55 904.42 63.37 0.200502
4 526.34 0.28 576.22 23.38 0.199784
1 636.85 359.88 680.71 394.71 0.197762
3 765.11 29.16 784.26 50.44 0.197608
4 589.11 324.98 755.62 463.66 0.195822
7 600.88 17.66 735.42 87.02 0.195387
3 843.27 30.01 904.17 63.76 0.194538
1 485.90 313.65 530.21 378.73 0.191603
3 1067.55 33.09 1104.81 57.59 0.191538
7 1068.21 34.46 1104.56 57.50 0.187559
6 1269.53 12.42 1343.14 45.18 0.186138
4 73.31 222.20 284.69 311.57 0.185884
2 496.49 6.15 509.19 35.95 0.184917
3 927.28 41.99 976.22 63.70 0.181355
4 48.37 6.33 100.87 42.02 0.180321
3 816.94 269.55 856.98 314.47 0.179098
7 599.68 8.92 841.59 113.19 0.178643
7 72.67 6.74 231.54 116.04 0.177976
3 456.00 325.32 572.97 416.74 0.176978
3 1033.42 35.74 1066.46 56.95 0.174215
1 616.14 2.11 627.31 22.36 0.173717
4 1275.50 39.97 1338.88 70.98 0.173193
3 881.72 40.53 904.95 63.62 0.172363
6 526.86 0.86 576.72 44.03 0.172350
1 945.29 230.41 988.81 299.23 0.170609
4 1197.81 247.14 1358.87 344.56 0.170180
1 495.15 4.78 509.58 36.40 0.168903
1 167.62 172.50 184.50 192.68 0.167837
3 961.87 264.18 987.55 298.13 0.166357
3 939.33 253.14 1007.49 313.31 0.166082
1 484.10 2.75 509.50 38.93 0.165522
1 145.44 351.33 197.29 441.89 0.164453
4 98.53 155.84 241.16 229.58 0.161467
9 1267.76 54.23 1358.72 96.55 0.161422
6 1268.61 12.27 1326.55 44.51 0.161268
10 281.68 285.71 384.62 389.75 0.159947
4 424.69 0.06 464.74 24.48 0.158380
4 957.13 77.50 1061.61 125.13 0.155578
4 285.01 91.11 346.34 145.26 0.152912
7 73.92 25.70 145.46 114.39 0.150965
7 72.84 154.25 285.61 313.27 0.149009
6 1264.72 39.70 1358.75 98.25 0.148922
1 813.09 242.07 869.63 316.86 0.148258
4 1172.42 134.48 1290.44 190.80 0.147274
4 572.72 306.71 771.63 482.13 0.146090
3 935.93 224.07 997.70 307.57 0.144888
10 115.10 421.69 144.75 452.91 0.144480
1 841.88 251.06 865.93 299.80 0.143809
1 87.05 368.89 144.86 467.97 0.143273
1 482.41 332.91 513.38 379.79 0.139161
3 843.40 38.72 879.36 62.72 0.139138
3 843.59 41.51 864.34 62.34 0.139055
10 1139.52 70.31 1190.88 140.55 0.138122
4 1179.70 227.50 1358.16 369.01 0.137991
4 853.59 69.42 917.06 114.48 0.137919
6 923.11 63.52 955.33 108.84 0.137486
3 484.01 12.79 509.07 39.01 0.137027
6 1237.37 10.82 1328.68 46.38 0.133479
3 927.45 44.40 952.89 63.41 0.132420
4 759.78 64.74 840.63 108.46 0.132417
3 927.25 39.90 953.08 63.35 0.131594
3 942.79 228.73 991.19 301.50 0.131014
3 81.72 347.69 204.06 472.20 0.130581
4 275.95 83.81 357.12 153.83 0.128606
3 764.49 28.00 784.63 50.47 0.128335
3 953.20 43.69 976.39 62.70 0.123986
3 1082.50 34.99 1105.12 55.53 0.123183
9 281.94 26.77 342.52 79.77 0.122958
1 473.60 311.18 542.18 396.72 0.119626
1 478.04 335.14 539.24 394.81 0.117748
1 662.60 367.95 695.78 400.83 0.117046
4 1064.13 70.66 1154.04 115.52 0.116876
10 214.28 1.92 267.23 106.07 0.116643
4 73.83 221.68 285.20 311.58 0.113929
1 699.46 24.42 715.77 44.47 0.113659
4 287.20 33.75 335.98 74.78 0.104431
6 1262.46 10.48 1358.36 98.13 0.103647
4 1164.78 125.04 1298.21 198.15 0.102713
1 85.79 349.78 199.01 469.35 0.102472
10 175.34 402.25 199.54 428.44 0.101147
4 170.54 52.20 227.45 99.41 0.101082
1 362.65 0.03 379.09 14.59 0.100383
1 816.89 244.99 866.65 314.11 0.100215
