4 893.77 865.53 989.54 999.70 0.510636
4 1003.83 548.58 1048.53 590.36 0.498981
4 1049.08 446.32 1082.40 470.00 0.410772
3 844.65 605.16 875.36 664.68 0.347957
7 888.77 861.38 994.08 1003.15 0.341052
7 1001.20 544.93 1051.66 592.64 0.303102
7 875.90 846.89 1011.08 1015.72 0.291252
4 930.59 323.27 950.70 341.28 0.287510
3 827.44 597.91 882.14 672.73 0.286378
3 821.00 590.46 891.56 680.74 0.268538
1 893.84 571.88 925.81 629.33 0.266450
7 1002.03 545.89 1050.47 590.92 0.262431
7 891.11 864.92 990.49 1000.11 0.250674
7 997.84 540.67 1056.43 597.84 0.249368
7 993.57 537.26 1060.78 602.10 0.247011
4 795.34 407.01 831.21 440.64 0.241468
2 359.84 571.59 560.49 793.45 0.236741
4 987.81 358.45 1015.25 378.57 0.236127
3 847.84 608.09 875.41 662.00 0.231183
9 898.38 275.28 1108.74 341.97 0.228516
7 889.28 861.05 993.78 1003.47 0.227803
2 1678.17 172.75 1916.71 286.11 0.226160
7 982.68 529.99 1072.52 614.03 0.224386
1 521.73 638.73 553.11 711.02 0.210083
4 855.19 831.11 1031.32 1031.77 0.205234
1 523.54 641.23 551.33 710.59 0.204955
3 831.00 605.78 875.68 668.43 0.202460
2 1020.31 438.75 1115.31 532.55 0.197575
7 1047.10 443.28 1083.44 471.53 0.197307
1 457.66 573.14 545.56 733.45 0.196881
1 890.43 566.60 932.48 633.80 0.192719
1 895.60 575.30 922.33 627.73 0.192186
3 829.62 601.85 878.37 669.71 0.191105
4 848.60 609.91 872.72 642.59 0.185210
4 993.11 536.29 1061.61 603.77 0.184500
1 401.39 645.26 456.31 789.22 0.180061
2 1271.76 499.11 1590.65 775.20 0.177843
7 820.77 536.72 1070.70 675.92 0.176070
1 467.52 578.22 527.03 731.01 0.174092
3 822.45 589.66 891.42 681.33 0.173363
2 1110.70 840.15 1247.25 972.32 0.170609
4 971.24 525.02 1088.63 624.36 0.169117
3 812.17 585.58 916.53 701.41 0.168893
1 1146.75 618.25 1173.62 662.57 0.167478
1 827.31 612.92 848.60 668.32 0.165961
3 845.95 606.01 874.27 662.43 0.165240
2 458.07 638.24 556.58 735.78 0.164681
3 844.53 603.22 875.57 666.24 0.163635
2 361.59 624.10 558.16 791.94 0.163564
10 1089.07 447.38 1122.37 489.65 0.159468
1 1024.30 440.96 1091.14 530.56 0.159329
1 1091.30 626.64 1120.42 674.41 0.158629
7 929.45 321.33 953.12 343.26 0.158550
1 1118.16 859.03 1154.42 908.29 0.156055
10 1087.73 363.58 1129.96 501.31 0.155499
3 850.86 619.77 872.27 661.36 0.153880
4 963.56 330.50 1052.70 408.29 0.152978
1 482.86 663.25 515.63 729.36 0.152305
7 1010.93 300.05 1102.35 345.79 0.148450
2 293.05 562.10 566.36 868.84 0.148054
7 1002.02 544.90 1051.09 592.05 0.144516
3 1488.90 675.79 1623.43 831.16 0.141493
4 973.08 337.47 1043.07 386.79 0.140188
4 1044.81 440.20 1086.76 474.23 0.138258
2 1281.10 508.77 1604.10 815.26 0.132253
5 1038.31 435.64 1092.41 479.02 0.129829
1 394.71 610.06 459.88 790.46 0.129653
1 1044.57 443.31 1085.73 520.54 0.129593
2 319.77 560.02 569.46 800.69 0.129491
7 897.01 272.72 1112.89 419.87 0.128102
1 1204.50 864.32 1241.23 917.24 0.127202
10 1088.27 408.84 1129.11 492.08 0.126753
10 891.59 242.78 1114.50 352.79 0.126135
10 1096.94 408.15 1129.74 451.28 0.125077
4 794.11 403.30 833.19 441.88 0.123788
2 1677.83 174.42 1916.54 285.17 0.121020
10 911.14 272.35 1109.73 345.55 0.120199
7 886.78 536.65 1061.96 635.24 0.119868
9 966.99 507.82 1093.39 630.10 0.118300
4 947.45 326.00 1062.92 419.08 0.117924
10 1811.11 579.56 1865.27 628.58 0.116619
7 1011.33 302.98 1078.90 338.79 0.116358
1 349.48 681.49 388.90 769.78 0.115777
1 885.80 560.91 938.91 640.37 0.113834
2 1205.15 462.65 1602.16 795.41 0.113226
1 344.39 651.67 390.44 770.41 0.112859
2 1238.09 485.84 1908.77 1048.81 0.111575
10 847.20 235.17 1100.07 320.77 0.110393
1 1142.73 613.98 1178.20 669.23 0.109692
4 894.27 915.55 989.35 998.47 0.108757
3 1024.54 487.28 1071.42 531.43 0.108033
10 1097.74 363.95 1129.40 456.45 0.105394
1 1112.68 850.65 1160.47 920.43 0.105243
1 1467.74 572.16 1569.77 771.44 0.105004
1 828.70 625.37 846.58 667.35 0.104900
4 984.41 353.04 1019.78 382.37 0.104128
2 1194.03 463.61 1910.55 1061.66 0.102708
1 1324.95 570.02 1388.77 638.13 0.102581
10 1290.90 237.46 1474.66 323.18 0.101632
1 1012.41 307.36 1034.34 334.40 0.101429
