6 130.27 316.46 348.44 419.42 0.664556
4 785.51 299.92 865.50 342.13 0.550587
4 722.19 81.10 743.00 99.09 0.526006
1 857.19 515.66 880.44 553.73 0.509318
4 934.64 355.33 1004.59 424.28 0.499085
4 799.77 89.65 821.89 110.86 0.488443
4 636.89 69.33 656.63 86.31 0.478974
4 742.51 543.84 849.78 670.86 0.472060
4 685.46 29.31 701.64 42.31 0.470559
3 859.02 536.83 880.34 573.76 0.465841
10 755.76 556.47 1215.59 750.25 0.454297
1 294.09 403.73 310.35 445.20 0.442371
3 501.69 450.78 525.85 482.39 0.428718
1 392.82 403.22 410.35 445.39 0.421828
4 622.86 46.85 639.79 61.39 0.418230
1 346.45 407.28 363.20 449.47 0.414825
1 361.71 400.13 381.96 444.15 0.414175
1 857.60 516.43 879.69 554.91 0.412468
4 979.52 728.69 1068.98 764.53 0.411209
7 399.45 424.78 564.38 526.77 0.407700
1 345.59 406.67 363.40 449.64 0.404326
3 223.71 261.80 256.11 285.04 0.398101
1 393.61 403.79 409.77 444.98 0.397743
4 736.07 40.64 763.42 53.67 0.397371
1 294.92 404.34 309.34 445.00 0.397276
4 641.44 35.74 656.97 50.97 0.396918
1 362.29 400.95 381.79 444.13 0.395358
6 127.80 312.86 351.58 421.28 0.391403
4 726.46 294.50 786.05 358.73 0.391209
1 5.83 360.56 25.29 404.96 0.390995
3 3.98 386.44 35.69 412.73 0.383716
4 784.66 297.85 866.64 343.36 0.382249
4 932.73 353.31 1005.99 425.54 0.382088
4 618.19 3.00 631.79 17.06 0.381152
3 408.52 395.42 428.30 425.16 0.363869
3 222.63 260.52 257.04 285.83 0.363370
4 260.33 191.37 279.34 207.15 0.360732
7 399.64 427.69 562.62 526.29 0.359924
4 648.43 -0.14 660.66 6.38 0.359631
4 744.72 545.87 848.63 669.31 0.355861
4 593.19 0.41 606.17 13.13 0.354286
3 312.01 263.39 338.81 287.70 0.352160
3 645.05 176.25 657.28 192.03 0.348274
1 445.74 411.49 458.18 434.03 0.347804
10 128.99 314.45 350.31 420.65 0.347798
4 724.99 292.60 786.86 359.75 0.332345
3 500.37 449.33 526.12 482.19 0.330683
1 626.25 159.90 635.95 180.54 0.322567
1 446.88 412.10 457.05 433.87 0.322093
7 398.02 423.26 565.85 528.45 0.320837
2 289.82 382.70 430.94 451.58 0.316632
2 288.78 391.71 424.08 452.80 0.311234
1 626.96 160.62 635.31 180.36 0.307014
3 622.99 479.81 645.05 518.31 0.304025
7 145.73 388.99 297.59 421.00 0.302213
6 115.15 294.11 370.62 446.79 0.300899
1 6.00 363.16 24.53 406.35 0.297100
1 598.27 160.09 610.14 191.72 0.294227
3 853.28 530.90 887.58 575.98 0.292386
3 858.30 535.73 881.69 573.30 0.291436
3 1326.75 538.83 1358.79 586.69 0.289429
3 3.49 384.80 35.70 412.84 0.286908
2 281.57 378.82 438.49 460.31 0.286040
1 643.94 166.92 658.19 191.65 0.284796
3 1327.90 539.75 1359.78 586.65 0.283842
1 738.74 58.75 748.11 74.59 0.281671
4 768.73 36.72 802.97 50.67 0.277748
1 739.83 59.64 747.36 74.43 0.276604
1 645.22 168.16 657.18 191.02 0.274832
4 309.87 63.63 327.84 76.47 0.263401
1 730.30 616.20 764.80 671.71 0.263304
3 407.42 392.62 429.11 425.18 0.261016
4 721.10 79.67 744.21 99.81 0.256908
4 767.79 35.51 803.52 51.31 0.253934
4 798.88 87.96 823.10 111.83 0.253243
7 409.46 428.12 562.54 508.95 0.253067
1 599.16 161.30 609.60 191.31 0.252719
3 1328.15 549.86 1359.69 586.67 0.251241
1 641.04 164.60 662.33 195.84 0.250708
1 403.81 382.98 428.32 422.71 0.250315
3 454.60 254.99 471.44 273.86 0.244775
7 388.49 407.36 577.85 539.08 0.244063
3 222.04 248.08 257.59 285.56 0.243349
4 1142.57 50.78 1193.61 73.82 0.242039
3 621.17 478.02 646.25 518.92 0.237485
4 1089.41 27.13 1110.96 41.15 0.233775
3 723.41 40.57 733.66 55.45 0.233649
7 408.25 426.31 563.49 509.51 0.233307
4 635.47 67.50 657.89 87.57 0.232476
4 735.41 38.74 764.42 54.56 0.232041
3 382.72 236.35 394.37 256.63 0.232015
2 342.39 397.59 412.88 450.76 0.229871
4 1003.31 10.60 1026.27 22.54 0.228339
2 404.40 383.94 427.14 419.92 0.225585
4 1244.37 46.90 1259.11 62.69 0.225533
3 589.58 187.71 598.89 205.70 0.223730
2 343.20 398.21 385.49 451.39 0.220957
1 140.53 366.94 161.49 398.59 0.219622
4 282.03 57.96 303.25 69.64 0.219066
1 6.87 360.27 22.03 390.27 0.218967
4 915.05 8.42 943.01 23.77 0.216364
6 98.55 280.84 401.94 467.57 0.215005
3 0.23 234.10 59.02 281.50 0.212500
3 494.61 444.97 531.64 486.12 0.212455
4 784.79 297.77 866.89 343.21 0.212419
1 854.77 514.26 883.95 572.58 0.212373
3 1317.15 529.10 1358.53 594.32 0.212158
3 223.89 249.46 256.44 284.35 0.209005
3 730.82 617.56 764.00 670.76 0.208546
2 339.70 382.43 430.29 451.53 0.206762
7 130.90 362.71 302.26 421.93 0.205981
3 311.03 261.69 340.08 288.50 0.203712
4 932.84 353.09 1006.18 425.38 0.201741
1 404.14 382.54 425.63 413.64 0.200473
4 621.68 45.04 640.75 62.53 0.198715
4 1318.57 112.96 1358.19 134.99 0.196998
1 1329.53 539.93 1357.08 575.48 0.196699
3 644.11 174.38 657.99 192.19 0.196310
3 1.83 379.36 41.24 416.42 0.195515
4 923.54 341.20 1016.96 436.76 0.194737
1 295.14 404.53 309.20 445.03 0.194431
4 979.59 727.54 1070.32 763.28 0.191467
3 623.40 479.36 637.77 507.51 0.190784
1 858.00 516.95 879.52 552.30 0.190675
6 155.28 316.25 349.96 399.85 0.190546
10 409.70 431.81 484.05 508.56 0.189110
4 1295.78 59.89 1329.95 76.20 0.187299
4 724.90 292.28 787.02 359.63 0.186365
1 362.43 401.06 381.28 443.92 0.182069
10 852.05 556.74 1214.35 745.70 0.178454
4 796.41 84.58 826.25 114.44 0.176752
1 2.59 359.35 36.92 413.28 0.176243
4 742.00 543.98 850.04 670.73 0.174093
1 848.79 510.04 890.40 576.94 0.172397
4 684.43 27.57 703.44 43.23 0.170279
4 717.08 282.65 792.79 368.77 0.169561
4 781.42 288.34 873.25 352.25 0.169008
1 136.17 364.93 163.42 404.11 0.165383
4 640.48 34.76 658.11 52.00 0.165380
3 216.02 253.75 264.71 290.62 0.164260
1 288.21 397.93 316.78 449.65 0.162324
4 724.23 528.83 861.09 685.21 0.161848
10 381.35 204.65 435.92 251.35 0.160490
3 622.07 478.63 638.07 507.59 0.157157
4 721.88 286.97 869.34 364.03 0.151542
4 617.04 2.02 632.99 17.80 0.150509
6 1291.69 87.71 1358.63 119.89 0.144847
1 402.61 383.96 417.46 411.72 0.143943
1 405.66 382.82 423.46 402.63 0.142279
10 129.29 341.81 170.65 406.47 0.137530
2 589.58 153.81 660.25 203.13 0.137352
2 259.53 361.23 467.20 488.20 0.135519
1 722.50 39.20 734.33 55.89 0.134211
4 718.88 77.42 746.77 102.28 0.132156
3 10.28 392.18 35.50 412.31 0.130276
3 858.48 536.19 881.81 573.19 0.130164
1 451.45 452.81 477.32 483.57 0.129850
3 833.43 501.07 907.25 589.61 0.128903
2 595.84 156.15 659.00 196.90 0.127706
7 1280.74 84.85 1358.76 140.00 0.126013
1 857.27 515.74 880.00 550.44 0.125957
6 733.12 33.77 804.39 55.90 0.123908
4 1317.63 111.19 1358.40 136.50 0.123259
10 0.36 247.40 59.03 280.79 0.122364
1 440.82 408.04 463.86 438.36 0.122325
10 407.98 430.11 485.60 508.92 0.122158
2 581.74 145.39 671.54 213.69 0.121174
1 5.89 361.52 25.35 404.59 0.121168
4 911.54 6.77 944.07 24.92 0.120948
1 449.75 445.69 478.64 481.67 0.120537
1 361.93 399.94 381.74 443.87 0.119877
4 1252.35 49.45 1298.21 72.13 0.117171
2 289.76 398.75 384.06 451.27 0.117120
1 294.41 403.82 310.27 445.07 0.116595
10 754.17 556.64 1214.67 750.74 0.115780
3 631.09 156.83 672.86 206.81 0.115283
1 593.80 155.13 614.76 197.49 0.115199
3 720.98 607.43 775.36 680.91 0.114234
1 402.79 383.62 415.73 401.22 0.114071
1 345.72 406.73 363.11 449.30 0.114011
6 1097.01 44.10 1194.42 75.40 0.112501
3 3.10 383.96 35.93 412.80 0.112369
4 721.41 79.85 744.06 99.68 0.111679
4 720.54 286.56 1010.42 431.79 0.111592
1 14.52 221.17 46.22 255.49 0.111541
1 595.72 157.28 612.74 194.87 0.111150
10 128.53 341.56 181.31 418.46 0.111140
6 104.71 287.14 459.23 493.07 0.110171
3 220.25 256.37 340.81 290.03 0.109746
5 743.70 544.54 835.68 621.12 0.109663
6 130.54 314.10 351.50 420.33 0.108330
3 310.92 268.62 336.78 287.87 0.107943
4 635.65 67.64 657.74 87.52 0.106858
3 742.52 632.36 763.43 670.83 0.103334
4 979.65 727.30 1070.53 763.39 0.103180
4 591.73 0.21 607.22 14.08 0.102369
4 1199.04 57.21 1242.02 83.66 0.101880
4 1087.91 25.73 1111.94 41.97 0.101877
1 467.32 439.73 487.30 474.44 0.100876
1 392.87 403.16 410.19 445.11 0.100646
1 626.51 160.02 636.03 180.36 0.100008
