4 843.66 703.19 870.09 752.29 0.443558
4 738.39 577.36 764.04 629.93 0.418716
4 731.99 125.39 755.71 175.60 0.398438
4 712.10 635.79 738.29 690.90 0.373937
4 877.02 414.50 906.25 459.97 0.373768
4 581.42 164.73 602.05 208.87 0.363467
4 659.61 318.72 688.97 370.27 0.335619
4 1039.44 743.26 1084.68 787.25 0.327188
4 784.42 419.57 809.49 469.13 0.320869
4 758.56 46.15 781.44 91.03 0.318638
4 509.70 220.68 529.98 264.18 0.318404
4 649.19 32.70 670.00 75.94 0.318328
4 500.42 364.20 519.98 401.02 0.314698
1 1103.75 751.75 1122.29 774.05 0.313223
4 450.58 216.28 470.62 258.48 0.311781
4 329.70 542.94 354.44 574.70 0.308888
4 810.33 313.34 835.12 358.64 0.299014
4 611.52 280.22 634.26 324.68 0.298902
4 939.39 747.14 979.75 787.16 0.288269
7 870.43 410.54 920.83 477.63 0.278749
4 660.32 149.18 703.36 260.35 0.274495
4 831.63 291.33 856.34 336.91 0.273790
4 1039.85 695.51 1072.60 725.69 0.268172
10 1170.03 644.31 1397.62 771.48 0.260533
7 448.64 214.44 472.34 259.80 0.255732
4 1102.91 752.85 1144.87 787.38 0.247616
4 841.69 700.86 871.67 753.50 0.247282
4 916.48 752.99 940.88 787.27 0.247010
4 980.24 744.24 1037.06 787.51 0.245488
4 404.06 0.52 441.24 39.79 0.242017
6 1171.87 649.05 1399.43 770.44 0.238918
3 3.69 544.60 42.31 568.78 0.237056
3 4.50 547.23 40.32 567.39 0.230686
7 875.84 413.12 907.40 460.68 0.230424
10 658.47 146.97 705.79 261.89 0.229358
6 921.42 509.89 969.89 584.93 0.227363
4 512.70 247.86 528.90 264.26 0.222560
3 510.88 245.52 529.99 265.66 0.222284
4 453.50 750.38 472.97 770.58 0.218932
4 411.53 16.17 440.68 38.93 0.218775
10 920.09 507.25 971.21 585.84 0.213857
4 736.40 575.13 766.08 630.99 0.206280
5 856.46 488.67 892.76 565.74 0.203580
4 369.78 598.12 391.80 622.75 0.202140
7 807.27 287.22 860.25 360.99 0.200482
10 579.08 162.58 603.65 210.36 0.200174
4 903.72 429.96 919.33 466.20 0.192730
4 730.14 123.50 757.57 176.96 0.191875
4 711.66 635.31 740.43 726.72 0.189477
7 840.99 409.55 921.17 483.57 0.185445
7 446.00 210.75 535.86 269.74 0.184800
7 1018.08 82.56 1057.29 109.68 0.184519
4 419.31 297.79 433.57 319.97 0.183236
7 657.50 316.12 690.50 371.52 0.183161
4 451.96 239.57 469.94 257.99 0.181999
10 782.83 417.72 811.13 470.34 0.176346
10 609.82 278.47 635.71 325.85 0.175384
1 507.27 218.39 531.78 264.04 0.174504
10 854.00 485.86 902.06 595.06 0.172783
4 498.22 362.20 521.74 402.72 0.169302
7 1037.90 740.79 1085.40 785.94 0.167703
3 723.62 305.20 749.74 338.91 0.167319
10 915.31 751.50 942.03 785.85 0.163723
1 709.45 632.66 743.46 727.24 0.162939
3 3.60 543.34 46.97 585.99 0.155759
6 1065.30 625.36 1397.67 771.93 0.154566
2 915.01 723.59 1156.73 786.24 0.154360
4 710.12 633.45 740.83 691.95 0.146609
10 808.97 311.74 836.12 359.74 0.146188
10 855.29 486.32 894.98 567.21 0.145611
5 493.39 357.56 527.12 407.15 0.144012
4 836.79 694.67 877.84 757.25 0.143682
7 861.13 405.34 924.86 482.97 0.142457
4 730.55 569.93 771.10 634.04 0.141903
1 1013.07 523.11 1034.30 545.00 0.138138
10 70.45 648.57 262.59 785.69 0.136525
3 581.43 190.30 602.57 211.40 0.136414
4 410.59 13.72 441.69 40.96 0.135792
10 575.41 158.29 607.67 214.30 0.135307
4 841.77 700.64 871.77 753.52 0.132795
7 449.62 749.24 474.74 772.66 0.132391
3 3.35 538.32 78.94 584.92 0.132208
1 1024.45 610.43 1051.68 634.55 0.131884
10 392.30 490.77 426.35 543.79 0.131706
2 918.02 733.24 1150.05 786.38 0.131556
9 647.21 30.95 671.69 77.37 0.131110
4 979.20 742.55 1037.05 786.38 0.129684
10 1014.71 446.86 1044.60 534.85 0.128905
4 756.15 43.90 783.28 92.92 0.127084
10 830.35 289.73 857.87 337.90 0.126194
10 1.19 1.58 309.16 597.43 0.125054
1 1126.39 769.44 1142.70 786.38 0.124992
10 1141.92 485.25 1186.44 640.87 0.123530
4 508.20 218.73 529.64 248.49 0.123225
9 601.97 274.28 641.15 329.82 0.120413
1 1101.05 750.78 1144.25 786.10 0.120090
7 779.76 408.96 922.71 484.47 0.118266
7 602.24 274.90 695.15 374.21 0.115767
7 704.79 569.36 771.36 729.12 0.115364
9 652.81 311.25 695.77 375.51 0.115133
10 692.24 312.90 714.02 344.81 0.114065
1 1094.98 605.90 1118.02 633.38 0.113769
10 502.90 214.86 536.50 269.08 0.112765
1 417.50 295.51 435.11 322.07 0.111770
4 736.49 575.06 765.88 631.06 0.109533
4 448.81 214.59 472.08 259.54 0.107768
5 725.14 118.32 763.46 180.88 0.107384
4 875.66 413.01 907.41 460.82 0.107147
10 1115.71 70.74 1187.08 140.53 0.105476
1 1107.83 753.84 1121.98 772.84 0.104406
10 446.69 710.97 493.10 785.85 0.104355
1 51.64 547.22 67.20 573.30 0.101261
4 937.82 745.60 980.63 785.81 0.100656
