2 490.50 417.38 534.79 469.09 0.406473
1 353.13 473.61 374.77 506.70 0.401799
4 838.93 383.40 933.78 464.83 0.397685
1 354.47 474.43 374.08 506.79 0.387213
1 493.78 420.52 510.27 453.72 0.378974
4 840.88 386.39 931.40 463.02 0.357483
10 554.86 429.81 802.44 636.64 0.338924
7 921.81 489.27 984.14 555.28 0.331700
2 494.76 421.38 509.97 453.41 0.329525
1 822.20 163.38 833.65 188.76 0.324524
1 821.22 162.51 834.81 189.39 0.321395
2 773.61 425.44 786.82 453.47 0.310739
1 428.52 451.34 444.23 475.12 0.303853
1 773.05 424.95 787.79 454.03 0.303704
1 770.37 387.77 796.30 454.76 0.299886
4 839.04 383.22 933.83 464.94 0.298303
1 407.42 456.27 425.14 487.43 0.298217
1 873.33 200.00 886.65 225.81 0.293421
1 1267.77 31.67 1281.84 57.02 0.287372
4 832.46 373.83 940.85 476.35 0.281195
1 511.18 422.94 527.99 454.84 0.280689
1 1269.03 32.53 1280.75 55.46 0.280354
1 408.46 457.37 424.12 486.85 0.280205
1 773.86 389.82 788.15 425.99 0.276094
2 429.47 452.45 442.95 474.54 0.275630
2 511.73 423.77 526.71 454.79 0.272999
2 874.03 200.51 885.64 225.74 0.264212
3 371.72 472.00 391.26 494.96 0.260827
1 774.15 390.67 788.03 426.07 0.258832
2 773.19 389.95 791.35 453.51 0.257035
1 565.40 586.60 585.52 617.34 0.255759
1 942.26 223.91 954.04 244.62 0.253714
2 486.70 413.48 539.33 474.73 0.252453
4 824.80 367.48 951.09 485.69 0.249140
2 494.60 421.12 530.98 467.08 0.248229
1 822.10 163.17 833.92 188.69 0.241093
1 944.19 199.22 956.06 219.26 0.239160
2 943.13 224.64 953.37 244.71 0.236830
7 233.02 116.25 282.73 154.86 0.233842
4 839.80 414.11 895.96 463.84 0.230294
2 511.78 423.89 530.44 464.68 0.227129
7 99.16 136.78 177.85 234.72 0.222982
1 353.99 474.31 373.19 506.86 0.222462
3 517.07 439.27 530.80 466.94 0.219283
1 771.58 389.43 789.82 453.60 0.212853
1 351.92 470.45 390.79 507.92 0.211541
3 766.62 445.46 784.48 471.74 0.210219
3 514.41 437.69 531.94 464.92 0.209698
2 492.95 418.96 528.89 455.92 0.209506
1 762.60 382.55 801.06 466.50 0.208904
1 748.99 301.79 760.70 331.61 0.208039
4 840.65 416.55 893.43 462.69 0.207372
1 991.91 171.29 1005.98 194.04 0.203598
7 394.82 505.96 420.41 536.07 0.202020
3 508.58 435.58 534.05 468.88 0.201900
1 715.87 196.90 727.33 216.37 0.201794
4 932.73 468.39 962.76 505.60 0.200630
3 767.74 447.53 783.34 473.53 0.200332
2 945.38 200.01 955.52 219.29 0.199672
2 492.41 418.75 533.54 467.96 0.199415
1 773.79 426.19 786.64 453.08 0.199182
1 1264.17 30.03 1284.19 60.27 0.198634
1 1083.62 109.07 1101.45 127.26 0.195740
3 510.26 437.82 531.08 468.02 0.192894
2 348.55 416.85 536.08 510.15 0.192679
3 923.16 498.12 967.78 555.11 0.189060
10 554.47 430.33 803.06 636.96 0.188381
1 1269.30 32.40 1280.77 54.16 0.188276
2 478.53 406.66 550.85 486.26 0.187623
2 935.24 169.58 1010.07 248.77 0.181036
7 122.89 137.53 175.43 211.52 0.178613
1 568.84 537.03 597.03 573.04 0.175285
4 816.53 359.94 959.74 496.25 0.171161
1 988.95 193.27 999.83 223.82 0.169144
4 838.77 413.18 896.95 464.87 0.168782
7 101.10 177.59 172.94 234.05 0.167608
10 557.48 510.17 718.53 635.48 0.167443
7 795.46 179.72 813.98 197.27 0.166975
1 510.84 423.29 532.24 465.85 0.164964
4 840.16 388.41 928.91 464.09 0.163707
1 773.50 388.94 795.86 427.09 0.163458
3 765.28 440.73 800.11 479.74 0.160933
7 560.79 580.63 591.94 622.92 0.160256
3 362.58 482.85 377.86 503.63 0.154819
7 123.40 138.05 174.10 210.91 0.152755
3 1081.35 106.25 1105.62 130.71 0.152593
7 922.37 513.85 950.61 555.30 0.150433
1 869.70 197.81 890.10 233.08 0.148189
2 333.02 399.53 557.42 544.38 0.147154
3 871.82 210.24 887.24 235.58 0.146517
1 781.96 391.08 796.50 413.72 0.140746
1 940.01 197.06 958.75 222.01 0.138725
4 861.93 391.14 924.25 441.28 0.137152
1 816.60 158.39 839.73 194.22 0.136574
3 920.49 105.52 950.77 127.86 0.134005
3 770.03 387.17 796.70 455.60 0.134004
3 355.90 482.73 377.15 506.73 0.132622
7 959.78 569.72 977.07 587.86 0.132510
10 552.82 535.33 626.51 637.92 0.131612
6 552.11 509.75 720.65 637.59 0.131443
3 764.97 420.42 792.53 471.74 0.131346
10 553.68 546.39 626.21 637.46 0.131123
10 138.28 282.30 320.79 479.18 0.127253
3 356.50 477.86 380.99 505.59 0.126449
10 561.83 536.73 598.67 623.93 0.126008
7 390.83 501.79 432.31 538.45 0.125835
6 577.90 512.32 714.65 613.35 0.125582
2 345.40 412.97 540.97 539.19 0.124957
4 823.65 362.41 974.87 512.90 0.124902
1 352.86 473.49 374.61 506.89 0.124245
1 743.97 226.30 754.52 243.58 0.123613
10 921.93 489.10 984.82 555.37 0.122642
1 512.58 422.74 526.93 442.85 0.122000
1 871.51 199.56 887.88 234.32 0.121807
3 513.06 436.51 529.73 457.23 0.120831
7 920.02 467.37 985.85 555.79 0.119168
4 931.78 467.76 964.45 507.56 0.118601
10 766.67 424.67 790.40 472.99 0.117729
1 1238.37 2.72 1250.12 21.00 0.117180
10 387.69 499.74 432.13 541.19 0.115234
2 866.39 166.93 1011.78 253.74 0.114823
2 707.39 192.99 768.15 290.31 0.114232
3 342.03 462.18 399.27 519.46 0.113043
2 814.66 154.08 1010.19 250.29 0.112488
2 753.91 374.78 811.41 480.85 0.111010
1 730.30 113.97 744.08 133.60 0.109864
4 839.62 414.23 895.27 463.48 0.109815
1 760.09 136.74 772.31 155.39 0.109541
10 739.48 429.95 801.81 482.13 0.108518
4 900.59 383.28 934.06 412.19 0.106673
10 563.01 533.24 601.49 578.62 0.105789
1 802.30 130.17 814.00 149.20 0.103750
3 766.60 385.24 799.46 459.63 0.102645
1 920.40 96.84 934.71 123.69 0.102189
