4 406.26 614.66 482.33 668.79 0.639326
4 272.20 791.57 325.52 835.56 0.611467
4 538.02 459.31 596.89 504.89 0.611187
4 1088.90 444.59 1160.25 481.62 0.596583
4 145.38 1174.18 261.11 1255.90 0.593553
4 501.28 914.36 601.95 978.64 0.588312
4 1021.99 534.29 1100.15 578.48 0.586541
4 798.89 790.51 893.68 851.25 0.585417
4 858.23 733.76 949.98 788.19 0.582086
4 1058.78 491.80 1128.04 534.71 0.582037
4 1167.79 350.51 1228.50 382.61 0.570815
4 1061.19 786.12 1160.67 847.00 0.570784
4 0.65 893.71 117.73 979.26 0.569487
4 1137.52 387.01 1197.23 419.67 0.564525
4 925.40 648.64 1008.14 697.55 0.550895
4 210.87 657.67 303.65 721.53 0.547106
4 993.13 175.97 1023.06 198.58 0.531617
4 1083.93 1046.36 1195.04 1117.05 0.515200
4 940.87 615.67 1024.29 664.18 0.512180
4 1313.62 173.05 1356.35 196.91 0.489299
4 1275.19 428.85 1302.11 458.39 0.483456
4 1003.26 891.34 1113.05 955.50 0.470055
4 1111.95 1112.82 1228.56 1191.79 0.468005
4 1229.00 484.11 1288.08 538.93 0.455376
4 1012.14 127.92 1031.11 148.67 0.447199
6 766.61 247.53 890.27 349.05 0.437557
4 1393.65 39.10 1419.37 55.28 0.434796
5 0.20 757.55 112.39 876.43 0.423813
4 1440.26 127.31 1485.09 154.48 0.395986
4 1031.91 110.49 1062.37 133.72 0.389393
4 1448.93 0.98 1480.82 19.26 0.380926
4 0.08 821.52 35.18 877.39 0.379528
1 893.44 1207.80 918.77 1244.07 0.378180
1 873.49 1195.13 895.08 1234.79 0.361447
5 1512.32 141.45 1564.07 196.35 0.361342
4 1187.74 1301.48 1311.96 1377.86 0.357340
4 1493.70 22.21 1516.94 43.63 0.350802
4 1454.85 22.30 1484.47 38.05 0.347737
1 895.15 1210.23 917.64 1242.75 0.345348
4 1459.87 89.39 1495.11 108.32 0.339868
4 1371.11 108.09 1392.07 133.28 0.338402
1 1545.47 483.78 1904.15 885.48 0.338180
4 498.92 910.38 603.74 980.81 0.335866
4 674.56 508.01 728.35 548.92 0.335696
4 1375.20 103.70 1403.93 125.20 0.334041
1 869.37 1190.06 921.56 1246.56 0.332126
4 811.69 375.86 863.32 402.97 0.327869
4 1381.00 85.15 1409.85 100.55 0.325506
4 1408.95 187.02 1452.17 226.97 0.324863
4 1249.75 1376.03 1400.86 1468.19 0.321326
1 871.70 1193.08 895.23 1234.45 0.314731
10 0.59 754.40 113.05 875.27 0.313565
4 401.05 280.79 463.64 310.70 0.312603
7 208.60 654.42 305.32 722.06 0.307955
7 1059.67 782.27 1162.50 848.40 0.305830
4 1407.92 204.46 1442.28 228.40 0.304811
3 1261.05 1168.21 1317.12 1223.04 0.304775
4 1456.41 66.81 1492.95 89.09 0.302403
3 1131.08 1421.62 1158.52 1461.11 0.300798
5 780.69 374.97 865.07 449.74 0.300557
7 466.33 304.86 544.83 354.89 0.299710
4 143.14 1170.69 262.55 1257.89 0.297379
10 764.10 244.08 891.70 350.42 0.295275
4 1452.55 102.42 1492.39 124.75 0.294315
4 1001.92 888.46 1115.09 957.34 0.293910
4 1451.42 113.38 1489.94 135.50 0.292960
4 1760.26 608.92 1818.84 654.17 0.290094
10 1186.67 1298.15 1313.82 1378.30 0.288308
4 617.96 202.18 649.98 218.35 0.288191
4 1226.81 505.86 1281.65 542.43 0.285718
7 922.68 608.76 1026.35 699.97 0.281981
2 873.37 1194.39 917.88 1243.89 0.279886
3 464.64 302.19 545.30 356.88 0.279437
1 1727.48 679.09 1900.85 884.36 0.278222
4 857.27 728.80 951.61 789.34 0.275064
4 1434.88 208.48 1480.41 251.22 0.272790
4 1240.67 484.48 1287.39 513.69 0.271297
4 1082.38 1043.66 1196.41 1117.42 0.264766
4 1399.25 2.43 1418.00 21.25 0.255731
4 1.60 891.60 120.18 981.20 0.255056
5 767.35 298.09 809.71 348.70 0.255048
10 1511.74 139.39 1564.51 197.36 0.255009
7 1110.80 1110.69 1230.01 1192.01 0.253610
4 1328.10 138.99 1355.40 159.54 0.253521
4 536.07 456.19 598.90 506.48 0.249890
1 1133.34 1425.07 1156.73 1460.64 0.247850
4 585.05 284.83 627.39 310.59 0.246556
7 1079.64 1040.44 1233.74 1195.70 0.244087
4 1087.00 441.40 1161.05 482.87 0.242884
3 1262.61 1171.55 1315.51 1221.68 0.237600
4 1494.56 123.09 1513.51 141.39 0.237361
7 798.35 786.16 894.68 852.38 0.236582
10 530.15 219.54 629.42 316.62 0.234863
4 767.53 146.01 803.91 162.16 0.230294
4 1056.97 489.09 1128.97 535.81 0.229259
4 1189.78 195.50 1209.80 223.32 0.229010
4 396.23 276.81 420.41 294.14 0.228702
1 1625.75 581.21 1901.69 885.48 0.228664
4 270.07 788.53 327.18 837.84 0.221087
4 566.96 276.12 627.88 312.52 0.219997
4 764.89 293.70 813.02 349.67 0.219301
7 1021.22 530.91 1101.11 579.58 0.216194
4 1379.13 86.32 1411.42 106.88 0.216183
4 923.89 646.83 1009.33 698.68 0.214018
4 1419.15 186.78 1449.27 208.35 0.213572
1 852.88 1177.50 936.34 1261.48 0.213128
1 157.85 667.34 216.97 719.66 0.212844
4 1166.18 347.76 1229.94 383.88 0.211594
10 1248.23 1373.82 1401.96 1468.40 0.209331
1 160.91 682.19 182.71 716.36 0.208513
4 1048.84 220.89 1068.60 248.41 0.207021
6 0.49 756.30 111.05 850.25 0.205887
4 1439.51 132.62 1472.33 154.51 0.204336
4 128.83 1154.33 280.37 1275.10 0.203468
4 1136.62 383.59 1198.82 420.88 0.203149
4 8.22 748.16 67.66 785.58 0.202470
4 1454.27 64.75 1496.89 106.57 0.202172
4 1449.30 185.56 1467.56 205.27 0.201022
4 939.07 612.57 1024.92 665.00 0.199360
4 1456.04 66.65 1495.28 100.46 0.199015
4 337.60 312.66 378.36 339.43 0.198436
4 486.99 894.13 618.53 997.62 0.197912
4 1309.83 65.14 1326.90 84.67 0.196989
4 1389.53 0.79 1417.94 23.27 0.196107
1 527.80 255.04 559.67 305.76 0.194903
4 1480.73 144.32 1508.87 170.67 0.194352
4 1225.92 482.01 1290.01 542.41 0.193827
4 1021.26 415.91 1066.31 440.13 0.193428
1 742.39 834.10 763.36 877.15 0.192184
6 849.75 90.41 890.66 125.29 0.192000
9 949.64 90.43 1043.64 142.49 0.191823
10 1173.98 1279.01 1330.70 1389.96 0.190781
4 1385.12 102.61 1408.22 121.48 0.190506
4 1467.37 166.00 1500.37 189.58 0.190369
4 820.20 96.69 853.12 124.25 0.187586
3 1730.36 681.84 1896.54 883.50 0.187449
6 820.18 89.95 900.95 132.66 0.187194
4 909.20 142.88 932.01 163.00 0.185078
4 893.50 97.67 918.51 117.39 0.182096
7 795.74 721.02 954.66 856.29 0.181404
10 1543.69 480.02 1995.70 1005.59 0.180275
4 1392.84 1281.65 1420.76 1323.93 0.180192
3 708.34 846.24 733.34 879.88 0.179635
1 1301.94 132.62 1329.52 180.64 0.178411
1 191.93 669.57 216.07 703.71 0.176104
4 404.53 612.37 484.11 670.49 0.172342
2 131.64 665.26 218.49 734.81 0.171950
4 1407.95 184.80 1452.82 227.38 0.168999
1 327.65 285.45 356.59 337.53 0.167255
3 453.00 289.79 557.47 374.11 0.163998
4 1375.33 84.27 1412.76 123.78 0.162987
6 1502.58 132.89 1571.86 202.33 0.160572
3 1117.63 1409.50 1173.69 1470.75 0.160183
10 463.21 216.65 631.86 360.78 0.159772
7 1019.78 485.17 1130.54 581.08 0.159546
4 992.88 873.30 1128.11 979.44 0.158861
2 1432.38 0.11 1576.25 254.41 0.152082
3 1181.10 884.65 1205.72 933.43 0.151350
4 990.62 173.19 1025.48 200.38 0.151124
1 1625.00 660.74 1674.75 727.33 0.148007
7 565.18 273.29 628.77 315.98 0.147591
3 1730.31 681.47 1827.69 806.67 0.145661
7 999.03 776.65 1168.79 967.00 0.141049
3 1391.34 1278.41 1421.16 1325.52 0.140552
4 1273.00 426.99 1303.93 460.51 0.140127
4 1312.29 170.36 1357.96 198.77 0.139260
1 333.81 282.22 357.34 320.57 0.137994
4 1434.21 206.60 1480.98 251.41 0.136138
6 752.82 281.41 828.53 356.86 0.135141
4 1055.00 773.50 1168.68 855.32 0.134738
3 1620.45 655.65 1684.34 742.21 0.133289
1 1625.19 584.89 1718.98 734.12 0.132849
1 319.80 281.00 379.36 343.86 0.130927
10 1547.11 483.95 1621.58 640.14 0.128773
4 1047.01 764.30 1178.08 866.42 0.128468
4 779.47 372.51 867.54 450.67 0.127683
1 1946.67 940.39 1998.41 1005.09 0.127002
4 -0.03 821.63 37.13 878.36 0.126814
7 1135.65 343.31 1232.04 422.75 0.125956
10 532.28 219.53 595.75 305.03 0.125914
1 1243.78 199.17 1270.86 251.63 0.125275
7 1020.10 437.81 1164.14 581.89 0.124046
4 789.56 772.35 904.49 863.49 0.123036
1 13.67 746.17 46.56 783.08 0.122593
4 810.08 373.73 865.00 404.34 0.122173
1 329.42 282.23 373.28 341.06 0.121848
4 1029.34 107.77 1065.07 136.13 0.120849
4 262.65 779.15 337.06 844.29 0.120406
6 1620.50 143.80 1748.10 200.83 0.120161
4 1438.70 124.38 1484.50 156.08 0.119010
4 849.56 712.80 962.18 800.16 0.117249
4 1384.70 0.10 1420.10 24.74 0.116867
10 946.22 65.27 1071.12 148.54 0.116671
2 269.19 278.89 378.78 346.47 0.116383
7 795.32 606.84 1031.70 857.43 0.116380
3 1180.17 859.32 1216.78 936.56 0.115808
10 1433.19 118.95 1520.37 252.67 0.114438
4 1447.39 0.05 1482.51 21.60 0.114375
4 1225.93 502.95 1283.19 543.97 0.113072
4 1098.23 1093.76 1243.95 1208.22 0.112880
4 1451.36 99.11 1495.09 127.99 0.111636
1 1389.76 1273.98 1526.39 1481.71 0.110751
1 1808.08 1351.10 1906.71 1434.36 0.110584
4 108.91 1134.22 313.65 1302.98 0.110471
10 934.74 0.74 1072.68 104.86 0.110447
4 522.82 443.95 613.40 517.79 0.109937
3 1136.63 882.52 1208.98 943.56 0.109851
1 1787.12 634.62 1805.43 657.70 0.109342
5 2.30 889.10 190.48 1014.55 0.109260
1 1280.63 98.81 1302.39 130.81 0.109218
2 1497.56 1.79 1575.55 126.58 0.108943
1 177.54 691.59 197.03 716.95 0.108856
10 268.92 310.01 318.32 339.40 0.108642
4 201.61 644.49 312.81 729.81 0.108619
4 1492.71 19.51 1519.30 46.39 0.108315
4 191.67 637.82 320.80 735.55 0.108205
10 1549.52 485.81 1619.73 615.58 0.107417
10 1428.84 1348.13 1460.24 1391.86 0.106946
4 499.33 910.40 602.75 979.80 0.105420
10 1433.91 136.01 1565.67 254.41 0.104259
4 672.92 506.98 730.20 550.01 0.103403
4 1373.12 102.04 1403.75 126.97 0.102856
4 1369.45 106.09 1392.95 134.63 0.101947
6 1616.44 112.74 1749.03 201.83 0.101726
7 919.59 524.85 1104.93 701.97 0.101518
2 8.92 3.58 1587.01 1491.57 0.100676
4 1440.58 104.75 1494.18 155.56 0.100402
