4 1399.66 976.45 1514.93 1056.01 0.573868
1 162.22 870.79 224.59 923.79 0.520527
1 166.27 874.51 192.89 920.96 0.498944
4 626.89 805.99 687.72 878.57 0.496709
4 407.71 375.09 437.69 403.16 0.484452
4 461.59 416.81 491.10 446.04 0.466824
4 788.87 739.10 838.33 804.56 0.462335
4 644.59 1035.26 713.08 1077.54 0.457587
1 193.84 876.51 221.59 916.62 0.435530
4 337.72 217.14 359.78 237.01 0.417623
4 471.64 752.81 518.77 820.99 0.413558
4 413.30 305.52 443.23 328.06 0.408175
4 324.32 386.69 356.14 420.86 0.403233
4 333.35 155.03 355.70 170.63 0.398441
7 88.78 860.54 129.01 932.08 0.395036
4 244.66 129.08 265.83 148.20 0.389412
4 369.79 198.84 392.71 217.92 0.381772
4 838.66 498.40 901.84 532.56 0.369733
4 237.12 79.22 254.10 92.56 0.369388
1 167.92 876.11 192.52 921.34 0.369215
4 556.35 310.81 584.09 336.71 0.369067
1 194.96 877.89 221.42 918.33 0.368711
4 589.37 618.51 636.24 671.02 0.358081
4 307.02 77.19 324.36 89.48 0.356688
4 1396.73 972.83 1517.44 1057.37 0.355347
3 1217.69 822.36 1251.80 857.63 0.347343
4 325.76 125.47 345.74 139.63 0.345478
3 1215.12 818.76 1253.81 859.44 0.343539
4 291.89 50.55 308.91 64.49 0.332193
4 215.74 21.41 231.87 33.15 0.327739
10 1010.46 474.87 1086.04 537.93 0.321719
4 274.15 28.48 287.95 39.71 0.317736
3 91.31 891.46 119.40 932.06 0.316269
4 224.97 52.81 240.15 64.60 0.316240
4 242.74 42.36 258.35 53.38 0.309771
2 167.94 875.38 221.72 922.15 0.308461
4 282.86 9.15 298.40 21.17 0.308229
4 924.27 582.00 982.10 623.00 0.303503
10 1775.20 920.90 1914.21 1044.61 0.300983
1 803.10 666.13 823.19 697.08 0.296817
4 437.15 129.44 452.17 145.06 0.296636
4 717.35 418.22 762.84 449.39 0.296469
1 1274.34 806.19 1307.69 842.13 0.292507
4 586.74 616.56 637.57 672.85 0.287700
4 192.65 96.22 213.02 113.39 0.283178
10 39.65 725.37 127.27 851.63 0.281960
4 836.88 496.16 903.11 533.25 0.278401
1 805.05 667.69 821.45 696.58 0.277558
4 785.33 736.87 841.35 806.89 0.271543
4 453.60 117.53 479.86 133.57 0.270184
4 296.79 120.77 318.10 139.53 0.269572
4 782.80 292.39 832.43 322.51 0.267578
4 623.82 803.61 690.02 880.31 0.265536
1 112.43 652.03 132.42 683.76 0.265392
4 492.40 211.69 520.43 232.28 0.264402
3 91.24 863.96 127.76 931.66 0.264398
4 468.88 750.95 520.40 822.27 0.262433
1 756.41 587.62 780.18 622.64 0.257206
4 777.41 1026.81 873.25 1077.58 0.255830
3 751.09 602.66 778.48 631.75 0.253236
4 667.92 369.45 735.08 402.51 0.251809
10 699.66 618.35 734.44 684.45 0.251192
4 405.72 372.92 439.34 404.34 0.250805
10 922.58 579.72 982.86 624.15 0.247075
4 547.43 216.97 597.11 245.29 0.245437
2 1276.73 808.40 1306.89 841.73 0.244432
4 651.85 344.50 694.02 372.04 0.242901
3 195.91 896.16 220.79 920.14 0.240498
4 458.89 414.42 492.94 448.00 0.239057
6 187.86 80.19 211.86 109.94 0.233713
4 595.07 398.47 606.15 418.91 0.232779
4 757.42 132.17 776.17 146.85 0.227446
3 1210.37 813.93 1259.03 863.22 0.226625
3 794.56 677.62 823.29 698.95 0.222012
3 89.67 892.81 118.89 932.62 0.220324
5 550.58 220.66 596.45 244.41 0.220147
3 1213.30 802.71 1312.20 861.94 0.219953
4 578.95 610.56 643.56 678.62 0.217722
3 705.69 648.95 733.64 683.11 0.217214
2 759.70 589.06 778.75 621.54 0.216106
4 199.07 604.98 225.30 618.76 0.216015
4 714.89 416.44 764.82 449.75 0.215823
4 459.84 744.66 527.74 828.60 0.214936
4 822.67 189.91 872.57 221.83 0.214538
10 775.77 1025.20 875.34 1076.33 0.213695
2 164.08 872.31 223.98 922.77 0.211052
7 552.30 243.04 619.34 286.86 0.209554
4 576.43 265.98 618.25 286.83 0.209263
1 747.33 585.66 783.19 632.25 0.209148
3 1204.31 807.52 1263.95 867.81 0.208662
4 391.05 54.09 404.42 67.54 0.206935
7 702.91 620.33 732.20 683.89 0.203013
4 150.53 59.28 165.33 72.43 0.200992
3 708.08 651.83 732.74 683.92 0.200837
4 550.32 263.88 568.52 279.36 0.200353
3 749.14 601.05 779.05 632.61 0.199738
4 663.73 367.43 736.13 404.19 0.199313
2 114.17 653.80 131.28 682.89 0.199279
4 396.47 125.30 418.10 145.17 0.198418
2 750.92 588.40 779.34 630.35 0.198366
10 87.95 858.70 127.58 905.11 0.198007
4 611.36 205.97 625.82 220.14 0.196931
7 320.78 384.13 357.89 422.28 0.196559
2 157.60 867.25 228.14 929.01 0.196360
4 738.75 445.91 776.81 468.48 0.195448
4 562.67 245.03 599.08 269.40 0.193154
6 203.93 307.20 272.91 340.99 0.192767
4 1396.59 973.01 1517.74 1057.31 0.192679
1 168.65 876.41 192.39 921.17 0.191660
3 193.67 894.57 221.80 919.67 0.191250
4 192.07 184.20 205.82 208.68 0.190643
4 520.67 185.76 553.65 202.87 0.189776
3 1269.98 802.30 1312.95 848.06 0.189347
7 294.39 118.70 320.07 141.61 0.187020
4 741.31 461.37 798.25 495.37 0.186646
10 30.80 723.74 129.30 889.51 0.184235
4 1379.36 954.95 1536.18 1067.65 0.183614
4 976.97 146.70 994.82 161.67 0.183178
7 646.54 1033.00 714.74 1075.98 0.176121
4 649.35 342.22 695.37 373.42 0.175672
4 612.49 795.72 699.77 888.44 0.173963
3 793.67 674.45 824.67 699.29 0.169374
4 776.35 730.59 849.97 814.02 0.167101
3 89.12 885.48 128.80 933.01 0.166907
7 711.53 445.71 790.08 495.45 0.165982
1 794.99 663.26 828.18 700.89 0.163236
4 560.67 243.44 600.33 271.70 0.162574
1 593.92 396.25 607.73 420.11 0.160978
4 332.28 152.82 357.86 172.25 0.160391
7 631.61 324.71 736.37 406.60 0.158555
4 243.21 127.02 267.41 149.39 0.153742
10 504.24 436.33 526.17 458.85 0.153624
1 538.26 805.41 555.11 835.48 0.153289
10 202.04 304.53 274.49 342.43 0.153194
4 335.10 214.79 361.65 238.96 0.152583
4 312.40 379.40 363.15 426.05 0.151599
4 836.49 496.26 902.57 533.45 0.150597
3 185.57 893.28 222.67 922.45 0.150378
10 1570.45 667.01 1764.03 795.37 0.149258
2 745.77 585.20 828.93 700.80 0.147034
2 146.34 857.88 240.83 941.84 0.146594
1 151.88 874.20 191.90 924.30 0.144325
4 235.32 77.22 256.15 94.13 0.144165
4 554.36 308.19 586.33 338.07 0.143299
4 490.67 209.52 522.29 234.44 0.139441
4 410.87 303.00 444.46 330.08 0.138779
4 455.07 410.45 497.50 452.23 0.138764
1 1277.83 809.08 1302.38 839.45 0.138580
10 22.20 794.28 65.44 824.51 0.136518
4 785.67 736.91 840.88 806.81 0.136271
1 111.66 861.42 128.93 901.50 0.136207
6 1199.23 392.62 1362.93 516.28 0.135495
10 571.94 105.82 859.58 396.48 0.135483
4 324.35 123.81 347.41 141.46 0.135385
10 705.28 648.08 734.63 684.35 0.134479
3 1215.81 820.18 1252.67 858.38 0.133302
6 541.88 215.92 619.55 289.94 0.132128
4 367.83 196.00 394.19 219.71 0.131371
7 291.52 116.69 348.65 145.03 0.130058
4 586.76 616.19 637.67 672.76 0.130037
2 86.09 857.29 226.79 936.19 0.129948
4 635.67 1031.87 716.56 1076.01 0.129225
1 164.81 874.42 192.70 921.04 0.128518
4 468.90 750.48 520.79 822.15 0.126361
1 748.85 605.04 766.50 631.95 0.126163
4 737.69 457.41 796.05 495.64 0.125058
4 828.49 485.98 910.98 543.88 0.124650
4 623.94 803.53 689.89 880.25 0.124115
9 567.31 602.48 654.79 691.48 0.122123
10 1009.33 472.58 1086.77 758.11 0.121529
3 1207.09 791.95 1321.58 870.46 0.120886
3 1258.84 793.99 1329.08 872.86 0.120481
4 289.86 48.22 311.19 65.76 0.119838
1 167.32 874.36 185.21 896.36 0.118598
4 632.80 324.70 692.01 373.24 0.117623
4 405.60 372.97 439.52 404.48 0.117313
4 452.20 115.31 481.38 134.77 0.116455
6 516.30 182.49 554.63 205.09 0.116100
6 781.20 274.80 855.65 324.87 0.116064
1 152.32 253.32 167.09 272.71 0.115105
9 443.74 734.80 544.18 845.58 0.113849
1 195.18 876.79 216.55 903.79 0.113727
4 400.80 368.80 444.26 408.10 0.113301
10 84.20 857.65 131.89 933.74 0.112639
10 1338.60 791.92 1370.35 827.19 0.112150
3 1211.62 787.16 1368.60 867.61 0.112021
4 458.98 414.52 493.11 448.04 0.111865
10 112.64 658.00 131.85 683.52 0.110144
6 781.17 289.04 835.39 324.54 0.110021
6 916.85 569.91 992.56 640.12 0.108714
3 701.51 619.31 724.12 642.79 0.107620
3 789.52 658.34 833.95 705.40 0.107160
4 664.95 367.58 735.79 404.33 0.106979
3 152.97 893.82 221.36 926.00 0.106391
2 744.39 584.69 873.90 709.12 0.105794
9 922.44 579.64 982.89 623.89 0.102881
10 972.42 422.97 1086.33 539.26 0.102109
3 753.70 600.57 780.09 622.63 0.102003
10 709.60 656.56 728.67 683.20 0.102001
4 214.07 18.62 233.69 34.34 0.100608
4 189.99 92.09 214.62 114.98 0.100240
