4 522.30 850.64 613.71 990.56 0.490583
4 667.40 665.58 761.69 779.81 0.473195
4 753.28 813.20 847.84 938.22 0.462307
4 310.39 72.28 350.84 121.06 0.461759
4 847.08 992.93 925.12 1049.47 0.456473
4 576.49 598.74 655.60 700.37 0.452210
4 364.53 287.26 421.93 356.05 0.449319
4 534.47 662.26 619.69 781.16 0.447509
3 889.89 356.01 932.21 382.41 0.443807
4 585.33 509.41 659.69 599.09 0.430688
4 101.27 614.82 211.82 691.18 0.427115
4 953.93 784.93 1080.75 876.13 0.422014
4 413.93 211.17 470.50 273.44 0.421582
4 292.92 517.94 373.83 620.26 0.418120
3 889.15 353.28 933.03 383.09 0.416604
4 731.40 430.69 821.26 492.75 0.414584
4 687.07 956.60 782.10 1049.43 0.414323
4 381.10 479.72 448.37 576.55 0.412814
4 434.97 -0.09 516.63 31.26 0.412762
4 1039.30 864.36 1165.99 972.05 0.411227
4 381.24 154.22 433.98 212.18 0.410952
4 1075.61 943.16 1208.51 1048.98 0.409644
4 3.59 384.83 108.14 451.75 0.399032
4 747.37 474.20 843.59 543.82 0.398910
4 176.04 887.56 304.29 986.96 0.398204
4 914.12 696.34 1031.23 782.50 0.397287
4 811.69 544.55 917.30 620.55 0.393936
4 830.53 593.48 940.06 678.54 0.392672
4 432.03 426.46 503.56 522.05 0.392622
4 78.38 570.98 196.24 647.07 0.390483
4 530.97 151.61 612.14 207.39 0.388674
4 673.12 370.02 766.71 435.92 0.388630
4 785.43 505.37 880.80 583.69 0.386886
4 293.18 278.13 349.58 356.07 0.385887
4 509.70 388.48 581.96 462.62 0.384165
4 309.85 170.49 358.93 231.52 0.383692
4 865.31 637.21 979.12 718.86 0.377366
4 166.83 972.50 311.21 1049.40 0.373605
4 467.37 302.68 522.27 364.43 0.366463
4 83.50 507.92 174.25 576.95 0.366133
4 414.02 851.20 497.79 986.00 0.363448
4 148.84 140.40 198.77 207.42 0.361834
4 610.57 267.63 700.24 330.88 0.354946
4 572.47 210.91 662.34 264.34 0.352206
1 877.06 452.36 908.31 487.69 0.345754
4 114.61 30.68 160.14 87.35 0.341426
4 658.56 325.73 751.68 388.41 0.341271
1 985.95 429.12 1009.27 462.94 0.340160
4 28.89 431.98 121.95 498.43 0.340077
4 640.02 301.06 722.14 355.88 0.339339
4 485.76 93.61 562.31 144.21 0.337021
4 0.27 254.59 84.70 314.74 0.336040
1 892.10 455.14 905.36 486.02 0.330640
4 194.74 271.10 251.55 341.24 0.327016
4 200.86 177.00 234.39 226.37 0.321380
4 190.71 42.42 240.01 99.55 0.319593
3 883.72 345.10 940.04 390.34 0.319570
1 984.62 427.69 1010.65 463.27 0.317280
4 554.36 178.93 636.62 228.26 0.314662
4 520.45 848.15 615.58 991.19 0.311073
4 484.70 63.54 559.31 108.43 0.309163
4 463.68 44.85 542.38 86.33 0.298915
7 479.15 53.79 565.29 145.95 0.295603
1 891.30 454.16 906.62 486.24 0.287563
1 879.92 460.23 893.71 484.05 0.285963
4 199.04 887.95 303.20 970.03 0.279341
2 879.99 454.99 905.28 486.50 0.277657
4 378.70 994.82 529.15 1049.58 0.276197
4 1374.59 848.00 1399.85 887.01 0.275992
10 751.12 811.31 849.42 939.19 0.269785
4 533.25 660.82 620.70 781.64 0.268912
4 192.23 42.08 219.66 72.74 0.267353
7 575.99 597.10 656.14 700.10 0.265323
4 458.62 995.19 529.21 1049.38 0.265199
4 0.13 165.60 64.10 216.30 0.261596
4 0.21 121.30 59.06 155.73 0.258071
1 890.53 455.13 906.00 486.13 0.257274
4 0.25 96.74 41.86 127.24 0.254348
4 1339.50 794.96 1380.77 832.39 0.253814
4 293.39 742.73 354.69 778.32 0.251644
1 878.42 458.56 894.32 484.61 0.250704
4 666.27 663.97 762.83 780.82 0.247996
3 981.43 376.62 1016.58 416.16 0.245379
4 134.40 86.99 174.40 139.40 0.240498
7 463.98 43.25 564.57 146.29 0.235818
10 266.97 656.68 356.69 778.68 0.234224
7 434.68 -0.07 517.71 31.85 0.225285
4 363.49 285.50 422.61 356.99 0.224202
4 134.17 479.81 189.22 536.67 0.221938
10 431.14 424.60 504.72 522.60 0.221845
4 291.10 515.02 375.04 620.98 0.220275
10 379.66 477.85 449.36 576.84 0.218998
3 524.99 314.30 569.50 366.82 0.216008
4 952.76 783.01 1082.29 876.62 0.209357
2 1135.53 505.58 1217.24 590.04 0.208050
4 29.48 429.09 155.18 499.50 0.206705
4 100.01 612.93 212.62 691.19 0.206386
2 985.78 430.29 999.07 462.35 0.206260
4 291.86 276.36 349.84 356.59 0.206249
2 695.20 22.17 759.81 103.98 0.204492
4 1037.96 862.19 1167.60 972.31 0.204433
4 583.64 507.96 660.30 598.98 0.204391
4 248.83 366.67 289.52 436.24 0.203716
4 309.12 70.20 352.11 121.59 0.203322
4 530.37 150.00 613.05 208.24 0.203056
7 175.63 885.48 306.48 987.22 0.202604
4 223.73 333.54 263.53 369.23 0.199194
1 871.61 447.91 915.35 494.33 0.199187
4 0.16 0.46 21.91 51.67 0.197392
4 380.07 152.36 434.61 212.66 0.197096
3 889.23 353.77 932.80 382.74 0.195806
4 730.23 429.05 821.99 493.21 0.194830
2 1159.75 522.05 1215.22 585.56 0.194631
4 113.24 29.45 160.84 89.29 0.193267
7 6.66 381.77 219.34 692.48 0.192144
7 484.96 91.14 563.01 144.69 0.192060
3 1207.84 684.14 1259.13 754.53 0.191968
4 498.15 357.76 538.52 388.27 0.191313
4 96.77 0.06 128.39 21.69 0.189380
6 425.94 129.99 464.49 175.11 0.188276
4 692.24 97.62 718.09 124.13 0.187799
9 1280.05 644.36 1399.50 842.57 0.186682
4 411.34 849.40 500.82 986.68 0.184985
1 818.38 225.11 833.59 245.57 0.183093
4 672.46 369.14 767.94 436.46 0.182809
4 829.32 592.29 940.85 678.84 0.182756
4 432.26 994.96 529.13 1049.52 0.182509
2 1164.54 526.38 1181.70 552.18 0.182368
4 412.78 209.67 471.23 274.38 0.181915
7 484.10 61.21 559.55 109.19 0.177811
10 166.09 971.87 312.44 1047.76 0.176905
4 1074.88 941.85 1209.70 1046.97 0.176714
10 77.43 568.89 197.53 647.54 0.174171
4 912.83 694.78 1032.22 783.30 0.172153
2 841.29 178.99 922.51 271.52 0.169573
1 671.86 70.27 705.62 104.27 0.168394
4 3.53 383.49 109.30 452.63 0.166833
4 845.70 991.58 925.74 1048.23 0.165874
4 810.50 543.35 917.78 620.31 0.163728
2 875.37 451.07 910.86 490.12 0.161809
1 709.67 36.06 727.37 69.06 0.158928
10 1000.86 446.86 1039.31 483.54 0.158254
4 193.51 267.35 252.67 343.52 0.158225
4 784.66 504.35 881.70 583.75 0.158023
4 466.12 301.05 522.55 365.14 0.156528
4 148.20 138.84 199.16 208.02 0.156361
3 308.29 168.33 359.49 232.27 0.156226
4 462.86 43.50 545.87 87.35 0.154926
4 685.16 955.12 781.85 1047.80 0.148160
10 983.95 249.27 1127.19 455.19 0.146539
4 520.78 848.19 615.41 991.02 0.146491
7 379.77 124.24 1221.92 1045.49 0.146486
4 192.05 265.63 256.02 356.18 0.145266
10 132.20 477.18 238.79 631.56 0.145222
10 133.21 477.30 191.01 538.43 0.144949
2 11.23 12.82 1239.71 1044.97 0.144377
3 671.92 79.17 705.39 104.47 0.143878
9 735.07 799.26 868.86 955.68 0.143858
4 509.01 388.01 582.35 463.01 0.143819
1 816.60 224.21 834.45 245.58 0.143511
4 745.87 472.96 845.57 544.40 0.141683
7 77.31 566.21 213.65 691.92 0.141650
4 553.97 177.83 637.39 227.90 0.141627
4 609.87 266.24 700.74 331.23 0.140887
2 873.85 423.48 1014.30 492.83 0.140860
1 1163.35 524.99 1182.92 552.93 0.140761
7 0.55 102.73 86.76 318.52 0.138811
3 670.92 67.78 718.90 125.15 0.138716
6 424.10 128.17 465.99 175.70 0.138280
1 1206.14 681.15 1260.12 755.76 0.137871
4 640.55 299.75 722.82 354.33 0.137820
4 864.53 636.21 979.93 719.34 0.137654
4 657.67 323.91 752.25 387.36 0.137247
10 696.70 495.01 734.30 631.84 0.137063
4 188.02 40.53 241.16 101.99 0.136410
4 82.79 506.64 177.66 578.79 0.136042
7 528.64 148.52 662.85 264.80 0.135265
1 1180.20 542.27 1198.53 566.53 0.134633
4 196.96 886.60 305.16 972.27 0.134519
4 0.38 165.45 64.87 220.15 0.133800
1 696.75 23.62 712.91 58.27 0.133732
4 570.87 209.14 662.90 264.87 0.129445
10 974.50 98.30 1396.71 495.54 0.127818
2 855.03 191.42 921.75 269.87 0.127312
4 666.39 663.77 762.34 780.52 0.126654
3 888.11 351.90 933.98 384.36 0.125080
10 292.02 740.57 356.44 778.59 0.123859
3 885.90 348.25 936.89 387.39 0.123401
1 725.31 49.15 741.39 76.34 0.121295
1 981.25 424.25 1014.75 465.75 0.120034
10 980.84 371.86 1018.87 416.19 0.119057
4 462.82 43.48 558.52 106.62 0.118557
3 518.64 291.60 570.03 367.69 0.118511
4 533.54 660.85 620.44 781.39 0.117570
4 576.23 597.10 655.98 700.05 0.117304
1 763.05 80.99 778.30 108.72 0.115015
4 751.10 811.36 849.18 938.89 0.114387
10 399.87 34.19 463.14 179.86 0.113989
7 1338.17 793.63 1381.31 833.37 0.112957
1 739.80 66.46 757.06 103.26 0.112622
4 0.65 254.72 85.36 317.59 0.111911
1 985.31 429.73 1001.57 462.68 0.109996
4 191.52 264.92 261.36 368.22 0.109685
10 497.70 356.56 538.39 388.93 0.108902
2 816.12 166.68 924.14 276.54 0.108471
3 672.16 79.93 718.81 125.03 0.107464
