7 408.40 815.55 500.09 947.48 0.356454
4 1115.65 901.31 1225.43 1049.30 0.350700
4 1112.39 897.28 1228.96 1047.24 0.349479
1 833.99 279.10 855.75 312.15 0.338239
7 401.72 796.57 611.08 956.47 0.327377
5 726.06 307.46 757.72 358.82 0.326311
1 673.95 350.51 685.44 380.66 0.304199
4 871.75 282.08 890.19 301.35 0.303060
4 780.32 195.66 820.50 226.50 0.302419
1 779.77 205.38 814.85 293.74 0.297887
1 730.54 202.91 746.04 235.46 0.297000
1 672.52 349.65 686.34 381.39 0.289085
4 835.95 254.99 850.54 270.68 0.287805
7 724.21 305.37 759.20 359.55 0.287591
4 713.72 295.17 734.75 317.27 0.284542
1 633.92 641.32 696.71 771.12 0.270928
4 636.20 219.63 666.68 239.20 0.269151
1 731.89 204.11 744.64 234.07 0.269004
4 946.34 176.23 991.65 205.42 0.264579
6 473.97 76.55 676.38 125.73 0.248884
1 870.12 279.60 892.08 303.82 0.242864
4 843.61 219.17 858.28 232.24 0.242759
7 831.87 275.70 894.09 313.95 0.240714
4 779.06 193.55 821.48 226.86 0.235980
4 879.88 234.07 907.09 252.85 0.233474
4 655.99 180.70 680.73 197.28 0.232600
1 410.62 818.30 497.85 946.15 0.231024
4 727.34 307.60 757.01 342.87 0.227887
1 836.64 281.39 854.09 310.95 0.225400
4 635.55 643.98 694.53 769.60 0.224687
4 736.92 117.97 770.97 142.43 0.222253
3 828.95 274.15 860.77 317.35 0.215106
10 346.12 479.13 466.80 582.17 0.210804
5 949.98 179.01 990.11 202.32 0.208928
3 838.79 291.99 853.41 311.59 0.207837
10 725.68 305.92 757.96 344.72 0.207392
4 1082.48 874.31 1252.06 1047.14 0.207290
10 424.47 309.99 471.42 362.83 0.202495
3 648.94 306.71 665.44 354.33 0.201832
6 466.14 136.74 659.11 355.03 0.200721
6 480.86 86.98 634.04 124.37 0.197446
3 833.17 253.14 852.24 272.26 0.197355
4 923.95 382.54 938.04 401.05 0.196866
3 390.31 799.39 513.45 959.18 0.195785
7 345.08 482.06 464.89 583.21 0.194248
3 648.70 302.74 677.54 354.83 0.192342
4 847.05 235.82 862.46 251.80 0.188800
7 522.60 800.75 607.19 952.13 0.187426
4 1112.06 897.90 1228.79 1047.36 0.182892
4 803.60 208.08 819.46 224.47 0.181517
1 721.04 828.55 852.31 1046.42 0.178231
10 715.39 295.54 767.78 365.96 0.177881
7 723.61 305.25 759.74 359.31 0.174178
7 822.17 239.75 895.11 313.66 0.173706
10 378.39 481.72 464.36 524.59 0.173466
1 670.59 347.90 689.67 383.78 0.169031
10 479.10 83.99 640.22 126.48 0.166819
7 825.06 270.85 897.92 319.10 0.165367
4 634.12 216.51 669.27 240.18 0.164418
10 466.91 286.57 559.01 355.57 0.164180
4 923.99 174.52 993.29 217.76 0.162773
1 770.01 196.73 817.36 296.07 0.162029
1 744.26 539.89 855.63 808.25 0.160745
4 609.36 102.64 639.87 128.20 0.157767
4 797.15 194.62 821.98 226.06 0.155688
7 877.19 219.65 923.22 256.17 0.148817
7 626.32 630.15 706.91 780.10 0.147061
4 697.44 183.90 732.99 221.70 0.146498
10 424.78 294.11 474.12 363.67 0.146356
4 992.24 177.82 1036.77 212.55 0.145932
6 469.64 70.41 677.03 129.70 0.143254
10 460.51 138.32 660.12 356.34 0.141612
1 776.75 282.47 819.97 363.48 0.138502
3 826.57 247.34 857.39 278.46 0.137805
1 763.81 539.85 841.44 782.05 0.137729
1 671.65 334.05 703.76 383.23 0.136619
2 48.12 454.51 539.81 949.59 0.136608
3 835.89 288.24 854.36 312.37 0.136160
1 725.84 200.40 749.92 243.30 0.134637
3 644.65 300.67 679.60 356.47 0.132875
2 1054.80 166.89 1219.60 258.41 0.131395
2 287.34 538.62 546.92 943.24 0.131223
4 736.24 116.41 771.89 143.71 0.130662
1 761.41 282.39 833.27 519.97 0.129643
1 774.35 282.31 823.04 410.90 0.129295
2 6.78 449.21 548.11 1040.96 0.128378
3 376.11 782.66 524.21 972.66 0.127157
2 1058.71 173.54 1206.02 241.22 0.126995
10 349.66 533.46 439.08 581.47 0.126808
3 663.58 330.03 710.02 389.49 0.125815
4 711.04 292.27 736.59 319.77 0.125643
3 646.47 304.44 667.68 355.26 0.125547
1 271.35 480.30 347.64 585.14 0.125123
4 841.99 218.23 857.94 233.22 0.124121
7 816.50 213.08 900.42 315.90 0.123188
6 923.10 166.21 1033.92 224.42 0.122712
3 731.39 216.68 745.62 239.80 0.122145
6 1061.57 199.80 1096.23 233.30 0.121136
2 303.61 596.95 501.27 851.37 0.120287
4 653.68 178.27 683.67 200.00 0.118761
2 92.16 442.56 543.02 946.62 0.118654
10 632.32 263.37 704.97 358.44 0.117627
1 395.55 622.53 495.57 845.66 0.115991
1 761.26 203.47 833.71 518.42 0.115588
7 820.99 216.78 923.52 311.43 0.112546
7 670.34 301.83 760.71 384.13 0.112347
1 771.29 193.76 820.55 294.73 0.111849
10 467.80 287.16 552.95 326.75 0.110274
10 643.52 292.40 692.77 358.25 0.109110
1 268.22 479.73 349.31 627.22 0.108994
2 287.35 538.27 547.10 851.98 0.108376
1 767.66 539.52 836.44 654.85 0.107302
7 577.37 339.77 626.95 371.21 0.106924
1 634.31 641.49 696.12 771.08 0.106876
2 312.81 606.23 496.73 797.03 0.105326
2 919.78 161.09 1219.62 254.24 0.104654
1 995.13 609.49 1017.20 648.15 0.104483
1 326.82 467.32 385.16 557.69 0.104168
2 62.91 449.81 473.70 741.24 0.103522
2 29.46 449.65 525.69 853.56 0.103218
4 1009.65 886.99 1236.62 1047.37 0.103110
5 0.70 624.22 86.63 819.32 0.102999
3 648.45 325.93 663.70 353.98 0.102097
1 990.51 605.06 1021.91 657.29 0.101937
1 506.91 316.43 524.49 352.46 0.101798
10 786.27 237.16 815.77 298.40 0.101790
