4 884.21 681.91 923.74 755.17 0.582960
4 620.37 20.11 638.20 39.45 0.576487
4 274.19 323.39 315.75 364.12 0.567513
4 879.09 475.21 923.25 532.38 0.562867
4 1244.21 333.22 1301.60 361.43 0.546181
4 1357.82 326.92 1399.62 356.01 0.546146
4 440.74 562.40 486.31 631.88 0.544111
4 627.40 504.69 668.75 577.76 0.540009
4 406.05 685.30 457.42 772.69 0.511042
4 695.86 120.91 719.81 155.98 0.469539
4 576.58 130.36 591.59 154.52 0.468295
4 543.52 144.03 564.83 170.72 0.466770
4 1276.91 191.09 1311.56 221.83 0.460812
4 1080.29 346.34 1144.97 375.47 0.460088
4 1018.44 327.85 1085.74 359.14 0.424385
4 843.79 158.44 867.66 186.65 0.415078
1 458.70 454.60 533.45 533.42 0.402613
4 826.12 92.21 845.69 115.50 0.397413
4 769.62 109.23 790.46 140.08 0.396799
7 553.46 492.63 673.22 581.54 0.391951
4 870.12 335.93 923.01 361.30 0.388502
4 557.98 497.26 600.97 570.32 0.388182
4 858.39 356.37 924.70 385.99 0.380553
1 460.98 485.64 478.44 530.73 0.373165
1 491.70 470.01 511.55 501.68 0.358159
3 484.74 488.19 500.33 519.62 0.355906
1 516.48 458.68 531.65 490.11 0.352518
1 517.38 459.86 530.91 490.10 0.349903
4 782.99 179.41 803.19 206.10 0.349819
5 1150.51 175.49 1205.08 202.71 0.348040
7 625.64 502.86 670.16 578.47 0.340069
1 461.87 486.63 477.80 530.01 0.338112
4 404.73 683.75 459.47 773.55 0.337140
1 963.36 311.73 974.15 333.64 0.332716
10 526.69 205.74 561.78 263.84 0.328259
10 521.19 200.03 568.14 269.59 0.326754
4 1079.48 344.41 1146.55 376.83 0.326735
4 878.13 473.88 924.37 533.21 0.325544
1 871.77 404.70 883.52 428.58 0.322224
1 1187.41 233.54 1200.49 256.64 0.320620
1 493.23 471.76 510.77 499.09 0.320323
1 887.71 389.86 897.65 410.49 0.315214
4 1033.83 255.09 1061.79 266.64 0.311599
1 933.88 355.98 955.76 395.02 0.309709
3 461.72 502.68 475.15 532.03 0.309538
1 872.90 405.79 882.55 427.69 0.308297
7 1149.48 172.84 1205.76 203.55 0.308106
4 439.13 560.67 487.37 632.91 0.303821
4 1243.63 331.52 1302.70 362.34 0.300330
4 1017.61 326.29 1086.06 360.10 0.293745
1 888.35 391.24 896.66 410.19 0.292909
1 1188.23 234.32 1199.76 255.98 0.292740
1 356.69 695.44 371.73 723.21 0.292430
6 527.72 207.41 560.53 263.28 0.291907
1 963.88 312.39 973.43 333.03 0.286118
4 778.99 142.11 794.57 160.39 0.285753
1 945.79 250.63 957.25 268.92 0.282673
1 954.95 317.49 962.90 333.49 0.281218
4 882.77 680.08 925.34 755.75 0.279244
1 357.95 696.94 370.74 722.74 0.278334
4 575.36 174.11 584.71 197.00 0.275825
7 556.44 495.45 602.26 571.03 0.275765
1 934.76 357.99 954.24 394.59 0.274990
1 946.72 251.56 956.29 268.52 0.273291
1 953.52 309.96 975.77 335.24 0.269217
1 1094.07 237.52 1105.65 255.83 0.259086
1 1094.80 238.27 1104.91 256.00 0.258076
1 483.51 486.30 501.33 520.34 0.257546
1 953.62 316.26 963.99 334.15 0.256953
4 1285.69 140.13 1310.45 163.10 0.254776
4 764.49 35.40 776.51 49.99 0.245364
7 273.02 321.73 316.65 364.80 0.244526
4 694.44 119.07 721.14 157.16 0.244478
1 1064.94 252.65 1075.63 267.58 0.243307
4 768.22 107.74 791.50 140.54 0.240748
4 542.39 142.72 565.47 171.44 0.237044
1 932.49 290.53 943.36 317.31 0.236245
4 869.73 334.16 923.81 362.43 0.235047
1 933.77 291.43 942.53 317.19 0.234824
7 857.68 354.75 925.23 386.60 0.233700
4 778.33 142.18 796.65 170.27 0.226103
4 1017.62 203.95 1030.77 214.56 0.224874
1 1065.95 253.59 1074.61 267.13 0.223837
1 875.57 356.18 888.96 375.78 0.222790
4 1357.11 325.59 1398.94 356.72 0.221771
4 777.61 155.29 797.70 176.23 0.221517
4 618.87 18.43 639.71 40.75 0.218832
1 298.26 705.07 315.24 735.59 0.214012
1 908.56 228.88 916.38 248.09 0.213637
7 842.69 156.76 868.62 187.62 0.211867
4 1387.87 179.14 1399.85 197.51 0.211850
4 311.79 692.74 338.71 754.56 0.210980
1 1010.67 399.39 1029.89 429.53 0.210812
6 0.22 485.48 54.77 575.88 0.210410
1 1336.96 236.35 1355.06 260.22 0.209176
3 461.27 500.63 477.40 531.87 0.208776
7 766.50 106.53 806.19 208.90 0.207050
10 413.54 161.50 458.41 298.58 0.206820
3 1275.86 189.30 1312.69 222.93 0.204228
6 467.29 141.04 515.18 190.98 0.203776
7 1145.89 165.97 1207.75 205.92 0.202853
2 461.39 458.39 531.39 531.99 0.202258
4 849.43 169.35 867.35 186.29 0.200710
2 924.06 289.63 976.48 336.67 0.199531
1 907.79 228.13 917.36 248.11 0.198747
1 1343.99 237.19 1354.88 259.00 0.196621
7 772.04 139.97 805.25 207.47 0.195847
4 0.04 537.43 26.60 575.62 0.195457
1 1011.96 400.77 1028.74 429.26 0.193959
6 17.34 663.88 71.88 688.23 0.191339
6 823.12 183.82 842.51 216.46 0.189959
1 311.99 691.39 339.00 753.68 0.188556
2 557.15 -0.22 564.96 12.67 0.188367
7 0.06 537.04 27.95 576.09 0.187518
2 447.89 440.04 543.74 545.32 0.186665
6 513.05 192.05 578.74 286.18 0.186532
4 565.29 172.71 584.72 196.16 0.184830
3 871.44 429.12 887.44 447.83 0.183407
2 1337.98 237.19 1354.55 260.42 0.182041
7 15.13 661.66 73.02 689.81 0.181714
6 46.02 664.29 70.75 686.85 0.181190
4 1243.60 331.76 1302.65 362.19 0.177975
1 485.92 469.86 511.73 517.20 0.174861
4 575.32 128.77 592.53 155.52 0.174179
7 423.17 494.66 448.54 528.99 0.173980
10 526.64 205.70 561.41 263.59 0.172079
4 395.85 676.79 469.15 778.30 0.171051
7 856.76 333.11 927.78 387.32 0.167853
1 556.04 -0.08 566.03 14.56 0.165511
4 824.94 90.97 846.89 116.63 0.164458
1 404.87 542.15 419.63 564.71 0.163513
4 549.85 489.24 608.25 579.08 0.163236
1 297.45 689.67 342.13 755.02 0.163023
4 775.89 141.01 797.74 173.72 0.160923
7 544.74 480.12 682.68 597.47 0.159709
4 1079.52 344.50 1146.34 376.79 0.159306
3 936.75 374.74 951.90 396.75 0.157412
3 869.41 424.78 890.26 449.70 0.157398
3 535.14 236.12 558.86 259.86 0.156418
1 870.08 405.16 884.87 443.92 0.152816
4 1017.44 326.05 1086.23 360.23 0.150232
4 870.87 466.85 932.58 540.29 0.148781
7 765.78 105.45 845.49 220.51 0.148696
3 924.59 299.94 935.42 317.79 0.148209
10 412.44 160.61 470.25 346.68 0.148142
3 482.70 482.88 510.47 521.74 0.147509
4 1237.82 323.00 1309.20 370.00 0.146244
1 1025.66 292.26 1045.88 329.85 0.144796
2 296.81 687.54 372.57 756.85 0.144176
7 1307.07 254.27 1321.69 264.36 0.143856
4 873.06 671.76 935.56 760.96 0.141233
1 1185.11 232.04 1203.20 260.74 0.139621
4 782.17 179.32 803.80 207.18 0.138863
3 867.24 425.36 892.32 451.64 0.138212
4 1076.67 338.59 1150.47 381.23 0.138085
1 929.37 349.21 961.01 404.39 0.136009
4 428.69 552.19 496.92 644.68 0.135748
6 44.74 662.68 71.46 687.73 0.134018
3 930.16 377.27 953.13 411.74 0.133698
4 780.95 169.75 804.85 207.00 0.133365
4 878.21 473.78 924.39 533.28 0.132932
10 1032.49 253.82 1061.57 267.77 0.132675
1 822.08 182.13 843.72 217.34 0.132452
7 404.53 614.30 423.32 652.07 0.132420
1 1017.72 399.88 1030.17 421.75 0.132393
7 2.49 656.82 82.33 692.64 0.132194
4 439.37 560.81 487.12 632.75 0.131738
1 1010.92 401.26 1022.38 426.89 0.130255
2 922.62 289.13 976.71 399.17 0.129027
10 401.18 537.81 424.12 570.02 0.127854
2 459.24 483.24 501.24 532.38 0.126797
4 625.86 502.90 670.05 578.39 0.126643
1 1278.42 207.79 1293.35 227.46 0.125356
4 1357.13 325.58 1398.79 356.68 0.125170
4 556.67 495.40 602.11 571.26 0.124747
10 465.93 138.41 519.04 213.84 0.124021
2 867.82 388.49 899.37 446.12 0.122958
4 882.73 679.93 925.49 755.81 0.122487
10 1354.18 219.05 1383.84 245.87 0.121825
1 162.04 410.41 173.45 427.14 0.120140
9 265.81 313.18 324.52 372.70 0.118963
9 1271.76 184.62 1316.09 227.23 0.118480
9 1138.83 159.27 1213.71 212.40 0.118153
10 2.61 656.08 82.90 703.74 0.116324
1 302.37 704.50 315.60 724.23 0.115754
1 1334.44 234.49 1357.23 262.20 0.115702
1 965.67 688.93 985.34 723.26 0.115393
7 1016.09 322.91 1148.95 378.51 0.114983
2 870.18 388.82 898.75 429.81 0.114839
4 564.44 171.49 586.27 197.05 0.114839
10 466.62 138.87 516.77 191.98 0.114366
1 925.36 290.07 943.79 319.02 0.114213
6 0.58 484.23 55.00 551.49 0.114203
2 301.17 699.47 329.11 725.46 0.113474
2 430.23 442.61 541.48 565.00 0.112936
1 463.32 485.69 477.13 511.63 0.112654
2 817.08 60.32 853.67 87.13 0.112147
4 857.32 354.55 925.20 387.01 0.110972
4 272.97 321.96 316.43 364.84 0.110687
4 688.08 113.05 727.62 162.95 0.109864
1 313.59 700.47 328.18 720.79 0.107834
4 777.24 140.92 795.12 161.46 0.106335
4 404.54 683.69 459.11 773.47 0.105501
2 423.63 450.75 538.57 540.82 0.104972
1 830.32 192.70 843.42 216.80 0.104754
1 472.13 343.42 481.93 358.72 0.104740
2 120.76 149.45 288.97 183.59 0.104471
1 964.17 311.75 974.39 333.39 0.104075
4 694.71 119.65 720.71 156.70 0.103123
6 16.85 667.16 44.64 688.59 0.102932
2 848.58 317.44 982.88 440.39 0.102327
9 1149.03 171.52 1206.13 203.71 0.102044
4 617.25 493.71 680.22 589.02 0.101324
1 487.63 156.69 507.23 213.51 0.101163
