4 460.34 237.00 473.83 251.54 0.422548
4 240.99 410.47 269.70 435.81 0.354566
4 175.06 316.33 246.01 356.15 0.342144
4 321.46 450.65 353.73 506.35 0.339441
4 339.01 393.85 370.68 445.60 0.327632
4 910.49 93.56 941.38 106.28 0.325778
4 407.13 121.35 420.18 137.10 0.322169
4 604.04 321.03 635.66 339.93 0.319162
4 728.76 478.30 762.20 510.13 0.314478
1 261.03 464.35 275.00 487.20 0.301006
1 455.77 657.04 470.91 681.25 0.299665
4 302.74 636.29 350.97 693.98 0.299162
10 904.51 644.65 1346.71 1048.17 0.297303
10 319.54 448.96 355.69 507.43 0.296385
4 318.92 73.47 338.44 90.03 0.283590
1 457.38 658.58 469.59 679.98 0.280751
4 282.46 85.88 306.98 103.57 0.271841
4 244.66 88.05 267.55 104.25 0.269919
10 110.08 855.90 197.98 1047.95 0.267255
1 262.27 465.81 273.58 486.89 0.265472
4 844.76 686.62 861.55 709.32 0.264242
10 300.93 634.45 352.84 695.48 0.260156
10 337.22 391.91 373.15 447.00 0.258395
4 669.97 116.42 686.84 128.46 0.253730
6 459.06 5.25 504.46 53.92 0.251642
6 1073.70 132.40 1124.04 165.05 0.248533
4 838.83 148.64 851.25 158.98 0.246443
7 317.47 389.27 376.71 509.39 0.243609
7 856.58 747.86 882.18 775.17 0.242717
4 638.81 210.46 659.97 226.76 0.237187
4 878.63 70.72 900.55 79.96 0.228992
7 727.06 476.09 763.23 511.42 0.228630
1 1120.45 473.87 1130.88 493.64 0.228272
6 673.68 52.74 744.76 84.59 0.225100
1 452.25 653.29 476.05 688.94 0.222051
4 994.99 138.84 1025.47 152.46 0.221444
4 310.51 193.72 339.61 211.53 0.218502
7 442.35 43.71 518.27 113.37 0.216451
7 854.54 746.32 887.40 782.78 0.215397
4 859.24 708.98 874.16 724.81 0.215391
10 869.77 448.97 1311.42 744.29 0.214200
4 202.92 571.95 218.31 604.04 0.213430
10 300.23 520.12 351.45 599.97 0.213074
4 421.95 160.31 437.71 169.88 0.212034
1 1119.38 472.53 1132.29 493.99 0.211020
9 569.36 20.89 603.82 37.25 0.208111
10 1203.78 480.10 1398.28 605.92 0.207607
2 263.34 226.39 330.18 274.05 0.199579
4 295.28 628.26 359.67 704.70 0.197330
6 1072.17 130.69 1125.02 166.07 0.197322
4 1008.22 5.91 1027.95 14.71 0.197228
7 912.78 818.77 959.16 871.70 0.195593
4 723.79 471.81 767.04 515.10 0.193530
4 267.01 166.13 286.49 182.61 0.193198
4 300.86 634.36 352.91 695.64 0.193158
4 205.87 149.85 265.42 180.27 0.190338
2 299.55 227.56 330.07 254.45 0.190239
4 291.13 247.38 314.36 263.62 0.186824
4 319.68 449.08 355.43 507.57 0.186525
1 255.35 460.87 278.33 490.17 0.185608
6 649.50 222.62 687.33 257.41 0.184351
4 966.80 33.46 993.51 44.73 0.180797
10 648.14 246.23 912.59 424.87 0.180778
4 53.29 90.26 84.45 105.24 0.180071
7 442.21 2.57 519.32 114.00 0.179934
4 239.68 408.22 270.75 438.08 0.174015
10 0.73 72.25 198.13 336.86 0.171887
6 1020.19 304.42 1140.41 380.01 0.170769
4 316.37 446.41 359.03 510.07 0.165058
4 337.28 392.03 372.25 446.32 0.162930
4 334.84 389.76 376.12 450.72 0.160671
4 173.40 312.93 248.54 358.37 0.160092
7 857.19 706.64 875.81 726.44 0.159355
4 458.60 234.89 475.94 253.06 0.158340
7 841.66 682.54 879.30 733.46 0.157722
5 718.99 466.79 772.35 520.17 0.156067
5 647.42 220.35 688.10 258.65 0.155628
4 637.39 208.30 688.13 259.11 0.154478
10 135.16 395.64 289.02 479.50 0.153829
10 456.89 3.32 507.12 57.17 0.152804
4 726.93 475.74 763.62 511.87 0.152541
4 602.75 318.90 636.85 341.31 0.149556
10 923.56 161.71 970.18 184.53 0.149048
7 42.71 203.43 115.81 260.29 0.148651
7 840.06 681.22 888.03 782.23 0.147903
10 1135.25 357.07 1237.38 413.68 0.143752
1 1116.43 368.73 1147.05 403.67 0.140514
1 1116.26 468.45 1138.28 500.28 0.137476
4 280.69 82.65 308.95 105.79 0.137266
1 842.99 684.04 863.52 711.39 0.137251
1 568.43 904.86 581.14 928.27 0.135883
6 1129.39 418.70 1209.34 499.35 0.135358
7 157.58 622.86 191.38 661.18 0.131679
10 929.05 525.77 1310.42 743.59 0.127630
2 296.96 226.96 330.66 258.26 0.126976
4 665.56 175.64 703.86 203.14 0.125528
9 282.20 619.93 375.16 725.58 0.123675
1 0.55 894.66 73.34 1047.24 0.120996
6 1086.98 294.69 1176.79 349.51 0.119850
1 303.34 232.63 317.75 253.12 0.119417
6 768.11 226.47 806.61 253.94 0.117861
1 260.89 118.06 279.56 157.33 0.117095
1 962.21 629.30 978.81 663.96 0.116153
1 69.99 303.71 93.09 330.20 0.114790
1 238.79 587.37 256.00 617.99 0.114773
10 863.37 448.88 1347.58 1047.78 0.113459
1 239.75 597.13 253.83 617.27 0.107909
10 158.35 859.74 196.73 1047.22 0.107061
1 718.35 588.14 753.42 642.69 0.106666
1 132.70 592.25 152.20 623.83 0.106215
6 673.22 51.03 746.38 85.44 0.106030
10 113.15 859.50 168.04 1047.17 0.105967
1 1236.22 334.58 1248.10 354.55 0.104834
1 153.76 577.83 175.50 638.33 0.104362
1 316.62 232.01 328.91 247.67 0.102878
1 723.71 589.12 749.74 628.99 0.102014
