4 1188.94 297.30 1284.67 399.38 0.767532
4 1272.46 67.68 1359.22 145.98 0.728361
4 499.58 126.12 614.15 216.58 0.727536
3 1189.21 297.33 1284.51 399.21 0.709923
4 380.55 31.79 489.69 128.05 0.696923
4 340.16 305.17 445.87 425.78 0.686685
5 1188.81 297.16 1284.72 399.54 0.680473
5 340.04 305.19 445.86 425.91 0.668529
3 499.90 126.28 613.95 216.28 0.664286
3 1272.74 67.76 1359.27 145.73 0.656884
5 380.54 31.74 489.82 128.05 0.648040
3 381.16 31.87 489.59 127.79 0.644982
3 340.33 305.27 445.82 425.50 0.640399
1 1135.80 445.13 1179.80 493.76 0.640036
5 499.55 126.21 614.22 216.71 0.620675
6 340.28 305.21 445.79 425.74 0.608264
5 1272.35 67.72 1359.15 146.05 0.599855
3 1135.84 445.08 1179.87 493.37 0.590656
6 380.85 31.81 489.54 127.77 0.581526
3 653.25 553.11 713.88 608.93 0.554828
1 446.93 569.82 474.54 610.14 0.547282
1 669.63 556.88 699.72 598.63 0.547140
6 1189.16 297.37 1284.58 399.20 0.545039
2 1136.02 445.06 1179.93 493.52 0.544678
5 128.90 548.98 247.80 670.25 0.535587
4 129.10 549.16 247.97 670.23 0.528974
3 128.94 549.13 247.81 670.59 0.527925
3 696.38 491.98 736.34 539.29 0.511924
3 509.49 647.59 558.29 708.48 0.503719
1 502.52 515.61 527.12 554.37 0.491067
2 669.56 556.71 699.72 598.38 0.490282
2 447.12 569.79 474.42 610.01 0.469487
6 129.04 549.00 248.28 672.39 0.449773
1 525.89 521.63 544.74 552.59 0.444940
2 502.42 515.51 527.24 554.42 0.437358
2 525.86 521.39 544.95 552.53 0.406537
3 669.26 556.49 700.05 597.85 0.396556
3 1137.14 445.86 1179.18 491.80 0.395525
1 508.84 643.13 555.07 709.33 0.394632
4 696.29 490.63 736.49 539.00 0.393792
2 508.85 643.15 554.14 709.17 0.388319
4 0.04 11.37 27.30 63.62 0.386667
1 476.91 527.43 499.52 570.93 0.383277
3 508.90 643.02 555.28 709.15 0.382831
3 695.82 488.63 736.74 539.65 0.380555
6 1272.65 67.83 1359.17 145.85 0.378618
1 702.71 488.12 729.83 524.45 0.372234
2 696.01 488.23 736.44 539.42 0.367384
1 477.76 499.62 501.18 541.30 0.360104
1 695.98 488.39 736.56 539.47 0.357153
1 524.41 643.14 551.84 683.73 0.350250
6 128.65 423.22 350.52 675.42 0.342632
2 477.13 499.54 501.21 541.52 0.340898
3 447.06 569.75 474.38 609.84 0.340264
2 476.85 527.57 499.89 570.78 0.340113
6 499.80 126.34 613.96 216.45 0.327720
3 0.06 11.33 26.99 63.18 0.325306
2 703.19 487.92 729.89 524.18 0.307749
6 696.59 490.75 736.38 539.06 0.304385
2 524.81 643.13 551.94 683.98 0.299527
3 703.32 488.11 730.28 523.37 0.296671
5 170.71 423.76 349.66 596.31 0.290592
3 525.87 521.42 544.66 552.36 0.290315
1 445.16 509.74 482.54 563.79 0.289229
3 502.58 515.63 527.00 553.95 0.287884
6 170.62 423.64 349.71 599.01 0.280874
1 279.34 463.85 329.67 545.67 0.278011
4 1136.88 445.73 1179.41 492.17 0.274975
5 696.43 490.04 736.47 539.17 0.267624
2 444.61 507.49 482.83 564.06 0.263136
3 128.39 423.15 350.14 674.70 0.250542
2 278.91 463.12 329.56 545.70 0.247751
3 170.89 423.91 349.57 596.82 0.239266
4 128.69 423.52 350.57 674.44 0.236656
3 525.03 643.12 552.34 682.49 0.230222
5 128.61 422.98 350.52 673.47 0.227168
1 249.09 518.48 283.61 563.08 0.226018
3 172.15 396.14 500.75 763.26 0.225956
3 476.94 527.25 499.47 570.77 0.225556
3 965.14 66.28 992.68 92.52 0.222463
2 444.22 486.49 545.04 609.38 0.220535
3 653.01 554.00 705.42 609.25 0.219679
2 445.50 494.06 544.57 573.02 0.219483
3 1136.70 470.73 1157.57 492.24 0.215179
3 334.92 724.73 378.75 763.89 0.205799
3 653.58 548.39 715.18 608.76 0.201562
5 0.04 10.32 27.41 63.82 0.201485
6 59.98 627.47 210.44 764.02 0.197039
3 60.12 627.51 209.96 763.66 0.190783
3 171.04 424.13 349.18 573.60 0.190500
2 250.24 518.37 283.86 561.80 0.188035
4 170.72 423.84 349.51 596.16 0.186890
1 444.78 486.86 544.40 573.73 0.184968
5 1136.88 445.60 1179.40 492.33 0.184875
6 60.54 396.37 500.18 763.49 0.181177
1 126.03 663.53 191.44 730.14 0.179467
6 167.63 396.03 500.17 763.20 0.178127
6 1137.02 445.74 1179.37 491.95 0.175221
3 60.46 395.90 500.86 763.52 0.172291
3 445.44 508.94 482.70 563.61 0.169628
3 477.56 499.68 501.09 541.14 0.169023
6 0.03 8.94 27.38 63.20 0.167936
2 653.07 554.87 702.27 609.92 0.167119
3 249.70 518.35 283.68 562.88 0.164053
1 444.38 490.58 544.19 609.72 0.163993
5 170.55 395.94 500.82 763.05 0.161680
3 128.04 602.50 151.33 651.48 0.159353
1 1188.30 297.16 1285.43 400.09 0.157683
1 334.24 724.39 379.26 763.69 0.157627
2 125.15 662.60 191.78 730.29 0.157200
1 459.21 482.58 485.15 509.89 0.152929
3 653.39 570.66 689.42 608.82 0.149970
1 498.78 126.01 615.19 217.46 0.149580
4 170.99 424.03 349.15 573.55 0.147542
1 454.98 505.52 483.58 541.79 0.144115
3 360.68 624.78 422.52 719.94 0.142171
3 59.92 627.05 192.12 731.23 0.141356
3 445.61 488.28 544.85 571.67 0.140033
4 953.23 749.19 1010.15 764.45 0.139066
1 450.27 492.19 544.98 571.41 0.138401
3 871.70 105.67 901.87 140.71 0.136783
2 498.88 125.94 615.13 217.37 0.135093
2 334.30 724.26 378.87 763.41 0.134971
2 1188.55 297.14 1285.46 399.86 0.134728
3 953.54 749.17 1010.03 764.44 0.133004
5 871.24 105.37 902.38 140.97 0.130018
1 252.97 518.42 283.30 549.86 0.128059
3 360.88 641.66 412.58 719.36 0.127171
3 413.23 585.45 437.09 613.70 0.127134
3 695.67 510.78 714.06 540.47 0.124929
1 60.24 628.04 192.32 730.79 0.124357
3 444.60 529.49 474.08 565.44 0.124355
3 444.00 513.57 483.60 565.64 0.123958
3 1136.87 466.84 1171.85 492.66 0.123386
3 279.31 462.45 330.45 546.07 0.119593
3 127.74 602.82 194.69 690.76 0.119078
1 652.63 549.16 715.55 609.99 0.117665
6 61.33 422.53 351.49 762.65 0.116759
1 653.24 554.65 703.88 609.95 0.116367
3 510.14 643.86 557.01 707.78 0.115450
3 61.00 305.96 501.34 763.34 0.115251
6 413.18 585.51 437.16 613.83 0.115014
4 703.97 489.35 735.34 523.22 0.113023
3 123.64 663.59 191.64 730.24 0.111851
2 454.54 502.82 483.56 542.14 0.111702
2 6.86 3.02 1354.31 761.47 0.111104
5 60.94 396.10 501.25 763.04 0.110947
2 440.90 481.11 739.61 711.50 0.109709
3 61.08 422.77 351.02 762.86 0.105054
2 459.05 482.65 484.83 511.80 0.104672
1 126.99 663.92 191.37 705.01 0.104666
6 871.62 105.57 901.87 140.61 0.104519
2 695.56 509.68 714.88 540.45 0.103562
2 717.36 491.92 737.99 522.37 0.103525
1 695.79 509.85 715.22 540.62 0.102869
2 250.20 462.45 329.47 566.82 0.101746
3 964.17 0.57 993.18 91.85 0.101567
2 441.59 482.70 738.54 610.80 0.100378
4 60.01 627.50 210.25 763.69 0.100327
3 704.22 489.38 735.14 521.63 0.099594
1 59.94 627.81 210.23 763.44 0.099556
2 60.14 628.20 192.57 731.15 0.098697
1 723.09 491.74 737.87 521.46 0.098428
3 444.30 481.45 544.83 609.15 0.098188
4 379.12 31.08 615.24 217.67 0.097656
6 61.08 306.62 500.65 762.92 0.097640
2 1271.81 67.63 1358.76 146.56 0.096934
1 175.02 722.26 210.59 763.22 0.096472
3 128.59 549.09 248.99 680.68 0.095452
3 459.34 482.44 484.88 510.90 0.094245
1 1271.66 67.82 1358.64 146.67 0.093001
2 253.59 518.40 283.18 549.19 0.091895
1 249.37 462.84 329.65 566.50 0.091460
2 126.33 663.49 191.59 705.34 0.091336
3 1258.70 0.15 1286.06 13.26 0.090733
3 238.94 542.83 294.05 597.56 0.090199
5 704.02 488.93 734.31 522.60 0.089889
1 339.80 304.79 446.27 426.25 0.088972
3 446.52 529.69 474.76 564.56 0.088653
2 60.07 627.94 210.25 763.43 0.088183
3 379.71 31.33 615.07 217.27 0.088123
3 60.07 626.98 191.77 705.83 0.088097
5 412.97 584.91 437.44 614.03 0.087357
3 253.36 518.37 283.12 549.87 0.087279
6 953.31 749.20 1010.28 764.46 0.086967
3 696.71 511.25 713.37 539.73 0.086264
6 1024.26 -0.03 1136.28 45.33 0.085115
3 527.15 522.11 543.52 551.30 0.084983
3 652.98 490.96 736.65 609.10 0.084794
6 985.65 0.01 1136.11 53.05 0.084611
3 353.31 646.27 374.17 685.28 0.083464
3 1024.26 0.02 1136.30 45.93 0.082675
5 59.71 627.50 210.22 763.58 0.082261
3 51.39 6.35 1353.53 760.71 0.081846
4 1258.26 -0.02 1286.95 13.02 0.081308
2 442.94 485.69 556.42 709.76 0.080573
2 339.85 304.81 446.33 425.95 0.080386
3 125.82 664.16 191.56 705.23 0.079758
4 334.15 725.01 379.12 763.56 0.079756
2 174.39 722.13 210.71 763.30 0.079354
2 652.66 548.48 715.77 610.02 0.079152
5 653.38 548.61 714.74 608.88 0.078980
1 173.98 395.69 500.92 762.69 0.077564
5 953.10 749.04 1010.39 764.41 0.077548
1 460.44 500.18 484.27 535.49 0.076559
6 980.30 -0.03 1136.32 68.74 0.076355
1 444.92 527.86 474.61 565.76 0.075998
5 171.14 424.45 348.53 569.48 0.075899
2 456.61 498.39 483.62 537.04 0.075796
1 952.52 748.69 1011.39 764.33 0.074421
4 1241.76 -0.02 1287.38 12.93 0.074317
3 234.30 598.51 263.47 638.44 0.073847
4 653.37 548.82 714.82 608.77 0.073601
3 170.15 423.93 349.85 640.61 0.073007
3 129.50 629.85 192.28 689.81 0.072372
6 653.65 548.14 714.94 608.65 0.072081
3 669.87 555.84 701.37 596.45 0.071885
3 127.88 602.58 160.77 665.92 0.071675
2 952.85 748.59 1011.26 764.26 0.071668
3 141.26 647.72 191.55 689.33 0.071480
1 125.57 663.79 210.67 763.59 0.071442
3 509.91 674.78 531.11 708.25 0.071302
3 334.49 621.52 422.42 763.18 0.070808
2 240.81 518.41 284.97 591.24 0.070121
3 491.63 547.22 503.63 560.46 0.069127
3 249.11 461.73 330.51 566.70 0.068435
2 124.60 663.12 210.59 763.58 0.067873
4 871.45 105.53 902.19 140.62 0.067652
4 62.03 304.35 499.94 762.90 0.067571
1 241.08 518.67 285.14 590.69 0.066803
4 61.32 422.52 352.12 762.50 0.066727
4 85.07 733.40 164.01 764.10 0.066651
5 61.99 306.23 501.40 763.02 0.066466
3 444.26 527.78 474.82 566.12 0.066314
4 128.44 303.90 447.01 681.47 0.066030
1 381.89 31.82 490.14 128.13 0.066021
4 447.64 508.78 484.44 556.89 0.065673
1 359.29 624.22 422.65 720.96 0.065495
3 1241.60 -0.05 1287.96 12.74 0.065493
2 381.74 31.84 490.15 128.13 0.064367
3 459.19 482.92 484.38 508.29 0.064138
2 443.94 527.45 476.06 566.14 0.063036
6 445.99 508.82 483.51 564.43 0.062925
3 484.71 544.92 503.81 568.89 0.062827
6 128.12 304.91 447.64 681.10 0.062337
3 455.62 505.33 483.74 542.05 0.062018
3 985.50 -0.02 1136.51 65.90 0.062017
1 60.31 627.97 191.89 705.91 0.061321
4 413.13 585.10 437.43 613.76 0.060543
3 714.07 491.72 737.77 522.63 0.058954
3 4.12 686.18 164.28 764.02 0.058649
3 506.83 490.00 738.60 709.55 0.058381
5 61.72 421.89 352.55 761.92 0.058221
2 452.10 483.25 486.20 538.11 0.057976
3 87.55 732.01 163.72 763.96 0.057899
2 351.65 646.53 374.96 686.08 0.057894
5 445.90 508.95 483.91 564.55 0.057810
3 509.41 674.85 544.12 708.40 0.057786
2 60.92 423.14 351.93 762.83 0.057785
3 59.13 28.00 614.22 762.79 0.057742
3 241.50 518.41 285.54 593.90 0.057259
6 1.29 684.89 164.10 764.21 0.057182
3 459.62 481.75 484.99 507.72 0.056808
5 669.75 556.30 700.65 596.70 0.055910
1 129.28 549.20 249.99 682.02 0.055701
4 123.64 738.33 163.57 764.12 0.055579
4 45.46 7.07 1354.36 759.75 0.055502
4 164.20 396.20 500.12 762.90 0.055337
3 123.66 738.29 163.44 764.10 0.054807
3 412.45 583.81 438.10 614.07 0.054795
1 453.09 483.44 486.02 536.70 0.054677
2 653.80 487.34 737.38 608.71 0.053981
1 319.89 441.35 349.98 485.69 0.053758
5 378.94 31.10 615.13 218.05 0.053695
2 668.04 487.13 737.24 599.53 0.053486
3 921.39 63.32 992.45 97.41 0.053448
5 870.55 104.92 924.71 141.34 0.053440
6 871.02 105.33 926.76 140.93 0.053348
6 704.62 489.37 734.43 522.25 0.053064
3 653.31 583.66 680.72 609.03 0.052939
2 240.63 462.69 330.58 595.55 0.052853
1 61.83 422.39 351.39 762.52 0.052706
3 871.06 105.31 926.54 140.96 0.052552
3 128.95 664.87 190.55 703.83 0.052423
2 474.84 499.34 502.23 567.65 0.052402
3 376.70 588.64 404.06 635.46 0.052253
4 60.97 395.42 499.41 763.38 0.052042
3 541.35 353.29 581.26 393.12 0.051823
6 62.06 305.12 458.38 762.25 0.051547
3 290.02 425.79 349.48 483.72 0.051521
3 174.63 722.22 210.74 763.41 0.051038
3 736.03 86.97 799.02 126.38 0.050944
4 289.16 425.39 349.50 483.84 0.050847
1 128.69 424.35 349.89 699.79 0.050718
3 979.70 -0.01 1136.13 50.32 0.050526
2 61.91 107.54 1310.34 752.89 0.050372
4 60.32 627.57 193.77 729.53 0.050299
2 60.42 628.27 192.09 705.92 0.050212
1 359.57 640.96 413.88 720.31 0.049626
3 65.73 289.83 1289.14 761.60 0.049495
3 384.53 642.99 412.02 676.74 0.049167
6 89.87 396.94 393.18 728.10 0.049035
3 1258.65 0.07 1301.37 25.00 0.048991
3 1135.77 297.13 1285.06 492.97 0.048880
1 441.41 481.95 738.77 712.07 0.048809
6 1258.11 -0.04 1286.79 12.82 0.048806
2 143.13 698.11 210.67 763.55 0.048772
4 128.74 664.50 191.01 703.69 0.048569
3 478.65 528.53 498.60 569.72 0.048556
1 146.46 698.70 210.69 763.45 0.048417
6 333.74 724.78 379.25 763.71 0.048305
2 63.59 397.00 538.72 762.38 0.048170
2 129.64 548.66 252.23 681.66 0.048034
3 921.43 76.27 945.39 97.61 0.048011
3 320.63 440.59 349.48 482.56 0.047727
2 161.17 395.53 502.09 762.77 0.047672
3 1135.81 65.95 1357.29 493.11 0.047113
1 1151.37 445.79 1178.98 476.16 0.047032
4 459.44 482.06 484.78 507.67 0.047007
5 509.63 643.60 556.42 708.17 0.046995
4 128.16 663.22 191.27 729.04 0.046825
3 1241.46 -0.02 1287.46 11.73 0.046383
3 127.17 304.72 448.88 690.14 0.046122
4 1023.40 0.07 1136.63 45.19 0.046091
6 60.45 627.14 193.47 732.04 0.045894
1 352.02 645.85 375.27 686.22 0.045797
4 669.75 556.34 701.07 596.65 0.045729
3 360.99 672.79 399.40 719.82 0.045625
4 974.65 1.12 1045.58 50.10 0.045507
2 360.12 634.50 415.75 720.84 0.045372
1 387.34 589.84 405.27 620.16 0.045189
3 1011.65 33.14 1045.93 67.72 0.045183
3 446.91 324.34 743.18 714.33 0.045121
6 1240.67 -0.05 1289.32 12.05 0.045117
3 126.15 738.16 162.84 764.12 0.045115
1 378.34 589.81 405.10 635.26 0.045112
3 378.03 590.71 404.14 636.04 0.044951
3 539.98 650.26 558.20 679.71 0.044781
3 127.81 663.04 190.94 728.91 0.044668
4 172.52 723.02 209.96 763.50 0.044628
3 130.22 660.23 190.87 729.59 0.044597
3 448.18 570.82 473.65 608.89 0.044585
1 667.88 487.63 737.21 600.37 0.044200
1 240.64 462.61 330.61 595.38 0.043777
3 704.39 490.05 735.77 523.82 0.043759
4 2.84 686.29 164.60 763.88 0.043690
4 62.25 26.27 613.62 759.26 0.043661
4 983.01 -0.00 1136.04 51.93 0.043596
4 509.64 643.79 556.83 707.88 0.043362
3 1137.66 126.91 1150.68 136.79 0.042833
3 962.36 0.13 1134.84 92.03 0.042657
3 176.17 722.90 209.93 763.30 0.042654
1 442.79 483.68 556.80 710.08 0.042625
3 386.35 615.79 423.26 648.02 0.042556
3 173.05 723.01 209.90 763.52 0.042442
2 79.17 286.91 1296.65 760.00 0.042192
5 127.00 304.52 448.86 682.30 0.042172
6 445.94 529.79 474.70 564.56 0.042064
3 159.61 615.93 185.71 638.51 0.042013
3 388.75 589.37 404.31 617.52 0.041889
3 972.66 0.47 1045.96 50.04 0.041692
3 688.96 563.46 708.42 588.48 0.041673
6 86.41 734.37 164.35 764.10 0.041520
5 333.61 724.58 379.38 763.60 0.041398
3 442.42 479.80 737.13 613.08 0.041326
3 503.78 516.60 525.77 553.66 0.041282
3 1154.03 445.24 1179.24 470.15 0.041256
5 1258.47 -0.00 1286.21 12.84 0.041248
3 319.93 441.37 350.12 484.32 0.041069
5 1241.14 0.03 1289.09 12.20 0.041021
4 9.87 726.65 164.62 764.14 0.040996
4 1135.94 65.67 1357.24 493.52 0.040989
2 319.13 441.28 349.76 486.49 0.040911
5 735.68 86.83 799.43 126.89 0.040720
1 65.22 396.15 509.51 762.51 0.040562
3 441.66 480.06 740.72 714.69 0.040352
3 653.06 563.23 704.81 608.74 0.040309
3 569.01 339.15 674.59 434.47 0.040293
2 64.26 400.36 742.05 760.90 0.040286
3 532.70 325.89 707.59 461.69 0.040221
3 234.52 596.64 265.57 640.60 0.040149
2 377.48 589.67 404.96 635.65 0.040086
3 331.67 645.91 374.66 718.22 0.040056
3 654.05 558.02 699.80 608.06 0.040022
5 17.45 3.82 1354.46 761.00 0.040021
4 735.79 86.88 799.36 126.58 0.039776
6 459.80 482.33 485.39 508.02 0.039588
6 376.60 589.33 404.45 636.00 0.039521
3 352.47 645.39 374.85 685.69 0.039358
5 921.07 75.60 945.91 97.39 0.039288
3 1003.07 101.66 1026.47 119.94 0.039252
4 170.99 425.46 321.33 570.59 0.038828
3 451.69 508.97 483.99 544.36 0.038726
3 128.93 626.56 151.33 651.36 0.038632
4 320.73 440.75 349.53 482.90 0.038588
4 448.45 530.11 473.93 551.49 0.038381
3 400.80 624.33 423.18 647.50 0.038288
6 388.14 589.87 404.25 618.05 0.038030
6 24.07 3.40 1353.96 761.30 0.037946
3 508.91 674.19 532.46 709.17 0.037928
3 62.86 394.04 743.84 761.39 0.037799
4 87.95 726.85 164.09 764.08 0.037659
3 246.92 598.61 263.44 620.90 0.037602
3 921.87 75.77 945.70 96.98 0.037448
5 320.73 440.69 349.67 482.91 0.037435
5 460.20 482.21 485.18 508.17 0.037429
1 412.29 582.86 438.22 614.27 0.037230
3 162.42 653.05 191.80 686.78 0.037162
3 704.38 504.39 716.80 519.69 0.037122
1 725.57 491.55 737.81 508.45 0.036966
1 441.87 481.09 737.41 608.19 0.036770
2 224.28 593.11 264.75 641.47 0.036457
6 974.16 0.31 1047.20 49.23 0.036364
2 160.45 615.91 186.12 638.41 0.036167
3 386.62 62.89 441.51 277.34 0.036026
6 93.12 693.30 209.92 764.39 0.036022
1 171.90 424.77 348.93 592.01 0.035824
3 435.68 287.12 813.13 742.43 0.035717
3 141.38 648.18 161.52 666.22 0.035637
5 60.09 627.66 193.77 730.89 0.035569
3 1279.56 0.48 1301.25 24.78 0.035521
6 509.95 643.87 556.54 707.85 0.035509
3 387.63 590.53 404.27 619.03 0.035440
2 114.07 473.00 739.86 734.83 0.035341
3 233.17 543.24 294.19 635.74 0.035332
3 445.84 519.28 545.08 569.55 0.035309
1 154.93 611.68 185.61 638.76 0.035259
2 1151.90 445.32 1179.15 473.75 0.035213
3 455.34 482.91 486.29 533.10 0.035074
3 445.58 483.30 487.23 564.63 0.035021
1 824.64 0.37 1046.00 140.62 0.035017
3 359.88 645.06 375.22 667.38 0.034913
3 388.19 576.48 411.78 618.06 0.034858
5 85.57 732.37 163.84 764.04 0.034842
3 917.21 75.71 946.15 138.49 0.034665
6 921.76 75.94 945.73 97.12 0.034661
3 131.24 663.87 190.64 704.77 0.034559
3 1070.97 23.87 1086.58 44.62 0.034543
2 440.89 534.81 461.44 567.08 0.034472
6 449.13 530.16 473.74 550.91 0.034356
1 227.76 591.55 265.51 640.24 0.034221
1 508.78 674.24 531.49 709.83 0.034145
2 666.55 548.83 711.23 597.24 0.034139
6 669.78 556.32 700.89 596.66 0.034076
3 60.57 550.68 250.50 762.50 0.034058
2 130.52 450.78 346.54 697.93 0.034011
5 128.64 664.89 190.68 704.27 0.033977
6 870.34 0.20 1136.16 140.67 0.033850
3 515.57 323.59 713.26 496.47 0.033497
3 510.04 687.44 528.64 708.51 0.033458
3 59.34 56.00 1312.40 758.37 0.033432
3 286.99 425.20 350.04 485.47 0.033350
1 162.21 616.55 185.27 638.07 0.033341
3 128.47 627.48 161.96 666.40 0.033291
3 692.80 549.38 714.98 582.03 0.033277
1 444.32 484.21 486.14 563.74 0.033200
1 914.93 73.97 947.61 139.38 0.033068
6 873.33 0.20 1136.78 85.85 0.033044
3 246.39 597.16 265.25 622.01 0.032947
3 511.13 674.47 530.69 692.50 0.032757
1 653.55 487.89 737.41 609.17 0.032733
5 982.00 0.07 1136.28 52.39 0.032595
4 377.05 589.48 404.85 635.68 0.032526
3 239.27 543.23 288.81 599.05 0.032525
5 65.61 303.67 450.58 759.15 0.032433
3 413.49 483.50 545.44 614.00 0.032424
1 327.96 453.73 349.87 486.35 0.032368
5 2.59 685.75 164.55 763.90 0.032252
3 324.55 594.38 376.97 685.18 0.032190
3 529.58 643.97 555.93 679.59 0.032053
2 388.92 589.65 405.02 619.08 0.032014
6 321.02 441.08 349.70 483.05 0.031940
3 359.96 646.72 374.25 667.48 0.031911
1 442.15 531.05 467.68 567.18 0.031849
3 94.88 695.99 209.40 764.11 0.031739
4 1152.46 446.14 1178.25 473.64 0.031633
3 668.24 487.37 736.74 598.45 0.031582
3 595.43 466.49 639.50 503.69 0.031522
1 145.26 697.53 181.65 731.20 0.031314
5 448.38 529.30 474.18 552.45 0.031265
2 87.52 61.30 1300.57 749.56 0.031253
4 870.80 105.21 927.54 140.95 0.031226
4 352.82 645.65 374.75 685.44 0.031201
3 1253.69 -0.09 1329.05 13.21 0.031162
3 9.61 729.00 163.70 763.96 0.031145
6 290.40 427.02 349.45 484.96 0.031040
6 916.86 0.19 1046.75 53.24 0.030974
3 1136.19 43.33 1272.34 136.95 0.030847
2 71.27 228.43 1304.81 757.01 0.030811
2 1.66 684.43 163.42 763.97 0.030809
3 619.23 347.24 703.31 420.27 0.030679
3 447.31 498.81 501.09 565.84 0.030608
3 498.64 328.30 729.48 712.54 0.030549
3 412.74 554.70 438.41 613.64 0.030526
3 696.58 511.74 712.27 539.26 0.030522
5 127.88 663.77 191.05 729.63 0.030438
4 1154.94 446.06 1178.67 468.29 0.030400
3 870.78 104.94 902.98 140.99 0.030303
3 443.93 483.29 500.55 568.10 0.030249
2 705.09 488.24 735.56 523.80 0.030175
5 291.76 428.04 349.55 485.01 0.030155
6 961.44 0.09 1136.53 92.26 0.030127
