7 1511.19 839.44 1636.25 1076.78 0.557072
7 445.58 734.07 553.37 935.50 0.419709
7 1142.42 653.22 1201.90 778.11 0.399857
7 443.33 734.70 554.77 962.79 0.380095
7 1507.46 913.45 1631.89 1077.15 0.345771
7 442.95 815.65 554.64 971.43 0.287328
7 1199.94 656.62 1257.24 777.02 0.248872
7 1143.50 683.61 1201.48 783.23 0.219280
7 642.67 620.37 704.21 745.73 0.178361
7 1530.29 879.78 1632.73 983.85 0.169606
7 383.77 693.73 475.13 904.37 0.161992
7 108.51 715.53 250.07 962.06 0.155516
7 1146.81 669.44 1199.27 730.43 0.154911
7 1201.66 701.81 1254.01 786.33 0.141969
7 1068.06 615.86 1120.15 709.60 0.141532
7 395.29 720.06 471.78 809.34 0.128783
7 1146.78 666.51 1198.28 733.30 0.123952
7 455.64 763.59 549.49 849.38 0.111222
7 643.12 663.32 701.11 748.96 0.108356
7 1524.74 956.23 1619.17 1031.77 0.102147
7 1131.65 617.08 1178.22 699.02 0.083449
7 1070.54 650.82 1117.52 713.41 0.080239
7 127.63 745.89 224.50 857.59 0.077146
7 944.60 647.98 1090.72 783.11 0.073832
7 1070.42 648.23 1119.19 714.87 0.071576
7 1516.95 972.79 1632.21 1077.07 0.070057
7 232.65 673.29 326.32 863.48 0.068746
7 709.63 688.22 893.63 848.23 0.064382
7 1514.51 965.22 1631.11 1076.87 0.063624
7 437.69 899.09 858.59 1077.07 0.061186
7 1145.32 658.43 1198.43 735.02 0.061070
7 2.08 782.24 117.39 928.87 0.060234
7 388.02 715.01 474.76 879.62 0.052858
7 1139.08 650.07 1256.74 785.97 0.052031
7 1141.57 686.04 1251.83 788.41 0.050982
7 1205.07 676.46 1253.79 728.34 0.050923
7 1132.72 619.14 1257.87 786.72 0.049179
7 812.48 606.56 917.35 701.34 0.048363
7 1520.34 870.54 1630.96 1003.44 0.046169
7 1144.47 667.48 1182.54 712.54 0.045887
7 647.05 631.74 699.22 692.26 0.044240
7 1516.65 962.26 1627.22 1074.61 0.043254
7 450.50 746.31 549.55 857.90 0.043076
7 452.57 751.66 548.91 855.41 0.040790
7 242.20 691.83 323.11 783.06 0.039815
7 1545.41 976.70 1634.31 1077.31 0.039597
7 1148.31 699.42 1197.06 783.98 0.038880
7 114.41 739.86 239.57 952.40 0.037389
7 118.17 744.69 230.59 921.94 0.036812
7 1154.53 673.66 1195.15 727.21 0.035952
7 1507.05 914.30 1576.55 1072.67 0.033009
7 1065.57 584.32 1106.95 650.35 0.031775
7 391.02 695.47 561.24 972.38 0.031127
7 942.64 612.82 1092.18 785.11 0.030367
7 1149.23 676.41 1194.49 730.67 0.030239
