1 174.54 354.23 305.53 621.02 0.830039
4 941.37 44.53 1358.26 367.33 0.829410
6 941.22 44.58 1358.40 367.42 0.810604
3 941.01 44.59 1358.32 367.06 0.810140
1 261.44 218.80 343.54 424.02 0.783956
5 941.31 44.71 1358.13 367.54 0.768095
2 174.62 354.27 305.44 620.79 0.741687
2 261.48 218.82 343.58 423.76 0.716133
3 174.63 354.11 305.40 620.71 0.678147
3 261.51 218.81 343.48 423.64 0.626426
3 939.89 74.01 964.29 120.30 0.204902
3 940.27 73.40 1033.70 134.83 0.136888
5 941.60 44.98 1193.22 243.95 0.131831
2 173.26 217.04 345.29 621.48 0.127888
3 276.34 257.48 335.19 345.79 0.125888
5 1046.42 129.23 1358.86 364.15 0.123032
3 818.86 11.39 963.97 117.34 0.118450
3 818.65 12.60 877.09 55.46 0.114986
3 819.19 11.61 936.69 69.13 0.113152
1 940.51 44.63 1358.21 367.94 0.104200
3 1046.08 129.33 1358.87 363.57 0.102455
3 939.93 72.49 991.54 125.50 0.099016
3 1232.82 260.76 1276.76 300.97 0.097293
4 1046.90 129.48 1358.81 362.38 0.095653
3 173.12 217.15 344.80 621.25 0.094037
2 940.75 44.33 1358.05 367.96 0.088210
3 0.34 482.87 35.31 552.72 0.085873
4 941.95 45.16 1192.77 242.33 0.083804
4 824.72 15.45 934.99 67.01 0.083529
3 941.59 45.34 1192.44 242.75 0.083457
3 937.66 73.63 968.91 133.52 0.082888
3 0.36 480.32 36.14 594.27 0.076094
3 274.96 453.87 292.77 478.19 0.074467
3 903.99 41.84 966.26 117.16 0.071874
3 1116.10 267.42 1211.23 364.76 0.069975
6 1046.04 128.95 1358.76 363.45 0.068183
3 904.84 41.52 931.92 62.92 0.064693
1 173.06 216.93 344.58 621.75 0.064158
3 817.54 1.05 880.33 57.54 0.063194
2 4.63 4.47 1353.92 760.17 0.061551
3 1068.99 181.30 1103.93 214.28 0.061446
3 818.72 11.74 1031.95 133.44 0.060949
3 830.69 17.41 935.06 65.79 0.060389
6 941.77 45.22 1192.71 243.63 0.059917
4 819.82 15.54 877.80 54.92 0.059707
3 180.03 488.54 195.32 510.37 0.058221
3 5.09 5.74 1355.33 759.93 0.055779
5 4.52 3.97 1355.70 760.72 0.052482
5 175.36 354.16 305.61 620.26 0.052219
3 940.33 73.89 1038.01 230.02 0.051715
3 905.42 40.92 1033.45 135.21 0.051677
3 896.08 74.71 964.18 119.58 0.051555
3 939.68 73.97 1044.70 232.86 0.051279
5 261.72 219.21 343.18 423.36 0.050842
3 818.32 12.74 840.89 39.63 0.049922
3 841.41 -0.15 861.88 20.05 0.049804
4 818.89 4.44 936.77 68.71 0.049274
3 274.18 453.77 300.57 488.39 0.046498
3 938.81 71.85 1245.36 363.85 0.046213
3 262.97 248.18 340.72 422.20 0.045347
1 264.35 245.03 340.32 422.67 0.044662
3 1067.85 51.02 1112.20 93.64 0.044454
3 817.42 0.60 937.09 70.70 0.044107
3 849.09 25.19 933.33 63.81 0.043142
3 852.92 28.89 875.87 54.65 0.042601
3 180.55 454.53 293.78 510.62 0.042586
2 263.92 246.21 340.78 422.53 0.042464
3 709.98 0.07 971.34 119.13 0.042300
4 847.34 22.92 932.39 63.04 0.042227
4 840.21 20.26 877.11 52.94 0.041554
3 1231.69 260.11 1278.47 301.63 0.041489
6 4.63 5.59 1355.58 760.31 0.039977
4 5.52 5.33 1355.34 760.16 0.039351
4 904.48 41.48 931.27 62.98 0.038604
5 841.35 0.02 862.78 20.21 0.038603
3 819.90 2.07 936.68 68.13 0.038387
4 839.66 0.01 862.70 20.09 0.037826
3 1061.89 180.18 1266.80 303.40 0.037067
3 939.63 50.46 1111.42 135.03 0.037049
3 837.87 19.98 877.72 54.69 0.036725
3 160.85 33.74 1355.18 640.20 0.036661
6 842.75 0.01 862.72 20.11 0.034204
3 939.55 73.22 1118.07 248.43 0.033671
4 262.19 219.25 342.68 423.14 0.033559
3 939.94 52.26 1113.08 234.46 0.033535
3 904.73 40.63 939.30 68.23 0.032855
3 0.62 477.99 100.23 763.20 0.032434
3 939.29 47.14 1198.76 283.18 0.032423
1 0.58 480.81 36.70 552.26 0.032210
3 838.51 -0.13 863.36 34.97 0.031514
2 0.61 480.57 36.85 552.27 0.031410
3 713.41 0.43 956.18 77.49 0.030061
