3 1.79 1.20 1357.64 762.81 0.713436
3 1173.06 243.68 1261.07 330.92 0.628810
3 138.12 329.69 275.32 434.84 0.520015
3 996.65 14.20 1048.02 80.33 0.511985
3 342.96 81.95 466.70 133.18 0.484504
3 1066.29 26.44 1119.44 85.87 0.434496
3 102.19 -0.11 232.12 51.90 0.429224
3 471.62 102.73 593.24 153.07 0.379145
3 1068.65 -0.07 1116.48 36.79 0.362926
3 1222.79 0.11 1264.62 17.78 0.334142
3 78.34 318.24 275.24 434.23 0.320838
3 405.58 60.68 473.18 95.12 0.314851
3 905.77 184.78 932.40 217.06 0.311284
3 0.54 277.57 275.15 434.79 0.287885
3 404.81 47.03 473.65 95.52 0.284016
3 146.80 0.10 232.13 51.18 0.265673
3 295.10 32.01 364.24 76.45 0.264080
3 471.66 104.38 563.10 152.21 0.262990
3 295.36 37.32 362.52 75.82 0.259861
3 521.39 49.47 601.86 109.28 0.217368
3 102.12 0.06 158.98 40.81 0.214583
3 101.93 0.00 149.25 40.12 0.213928
3 871.83 70.73 893.45 89.89 0.211618
3 49.76 316.13 276.40 434.78 0.204499
3 964.83 199.08 986.00 234.99 0.202197
3 31.21 263.41 275.35 436.82 0.188025
3 856.86 69.41 893.77 89.93 0.178573
3 1.22 132.95 735.77 762.89 0.174133
3 294.88 9.17 365.17 76.79 0.152854
3 294.94 34.59 362.28 76.14 0.151944
3 471.77 102.16 598.92 156.04 0.150508
3 1.61 0.31 975.58 184.76 0.147075
3 0.66 664.02 294.15 763.69 0.145498
3 962.38 177.84 989.70 234.23 0.141165
3 1.59 299.28 275.39 434.64 0.139065
3 965.83 202.41 985.09 235.22 0.135837
3 0.25 129.28 890.77 763.78 0.130461
3 870.93 146.29 897.17 183.38 0.128472
3 870.34 132.90 899.13 183.60 0.121104
3 1.45 0.11 783.05 251.95 0.120799
3 0.82 -0.02 975.50 248.75 0.118780
3 471.94 106.84 515.38 145.51 0.113904
3 4.63 129.44 1353.47 761.03 0.112227
3 294.21 4.15 363.88 76.23 0.111754
3 247.72 0.14 268.39 14.86 0.111443
3 870.92 154.82 885.54 183.54 0.108016
3 563.07 1.89 1358.51 761.15 0.107397
3 959.59 0.26 1358.54 242.40 0.106681
3 295.07 39.71 363.19 76.55 0.106135
3 101.73 -0.11 168.44 39.54 0.105894
3 967.11 0.08 1358.37 165.95 0.104065
3 29.35 262.40 226.28 608.84 0.103961
3 0.60 0.05 671.04 248.67 0.102703
3 101.99 0.29 152.46 39.61 0.102528
3 724.15 1.48 1359.49 761.61 0.102135
3 994.04 0.75 1122.52 88.20 0.101185
3 62.39 263.51 275.24 435.15 0.100286
3 0.19 -0.21 1359.58 246.94 0.099983
3 913.45 167.52 935.56 212.71 0.099158
3 468.36 1.56 1359.37 761.67 0.098811
3 342.32 57.44 593.83 160.76 0.097189
3 687.60 119.39 717.06 147.75 0.095428
3 330.17 0.63 1359.29 763.59 0.094609
3 1.10 0.46 662.82 203.42 0.094560
3 969.92 76.89 989.99 125.87 0.090166
3 471.47 102.91 613.30 166.48 0.089670
3 471.18 103.78 569.18 153.09 0.088025
3 0.18 1.56 973.58 762.23 0.087845
3 198.78 521.91 409.48 761.73 0.087689
3 444.20 161.63 898.17 761.02 0.087524
3 1119.21 0.12 1358.98 165.32 0.087443
3 858.08 69.18 894.35 90.46 0.084916
3 187.47 -0.18 245.89 10.30 0.084061
3 182.63 -0.01 246.68 10.68 0.083955
3 71.27 312.64 275.71 434.56 0.082958
3 197.82 -0.19 245.01 10.25 0.079697
3 966.71 0.28 1162.93 119.81 0.079639
3 216.69 -0.17 244.81 10.51 0.079151
3 771.45 105.21 806.84 159.61 0.077204
3 769.50 91.60 812.64 109.69 0.076681
3 1261.95 2.11 1359.20 159.40 0.075596
3 30.49 262.44 164.56 435.67 0.075209
3 905.86 167.96 935.70 217.09 0.074392
3 1160.08 52.77 1177.15 69.13 0.074238
3 480.64 317.22 494.96 344.51 0.071811
3 0.11 2.09 768.63 761.81 0.071623
3 826.01 1.78 1360.15 761.61 0.071057
3 870.46 154.39 886.14 183.50 0.070566
3 1.15 264.43 506.27 429.48 0.070138
3 105.48 0.06 975.59 180.75 0.069542
3 0.88 36.23 781.27 247.89 0.069248
3 969.93 89.48 985.93 126.10 0.068567
3 172.69 -0.13 244.90 10.17 0.067483
3 94.50 0.55 662.72 245.45 0.066092
3 218.44 -0.19 245.09 10.90 0.065276
3 0.33 0.43 111.01 108.04 0.065088
3 1115.86 0.22 1173.20 120.28 0.064823
3 342.54 61.11 471.28 133.81 0.064426
3 966.34 200.74 985.64 235.40 0.064039
3 277.10 0.54 365.76 76.68 0.062635
3 96.49 0.45 721.82 253.37 0.060680
3 294.16 22.02 364.06 76.80 0.059343
3 768.52 91.58 812.90 161.14 0.058438
3 342.97 86.58 388.23 128.84 0.058265
3 472.82 106.94 514.95 131.08 0.058115
3 923.20 1.26 1358.25 760.57 0.056925
3 0.47 0.28 111.11 65.62 0.056487
3 520.18 46.14 641.36 116.92 0.056211
3 343.22 84.30 407.21 129.36 0.056091
3 0.43 133.04 725.46 638.91 0.055502
3 322.57 0.58 973.72 180.61 0.054937
3 0.03 1.46 294.93 763.25 0.053643
3 341.29 79.15 588.12 155.99 0.053322
3 870.70 152.41 896.02 183.38 0.053288
3 1294.81 0.03 1359.56 18.40 0.052501
3 1116.58 0.36 1163.54 119.14 0.052454
3 314.11 43.25 663.93 193.89 0.051024
3 856.74 0.42 1359.07 252.66 0.050696
3 9.68 262.11 277.30 623.33 0.049914
3 871.32 70.01 894.42 90.62 0.049748
3 0.46 279.74 516.48 640.01 0.049019
3 1.09 39.63 664.23 244.39 0.048836
3 857.49 68.39 894.32 89.67 0.048299
3 1.39 35.07 562.04 194.64 0.048168
3 0.44 264.99 225.93 610.51 0.047256
3 0.61 281.96 517.69 762.71 0.047203
3 977.75 0.77 1123.65 92.37 0.047173
3 992.70 7.95 1123.61 88.39 0.046943
3 520.38 48.65 607.18 140.46 0.046284
3 1116.07 0.11 1358.62 242.40 0.046185
3 980.10 0.85 1170.32 118.74 0.046151
3 222.33 0.01 269.85 13.93 0.045930
3 992.71 0.05 1174.66 120.53 0.045808
3 905.56 195.74 917.21 217.70 0.045752
3 715.23 0.80 1358.39 258.00 0.045746
3 538.06 13.68 670.82 246.77 0.045633
3 461.42 -0.10 971.76 174.01 0.044266
3 912.04 167.30 936.16 213.19 0.044258
3 542.62 14.69 669.41 169.50 0.043671
3 650.55 118.33 663.06 130.84 0.043522
3 453.44 124.52 1358.37 760.80 0.043216
3 1067.04 -0.25 1172.75 120.44 0.043059
3 408.82 60.63 472.96 97.24 0.042881
3 147.40 71.45 772.48 252.33 0.041849
3 0.42 135.63 580.29 762.26 0.041417
3 0.80 133.47 723.19 432.49 0.041075
3 962.03 202.43 972.54 224.71 0.040967
3 -0.31 0.14 1359.56 178.27 0.040737
3 1004.13 14.87 1041.34 47.48 0.040656
3 407.71 62.09 438.73 86.10 0.040473
3 106.26 314.37 507.87 427.46 0.040241
3 542.74 6.78 668.98 241.44 0.040096
3 102.49 0.23 608.55 168.12 0.040091
3 1218.45 -0.20 1302.12 18.19 0.040045
3 102.38 0.57 973.12 251.07 0.039989
3 521.16 101.93 577.62 128.85 0.039809
3 173.93 -0.01 244.28 10.69 0.039629
3 966.56 203.12 985.50 235.30 0.039586
3 999.13 43.48 1044.70 79.25 0.039456
3 1220.15 -0.09 1359.37 20.18 0.039181
3 0.31 0.07 111.17 143.74 0.039010
3 411.60 62.14 438.49 86.27 0.038579
3 800.04 0.54 1358.02 248.89 0.038060
3 162.20 74.69 548.89 191.08 0.037843
3 290.60 12.21 364.31 76.70 0.037723
3 1.16 490.45 161.80 670.65 0.037704
3 342.72 47.27 472.90 134.05 0.037662
3 905.38 182.74 932.75 217.26 0.037450
3 30.65 262.48 211.97 436.97 0.036969
3 146.80 -0.16 240.47 10.68 0.036916
3 76.57 320.84 210.78 403.30 0.036861
3 961.69 0.48 1358.92 280.85 0.036796
3 758.27 123.85 772.88 141.74 0.036754
3 0.91 36.18 715.34 250.54 0.036660
3 105.06 316.24 211.81 387.76 0.036638
3 1219.70 -0.04 1354.14 17.85 0.036253
3 86.28 316.27 209.90 385.47 0.036172
3 2.02 0.22 646.65 161.98 0.036109
3 106.38 281.14 274.55 433.65 0.036063
3 644.24 139.04 720.05 256.98 0.035908
3 970.70 88.66 986.12 114.71 0.035523
3 148.55 329.93 211.02 387.69 0.035458
3 842.23 0.52 1358.74 272.00 0.035450
3 856.17 71.26 872.72 87.78 0.035338
3 1.81 0.13 805.70 176.90 0.035111
3 643.61 139.06 728.13 257.69 0.035072
3 435.88 154.08 1340.45 760.89 0.034778
3 155.51 -0.00 972.47 176.66 0.034720
3 76.32 50.30 557.89 193.46 0.034555
3 1.29 347.74 515.84 762.57 0.034441
3 1292.82 0.22 1358.80 17.50 0.034357
3 0.47 0.84 973.43 299.13 0.034062
3 374.88 383.39 393.90 398.23 0.034012
3 962.16 204.78 974.21 224.70 0.033976
3 655.48 54.66 702.12 77.61 0.033796
3 162.48 72.97 649.76 204.21 0.033608
3 1.10 494.37 297.38 763.20 0.033568
3 653.15 36.80 703.60 77.26 0.033512
3 514.99 168.75 1355.67 760.18 0.033249
3 1068.47 0.17 1082.87 26.74 0.032870
3 240.48 94.85 329.76 184.15 0.032823
3 481.27 317.79 494.50 344.32 0.032779
3 521.01 48.89 607.57 133.53 0.032601
3 164.57 41.62 670.42 239.05 0.032407
3 615.43 0.58 1357.47 254.00 0.032109
3 480.29 316.80 506.97 417.81 0.032003
3 915.17 121.01 1357.72 241.85 0.031857
3 294.42 38.73 359.54 76.91 0.031813
3 100.89 0.12 196.03 146.16 0.031780
3 686.78 118.98 718.97 256.57 0.031503
3 904.97 167.89 990.40 236.63 0.031482
3 471.79 101.87 662.75 156.91 0.031263
3 484.09 0.28 641.98 64.13 0.031263
3 -0.56 2.23 526.73 761.50 0.030981
3 970.74 0.15 1056.02 106.59 0.030938
3 141.88 330.42 213.50 409.20 0.030815
3 657.02 56.95 702.28 76.94 0.030728
3 968.77 76.40 991.03 126.48 0.030652
3 244.01 -0.39 285.72 14.69 0.030609
3 1293.23 0.03 1359.34 15.82 0.030466
3 434.12 126.38 1025.56 759.17 0.030314
3 600.07 46.86 642.22 107.05 0.030276
3 855.79 116.07 1358.35 247.76 0.030271
3 2.53 0.28 548.21 188.13 0.030250
3 1.15 1.23 968.23 625.19 0.030225
3 427.99 3.94 985.76 761.89 0.030216
3 162.50 70.15 666.58 200.02 0.030055
