3 2.34 131.74 957.73 538.60 0.591702
1 2.47 132.53 958.28 538.97 0.559110
3 494.08 456.78 532.87 514.20 0.401782
3 388.55 379.43 422.23 427.61 0.313143
1 329.81 273.19 354.86 315.03 0.305227
1 511.76 223.73 534.48 260.24 0.288254
3 389.83 388.03 420.90 424.50 0.260155
3 510.93 223.50 534.28 260.58 0.251128
3 498.23 469.68 532.10 512.54 0.247558
3 329.38 273.43 354.27 314.77 0.240791
1 332.37 281.62 352.93 311.80 0.236279
3 204.72 446.31 240.96 493.43 0.232867
1 494.25 456.14 534.18 514.91 0.224011
1 388.80 378.83 423.47 428.20 0.207724
3 508.31 216.43 537.20 262.59 0.205264
1 508.49 215.83 538.37 263.02 0.204187
3 3.30 203.71 956.98 538.58 0.198591
3 248.31 401.71 279.74 445.26 0.191986
3 160.57 349.41 191.86 386.23 0.185573
3 202.30 446.06 248.92 495.88 0.181043
3 203.19 446.03 244.67 494.88 0.175975
3 558.88 344.01 590.10 392.58 0.172576
3 331.67 281.08 352.74 310.99 0.164327
1 390.46 389.08 422.22 426.40 0.160131
1 497.70 470.63 532.83 513.79 0.156849
1 440.93 238.81 467.47 270.33 0.152911
3 247.36 401.41 287.14 447.40 0.147438
3 202.71 457.34 248.51 496.21 0.146943
1 203.25 445.95 245.73 495.17 0.143391
3 556.07 337.59 590.17 392.54 0.137920
3 159.53 348.74 199.37 389.40 0.137376
3 703.39 395.53 740.77 440.75 0.136776
1 248.57 401.55 280.95 445.69 0.129217
3 440.24 238.95 467.11 270.56 0.128501
3 2.67 233.32 414.16 538.82 0.128227
3 560.11 345.15 589.90 391.29 0.128038
1 418.31 200.23 439.56 231.02 0.125869
1 441.81 239.67 466.34 269.27 0.125797
3 554.84 334.44 590.28 393.12 0.124280
1 864.52 190.99 889.45 228.57 0.123814
3 204.21 446.83 242.78 494.09 0.120877
3 506.83 308.73 538.20 357.08 0.118286
3 509.66 222.13 535.05 260.33 0.117265
1 378.01 211.90 402.61 247.15 0.116048
1 559.51 344.55 590.77 393.08 0.114685
1 161.13 349.32 192.77 386.39 0.113808
3 440.87 239.53 466.44 269.69 0.111809
3 546.05 393.85 655.49 462.40 0.111102
3 377.41 212.12 402.26 247.33 0.108907
1 703.57 395.06 741.98 441.34 0.107909
1 468.84 258.72 492.62 294.16 0.103823
3 526.29 225.44 957.87 354.94 0.103422
1 247.51 400.94 289.22 448.08 0.100906
3 863.85 190.98 889.05 228.62 0.100798
3 832.21 481.58 889.85 538.94 0.100789
1 202.52 460.18 250.08 496.63 0.099197
3 508.38 319.73 535.86 356.96 0.099185
1 865.56 193.31 888.27 228.12 0.099177
3 389.59 386.07 421.51 425.82 0.098661
3 351.66 202.12 957.46 353.24 0.098219
3 41.47 272.45 67.67 304.99 0.098057
3 5.45 133.30 956.65 354.64 0.097709
1 507.17 309.81 538.83 358.11 0.097384
1 520.83 212.72 958.94 353.55 0.096060
3 154.83 261.94 191.52 297.83 0.096038
3 248.30 410.96 289.04 447.18 0.095772
3 378.54 217.96 400.44 242.90 0.095322
3 562.12 354.46 588.53 386.21 0.093397
3 553.46 331.10 591.01 393.59 0.092072
1 610.28 217.41 637.07 249.16 0.090107
3 3.02 135.78 416.75 538.86 0.089728
1 159.10 347.70 201.51 390.84 0.089043
3 37.30 272.64 68.61 322.92 0.088059
1 509.18 319.92 536.67 357.41 0.087768
3 248.18 412.78 283.57 445.67 0.087532
1 42.44 272.31 68.33 303.76 0.087002
1 554.22 332.82 591.79 394.02 0.086575
3 466.75 258.70 492.38 295.18 0.085879
1 37.87 272.34 69.57 323.84 0.085578
3 417.56 200.33 439.21 231.03 0.084524
3 560.34 354.29 589.25 392.22 0.084039
3 208.08 453.29 236.47 487.38 0.083353
3 553.41 332.29 581.50 366.61 0.083062
3 517.41 215.89 958.10 353.89 0.082879
1 2.52 248.84 957.87 538.67 0.082330
3 3.00 6.73 956.70 537.55 0.081528
3 499.35 212.42 957.90 537.16 0.080677
1 155.25 262.11 192.45 298.43 0.080080
3 559.91 342.37 583.93 372.29 0.079496
3 227.27 281.50 261.51 318.10 0.078319
3 207.20 448.74 238.06 489.74 0.078096
3 377.92 213.80 401.65 246.14 0.077272
1 6.13 133.03 957.11 355.16 0.077100
1 447.29 175.48 958.53 354.16 0.075853
3 915.14 316.56 950.99 353.53 0.075853
3 609.78 217.48 636.19 248.78 0.074695
3 299.84 330.80 357.86 383.49 0.074390
3 41.74 273.12 67.50 303.33 0.074136
1 915.60 316.26 952.17 354.09 0.073549
1 831.52 481.50 891.48 539.29 0.072558
1 3.35 132.99 414.27 539.24 0.072378
3 3.18 243.35 956.80 538.52 0.071509
3 160.66 354.65 200.13 388.95 0.070627
3 225.81 281.06 262.03 319.02 0.069870
3 505.14 211.66 545.12 270.81 0.069122
1 130.01 132.56 957.81 353.35 0.068644
1 418.96 200.79 438.88 230.46 0.067965
3 507.40 215.19 537.58 259.30 0.067919
1 336.88 211.37 361.02 244.25 0.067463
1 508.89 207.07 958.31 537.28 0.067439
1 258.10 249.40 285.99 286.06 0.066865
1 226.05 280.89 262.63 319.15 0.066795
3 445.00 181.37 957.78 354.00 0.066490
3 3.24 187.01 413.78 538.29 0.065891
1 546.56 393.60 656.45 463.16 0.065883
1 236.14 283.40 261.30 315.83 0.065484
1 380.36 204.78 958.20 348.87 0.065297
1 202.62 446.25 250.07 495.87 0.065236
3 507.10 212.02 538.98 265.39 0.065075
3 35.09 272.75 93.52 327.78 0.065049
1 561.02 345.70 590.26 390.72 0.064362
3 398.17 204.55 957.90 537.28 0.064322
1 457.26 263.18 483.56 298.08 0.064174
1 559.59 356.24 590.12 393.38 0.063832
1 300.11 330.45 359.52 384.23 0.063763
1 458.36 258.81 492.42 299.20 0.063457
1 2.57 5.06 957.67 538.64 0.062853
3 5.59 202.56 956.37 357.58 0.062111
3 457.00 261.76 487.08 299.02 0.061968
1 249.68 402.26 279.67 444.90 0.061730
3 257.45 249.26 285.15 285.71 0.061609
3 121.54 134.88 957.09 354.43 0.061373
3 247.78 417.45 277.39 446.31 0.061135
3 247.75 415.92 285.57 446.59 0.060540
3 247.96 416.58 279.36 446.28 0.060207
3 489.15 38.81 605.76 196.72 0.059826
1 340.84 191.67 368.14 219.94 0.059508
1 248.00 416.55 280.01 446.60 0.057542
3 276.85 235.06 333.89 281.77 0.057477
3 234.40 283.62 260.49 314.72 0.057113
1 35.43 272.53 94.30 328.63 0.056945
3 834.78 498.41 883.00 538.94 0.056877
3 166.52 353.94 201.10 389.04 0.056862
3 458.09 259.39 491.77 298.67 0.056040
3 409.08 270.07 461.09 311.16 0.055424
3 4.30 54.18 955.65 536.19 0.054804
3 456.44 263.23 483.97 298.27 0.054635
1 554.18 332.01 581.93 366.39 0.054554
1 335.45 181.93 958.43 356.01 0.054508
1 491.95 454.88 541.94 538.95 0.054305
1 509.56 320.93 535.85 356.68 0.053807
1 2.86 240.81 412.84 539.00 0.053005
3 702.94 402.81 740.14 440.28 0.052950
1 469.93 259.30 492.25 293.15 0.052426
3 248.05 414.35 289.42 446.93 0.052131
3 3.66 309.17 414.22 538.29 0.051893
1 685.83 218.04 713.83 250.34 0.051871
3 4.34 139.21 674.81 538.48 0.051681
3 2.59 328.92 956.74 538.94 0.051537
1 934.05 209.75 958.88 249.49 0.051474
3 561.70 353.03 588.61 387.44 0.050645
3 468.42 259.10 491.93 294.18 0.049754
1 89.98 235.36 120.78 269.40 0.049108
1 561.66 342.70 583.62 372.17 0.049053
3 168.66 353.91 200.57 388.23 0.049038
3 384.47 205.90 957.48 352.20 0.049033
3 234.94 282.91 261.34 315.85 0.048696
1 277.38 235.05 334.54 282.50 0.048661
3 418.11 200.92 438.69 230.55 0.048296
3 4.15 137.28 549.65 538.65 0.047814
3 712.98 396.63 738.09 428.64 0.047535
3 354.11 221.77 397.04 256.93 0.047441
1 207.90 447.12 237.52 487.78 0.047244
3 5.30 134.62 956.78 403.91 0.046792
1 302.74 127.59 330.25 174.49 0.046748
1 167.27 202.19 193.86 233.43 0.046640
1 248.36 170.11 271.55 200.10 0.046335
1 280.54 179.88 304.64 210.28 0.045997
3 497.06 457.14 523.38 491.57 0.045890
1 4.46 134.52 552.44 538.96 0.045372
3 340.38 191.72 367.53 219.63 0.045357
3 915.56 317.26 948.31 350.81 0.044612
3 574.01 314.41 616.09 358.21 0.044323
3 7.50 127.94 955.94 328.24 0.044132
1 2.10 300.52 958.41 538.85 0.043998
3 544.19 239.31 955.31 348.49 0.043848
3 491.55 455.73 541.97 538.37 0.043837
3 159.88 263.07 188.50 293.42 0.043773
3 508.62 307.46 537.56 338.10 0.043762
1 504.65 209.40 543.09 270.37 0.043236
1 160.70 263.33 187.91 294.77 0.043128
1 9.01 139.79 957.35 404.50 0.042907
3 685.24 218.33 712.96 250.09 0.042785
1 5.18 134.69 664.41 539.03 0.042474
3 3.90 237.74 305.30 538.21 0.042432
1 2.34 329.98 957.80 539.12 0.042319
1 409.84 204.32 958.06 536.93 0.042193
3 835.91 497.46 866.63 534.59 0.042128
3 2.41 297.65 957.25 538.36 0.042082
1 495.61 474.11 542.98 539.58 0.041864
3 552.71 328.12 591.65 393.96 0.041850
3 3.58 352.50 414.55 538.45 0.041570
3 89.80 235.64 119.61 268.95 0.041510
3 504.23 209.60 542.57 272.23 0.041490
3 849.85 506.56 883.13 539.42 0.041314
1 811.22 176.85 837.94 215.22 0.041264
1 6.04 207.40 957.08 357.55 0.041215
3 836.25 481.89 889.21 529.25 0.041192
3 349.51 199.57 956.61 536.93 0.041053
1 457.97 263.99 490.78 298.54 0.040899
3 4.84 130.02 956.83 374.06 0.040811
3 497.42 457.36 523.35 488.63 0.040744
3 506.71 213.99 538.63 261.80 0.040542
3 391.91 200.35 956.40 359.20 0.040477
3 36.45 273.38 69.47 324.71 0.040416
3 367.16 204.41 551.53 274.43 0.040305
3 517.77 221.18 956.49 426.02 0.040215
1 611.37 218.09 636.04 248.20 0.040124
1 3.77 224.26 957.36 538.97 0.040089
3 485.80 180.26 957.91 354.74 0.039751
3 497.49 457.74 524.70 494.81 0.039736
1 355.03 222.11 397.45 256.97 0.039734
3 158.52 263.15 190.16 295.71 0.039482
3 559.66 356.46 589.44 393.32 0.038777
3 712.88 396.12 738.46 431.48 0.038265
1 19.47 240.42 53.96 274.03 0.038138
3 3.53 138.67 303.77 538.50 0.038088
1 129.45 138.41 956.14 388.90 0.038018
1 714.45 395.71 739.37 432.64 0.037970
3 336.18 211.49 360.71 244.39 0.037653
1 518.12 239.47 547.34 269.90 0.037517
3 514.88 238.25 546.91 270.17 0.037410
3 259.60 252.13 284.35 285.11 0.037357
1 749.58 210.23 775.46 245.29 0.037301
3 509.65 321.17 534.87 354.41 0.037108
3 144.61 2.37 957.93 221.83 0.036966
1 11.03 129.84 956.84 301.31 0.036673
3 506.01 213.00 540.48 268.11 0.036620
3 511.35 225.12 533.41 259.20 0.036596
1 409.56 269.63 461.95 312.07 0.036566
1 375.60 165.17 401.87 208.96 0.036514
3 551.94 324.72 585.04 367.04 0.036349
3 153.43 262.39 192.49 299.10 0.036223
3 167.00 202.44 192.84 232.84 0.036202
1 36.77 281.05 69.40 327.66 0.036190
1 325.59 270.01 359.75 320.25 0.036116
3 36.09 277.30 69.45 324.84 0.036012
3 550.72 314.62 615.39 394.56 0.035803
3 339.91 177.35 957.65 355.93 0.035758
3 838.64 482.02 888.87 521.76 0.035710
1 337.98 194.11 956.21 535.56 0.035532
3 933.42 209.47 958.50 249.72 0.035490
3 258.33 250.68 284.86 285.60 0.034891
3 417.92 177.80 957.51 356.14 0.034816
3 340.99 202.61 637.98 275.78 0.034784
3 348.83 200.87 956.72 300.07 0.034680
3 6.68 174.99 956.01 396.14 0.034622
3 160.80 262.89 188.06 292.34 0.034430
3 3.56 2.24 957.24 233.31 0.034140
3 506.41 214.15 546.23 271.33 0.034056
1 146.24 162.64 168.89 194.12 0.033910
1 933.34 201.05 959.06 251.95 0.033706
3 593.68 45.63 687.29 213.77 0.033644
3 505.51 307.57 539.97 358.11 0.033407
3 6.50 207.37 955.25 405.63 0.033359
3 344.50 203.69 662.81 271.15 0.033024
1 497.67 206.61 555.11 279.92 0.032728
3 495.36 470.09 542.21 538.80 0.032694
3 508.82 320.38 531.30 352.18 0.032593
3 374.69 164.83 401.79 208.89 0.032557
3 490.56 269.36 705.81 320.39 0.032435
1 833.90 498.71 884.67 539.19 0.032336
1 412.49 194.46 446.22 238.78 0.032129
1 7.81 205.30 957.50 405.02 0.032038
3 211.07 193.26 258.35 231.84 0.031750
3 246.33 199.31 955.19 536.15 0.031706
3 456.54 264.30 482.16 297.57 0.031606
3 383.99 200.93 956.07 446.43 0.031581
3 4.52 194.67 508.92 538.23 0.031506
3 119.65 136.65 706.17 328.05 0.031460
3 5.79 229.23 536.54 538.22 0.031374
3 913.96 320.50 954.39 355.16 0.031253
1 238.25 286.25 259.92 312.17 0.031165
1 917.34 317.61 943.24 344.73 0.030911
3 595.44 45.66 687.09 167.39 0.030910
3 397.37 175.89 957.74 537.68 0.030863
3 486.63 153.96 510.79 200.97 0.030794
1 447.93 169.91 954.77 248.16 0.030790
3 916.80 317.57 943.47 345.95 0.030643
1 550.88 314.99 615.84 394.75 0.030608
1 440.11 237.62 492.63 298.26 0.030575
3 6.35 188.99 543.04 537.91 0.030518
3 518.38 239.62 547.29 270.20 0.030443
3 513.74 239.03 547.15 270.87 0.030438
1 43.55 273.57 67.63 301.18 0.030423
1 858.63 186.36 895.32 234.33 0.030305
1 3.92 133.58 317.95 538.70 0.030281
1 548.30 233.13 956.96 320.13 0.030177
3 3.87 207.33 301.56 538.24 0.030126
1 487.35 154.68 510.44 197.20 0.030100
1 498.69 457.62 527.41 498.07 0.030030
