4 591.24 326.65 752.92 462.75 0.734728
4 74.04 223.28 283.44 311.30 0.697309
3 591.50 326.68 752.90 462.53 0.692579
4 99.48 157.43 240.02 229.42 0.677642
4 1198.98 248.59 1359.37 344.16 0.677166
1 86.84 369.12 145.08 468.52 0.674147
1 144.86 351.89 196.25 442.23 0.672152
4 1172.96 135.41 1289.85 190.80 0.670169
3 74.13 223.37 283.34 311.04 0.659695
5 591.00 326.64 753.08 462.87 0.652305
3 99.63 157.50 239.90 229.19 0.651608
3 1199.17 248.63 1359.31 343.96 0.639012
4 286.04 92.23 345.60 144.80 0.635062
1 948.11 232.18 976.75 293.41 0.633489
3 1173.17 135.52 1289.60 190.61 0.622432
3 286.32 92.41 345.37 144.56 0.608343
4 287.62 35.13 335.30 74.13 0.596929
5 1199.05 248.38 1359.16 344.20 0.593879
3 287.67 35.10 335.03 73.88 0.587105
3 478.70 335.84 537.33 395.06 0.581242
4 853.84 70.35 916.71 114.09 0.578749
4 1063.53 71.55 1154.08 114.98 0.578280
2 145.06 351.84 195.87 442.00 0.575145
5 73.92 223.22 283.50 311.32 0.570363
5 99.46 157.42 239.94 229.46 0.569861
2 87.03 369.19 145.05 468.23 0.569342
4 957.12 78.38 1061.04 124.42 0.568915
2 948.27 232.23 976.61 293.13 0.564999
3 854.04 70.49 916.55 113.87 0.549468
3 957.34 78.45 1060.96 124.18 0.548055
3 1063.70 71.69 1153.91 114.73 0.543100
5 1172.96 135.28 1289.88 190.86 0.541592
5 285.97 92.21 345.53 144.91 0.536237
4 758.84 65.85 840.72 107.60 0.527464
5 287.55 35.04 335.35 74.26 0.521649
4 75.16 55.01 136.72 112.70 0.520235
3 75.29 55.30 136.08 112.48 0.510923
3 758.94 66.00 840.54 107.39 0.504807
4 170.65 52.20 226.60 98.84 0.502214
3 170.93 52.39 226.39 98.55 0.501726
4 1268.06 53.79 1358.98 95.59 0.501565
1 487.63 313.99 529.68 380.70 0.500977
4 952.11 53.09 1048.74 89.24 0.495325
5 853.80 70.39 916.67 114.17 0.491720
4 657.31 41.65 734.69 85.20 0.487139
6 591.23 326.74 752.96 462.63 0.483638
3 1268.08 54.31 1358.97 95.32 0.479331
5 1063.55 71.46 1153.82 115.08 0.479055
2 824.94 245.79 864.56 308.34 0.476707
4 48.73 6.64 100.10 41.20 0.474803
3 657.62 42.10 734.30 84.97 0.465566
3 48.98 6.63 100.07 41.00 0.462234
3 948.13 232.30 976.55 293.24 0.460000
4 526.63 0.04 575.58 22.29 0.459132
4 724.87 54.60 783.71 93.04 0.457687
1 824.88 246.33 864.80 308.38 0.455958
3 144.81 351.90 196.38 441.79 0.453099
5 1268.05 54.41 1358.78 95.64 0.450181
5 75.46 55.15 135.71 112.75 0.449698
4 424.93 0.03 463.66 23.81 0.449022
5 170.77 52.23 226.53 99.00 0.444676
5 758.87 65.84 840.71 107.71 0.444468
3 952.33 53.15 1048.50 89.15 0.443517
3 425.29 0.09 463.53 23.59 0.442213
3 526.77 0.05 575.43 22.12 0.439074
3 486.71 314.03 530.03 380.04 0.438039
5 957.20 78.22 1061.10 124.47 0.436260
4 83.85 28.17 143.43 76.95 0.434121
3 84.32 28.21 143.12 76.73 0.432487
3 724.86 54.73 783.50 92.75 0.427040
5 952.46 52.92 1048.64 89.53 0.419778
5 657.48 41.48 734.45 85.20 0.413466
4 599.58 18.70 647.12 58.56 0.409924
3 87.04 369.34 145.14 468.22 0.407776
2 486.84 314.00 529.72 380.60 0.407744
3 824.14 245.94 864.71 308.82 0.403148
3 962.55 264.51 986.27 297.82 0.391451
5 724.77 54.59 783.56 92.98 0.391295
4 161.87 6.17 202.52 36.19 0.390949
3 161.99 6.29 202.22 35.95 0.390238
3 599.79 18.86 646.91 58.21 0.388433
5 526.71 0.08 575.56 22.30 0.385518
5 48.69 6.99 100.07 41.41 0.384374
5 84.26 28.09 142.90 76.82 0.384135
4 170.53 22.34 222.82 67.58 0.383945
4 622.02 29.73 696.88 71.13 0.381966
6 1199.02 248.67 1359.25 344.00 0.377812
3 170.74 22.39 222.64 67.15 0.376841
5 424.87 0.04 463.71 23.86 0.376609
6 1267.94 54.65 1358.93 95.52 0.375014
3 622.16 30.04 697.35 70.90 0.364463
5 622.34 29.53 694.90 71.14 0.353452
6 287.68 35.09 335.18 74.03 0.353364
5 599.71 18.76 647.12 58.48 0.348206
6 99.54 157.66 239.97 229.28 0.335534
5 161.80 6.12 202.03 36.27 0.333164
2 648.86 2.12 773.30 56.14 0.332934
5 170.44 22.45 222.76 67.94 0.327798
6 526.73 0.03 575.33 22.14 0.300654
6 84.64 28.17 142.95 76.89 0.300470
6 286.37 92.44 345.29 144.69 0.297772
6 74.06 223.44 283.46 311.01 0.293192
3 650.03 3.47 773.57 55.33 0.292244
3 818.15 271.76 856.03 314.09 0.288718
1 825.52 246.16 856.68 306.87 0.286482
6 1173.18 135.68 1289.63 190.66 0.285894
3 1033.66 32.60 1104.53 58.32 0.284318
6 48.78 7.29 100.15 41.27 0.276754
4 1276.56 40.24 1341.79 70.25 0.275694
1 840.04 249.97 865.66 304.41 0.271549
6 171.10 52.48 226.40 98.68 0.263724
6 75.40 55.56 136.57 112.46 0.263582
3 1276.87 40.33 1341.89 69.94 0.261074
3 171.13 35.49 222.84 66.36 0.258127
6 170.96 22.71 222.55 67.84 0.256897
6 1063.57 71.97 1153.79 114.80 0.254158
4 163.48 6.00 226.70 100.15 0.253901
6 425.10 0.16 463.56 23.75 0.251835
4 598.42 13.46 1155.24 125.99 0.250876
3 87.01 369.83 127.59 468.24 0.250474
5 1277.21 40.09 1339.48 69.78 0.245551
2 840.86 249.97 865.58 302.50 0.240708
6 724.66 55.05 783.67 93.06 0.237432
3 163.29 5.93 226.71 99.79 0.236469
6 952.43 53.34 1048.50 89.29 0.235119
6 853.98 70.63 916.59 114.11 0.233675
6 162.05 6.34 202.08 35.56 0.232400
3 597.96 12.30 1154.48 124.76 0.226665
4 171.03 36.61 222.86 66.16 0.224593
6 1277.25 40.42 1339.54 70.39 0.222309
4 477.69 335.20 537.76 394.89 0.218817
3 476.69 313.90 538.26 394.89 0.218570
3 843.61 38.39 904.39 63.24 0.217649
5 477.90 334.92 537.66 394.79 0.215426
3 881.29 40.91 904.19 62.82 0.211448
6 622.45 30.22 695.37 71.09 0.210757
6 163.66 6.25 226.64 100.19 0.210114
6 759.05 66.27 840.56 107.45 0.210111
6 657.68 42.04 734.71 85.16 0.210069
5 163.05 6.07 227.05 100.48 0.208583
6 600.02 18.86 647.03 58.38 0.208563
6 478.32 335.43 537.60 394.99 0.205371
3 825.18 246.22 856.45 306.86 0.202250
5 170.89 35.35 223.01 67.26 0.202042
2 823.85 246.38 855.30 306.92 0.201811
3 843.67 42.04 863.04 61.74 0.201479
4 503.17 -0.25 532.17 6.57 0.196770
3 503.39 -0.23 532.09 6.46 0.195727
3 1067.23 34.75 1104.41 56.50 0.195552
6 541.95 10.22 565.68 42.05 0.195504
3 476.90 332.55 538.24 395.58 0.195479
2 485.58 4.46 497.71 38.79 0.190413
3 841.08 249.72 865.61 302.48 0.187764
3 1269.25 11.98 1327.55 43.58 0.181832
1 648.96 2.43 774.72 55.69 0.180553
2 496.33 5.17 509.21 36.42 0.178493
6 957.10 78.70 1061.19 124.13 0.174605
3 1068.16 33.90 1103.94 57.57 0.165142
1 588.49 326.50 754.08 463.34 0.164282
1 73.48 222.95 284.14 311.85 0.164115
5 501.72 -0.17 532.88 6.45 0.159275
5 1270.20 12.14 1327.06 43.76 0.157563
4 599.67 17.34 917.50 116.34 0.157129
6 1269.92 11.99 1327.14 44.04 0.153663
3 927.35 44.32 952.27 62.76 0.152743
3 927.19 40.05 1021.14 63.99 0.149748
3 1033.80 34.14 1104.45 57.19 0.146640
2 73.43 222.99 284.09 311.63 0.145882
3 599.31 17.71 840.65 108.95 0.144124
2 485.48 3.62 509.34 38.83 0.143677
3 1278.64 41.45 1317.00 68.79 0.142846
5 599.18 17.43 841.16 109.56 0.139187
4 599.80 17.41 840.67 109.17 0.138116
2 87.10 350.77 196.43 468.66 0.136993
1 485.67 4.16 497.73 38.60 0.136660
4 170.95 21.55 215.25 48.69 0.135237
6 171.54 35.85 222.47 65.56 0.135160
5 598.13 11.64 1155.16 126.07 0.134590
3 53.51 1.95 1355.36 464.93 0.133274
3 171.32 21.60 214.46 45.68 0.133209
6 502.75 -0.18 532.47 6.14 0.132300
6 171.20 36.70 223.25 69.49 0.128623
3 1033.85 37.60 1050.93 55.35 0.128599
1 496.45 5.23 509.28 36.50 0.128570
3 1034.51 36.45 1065.97 56.38 0.127081
2 587.69 326.33 754.23 463.28 0.126827
3 927.46 42.03 976.15 63.37 0.125152
1 98.82 157.08 240.78 229.86 0.125070
4 1067.19 34.86 1104.61 56.07 0.122276
5 171.19 21.64 214.21 48.15 0.119931
5 1067.62 34.48 1104.73 56.15 0.118165
4 1279.08 41.41 1316.95 68.62 0.116990
3 762.70 28.88 784.01 49.68 0.116457
3 952.34 54.29 1006.18 87.19 0.115907
5 542.98 11.11 565.67 42.01 0.115728
4 1269.05 11.87 1329.39 43.53 0.114516
1 480.75 331.01 513.95 379.88 0.114082
3 537.23 13.69 565.81 42.29 0.113811
1 828.26 245.65 855.92 283.53 0.110300
5 1278.89 40.96 1316.85 68.49 0.110040
3 51.55 3.62 227.77 113.58 0.108471
2 7.25 2.67 1354.14 760.63 0.108336
4 68.89 4.16 345.77 311.75 0.107714
3 740.18 36.07 768.84 54.85 0.107590
4 74.63 5.11 228.09 113.90 0.107061
4 534.93 23.79 565.71 42.88 0.106935
3 927.74 42.24 984.21 64.01 0.106531
3 601.66 3.24 1128.80 125.44 0.105701
3 1236.73 11.56 1328.30 44.62 0.105522
3 67.85 3.56 344.71 311.98 0.104980
3 86.70 28.10 131.87 54.50 0.104665
3 927.67 41.80 1020.02 65.14 0.104617
4 951.80 53.59 1008.78 86.98 0.103079
3 816.86 274.10 840.02 315.18 0.102794
2 98.94 157.11 240.53 229.66 0.102756
3 1265.95 41.35 1317.48 73.92 0.102257
3 828.20 245.60 856.18 283.33 0.102147
3 986.66 39.87 1021.68 54.06 0.101860
3 929.38 43.26 1154.06 119.43 0.101506
1 1198.22 248.53 1358.64 344.62 0.101250
3 647.25 362.46 679.72 394.14 0.100724
3 283.00 287.44 382.71 388.40 0.097778
4 51.25 3.51 227.59 114.09 0.096835
6 1067.97 34.44 1104.51 55.83 0.096362
3 486.03 4.57 508.43 37.62 0.095401
1 1171.95 135.11 1290.11 191.25 0.094729
4 427.82 1.34 1154.91 127.29 0.094009
6 599.53 17.65 840.74 108.63 0.093927
2 616.26 2.28 626.55 22.82 0.093704
3 282.99 322.18 382.45 388.11 0.093064
3 955.56 44.63 975.70 62.43 0.092622
2 1198.36 248.45 1358.72 344.31 0.092483
3 927.56 43.26 953.94 62.57 0.092042
5 963.19 265.04 986.27 297.69 0.091798
2 828.24 245.67 855.72 283.43 0.091153
4 54.59 2.49 1351.35 462.52 0.090861
5 74.71 4.63 228.15 114.09 0.090627
3 599.47 17.21 917.45 115.92 0.090546
3 485.81 4.38 497.70 38.44 0.090521
3 74.45 5.11 227.94 113.73 0.090174
3 481.93 331.78 517.21 383.55 0.090021
6 963.18 264.97 986.26 297.53 0.089273
5 599.39 17.02 918.47 116.37 0.088701
6 1237.61 12.14 1327.78 45.45 0.087666
3 1086.03 36.89 1104.13 55.42 0.086469
3 535.16 24.97 565.30 42.69 0.086451
5 1033.66 34.02 1104.60 57.27 0.086450
2 481.14 331.79 514.87 381.42 0.086009
3 496.32 5.54 509.07 36.37 0.085173
2 1172.07 135.21 1289.98 191.00 0.084039
3 496.48 6.33 508.45 35.28 0.083762
3 947.75 233.32 986.44 297.65 0.082891
1 485.56 3.67 509.33 38.53 0.082321
3 927.16 32.74 1104.80 64.38 0.081842
4 927.68 41.82 1018.89 65.02 0.081716
3 171.06 39.69 223.20 69.73 0.081475
6 74.97 4.81 228.14 113.56 0.081167
5 477.54 314.48 537.99 394.37 0.080613
5 948.54 232.92 975.97 292.62 0.080288
2 1032.40 32.96 1105.03 58.24 0.080099
2 476.43 313.55 538.14 394.93 0.078948
3 894.06 11.03 958.87 24.69 0.078012
5 823.75 245.90 865.17 309.28 0.077791
5 952.28 53.67 1006.10 87.30 0.077407
4 927.26 44.01 954.09 62.64 0.074735
3 821.32 246.11 865.09 310.50 0.074391
6 171.55 21.88 212.78 44.89 0.074015
1 956.63 78.44 1061.54 125.19 0.073698
5 926.98 41.86 983.32 64.75 0.073441
1 285.43 91.85 346.24 145.71 0.073350
6 598.54 11.04 1154.78 125.84 0.073267
3 115.80 423.31 144.89 452.56 0.073237
4 1033.58 34.64 1104.64 57.04 0.073070
1 616.37 1.86 626.61 22.56 0.072934
1 647.19 362.29 679.48 393.93 0.072485
3 87.19 350.94 197.06 468.63 0.072062
4 58.23 1.28 1158.53 133.35 0.071624
3 710.89 31.12 769.31 55.09 0.071561
3 496.67 15.21 506.35 36.15 0.071226
5 483.60 314.33 530.37 378.58 0.071104
4 535.09 14.20 566.32 42.82 0.071091
2 646.73 362.00 679.41 393.62 0.070767
1 87.23 350.95 196.63 468.88 0.070233
5 1237.68 11.62 1327.88 45.12 0.069923
2 86.99 369.78 127.04 468.09 0.069110
3 75.01 26.47 143.53 113.29 0.069047
1 962.91 265.03 986.66 298.43 0.068889
3 927.30 31.95 1104.84 89.78 0.068552
2 47.29 3.90 1343.71 479.37 0.068073
3 820.32 271.01 858.14 310.56 0.067827
4 75.10 26.86 143.43 113.25 0.067380
4 927.75 42.45 985.33 64.29 0.067282
3 601.10 2.34 783.83 88.62 0.067145
2 484.56 0.87 777.79 57.53 0.067011
6 599.75 16.89 917.81 116.40 0.066990
5 947.56 233.23 986.19 297.74 0.066976
6 477.87 314.89 537.93 394.66 0.066270
2 956.67 78.64 1061.41 125.03 0.065769
3 485.69 3.83 509.14 38.33 0.064051
3 1050.72 37.38 1066.61 55.64 0.063836
1 476.89 332.14 538.28 395.53 0.063177
3 949.24 263.37 986.25 297.95 0.063168
1 283.00 322.30 382.66 388.42 0.062421
6 283.73 287.48 382.33 387.91 0.062231
6 283.80 322.38 381.83 387.41 0.061488
4 86.12 28.45 131.28 55.68 0.061444
4 963.21 264.91 986.50 297.59 0.061428
3 817.56 246.23 865.06 313.83 0.061323
4 1236.51 11.10 1333.71 44.98 0.061065
3 74.81 53.99 140.72 113.42 0.061024
5 170.21 21.49 209.76 41.43 0.059992
3 597.66 6.71 1358.32 342.41 0.059594
2 697.74 22.78 716.13 45.53 0.059249
3 1266.06 43.02 1358.79 95.34 0.058940
1 853.09 70.18 917.46 114.98 0.058650
3 594.44 3.04 1357.39 130.76 0.058638
1 757.81 65.69 841.22 108.41 0.058504
4 483.77 -0.15 532.39 5.73 0.058090
3 486.44 6.49 498.54 37.36 0.058022
2 285.45 91.94 346.13 145.68 0.057978
3 482.65 314.65 530.10 377.71 0.057890
4 50.80 2.67 345.74 140.12 0.057862
1 1062.54 71.55 1154.17 115.62 0.057530
5 927.40 42.19 955.14 62.77 0.057287
5 88.35 27.99 128.74 49.57 0.057281
4 477.41 314.48 538.06 394.86 0.056704
3 707.42 0.52 726.67 20.15 0.056581
4 1270.72 41.26 1317.39 71.37 0.056475
6 600.18 18.39 734.84 86.24 0.056375
5 283.37 287.64 382.67 387.86 0.056161
3 484.83 17.45 505.00 37.80 0.056038
6 1033.52 33.69 1104.44 57.19 0.055833
3 709.28 25.71 770.30 53.69 0.055466
5 283.58 322.48 382.18 387.62 0.055138
5 86.66 28.03 131.33 54.70 0.054825
2 853.28 70.14 917.52 114.90 0.054777
3 73.70 157.77 283.80 310.58 0.054488
3 431.45 0.63 1154.64 126.03 0.054321
3 52.77 1.11 1156.75 131.46 0.054265
4 597.69 7.10 1282.04 191.10 0.054156
3 984.20 40.79 999.19 54.73 0.053710
2 83.11 226.68 989.26 469.26 0.053592
2 757.88 65.58 841.08 108.18 0.053590
2 1062.58 71.60 1154.13 115.43 0.053503
2 962.74 264.74 986.63 298.25 0.053361
1 476.54 313.69 538.23 394.83 0.053315
5 1033.59 36.71 1066.72 56.57 0.053063
3 482.65 -0.07 537.72 6.56 0.052850
3 1332.90 43.47 1359.16 64.11 0.052812
6 357.34 -0.08 397.08 13.14 0.052596
3 169.80 22.38 223.70 69.64 0.052380
1 287.46 34.23 336.40 74.70 0.051905
3 650.40 3.31 719.92 39.31 0.051821
3 986.51 39.92 1024.78 54.77 0.051756
2 725.78 24.21 745.43 49.95 0.051726
4 1332.85 43.16 1359.18 64.47 0.051605
2 819.09 230.56 980.58 312.48 0.051543
3 168.60 19.57 205.94 37.74 0.051145
3 616.31 2.02 626.25 22.72 0.050997
5 357.98 0.03 396.23 13.01 0.050913
3 953.03 52.90 1047.54 87.05 0.050436
6 1278.14 42.55 1316.81 69.22 0.050398
5 75.00 27.13 143.71 113.59 0.050239
3 1266.25 49.86 1358.45 96.39 0.049981
5 893.79 8.90 955.77 25.12 0.049732
2 363.66 0.00 378.13 14.62 0.049583
4 695.21 0.40 728.23 19.89 0.049436
3 162.56 6.51 224.66 72.12 0.049388
3 1236.06 21.08 1288.36 46.77 0.049262
4 930.69 43.21 1154.40 120.94 0.049112
1 951.95 52.15 1049.11 90.64 0.049051
5 3.89 2.52 1355.92 761.02 0.048987
4 168.69 19.47 206.03 37.74 0.048575
2 482.95 313.85 530.29 381.34 0.048477
6 822.63 246.29 864.83 309.47 0.048409
3 649.56 6.28 773.20 53.12 0.048168
2 287.58 34.26 336.36 74.66 0.048159
3 735.37 34.73 770.13 54.54 0.048150
3 661.11 0.62 726.42 19.17 0.048051
4 596.08 6.69 1358.04 342.69 0.047837
3 246.76 65.61 263.04 101.66 0.047524
6 952.69 55.05 1004.80 87.53 0.047054
5 597.22 13.02 1062.56 126.66 0.046689
1 86.67 369.59 126.74 468.37 0.046596
3 695.77 0.42 727.14 19.54 0.046514
4 1033.31 37.25 1066.93 56.31 0.046482
3 177.63 404.78 198.02 428.93 0.046380
2 283.08 322.34 382.71 388.21 0.046323
3 648.03 1.95 1105.46 74.73 0.046310
2 826.49 245.86 862.79 307.31 0.046228
3 599.11 17.45 1061.94 125.65 0.046179
6 482.40 -0.04 539.93 5.88 0.046092
3 13.82 2.18 1356.16 759.96 0.045848
1 656.79 40.07 734.42 85.82 0.045798
1 74.85 53.93 140.72 113.56 0.045710
5 87.66 370.22 145.45 467.40 0.045533
5 145.33 352.18 196.17 441.39 0.045458
6 927.37 42.31 985.39 64.50 0.045344
3 894.49 11.57 960.36 25.90 0.045250
6 893.86 10.37 954.42 25.57 0.045248
3 712.76 27.77 746.09 52.62 0.045214
2 952.08 52.49 1048.89 90.50 0.045181
4 953.16 52.89 1047.75 86.87 0.044912
3 1235.92 8.91 1358.84 96.12 0.044746
4 283.48 322.80 382.34 387.64 0.044717
4 592.93 3.10 1358.38 127.75 0.044675
5 948.34 263.61 986.24 298.22 0.044507
3 247.71 66.68 262.62 100.87 0.044398
2 1033.03 36.08 1067.44 57.04 0.044339
6 169.20 20.49 226.66 99.41 0.044064
1 282.74 287.81 382.94 388.59 0.044036
6 947.36 233.50 986.13 297.37 0.043860
3 1236.54 17.82 1275.45 35.23 0.043838
3 1254.06 201.76 1357.67 238.34 0.043533
4 600.19 18.96 733.73 86.07 0.043530
1 1031.78 32.64 1105.09 58.49 0.043149
6 948.93 263.94 986.24 298.17 0.043131
5 927.60 41.12 1019.95 65.02 0.043072
4 483.33 314.74 530.62 378.35 0.043058
5 64.34 2.29 1156.90 139.24 0.043042
3 359.56 0.07 394.72 13.29 0.042973
6 1234.17 24.63 1289.95 72.33 0.042631
3 480.61 359.18 503.51 395.19 0.042610
2 477.29 331.86 538.04 395.73 0.042593
3 741.61 0.15 774.58 11.95 0.042221
3 616.66 2.25 626.16 21.87 0.042200
6 669.51 0.18 723.00 16.14 0.042144
6 989.69 33.49 1104.64 56.94 0.042142
3 170.79 22.19 218.64 60.14 0.042129
4 821.36 246.08 865.25 310.84 0.042100
2 647.15 1.45 1104.93 63.09 0.042045
6 820.42 270.98 857.79 311.08 0.041896
2 765.01 28.40 784.06 50.15 0.041882
5 695.81 0.32 727.92 19.90 0.041478
3 1141.08 71.99 1189.62 137.93 0.041465
3 600.14 4.53 839.71 109.46 0.041325
3 526.17 0.36 575.87 23.31 0.041258
1 73.04 156.03 284.29 468.33 0.040953
3 50.82 1.26 1356.58 349.34 0.040825
6 1233.17 7.20 1358.66 96.53 0.040617
3 49.70 2.38 344.22 135.39 0.040568
4 88.45 28.12 128.56 46.92 0.040543
1 170.30 50.27 227.38 99.77 0.040346
1 169.44 21.49 224.01 70.01 0.040283
4 894.51 9.73 951.05 25.09 0.039831
5 599.58 18.22 734.17 86.23 0.039820
6 1334.53 43.70 1359.35 65.40 0.039764
6 238.17 23.20 253.63 39.35 0.039731
3 844.79 40.94 905.46 63.54 0.039623
5 667.05 0.38 726.70 17.50 0.039566
5 586.91 0.07 638.36 1.63 0.039415
3 826.38 245.72 864.26 307.36 0.039322
3 1268.20 11.45 1325.07 42.83 0.039262
2 75.14 54.15 140.82 113.45 0.039169
4 423.99 -0.16 576.17 24.91 0.039152
4 665.59 0.50 728.34 18.88 0.039059
3 169.29 22.20 226.96 98.62 0.039025
3 649.67 15.96 666.72 30.63 0.039020
2 170.30 49.99 227.24 99.71 0.038845
3 816.14 295.54 832.04 315.57 0.038813
5 396.18 0.29 424.94 23.50 0.038526
2 656.43 39.93 734.03 85.79 0.038445
3 428.25 0.63 916.83 114.96 0.038130
4 1230.99 21.04 1289.02 47.98 0.038107
4 283.12 287.55 382.83 387.99 0.038059
3 72.77 156.55 285.10 467.74 0.038020
4 57.55 3.18 1352.73 367.40 0.037962
2 986.38 33.46 1105.06 58.31 0.037797
3 761.59 29.71 783.57 50.70 0.037771
3 483.02 0.34 511.85 9.06 0.037759
3 784.29 3.03 814.88 18.17 0.037747
3 821.91 268.31 856.82 310.21 0.037612
5 1332.63 42.67 1358.87 65.45 0.037605
3 207.19 49.49 223.71 69.95 0.037463
3 957.35 43.02 992.86 62.58 0.037252
4 51.35 1.08 1349.46 190.83 0.037237
3 501.07 -0.02 534.77 6.37 0.037140
5 820.43 269.27 858.02 310.50 0.037044
1 363.53 -0.01 378.22 14.64 0.037000
3 492.87 314.09 528.94 356.58 0.036864
3 723.21 54.22 784.64 93.98 0.036771
5 163.12 5.77 224.47 72.29 0.036678
3 424.77 0.38 440.26 22.05 0.036645
3 57.35 2.28 754.52 464.50 0.036569
1 83.89 27.63 144.07 78.09 0.036546
6 695.48 0.18 726.95 19.35 0.036468
3 752.68 36.10 769.81 54.20 0.036448
6 75.54 27.66 143.26 112.97 0.036371
2 425.34 0.18 464.23 25.08 0.036331
5 949.82 42.57 1154.68 124.20 0.036127
2 168.55 20.79 223.98 71.23 0.036103
2 72.92 156.10 284.28 468.81 0.036008
3 482.32 313.81 530.97 381.73 0.035904
4 357.88 0.04 395.88 13.32 0.035724
6 948.04 233.17 976.30 292.23 0.035625
1 818.30 230.92 980.28 313.36 0.035601
4 946.88 233.01 986.49 297.58 0.035578
6 1237.10 22.38 1288.74 49.95 0.035578
1 246.30 65.38 263.73 102.57 0.035385
3 484.83 22.63 495.37 37.93 0.035171
3 988.50 38.12 1045.82 54.82 0.035147
3 712.53 29.01 732.15 48.36 0.035040
6 73.85 2.65 346.93 145.00 0.034989
5 237.73 23.04 253.48 39.49 0.034935
1 163.47 7.17 228.09 100.43 0.034872
4 947.64 232.80 976.65 292.56 0.034869
3 708.90 33.21 731.26 50.52 0.034699
6 484.89 314.73 530.69 378.17 0.034643
3 599.79 19.11 733.27 85.26 0.034635
5 475.07 0.08 529.56 6.05 0.034589
4 49.84 5.08 142.34 113.54 0.034519
3 47.27 -0.18 1354.99 139.30 0.034496
3 863.26 9.01 959.40 28.33 0.034466
2 692.11 12.88 718.85 44.36 0.034446
2 928.01 40.09 976.67 64.12 0.034350
3 236.73 52.53 264.17 102.48 0.034259
5 72.32 4.71 324.72 312.75 0.034246
2 83.93 27.59 143.80 78.04 0.034229
1 425.10 0.23 464.40 24.90 0.034078
2 730.56 25.21 751.06 53.86 0.034044
1 723.00 53.53 784.64 94.26 0.033994
3 61.66 1.54 86.36 18.19 0.033935
2 525.21 0.19 576.00 23.72 0.033865
5 1142.18 71.62 1189.62 137.09 0.033698
2 162.59 6.99 228.28 100.06 0.033660
2 848.09 1.61 864.30 45.73 0.033660
2 246.72 65.38 263.24 101.71 0.033635
6 170.73 42.46 223.08 71.39 0.033539
6 1033.89 36.86 1066.32 56.20 0.033450
2 70.72 7.34 280.73 470.99 0.033327
2 62.12 3.64 1132.05 476.38 0.033288
2 395.84 0.05 425.69 26.91 0.032974
1 634.09 360.37 685.81 398.50 0.032930
3 927.26 41.57 1048.36 89.25 0.032796
5 1236.36 21.91 1288.06 48.22 0.032694
5 495.62 5.44 509.19 34.47 0.032492
1 1266.49 47.81 1358.35 96.65 0.032471
3 817.10 230.65 985.68 315.27 0.032463
5 87.91 370.55 126.58 467.34 0.032426
6 247.94 66.51 261.82 99.75 0.032343
3 1237.75 12.20 1277.75 33.04 0.032333
5 485.75 4.58 508.35 37.31 0.032330
4 716.55 30.43 769.89 54.96 0.032023
4 7.71 2.38 1356.18 759.58 0.031979
4 948.96 263.17 986.60 298.38 0.031977
6 987.50 38.48 1031.45 54.06 0.031903
3 430.60 0.89 1327.58 191.13 0.031894
6 928.19 41.47 1020.08 64.01 0.031777
6 3.52 2.58 1355.52 760.42 0.031728
1 115.72 380.03 147.22 453.54 0.031699
2 282.66 287.63 383.18 388.46 0.031669
6 1260.41 28.73 1289.55 72.77 0.031602
3 1220.17 17.29 1273.83 36.73 0.031595
5 73.21 3.06 347.37 141.97 0.031510
3 55.52 -0.23 1325.27 188.53 0.031433
6 162.75 5.75 223.92 72.16 0.031394
1 525.95 0.30 576.09 23.47 0.031376
5 1260.01 28.82 1290.14 73.00 0.031333
1 116.09 423.77 145.41 453.90 0.031320
2 68.10 7.85 1007.45 474.32 0.031161
2 1054.47 38.59 1066.75 55.33 0.031131
3 880.16 43.28 904.74 62.76 0.031073
2 1266.18 45.31 1358.52 96.56 0.031030
2 71.87 213.07 1353.41 473.98 0.031022
4 1236.86 10.94 1358.67 96.73 0.031002
1 764.57 28.25 784.15 50.49 0.030722
4 1235.08 17.35 1276.31 34.15 0.030718
4 482.93 0.39 511.12 8.45 0.030711
2 481.27 332.54 511.93 363.16 0.030682
6 585.84 -0.13 652.12 2.32 0.030668
1 502.45 314.15 528.04 349.70 0.030582
6 1142.26 71.96 1189.73 136.69 0.030574
5 60.07 3.06 1352.16 458.79 0.030303
3 161.52 6.23 202.56 39.12 0.030268
3 236.16 53.02 256.34 84.19 0.030090
