1 639.03 155.30 666.15 195.69 0.638384
1 700.85 154.49 732.20 192.63 0.597487
1 537.48 192.51 553.97 232.13 0.581641
1 572.44 173.69 590.93 215.63 0.573587
3 639.35 155.50 665.81 195.01 0.553788
2 639.18 155.22 666.07 195.58 0.516545
1 699.28 39.24 721.27 77.36 0.515879
1 637.16 52.48 655.15 86.50 0.507318
1 711.05 115.84 731.99 154.57 0.500600
3 701.14 154.69 731.84 192.01 0.500216
1 855.79 213.10 896.14 266.59 0.499858
1 744.20 108.51 770.05 140.76 0.499452
3 537.68 192.82 553.50 231.73 0.497288
3 573.02 173.88 590.59 215.01 0.487766
1 576.00 90.39 592.13 129.35 0.477176
2 537.54 192.60 553.87 232.04 0.475262
2 701.01 154.37 732.30 192.59 0.471683
3 637.31 52.66 654.82 85.95 0.471604
1 560.47 92.10 576.44 127.99 0.470372
3 699.56 39.47 720.90 76.53 0.469672
2 572.65 173.60 590.88 215.47 0.468547
1 803.37 73.44 831.53 110.87 0.465401
3 856.04 213.21 895.83 265.95 0.458302
3 744.50 108.66 769.67 140.13 0.457747
6 729.95 0.47 774.57 81.45 0.454613
3 711.32 116.10 731.69 154.15 0.445554
2 637.19 52.30 655.13 86.43 0.439128
2 699.45 39.26 721.25 77.28 0.438740
3 576.23 90.63 591.77 128.63 0.435148
1 735.31 330.74 772.70 373.61 0.425735
2 855.97 213.12 896.13 266.65 0.423405
1 897.21 99.19 932.82 147.25 0.419784
1 565.75 306.45 589.13 344.45 0.418394
3 560.65 92.32 576.21 127.47 0.417154
2 711.20 115.72 732.05 154.71 0.411863
3 804.00 73.55 831.32 110.41 0.410136
2 744.50 108.44 770.07 140.74 0.408348
3 897.40 99.34 932.66 146.72 0.407078
1 906.98 179.96 935.37 214.86 0.404411
1 909.53 15.60 938.34 51.68 0.403315
2 576.03 90.36 592.09 129.31 0.400174
1 602.92 54.36 617.46 85.65 0.397252
3 909.85 15.80 938.10 51.04 0.394825
1 551.25 305.88 569.56 344.22 0.393465
3 906.23 180.11 935.11 214.13 0.390838
1 837.22 101.50 862.57 135.54 0.390269
2 560.34 92.06 576.52 127.88 0.385410
1 599.85 26.25 615.70 57.12 0.384814
3 600.10 26.55 615.33 56.74 0.384761
2 804.01 73.38 831.59 110.92 0.383616
3 603.16 54.35 616.97 84.95 0.382066
1 822.10 89.59 853.65 127.51 0.379545
3 882.12 173.14 913.42 210.97 0.376963
1 881.88 173.01 913.69 211.32 0.376019
3 730.06 0.42 774.54 81.32 0.363080
3 735.61 330.84 772.43 372.69 0.361917
2 897.41 99.17 932.62 147.24 0.358539
2 735.55 330.83 772.63 373.53 0.356587
1 820.17 371.82 863.25 413.86 0.355753
3 837.32 101.64 862.23 135.18 0.354668
2 909.83 15.42 938.33 51.61 0.347092
2 599.85 26.17 615.52 57.08 0.344864
3 565.84 306.57 588.90 343.68 0.343065
3 822.48 89.75 853.56 127.25 0.340164
1 917.73 105.32 948.33 145.70 0.335917
2 565.89 306.32 588.49 344.83 0.333863
2 906.51 179.82 935.31 214.70 0.329959
3 917.82 105.48 948.40 145.35 0.328783
2 602.97 54.27 617.47 85.56 0.328381
2 837.50 101.52 862.43 135.68 0.327601
3 551.45 306.04 569.09 343.71 0.319816
6 760.98 301.57 817.86 363.26 0.313151
3 745.02 109.31 768.50 138.57 0.311486
2 822.36 89.50 853.47 127.63 0.311141
2 551.30 305.88 569.59 344.48 0.308349
3 821.30 372.72 861.97 412.38 0.306482
2 882.05 172.97 913.56 211.11 0.306093
3 2.75 1.37 956.93 537.01 0.303030
4 760.03 266.97 851.04 363.91 0.301923
4 760.59 301.43 818.02 363.62 0.295167
2 527.37 8.27 951.82 436.27 0.291895
5 760.39 266.92 851.04 363.74 0.288954
3 760.38 266.91 850.82 363.42 0.287976
5 730.55 0.56 774.63 81.59 0.287232
5 2.62 1.30 956.92 537.36 0.284568
2 820.39 371.78 863.16 413.42 0.283503
4 104.39 40.80 152.09 101.87 0.278387
2 918.08 105.27 948.31 145.45 0.277595
5 761.00 301.46 817.98 363.39 0.276076
3 867.81 275.78 921.56 317.98 0.272718
3 104.85 40.55 151.81 101.16 0.269537
3 761.11 301.41 817.89 363.04 0.269502
3 804.72 74.31 830.45 109.00 0.267149
1 871.03 13.83 899.59 66.10 0.266698
2 530.83 10.94 950.82 381.37 0.266154
3 638.21 53.54 653.82 84.73 0.264907
3 838.16 102.30 861.10 133.65 0.264399
6 760.50 267.34 850.64 363.58 0.259225
3 854.73 34.80 880.17 69.29 0.256026
4 730.34 0.46 775.06 81.56 0.255164
3 534.41 5.73 953.97 441.86 0.254840
3 864.63 394.85 906.57 433.03 0.253596
3 871.80 30.84 896.61 64.39 0.251987
1 863.50 393.75 907.26 435.17 0.248101
3 823.34 90.43 852.43 126.24 0.247890
3 871.40 14.02 899.27 65.53 0.246589
3 854.49 31.55 882.48 69.60 0.242462
2 870.90 13.83 899.54 66.03 0.240711
1 866.26 275.08 922.63 319.14 0.238370
3 907.76 180.66 934.31 212.56 0.234214
3 603.97 55.28 615.94 83.85 0.234142
3 640.26 156.26 665.05 193.87 0.230782
5 104.50 40.44 152.09 101.90 0.229994
3 866.37 277.65 900.52 316.98 0.229698
6 104.55 42.13 152.05 102.22 0.228716
3 702.04 155.48 730.84 190.64 0.224675
3 576.71 91.28 590.76 127.48 0.224513
3 736.49 331.54 771.45 371.77 0.224436
1 866.03 277.58 900.62 317.04 0.223024
3 898.33 100.18 931.74 145.17 0.222927
4 2.76 1.31 956.41 536.99 0.218109
3 538.60 193.35 552.66 230.53 0.213634
3 883.00 173.72 912.86 209.90 0.212470
3 712.03 116.71 730.87 152.95 0.212304
1 885.44 275.36 922.65 313.52 0.212070
3 573.44 174.54 589.73 214.23 0.211792
3 854.57 29.69 896.06 69.73 0.204780
3 885.34 275.42 922.38 312.51 0.202165
2 866.30 277.73 900.60 316.96 0.200650
3 918.33 106.35 948.00 143.35 0.196731
3 532.17 7.80 951.36 366.36 0.196200
2 866.39 275.01 922.48 319.01 0.196168
5 377.07 467.70 397.72 498.71 0.195399
3 561.48 92.98 575.47 126.54 0.194506
3 863.86 393.99 907.08 434.56 0.192157
3 700.21 40.24 719.90 75.09 0.191671
6 377.63 468.03 397.58 498.28 0.191263
1 374.82 467.00 398.47 501.14 0.188558
3 375.15 467.17 398.12 501.04 0.187596
3 885.78 276.05 921.58 310.70 0.184856
3 600.86 27.28 614.47 55.92 0.178893
1 531.00 12.47 949.58 372.54 0.178320
4 821.28 372.54 862.56 411.87 0.176925
4 377.20 467.76 397.71 498.16 0.175108
5 821.45 372.44 862.43 411.61 0.174608
1 527.74 10.04 950.55 437.12 0.174310
1 854.47 31.86 882.40 69.87 0.173826
3 350.53 36.56 396.46 74.54 0.172838
2 886.08 275.34 922.51 312.94 0.172489
3 529.61 6.35 951.01 412.02 0.169036
2 863.97 393.80 907.23 434.46 0.168725
4 98.96 272.54 151.94 317.19 0.165743
1 351.99 30.39 376.85 74.17 0.164540
1 731.64 48.54 750.20 82.21 0.163353
3 383.02 38.04 396.52 66.39 0.163258
5 736.18 331.02 771.45 371.38 0.162692
6 821.55 372.76 862.18 411.20 0.161605
2 351.73 30.34 376.77 73.96 0.161340
3 736.72 266.83 850.64 374.14 0.160009
3 935.95 -0.06 949.84 12.55 0.159368
6 2.09 1.14 956.92 538.06 0.157377
5 745.11 109.04 769.46 138.82 0.156413
2 3.49 2.07 956.25 537.02 0.155896
5 639.97 155.79 665.58 194.33 0.155655
3 854.43 13.92 898.95 69.63 0.155088
5 699.92 39.90 720.58 75.90 0.153519
2 854.68 31.40 882.17 69.64 0.153510
3 871.29 29.89 896.85 65.55 0.153243
1 395.64 503.25 429.91 538.60 0.149828
2 382.00 36.29 397.78 67.85 0.148045
2 375.59 466.98 398.37 500.95 0.147030
3 352.09 30.66 376.51 73.64 0.146838
3 377.58 467.82 397.52 498.65 0.146631
2 362.43 4.33 955.66 534.81 0.145118
2 510.45 5.50 953.85 531.69 0.144706
4 864.61 394.26 906.91 432.83 0.144218
6 1.52 0.82 372.37 377.35 0.143392
5 864.58 394.17 906.97 432.85 0.143303
3 566.62 307.33 588.52 341.58 0.143173
4 99.04 276.32 140.18 316.28 0.143021
4 1.64 1.18 390.46 377.32 0.142802
3 1.54 1.30 392.62 375.94 0.141554
1 551.04 305.20 589.46 347.85 0.141315
1 802.86 72.94 862.76 137.03 0.140873
5 99.09 272.49 151.86 317.34 0.139358
4 112.57 276.67 140.05 314.70 0.139353
2 551.02 304.96 589.17 348.42 0.139327
3 919.34 -0.05 950.17 13.34 0.139321
3 382.25 36.66 397.37 67.38 0.138492
4 103.71 39.56 178.22 120.88 0.138243
4 881.15 394.69 907.17 416.90 0.137250
3 898.11 99.33 947.21 155.40 0.136789
5 112.42 276.69 139.97 314.76 0.136227
5 638.00 53.24 654.42 85.18 0.135869
1 863.05 393.61 907.91 463.04 0.134828
3 857.07 229.63 883.57 264.16 0.134674
5 856.79 213.71 895.68 264.81 0.134671
5 736.22 266.60 851.00 375.07 0.133177
4 816.34 266.94 850.79 300.66 0.133036
2 732.06 48.86 749.43 81.79 0.132966
3 360.76 467.01 398.98 537.76 0.132958
3 803.80 74.12 861.33 135.34 0.132110
6 103.77 41.30 178.23 120.43 0.131579
3 864.17 394.72 906.81 461.04 0.130862
5 701.77 155.08 731.48 191.05 0.130696
5 880.34 394.53 907.04 416.92 0.129879
5 396.43 503.65 429.06 538.49 0.129794
3 551.36 305.30 589.38 347.63 0.129268
3 99.15 272.73 151.94 316.74 0.128879
5 538.22 193.15 553.26 230.74 0.128370
3 352.04 43.97 369.15 73.87 0.127843
1 381.68 36.06 397.92 68.09 0.127670
3 34.88 274.76 143.41 372.56 0.127146
6 99.04 272.66 151.86 317.01 0.126665
5 1.48 0.95 384.77 379.55 0.125740
4 378.05 467.81 397.03 487.00 0.124926
4 736.19 266.83 851.02 374.57 0.124492
6 864.93 394.51 906.92 431.84 0.124459
5 573.58 174.35 590.36 214.33 0.124322
1 360.40 467.01 399.39 537.94 0.124270
5 897.91 99.74 932.41 144.91 0.123540
3 112.98 276.88 139.57 314.54 0.121839
3 919.40 0.03 931.65 12.55 0.121333
3 651.30 -0.08 662.15 13.07 0.120082
3 396.56 503.82 428.90 538.49 0.119209
3 732.39 48.97 749.52 81.34 0.118668
5 711.96 116.52 731.44 153.17 0.118425
5 99.11 276.20 140.16 316.63 0.117876
3 883.04 191.92 895.24 211.24 0.117252
5 804.66 74.15 831.00 109.27 0.116976
5 910.06 15.75 938.03 50.90 0.116713
3 911.04 132.34 943.76 156.20 0.116582
4 736.06 331.08 771.66 371.51 0.116391
3 552.70 306.66 568.48 340.78 0.116214
5 378.01 467.79 397.05 487.79 0.115362
1 854.68 13.58 899.32 70.05 0.115318
4 745.06 109.03 769.59 139.10 0.115271
3 99.63 276.60 139.56 316.18 0.115192
5 576.77 90.91 591.41 127.81 0.114488
4 37.25 275.07 142.05 372.65 0.114271
3 876.53 13.91 899.03 41.55 0.112388
4 396.22 503.59 429.17 538.46 0.112223
3 104.12 39.23 176.86 120.16 0.111300
5 600.37 26.81 615.05 56.35 0.111082
3 349.15 30.13 397.28 75.59 0.110959
3 535.73 8.87 951.15 336.63 0.110958
6 359.48 467.94 398.34 538.02 0.110600
6 736.56 267.24 850.58 374.95 0.110522
5 561.29 92.83 576.17 126.86 0.110413
4 122.67 38.58 138.67 53.34 0.110314
3 883.02 173.72 934.33 213.94 0.109034
5 816.27 266.87 850.71 300.84 0.108017
5 122.69 38.33 138.56 53.35 0.106969
2 348.68 29.51 397.80 76.30 0.106604
2 854.96 13.59 899.22 69.92 0.106237
6 880.43 394.81 907.00 416.59 0.105706
1 870.95 30.64 896.74 66.10 0.104872
2 395.79 503.33 429.70 538.52 0.103385
3 640.18 185.09 646.21 193.63 0.103245
1 348.61 29.46 397.67 76.47 0.100609
6 736.45 331.28 771.30 370.99 0.100382
2 803.43 73.03 862.56 137.26 0.100207
5 603.89 54.76 616.66 84.18 0.100113
1 507.87 5.46 954.52 532.48 0.099546
5 882.93 173.43 912.79 210.51 0.099544
5 359.87 467.67 398.47 537.71 0.099467
6 378.37 468.04 396.86 486.93 0.098946
5 103.81 39.20 175.46 120.07 0.098819
2 870.92 30.38 896.94 65.84 0.098725
2 360.18 467.11 399.22 537.84 0.098507
6 745.25 109.35 769.03 137.83 0.098230
1 3.57 2.89 955.39 536.71 0.097976
3 914.88 106.17 948.19 154.61 0.097785
5 867.38 275.54 922.04 317.59 0.096593
2 863.43 393.80 907.84 462.64 0.095640
3 524.25 2.26 955.73 476.17 0.093614
3 650.60 -0.07 662.64 13.82 0.093519
5 35.32 273.25 146.99 374.57 0.093212
5 838.33 102.14 861.50 133.83 0.092941
5 823.33 90.25 852.58 126.33 0.092613
3 352.40 31.67 375.64 72.80 0.092379
3 881.91 394.74 906.94 416.49 0.092360
3 513.19 2.97 956.80 531.83 0.091920
6 736.61 300.97 818.23 372.02 0.091413
5 566.55 306.94 589.24 342.08 0.090842
2 524.57 6.39 953.04 470.43 0.090454
6 357.15 467.59 429.23 538.71 0.090322
3 855.85 32.21 882.28 68.68 0.090285
5 855.93 14.02 898.95 69.01 0.090134
6 396.78 504.03 428.94 538.56 0.090084
2 532.02 14.04 949.99 243.43 0.089981
3 729.11 66.99 746.51 80.92 0.089706
1 855.71 227.72 884.49 266.14 0.089614
3 816.49 266.99 850.44 300.51 0.089178
3 571.32 206.41 577.89 214.63 0.089169
5 552.55 306.43 569.18 341.85 0.089028
1 881.97 172.94 935.34 215.94 0.088974
5 871.26 14.18 899.17 65.28 0.087931
2 560.49 89.94 592.31 130.47 0.087910
1 534.08 13.55 949.80 238.99 0.087663
3 855.76 227.33 884.71 265.56 0.087543
3 122.94 38.80 138.26 52.94 0.087176
1 876.34 13.76 899.25 41.88 0.085926
2 765.80 45.66 789.05 105.36 0.085389
3 736.50 300.76 818.26 372.37 0.085070
6 0.78 0.51 366.42 333.76 0.084975
5 897.66 98.81 947.57 154.35 0.084933
5 918.22 106.07 947.70 143.93 0.084928
6 35.87 273.45 148.48 374.07 0.084818
2 876.21 13.79 899.15 42.10 0.084007
5 351.76 31.08 376.63 72.87 0.083872
3 533.75 10.63 950.82 239.59 0.083780
5 114.48 272.75 151.94 315.17 0.083666
4 897.85 99.85 932.61 144.86 0.083565
5 864.09 394.15 907.34 462.88 0.083359
1 650.08 -0.04 663.17 14.35 0.083166
5 651.07 -0.07 662.57 13.49 0.083093
3 37.63 278.02 139.96 370.01 0.082624
3 104.48 42.18 172.74 120.78 0.082433
1 897.03 98.32 947.50 153.17 0.082056
1 560.64 90.01 592.12 130.62 0.081712
5 908.42 180.41 934.68 212.63 0.080967
5 519.43 3.43 954.09 463.51 0.080643
4 856.78 213.73 895.86 264.85 0.080572
3 720.05 2.97 952.13 451.42 0.080158
3 5.69 1.45 955.67 434.72 0.080041
3 935.85 0.07 950.37 13.31 0.079937
1 765.66 46.15 789.37 106.10 0.079617
4 2.10 1.20 382.02 332.39 0.079606
4 368.40 467.60 397.53 502.03 0.079544
5 856.01 31.65 883.07 68.60 0.078572
5 523.30 3.22 952.86 413.30 0.078208
5 358.00 467.22 429.43 538.55 0.077963
5 736.18 300.75 818.25 373.06 0.077884
4 864.11 394.30 907.34 463.21 0.077530
5 501.35 1.79 956.43 534.11 0.077367
3 707.81 11.61 949.93 434.10 0.076891
3 350.44 41.73 369.42 74.72 0.076880
3 744.90 126.51 756.55 138.56 0.076680
3 867.24 278.34 900.26 315.67 0.076495
3 552.63 305.99 588.86 345.07 0.076234
3 358.05 467.61 429.06 538.64 0.075640
3 560.78 90.23 591.65 129.93 0.075592
4 805.71 267.00 850.82 312.67 0.075474
3 806.04 266.96 850.44 312.17 0.074659
2 650.54 -0.07 662.97 14.09 0.074529
6 935.82 -0.02 950.07 12.49 0.074442
2 897.32 98.65 947.47 151.08 0.074430
4 736.24 300.66 818.50 372.60 0.074052
3 801.91 14.35 947.83 323.42 0.073980
5 867.16 277.97 900.35 315.64 0.073719
5 349.65 30.34 397.28 74.89 0.073564
3 5.29 273.88 150.55 397.88 0.073538
2 882.21 172.95 935.18 215.63 0.072932
3 1.81 1.45 390.77 335.61 0.072731
2 155.86 4.12 952.88 535.25 0.072534
4 699.78 39.93 720.94 76.12 0.072151
4 360.62 467.75 398.51 537.65 0.071706
4 639.92 155.81 665.72 194.50 0.070626
6 884.76 276.07 922.05 308.89 0.069784
4 3.88 235.37 153.04 376.61 0.069457
4 935.36 0.01 950.25 13.03 0.069167
6 2.04 234.38 152.71 377.27 0.068871
3 918.83 -0.05 933.18 12.94 0.068573
3 801.84 12.14 950.61 449.60 0.068376
3 765.82 46.30 788.89 105.97 0.068264
4 867.60 275.55 922.17 318.03 0.067480
3 767.53 47.68 788.25 105.80 0.067414
5 383.20 36.98 397.25 66.45 0.067291
4 804.56 74.23 831.29 109.61 0.067224
6 99.03 276.76 139.33 316.37 0.067081
1 735.01 266.95 851.49 374.95 0.067052
5 935.79 -0.11 950.30 12.77 0.066848
4 701.60 155.01 731.61 191.18 0.066766
1 357.95 466.86 430.14 538.50 0.066305
2 573.94 173.67 590.83 214.67 0.066192
5 885.45 275.86 922.12 309.33 0.066160
2 542.61 24.11 945.37 338.83 0.065679
3 910.04 0.23 949.93 50.61 0.065579
3 378.44 468.10 396.75 487.40 0.065505
3 732.76 50.60 748.70 80.83 0.065320
1 730.35 0.48 774.93 82.67 0.065215
3 877.86 14.34 898.36 37.71 0.064611
5 1.23 0.87 374.15 338.45 0.064522
2 349.59 41.74 368.48 74.81 0.064458
2 855.05 171.78 936.25 321.02 0.063672
5 806.14 266.69 850.45 311.83 0.063657
3 368.22 467.92 397.50 502.78 0.063616
1 111.90 275.76 140.66 315.52 0.063228
6 868.04 275.89 922.04 317.57 0.063039
4 884.20 275.75 922.22 309.31 0.062670
3 98.64 275.69 140.40 317.24 0.062644
6 898.25 100.21 932.30 144.37 0.061619
3 17.46 239.95 152.67 375.37 0.061558
6 919.34 -0.04 950.52 13.94 0.061376
3 882.92 395.19 906.36 416.38 0.061153
3 853.06 1.57 950.73 72.49 0.061144
4 917.64 106.19 948.17 144.61 0.060876
6 910.59 132.59 944.11 156.48 0.060780
4 711.91 116.39 731.55 153.44 0.060734
3 759.81 212.65 895.71 363.89 0.060538
6 113.63 276.90 139.66 314.06 0.060364
5 551.97 305.46 589.41 346.24 0.060244
2 855.86 227.57 884.22 265.70 0.060123
1 803.48 266.83 851.48 314.19 0.059833
3 728.93 67.19 737.27 78.30 0.059695
1 803.37 290.13 828.12 314.69 0.059345
4 855.81 14.15 899.30 69.77 0.059335
2 918.91 0.04 950.74 14.38 0.058966
1 369.26 5.45 953.38 534.76 0.058627
3 366.78 2.69 954.98 534.03 0.058557
1 349.24 41.76 368.17 75.17 0.058529
4 537.83 193.19 553.56 230.98 0.058176
5 767.58 47.03 788.15 105.51 0.058153
5 883.10 173.29 934.56 215.14 0.057799
4 897.69 98.93 947.77 154.86 0.057651
6 864.34 394.54 907.27 463.22 0.057536
4 349.54 30.88 397.47 75.02 0.057350
2 936.04 0.06 950.48 13.85 0.057319
4 909.93 15.31 938.11 51.20 0.057204
6 857.04 214.06 895.56 264.49 0.057159
1 98.99 275.27 141.29 317.83 0.056971
4 637.84 53.25 654.55 85.47 0.056824
2 909.63 0.40 950.89 52.00 0.056685
6 123.14 38.78 138.44 53.13 0.056584
4 1.94 0.55 397.03 445.52 0.056574
3 919.53 -0.12 932.31 12.78 0.056415
3 35.32 62.54 85.16 133.85 0.056343
4 66.30 235.35 143.11 316.53 0.056292
6 0.94 0.88 396.24 537.18 0.056137
6 37.34 278.09 139.73 370.09 0.055826
1 760.14 266.96 851.92 365.13 0.055737
3 856.03 173.54 934.84 321.24 0.055364
1 573.78 173.72 590.76 215.02 0.055207
4 573.13 174.37 590.56 214.67 0.055177
3 3.83 234.89 153.01 375.96 0.054719
3 33.65 40.65 153.94 134.70 0.054632
3 66.36 235.19 142.04 315.79 0.054461
4 521.80 2.88 953.20 443.31 0.054142
4 882.63 173.42 912.84 210.71 0.054012
2 357.70 466.83 429.97 538.48 0.053537
6 651.12 -0.08 662.58 13.46 0.053436
5 919.34 -0.00 950.72 14.24 0.053276
1 819.20 371.93 863.41 441.87 0.053241
6 816.75 267.15 850.43 300.44 0.052991
4 838.37 102.12 861.60 134.24 0.052958
3 36.46 62.94 88.02 138.80 0.052647
6 855.50 14.54 898.91 69.25 0.052477
4 576.51 90.86 591.51 127.96 0.052467
4 856.42 30.98 883.47 68.77 0.052331
6 699.93 40.20 720.50 75.70 0.052239
2 730.39 0.49 775.05 82.23 0.052184
3 838.80 126.85 866.91 162.18 0.052137
3 318.78 2.15 335.98 37.28 0.051808
4 870.66 14.36 899.34 65.58 0.051743
6 897.92 99.25 947.33 155.66 0.051684
4 560.98 92.55 576.44 127.06 0.051525
2 918.85 -0.17 933.46 13.16 0.051368
3 810.85 12.41 944.96 438.76 0.051366
4 36.45 38.51 154.75 141.64 0.051310
3 856.22 212.72 922.65 319.46 0.051265
5 919.35 -0.17 932.89 12.91 0.051265
3 650.14 165.02 664.10 188.77 0.051121
1 918.38 0.12 950.80 13.89 0.051112
4 823.13 90.24 852.93 126.53 0.051094
4 651.06 -0.08 662.82 13.64 0.051001
3 762.60 -0.05 775.31 5.97 0.050982
4 6.34 1.89 954.32 466.02 0.050958
4 36.13 63.13 88.23 140.19 0.050848
3 534.97 29.40 950.49 233.95 0.050631
6 918.17 106.51 947.71 143.51 0.050526
2 317.44 1.93 338.07 37.99 0.050473
3 853.01 15.50 942.22 323.09 0.050273
3 727.54 2.48 950.01 378.03 0.050063
5 12.14 5.33 950.57 460.82 0.049987
3 571.33 203.40 583.55 215.51 0.049955
1 935.41 0.14 950.65 13.40 0.049936
5 762.62 -0.07 776.00 6.26 0.049933
3 5.33 4.69 954.64 385.79 0.049855
3 536.24 3.17 956.88 504.47 0.049690
5 694.95 266.44 852.13 418.92 0.049411
5 910.01 0.20 950.53 51.10 0.049410
1 103.24 40.04 153.39 103.17 0.049220
4 105.18 38.08 138.92 61.38 0.049212
5 877.39 14.19 898.60 41.63 0.049178
4 566.04 307.11 589.76 342.21 0.049144
3 356.37 30.46 375.54 59.90 0.049124
2 113.05 275.98 140.42 314.82 0.049057
1 918.32 -0.10 933.72 13.17 0.048970
4 502.55 0.94 956.41 532.63 0.048681
6 855.60 32.22 882.54 68.97 0.048542
3 819.79 372.26 863.18 442.80 0.048448
5 853.44 0.24 950.72 72.10 0.048298
3 702.08 182.43 709.09 190.72 0.048242
3 729.41 62.67 747.83 82.06 0.048161
2 8.35 5.30 953.43 423.72 0.048114
3 695.22 2.01 957.32 533.95 0.047991
5 803.74 74.12 861.69 135.66 0.047736
2 853.75 12.01 938.59 70.69 0.047419
6 804.82 74.51 830.92 108.94 0.047379
6 1.15 0.52 381.76 461.66 0.047346
6 910.17 16.04 937.76 50.71 0.047284
6 805.98 267.20 850.64 312.05 0.047043
6 762.61 -0.02 775.62 6.03 0.046976
5 3.13 235.14 152.54 378.15 0.046935
3 820.93 372.63 862.12 440.67 0.046705
4 358.49 467.23 429.58 538.54 0.046632
1 98.01 271.60 152.05 318.67 0.046605
4 919.26 -0.01 950.73 14.53 0.046600
5 853.96 8.03 939.20 70.32 0.046454
4 148.21 86.52 183.28 121.77 0.046378
3 803.66 290.26 828.12 313.98 0.046306
6 640.02 156.02 665.49 194.16 0.046304
3 703.09 1.35 951.60 383.94 0.046273
4 603.64 54.68 617.06 84.78 0.046208
1 316.93 1.82 338.18 39.16 0.046196
4 866.94 278.18 900.71 315.66 0.046026
6 349.92 31.42 397.26 74.75 0.046000
1 815.11 266.80 851.05 302.49 0.045996
2 731.04 59.96 748.34 81.77 0.045799
4 7.27 35.49 180.93 164.69 0.045378
3 429.99 4.40 954.13 475.67 0.045148
4 148.94 88.14 176.69 116.10 0.045012
5 6.18 1.66 954.55 407.48 0.044960
3 761.50 -0.06 775.93 6.88 0.044946
6 838.33 102.48 861.31 133.55 0.044596
4 908.26 180.42 934.83 212.55 0.044463
3 561.60 90.91 590.82 128.78 0.044410
4 351.38 31.07 377.03 73.11 0.044101
6 7.93 39.47 154.96 156.54 0.044080
4 11.34 233.27 147.42 323.25 0.044053
6 36.13 63.69 89.41 144.52 0.043968
1 1.50 3.40 397.28 378.40 0.043960
5 1.87 -0.04 396.59 495.61 0.043697
4 396.88 503.93 423.42 524.84 0.043453
3 235.06 3.21 954.48 534.18 0.043436
4 5.68 2.03 953.90 414.66 0.043433
5 1.13 0.67 398.96 536.34 0.043414
4 600.11 26.80 615.20 56.51 0.043413
2 103.80 40.76 152.86 101.84 0.043387
6 711.96 116.66 731.25 152.97 0.043154
3 543.63 38.14 942.12 356.67 0.043154
4 552.28 306.47 569.47 341.83 0.043153
4 762.43 -0.09 775.91 6.65 0.043084
4 708.64 3.22 954.40 442.87 0.043075
3 35.73 38.34 154.71 143.26 0.042817
6 701.83 155.41 731.20 190.68 0.042694
1 32.82 274.65 144.15 375.07 0.042640
6 867.29 278.41 899.57 314.83 0.042551
2 883.98 277.27 904.87 311.55 0.042519
2 289.19 3.55 956.61 535.76 0.042373
6 67.47 235.00 151.19 316.79 0.042207
3 803.77 266.91 851.09 313.51 0.042101
1 730.97 60.90 748.55 82.23 0.042099
6 871.23 14.61 899.09 65.29 0.041981
3 604.33 77.51 613.08 84.08 0.041949
6 638.09 53.61 654.14 85.11 0.041908
4 528.12 7.57 950.05 398.80 0.041780
6 694.15 266.71 852.02 420.78 0.041658
1 761.22 -0.05 776.22 6.92 0.041548
6 38.61 40.83 153.54 146.40 0.041501
2 99.46 275.25 141.13 316.41 0.041370
3 571.13 205.95 580.04 222.28 0.041147
3 930.45 135.66 943.77 155.92 0.041056
3 876.20 213.49 895.76 238.63 0.041049
3 1.78 0.84 397.63 467.34 0.040994
4 38.29 38.46 153.27 124.50 0.040484
2 536.71 172.82 591.67 233.08 0.040332
4 2.35 5.34 192.51 169.86 0.040319
3 351.67 42.69 368.80 73.30 0.040265
4 853.34 0.45 950.85 72.32 0.040260
3 853.43 12.43 938.37 71.25 0.040172
2 425.60 7.87 949.32 462.02 0.040102
3 700.86 12.86 950.16 338.30 0.039944
5 526.01 3.76 950.13 375.71 0.039908
6 397.84 504.40 422.79 523.97 0.039773
5 697.61 2.50 952.67 457.50 0.039667
3 5.73 2.60 954.84 485.55 0.039570
1 697.97 9.01 952.53 451.09 0.039535
6 823.08 90.59 852.22 126.06 0.039516
4 383.00 37.16 397.38 66.63 0.039472
4 1.21 0.47 399.25 535.98 0.039381
6 694.68 291.89 822.00 416.23 0.039168
6 883.09 173.79 911.82 209.99 0.039089
6 3.62 37.23 180.33 167.00 0.039013
4 3.17 273.99 145.46 402.87 0.039009
6 538.18 193.48 553.25 230.54 0.038959
3 6.58 39.13 162.82 157.50 0.038861
3 550.58 9.25 952.73 214.40 0.038803
4 1.74 0.38 259.57 215.25 0.038802
6 576.71 91.12 591.23 127.38 0.038565
2 735.02 266.73 851.26 375.50 0.038553
6 919.33 -0.11 932.83 12.69 0.038410
3 317.81 1.87 336.89 38.00 0.038272
6 566.63 307.42 589.14 341.55 0.038207
5 66.40 235.22 144.45 316.81 0.038094
3 803.86 74.19 869.04 161.76 0.038049
3 149.37 88.46 176.16 115.00 0.037916
6 38.46 40.21 153.14 124.73 0.037898
3 910.24 42.89 918.01 50.14 0.037853
1 8.58 3.49 953.39 482.48 0.037546
4 148.50 76.96 195.03 121.80 0.037537
1 7.18 7.26 952.80 397.25 0.037364
1 145.24 5.50 951.28 534.42 0.037320
5 533.08 10.62 946.01 394.23 0.037272
2 1.39 4.23 397.93 379.61 0.037228
6 1.25 2.29 155.95 162.76 0.037176
6 698.20 1.49 953.49 426.04 0.037174
6 853.50 0.41 952.38 71.54 0.037051
4 10.12 37.94 155.34 150.38 0.037026
3 577.64 120.06 584.31 127.24 0.037006
6 149.04 88.71 176.18 114.98 0.036892
6 505.28 1.59 957.35 535.72 0.036888
3 823.18 89.79 859.42 133.48 0.036829
2 803.74 289.81 827.99 314.24 0.036818
6 1.26 0.13 261.80 213.41 0.036722
3 743.98 132.81 768.05 169.80 0.036694
3 877.56 214.20 894.53 236.95 0.036515
5 733.18 48.73 751.46 79.93 0.036469
3 820.41 372.89 907.39 460.00 0.036400
6 148.90 83.58 188.95 121.21 0.036315
6 561.33 92.82 576.09 126.65 0.036240
5 391.93 1.87 955.43 535.26 0.036224
2 803.92 266.52 851.34 313.79 0.036202
3 820.74 372.55 907.04 432.97 0.036148
5 698.50 1.16 956.80 534.85 0.036063
4 882.97 173.35 934.72 215.55 0.036058
3 648.20 157.35 664.93 190.16 0.035921
4 580.43 313.22 590.56 322.33 0.035885
2 32.98 274.80 143.13 375.69 0.035876
5 318.15 2.71 336.29 36.32 0.035855
2 819.28 371.88 863.39 441.95 0.035791
3 712.11 145.81 720.06 153.06 0.035712
5 561.07 90.56 591.58 129.16 0.035653
2 761.53 -0.04 776.10 7.10 0.035594
1 760.12 295.82 821.88 364.41 0.035584
1 875.86 213.41 896.04 238.73 0.035420
6 694.95 1.47 956.54 535.81 0.035341
4 401.37 1.89 955.07 534.91 0.035331
4 114.02 276.97 131.06 299.29 0.035274
2 759.31 266.97 851.56 364.85 0.035186
6 871.56 31.04 896.74 64.94 0.035128
5 871.38 31.01 896.43 64.95 0.034982
1 645.78 154.83 666.25 191.17 0.034884
1 800.51 11.65 949.38 323.20 0.034869
3 544.71 18.41 946.53 321.97 0.034777
2 12.62 2.84 953.25 467.56 0.034711
3 38.55 38.69 153.09 121.92 0.034626
6 728.51 -0.06 954.06 83.20 0.034590
6 910.02 0.12 951.23 51.05 0.034516
4 551.98 305.57 589.69 345.94 0.034504
4 573.76 307.57 589.88 322.82 0.034448
4 38.32 295.78 124.04 372.01 0.034401
6 573.62 174.55 590.27 214.06 0.034342
3 0.87 0.70 401.28 535.48 0.034335
4 856.79 229.41 885.07 264.51 0.034317
4 706.18 1.20 956.07 535.50 0.034155
3 695.39 266.34 852.07 421.90 0.034069
1 802.53 73.53 949.23 158.50 0.034043
6 600.32 27.13 614.88 56.18 0.034031
4 911.45 131.57 944.64 156.81 0.033878
5 105.36 37.77 138.96 62.41 0.033856
3 1.53 0.46 261.23 212.86 0.033851
6 2.10 0.85 256.20 169.04 0.033650
6 4.45 2.01 166.81 130.05 0.033575
6 700.71 1.14 951.59 384.62 0.033295
6 552.25 305.86 589.26 345.33 0.033226
3 803.04 73.56 948.88 158.91 0.033182
3 18.01 37.94 154.76 143.31 0.033117
1 853.11 11.66 939.16 71.17 0.033018
6 552.60 306.75 568.94 341.20 0.032995
1 454.36 7.19 951.19 484.53 0.032964
3 929.23 134.25 943.79 155.76 0.032910
3 854.85 47.96 874.83 68.68 0.032896
6 923.51 72.87 949.53 122.46 0.032885
3 630.47 1.76 953.88 439.70 0.032849
3 533.78 58.14 947.95 240.05 0.032834
6 908.82 180.97 934.54 212.18 0.032781
3 803.49 82.95 871.01 162.38 0.032666
2 382.88 9.74 950.39 459.41 0.032635
6 603.85 55.27 616.67 83.99 0.032331
4 909.98 0.36 950.74 51.38 0.032301
2 802.17 11.17 948.97 323.75 0.032251
6 2.02 1.12 490.76 537.54 0.032198
5 820.70 372.66 862.81 437.49 0.032196
3 5.82 37.14 169.48 163.63 0.032183
6 383.21 37.26 397.18 66.37 0.032077
3 737.15 177.22 936.46 372.00 0.032048
3 802.13 72.04 936.37 322.15 0.032038
3 759.63 -0.05 777.24 6.68 0.031949
3 549.73 59.92 934.71 425.21 0.031940
5 527.29 41.12 943.75 374.77 0.031910
3 804.54 291.16 827.48 313.06 0.031842
5 714.22 3.98 951.90 420.63 0.031800
4 919.19 -0.09 932.53 12.98 0.031746
6 877.84 14.59 898.56 40.32 0.031686
3 732.73 48.69 751.94 79.90 0.031629
4 2.74 1.77 329.23 330.01 0.031608
3 854.30 58.46 865.01 69.63 0.031570
3 815.63 266.94 850.66 302.30 0.031535
4 470.50 302.08 499.49 324.98 0.031508
4 877.75 14.32 898.70 39.53 0.031417
5 820.44 372.10 907.61 460.83 0.031351
5 149.17 88.12 176.77 117.61 0.031325
3 698.67 7.69 952.78 445.41 0.031313
6 1.75 1.78 193.83 167.40 0.031125
3 552.73 44.82 940.83 326.79 0.030979
3 151.28 3.28 953.84 534.53 0.030948
4 804.22 291.54 827.80 314.65 0.030942
6 351.83 31.03 376.59 72.76 0.030867
3 753.47 109.54 768.47 135.61 0.030861
5 573.76 307.48 589.60 322.87 0.030733
4 870.79 30.62 897.00 64.97 0.030669
1 882.51 277.51 903.89 312.70 0.030551
4 767.94 46.61 788.50 106.09 0.030504
6 27.18 1.46 153.81 108.65 0.030441
4 570.77 205.95 578.91 214.65 0.030236
1 854.94 211.57 923.88 320.66 0.030230
6 883.14 173.62 934.60 214.70 0.030208
6 861.28 34.87 878.16 58.14 0.030204
3 535.91 85.31 945.44 233.72 0.030186
3 7.36 50.47 85.14 136.75 0.030114
