4 153.19 379.65 305.25 571.80 0.791474
4 720.03 227.91 919.60 328.24 0.760669
5 153.03 379.47 305.56 572.43 0.746850
3 153.38 379.67 305.14 571.89 0.738727
3 720.21 227.89 919.49 328.02 0.716482
6 153.35 379.80 305.47 571.93 0.708879
5 719.88 227.69 919.75 328.40 0.694658
4 474.14 120.90 552.63 223.23 0.672227
3 474.28 120.96 552.50 222.99 0.645350
4 793.32 104.54 878.64 200.28 0.643264
6 720.24 228.02 919.46 328.11 0.641840
6 474.33 120.90 552.73 223.22 0.631816
5 474.13 120.69 552.83 223.47 0.630767
1 616.57 228.51 641.35 290.38 0.624509
3 793.54 104.47 878.29 200.16 0.607732
1 606.50 520.48 642.07 595.73 0.607191
1 672.13 297.61 699.00 364.62 0.604842
1 754.50 633.37 785.97 704.67 0.603613
1 632.05 285.41 657.88 343.89 0.584168
4 771.59 0.22 833.95 67.82 0.575110
6 769.71 0.16 833.70 67.98 0.569833
3 771.16 0.09 833.76 68.74 0.568389
1 500.86 476.62 528.64 535.80 0.560964
5 793.65 104.68 878.52 200.35 0.560595
6 793.91 104.60 878.36 199.97 0.549776
1 646.12 567.24 681.91 641.99 0.535067
2 616.61 228.45 641.26 290.16 0.531424
5 770.30 0.24 833.98 68.00 0.530994
1 745.68 352.62 776.61 411.26 0.504384
2 672.44 297.67 698.81 364.36 0.498136
2 754.59 633.55 785.98 704.42 0.490649
2 632.13 285.36 657.70 343.61 0.486746
1 666.40 487.36 697.44 542.06 0.485030
2 606.60 520.52 641.75 595.37 0.482633
1 1167.04 452.14 1212.57 523.99 0.449878
2 501.08 476.67 528.59 535.52 0.449360
1 651.02 84.79 673.99 141.24 0.444146
1 507.39 431.05 533.01 486.25 0.442617
1 651.99 521.32 688.34 587.38 0.441126
2 646.39 566.71 681.56 641.44 0.423788
2 745.94 352.51 776.49 410.82 0.412956
3 535.39 396.65 563.39 457.68 0.396597
3 616.89 228.83 641.11 289.99 0.391680
2 666.35 487.31 697.32 542.58 0.391185
2 507.40 430.91 532.89 486.58 0.389292
2 1167.19 452.11 1212.55 523.82 0.387246
3 672.46 297.94 698.76 364.11 0.383307
3 755.12 633.65 785.77 703.94 0.378710
3 606.74 520.71 641.64 594.99 0.376840
2 651.08 84.86 674.07 140.93 0.372763
1 1128.13 457.10 1172.03 523.38 0.368352
1 678.53 128.00 705.38 188.18 0.364657
2 652.07 521.72 688.14 587.13 0.355857
1 1127.33 428.44 1168.20 522.56 0.355737
3 534.34 370.56 570.84 457.54 0.341716
1 543.79 375.66 572.26 432.55 0.341058
1 396.48 485.95 430.20 549.96 0.339999
3 501.18 476.96 528.26 535.26 0.338196
3 632.43 285.72 657.37 343.09 0.335739
3 746.30 352.79 776.41 410.61 0.322084
2 678.71 128.00 705.25 187.98 0.318486
3 646.93 567.40 681.22 641.38 0.303742
2 396.79 485.80 430.27 549.11 0.299942
2 1127.34 428.50 1168.31 522.69 0.299301
2 1128.75 456.93 1171.60 523.14 0.279832
1 390.02 532.98 420.83 594.61 0.270843
2 544.27 375.83 571.87 432.29 0.255851
2 390.10 533.09 420.44 594.34 0.248474
3 651.59 85.16 673.67 140.47 0.243417
3 1167.37 452.22 1211.83 523.37 0.238418
3 666.54 487.64 697.19 542.07 0.233574
3 1127.35 428.73 1167.83 522.25 0.228845
3 652.25 521.83 687.86 586.59 0.228722
1 432.41 359.13 459.59 420.06 0.226012
1 629.25 546.83 655.74 590.42 0.223509
3 507.74 431.23 532.59 485.96 0.221679
1 1129.52 428.62 1167.64 495.53 0.221317
3 704.17 469.61 784.61 547.28 0.220647
3 696.59 90.88 731.37 149.96 0.215367
2 1126.21 428.17 1213.46 525.71 0.211821
3 771.81 87.47 878.40 200.22 0.210977
2 432.61 358.94 459.88 420.23 0.206794
3 537.99 49.09 566.91 126.97 0.204536
3 696.35 87.22 732.78 151.19 0.199425
1 672.34 47.44 698.50 101.21 0.196402
2 650.74 1.37 756.95 188.59 0.195215
1 718.68 43.84 741.73 94.73 0.191977
2 606.31 486.76 698.70 642.06 0.190935
1 617.94 0.35 637.20 44.50 0.184930
3 1128.71 457.06 1171.69 522.54 0.182226
2 1130.20 428.72 1167.57 492.72 0.178644
2 365.56 1.77 839.14 761.61 0.176185
3 373.48 217.68 550.88 761.54 0.175080
3 543.75 54.58 557.83 84.08 0.173092
3 678.76 129.02 703.88 187.44 0.172096
2 355.49 1.01 911.22 761.88 0.171473
3 396.62 486.14 429.79 549.50 0.170683
3 434.36 390.45 493.81 481.67 0.170273
3 765.13 -0.27 833.80 76.11 0.167553
3 543.82 376.45 571.76 431.60 0.165820
2 618.40 0.42 637.10 44.29 0.165427
1 1126.24 428.08 1213.29 525.60 0.162835
3 606.49 2.02 621.42 39.29 0.161476
3 773.94 141.15 801.94 168.85 0.160465
3 536.02 370.08 554.76 402.49 0.160297
6 537.96 48.94 566.81 126.92 0.159895
3 767.63 86.67 809.23 117.61 0.158086
3 542.51 29.60 572.49 84.61 0.156030
2 718.61 43.42 741.67 94.63 0.153531
2 672.34 47.94 698.69 101.09 0.152799
2 629.64 546.69 655.53 590.79 0.150231
1 534.45 389.13 565.51 458.64 0.149983
1 432.63 358.82 454.97 404.19 0.149444
1 1132.06 428.39 1167.48 475.44 0.147027
2 343.26 1.17 1027.07 762.39 0.146932
1 606.12 487.04 699.47 642.48 0.146163
6 696.66 95.98 730.92 149.36 0.146083
2 534.58 389.65 565.39 458.18 0.144012
3 390.30 533.24 420.04 594.92 0.143418
3 345.92 0.80 1028.57 762.53 0.142248
1 534.41 375.30 571.29 458.44 0.142086
3 696.57 105.78 724.64 149.69 0.140255
3 535.72 370.50 571.37 428.20 0.139540
3 434.34 371.70 459.48 419.09 0.138354
3 535.08 392.22 564.78 458.08 0.137834
1 651.54 1.83 758.70 188.84 0.135639
6 709.01 332.91 756.07 446.24 0.134952
1 719.46 227.40 920.87 328.66 0.133828
1 645.65 0.23 664.54 32.77 0.133502
2 432.98 358.68 455.06 403.64 0.133463
3 629.34 547.11 655.69 589.86 0.133229
3 541.61 421.80 562.54 457.83 0.132650
2 646.03 0.29 664.45 33.07 0.132019
2 1132.34 428.60 1167.50 475.50 0.131660
3 221.04 290.03 287.58 380.47 0.130678
3 704.30 554.74 742.63 743.76 0.130400
1 734.87 0.32 758.93 31.66 0.127142
3 433.02 359.41 458.87 419.63 0.124866
2 734.95 0.40 758.61 31.24 0.124223
3 709.10 333.02 756.22 446.01 0.122057
2 534.83 375.30 571.58 458.09 0.118719
3 687.52 15.09 732.08 61.91 0.117383
3 358.92 1.49 921.45 761.97 0.115666
3 40.41 0.15 382.82 474.27 0.112507
3 606.48 486.78 700.88 641.48 0.111098
3 434.75 438.84 485.08 481.66 0.109902
3 768.66 86.80 812.81 168.35 0.109817
5 696.41 98.59 731.04 150.60 0.109801
1 560.09 6.24 581.82 45.90 0.108183
2 719.43 227.37 921.02 328.47 0.108182
3 703.02 165.21 745.84 210.97 0.107459
3 1126.27 428.24 1212.30 524.77 0.106238
1 604.65 0.20 622.70 41.35 0.104476
2 604.79 0.40 622.73 41.37 0.103379
1 672.79 18.78 745.36 100.78 0.103370
2 673.29 22.69 743.55 100.91 0.103177
2 560.15 6.14 581.63 46.24 0.102103
5 708.43 332.52 756.00 446.16 0.101270
3 618.32 0.29 636.70 44.10 0.100243
4 777.04 25.85 833.19 64.24 0.099449
3 709.98 333.20 752.23 401.25 0.098229
3 419.11 514.51 469.61 556.60 0.097975
1 436.73 377.88 460.70 420.61 0.095222
3 702.05 15.20 725.94 35.70 0.094981
2 461.81 2.46 794.51 757.26 0.094930
1 152.53 379.05 307.03 574.29 0.094712
3 493.32 36.50 529.70 123.27 0.094650
3 381.21 686.96 434.55 726.30 0.093891
6 692.31 15.19 731.74 58.67 0.092048
1 674.31 24.37 701.07 57.96 0.091430
3 510.30 228.18 552.81 261.84 0.090601
3 536.94 26.45 573.74 128.14 0.090526
6 1089.67 117.75 1148.88 235.21 0.090072
2 369.86 215.94 548.25 762.42 0.090038
2 494.22 53.34 528.21 123.56 0.089044
4 696.56 99.61 730.91 149.55 0.088996
1 352.06 1.85 916.66 761.69 0.088986
2 674.55 24.40 700.62 58.72 0.088973
2 1138.81 457.83 1175.12 518.98 0.088187
3 809.37 167.33 876.79 199.92 0.088184
3 481.00 219.29 527.50 294.67 0.088064
2 436.83 377.24 460.51 420.31 0.087980
2 485.11 4.81 781.87 658.91 0.087001
4 703.97 469.38 784.80 546.92 0.086869
3 651.18 0.96 757.66 188.24 0.086532
5 703.52 469.47 785.24 547.64 0.085705
4 537.21 48.21 567.06 127.01 0.085432
4 434.66 388.98 493.64 482.60 0.085425
1 495.01 53.53 528.50 123.01 0.085349
1 344.31 1.18 1028.52 762.51 0.084862
2 467.29 471.17 489.21 538.67 0.084790
3 455.85 373.47 505.73 399.32 0.083616
1 606.34 513.49 698.27 642.77 0.082909
3 1089.15 117.70 1149.09 235.92 0.082645
6 709.92 333.09 751.90 401.59 0.082426
2 152.71 378.92 307.00 573.92 0.082103
3 532.21 14.14 578.16 84.92 0.082036
2 650.46 1.06 758.08 141.53 0.081875
2 500.66 373.89 572.84 535.87 0.081637
6 493.51 35.59 530.29 123.61 0.081252
3 431.80 478.24 473.98 503.01 0.080885
3 373.27 15.41 574.39 760.46 0.080748
3 433.13 359.10 454.73 403.56 0.080617
3 544.85 27.43 572.95 57.73 0.080587
3 461.56 238.60 487.69 269.12 0.080452
1 1146.29 457.86 1176.88 514.29 0.080204
3 692.33 48.56 738.71 89.51 0.079951
6 703.50 469.74 784.92 547.14 0.079351
3 672.93 47.95 698.48 100.46 0.079030
5 1089.26 117.56 1149.13 235.44 0.078866
3 420.26 496.02 471.84 556.81 0.078643
1 370.66 216.37 550.39 762.10 0.078561
2 11.35 1.27 1343.32 763.18 0.078420
3 680.54 87.22 733.39 185.71 0.078323
3 701.98 331.96 785.19 749.60 0.076930
4 474.88 160.36 532.53 199.82 0.076772
1 704.24 468.62 787.66 549.06 0.076769
3 683.78 15.23 739.14 89.90 0.076706
2 616.05 228.01 700.13 364.52 0.075824
3 717.34 399.59 756.55 446.01 0.075587
3 419.25 384.50 494.49 556.91 0.075464
3 808.45 151.77 877.40 200.41 0.075070
3 221.37 290.46 286.76 338.48 0.074666
2 531.80 3.08 581.99 57.12 0.074616
5 537.18 48.44 566.95 127.10 0.074537
1 530.93 2.92 582.16 52.54 0.073354
3 716.47 86.82 732.49 113.17 0.073260
3 682.71 15.11 742.15 91.97 0.072794
1 587.89 0.35 606.16 40.67 0.072590
1 371.04 2.12 785.37 761.99 0.072330
3 427.23 496.76 472.75 520.46 0.071912
2 605.87 2.15 788.46 753.63 0.071830
3 735.08 0.40 758.43 30.98 0.071640
3 494.24 53.14 527.93 123.39 0.071543
3 692.74 51.00 736.03 89.08 0.071480
1 467.18 471.63 489.85 537.29 0.071156
1 1139.32 457.53 1174.26 518.75 0.070716
3 773.50 47.68 831.07 80.10 0.070392
3 713.60 472.58 779.77 530.32 0.070277
1 670.84 0.53 758.97 102.84 0.070091
3 475.10 162.27 542.23 222.53 0.069948
3 393.38 551.21 455.61 670.63 0.069544
2 390.72 485.90 431.04 594.29 0.069465
3 1132.46 428.81 1167.17 478.46 0.069281
4 696.45 87.74 732.54 150.30 0.068857
1 38.63 1.25 384.13 478.24 0.068764
2 706.66 468.96 787.14 548.99 0.068760
3 418.07 219.96 548.28 557.29 0.068612
1 220.29 288.87 289.38 381.27 0.068611
6 745.50 645.77 767.78 686.14 0.067946
2 1148.53 458.35 1178.06 513.76 0.067775
3 266.55 147.10 382.96 471.84 0.067770
3 646.06 0.26 664.18 32.60 0.067502
6 474.11 1.00 572.51 223.95 0.067225
2 492.14 0.87 581.48 125.56 0.066999
5 686.17 14.87 732.59 62.27 0.066918
3 481.22 219.65 552.61 294.04 0.066842
2 714.86 471.61 780.86 530.39 0.066752
6 385.72 657.96 410.89 712.05 0.066473
3 719.28 43.99 741.35 93.96 0.066122
3 523.93 229.17 552.80 261.36 0.066006
5 709.41 332.56 752.35 402.68 0.065311
3 537.15 12.65 578.26 128.35 0.065183
3 468.37 220.67 528.37 382.97 0.065066
3 776.33 26.17 832.90 64.30 0.065048
3 461.69 238.26 492.74 291.74 0.064140
2 606.47 517.48 690.54 642.58 0.064012
6 492.03 0.34 534.75 124.40 0.063601
1 691.65 44.78 738.83 93.18 0.063503
3 51.60 0.90 1035.81 761.84 0.063458
3 457.88 220.73 551.93 394.51 0.063298
6 435.02 391.66 492.65 482.70 0.062814
3 685.68 34.30 709.13 59.01 0.062759
1 379.62 686.03 435.20 727.44 0.062695
5 744.97 645.39 767.13 686.30 0.062166
1 695.30 89.95 733.21 149.06 0.062031
2 746.35 352.68 768.19 407.12 0.062028
1 694.88 89.92 733.38 161.85 0.061900
4 434.59 438.44 485.28 482.49 0.061675
2 616.78 1.31 757.53 364.58 0.061045
1 433.51 448.17 458.42 480.67 0.060844
3 633.11 285.89 656.46 342.10 0.060345
3 748.54 379.44 765.12 409.80 0.060206
3 745.31 645.61 767.95 685.59 0.060019
5 474.66 160.65 532.64 200.01 0.059988
3 511.55 513.67 523.38 534.13 0.059845
6 536.12 370.70 571.48 428.35 0.059810
2 433.88 447.22 458.06 480.37 0.059734
1 534.11 369.72 555.51 407.84 0.059602
3 429.59 438.93 483.79 517.64 0.058732
3 673.83 20.26 743.38 99.32 0.058506
3 381.87 687.38 406.24 714.56 0.058418
3 480.43 220.42 551.59 303.57 0.058267
1 265.41 146.32 384.16 473.25 0.058041
3 317.72 389.33 336.05 410.15 0.057954
4 371.98 216.08 552.19 762.65 0.057918
3 479.95 193.96 541.80 223.06 0.057675
3 700.27 14.90 727.55 36.70 0.057354
4 718.55 0.77 919.71 329.09 0.057296
1 669.48 2.99 754.06 187.59 0.057143
6 696.94 105.45 723.49 148.55 0.057002
3 418.50 442.43 484.26 557.44 0.056813
3 529.79 1.91 538.46 24.03 0.056509
2 671.22 0.79 758.35 102.62 0.056473
3 417.86 219.27 532.66 557.50 0.056306
2 220.58 288.88 289.24 381.22 0.056187
4 456.53 373.42 505.98 398.69 0.055943
3 500.72 371.06 572.81 536.22 0.055887
5 40.63 1.21 383.63 473.33 0.055667
3 430.40 494.58 473.42 506.22 0.055121
3 531.46 3.84 580.10 50.90 0.055028
3 676.51 9.05 754.32 186.12 0.054812
1 712.08 87.26 733.00 127.72 0.054805
3 605.24 0.17 622.36 40.82 0.054760
6 371.57 218.38 551.02 762.28 0.054725
3 449.80 414.14 488.09 443.07 0.054383
1 678.21 87.77 733.50 188.50 0.054328
1 613.31 3.17 758.44 651.11 0.053789
5 535.63 370.80 571.57 430.17 0.053537
1 391.01 485.73 430.85 593.52 0.053511
1 702.07 164.55 747.03 211.82 0.053381
6 40.04 1.15 379.81 472.76 0.053268
3 714.80 485.62 744.29 524.25 0.053253
3 534.77 370.07 555.58 407.03 0.053173
3 716.96 443.88 758.91 471.39 0.053149
2 501.33 372.45 702.58 643.16 0.052938
2 606.30 487.39 697.47 597.02 0.052892
4 684.49 14.95 732.07 63.20 0.052798
5 265.51 147.24 383.27 471.65 0.052720
3 374.11 687.44 434.17 762.81 0.052713
3 491.88 0.42 534.36 124.21 0.052693
3 381.74 551.38 455.25 724.21 0.052597
2 604.62 0.36 637.36 44.97 0.052571
3 718.42 0.76 919.32 328.79 0.052545
3 433.54 220.35 542.11 483.96 0.052439
6 434.86 438.39 484.90 482.74 0.052241
1 372.80 686.65 434.75 762.88 0.052194
3 434.02 369.18 505.71 401.10 0.052171
3 606.43 515.93 698.98 642.39 0.051837
2 517.46 0.67 759.88 189.01 0.051773
3 744.54 646.41 766.94 690.45 0.051753
1 319.73 536.41 357.75 590.40 0.051566
6 389.61 658.03 410.28 691.30 0.051474
3 702.42 143.43 745.93 211.16 0.051438
3 1137.40 481.65 1172.96 516.26 0.051429
4 265.90 147.21 383.44 471.86 0.051419
3 478.45 245.25 495.48 292.83 0.051379
3 531.16 3.41 580.23 84.67 0.051370
3 561.36 6.73 581.29 44.67 0.051290
3 474.28 7.62 573.84 223.08 0.051079
3 479.40 248.99 493.87 291.63 0.050969
3 474.78 160.87 532.75 199.46 0.050920
1 764.85 0.22 835.21 75.19 0.050585
1 714.58 484.75 743.17 524.79 0.050416
3 448.81 394.23 492.89 445.06 0.050374
3 397.45 612.40 450.91 631.07 0.050335
3 433.85 447.76 458.97 480.26 0.050291
3 436.96 377.32 460.29 420.12 0.050155
2 695.68 88.55 733.15 148.83 0.049881
1 473.54 120.38 552.92 222.87 0.049808
1 432.43 448.17 460.22 501.00 0.049530
2 493.67 84.76 516.10 124.68 0.049496
4 419.21 514.02 469.92 556.25 0.049329
3 735.80 0.93 756.36 30.64 0.049323
3 477.02 287.54 519.05 345.50 0.049091
1 589.53 0.31 621.05 41.57 0.048922
5 692.31 49.74 738.11 89.24 0.048916
1 788.59 104.12 880.28 201.27 0.048885
3 1151.61 481.88 1174.49 514.16 0.048681
3 374.25 376.79 501.46 761.17 0.048401
4 700.35 14.90 727.38 36.71 0.048327
6 717.64 399.57 753.78 442.56 0.048217
1 774.02 129.36 809.23 169.69 0.048066
2 534.83 369.90 556.14 409.46 0.047989
5 776.98 25.56 833.35 64.26 0.047970
3 605.75 0.27 633.67 41.44 0.047898
3 695.39 100.73 731.16 150.87 0.047793
2 380.01 685.28 435.08 727.47 0.047782
4 719.56 103.55 920.07 328.68 0.047729
3 692.27 45.34 738.13 92.33 0.047707
4 708.39 332.78 756.71 445.89 0.047650
6 692.51 49.34 737.78 88.98 0.047577
4 317.69 389.35 336.73 410.72 0.047493
6 719.92 0.73 919.53 328.45 0.047428
6 700.19 15.06 728.02 37.23 0.047369
3 536.26 370.30 556.15 402.99 0.047305
2 433.16 447.12 458.84 502.20 0.047174
3 374.53 551.02 456.52 761.67 0.047115
2 265.80 146.42 384.30 472.55 0.047094
3 531.80 3.12 581.55 56.61 0.047092
3 736.43 0.56 757.63 30.46 0.046867
3 382.84 384.36 493.22 725.03 0.046851
1 493.55 83.00 516.31 124.57 0.046800
3 463.06 220.07 551.94 298.61 0.046709
3 486.45 258.65 524.38 295.67 0.046564
2 36.32 1.44 383.23 474.23 0.046543
3 703.47 467.59 784.72 746.79 0.046372
5 534.49 370.34 571.83 457.50 0.046184
5 317.50 389.55 336.49 410.42 0.045858
4 328.57 147.91 382.88 176.65 0.045752
2 373.12 686.29 434.95 762.80 0.045647
6 685.20 15.15 739.28 89.10 0.045579
5 340.65 1.59 1033.03 762.70 0.045516
3 719.73 88.16 919.33 327.87 0.045336
3 428.86 497.25 472.78 517.97 0.045233
3 717.34 399.79 757.53 472.21 0.045121
3 671.80 0.94 757.60 101.63 0.045079
2 715.91 484.98 743.73 524.59 0.045026
1 712.02 471.33 780.15 529.63 0.044894
5 700.13 14.64 727.20 37.21 0.044797
6 740.59 645.85 768.18 701.46 0.044773
2 691.88 44.06 739.02 92.80 0.044724
3 717.04 340.43 734.93 364.06 0.044664
5 696.35 87.45 732.77 151.75 0.044589
3 1149.87 458.00 1178.11 512.46 0.044440
3 374.13 706.29 426.06 762.62 0.044390
3 468.63 340.00 508.24 382.62 0.044265
3 673.44 298.68 698.00 363.48 0.044171
3 652.49 85.64 672.73 139.27 0.044061
3 381.20 659.59 435.48 726.88 0.044060
1 630.95 0.95 785.84 759.39 0.043694
3 256.91 508.89 271.44 547.96 0.043668
1 404.28 633.60 426.26 670.09 0.043610
6 265.63 147.48 382.91 471.42 0.043369
3 537.96 52.18 561.87 126.60 0.043255
5 434.60 390.38 493.73 482.92 0.043232
1 612.59 0.89 782.66 754.47 0.043186
5 717.34 399.31 754.26 444.15 0.043148
4 418.90 384.38 493.39 556.72 0.043092
3 434.84 370.62 505.01 416.18 0.042953
6 480.96 220.61 552.42 292.59 0.042631
3 717.69 86.03 732.55 101.89 0.042628
1 472.03 384.07 493.89 419.18 0.042616
2 678.29 87.24 733.47 188.52 0.042505
4 717.41 399.37 755.55 445.42 0.042361
6 704.08 553.88 742.88 744.73 0.042218
1 703.11 553.35 744.68 747.70 0.042122
3 1107.84 155.04 1147.57 234.29 0.042056
2 702.49 164.54 747.05 211.47 0.041997
2 588.97 0.31 616.87 41.80 0.041817
3 809.62 168.73 835.02 197.05 0.041681
3 617.75 229.29 640.26 289.47 0.041585
3 684.54 34.24 726.10 64.07 0.041548
3 449.76 413.29 485.28 442.29 0.041428
2 491.85 2.31 535.74 124.91 0.041316
4 1089.61 117.20 1149.36 235.15 0.041231
6 317.94 390.09 335.97 410.30 0.041222
3 456.54 461.28 485.20 481.92 0.041014
2 774.20 129.75 809.31 169.77 0.040974
5 389.26 657.39 410.63 690.91 0.040901
3 697.46 108.09 723.04 149.07 0.040842
2 765.11 0.19 835.31 74.15 0.040796
3 704.23 333.66 785.28 548.18 0.040777
5 493.37 36.74 530.68 123.04 0.040761
3 615.87 -1.00 790.31 759.36 0.040672
6 530.84 0.08 575.77 27.54 0.040639
3 675.05 24.90 702.77 58.42 0.040602
3 687.54 15.21 726.85 60.45 0.040582
4 709.62 332.97 752.15 401.27 0.040462
2 718.53 17.90 742.46 58.17 0.040398
2 319.60 532.74 357.69 590.56 0.040390
3 435.46 371.99 505.29 422.10 0.040317
3 380.36 685.60 435.09 727.46 0.040230
3 747.00 353.05 768.76 407.58 0.040135
3 393.40 379.85 497.19 679.31 0.040094
3 701.48 13.34 752.16 35.89 0.039977
1 719.06 18.10 741.82 58.28 0.039950
4 692.46 49.34 738.38 88.98 0.039927
6 736.34 0.42 757.84 30.39 0.039782
5 369.11 217.86 551.83 762.24 0.039641
1 405.04 694.79 436.56 728.33 0.039513
6 535.07 370.43 571.24 457.26 0.039424
2 591.88 0.27 663.82 45.51 0.039375
3 460.61 236.21 494.09 292.60 0.039238
3 460.42 393.23 492.89 421.20 0.039209
3 433.99 370.73 452.37 401.57 0.039060
3 402.26 551.87 454.58 627.26 0.038967
3 742.46 645.91 767.65 700.70 0.038894
2 151.60 0.69 1042.06 762.41 0.038821
3 469.73 286.12 518.88 383.39 0.038768
6 536.36 370.55 556.57 402.91 0.038761
6 719.86 103.68 919.64 328.00 0.038757
6 456.05 373.60 505.94 399.54 0.038580
1 477.01 242.50 496.54 293.32 0.038469
2 367.05 0.89 583.99 762.46 0.038391
3 706.71 556.42 734.93 584.06 0.038259
1 421.45 481.12 473.28 556.70 0.038071
5 473.96 1.94 577.74 224.58 0.038054
3 434.56 449.14 458.07 479.78 0.037998
4 426.31 496.69 473.13 520.22 0.037952
6 419.50 439.42 483.36 557.40 0.037887
2 531.71 1.92 581.96 86.32 0.037866
5 719.45 103.88 920.12 328.22 0.037855
3 430.31 495.01 473.16 509.03 0.037730
4 474.03 6.61 575.65 224.02 0.037697
3 475.12 160.81 531.66 202.46 0.037682
3 37.79 1.26 383.73 572.95 0.037681
4 39.55 1.00 383.85 473.12 0.037675
4 473.96 161.22 541.17 221.49 0.037668
6 491.75 0.29 572.97 129.15 0.037377
1 491.03 3.40 771.97 657.24 0.037315
3 750.87 505.97 772.96 527.31 0.037283
3 530.86 0.24 579.19 25.84 0.037145
3 530.91 0.63 578.90 29.44 0.037089
5 698.62 15.00 727.39 53.69 0.036988
1 402.54 618.23 433.61 669.87 0.036840
5 681.14 14.93 740.28 90.52 0.036779
4 480.96 219.08 527.94 294.52 0.036702
3 685.92 35.69 727.89 65.75 0.036673
3 457.48 219.32 529.40 397.23 0.036608
4 352.62 1.39 926.71 761.94 0.036603
3 432.76 220.61 552.46 484.36 0.036506
4 265.82 147.93 383.26 248.41 0.036428
4 341.43 1.16 1055.24 762.86 0.036407
3 502.14 477.89 527.10 534.34 0.036373
6 700.54 330.85 784.92 752.98 0.036359
3 747.96 506.34 785.88 549.44 0.036313
6 419.40 514.15 469.97 556.64 0.036298
2 523.52 0.11 758.22 142.86 0.036003
5 328.36 147.88 382.78 176.71 0.035986
3 266.35 147.69 382.25 253.91 0.035872
3 519.78 228.50 552.96 262.19 0.035814
2 319.27 1.65 1272.36 762.42 0.035810
5 434.39 437.98 484.99 482.87 0.035775
4 493.78 36.30 530.60 122.69 0.035758
3 55.19 1.38 932.11 761.03 0.035672
2 789.18 103.83 880.45 200.74 0.035650
3 536.39 46.62 566.90 127.80 0.035634
6 494.77 36.64 568.57 128.77 0.035584
6 536.70 5.13 579.42 127.34 0.035424
2 711.27 87.14 732.68 129.02 0.035355
3 696.06 105.49 730.28 166.58 0.035320
2 692.70 48.18 723.33 88.94 0.035247
5 385.31 657.40 411.31 712.91 0.035120
3 695.51 86.94 745.73 210.11 0.035107
3 706.01 555.93 734.80 585.27 0.035059
3 347.47 383.15 378.79 424.68 0.035043
1 502.16 371.45 701.75 643.61 0.035023
3 404.71 633.13 425.97 669.72 0.034966
2 473.66 120.07 553.25 222.56 0.034925
3 562.31 7.16 580.35 41.95 0.034893
3 469.99 385.08 493.62 419.56 0.034888
4 744.92 645.38 767.53 685.45 0.034888
1 460.90 235.61 495.42 292.86 0.034869
3 773.93 46.16 789.86 77.20 0.034800
3 433.43 448.43 462.03 500.73 0.034749
1 467.21 384.68 493.77 421.33 0.034686
1 396.68 668.26 436.11 728.52 0.034619
6 703.48 165.42 745.98 211.06 0.034605
3 433.71 362.14 454.84 402.96 0.034559
3 712.16 505.07 779.88 531.30 0.034521
3 774.92 138.73 876.77 200.36 0.034515
3 703.01 164.22 724.96 211.24 0.034436
3 468.78 323.96 507.23 382.67 0.034431
4 703.33 165.37 746.28 211.09 0.034424
6 418.88 384.83 493.46 556.90 0.034406
3 647.22 0.29 663.26 32.76 0.034322
5 746.97 352.71 776.75 410.25 0.034299
3 381.15 441.25 484.24 723.99 0.034261
6 373.97 703.52 427.14 763.13 0.034177
3 389.64 657.58 410.19 689.41 0.034133
4 704.28 553.68 742.26 743.65 0.034099
6 343.66 1.39 1033.03 762.69 0.034050
1 716.32 398.86 757.65 446.18 0.033991
1 264.94 147.01 384.36 248.87 0.033987
3 606.50 487.49 697.32 596.51 0.033856
3 701.31 0.64 757.16 36.16 0.033833
3 709.00 706.21 741.10 743.47 0.033747
2 404.56 634.51 426.52 670.17 0.033681
4 683.33 14.69 739.85 89.98 0.033659
3 680.68 106.64 725.76 186.46 0.033404
3 457.31 392.95 493.42 420.21 0.033381
1 747.47 505.92 786.66 550.19 0.033329
3 794.86 105.23 871.42 160.81 0.033273
3 508.39 68.58 526.28 86.42 0.033267
5 703.33 165.24 746.37 211.22 0.033250
3 538.45 83.10 565.09 127.03 0.033221
3 431.95 462.63 477.24 503.67 0.033165
3 381.92 657.62 432.55 719.41 0.032978
3 952.95 -0.06 965.04 11.78 0.032958
1 433.29 385.08 494.81 482.50 0.032925
3 538.74 89.24 555.92 125.03 0.032843
6 480.75 219.46 527.42 292.72 0.032840
1 491.89 0.85 581.80 125.16 0.032821
1 475.35 286.57 520.49 347.14 0.032740
1 474.11 303.32 500.81 345.30 0.032724
3 702.23 140.38 730.42 167.59 0.032722
6 683.63 0.24 756.86 64.36 0.032691
2 472.06 383.56 493.29 418.80 0.032658
3 538.06 87.54 556.04 124.42 0.032624
1 354.20 381.78 381.43 421.62 0.032404
4 535.76 370.57 571.71 429.67 0.032262
6 368.67 3.28 565.03 762.31 0.032258
6 776.55 26.08 832.80 64.13 0.032229
5 265.33 147.90 383.18 247.18 0.032219
3 714.85 484.87 779.45 529.33 0.032217
3 688.81 84.80 878.93 203.61 0.032210
3 385.61 657.65 410.97 712.38 0.032167
3 531.35 10.99 576.39 30.40 0.032163
3 433.27 219.19 530.39 483.70 0.032132
3 534.43 370.87 560.14 429.12 0.032119
1 531.00 1.76 582.08 60.12 0.032117
1 546.40 375.99 572.06 431.12 0.032117
2 404.82 693.97 436.22 728.03 0.032064
3 465.93 218.33 530.32 384.26 0.031924
3 510.70 451.59 530.58 479.79 0.031913
3 419.75 512.20 470.59 556.83 0.031840
3 398.70 222.05 536.65 676.10 0.031829
1 705.32 555.88 735.82 585.82 0.031609
2 404.61 629.08 427.79 669.95 0.031591
3 1116.70 179.10 1139.77 217.41 0.031553
1 492.00 1.24 535.52 124.51 0.031502
3 367.07 0.61 772.77 762.90 0.031499
5 373.54 699.07 428.68 763.12 0.031491
2 531.01 1.62 581.50 40.85 0.031487
3 619.09 0.29 634.96 42.28 0.031433
1 382.35 658.74 435.34 726.85 0.031294
4 809.06 165.85 876.67 200.04 0.031230
3 772.99 27.95 832.31 80.95 0.031117
4 431.12 478.80 474.10 502.48 0.031101
5 535.99 370.32 556.47 403.89 0.031055
5 704.27 553.61 743.50 745.95 0.031023
3 435.07 455.59 484.33 482.51 0.031016
2 541.37 36.02 565.55 87.45 0.031014
1 606.47 487.51 697.49 597.79 0.030931
3 320.83 539.07 357.05 589.12 0.030861
3 616.22 228.70 699.45 364.02 0.030818
3 761.20 228.67 915.15 282.51 0.030775
4 393.81 550.84 455.62 670.46 0.030760
3 394.23 610.91 443.87 670.02 0.030745
2 528.09 0.39 663.70 50.97 0.030588
5 536.32 23.49 572.67 129.18 0.030580
4 373.92 706.01 426.35 762.75 0.030523
3 493.90 83.57 516.01 124.50 0.030494
3 468.62 323.29 504.55 382.58 0.030471
3 749.71 361.46 774.12 402.86 0.030461
3 1118.30 180.66 1138.43 214.96 0.030448
4 761.01 228.83 914.63 284.23 0.030387
1 380.09 686.49 407.84 716.53 0.030320
3 588.56 0.39 607.35 40.28 0.030298
3 397.67 612.30 428.69 630.31 0.030283
2 541.78 49.38 560.74 87.21 0.030257
3 530.61 8.43 538.99 23.44 0.030228
3 563.40 9.09 580.73 38.64 0.030184
3 460.94 236.37 489.72 269.93 0.030148
6 430.79 438.20 484.01 504.29 0.030108
3 475.81 220.27 528.53 347.96 0.030107
4 417.36 219.54 532.84 557.58 0.030056
3 404.43 638.23 437.41 669.59 0.030040
3 405.56 639.45 423.54 668.52 0.030036
4 481.36 219.70 552.69 293.97 0.030007
