3 728.92 640.03 801.73 753.09 0.654598
3 545.62 1.55 917.72 761.50 0.648464
3 608.50 675.99 686.36 764.39 0.643086
3 641.01 550.10 704.97 653.53 0.633451
3 743.41 533.16 819.18 631.75 0.625108
10 728.74 639.91 801.87 753.24 0.603987
3 716.18 451.16 775.10 528.49 0.596971
3 616.54 449.89 667.10 523.95 0.594977
10 743.38 533.04 819.37 631.79 0.574120
10 608.54 675.85 686.34 764.18 0.573977
3 604.68 0.79 818.28 761.73 0.570720
10 641.23 550.42 704.85 653.10 0.567615
10 716.12 451.08 775.24 528.62 0.546443
10 616.63 449.83 667.00 524.01 0.536781
3 622.89 383.55 667.20 442.21 0.534540
10 607.45 -0.02 815.07 761.44 0.519179
3 39.42 49.74 73.99 71.37 0.515988
3 62.29 60.04 100.25 82.58 0.507841
10 622.66 383.52 667.15 442.18 0.465402
3 623.61 326.28 662.78 374.42 0.444346
3 705.23 356.54 759.73 438.37 0.439352
3 177.11 0.11 198.96 11.40 0.436532
3 692.33 319.85 733.71 367.17 0.433319
10 704.67 356.79 759.82 438.58 0.418833
3 201.72 -0.05 221.95 12.80 0.414245
10 62.15 59.92 100.27 82.64 0.412416
10 39.26 49.54 74.00 71.39 0.406302
3 704.42 368.67 759.69 439.15 0.398819
3 624.97 287.24 660.81 327.30 0.392644
10 623.45 326.15 662.80 374.49 0.390936
3 678.00 264.77 717.26 317.89 0.383766
3 625.76 251.55 657.12 285.97 0.362634
10 692.22 319.72 733.86 367.18 0.354657
3 682.14 279.44 717.62 317.69 0.354109
10 677.90 264.88 717.44 317.82 0.350837
10 177.07 0.09 199.32 11.54 0.348551
3 623.22 225.90 650.96 255.52 0.347444
3 623.71 199.33 651.24 226.70 0.331347
3 623.51 175.69 648.88 201.75 0.328780
3 682.19 224.51 712.95 254.02 0.327413
10 201.65 -0.02 222.09 12.82 0.323767
10 624.97 287.25 660.87 326.92 0.320195
3 686.23 251.88 717.62 283.15 0.318378
3 675.47 201.13 706.79 228.66 0.316090
3 670.36 178.22 696.74 203.99 0.298657
3 671.56 6.62 1000.75 762.14 0.292337
3 627.78 151.28 650.11 175.86 0.288931
3 675.69 153.11 702.93 183.26 0.286391
10 625.71 251.56 657.18 285.83 0.283006
10 681.81 280.58 718.02 317.87 0.258939
3 741.98 203.61 999.33 760.52 0.253286
10 623.13 225.84 651.26 255.02 0.250158
10 623.57 199.52 651.37 226.54 0.249147
3 620.91 25.88 643.18 63.22 0.246945
3 708.50 355.84 750.33 388.82 0.242663
3 633.89 105.12 653.00 124.83 0.242153
3 622.46 0.67 640.76 20.78 0.241910
10 686.21 251.78 717.83 282.98 0.241368
10 682.13 224.40 713.01 253.95 0.238944
3 645.37 2.98 657.87 18.20 0.235243
10 623.35 175.87 648.85 201.58 0.234961
3 629.89 132.43 651.35 155.50 0.222753
10 674.82 201.01 707.13 228.74 0.221911
3 515.19 2.33 622.98 760.99 0.218710
3 670.04 105.52 699.12 141.48 0.218207
3 654.48 70.46 670.44 88.79 0.215072
3 679.41 272.42 717.69 317.94 0.214546
10 627.76 151.14 650.31 175.56 0.211573
10 670.32 178.53 696.78 203.96 0.209637
3 544.55 4.42 620.58 760.46 0.207371
3 672.18 138.71 694.45 160.99 0.204560
10 675.64 153.18 702.98 183.39 0.203484
3 621.90 42.82 641.56 63.59 0.201515
10 708.37 355.74 750.58 389.11 0.198542
3 626.83 70.64 644.50 90.06 0.198082
10 620.64 25.72 642.95 63.49 0.196032
3 657.77 76.68 688.38 112.19 0.192658
3 705.85 380.08 759.71 437.96 0.191831
10 622.54 0.20 641.19 20.11 0.191796
3 627.83 90.94 647.96 110.76 0.190615
3 623.26 -0.00 640.57 18.39 0.188902
3 671.98 10.73 933.16 760.88 0.186344
3 648.22 20.48 668.37 34.38 0.181542
3 649.30 45.43 674.91 70.40 0.179404
3 1321.32 660.24 1359.30 763.94 0.175740
10 645.29 2.91 658.16 19.17 0.174966
3 627.21 118.61 647.70 138.31 0.173006
3 743.59 206.68 935.52 758.84 0.171602
3 619.14 63.96 635.62 77.97 0.168729
3 648.02 19.62 668.42 35.16 0.168031
3 649.90 30.05 674.87 49.00 0.163589
3 620.88 25.18 641.68 43.64 0.163103
10 633.84 105.21 653.29 124.86 0.161697
10 629.57 132.28 651.45 155.56 0.160486
3 39.31 49.24 100.62 82.98 0.151982
3 1.84 0.16 345.46 280.88 0.150836
10 649.15 45.10 674.93 70.52 0.147462
3 629.74 131.29 651.33 154.42 0.145768
3 623.06 1.31 641.10 18.77 0.144747
3 622.23 0.05 641.62 21.30 0.142666
10 627.61 91.00 648.15 110.98 0.141404
10 39.15 49.13 100.70 83.08 0.141235
10 669.71 105.23 699.33 142.19 0.140518
3 711.90 88.69 999.74 759.33 0.140414
3 531.13 2.17 1000.83 761.17 0.140122
10 620.07 0.19 763.22 441.63 0.140106
10 672.01 138.55 694.77 161.34 0.139533
3 176.82 -0.01 222.27 13.18 0.138118
10 626.60 70.27 644.47 90.09 0.137192
3 621.56 0.33 763.17 439.57 0.137052
3 627.12 151.17 650.84 175.18 0.136641
3 672.10 126.36 698.98 144.67 0.136285
10 653.95 70.08 671.29 88.86 0.136065
3 666.60 3.51 1303.53 760.99 0.135378
3 647.74 18.87 668.54 35.52 0.133716
3 622.21 41.40 641.95 63.13 0.132650
3 670.94 7.73 1106.39 760.11 0.131140
10 647.66 20.16 668.51 34.82 0.127819
3 771.17 43.66 793.22 57.37 0.127645
10 657.68 76.54 688.58 112.59 0.127321
10 621.64 42.11 641.84 63.53 0.127110
3 619.87 4.04 776.71 530.59 0.125771
10 627.19 118.65 647.96 138.31 0.125366
3 627.51 89.90 647.71 110.50 0.123696
10 649.15 29.22 674.48 48.87 0.123610
3 645.17 2.60 658.45 19.63 0.122818
3 665.87 106.35 675.04 129.11 0.122255
3 627.13 90.52 648.25 110.21 0.121724
3 646.43 2.61 657.81 14.89 0.120102
10 176.77 -0.17 222.45 13.28 0.117032
3 627.77 89.35 647.75 109.55 0.114939
3 649.43 43.31 674.86 70.01 0.113892
10 619.18 63.89 635.93 78.09 0.113771
3 671.87 138.16 694.43 162.71 0.113138
3 650.53 30.56 673.96 49.69 0.112600
3 507.67 140.55 617.70 758.02 0.112221
3 532.10 212.82 620.11 758.25 0.110140
3 666.19 106.76 675.88 129.62 0.109436
3 672.63 121.49 698.67 142.90 0.106893
3 628.15 89.77 647.31 108.85 0.106607
3 626.62 151.55 650.67 176.25 0.105290
3 685.09 253.29 717.22 283.63 0.103638
3 702.83 11.50 824.98 218.63 0.102773
3 621.04 0.43 718.57 443.22 0.102540
3 647.47 17.55 668.62 42.47 0.101970
3 626.18 70.71 645.81 104.88 0.101621
3 781.55 327.17 1000.39 757.43 0.101114
3 815.43 471.97 1001.26 758.46 0.101047
10 704.67 381.06 759.56 438.30 0.100132
3 618.95 0.37 673.40 524.65 0.099475
10 627.62 90.30 647.74 109.60 0.098412
3 558.19 131.95 622.29 758.95 0.097690
3 623.76 0.51 642.12 20.33 0.097597
3 618.96 18.74 667.95 526.38 0.096808
10 624.36 -0.27 643.06 18.46 0.096175
3 648.87 31.05 675.62 70.26 0.095365
3 631.08 131.61 651.58 155.27 0.095031
10 617.99 0.67 670.75 525.18 0.094584
3 672.06 136.46 694.42 160.60 0.094463
3 451.99 2.59 620.45 762.96 0.092909
3 654.28 66.12 673.11 88.93 0.092393
3 37.72 0.46 224.93 83.32 0.092363
3 785.68 380.83 1006.77 758.64 0.090965
3 535.40 265.97 616.79 757.08 0.090877
10 644.07 3.13 658.95 22.41 0.090836
3 750.82 214.48 900.85 553.60 0.090736
3 648.84 29.37 674.27 48.36 0.090083
3 657.42 95.83 672.88 112.19 0.089982
3 667.68 103.68 696.57 127.89 0.089418
3 557.42 13.19 625.07 526.63 0.089271
3 672.68 135.12 695.13 153.74 0.088896
3 838.06 467.48 997.58 757.93 0.087892
3 653.63 69.72 671.91 88.94 0.087030
3 540.89 153.46 613.52 758.41 0.086013
10 1321.36 660.34 1359.09 763.46 0.086001
3 1249.91 420.56 1358.81 763.46 0.085993
3 509.20 287.62 612.96 758.09 0.085975
3 729.51 199.19 1109.16 759.11 0.085348
3 517.59 207.86 622.32 758.77 0.084988
10 671.99 126.49 698.82 145.71 0.084420
3 803.84 355.80 1002.09 757.24 0.084346
3 630.37 132.92 650.97 153.82 0.084138
3 744.81 218.26 949.87 657.17 0.083856
3 676.83 201.45 706.13 227.90 0.083811
3 627.98 120.13 650.93 150.60 0.082727
3 646.45 2.77 657.81 16.44 0.082596
3 647.49 20.28 668.84 35.77 0.082189
3 762.24 315.50 942.89 756.41 0.081815
3 620.92 0.38 718.75 375.39 0.081693
10 620.86 1.33 722.66 375.00 0.080484
3 618.58 63.42 636.52 79.55 0.080009
3 672.13 136.24 695.18 159.67 0.079162
3 646.13 2.50 657.04 15.10 0.079023
3 693.88 112.38 916.79 758.96 0.078816
3 704.04 20.78 824.64 317.58 0.078528
3 626.38 70.10 644.55 89.48 0.077864
10 672.34 135.32 695.89 154.75 0.077614
10 648.82 24.80 669.68 44.17 0.077604
3 824.08 453.69 998.52 759.01 0.077567
3 525.74 250.39 619.24 758.49 0.077350
3 572.67 10.42 620.18 523.46 0.077168
3 559.40 99.97 623.75 538.63 0.076610
3 2.44 2.12 611.01 761.82 0.076467
3 657.23 93.38 674.02 112.03 0.076388
3 751.85 217.89 882.60 488.05 0.076231
3 545.46 202.39 607.03 758.82 0.075564
3 627.16 153.13 650.68 175.26 0.075349
10 665.44 106.31 675.11 130.15 0.075283
10 625.81 69.10 644.68 89.43 0.074782
3 627.95 119.37 651.33 152.94 0.074376
3 748.78 211.47 933.25 641.79 0.073580
10 1250.05 420.64 1358.92 763.52 0.073106
3 671.80 16.89 951.91 627.57 0.073035
3 0.95 0.53 261.16 140.04 0.072749
3 238.34 5.54 613.10 762.28 0.072633
3 676.63 20.60 915.28 631.19 0.072058
3 561.72 -0.23 831.62 763.18 0.071902
3 645.19 3.04 657.63 19.60 0.071594
3 62.31 61.62 86.52 82.26 0.071373
3 815.03 424.82 939.24 758.38 0.071040
3 766.55 279.14 911.94 577.52 0.070858
3 792.46 368.47 1000.23 758.20 0.070285
10 648.59 23.73 670.01 47.58 0.069601
3 672.71 136.08 694.22 154.84 0.069400
3 540.78 339.59 593.02 758.34 0.069065
3 751.49 213.19 885.37 520.05 0.068957
10 672.19 136.63 695.19 160.16 0.068658
3 627.47 119.15 647.54 139.68 0.068305
3 703.71 121.45 927.21 758.11 0.068296
3 588.17 21.34 621.65 392.21 0.067677
3 751.03 211.11 848.71 465.28 0.067221
3 785.87 43.17 986.95 758.25 0.066818
3 620.73 0.19 675.23 76.05 0.066490
3 581.84 22.79 626.03 370.36 0.066058
10 771.09 43.68 793.35 57.50 0.065679
10 625.92 70.49 645.72 104.56 0.065637
3 626.58 72.02 644.91 94.46 0.065107
3 648.40 20.68 667.93 35.27 0.064934
3 561.72 78.79 623.71 520.48 0.064758
3 589.10 89.17 622.49 759.09 0.064686
3 667.39 12.06 906.46 624.74 0.064648
3 544.28 2.04 1304.99 760.87 0.064554
3 540.67 14.97 627.97 626.52 0.064391
3 666.57 107.43 675.46 141.10 0.064258
3 787.30 383.24 929.94 757.86 0.064125
3 800.30 423.35 1020.22 757.82 0.063998
3 766.70 309.23 976.60 664.75 0.063938
3 864.63 496.53 1000.57 758.90 0.063927
10 621.54 0.54 720.66 442.23 0.063781
3 775.12 317.08 908.08 592.28 0.063444
3 648.30 17.15 667.28 29.38 0.063296
3 796.62 392.48 968.18 678.20 0.063280
3 532.28 190.48 619.23 679.66 0.062991
3 526.48 0.55 698.06 761.98 0.062778
3 562.77 208.87 610.03 524.63 0.062718
3 770.24 282.33 876.71 485.28 0.062715
3 748.12 204.80 812.20 328.00 0.062564
3 615.42 1.66 714.71 761.79 0.062501
3 509.31 576.79 564.45 759.99 0.062158
3 545.14 195.87 625.95 539.97 0.062065
3 774.99 383.72 954.42 758.65 0.062008
3 679.86 24.86 870.09 466.16 0.061823
3 811.61 428.41 922.08 757.12 0.061781
3 789.83 317.99 986.79 752.77 0.061750
3 587.55 17.94 623.77 371.73 0.061712
3 698.74 25.59 889.51 630.85 0.061630
3 824.67 461.42 956.78 684.20 0.061492
3 670.84 202.22 683.98 228.65 0.061232
3 620.27 5.82 714.38 657.94 0.060913
3 701.98 21.36 827.96 329.79 0.060912
3 452.67 150.31 623.62 759.15 0.060695
3 794.72 365.71 887.90 533.42 0.060666
3 673.28 130.96 697.85 146.94 0.060318
10 546.24 -0.51 915.41 762.02 0.060300
3 627.63 89.50 646.65 109.10 0.060251
3 560.24 167.56 614.03 537.21 0.059692
3 243.10 2.70 341.41 91.40 0.059687
3 764.47 314.74 965.92 659.98 0.059628
3 628.88 69.98 643.98 86.11 0.059503
3 474.33 204.77 625.37 759.17 0.059394
3 544.84 16.26 628.94 605.08 0.059307
10 657.32 94.70 674.86 112.37 0.059266
3 616.90 1.41 669.39 525.59 0.059112
3 747.00 210.95 916.00 611.39 0.059074
3 621.53 1.41 642.19 27.43 0.058942
3 657.56 94.45 673.52 112.82 0.058847
3 671.79 135.83 696.85 158.26 0.058697
3 746.84 246.23 957.92 678.46 0.058435
3 648.32 26.59 675.75 71.52 0.058242
3 823.37 459.61 953.42 643.04 0.057671
3 563.83 24.22 620.35 454.54 0.057666
3 522.73 342.56 593.72 758.94 0.057462
3 622.20 62.62 660.43 373.65 0.057371
3 671.62 13.55 913.97 561.69 0.057355
3 688.02 11.83 851.15 291.39 0.057320
3 750.55 212.19 829.59 433.28 0.057264
3 668.79 14.08 933.44 600.68 0.057120
10 667.92 103.67 696.73 129.16 0.057016
3 565.82 36.40 620.96 467.10 0.056958
3 799.48 386.84 927.77 759.08 0.056942
3 713.22 101.29 913.25 600.39 0.056850
3 687.89 19.56 842.40 410.04 0.056597
10 630.23 133.10 651.30 155.07 0.056081
3 776.72 293.45 898.75 537.63 0.056027
3 715.86 102.73 1122.53 757.21 0.055967
10 648.00 16.45 668.29 34.29 0.055844
3 776.90 281.31 894.75 758.07 0.055719
3 684.42 24.09 986.06 618.26 0.055693
3 786.12 340.53 961.58 754.72 0.055589
3 627.41 117.12 647.16 134.43 0.055571
3 572.51 68.03 623.47 508.41 0.055378
3 846.32 563.48 1007.15 760.10 0.055349
3 573.72 92.01 832.63 673.28 0.055199
3 623.41 177.08 648.66 202.57 0.054741
3 618.87 59.66 637.98 78.55 0.054501
10 627.58 119.63 651.49 154.03 0.054270
3 623.85 -0.43 641.56 12.03 0.054119
3 711.10 118.11 1093.73 756.59 0.054078
10 648.14 27.27 675.78 71.37 0.053929
3 536.20 182.16 990.08 757.87 0.053892
3 668.25 105.27 699.24 142.09 0.053819
3 662.85 7.77 784.85 320.29 0.053546
3 696.57 96.38 932.36 575.35 0.053373
3 28.80 10.50 304.33 200.71 0.053029
3 578.33 110.05 865.09 748.27 0.052955
3 804.41 452.54 939.50 759.48 0.052725
3 758.74 257.31 916.82 610.33 0.052624
3 768.38 279.95 879.79 502.45 0.052557
3 621.01 -0.17 678.60 129.08 0.052533
3 620.45 -0.33 675.26 86.15 0.052521
3 547.03 110.15 616.83 614.01 0.052468
10 651.36 32.31 675.04 51.60 0.052347
3 739.25 200.55 1294.46 757.94 0.052332
3 647.18 19.74 669.30 46.32 0.052163
3 857.69 491.34 998.99 759.67 0.051973
3 705.06 28.11 859.01 437.97 0.051883
3 666.89 2.09 824.56 218.40 0.051772
3 790.86 335.81 921.60 652.85 0.051603
10 614.56 -0.06 716.54 762.84 0.051528
3 783.50 70.31 996.15 763.40 0.051508
3 622.21 67.66 644.44 90.66 0.051389
10 646.22 2.63 658.12 16.56 0.051092
3 522.96 3.27 1174.03 758.92 0.051054
3 648.52 24.83 670.90 46.94 0.050931
3 696.63 39.23 895.89 613.26 0.050820
3 621.76 2.12 728.58 442.52 0.050782
3 645.96 2.00 670.84 39.52 0.050677
3 738.93 197.34 844.77 392.04 0.050656
10 38.34 0.29 223.93 83.24 0.050628
3 773.57 343.51 961.61 759.10 0.050604
3 661.64 4.47 829.28 267.66 0.050545
3 621.58 0.48 677.88 117.99 0.050434
3 816.09 546.19 932.13 759.78 0.050415
3 697.57 37.83 856.72 454.54 0.050375
3 619.98 2.18 644.23 64.53 0.050364
3 507.50 562.60 571.98 759.96 0.050267
3 808.88 407.80 929.39 588.03 0.050206
3 627.92 118.79 646.88 135.80 0.050023
3 192.63 1.23 342.95 119.80 0.049945
3 625.69 -0.17 645.21 4.38 0.049585
10 630.27 133.20 650.88 153.66 0.049582
3 746.55 206.23 828.60 373.00 0.049478
3 534.46 0.37 712.38 762.26 0.049319
3 617.53 1.81 725.11 527.23 0.049307
3 885.37 579.73 997.99 759.43 0.049258
3 651.71 47.72 673.51 69.33 0.049202
3 749.82 205.76 809.35 323.30 0.048953
3 645.50 2.23 669.01 37.10 0.048716
3 693.88 37.35 878.51 468.12 0.048589
3 621.41 -0.23 668.66 445.88 0.048550
3 660.91 4.19 710.56 111.78 0.048540
3 504.55 469.54 591.78 758.73 0.048371
3 655.13 63.30 672.41 78.42 0.048348
3 755.58 280.68 945.53 754.06 0.048295
3 454.19 111.01 611.21 760.23 0.048277
3 750.59 213.74 832.69 404.25 0.048166
3 736.46 200.59 988.65 603.94 0.048163
3 505.19 543.44 627.24 759.96 0.048105
3 545.93 289.98 622.18 555.09 0.048084
3 612.94 1.96 728.15 762.77 0.048026
3 706.01 12.91 906.53 213.88 0.047980
3 735.04 69.80 824.39 214.87 0.047851
3 788.27 343.86 923.40 634.76 0.047702
3 748.91 209.79 850.39 568.64 0.047649
3 554.41 200.09 598.65 759.31 0.047482
3 497.08 418.32 607.94 759.44 0.047268
3 789.47 333.11 1021.40 758.30 0.047088
3 561.72 153.66 627.61 572.27 0.047015
3 548.22 246.42 612.40 566.75 0.047001
10 671.02 201.82 684.68 228.75 0.046974
3 533.49 162.17 620.60 647.19 0.046661
3 645.56 1.71 670.48 36.85 0.046566
3 534.37 1.11 756.66 761.82 0.046564
3 559.89 179.02 621.95 546.56 0.046557
3 723.82 356.09 749.86 388.47 0.046484
3 679.87 18.12 1004.65 637.21 0.046320
3 858.78 548.25 1003.02 760.14 0.046278
3 623.01 -0.14 658.78 21.06 0.046247
3 827.81 504.44 914.94 755.75 0.046245
10 645.79 1.23 671.41 41.03 0.046183
3 550.49 131.02 626.01 689.32 0.046157
3 522.97 149.10 630.80 585.08 0.046147
3 540.95 255.74 608.81 649.24 0.046115
3 757.27 226.61 843.77 407.55 0.046076
3 582.14 77.53 622.66 458.85 0.046054
3 722.39 100.69 996.17 638.89 0.046021
3 790.25 311.52 883.87 518.45 0.046012
3 650.63 29.64 673.74 51.04 0.045991
3 677.70 264.52 690.82 295.94 0.045892
3 231.66 447.03 564.64 760.31 0.045843
3 735.12 202.21 1137.67 758.43 0.045813
3 549.63 222.59 620.37 552.19 0.045812
3 830.06 467.44 967.05 685.60 0.045666
3 555.05 164.09 626.97 622.93 0.045662
3 649.20 22.22 668.27 38.16 0.045648
3 577.34 109.37 833.80 616.72 0.045565
3 661.54 11.51 951.01 536.45 0.045564
3 143.16 2.53 348.11 173.14 0.045526
3 15.58 1.27 1313.82 761.74 0.045485
3 512.68 -0.15 905.58 761.72 0.045450
3 789.31 354.44 897.68 587.12 0.045412
3 628.51 152.05 649.75 175.05 0.045193
3 744.20 235.60 1145.76 756.61 0.045159
3 651.07 31.43 671.93 47.38 0.045094
3 506.85 379.47 586.48 759.81 0.045064
3 753.56 219.36 894.11 626.58 0.045050
3 802.26 410.03 910.65 630.74 0.044958
3 721.29 356.42 749.93 388.52 0.044833
3 665.28 106.25 675.71 131.97 0.044726
10 61.92 61.54 86.18 81.90 0.044611
3 791.76 342.05 867.25 464.60 0.044523
3 803.92 264.27 1011.84 760.12 0.044504
10 627.85 91.69 653.15 124.65 0.044480
3 792.24 387.56 974.80 676.34 0.044455
3 741.11 210.24 979.04 632.26 0.044346
3 666.10 106.31 676.04 133.90 0.044255
3 534.32 44.05 670.08 541.28 0.044146
3 793.15 327.86 882.16 521.88 0.044049
10 619.70 0.53 674.99 89.53 0.044036
10 650.22 30.50 673.02 47.67 0.043958
3 581.42 61.03 836.04 735.97 0.043939
10 665.87 107.10 675.59 140.81 0.043913
3 628.64 132.79 651.39 159.77 0.043896
3 688.97 25.77 888.39 369.08 0.043845
3 892.21 557.98 991.74 757.19 0.043814
3 803.06 382.91 885.52 521.48 0.043709
10 621.64 -0.00 641.67 24.04 0.043665
3 874.69 545.84 999.07 759.74 0.043622
3 714.96 99.90 830.28 302.96 0.043616
3 676.62 265.30 691.30 315.69 0.043508
3 852.70 491.20 956.49 647.82 0.043440
3 697.49 119.81 897.08 579.90 0.043383
3 714.08 42.07 873.05 751.81 0.043368
3 539.39 203.56 614.69 538.35 0.043307
3 666.11 107.76 675.92 140.18 0.043253
3 6.12 1.42 930.09 761.37 0.043187
3 237.68 449.15 480.40 760.60 0.043182
3 565.76 116.32 613.69 483.72 0.043160
3 750.22 89.59 1257.35 751.05 0.043090
3 568.14 15.80 640.12 444.18 0.043064
3 627.39 129.71 651.52 175.63 0.042961
3 693.08 15.89 1277.42 654.23 0.042914
3 651.15 30.10 671.34 45.91 0.042847
3 586.35 28.01 628.74 230.40 0.042844
3 838.61 465.22 953.82 652.16 0.042751
3 793.93 359.28 889.71 608.43 0.042704
3 505.69 565.59 618.77 759.98 0.042616
3 783.29 361.34 963.95 595.97 0.042616
3 550.85 538.48 629.23 759.33 0.042561
3 623.84 176.45 648.58 200.97 0.042415
3 621.43 31.23 664.75 447.68 0.042390
3 569.42 137.40 630.79 395.91 0.042262
3 787.60 352.91 963.82 666.91 0.042097
3 621.92 2.37 728.37 375.25 0.041789
3 751.77 206.75 870.91 698.61 0.041694
3 621.90 12.68 662.50 380.09 0.041691
3 647.91 45.90 658.09 69.35 0.041679
3 572.56 150.80 601.65 530.50 0.041597
3 672.55 119.64 698.41 142.25 0.041581
3 643.96 1.56 659.29 19.01 0.041380
3 2.34 -0.37 336.84 143.74 0.041323
3 627.50 119.53 648.43 143.57 0.041264
3 787.91 457.76 946.50 757.95 0.041226
3 563.61 82.01 634.11 420.06 0.041187
3 233.53 180.29 602.79 759.33 0.041073
3 1254.28 659.64 1359.21 764.17 0.041046
3 688.91 122.39 918.61 593.32 0.041005
3 665.05 6.89 898.15 351.18 0.040991
10 628.55 151.36 649.89 176.18 0.040852
10 620.60 0.17 678.94 128.44 0.040789
3 649.09 18.35 667.03 30.67 0.040746
3 847.77 478.39 930.13 596.44 0.040736
3 510.16 227.92 596.49 761.45 0.040712
3 689.46 97.58 797.37 318.21 0.040665
3 431.98 1.46 621.20 763.81 0.040651
3 746.78 200.44 800.87 281.55 0.040530
3 793.51 369.08 935.07 619.00 0.040510
3 628.29 92.00 646.52 108.93 0.040451
3 739.29 194.97 941.15 476.15 0.040392
3 627.52 70.98 644.33 87.72 0.040381
3 734.38 97.11 1182.35 746.54 0.040272
3 785.85 363.15 977.37 673.45 0.040265
3 657.48 37.57 674.97 54.12 0.040228
3 496.02 130.33 657.33 606.15 0.040225
3 621.13 24.54 641.06 40.81 0.040223
3 575.52 156.50 613.92 397.90 0.040180
3 678.31 264.75 692.42 294.69 0.040140
3 692.33 101.86 847.43 444.60 0.040117
3 841.82 580.51 935.31 759.92 0.040112
3 787.77 336.98 869.66 476.77 0.040046
3 145.88 -0.10 173.99 3.23 0.040000
3 677.76 28.65 841.98 532.47 0.039951
3 454.39 210.88 603.31 759.06 0.039851
3 620.66 -0.31 642.68 33.80 0.039833
3 627.50 90.63 647.81 108.94 0.039695
3 622.59 57.30 654.20 287.22 0.039637
3 713.83 37.84 1155.98 645.49 0.039633
3 801.64 578.60 942.94 761.05 0.039512
3 625.18 69.51 646.14 109.67 0.039431
3 676.91 264.87 692.14 309.85 0.039335
3 551.23 165.00 614.35 475.60 0.039335
3 826.33 436.66 942.05 609.13 0.039280
3 700.60 12.95 1094.99 404.14 0.039279
10 620.19 1.84 718.27 323.23 0.039251
3 630.48 132.33 650.52 152.25 0.039183
3 701.86 11.83 946.76 257.24 0.039161
3 782.11 417.27 1097.61 757.67 0.039108
3 657.67 91.40 674.75 111.94 0.039024
3 538.32 489.34 607.70 744.96 0.039010
10 649.49 20.52 667.97 32.57 0.038993
3 555.31 336.05 599.20 527.45 0.038892
3 846.42 558.59 953.59 759.06 0.038812
3 567.38 20.03 621.59 532.37 0.038760
3 663.11 5.24 705.83 109.00 0.038723
3 571.33 0.01 623.08 603.64 0.038664
3 622.91 24.20 656.10 328.43 0.038495
3 592.95 365.25 625.68 759.91 0.038490
3 699.96 11.19 923.07 238.32 0.038327
3 627.22 87.97 652.98 124.90 0.038310
3 671.75 201.38 685.14 228.37 0.038150
3 534.04 180.08 626.44 600.57 0.038144
3 701.53 28.28 832.64 388.03 0.038018
3 549.29 329.89 601.50 584.47 0.037981
3 621.07 1.20 667.42 374.44 0.037909
3 699.21 25.89 1107.52 591.87 0.037869
3 553.47 312.50 618.78 549.95 0.037857
3 563.84 223.09 924.60 757.42 0.037851
3 541.59 234.22 990.30 759.40 0.037833
10 627.85 131.38 651.60 173.52 0.037784
3 752.48 397.00 1036.58 756.71 0.037767
3 816.10 349.33 1003.58 759.19 0.037761
3 649.29 20.12 667.71 32.41 0.037749
3 82.25 60.43 100.50 76.93 0.037637
3 620.27 14.93 850.39 754.20 0.037616
3 819.28 447.11 945.01 653.30 0.037501
3 796.95 323.23 874.73 760.39 0.037500
3 656.84 9.33 1005.19 574.25 0.037480
3 509.87 605.24 598.61 759.08 0.037476
3 562.89 106.42 630.68 462.05 0.037473
3 289.82 -0.15 310.02 2.97 0.037426
3 662.44 4.33 749.72 211.47 0.037403
3 694.52 112.33 753.99 239.79 0.037389
3 581.12 124.01 623.32 395.19 0.037335
3 705.44 18.36 786.65 133.13 0.037327
3 546.89 415.59 637.47 758.52 0.037243
3 715.43 111.89 820.63 315.64 0.037190
3 551.68 576.18 629.56 759.42 0.037165
3 538.72 182.33 642.20 620.89 0.036965
10 670.44 106.12 697.61 137.30 0.036949
3 673.67 130.89 698.36 144.61 0.036943
3 695.11 21.95 1234.71 655.58 0.036915
3 648.48 45.22 659.53 69.33 0.036863
3 626.82 118.91 651.50 175.88 0.036858
3 624.79 68.42 648.20 110.23 0.036844
3 672.70 137.85 693.65 158.83 0.036838
3 645.45 2.12 658.42 17.54 0.036818
3 677.70 264.87 689.82 295.50 0.036776
3 593.74 505.46 624.99 758.45 0.036712
3 701.13 11.79 1054.85 355.83 0.036690
3 752.51 211.37 855.05 558.44 0.036646
3 80.37 60.19 100.31 78.39 0.036625
3 718.33 108.34 1161.01 754.94 0.036583
3 563.45 43.19 660.58 399.11 0.036555
3 803.27 500.16 882.32 758.14 0.036526
3 585.58 46.54 816.47 643.41 0.036466
3 822.33 410.50 912.59 757.02 0.036449
3 533.37 279.80 980.31 755.97 0.036301
3 694.19 23.04 1100.10 631.38 0.036268
3 506.48 451.08 594.26 759.72 0.036258
3 662.12 75.52 684.68 93.58 0.036241
3 503.26 532.40 572.88 759.88 0.036229
3 671.14 201.26 684.37 228.55 0.036192
3 704.55 14.07 769.86 104.08 0.036187
3 162.65 10.33 270.64 98.98 0.036185
3 673.71 3.46 794.60 139.93 0.036171
3 673.22 133.58 698.21 148.54 0.036143
3 535.70 567.05 586.34 754.86 0.036067
3 699.94 163.82 881.83 522.83 0.036004
3 671.06 3.95 777.58 139.43 0.035896
3 499.27 0.24 925.77 762.74 0.035875
3 566.81 192.46 605.78 513.65 0.035843
3 531.42 422.69 601.62 669.09 0.035721
3 595.18 294.58 623.66 759.90 0.035709
3 806.93 390.29 867.44 486.97 0.035670
3 571.01 156.00 613.71 460.03 0.035602
3 814.82 393.70 901.51 581.86 0.035597
3 730.99 45.76 837.37 459.08 0.035539
3 876.07 513.83 975.92 752.76 0.035502
3 790.21 377.17 915.07 660.89 0.035492
3 628.26 118.58 650.90 154.97 0.035460
3 739.50 698.90 800.88 752.29 0.035420
10 723.40 356.12 750.17 388.73 0.035415
3 4.73 112.09 240.74 283.97 0.035397
3 668.77 13.93 836.52 528.05 0.035345
3 676.92 265.21 693.29 315.58 0.035334
10 634.63 105.75 653.17 124.60 0.035276
3 672.18 17.59 858.12 596.78 0.035273
3 731.36 189.34 1018.40 559.53 0.035251
3 705.48 17.57 778.87 180.40 0.035212
3 843.16 465.75 918.34 571.06 0.035170
3 650.39 6.39 1269.02 759.52 0.035168
3 815.68 422.83 925.24 576.50 0.035155
3 868.93 538.73 960.79 659.85 0.035143
3 230.70 350.37 591.91 759.13 0.035118
3 503.77 3.28 631.80 534.01 0.035065
3 534.45 158.80 665.62 588.74 0.035051
3 799.70 306.33 985.60 754.11 0.035028
3 824.10 302.63 1013.37 759.81 0.034834
3 589.24 7.70 629.62 516.93 0.034811
3 575.83 142.90 629.99 320.47 0.034738
3 669.45 6.26 974.78 378.42 0.034734
3 676.92 154.17 702.62 181.68 0.034725
3 620.41 16.62 666.49 448.47 0.034637
3 687.73 98.68 784.99 320.13 0.034539
3 663.86 5.32 864.43 329.08 0.034523
3 777.71 249.28 872.58 594.02 0.034473
3 508.08 340.22 620.59 589.51 0.034443
3 803.34 353.29 932.84 631.41 0.034430
3 506.10 525.53 629.79 760.77 0.034423
3 30.93 0.58 224.15 71.55 0.034410
3 673.52 129.34 697.09 146.52 0.034377
3 538.00 325.59 632.30 561.78 0.034374
3 761.66 445.37 936.25 756.72 0.034363
3 554.18 242.88 622.06 499.58 0.034353
3 807.09 445.69 896.88 665.43 0.034327
10 672.32 139.19 693.87 160.62 0.034198
3 666.97 9.36 900.34 376.76 0.034173
3 596.76 3.18 743.53 173.68 0.034155
3 784.81 355.81 1121.53 755.80 0.034146
10 620.77 1.41 671.89 446.09 0.034124
3 852.26 461.39 931.20 759.97 0.033987
3 705.36 42.74 980.17 450.59 0.033986
3 434.43 328.75 610.87 759.12 0.033982
3 879.89 652.48 998.47 761.31 0.033848
3 628.96 -7.27 682.10 174.93 0.033804
3 662.69 9.55 814.31 467.95 0.033804
3 653.58 67.92 672.13 89.61 0.033752
3 540.66 489.66 630.05 761.15 0.033737
3 782.80 352.84 882.12 556.69 0.033730
3 621.62 25.28 641.06 42.29 0.033727
3 508.53 422.57 585.20 760.98 0.033726
3 656.64 38.53 675.13 52.75 0.033722
3 765.85 268.53 849.45 489.77 0.033691
3 592.91 116.81 619.17 345.21 0.033680
3 656.49 93.71 674.35 112.24 0.033662
3 620.41 64.94 644.63 94.60 0.033642
3 691.09 6.49 1117.85 405.64 0.033589
3 657.80 6.59 858.63 409.58 0.033421
3 440.59 61.87 616.04 760.72 0.033391
3 676.70 8.61 1224.69 759.42 0.033330
3 671.90 107.76 697.57 138.70 0.033324
3 594.76 340.85 625.36 759.88 0.033313
3 711.97 169.27 916.37 609.98 0.033220
3 502.75 447.06 604.88 760.58 0.033200
3 710.88 131.61 1044.75 612.03 0.033122
3 703.92 159.01 800.65 386.19 0.033116
3 741.39 201.43 878.35 433.69 0.033065
3 775.71 284.13 859.96 436.45 0.033060
3 591.56 19.27 628.44 148.87 0.033040
3 559.67 339.86 595.38 519.43 0.033025
3 227.41 1.26 354.21 150.86 0.032969
3 570.51 169.01 825.22 608.62 0.032949
3 586.43 15.74 901.89 660.38 0.032942
3 660.64 100.63 674.41 114.09 0.032913
3 790.23 342.79 859.23 455.16 0.032890
3 556.80 21.44 888.51 564.02 0.032872
3 781.09 521.99 949.92 758.95 0.032863
3 619.49 0.10 645.13 64.84 0.032793
3 683.20 251.33 718.11 285.00 0.032718
3 661.86 3.04 773.60 317.17 0.032693
3 648.92 21.46 668.52 32.46 0.032677
3 668.81 8.41 957.17 413.45 0.032640
3 697.94 17.65 1112.20 528.09 0.032605
3 480.00 39.78 667.46 585.95 0.032483
3 409.95 68.78 618.90 760.75 0.032480
3 40.12 0.86 174.30 59.11 0.032419
3 163.94 0.01 339.56 156.51 0.032397
3 787.54 29.46 908.66 173.68 0.032372
3 649.37 23.93 668.30 38.60 0.032360
3 652.40 52.54 673.96 70.51 0.032343
3 571.75 7.66 655.69 474.33 0.032342
3 236.12 2.18 930.20 761.93 0.032227
3 621.42 58.47 719.89 376.73 0.032135
3 812.24 635.66 875.75 758.52 0.032123
3 624.66 67.26 647.34 112.53 0.032108
3 677.82 265.18 695.08 316.40 0.032085
3 628.27 150.27 649.89 175.14 0.032078
3 647.93 22.47 675.51 71.10 0.032064
3 619.18 49.88 640.46 79.57 0.032052
3 699.40 150.76 918.10 658.69 0.032043
3 626.69 131.99 651.93 175.84 0.032034
3 768.60 254.17 895.53 747.42 0.032032
3 797.84 371.39 893.05 757.33 0.032025
3 571.51 228.42 611.82 424.73 0.031991
3 713.49 23.69 953.92 277.43 0.031942
3 400.11 220.16 618.28 759.66 0.031935
3 677.08 264.95 692.68 313.89 0.031912
3 704.68 84.32 857.36 564.75 0.031885
3 686.36 251.64 716.86 281.52 0.031848
3 539.14 261.00 637.33 501.27 0.031750
3 552.83 354.54 626.01 547.22 0.031714
3 456.92 3.84 736.79 759.81 0.031709
3 769.50 291.23 837.67 401.66 0.031676
3 179.71 0.69 337.95 122.63 0.031599
3 705.37 12.43 925.02 277.15 0.031567
3 622.00 46.88 641.15 63.62 0.031483
3 527.91 404.19 659.65 756.95 0.031474
3 443.53 136.59 610.09 760.86 0.031454
3 734.77 192.34 1194.88 761.15 0.031438
3 569.56 22.46 827.24 594.30 0.031435
3 814.15 557.46 1009.52 761.28 0.031430
3 686.23 88.19 756.60 235.44 0.031345
3 829.54 425.66 920.53 558.63 0.031331
3 592.19 34.60 627.32 208.42 0.031327
3 593.89 99.66 619.98 334.28 0.031302
3 797.17 427.19 885.13 618.04 0.031291
3 872.10 638.21 943.42 760.05 0.031286
3 373.35 -0.41 929.16 762.92 0.031202
3 682.87 7.40 1294.56 573.68 0.031177
3 762.05 323.50 1106.27 752.13 0.031161
3 735.26 189.93 1121.61 645.44 0.031131
3 622.00 0.10 688.06 134.10 0.031065
3 729.40 39.39 846.42 524.32 0.031016
3 646.99 15.55 666.24 26.85 0.030955
3 667.25 120.50 675.44 141.48 0.030914
3 589.49 161.88 621.04 337.53 0.030900
3 434.07 400.23 618.13 759.07 0.030877
3 561.66 7.34 603.97 758.92 0.030764
3 750.82 116.92 1092.40 637.66 0.030763
3 563.00 215.59 613.97 447.58 0.030717
10 289.66 -0.22 307.87 2.71 0.030713
3 816.27 531.70 911.83 675.98 0.030587
3 742.16 287.17 1176.47 757.72 0.030550
3 511.02 141.33 684.81 760.80 0.030503
3 786.73 281.67 1158.02 745.98 0.030493
3 902.79 601.21 989.16 758.18 0.030471
3 644.14 1.51 675.27 72.87 0.030451
3 720.91 173.94 1170.36 757.09 0.030447
3 803.26 538.11 1005.61 759.96 0.030414
10 619.66 -0.09 644.80 64.80 0.030362
3 513.74 201.00 706.75 757.11 0.030335
3 773.73 172.93 1022.61 557.14 0.030329
3 673.19 140.67 693.14 160.55 0.030326
3 559.54 337.63 596.84 528.29 0.030119
3 2.38 2.13 356.03 757.19 0.030110
3 684.00 6.24 948.82 336.33 0.030104
3 538.76 5.86 660.82 315.36 0.030059
3 628.01 91.01 645.97 109.34 0.030059
3 726.88 122.89 842.51 266.03 0.030017
