3 380.24 166.14 625.42 538.63 0.921130
3 563.23 369.63 593.80 400.27 0.566389
5 533.47 310.54 557.93 354.00 0.561991
3 442.89 264.52 461.23 283.11 0.552594
5 562.99 369.45 593.60 400.54 0.544285
3 560.94 210.20 958.08 538.88 0.521540
3 473.27 268.53 489.95 286.67 0.486382
3 0.91 294.54 214.40 538.79 0.436304
3 1.21 138.89 452.28 539.14 0.421431
3 498.84 163.51 567.68 259.19 0.406809
3 175.89 390.55 420.70 539.00 0.401571
3 533.13 141.27 651.09 347.08 0.376804
5 442.84 264.48 461.10 283.01 0.362859
3 14.52 125.07 74.16 158.24 0.351729
3 533.81 328.41 557.05 353.99 0.344008
3 520.88 277.74 535.49 291.25 0.342105
3 756.87 180.78 808.13 221.85 0.342061
3 533.28 310.72 557.79 354.01 0.341106
3 854.73 188.15 901.52 236.99 0.335476
3 394.40 180.74 616.17 538.12 0.333292
3 534.33 141.13 649.65 311.34 0.329999
3 176.35 208.34 434.07 463.03 0.326938
3 318.84 171.28 450.99 306.42 0.326030
3 503.57 142.28 958.91 538.37 0.314343
3 842.51 133.82 871.37 153.97 0.314258
3 452.45 227.88 461.12 236.52 0.305635
3 2.99 69.00 956.85 538.26 0.303526
5 475.85 235.37 488.97 255.70 0.293688
5 473.31 268.67 490.08 286.53 0.270822
3 318.46 136.51 455.20 306.45 0.245749
3 533.53 387.78 547.64 404.50 0.243231
3 529.28 293.65 545.50 314.47 0.236940
3 845.24 98.81 958.60 148.81 0.236089
3 476.63 236.97 488.05 248.68 0.231020
3 419.65 137.91 435.22 180.00 0.229387
3 696.15 129.05 710.92 142.95 0.215552
3 2.49 6.61 956.93 537.93 0.206468
3 351.64 135.60 404.54 182.54 0.205237
3 886.92 112.65 958.42 148.74 0.199035
3 1.01 202.91 436.41 538.80 0.194314
3 471.75 231.65 492.53 287.32 0.193543
3 776.97 388.09 958.59 539.05 0.193010
5 452.24 227.63 461.15 236.60 0.188217
3 1.71 135.90 957.66 538.09 0.180206
3 175.07 207.39 434.28 537.77 0.174915
3 726.98 130.13 742.25 142.60 0.169147
3 436.11 323.53 527.14 512.30 0.163393
3 483.78 215.82 495.01 226.01 0.161594
3 475.02 253.71 493.87 275.81 0.161035
3 101.24 215.83 163.55 240.75 0.160163
3 438.59 307.73 496.97 442.37 0.157757
5 534.01 327.80 556.65 353.62 0.157467
3 540.29 435.44 551.49 465.84 0.155535
3 559.78 214.39 859.25 538.66 0.154641
3 476.35 234.75 487.78 247.00 0.154186
3 533.34 309.45 559.00 354.62 0.153994
3 41.14 294.29 185.04 434.96 0.152896
3 400.34 173.15 455.67 257.19 0.152355
3 828.38 98.06 863.53 127.42 0.150701
3 432.44 290.00 499.05 470.55 0.145067
3 404.84 289.66 419.37 308.73 0.142287
3 416.31 189.77 555.05 532.63 0.142274
3 831.73 105.59 863.31 127.97 0.142234
3 430.21 298.58 527.94 464.33 0.142102
3 321.62 170.97 455.09 258.66 0.141003
3 133.85 123.65 159.13 137.48 0.138139
3 443.73 473.52 457.10 513.87 0.138049
3 0.74 403.66 214.65 538.82 0.137350
3 431.94 358.13 528.27 474.40 0.137312
3 1.35 72.31 323.12 444.00 0.136475
3 434.15 361.97 494.84 455.84 0.132717
3 419.20 281.33 549.95 527.87 0.132605
3 405.15 227.15 578.58 531.30 0.132406
3 177.09 208.80 433.38 433.68 0.132372
3 532.77 377.80 548.00 404.54 0.131650
3 441.19 384.51 519.17 464.28 0.131456
3 483.54 216.05 513.33 226.20 0.131292
3 533.47 388.96 547.54 404.59 0.129205
3 442.89 473.16 457.64 514.64 0.128520
3 765.11 133.23 799.70 147.84 0.125827
3 464.95 418.22 531.64 512.43 0.124366
3 485.86 263.38 494.20 275.80 0.123408
3 439.45 301.76 496.24 402.35 0.121705
3 442.04 263.80 461.76 283.76 0.121419
3 845.83 98.92 903.52 126.13 0.120633
3 361.70 244.29 375.73 257.78 0.120605
3 1.43 73.46 439.78 537.67 0.120004
3 465.55 238.46 470.45 246.08 0.117671
3 377.65 172.62 455.40 257.18 0.117343
3 323.07 136.04 454.92 258.55 0.115935
3 478.73 259.96 493.88 275.85 0.114463
3 451.45 381.33 534.68 521.48 0.113961
3 543.97 415.86 608.59 535.29 0.113547
3 465.13 235.68 470.82 246.14 0.112306
3 433.11 191.77 531.03 531.12 0.111567
3 480.82 187.13 507.97 208.82 0.110544
5 483.77 216.33 494.71 225.72 0.109114
5 529.47 293.33 544.65 314.09 0.108996
3 446.67 492.27 455.28 514.44 0.107255
3 476.73 247.75 488.82 258.59 0.107043
3 452.02 227.37 461.27 236.78 0.105965
3 284.37 261.40 433.56 426.88 0.105671
3 451.44 231.35 519.03 519.67 0.105476
3 351.17 135.16 435.14 183.44 0.105342
3 442.20 341.71 492.26 414.04 0.105165
3 350.87 136.05 455.29 257.14 0.104382
3 469.21 462.19 541.85 527.98 0.103210
3 481.06 196.08 492.40 208.86 0.102961
3 404.13 310.74 600.58 535.04 0.101778
3 475.49 233.09 488.97 255.99 0.101596
3 484.04 215.84 495.93 227.43 0.101576
3 445.26 296.69 496.70 350.17 0.100480
3 1.28 141.74 322.14 436.04 0.100318
3 415.91 399.33 579.66 531.69 0.099532
3 464.94 365.08 519.67 447.55 0.099490
5 476.41 247.92 488.97 258.29 0.098784
3 445.82 491.29 456.19 514.70 0.097714
3 469.51 407.21 525.03 470.68 0.096398
3 529.26 293.32 544.85 315.83 0.096333
3 462.89 305.00 499.66 436.13 0.095970
3 433.52 257.70 525.11 512.59 0.095829
3 485.00 468.75 535.07 522.27 0.094438
3 390.00 277.14 615.27 536.01 0.094359
3 441.77 391.49 488.35 445.96 0.094106
3 461.79 379.23 530.71 474.61 0.092873
3 172.77 140.99 450.59 537.71 0.092015
5 471.90 232.37 492.08 286.81 0.091995
3 402.43 341.99 602.85 535.40 0.091798
3 368.80 135.52 401.23 181.08 0.091544
5 465.24 235.75 470.77 245.73 0.091474
3 443.03 348.21 487.53 422.94 0.090097
3 557.96 207.96 651.99 350.65 0.089767
5 475.45 252.31 493.71 275.00 0.089422
3 539.73 435.14 552.55 466.52 0.087890
3 500.35 228.02 508.19 239.63 0.086610
3 475.33 251.14 487.63 261.44 0.086279
3 391.10 400.20 613.15 536.68 0.085970
3 284.65 236.87 433.79 426.54 0.084357
3 319.55 143.27 672.09 535.03 0.084152
3 357.42 205.72 433.22 306.55 0.083642
3 441.36 308.08 479.42 358.24 0.083535
3 370.83 172.86 455.60 257.37 0.082716
3 550.87 464.06 608.96 534.84 0.082329
3 430.48 230.05 528.56 471.26 0.082225
3 176.26 139.44 454.37 465.06 0.081067
3 430.29 200.44 563.72 535.65 0.080475
5 481.15 186.66 507.70 208.79 0.080435
3 420.75 415.39 531.78 474.63 0.079604
3 446.78 490.81 455.70 514.18 0.079226
3 475.33 423.51 523.07 472.83 0.077950
3 550.50 457.36 586.79 531.81 0.077653
3 473.02 439.96 525.36 490.19 0.077321
3 463.51 294.29 510.71 513.55 0.077243
3 829.38 98.50 904.48 126.58 0.077021
3 562.60 368.87 594.74 401.60 0.076683
3 553.20 427.51 589.32 498.05 0.076536
3 521.13 276.87 536.65 291.39 0.076395
3 421.49 398.86 499.57 476.91 0.076377
5 488.84 186.82 506.91 206.19 0.076370
3 476.66 232.73 485.92 240.47 0.075505
3 453.33 326.21 531.95 480.87 0.075033
3 519.42 245.85 545.62 272.88 0.075008
3 441.05 214.24 594.70 467.38 0.074995
3 164.73 71.86 192.19 160.27 0.074885
3 473.63 387.54 511.74 434.92 0.074812
3 523.54 352.12 611.51 535.63 0.074414
3 2.18 142.20 321.48 370.63 0.074253
3 0.46 404.76 130.53 538.87 0.073518
3 82.59 244.25 100.51 283.83 0.073308
3 532.40 377.40 548.77 404.92 0.073178
3 445.74 351.89 484.92 400.99 0.072114
3 448.32 312.23 484.96 394.17 0.072052
3 465.16 301.53 494.12 364.89 0.071626
3 461.67 378.33 552.25 532.92 0.071129
3 458.12 426.72 561.87 532.05 0.070887
3 463.48 366.89 521.36 523.36 0.070791
5 535.89 310.31 556.67 333.71 0.070347
3 484.84 224.68 514.92 298.94 0.069440
5 489.23 186.81 505.77 197.24 0.069394
3 328.17 204.92 438.38 306.98 0.069056
3 175.93 209.56 332.78 391.36 0.068427
3 440.68 388.14 483.54 427.85 0.068299
3 324.13 169.14 453.24 309.22 0.068251
3 519.33 351.32 607.00 535.68 0.067830
3 820.37 98.82 867.48 153.32 0.066856
3 520.17 349.90 539.61 395.29 0.066094
3 440.41 176.95 448.94 187.44 0.066005
3 473.24 269.45 490.71 287.51 0.065753
3 535.71 310.57 556.83 330.54 0.065398
3 499.73 333.85 511.14 356.91 0.065387
3 483.05 400.10 537.18 521.85 0.065119
3 482.69 260.17 494.21 275.84 0.064959
3 416.39 200.79 601.68 534.32 0.064461
5 519.17 246.72 545.46 273.14 0.063998
3 1.47 291.08 420.75 538.87 0.063854
3 695.60 127.40 742.78 143.84 0.063746
3 5.99 194.67 953.29 537.57 0.063463
3 54.19 144.23 320.29 370.65 0.063303
5 521.32 277.44 536.14 291.43 0.063268
3 554.63 33.94 568.08 87.65 0.063226
3 699.31 41.12 711.88 87.19 0.063161
3 461.41 466.98 575.97 535.11 0.063124
3 179.37 209.42 416.89 400.13 0.063012
3 416.50 422.15 525.83 523.23 0.062952
3 464.21 430.07 510.12 490.43 0.062741
3 630.08 137.73 958.72 534.45 0.062687
3 802.62 109.47 816.10 122.85 0.062518
3 555.52 429.52 587.39 473.28 0.062499
3 439.61 168.94 450.69 188.82 0.062208
3 467.17 460.88 507.10 516.03 0.061933
3 453.19 239.57 487.42 450.91 0.061656
3 404.80 166.85 604.78 535.68 0.061523
3 464.98 235.23 471.20 246.12 0.061399
3 448.09 404.28 485.10 445.92 0.061239
3 559.47 472.31 592.87 515.06 0.061234
3 500.49 334.46 509.99 356.36 0.060786
3 558.90 208.53 652.03 389.10 0.060778
3 476.78 253.27 490.39 266.37 0.060688
3 1.65 72.97 327.76 535.13 0.060687
3 399.93 144.15 954.37 537.49 0.060601
3 480.67 453.59 573.30 530.40 0.060588
3 401.86 515.70 423.14 538.90 0.060386
3 471.25 483.79 540.61 533.36 0.059952
3 489.51 187.03 506.41 197.10 0.059570
3 442.75 215.00 509.62 289.72 0.059522
3 477.60 414.83 507.80 450.54 0.059511
3 483.70 417.47 532.65 512.74 0.059288
3 483.39 215.82 513.34 233.96 0.059250
3 468.89 213.86 509.90 288.96 0.059211
3 477.29 412.55 598.88 534.48 0.059177
3 444.80 203.86 594.19 409.88 0.058910
3 468.42 292.76 508.15 332.50 0.058829
3 808.38 98.99 893.68 153.93 0.058823
3 790.24 107.43 815.79 121.85 0.058712
3 465.85 458.15 517.94 505.90 0.058324
3 425.81 436.11 600.01 535.87 0.058296
3 449.07 330.84 485.19 408.16 0.058293
3 465.14 350.09 513.38 414.77 0.057608
3 194.14 96.56 266.09 114.44 0.057573
3 498.82 163.44 568.31 272.49 0.057376
3 507.94 237.68 512.95 248.92 0.056769
3 427.89 444.46 534.49 514.45 0.056645
3 476.18 420.48 516.94 504.89 0.056611
3 4.87 162.93 622.46 538.23 0.056429
3 636.53 138.42 958.88 496.10 0.056350
3 536.07 310.02 556.08 324.61 0.056047
3 441.44 342.88 481.12 381.70 0.055434
3 456.95 295.32 487.98 329.73 0.055128
3 641.53 217.18 658.48 235.00 0.054920
3 483.66 437.59 517.84 473.03 0.054910
3 462.27 212.04 596.15 467.47 0.054832
3 493.60 469.19 528.07 510.47 0.054565
3 437.12 444.91 577.56 533.20 0.054235
3 392.76 344.55 613.47 534.44 0.054173
3 545.38 428.72 583.41 534.60 0.053584
3 433.44 188.09 562.64 526.53 0.053518
3 442.37 215.26 514.36 287.52 0.053177
3 474.16 252.48 482.60 263.74 0.053117
3 0.72 236.17 79.02 444.40 0.052777
3 471.64 216.03 514.08 287.65 0.052697
3 411.49 466.45 577.71 536.77 0.052477
3 432.83 285.34 513.95 333.34 0.051628
3 923.74 120.66 958.70 148.52 0.051585
3 521.42 410.82 590.71 529.95 0.051547
3 175.24 209.60 368.14 393.31 0.051448
3 337.49 205.85 370.02 252.82 0.051422
3 406.28 338.24 590.67 487.50 0.050965
3 493.73 252.73 514.44 299.01 0.050777
3 484.89 428.54 518.22 467.59 0.050669
3 518.10 306.18 618.49 536.50 0.050200
3 566.54 495.06 602.65 532.93 0.050109
3 542.14 450.98 549.87 465.77 0.050079
3 559.35 456.00 592.48 493.78 0.050049
3 438.71 223.72 491.87 501.66 0.049954
3 487.64 234.84 607.22 535.37 0.049842
3 442.41 230.10 493.49 288.03 0.049836
3 446.43 205.11 453.78 214.07 0.049440
3 463.22 437.51 499.56 481.03 0.049418
3 417.58 392.34 583.19 477.45 0.049205
3 442.47 245.35 452.96 255.40 0.048556
3 493.62 218.25 513.57 224.27 0.048537
3 175.45 266.72 291.72 391.35 0.048533
3 469.13 428.49 505.16 477.44 0.048513
3 494.58 490.51 545.44 529.92 0.048410
3 466.91 261.24 525.99 534.71 0.048399
5 529.36 292.98 552.81 317.13 0.048397
3 459.72 235.28 484.79 474.06 0.048280
3 474.93 233.21 489.47 255.56 0.048230
3 441.59 168.86 450.04 176.44 0.047784
3 491.73 198.48 622.95 537.26 0.047775
3 451.88 226.67 461.68 237.31 0.047524
3 470.00 231.69 494.08 287.70 0.047433
5 480.73 193.18 492.80 208.98 0.047428
3 2.05 387.58 422.13 538.73 0.047383
3 503.92 67.60 959.05 541.25 0.047110
3 2.65 72.66 322.77 378.23 0.047052
3 542.08 450.05 550.11 465.94 0.047006
3 483.69 233.67 624.68 536.39 0.046918
3 500.09 226.72 511.47 241.64 0.046762
3 416.08 455.71 559.91 535.00 0.046341
3 406.53 428.16 430.84 483.65 0.046287
3 524.95 84.81 566.55 104.74 0.046214
5 465.33 219.97 594.48 402.10 0.046140
3 533.19 410.74 559.29 467.70 0.046120
3 391.09 180.99 953.02 537.72 0.045972
3 476.31 370.34 508.92 408.86 0.045714
3 474.94 470.25 502.61 503.57 0.045681
3 536.98 403.68 590.50 476.35 0.045615
3 467.41 335.54 492.72 374.27 0.045518
3 522.77 363.02 578.84 511.10 0.045474
3 434.38 341.36 531.98 406.19 0.045197
3 425.57 371.09 490.68 443.00 0.045175
3 472.34 268.57 491.34 287.95 0.045172
3 2.92 74.51 625.05 537.36 0.045158
3 501.46 256.69 507.62 269.85 0.045021
3 437.58 169.56 492.06 535.89 0.045011
3 518.17 350.60 556.64 414.53 0.045010
3 461.10 194.09 515.41 532.02 0.044995
3 505.45 83.14 750.46 185.14 0.044910
3 436.22 295.90 470.18 342.66 0.044887
3 520.60 276.66 537.26 292.00 0.044655
3 439.05 428.49 501.37 475.82 0.044303
3 183.09 347.48 302.54 465.26 0.044219
3 174.44 156.51 937.57 537.15 0.044098
3 417.69 384.35 581.03 477.97 0.044011
3 536.94 301.13 547.20 312.37 0.043960
3 838.33 248.81 860.21 267.23 0.043777
3 267.93 208.92 315.87 257.19 0.043762
5 535.92 310.00 556.22 328.24 0.043639
3 493.87 494.29 523.61 523.18 0.043550
3 507.78 236.41 513.42 245.90 0.043501
3 429.79 297.84 575.80 446.61 0.043456
3 542.03 452.83 550.84 466.48 0.043385
5 361.71 244.25 375.59 257.31 0.043376
3 471.82 296.33 498.52 324.25 0.043319
5 480.82 258.34 494.19 275.26 0.043010
3 483.67 178.71 492.48 187.15 0.042973
3 516.09 429.18 614.49 535.44 0.042869
5 500.37 227.71 509.00 239.86 0.042414
5 481.49 198.20 491.67 208.79 0.042235
3 401.58 173.79 450.96 224.46 0.042224
3 488.57 186.59 507.19 197.73 0.042152
3 561.12 447.96 591.15 483.01 0.042125
3 468.13 374.00 606.05 534.84 0.042079
3 591.08 402.81 598.62 413.89 0.041978
3 465.89 168.84 484.97 184.16 0.041971
3 382.37 364.89 621.80 535.27 0.041911
3 727.83 130.13 741.78 142.58 0.041843
3 548.05 404.76 584.13 450.15 0.041818
3 263.39 142.48 767.59 535.70 0.041804
3 451.54 416.81 506.45 511.97 0.041776
3 429.69 314.68 558.71 430.40 0.041715
3 387.40 251.94 465.53 534.73 0.041703
3 424.33 255.28 444.91 329.28 0.041703
3 419.02 305.69 447.20 350.17 0.041683
3 552.90 485.42 583.78 535.35 0.041677
3 435.18 218.22 456.60 257.38 0.041623
3 481.73 198.77 490.74 208.47 0.041410
3 466.88 292.76 522.72 366.02 0.041386
3 740.55 357.81 958.78 539.09 0.041284
3 400.67 409.77 435.86 507.10 0.041166
3 177.02 169.02 625.07 538.15 0.040983
3 537.47 410.58 554.02 433.80 0.040937
3 520.80 471.62 608.63 535.58 0.040631
3 395.91 210.76 505.90 499.76 0.040591
3 756.75 181.03 808.16 287.70 0.040571
3 391.39 400.31 637.80 537.29 0.040548
3 166.45 71.95 190.79 87.99 0.040526
3 560.53 462.31 606.25 532.65 0.040471
3 717.81 383.32 958.59 538.92 0.040352
3 466.18 166.52 486.16 185.22 0.040262
5 439.80 168.45 451.01 186.15 0.040244
3 481.42 370.27 520.26 466.59 0.040238
3 518.94 482.09 553.87 520.04 0.040205
3 443.67 181.64 512.40 291.02 0.040140
3 492.54 447.79 525.81 482.82 0.040126
3 399.84 483.87 612.06 537.70 0.040083
3 529.59 292.96 543.90 306.01 0.040052
3 418.78 438.37 497.27 522.33 0.040046
3 142.44 313.47 197.89 370.40 0.040038
3 441.21 223.56 514.28 294.04 0.039827
3 442.16 472.92 458.47 514.08 0.039803
3 337.83 205.98 368.35 229.82 0.039673
3 480.06 186.33 507.13 209.32 0.039639
3 556.19 425.92 583.87 527.25 0.039630
3 441.63 230.67 502.63 372.43 0.039612
3 528.66 364.20 581.62 533.91 0.039581
3 794.18 198.83 864.17 236.33 0.039560
3 320.80 175.15 358.53 212.94 0.039455
3 855.49 187.36 905.05 235.98 0.039334
3 501.25 342.37 509.06 356.28 0.039236
3 812.75 84.94 844.62 119.37 0.039196
5 465.28 168.54 484.85 184.77 0.039173
3 510.15 300.11 543.78 399.54 0.039168
3 732.23 148.95 958.92 533.34 0.039098
3 384.95 201.05 473.13 535.50 0.039067
3 401.04 490.52 612.56 538.09 0.039063
3 455.19 359.04 605.78 534.93 0.038990
3 533.45 389.67 548.04 404.84 0.038883
3 431.40 207.22 597.14 529.87 0.038854
3 470.82 385.52 581.14 512.19 0.038832
3 555.37 414.81 585.82 456.75 0.038819
3 406.24 397.36 471.31 466.94 0.038745
3 518.16 259.05 526.17 272.70 0.038704
3 438.43 470.95 461.29 513.89 0.038606
3 176.34 209.62 339.44 459.98 0.038566
5 533.74 387.55 547.65 404.25 0.038535
3 529.84 293.48 543.84 304.98 0.038524
3 551.25 468.10 583.95 501.86 0.038512
3 408.82 441.58 432.49 473.96 0.038397
3 372.11 158.35 955.55 537.79 0.038390
3 406.82 283.61 586.42 442.34 0.038382
3 408.24 457.13 445.97 531.27 0.038353
3 496.46 504.41 535.08 532.31 0.038262
3 492.48 491.42 529.81 532.81 0.038227
3 495.29 437.77 524.40 468.37 0.038210
5 507.54 238.11 512.88 247.57 0.038197
3 886.90 112.34 921.74 146.32 0.038180
3 421.92 276.51 533.41 384.67 0.038107
3 535.37 432.72 555.98 467.20 0.038013
3 14.24 128.51 42.43 157.82 0.037877
3 8.55 71.53 811.62 536.85 0.037824
3 387.63 334.40 669.68 536.24 0.037586
3 465.03 485.36 517.18 534.69 0.037558
3 464.28 364.02 622.70 533.87 0.037366
3 523.85 489.51 579.24 535.76 0.037318
5 476.44 232.88 486.19 241.25 0.037271
5 442.24 230.10 492.87 287.58 0.037266
3 382.78 302.19 410.50 430.18 0.037215
3 552.56 415.67 578.69 444.05 0.037081
3 399.17 239.91 647.80 533.75 0.037046
3 178.53 139.32 454.68 402.03 0.036964
3 494.77 403.64 523.69 435.03 0.036930
3 485.15 224.49 510.56 295.58 0.036910
3 537.25 383.32 621.72 536.90 0.036882
3 488.13 418.90 571.67 497.70 0.036881
3 562.44 459.07 588.85 490.15 0.036867
5 464.68 172.82 473.26 184.56 0.036822
3 538.83 434.85 553.37 467.33 0.036620
3 837.33 246.64 868.39 269.48 0.036554
3 427.81 191.43 526.33 374.54 0.036505
3 482.10 215.94 513.77 224.96 0.036359
3 474.41 230.89 492.30 275.98 0.036265
3 477.00 119.41 511.27 183.98 0.036230
3 39.62 294.31 185.71 473.27 0.036071
3 317.31 174.01 330.70 199.52 0.036020
3 518.39 258.62 531.06 273.36 0.035990
3 1.31 142.86 323.33 510.23 0.035937
3 310.41 119.59 658.66 537.33 0.035911
3 468.84 219.82 559.24 355.73 0.035830
3 572.11 505.47 607.41 535.95 0.035821
3 502.94 228.37 513.87 249.49 0.035775
3 466.19 504.11 570.85 536.91 0.035739
3 454.77 191.94 461.24 202.53 0.035570
3 113.12 408.93 216.08 538.44 0.035487
3 522.11 429.98 576.06 484.02 0.035435
3 439.32 271.48 598.20 532.60 0.035361
3 480.50 192.20 493.47 208.60 0.035360
3 459.65 252.00 494.52 360.19 0.035332
3 407.44 259.98 442.79 326.65 0.035325
3 511.09 286.79 613.34 535.57 0.035163
3 529.19 293.41 558.33 354.38 0.035146
3 449.47 184.49 486.99 228.89 0.035134
3 536.01 482.01 590.92 536.87 0.035125
3 274.86 102.49 741.44 530.36 0.035121
3 402.19 506.10 613.68 538.12 0.034942
3 494.85 262.54 546.35 404.93 0.034866
3 513.11 310.92 537.07 378.40 0.034821
3 436.70 204.31 514.16 420.67 0.034618
3 491.73 469.35 531.10 530.99 0.034594
3 193.74 97.41 266.33 113.94 0.034502
3 551.82 422.05 583.09 474.15 0.034499
3 529.33 293.39 553.95 317.42 0.034490
3 531.82 377.15 549.21 405.57 0.034487
3 846.74 98.84 878.07 125.17 0.034365
3 563.11 207.59 649.09 306.36 0.034334
3 442.41 187.25 451.92 197.65 0.034292
5 440.75 168.53 450.35 177.21 0.034289
5 477.49 119.79 509.38 136.76 0.034231
3 366.45 164.08 617.76 536.82 0.034148
3 468.60 229.21 555.13 471.83 0.034114
3 442.02 216.40 558.70 356.51 0.034023
3 558.15 498.96 583.52 535.04 0.034003
5 505.38 233.13 514.05 248.03 0.033989
3 83.00 242.51 127.10 284.97 0.033971
3 340.83 150.00 644.23 538.76 0.033936
3 834.39 105.64 864.06 127.25 0.033929
3 477.69 247.82 488.30 256.76 0.033878
5 446.02 205.02 454.01 214.66 0.033860
3 468.78 462.65 486.51 496.91 0.033850
3 432.44 248.51 506.26 340.57 0.033752
3 427.71 462.63 472.09 519.65 0.033735
3 388.23 386.91 435.68 443.40 0.033701
3 386.03 411.52 463.74 530.39 0.033613
3 879.47 224.29 891.43 256.96 0.033569
3 533.25 328.03 557.91 354.28 0.033470
3 879.06 299.87 919.47 373.84 0.033440
3 476.10 359.10 598.29 527.40 0.033421
3 443.86 187.74 512.11 275.89 0.033301
3 454.95 232.53 478.30 302.84 0.033287
3 568.26 140.97 644.09 213.58 0.033278
3 499.55 422.61 537.58 492.34 0.033266
3 477.71 219.11 522.86 530.71 0.033262
3 559.17 475.73 585.95 503.68 0.033240
3 546.92 361.81 592.12 534.59 0.033235
3 409.06 347.96 430.65 381.00 0.033232
3 443.32 193.80 506.64 384.60 0.033208
3 512.89 403.19 584.85 476.05 0.033205
3 201.12 152.25 210.27 159.34 0.033090
3 436.59 237.00 514.73 310.93 0.032889
3 435.60 199.72 521.31 315.03 0.032889
3 286.42 263.58 380.52 389.26 0.032869
3 368.74 389.79 645.74 536.40 0.032789
3 378.33 432.51 426.70 531.58 0.032770
3 410.96 260.59 590.91 443.87 0.032664
3 489.78 489.88 568.59 536.72 0.032642
3 570.63 485.29 598.46 518.82 0.032455
3 386.53 371.20 434.45 434.53 0.032352
3 246.77 110.98 718.57 536.91 0.032341
3 498.28 171.99 530.15 250.07 0.032220
3 418.11 176.34 522.34 485.25 0.032159
3 86.75 242.63 120.93 258.77 0.032141
3 489.42 379.67 515.34 410.65 0.032135
3 380.62 402.23 434.94 535.05 0.032107
5 500.10 227.08 512.57 244.13 0.032087
3 553.67 414.01 604.41 473.29 0.032018
3 481.90 322.75 547.60 530.27 0.031767
3 495.20 350.79 537.00 422.52 0.031736
3 386.28 471.68 419.60 512.98 0.031592
3 732.73 148.51 958.23 477.90 0.031560
3 473.98 270.22 489.68 286.56 0.031491
3 729.45 106.12 740.50 121.02 0.031488
3 182.78 155.26 679.15 535.39 0.031375
3 498.08 278.71 513.23 298.73 0.031263
3 316.85 108.13 424.53 179.01 0.031194
3 481.31 405.65 575.47 483.57 0.031096
3 453.98 232.21 513.40 299.62 0.031072
3 828.47 97.66 844.46 125.73 0.030990
3 390.63 367.86 436.43 448.96 0.030972
3 640.93 217.19 671.90 243.49 0.030873
3 440.08 170.36 559.67 360.24 0.030860
3 431.24 158.18 511.83 225.60 0.030811
3 432.27 165.72 521.85 302.80 0.030789
5 442.30 214.68 510.20 289.67 0.030675
3 740.91 146.33 867.81 214.58 0.030634
3 465.49 289.71 555.88 537.02 0.030564
3 554.23 33.86 568.90 88.16 0.030554
3 462.78 505.43 491.38 531.33 0.030540
3 857.94 287.64 886.30 408.26 0.030418
3 460.95 431.21 495.19 477.06 0.030404
3 455.02 225.67 509.79 312.10 0.030349
3 511.94 368.99 570.10 470.46 0.030343
3 175.28 268.22 296.37 461.41 0.030269
3 454.61 346.61 501.62 533.34 0.030224
3 409.45 459.62 429.84 498.18 0.030204
3 520.28 347.52 535.87 373.39 0.030128
3 408.74 269.20 440.87 314.13 0.030111
3 348.65 212.05 368.60 250.64 0.030109
3 518.15 312.57 525.07 332.58 0.030104
3 390.47 427.65 477.01 534.27 0.030046
3 402.86 175.89 601.93 428.66 0.030029
3 556.94 511.09 612.02 537.23 0.030009
