1 713.69 494.40 752.98 565.84 0.594464
4 1167.08 240.44 1225.10 299.01 0.532757
5 1243.32 241.40 1309.83 313.34 0.524969
5 1167.08 240.29 1225.17 298.89 0.524326
4 1243.33 241.45 1309.78 313.30 0.520835
5 1082.85 192.81 1150.67 265.04 0.517032
4 943.58 168.60 1004.00 217.72 0.510503
1 617.71 586.18 644.04 661.39 0.493306
5 943.53 168.51 1004.12 217.75 0.487572
1 745.36 356.58 770.83 406.86 0.485127
4 1082.84 192.86 1150.58 265.08 0.484144
4 1032.30 195.29 1088.26 244.68 0.480235
6 1082.98 193.00 1150.48 265.02 0.472412
3 1167.40 240.51 1224.90 298.78 0.471451
1 685.02 411.59 711.46 461.64 0.468431
2 713.94 494.47 752.79 565.89 0.464830
1 847.61 344.80 870.25 394.42 0.460493
3 1243.59 241.51 1309.64 313.07 0.455894
1 706.95 351.93 724.13 407.01 0.453157
4 874.22 150.36 938.86 198.21 0.451859
3 943.86 168.72 1003.79 217.44 0.444701
3 1083.17 192.90 1150.47 264.88 0.443573
5 1032.45 195.24 1088.23 244.64 0.437057
1 358.66 709.96 390.07 763.74 0.430322
4 907.62 94.45 962.61 124.59 0.427761
1 910.77 271.39 926.52 321.18 0.421376
6 1167.33 240.60 1224.99 298.80 0.418072
4 1275.62 192.77 1359.06 233.34 0.413089
5 874.18 150.29 938.98 198.27 0.409203
6 1243.54 241.65 1309.65 313.25 0.406795
3 713.54 494.52 753.03 565.28 0.402263
3 1032.65 195.34 1088.00 244.39 0.400384
4 848.94 36.80 902.77 60.93 0.398648
4 634.71 180.37 723.64 223.35 0.392899
4 437.51 58.02 1358.33 315.06 0.388321
2 617.47 586.24 643.94 661.11 0.388194
1 816.17 372.08 841.06 429.87 0.385573
3 874.51 150.44 938.61 197.93 0.382803
2 745.66 356.39 770.92 406.64 0.381142
4 832.17 148.28 888.74 187.08 0.378432
4 969.39 108.15 1033.98 140.15 0.378244
1 460.07 167.19 475.76 207.57 0.374697
4 1170.23 160.05 1257.01 199.46 0.369757
4 1221.37 173.29 1323.37 216.33 0.366034
3 445.66 420.02 531.16 485.73 0.364187
4 557.13 95.41 629.19 126.13 0.363345
2 707.14 351.80 724.19 406.72 0.363047
4 787.92 135.13 853.49 177.21 0.362331
2 684.99 411.81 711.21 461.34 0.358858
6 943.79 168.82 1003.91 217.52 0.355425
2 847.82 344.80 870.06 394.03 0.353865
1 616.90 563.21 638.92 640.15 0.347064
4 795.56 76.01 857.54 103.73 0.341773
3 908.07 94.63 962.50 124.31 0.341006
4 522.56 72.68 564.16 97.38 0.338906
4 1128.02 146.22 1199.94 184.55 0.338885
4 562.33 154.31 657.17 197.57 0.338004
2 910.90 271.24 926.56 321.08 0.337142
5 849.06 36.73 902.91 60.78 0.336819
2 358.92 709.93 389.72 763.67 0.335990
3 849.26 36.89 902.79 60.58 0.335088
5 907.91 94.53 962.63 124.61 0.333652
4 610.27 168.38 690.86 208.39 0.328809
6 1032.69 195.55 1088.04 244.45 0.322694
3 435.39 58.79 1357.28 314.26 0.322663
4 651.13 118.28 714.86 151.54 0.318459
4 499.17 136.05 575.14 171.16 0.318214
3 358.96 710.04 389.83 763.85 0.318107
3 1275.88 192.88 1359.11 233.17 0.315659
1 782.36 381.29 802.66 435.70 0.315558
3 635.16 180.50 723.39 223.06 0.310666
4 1093.45 140.39 1146.60 173.66 0.308177
5 787.99 135.10 853.35 177.10 0.306799
2 460.17 167.03 475.74 207.13 0.303749
5 363.08 103.51 408.54 140.93 0.303681
5 969.46 108.15 1033.45 140.14 0.303337
6 363.33 103.79 408.33 141.54 0.302511
3 969.65 108.32 1033.64 139.93 0.301790
3 832.46 148.36 888.55 186.75 0.300627
5 636.08 180.62 723.55 223.26 0.299945
4 741.33 130.17 799.10 166.35 0.299163
4 524.68 146.67 609.55 185.22 0.298927
4 487.86 76.88 527.47 101.45 0.298261
4 615.03 67.55 657.74 92.92 0.297147
3 413.17 363.48 445.63 418.10 0.295944
4 801.63 104.80 858.64 145.82 0.294659
3 788.23 135.44 853.26 176.96 0.292769
2 816.17 371.87 840.77 429.47 0.292219
4 568.79 66.61 620.33 95.29 0.292124
5 1221.48 173.40 1323.40 216.26 0.291471
4 695.89 62.43 734.72 87.99 0.290781
4 1014.01 119.01 1077.54 148.75 0.287510
5 1275.75 192.88 1359.01 233.27 0.287490
4 1053.47 128.99 1120.79 163.69 0.286094
3 684.94 411.80 711.41 461.18 0.284905
3 1221.65 173.40 1323.63 216.12 0.284637
5 557.34 95.56 629.26 126.09 0.282256
3 617.72 586.05 643.87 660.90 0.281198
3 1170.52 160.15 1256.82 199.28 0.280197
3 557.34 95.59 629.24 125.91 0.279257
5 1170.46 159.98 1256.91 199.40 0.276589
5 832.14 148.35 888.72 186.96 0.275346
4 499.46 135.07 723.21 224.79 0.275083
5 568.87 66.59 619.93 95.28 0.272767
1 804.35 338.61 827.63 386.17 0.270676
5 523.04 72.70 564.30 97.33 0.269125
4 672.56 11.03 707.29 30.98 0.267808
5 801.53 104.80 858.66 145.92 0.267528
3 796.28 76.34 857.28 103.51 0.265435
5 615.43 67.61 657.50 92.83 0.264099
5 796.01 76.25 857.62 103.67 0.263862
5 1128.20 146.24 1199.23 184.44 0.263360
6 849.22 36.87 902.89 60.62 0.262506
4 437.69 102.80 485.48 137.00 0.261175
4 658.55 68.02 707.76 94.04 0.261143
2 616.95 563.11 639.25 640.21 0.261031
4 784.60 1.90 819.20 18.10 0.260847
5 438.93 60.65 1352.46 314.85 0.260269
4 643.79 92.43 700.58 121.72 0.259002
3 523.08 72.97 563.96 97.17 0.258211
3 672.82 11.36 707.06 30.78 0.254536
3 1128.28 146.23 1199.46 184.36 0.254449
4 362.70 103.65 408.66 140.80 0.254237
3 975.51 588.04 1012.78 630.23 0.254002
1 797.23 364.49 819.58 420.00 0.253646
5 438.01 102.40 484.30 136.82 0.252962
3 745.63 356.75 770.69 406.24 0.252198
5 488.27 76.99 527.32 101.37 0.249938
5 562.60 154.51 657.13 197.42 0.249737
4 702.56 117.59 766.27 156.18 0.249616
6 874.44 150.64 938.72 198.14 0.249185
3 847.75 344.90 870.04 393.92 0.249023
5 696.13 62.55 734.70 87.98 0.248662
6 672.92 11.37 707.16 30.73 0.247733
3 562.49 154.44 657.02 197.25 0.245607
4 439.62 78.10 508.54 109.36 0.245492
2 3.61 50.62 1349.24 757.48 0.243463
3 610.47 168.67 690.49 208.01 0.243438
5 672.69 11.11 707.20 30.88 0.242544
5 610.30 168.70 690.41 208.28 0.240461
5 499.37 136.01 575.03 171.22 0.239947
3 784.84 2.10 819.16 17.89 0.239073
3 801.78 104.83 858.35 145.46 0.237797
4 668.78 98.26 734.90 127.70 0.237620
3 499.38 136.20 574.77 170.94 0.236859
3 911.00 271.58 926.18 321.00 0.235924
3 741.71 130.45 798.76 166.04 0.235390
4 747.66 61.49 783.04 86.62 0.234323
5 651.17 118.35 714.62 151.44 0.233889
3 615.14 67.72 657.53 92.68 0.233259
3 569.17 66.70 620.22 95.20 0.232283
3 488.34 77.10 527.33 101.25 0.232088
1 830.37 250.54 854.11 297.60 0.231853
3 363.08 103.89 408.30 140.67 0.230961
5 784.75 1.91 819.23 18.05 0.230594
3 1093.86 140.55 1146.35 173.34 0.230309
3 651.36 118.60 714.62 151.22 0.229830
1 529.94 178.77 544.54 219.31 0.225702
3 500.16 135.13 723.47 225.85 0.225369
6 438.30 102.41 484.27 136.73 0.224948
2 782.36 381.25 802.86 435.25 0.223479
2 692.59 206.61 887.83 296.07 0.222593
3 438.20 102.92 484.53 136.65 0.222187
3 1.37 53.84 1357.68 605.63 0.221982
3 942.70 507.22 1007.50 582.48 0.221435
3 696.15 62.69 734.47 87.89 0.220950
3 707.38 352.24 723.86 406.62 0.220831
3 616.98 563.29 638.81 639.79 0.219977
5 659.26 68.25 707.60 94.05 0.217371
3 1014.09 119.02 1077.52 148.19 0.216626
2 705.84 339.66 872.45 435.27 0.215965
5 741.40 130.24 798.69 166.28 0.215436
6 785.06 2.26 819.28 17.82 0.215338
4 764.72 109.18 816.36 138.74 0.215006
5 1093.66 140.58 1147.07 173.49 0.214795
3 1.74 129.59 375.08 602.14 0.212961
5 525.10 146.91 608.87 185.09 0.211603
3 158.18 133.59 204.20 171.07 0.211099
5 1053.70 129.30 1121.36 163.67 0.211057
5 747.70 61.44 782.58 86.15 0.210435
3 1054.18 129.33 1120.31 163.41 0.210061
2 530.02 177.97 544.54 219.04 0.209866
5 1014.01 118.95 1077.35 149.38 0.209440
3 525.06 146.81 610.11 185.04 0.207466
2 804.34 338.54 827.54 386.68 0.205254
5 439.81 78.22 508.68 110.76 0.202009
1 248.41 130.84 262.70 164.73 0.201561
3 841.50 554.79 903.52 642.00 0.201062
1 692.89 206.47 887.77 297.76 0.199785
3 197.62 421.86 264.15 517.73 0.199627
3 289.39 115.56 357.19 139.63 0.198341
4 720.98 98.17 780.12 127.58 0.197845
3 659.05 68.23 707.56 93.82 0.197828
3 157.66 131.68 204.29 172.51 0.196866
6 569.12 66.82 619.91 95.52 0.196759
3 719.82 299.13 773.03 356.48 0.195436
4 909.21 93.01 1358.50 234.67 0.195192
5 786.53 63.06 817.58 89.02 0.195124
3 2.58 50.99 1356.61 756.07 0.194502
2 830.59 250.02 854.15 297.32 0.192565
3 126.34 106.66 156.34 137.66 0.192173
6 801.74 105.11 858.38 145.79 0.191873
3 4.00 400.54 88.23 450.78 0.189462
6 788.04 135.66 853.18 177.08 0.189055
1 418.93 160.80 435.73 198.10 0.188085
4 786.47 62.82 818.08 88.54 0.187774
5 643.89 92.58 700.05 121.63 0.187634
3 752.46 600.73 818.00 689.75 0.186946
3 976.50 588.72 1011.90 629.25 0.184596
3 273.18 407.57 353.23 476.03 0.181278
2 796.95 364.58 819.77 420.12 0.180828
3 644.07 92.66 700.19 121.45 0.180347
3 439.97 78.33 508.65 110.48 0.180202
5 702.76 117.49 765.87 156.10 0.178412
3 747.86 61.63 782.81 86.22 0.177639
5 668.52 98.40 734.83 128.07 0.176704
6 488.38 77.21 527.27 101.19 0.176026
6 943.80 507.22 1007.44 581.77 0.174285
3 460.28 167.35 475.37 206.88 0.174118
3 705.40 259.25 793.70 302.98 0.174071
3 816.16 371.97 840.55 429.45 0.173350
3 702.84 117.46 765.89 155.84 0.171658
6 615.16 67.85 657.36 92.72 0.170881
1 869.13 220.28 886.87 272.53 0.168528
1 784.76 205.31 806.06 245.40 0.168164
5 764.95 109.27 815.89 139.02 0.167089
1 975.42 587.94 1013.07 630.57 0.166324
6 841.63 555.16 903.32 640.99 0.165915
6 440.05 78.38 508.92 109.99 0.164790
2 248.45 130.77 262.61 164.52 0.164510
3 826.95 238.69 879.31 281.34 0.163362
3 309.20 331.67 335.52 381.08 0.162944
3 782.55 381.64 802.37 435.26 0.160054
5 721.24 98.41 780.15 128.06 0.159297
3 231.69 372.95 282.20 423.09 0.159282
3 686.93 662.76 757.81 760.00 0.157362
3 296.60 297.86 375.89 354.81 0.157289
3 669.26 98.34 734.38 127.40 0.156071
6 786.65 63.29 817.32 88.98 0.155351
6 523.22 73.07 564.21 97.14 0.154949
3 786.59 63.11 817.94 88.52 0.154593
4 437.94 94.22 508.86 136.88 0.154369
1 778.01 227.74 796.79 280.47 0.154088
3 274.85 57.69 1359.01 313.87 0.153084
1 806.01 251.11 822.20 291.75 0.153072
6 747.90 61.81 782.81 85.99 0.152128
1 856.02 222.10 871.66 253.93 0.151142
5 841.52 555.01 903.63 641.34 0.150104
1 869.73 220.43 886.82 257.38 0.149850
4 294.63 55.16 1358.22 313.68 0.147795
6 637.18 181.51 723.12 222.97 0.147720
3 830.48 250.67 854.10 297.37 0.147579
4 644.05 92.41 939.28 199.28 0.147562
2 284.37 119.01 477.42 207.83 0.146967
6 696.16 62.93 734.53 87.87 0.146502
6 908.26 95.01 962.60 124.21 0.146495
5 943.94 507.07 1007.72 581.91 0.146488
1 231.78 372.92 282.39 423.24 0.145368
3 763.91 109.31 816.00 138.57 0.145303
2 599.47 106.49 639.42 151.38 0.144991
3 644.00 92.50 938.93 199.14 0.143946
3 730.32 299.64 773.10 356.11 0.143279
1 357.08 154.85 373.93 191.64 0.142653
3 319.31 310.42 375.83 354.50 0.142629
3 1.61 470.07 122.48 532.62 0.142320
3 66.62 218.21 120.00 249.54 0.142167
5 499.46 135.01 723.80 225.45 0.141650
3 297.17 297.39 344.03 333.85 0.141265
6 969.48 108.49 1033.80 139.93 0.141237
2 869.18 220.08 886.80 274.24 0.140905
1 413.13 363.39 445.96 418.20 0.140666
5 446.57 420.74 530.43 484.97 0.139739
6 832.39 148.72 888.89 186.81 0.139573
3 837.32 675.99 897.75 707.10 0.139554
2 693.06 209.57 805.65 281.08 0.138575
1 445.71 420.19 531.63 485.97 0.137975
3 310.65 332.11 334.78 380.23 0.137364
3 20.51 304.09 76.64 347.65 0.136362
3 943.13 534.40 1003.94 581.90 0.135250
5 752.18 600.66 818.26 689.93 0.135043
6 659.25 68.52 707.59 94.11 0.134748
3 1.31 141.84 261.72 602.40 0.133202
6 752.60 600.90 817.96 689.70 0.132917
3 804.52 338.78 827.46 385.57 0.132836
1 943.78 506.42 1008.46 583.06 0.132770
3 68.17 337.46 128.43 380.63 0.132152
3 721.05 98.18 779.80 127.41 0.132004
3 892.36 648.55 943.15 682.12 0.131304
6 1221.67 173.76 1324.12 216.13 0.130574
3 169.43 260.53 220.82 289.87 0.130378
2 777.97 227.57 796.97 280.84 0.129930
6 446.59 420.94 530.15 484.99 0.129165
1 309.24 331.28 335.56 381.41 0.128890
2 418.18 160.77 435.70 197.75 0.128849
3 841.70 584.31 901.79 641.29 0.127252
2 882.43 91.92 903.45 128.51 0.126871
6 557.66 95.89 629.65 125.96 0.126408
6 289.52 116.22 357.28 139.96 0.125887
4 355.06 96.12 398.33 117.73 0.125536
2 784.81 205.04 806.26 245.37 0.125069
3 257.52 106.53 290.20 127.60 0.124293
3 78.52 453.20 127.48 514.99 0.123790
3 314.32 380.31 364.06 421.62 0.123227
2 869.83 220.27 886.66 257.48 0.122513
6 436.96 61.70 1333.08 315.09 0.121907
2 856.10 221.96 871.42 253.62 0.121318
2 252.57 100.18 476.70 208.50 0.120988
6 642.16 0.04 670.88 5.14 0.120500
3 910.84 100.16 1356.83 232.48 0.120455
3 248.59 131.01 262.44 164.37 0.119714
4 289.08 115.67 357.44 139.56 0.119185
3 847.68 554.95 901.86 595.91 0.118726
6 257.93 106.86 291.10 128.70 0.118592
3 1.20 149.77 226.72 253.04 0.118393
5 355.53 95.95 398.03 117.90 0.117617
6 687.01 662.80 758.02 760.06 0.117473
2 806.08 250.73 822.09 291.36 0.117437
3 970.02 102.69 1357.27 312.04 0.116954
6 1170.30 160.37 1257.44 199.36 0.116368
2 2.81 59.46 1059.51 757.70 0.116346
5 687.16 662.66 758.18 760.07 0.116156
6 796.71 76.73 857.38 103.49 0.115912
2 357.11 154.57 373.97 191.48 0.115416
2 287.11 124.19 438.48 199.06 0.115152
3 7.08 485.56 60.78 585.40 0.113715
3 797.02 364.71 819.43 419.34 0.113181
3 1.03 102.74 530.25 602.34 0.112348
6 355.56 96.50 397.97 118.34 0.112272
1 328.54 144.28 344.40 177.00 0.112016
1 599.55 107.04 639.52 151.27 0.111888
6 158.56 133.38 204.24 171.43 0.111379
6 562.67 154.87 657.05 197.20 0.111289
2 1028.67 129.27 1067.58 177.66 0.110608
4 644.71 92.12 1003.65 218.12 0.110259
3 971.03 111.70 1358.00 233.47 0.109993
3 62.51 285.46 111.83 336.80 0.109737
6 610.42 169.14 690.71 207.87 0.109588
6 1275.81 193.33 1359.15 233.27 0.109285
3 169.18 284.25 244.19 324.98 0.109145
3 643.60 0.03 670.70 5.28 0.109028
4 2.62 49.31 1357.31 606.44 0.108925
1 389.37 138.84 405.68 175.28 0.108883
1 3.97 60.34 1347.78 758.00 0.107787
3 529.93 178.71 544.37 218.90 0.107578
1 694.49 210.16 805.01 270.82 0.107573
5 289.32 116.03 357.22 140.06 0.106788
6 1128.43 146.43 1199.36 184.30 0.106771
6 499.52 136.35 575.34 171.01 0.106760
6 1061.00 -0.10 1086.06 5.93 0.106029
2 3.83 68.54 930.89 755.42 0.105750
3 192.57 311.18 229.66 360.61 0.104935
6 1014.13 119.42 1078.26 148.50 0.104728
3 693.55 207.02 886.33 301.94 0.104430
3 174.25 201.91 210.82 231.36 0.103611
3 355.48 96.21 398.01 117.54 0.103538
2 389.39 138.77 405.66 174.94 0.102866
6 482.33 0.84 524.17 18.37 0.102824
5 2.24 51.65 1356.37 758.26 0.102738
4 643.88 0.09 671.58 5.14 0.102535
1 157.97 131.53 204.93 172.93 0.102373
2 2.77 30.38 233.87 67.43 0.102339
2 5.07 73.72 929.67 673.96 0.101866
3 626.93 199.97 651.47 231.86 0.101472
4 2.89 48.99 1356.99 757.88 0.101356
4 257.36 106.10 290.14 127.47 0.101120
5 645.03 91.55 940.34 199.87 0.101086
1 703.45 337.62 872.47 440.56 0.100613
3 257.45 106.96 291.50 130.04 0.100464
1 781.88 340.27 870.88 435.76 0.100265
3 151.26 289.74 185.34 337.17 0.100088
5 438.17 93.48 509.13 136.58 0.099342
3 77.34 452.62 128.34 519.54 0.099280
1 741.99 282.06 758.22 316.20 0.099136
1 882.44 91.62 903.33 128.50 0.098781
3 2.54 77.56 903.47 611.04 0.098774
3 199.27 399.97 235.39 434.07 0.098475
3 121.44 413.04 188.60 469.61 0.098258
6 841.70 584.12 901.05 640.57 0.098229
1 413.36 168.99 424.90 197.17 0.097898
6 741.65 130.87 798.90 166.21 0.097187
6 365.24 58.99 1347.80 315.05 0.097090
2 693.62 217.33 709.95 252.85 0.097021
1 1049.79 141.12 1065.83 177.10 0.095715
3 141.16 329.75 166.49 379.21 0.095580
4 439.71 78.63 484.23 105.25 0.095433
4 446.58 420.64 530.39 484.92 0.095174
5 413.77 363.94 445.16 417.17 0.094339
6 438.37 92.63 509.32 136.54 0.094183
3 0.52 195.11 45.60 221.53 0.093940
6 66.75 218.65 120.14 249.58 0.093498
1 618.05 563.04 637.94 602.17 0.093414
2 1049.87 141.63 1065.93 176.98 0.093386
1 692.17 206.48 890.37 437.31 0.092573
5 257.46 105.38 289.84 127.07 0.092570
3 205.95 194.25 235.27 221.33 0.092437
3 149.84 421.70 264.89 517.83 0.092287
6 1093.71 141.06 1147.43 173.21 0.092002
3 868.97 220.09 887.04 274.13 0.091830
3 889.38 107.15 902.04 127.76 0.091576
3 693.13 206.26 889.20 437.33 0.091037
3 10.24 241.98 76.11 276.12 0.090730
6 297.19 19.68 329.80 37.88 0.090443
1 253.20 101.55 478.94 209.17 0.090361
2 618.43 562.96 638.08 601.88 0.090164
2 328.62 144.32 344.56 176.70 0.089989
5 158.39 132.47 204.60 171.53 0.089946
2 758.48 66.71 800.27 106.73 0.089940
6 644.27 93.03 700.44 121.53 0.089935
2 688.24 205.26 927.83 441.19 0.089874
3 150.38 422.07 262.24 488.04 0.089102
3 297.94 133.04 330.86 165.34 0.088704
3 88.64 151.32 140.09 189.28 0.088474
2 253.25 102.07 438.75 200.05 0.088423
2 550.71 0.34 657.53 36.04 0.088172
2 2.21 0.70 666.28 67.80 0.087672
3 3.63 168.33 52.95 196.14 0.087571
3 759.02 736.48 833.56 763.90 0.087548
1 511.92 439.06 531.37 484.12 0.087352
4 944.48 96.66 1355.94 310.89 0.087319
2 478.62 105.68 510.30 138.16 0.087302
6 651.40 119.03 714.98 151.28 0.087091
3 4.01 54.76 1357.69 332.32 0.086830
2 413.39 169.36 424.87 196.89 0.086372
5 3.48 400.46 88.52 451.06 0.085895
3 125.33 106.09 157.61 138.23 0.085400
3 62.17 37.90 87.23 60.21 0.085050
6 330.31 94.57 355.01 119.06 0.084811
6 0.41 150.66 234.02 251.69 0.084357
6 827.14 238.73 879.35 280.83 0.084284
2 688.59 206.08 891.95 444.71 0.083864
6 764.26 109.86 816.27 140.43 0.083794
5 847.52 555.19 902.00 595.98 0.083767
2 975.90 587.94 1012.96 630.09 0.083372
5 641.13 0.14 672.05 5.19 0.083371
3 693.17 206.71 887.06 357.67 0.083102
2 445.96 420.13 531.71 485.81 0.082925
5 1060.97 -0.02 1086.18 5.75 0.082740
6 1.85 51.90 1356.35 759.18 0.081877
3 695.07 213.29 882.18 356.30 0.081292
3 0.16 521.10 23.89 603.84 0.081231
4 66.74 218.50 120.06 249.86 0.081192
6 1054.11 129.91 1121.24 163.35 0.081001
3 718.25 298.39 739.47 348.91 0.080350
5 841.63 584.24 901.44 640.95 0.079841
2 741.50 282.04 758.07 315.70 0.079602
5 968.51 102.50 1353.70 312.75 0.079473
3 1011.58 650.91 1055.93 676.75 0.079418
2 615.33 201.05 926.29 661.89 0.079388
6 720.98 98.69 780.14 128.74 0.078849
3 212.71 285.53 244.30 325.20 0.078681
3 168.24 260.22 221.79 290.87 0.078656
6 257.55 105.53 308.30 129.30 0.078410
1 316.79 383.47 342.93 414.40 0.078372
5 66.67 217.98 120.16 249.88 0.078061
3 17.15 257.96 49.78 299.99 0.077972
6 174.73 202.30 210.80 231.37 0.077731
6 944.43 535.28 1003.87 580.49 0.077431
6 705.95 259.98 793.88 303.03 0.077399
3 124.31 211.69 163.08 251.58 0.077348
6 668.25 98.69 734.90 128.04 0.077301
1 778.04 227.85 795.91 262.02 0.076211
1 247.16 372.58 282.14 417.94 0.076064
6 414.01 364.24 444.87 417.10 0.075640
6 703.01 117.60 766.88 156.05 0.075465
3 198.25 399.64 236.58 435.09 0.075300
1 693.55 217.35 710.49 253.30 0.074905
6 847.72 555.33 901.76 595.41 0.074803
3 1061.38 -0.02 1085.95 6.16 0.074741
6 0.50 195.09 46.15 221.54 0.074110
1 743.84 210.83 761.09 250.48 0.074023
3 232.07 373.39 281.79 440.89 0.073938
5 648.78 94.44 858.58 172.27 0.073904
3 121.14 373.88 140.75 415.87 0.073711
3 643.73 67.92 938.89 200.07 0.073039
3 849.95 36.34 1349.85 119.54 0.072703
3 257.31 105.14 308.94 128.32 0.072540
3 162.69 336.59 205.04 394.44 0.072381
6 525.09 147.09 611.15 185.18 0.071937
3 886.10 92.86 1357.11 233.86 0.071920
1 684.44 335.94 872.37 464.07 0.071476
3 806.38 251.05 821.83 291.38 0.071218
3 0.53 147.47 235.49 301.92 0.070747
3 769.18 629.84 802.33 671.11 0.070545
1 1028.22 128.42 1068.37 177.54 0.070342
5 1.56 470.38 123.00 532.90 0.069895
2 880.38 89.95 1069.98 177.74 0.069822
6 458.50 -0.01 525.67 19.04 0.069772
1 254.28 100.92 436.86 199.66 0.069738
3 296.89 132.62 382.47 170.28 0.069626
1 272.74 407.83 353.52 476.01 0.069492
3 154.56 283.46 245.02 327.46 0.069263
2 264.08 80.17 921.89 666.90 0.069037
2 413.37 363.40 446.11 417.78 0.068668
4 1061.19 -0.02 1086.27 6.04 0.068648
5 20.39 304.03 76.74 347.68 0.068423
2 232.02 372.98 282.57 422.37 0.068396
3 43.93 204.19 107.58 235.05 0.068197
3 0.14 216.22 31.12 246.59 0.067865
3 405.98 28.27 422.38 40.94 0.067714
3 781.59 339.31 870.69 436.18 0.067565
2 2.21 0.57 824.01 68.90 0.067392
6 86.90 151.42 140.30 189.30 0.067293
3 360.24 710.71 388.91 763.34 0.066797
3 190.66 32.17 228.97 56.68 0.066662
1 804.97 235.28 822.58 290.87 0.066483
4 2.23 153.11 215.45 251.75 0.066326
3 3.11 33.47 231.92 65.04 0.066290
3 2.61 67.97 948.97 757.17 0.066166
6 207.10 196.35 235.46 221.28 0.066114
2 705.31 217.90 722.57 261.10 0.066040
3 29.97 242.43 76.30 275.16 0.066029
6 169.12 284.84 244.17 324.98 0.066002
1 345.23 135.34 361.73 167.82 0.065892
3 950.26 507.35 1006.65 543.24 0.065840
1 774.14 630.03 801.04 673.81 0.065600
3 121.00 374.30 164.46 421.53 0.065581
3 438.14 94.55 509.04 136.69 0.065314
4 841.68 554.88 903.61 641.76 0.065180
1 296.47 296.96 377.28 355.75 0.065111
3 330.49 94.35 354.92 117.94 0.064579
1 782.13 363.20 842.01 436.52 0.064495
3 882.50 91.76 903.38 128.51 0.064486
3 314.00 380.40 364.27 438.24 0.064368
4 649.69 96.26 858.74 168.15 0.064327
4 413.72 363.96 445.32 417.02 0.064302
3 418.23 160.99 435.68 197.42 0.063902
3 119.73 373.58 141.74 416.88 0.063867
3 4.21 63.82 1053.72 758.40 0.063852
5 330.32 94.33 355.38 118.77 0.063783
4 943.50 507.21 1007.80 582.18 0.063660
3 330.92 94.14 408.98 141.55 0.063555
6 719.80 299.57 773.12 355.98 0.063390
6 169.70 260.81 220.67 289.46 0.063382
3 314.56 381.17 343.76 414.83 0.063149
5 273.94 407.82 352.54 475.21 0.063144
1 478.70 105.54 510.49 138.30 0.063054
2 309.56 330.93 335.68 381.12 0.062994
6 289.42 115.97 357.44 158.24 0.062666
1 836.15 675.36 898.27 707.58 0.062646
5 257.28 104.40 308.78 128.08 0.062600
5 198.50 421.71 263.19 516.81 0.062340
6 649.36 94.55 858.55 172.09 0.062214
1 599.84 119.66 613.95 150.42 0.062178
3 357.04 154.46 373.75 191.22 0.062158
2 599.99 119.64 614.24 150.34 0.062131
3 66.99 336.67 128.12 383.37 0.061958
3 0.41 242.15 75.79 299.10 0.061805
3 856.13 222.02 871.30 253.36 0.061762
3 685.78 412.46 710.71 460.15 0.061623
3 1.10 146.33 243.27 396.72 0.061501
3 440.56 79.71 475.74 105.29 0.061485
1 718.22 297.22 739.81 348.49 0.061340
3 4.85 95.87 68.35 126.87 0.061306
3 139.99 329.07 167.59 380.26 0.061228
1 3.37 31.19 233.47 66.77 0.061102
5 747.72 61.22 858.04 103.78 0.061037
3 527.97 65.15 1000.80 219.08 0.061005
1 761.58 220.30 778.94 265.22 0.060995
3 740.99 262.50 794.39 300.40 0.060948
5 67.90 337.42 128.21 380.60 0.060897
5 705.72 259.58 793.97 303.13 0.060810
3 643.83 92.07 1004.87 217.73 0.060659
3 3.05 163.89 59.67 196.04 0.060657
6 50.91 95.68 65.87 113.33 0.060601
1 705.07 218.18 721.19 260.37 0.060535
3 616.54 563.49 643.86 660.92 0.060504
6 331.03 93.89 409.64 141.98 0.060407
5 168.82 284.20 244.35 325.41 0.060310
5 944.47 534.99 1004.35 580.83 0.060305
5 169.41 260.60 220.78 289.74 0.060099
3 190.29 41.51 203.94 56.40 0.060099
2 7.90 59.07 1337.72 612.72 0.060095
2 125.37 105.95 157.93 138.28 0.059961
2 944.26 506.60 1008.53 582.90 0.059839
3 178.40 353.21 207.21 410.36 0.059759
1 2.49 151.58 234.29 253.69 0.059684
3 567.72 68.09 938.49 200.18 0.059552
3 869.74 220.62 886.64 256.67 0.059499
4 848.67 37.33 879.86 57.85 0.059490
3 848.64 37.92 879.03 57.43 0.059480
3 1010.76 650.17 1056.73 677.80 0.059474
5 297.47 297.55 376.40 354.84 0.059468
5 1.74 151.34 219.98 252.58 0.059409
3 778.30 227.86 796.78 279.34 0.059361
1 177.70 131.35 196.73 171.16 0.059231
3 48.28 95.87 68.43 124.09 0.059230
5 232.36 373.70 281.87 422.25 0.059115
6 2.16 53.08 1354.01 609.94 0.059051
3 43.65 205.33 74.57 233.88 0.058929
4 20.52 303.94 77.71 347.48 0.058927
2 264.98 93.37 910.00 453.76 0.058892
3 866.51 429.11 910.16 456.70 0.058802
3 152.16 214.64 192.06 238.89 0.058733
1 296.62 296.56 344.97 334.42 0.058440
4 1.01 195.04 45.81 221.66 0.058385
3 784.87 205.27 806.69 245.16 0.058380
3 332.27 94.39 397.62 119.48 0.058343
6 3.41 400.76 88.26 450.92 0.058289
3 2.72 105.63 39.32 127.80 0.058247
5 826.83 238.34 879.45 280.97 0.058015
2 682.71 203.99 924.66 567.12 0.057994
3 290.13 60.03 1351.84 354.61 0.057962
3 65.12 217.51 121.02 250.55 0.057916
3 256.56 100.84 412.95 176.21 0.057785
3 256.99 95.02 410.92 145.83 0.057692
2 194.91 30.33 229.90 57.51 0.057595
3 482.24 1.65 525.27 18.51 0.057579
6 152.22 215.11 191.91 239.17 0.057517
5 481.80 1.17 523.03 18.17 0.057249
3 442.55 63.92 1005.95 218.74 0.057178
3 689.07 700.69 756.99 759.56 0.057113
3 1.54 144.16 257.86 515.48 0.056924
5 1013.83 119.38 1325.27 217.20 0.056922
5 440.17 78.66 480.38 105.48 0.056854
3 108.99 184.85 143.94 209.57 0.056747
4 747.95 61.21 857.88 103.76 0.056707
2 743.94 210.77 761.14 253.29 0.056691
6 950.36 507.42 1006.58 543.66 0.056633
6 49.51 95.57 67.28 122.64 0.056627
3 599.46 106.50 639.11 151.53 0.056537
2 261.65 59.72 1342.10 757.70 0.056466
3 61.74 272.96 113.20 336.72 0.056433
4 1.99 52.91 1358.34 326.80 0.056422
5 0.87 194.90 45.73 221.68 0.056334
3 860.96 245.28 880.94 282.26 0.056217
5 297.69 297.50 344.33 333.62 0.056184
6 331.26 94.18 397.43 120.06 0.056170
3 248.22 372.76 281.90 416.96 0.056103
3 719.38 301.29 738.97 347.80 0.056070
3 746.78 262.65 794.17 300.40 0.056057
3 696.33 211.96 803.45 307.03 0.055942
5 174.66 201.92 210.82 231.58 0.055937
6 297.50 297.72 376.28 354.84 0.055816
4 3.56 400.40 88.61 451.09 0.055609
6 68.13 337.85 128.28 380.03 0.055578
4 568.18 63.16 734.85 95.08 0.055130
3 351.70 313.62 376.63 355.57 0.055102
3 1.43 273.64 373.60 600.15 0.055073
3 137.16 32.23 229.91 62.26 0.055033
2 623.75 108.96 639.06 141.92 0.055016
4 443.01 62.96 941.18 216.94 0.054957
3 613.69 67.07 1000.62 217.66 0.054829
3 133.69 186.32 162.82 217.83 0.054720
3 705.35 256.65 794.13 355.82 0.054712
1 757.34 66.36 801.07 106.92 0.054526
1 686.48 205.35 898.80 567.89 0.054361
2 157.93 131.56 205.56 172.74 0.054329
6 198.96 421.82 263.13 516.86 0.054108
5 719.60 299.03 772.86 356.20 0.054047
1 623.78 109.20 639.04 142.34 0.053952
6 274.05 408.13 352.54 475.25 0.053798
5 297.13 19.42 329.98 37.99 0.053768
1 195.85 422.21 264.09 517.40 0.053696
2 693.67 211.45 779.82 266.53 0.053548
6 747.65 61.33 857.95 103.61 0.053540
6 20.60 304.34 76.79 347.67 0.053513
1 2.84 400.05 89.64 451.70 0.053403
3 705.92 334.79 872.55 437.90 0.053371
2 762.22 220.55 778.93 265.18 0.053143
5 78.31 453.09 127.77 515.93 0.053128
5 1003.31 56.29 1017.16 67.81 0.052970
2 262.45 99.02 894.54 299.99 0.052966
6 44.30 204.21 108.27 234.93 0.052914
6 297.91 297.71 344.10 333.15 0.052910
3 162.91 337.23 205.56 401.39 0.052836
3 949.05 506.78 1007.33 544.63 0.052731
3 289.57 117.08 357.40 164.59 0.052698
6 108.81 185.24 144.01 209.51 0.052693
2 753.60 63.13 904.81 129.47 0.052655
3 618.27 563.40 637.70 603.73 0.052596
3 296.01 296.59 377.20 379.90 0.052575
1 1082.19 192.36 1151.34 265.67 0.052523
3 136.57 387.84 164.10 420.37 0.052443
1 1037.03 142.34 1051.46 174.65 0.052437
3 298.26 135.54 340.63 162.75 0.052404
2 123.36 100.44 478.74 208.39 0.052368
3 705.76 259.46 740.78 290.78 0.052288
2 5.36 59.12 1137.66 678.80 0.052190
1 551.31 1.18 657.32 35.72 0.052113
1 149.50 422.12 264.72 517.77 0.052064
2 804.88 235.21 822.66 291.21 0.051807
3 575.40 61.48 1350.76 235.25 0.051728
4 559.03 65.08 1000.84 218.19 0.051658
5 2.06 51.35 1359.94 611.41 0.051657
3 60.16 33.31 230.77 62.22 0.051351
6 205.69 193.59 235.60 221.52 0.051041
3 1003.77 56.39 1017.21 67.68 0.050921
2 512.77 438.79 531.21 481.59 0.050905
4 741.25 109.10 815.93 166.21 0.050836
2 882.48 92.70 895.38 124.28 0.050650
6 319.32 310.59 376.05 354.40 0.050591
1 125.40 106.11 157.91 138.41 0.050487
3 687.53 205.42 891.61 567.77 0.050455
3 695.04 215.33 881.38 301.40 0.050406
3 509.98 438.41 530.74 484.42 0.050376
3 178.16 352.22 205.85 408.65 0.050319
3 59.06 165.73 92.04 205.59 0.050268
3 289.39 115.08 357.42 160.14 0.050063
3 2.44 454.20 127.40 532.65 0.049946
3 306.85 136.68 330.76 164.14 0.049815
1 1242.83 241.13 1310.76 314.05 0.049782
2 258.35 59.73 1338.00 663.32 0.049708
2 60.61 36.39 88.46 61.18 0.049653
3 62.53 273.62 112.25 332.55 0.049617
3 304.87 134.11 320.04 167.40 0.049458
3 0.68 453.00 127.11 593.19 0.049301
5 331.57 94.14 397.45 119.95 0.049271
3 1197.44 86.29 1211.96 99.19 0.049236
5 321.49 310.05 376.25 354.44 0.049215
5 1095.41 70.65 1110.37 82.91 0.049180
3 204.73 192.55 235.94 222.15 0.049135
3 882.07 640.03 943.08 682.60 0.049122
1 205.20 191.59 221.87 219.00 0.048967
4 174.29 202.11 210.70 231.64 0.048902
2 266.76 66.76 1056.91 755.11 0.048727
6 308.27 19.97 329.82 37.34 0.048568
3 647.96 95.61 858.57 173.02 0.048566
3 685.69 505.93 1013.52 762.12 0.048344
3 487.48 63.90 1349.07 264.35 0.048338
5 314.25 380.46 364.16 421.70 0.048137
5 462.73 88.62 509.32 117.33 0.048083
3 140.95 282.72 243.60 394.27 0.048053
6 6.50 54.00 1355.41 318.74 0.047899
6 62.74 285.95 111.67 336.82 0.047868
3 125.08 210.65 192.21 241.31 0.047782
3 865.35 428.46 910.58 457.73 0.047639
5 62.46 285.37 112.00 337.20 0.047576
3 149.50 432.73 206.80 486.90 0.047469
5 310.45 331.81 335.17 380.16 0.047464
3 297.24 19.51 330.06 37.77 0.047422
5 950.13 507.33 1006.62 543.99 0.047418
1 599.97 116.69 628.87 151.11 0.047365
6 60.95 37.83 87.60 56.29 0.047321
6 568.32 64.10 734.94 94.98 0.047315
3 698.71 220.10 795.57 302.99 0.047277
4 67.96 337.37 128.14 379.87 0.047256
1 473.50 425.70 531.07 484.99 0.047239
1 942.82 168.33 1004.90 218.41 0.047169
4 330.51 94.26 355.37 117.80 0.047162
3 691.38 662.84 754.90 715.04 0.047159
2 1036.57 141.89 1051.24 174.54 0.047052
1 4.28 69.83 948.53 756.06 0.046834
3 253.48 100.89 477.17 208.95 0.046829
3 440.75 66.80 940.31 202.60 0.046659
3 95.98 341.82 132.89 393.16 0.046533
3 62.83 274.59 111.51 320.61 0.046483
2 1023.38 124.37 1353.75 232.51 0.046417
3 16.24 256.91 50.78 301.23 0.046380
3 199.15 400.15 265.96 445.16 0.046337
3 2.42 95.06 67.24 127.44 0.046270
2 578.16 80.63 922.09 445.49 0.046131
1 1166.30 239.82 1226.05 299.88 0.046040
1 1021.02 121.19 1076.81 177.79 0.046011
4 969.56 107.64 1258.01 200.37 0.045997
1 727.76 223.86 747.21 263.97 0.045971
3 969.86 108.59 1258.10 199.54 0.045872
3 883.93 92.79 902.50 127.59 0.045812
3 1049.78 63.10 1061.14 73.64 0.045807
5 553.19 66.13 939.60 200.88 0.045797
6 971.11 108.17 1326.00 217.28 0.045736
5 970.45 106.48 1325.24 217.02 0.045652
3 0.89 148.57 239.98 362.86 0.045586
3 62.53 286.46 110.36 317.26 0.045532
3 1014.81 119.95 1326.77 217.68 0.045453
5 150.91 421.82 262.09 487.94 0.045428
3 121.16 413.63 161.49 467.46 0.045427
3 639.04 5.19 654.27 22.93 0.045401
1 325.90 309.93 377.35 355.70 0.045323
4 848.94 36.54 1345.34 118.63 0.045284
3 58.92 166.38 107.22 205.65 0.045259
6 3.03 106.47 38.39 127.79 0.045244
3 755.49 70.45 1354.54 233.52 0.045166
1 334.68 310.06 355.43 352.10 0.045128
2 267.04 72.30 931.41 758.18 0.044996
4 44.02 204.28 107.92 234.79 0.044959
6 3.20 95.13 66.95 127.06 0.044880
1 882.25 92.66 895.27 124.21 0.044846
4 4.84 168.51 51.58 196.16 0.044775
6 1.75 470.33 122.25 532.72 0.044770
1 193.49 141.07 205.92 168.42 0.044643
2 294.37 131.18 309.93 161.45 0.044568
3 733.25 245.43 768.47 267.94 0.044533
3 747.89 61.45 857.78 103.64 0.044511
3 151.53 283.52 243.91 335.41 0.044509
1 4.33 81.46 919.10 646.28 0.044509
4 1003.44 55.98 1017.29 67.87 0.044411
4 626.85 69.66 937.46 201.66 0.044374
6 0.18 216.47 31.11 246.86 0.044356
1 805.35 234.79 821.88 264.71 0.044272
3 2.06 41.65 20.30 67.77 0.044270
3 826.88 238.77 872.47 265.47 0.044143
2 592.15 75.82 915.54 663.94 0.044143
1 315.24 382.36 364.78 422.02 0.044140
3 1143.16 77.89 1155.66 89.55 0.044044
3 779.69 238.17 794.22 256.81 0.044010
3 1050.13 142.41 1065.51 176.86 0.044003
3 642.62 -0.01 671.64 5.41 0.043974
6 10.13 242.25 76.28 276.19 0.043934
3 360.97 99.83 409.43 141.39 0.043926
3 61.07 37.52 87.86 59.23 0.043825
1 212.28 284.80 245.30 326.37 0.043824
5 950.40 103.44 1349.63 236.11 0.043819
3 782.45 362.33 841.59 436.20 0.043802
3 351.77 314.27 375.60 354.30 0.043763
1 686.55 662.49 759.29 760.37 0.043747
6 232.71 373.94 281.97 421.01 0.043730
1 861.09 245.49 881.27 282.46 0.043635
4 169.57 260.64 220.90 289.42 0.043568
3 62.28 272.70 110.82 319.45 0.043542
4 158.23 133.01 204.56 171.27 0.043402
1 840.60 554.24 904.03 641.27 0.043395
1 119.55 373.52 141.92 416.96 0.043387
3 163.92 337.02 207.52 409.63 0.043386
6 3.57 163.92 60.43 195.61 0.043366
3 845.03 48.02 1356.68 234.30 0.043360
2 7.32 80.04 924.53 550.24 0.043335
3 173.66 201.33 211.52 232.61 0.043332
4 847.77 554.99 901.95 595.25 0.043327
3 1095.72 70.90 1110.30 82.84 0.043212
3 443.00 64.61 941.65 216.36 0.043181
4 198.41 421.77 263.45 516.89 0.043137
5 1197.33 86.22 1211.73 99.20 0.043127
5 206.02 194.00 235.66 221.49 0.043003
3 1014.31 120.02 1076.78 146.57 0.042884
6 158.48 45.86 177.19 57.75 0.042867
3 1317.54 105.05 1332.32 117.96 0.042846
1 891.70 647.84 944.07 683.03 0.042773
5 43.99 204.02 107.26 234.96 0.042714
3 329.21 145.07 344.18 176.42 0.042711
3 492.85 79.45 903.09 352.28 0.042642
1 294.63 131.49 309.63 161.58 0.042613
5 289.41 115.71 357.52 158.68 0.042568
3 286.95 96.08 415.90 173.05 0.042526
5 7.72 486.23 61.29 585.26 0.042491
3 705.27 259.26 755.50 299.46 0.042405
2 776.69 630.09 799.57 672.44 0.042219
6 970.50 103.59 1342.48 312.41 0.042124
2 4.37 40.12 21.62 68.47 0.042113
3 20.29 277.77 112.58 347.89 0.042085
6 257.49 58.83 854.89 153.03 0.042054
2 855.53 220.51 885.48 280.87 0.042038
3 389.37 138.68 405.65 174.64 0.041996
6 257.24 94.08 409.93 144.74 0.041979
5 1142.95 77.69 1155.63 89.80 0.041940
1 190.44 30.47 230.56 58.05 0.041871
4 297.35 297.32 376.33 354.87 0.041844
3 587.90 0.12 608.80 21.98 0.041842
3 481.22 109.64 508.57 137.05 0.041836
5 10.03 241.99 76.31 276.52 0.041831
1 1010.43 650.07 1057.02 678.72 0.041800
3 826.76 238.64 850.43 258.77 0.041739
3 158.56 45.51 176.88 57.54 0.041715
3 626.59 196.55 651.18 232.59 0.041702
2 330.55 93.94 359.84 121.76 0.041666
1 180.40 355.54 207.27 410.26 0.041618
1 718.38 297.04 773.45 356.99 0.041479
3 911.97 272.30 925.64 320.12 0.041421
6 565.05 64.77 1316.33 314.04 0.041264
6 44.07 205.96 73.50 233.86 0.041263
6 501.22 136.60 723.46 226.29 0.041219
6 865.09 18.43 969.06 46.51 0.041218
1 2.64 124.56 378.86 596.62 0.041212
5 10.48 54.49 1356.52 318.07 0.041200
2 296.43 296.92 377.30 355.41 0.041170
3 638.89 62.68 1351.04 313.49 0.041152
3 5.48 31.54 233.49 65.37 0.041131
3 499.56 134.66 887.09 352.58 0.041095
5 714.56 495.39 752.83 565.08 0.041068
3 4.85 58.61 1107.99 608.93 0.041064
5 192.53 311.09 230.20 360.70 0.041031
5 3.69 168.27 51.07 196.12 0.041028
3 364.52 142.71 381.70 166.55 0.041027
3 831.29 251.79 852.62 296.48 0.040960
2 345.15 134.97 361.71 166.85 0.040942
3 256.56 61.44 895.02 152.78 0.040909
1 946.69 532.75 1004.22 581.13 0.040858
2 943.06 168.41 1004.89 218.24 0.040771
6 689.55 700.58 757.09 759.74 0.040756
4 257.02 104.84 308.83 128.47 0.040752
3 414.73 106.48 441.09 130.30 0.040710
1 774.14 614.40 810.10 675.72 0.040665
1 744.31 210.83 760.05 239.59 0.040660
3 1017.16 122.70 1353.68 234.13 0.040640
1 626.86 196.18 650.36 232.50 0.040635
6 109.25 184.88 161.84 213.00 0.040582
6 752.87 601.42 812.90 666.87 0.040508
6 125.41 211.05 192.12 240.52 0.040500
3 191.19 30.77 229.67 57.22 0.040492
3 57.67 167.01 94.10 206.04 0.040482
2 170.91 59.16 1285.75 717.40 0.040395
3 319.07 297.09 344.12 316.32 0.040288
3 611.35 169.09 722.65 223.92 0.040206
5 568.19 63.75 734.96 95.16 0.040172
6 78.79 453.31 127.42 514.93 0.040143
6 1095.51 70.86 1110.28 82.81 0.040130
5 690.96 662.77 754.76 715.83 0.040023
3 685.22 335.36 873.54 461.05 0.039951
4 168.76 284.16 244.44 325.03 0.039928
5 151.66 289.74 186.32 337.30 0.039912
3 704.53 259.72 728.14 292.27 0.039881
3 724.28 240.87 770.71 268.71 0.039778
3 741.48 109.31 815.56 166.01 0.039676
3 741.24 281.63 758.44 316.66 0.039625
5 150.45 421.57 263.90 517.31 0.039584
5 1049.49 62.88 1061.18 73.83 0.039579
1 730.44 299.79 769.34 356.58 0.039571
3 48.74 95.09 67.74 123.93 0.039568
4 752.14 600.64 818.27 689.82 0.039542
3 4.95 105.26 38.37 127.56 0.039479
3 1.16 146.41 240.02 342.11 0.039456
6 124.18 212.03 163.54 251.45 0.039451
3 60.68 36.80 88.25 60.83 0.039405
1 77.71 452.84 128.53 517.29 0.039373
5 730.03 108.43 781.10 147.99 0.039298
1 751.88 600.29 818.64 690.00 0.039260
2 272.90 407.39 353.87 475.78 0.039257
6 826.78 238.92 871.24 265.50 0.039213
6 437.35 16.19 449.67 23.58 0.039200
3 519.57 0.96 536.01 13.89 0.039106
6 126.48 107.30 157.00 136.72 0.039099
3 696.45 218.49 780.28 266.00 0.039058
3 447.07 420.97 494.15 470.67 0.039034
3 694.43 205.63 809.22 271.57 0.039034
6 85.61 151.15 116.66 180.35 0.039029
2 3.57 155.65 218.54 253.68 0.038987
3 440.00 68.72 931.07 297.15 0.038971
6 134.21 187.29 162.31 217.74 0.038959
5 2.10 454.82 127.17 533.07 0.038895
6 462.64 91.35 509.26 118.37 0.038894
2 1082.37 192.34 1151.27 265.54 0.038891
3 109.45 184.63 161.88 213.42 0.038731
6 150.52 421.69 263.85 517.35 0.038677
4 440.93 63.68 1004.57 219.11 0.038576
5 140.99 329.54 166.79 379.02 0.038483
4 10.17 242.24 76.18 276.05 0.038437
4 1.71 143.52 375.59 601.04 0.038414
3 1255.28 95.20 1268.70 107.79 0.038353
4 273.74 407.53 352.98 475.17 0.038299
3 1.00 146.93 373.47 526.80 0.038229
3 133.44 183.84 162.61 218.60 0.038213
1 77.37 271.93 111.11 318.74 0.038128
4 481.41 1.55 525.55 18.61 0.038071
5 212.76 285.46 244.57 325.30 0.038056
1 743.64 210.94 761.79 258.93 0.037986
1 198.11 399.55 236.78 435.23 0.037762
1 873.22 150.14 939.90 199.21 0.037751
5 199.04 400.02 235.72 433.90 0.037746
3 625.81 178.79 882.77 355.90 0.037620
5 256.99 94.87 410.52 145.05 0.037488
5 848.31 37.56 876.55 57.33 0.037442
6 150.97 421.90 262.37 488.18 0.037434
3 274.00 413.30 329.94 474.59 0.037423
2 587.14 -0.15 609.46 22.55 0.037386
1 1.81 470.08 125.23 534.05 0.037356
4 635.57 70.10 1318.06 312.73 0.037335
6 1003.78 56.68 1016.94 67.75 0.037188
6 310.70 332.12 335.09 380.25 0.037187
6 517.56 0.44 536.56 13.91 0.037169
5 29.91 242.28 76.35 275.35 0.037118
5 120.58 412.98 188.48 468.54 0.037110
6 192.60 311.33 230.02 360.64 0.037046
2 316.72 383.12 342.44 413.85 0.036976
5 1317.43 104.74 1332.51 118.20 0.036905
3 5.70 88.47 1013.31 753.58 0.036889
5 360.07 710.62 389.34 763.17 0.036752
5 741.98 107.51 782.77 134.47 0.036734
5 152.52 214.74 191.96 239.21 0.036699
3 193.45 140.86 205.86 168.22 0.036684
1 133.60 183.45 162.26 219.28 0.036672
3 420.32 53.57 1353.13 759.55 0.036651
4 730.34 110.29 779.44 149.39 0.036530
4 826.57 238.69 873.02 265.63 0.036519
3 499.34 135.96 882.99 289.08 0.036487
5 577.63 64.33 1324.62 313.58 0.036435
4 686.99 662.74 758.59 759.90 0.036420
3 863.01 246.10 879.61 281.44 0.036395
5 464.38 90.19 509.47 118.77 0.036360
5 126.27 106.99 156.90 137.20 0.036317
1 289.86 126.79 422.63 194.45 0.036300
3 81.21 272.84 111.95 319.12 0.036254
3 193.56 141.59 204.62 167.25 0.036217
5 637.41 83.52 1312.67 311.26 0.036202
1 61.93 272.20 113.69 337.13 0.036119
4 232.32 373.74 282.25 421.63 0.036059
5 741.31 109.44 815.45 166.12 0.036025
2 727.36 223.68 747.15 264.49 0.035963
3 446.56 420.61 487.09 453.67 0.035941
3 807.41 251.47 821.01 290.69 0.035888
3 6.48 56.38 1345.50 414.64 0.035887
4 2.87 105.43 40.43 127.57 0.035845
3 499.77 70.62 927.62 290.58 0.035789
4 332.17 94.22 398.16 119.78 0.035761
4 1095.15 70.52 1110.52 83.07 0.035760
6 435.62 62.76 735.87 136.99 0.035741
3 44.23 205.67 120.34 249.91 0.035735
5 124.52 211.79 163.44 251.52 0.035725
2 585.10 0.40 656.95 24.77 0.035658
4 151.84 214.52 192.23 239.14 0.035641
1 150.42 289.14 186.13 338.49 0.035589
3 0.45 470.70 56.23 520.60 0.035574
5 689.45 700.75 757.29 759.82 0.035567
3 966.25 51.42 978.28 62.08 0.035494
2 56.73 29.95 233.66 63.31 0.035462
1 275.36 92.19 891.74 300.82 0.035408
3 496.02 92.14 723.66 226.75 0.035359
2 778.05 227.22 795.85 262.23 0.035339
2 782.71 68.51 799.23 106.50 0.035335
5 423.43 57.18 1356.52 758.84 0.035326
4 1014.23 118.80 1258.15 200.38 0.035291
6 151.74 290.02 186.14 336.81 0.035273
6 741.58 109.81 815.88 165.87 0.035266
3 256.03 104.02 291.74 129.25 0.035253
3 1.89 49.58 1358.55 448.81 0.035220
1 1017.42 123.89 1355.10 235.99 0.035197
3 478.74 106.48 509.93 137.88 0.035196
3 848.07 36.56 904.06 61.42 0.035176
6 691.53 662.91 754.48 715.59 0.035115
4 256.70 95.52 411.46 143.46 0.035110
1 151.44 282.75 245.49 331.89 0.035075
5 88.53 151.40 140.23 189.78 0.035064
6 976.75 588.91 1011.90 629.14 0.035056
1 1031.57 194.73 1089.36 246.06 0.034908
3 1.43 67.71 829.18 607.28 0.034904
1 60.70 36.49 88.49 61.49 0.034898
1 820.01 22.27 831.29 53.11 0.034881
3 5.62 82.73 694.20 609.27 0.034871
5 976.63 588.64 1012.26 629.34 0.034802
6 1197.66 86.60 1211.59 99.15 0.034771
3 250.09 373.20 281.33 417.07 0.034702
3 -8.00 364.55 367.75 519.36 0.034654
1 754.07 62.72 859.92 105.54 0.034599
6 318.84 297.23 343.89 315.94 0.034556
3 1027.48 127.74 1069.79 176.91 0.034545
5 685.81 412.32 711.13 460.38 0.034386
3 568.57 63.42 734.63 94.75 0.034288
5 826.77 238.99 872.51 265.14 0.034282
3 710.23 222.33 778.18 265.90 0.034268
4 1.74 469.59 123.84 533.07 0.034261
3 287.05 117.00 477.57 208.57 0.034248
6 314.47 381.03 364.05 421.15 0.034241
3 731.15 301.64 761.56 355.49 0.034229
6 463.69 90.00 509.18 117.46 0.034226
5 331.05 93.80 409.55 141.64 0.034129
3 770.33 630.86 803.05 673.25 0.034102
5 437.02 15.66 449.63 23.65 0.034099
3 80.33 271.83 112.28 321.04 0.034089
1 2.11 455.19 128.50 533.96 0.034076
3 1.25 350.82 366.92 600.73 0.034045
4 944.03 534.62 1004.45 581.00 0.034027
6 31.30 95.33 67.22 124.54 0.034013
5 318.82 296.99 344.23 316.31 0.033976
3 750.80 62.23 859.37 105.40 0.033943
3 162.84 334.63 204.55 391.76 0.033930
3 727.47 265.95 757.14 304.72 0.033798
2 552.63 15.06 566.75 35.86 0.033770
6 366.93 -0.04 436.07 15.78 0.033759
2 123.66 182.53 214.00 251.82 0.033755
3 82.70 183.67 116.42 202.06 0.033664
5 50.73 95.55 65.99 113.51 0.033634
4 8.41 486.22 61.17 585.38 0.033628
1 5.98 64.19 1064.32 757.47 0.033562
2 627.08 196.48 650.31 231.95 0.033525
6 1317.69 105.05 1332.35 118.06 0.033514
3 848.76 345.81 869.39 392.82 0.033497
3 249.54 131.69 261.61 163.59 0.033433
6 59.91 167.37 106.08 205.02 0.033424
2 1166.63 239.86 1225.95 299.79 0.033406
2 873.23 149.98 939.83 199.12 0.033385
4 705.77 258.74 794.24 303.08 0.033367
5 847.86 25.75 1357.62 154.74 0.033349
5 848.42 34.67 1359.08 124.42 0.033338
4 1197.21 85.96 1211.87 99.19 0.033320
1 139.95 328.80 167.96 379.83 0.033305
3 151.42 260.45 244.27 337.54 0.033261
3 557.88 66.52 1350.80 311.10 0.033247
4 108.47 184.64 143.61 209.80 0.033240
1 782.68 68.47 799.28 106.68 0.033234
1 693.85 209.64 807.65 300.90 0.033230
5 61.08 37.39 87.90 58.89 0.033217
3 169.38 285.41 205.86 313.76 0.033202
4 1221.23 172.92 1271.44 206.97 0.033155
2 1243.25 241.03 1310.74 313.75 0.033151
6 439.58 62.72 947.58 218.62 0.033112
3 116.74 374.41 141.22 430.98 0.033099
2 373.20 60.95 1344.77 760.08 0.033042
3 294.56 297.29 375.76 441.85 0.032952
6 1143.39 78.11 1155.36 89.62 0.032870
3 123.25 211.40 159.07 253.08 0.032808
2 2.32 94.22 530.41 605.74 0.032807
2 718.15 296.30 740.00 348.19 0.032742
5 49.05 95.31 67.78 123.19 0.032726
1 864.95 428.11 910.90 458.30 0.032716
2 820.35 22.48 830.49 47.96 0.032581
4 950.27 507.38 1006.65 543.74 0.032579
3 805.45 235.74 822.41 290.91 0.032526
5 1255.00 95.01 1268.66 107.94 0.032506
1 316.11 383.46 348.16 440.68 0.032503
2 637.98 3.09 655.45 23.96 0.032476
3 137.88 49.58 154.98 61.52 0.032470
1 191.51 310.11 231.63 362.32 0.032428
3 461.38 168.59 474.70 205.83 0.032414
3 156.69 40.32 176.77 57.96 0.032395
4 1142.83 77.62 1155.74 89.66 0.032380
4 62.41 285.34 112.11 334.88 0.032375
4 495.86 95.06 723.53 224.58 0.032321
3 67.72 283.91 244.42 394.62 0.032307
4 462.79 85.11 509.87 114.08 0.032282
1 3.65 95.78 467.96 600.31 0.032248
2 430.65 88.46 926.61 664.05 0.032230
1 163.07 335.26 207.93 409.83 0.032192
3 81.97 181.73 141.19 207.75 0.032176
4 1049.55 62.92 1061.30 73.80 0.032152
5 0.16 216.17 31.59 246.65 0.032091
6 141.32 329.94 166.61 378.96 0.032068
3 439.71 0.14 533.57 18.98 0.032055
5 1.72 132.96 377.29 600.20 0.032040
2 205.54 191.76 221.94 217.82 0.031992
5 443.00 64.74 940.66 208.60 0.031948
3 436.99 15.80 449.63 23.63 0.031930
1 168.05 260.15 221.83 290.74 0.031929
4 873.87 37.84 902.59 59.95 0.031843
3 311.06 407.00 353.67 442.09 0.031823
3 752.91 600.91 813.00 666.02 0.031798
3 424.01 60.47 1351.32 347.89 0.031778
4 314.14 380.28 364.30 421.64 0.031689
2 596.19 64.80 802.70 156.41 0.031619
3 127.11 109.91 143.07 137.60 0.031584
5 643.51 90.26 1004.29 217.55 0.031524
3 682.60 204.61 909.19 755.07 0.031484
6 301.88 135.64 337.49 161.88 0.031477
4 297.80 297.48 344.71 333.49 0.031454
5 133.94 185.94 162.45 218.07 0.031406
6 63.17 286.79 110.91 318.82 0.031398
3 863.87 18.00 969.38 46.72 0.031257
2 2.97 399.84 89.34 451.41 0.031247
6 84.92 151.22 106.41 180.06 0.031197
3 705.24 259.28 745.45 292.95 0.031155
1 825.93 239.49 882.09 283.78 0.031139
1 4.57 40.21 21.68 68.68 0.031119
4 841.92 583.90 901.42 640.65 0.031106
6 212.36 285.73 244.31 325.06 0.031066
6 2.22 455.17 127.43 532.67 0.031058
1 757.84 735.89 834.17 763.55 0.031045
1 805.49 220.09 887.15 296.00 0.031040
3 705.25 260.19 726.55 291.09 0.030934
3 707.83 352.61 723.25 405.76 0.030922
6 1255.47 95.27 1268.51 107.77 0.030894
4 124.57 211.57 164.13 251.28 0.030798
3 817.60 372.72 840.21 428.26 0.030792
3 857.76 64.20 1357.24 233.43 0.030780
3 150.29 261.85 243.99 351.06 0.030737
6 29.52 242.54 76.34 275.05 0.030713
3 168.77 333.52 204.14 364.27 0.030681
1 150.07 424.11 253.91 488.53 0.030622
4 728.94 299.34 772.43 356.13 0.030615
5 865.98 428.95 910.20 457.15 0.030587
4 150.52 422.16 262.50 487.52 0.030564
2 414.92 70.47 931.33 673.01 0.030557
5 163.20 344.62 205.11 396.08 0.030533
2 296.85 296.63 345.01 334.75 0.030529
6 8.22 486.57 61.00 585.14 0.030479
6 199.27 400.17 235.33 433.88 0.030452
3 1.09 264.98 251.73 600.13 0.030446
3 820.39 22.55 831.44 54.90 0.030398
3 413.67 169.23 424.78 196.58 0.030334
1 19.39 303.18 75.35 348.38 0.030291
3 728.08 264.83 758.25 303.34 0.030248
4 568.76 66.35 615.16 94.27 0.030220
4 78.66 453.11 127.85 516.28 0.030151
2 549.78 0.60 832.90 37.14 0.030075
2 804.45 220.07 887.31 296.76 0.030072
3 600.76 107.11 638.33 149.77 0.030062
3 57.04 165.29 88.29 206.23 0.030030
