4 325.20 589.22 434.77 738.47 0.770455
4 415.25 419.30 495.38 531.92 0.766643
3 415.50 419.37 495.24 531.59 0.710052
3 325.41 589.28 434.54 738.12 0.709211
5 415.06 419.32 495.20 532.09 0.687633
4 774.89 712.04 858.72 764.07 0.681696
5 324.95 589.16 434.79 738.61 0.681175
4 9.17 529.06 134.96 631.81 0.678104
4 171.02 371.27 255.17 451.45 0.677018
4 88.66 430.95 197.81 527.54 0.642052
3 775.10 712.15 858.66 764.09 0.638406
4 650.18 122.74 676.57 148.57 0.632619
6 415.38 419.62 495.25 531.81 0.631050
4 854.49 205.55 887.55 240.69 0.621590
3 171.31 371.40 254.95 451.17 0.618325
3 9.28 529.09 134.83 631.58 0.616216
5 171.05 371.15 255.29 451.42 0.611446
5 9.16 529.08 135.11 631.98 0.608850
6 325.14 589.36 434.65 738.29 0.602906
3 650.40 122.95 676.36 148.33 0.596912
3 88.80 431.16 197.69 527.27 0.596317
5 88.52 430.72 197.96 527.67 0.586936
3 854.77 205.73 887.39 240.40 0.585972
5 774.68 712.00 858.74 764.02 0.574654
5 650.16 122.71 676.68 148.78 0.547961
5 854.52 205.55 887.62 240.75 0.536704
6 650.39 122.94 676.55 148.62 0.527955
6 171.18 371.49 255.03 451.46 0.517154
6 854.65 205.73 887.43 240.63 0.511263
6 774.97 712.21 858.58 764.21 0.504203
1 548.12 296.33 570.26 334.32 0.492412
6 88.92 431.06 197.81 527.48 0.487805
3 549.19 302.67 571.27 333.85 0.480366
6 9.16 529.45 134.97 631.66 0.478195
4 804.00 126.04 827.56 149.08 0.473508
1 860.10 245.06 875.69 277.76 0.467130
1 306.04 314.31 325.09 354.71 0.459252
3 804.39 126.35 827.24 148.74 0.437430
4 761.89 60.76 780.84 78.43 0.422888
3 548.03 296.41 570.79 334.33 0.420899
3 762.34 61.11 780.67 78.19 0.418606
2 859.73 244.94 875.98 277.66 0.417285
2 547.97 296.22 571.11 334.77 0.411955
2 305.88 314.18 325.40 354.41 0.410566
5 804.12 126.25 827.52 149.07 0.353659
5 762.08 60.89 780.90 78.37 0.345175
3 650.94 0.28 663.23 12.27 0.342314
4 650.79 0.26 663.53 12.44 0.334515
1 374.06 189.95 386.69 215.25 0.331699
3 306.10 314.52 324.90 354.38 0.317969
3 860.14 245.09 875.22 277.23 0.312548
4 453.39 744.16 518.49 764.08 0.302622
1 399.64 161.03 412.78 190.44 0.292639
2 373.81 189.51 386.87 215.21 0.282402
2 399.39 160.80 412.91 190.40 0.281445
5 650.57 0.27 663.60 12.50 0.277488
6 762.25 61.06 780.93 78.31 0.271160
6 650.81 0.33 663.41 12.43 0.268052
4 538.69 23.08 553.10 36.10 0.263320
3 539.08 23.48 552.92 35.91 0.261472
2 423.74 162.82 437.57 187.76 0.257699
1 284.24 319.17 302.17 358.87 0.256392
1 423.68 163.00 436.84 187.69 0.255543
2 399.13 158.46 437.90 190.89 0.252070
3 453.62 744.21 518.36 764.07 0.239080
3 688.13 36.08 704.58 50.65 0.223862
6 804.15 126.31 827.43 148.94 0.222301
5 538.71 22.99 553.12 36.17 0.220187
2 284.24 318.99 302.54 358.81 0.219616
1 412.29 160.05 424.84 185.02 0.218618
4 687.78 35.71 705.01 50.98 0.218488
3 740.16 30.08 764.75 54.16 0.216663
2 412.25 159.70 425.12 185.22 0.208180
3 687.25 24.01 698.72 38.47 0.207083
4 8.77 370.41 256.25 631.94 0.205559
6 453.43 744.26 518.66 764.18 0.201202
5 453.27 744.17 518.64 764.07 0.200380
4 739.86 29.86 764.90 53.94 0.200287
3 9.01 370.53 256.05 631.73 0.199091
4 687.01 23.61 699.39 38.57 0.198451
5 450.13 181.19 484.41 218.60 0.197970
6 740.09 29.90 764.63 54.30 0.190516
2 5.55 1.77 1344.93 761.63 0.187835
5 687.96 36.00 705.04 50.96 0.186136
3 892.63 243.38 976.30 537.21 0.182637
1 893.04 243.49 976.55 538.12 0.181879
1 399.59 158.81 437.31 190.89 0.181279
3 374.41 190.17 386.31 214.79 0.177959
3 284.47 319.32 302.28 358.48 0.175374
2 220.80 1.71 970.59 761.34 0.175319
6 538.79 23.18 553.27 36.13 0.175224
6 782.95 166.04 813.51 199.75 0.172072
5 687.01 23.95 698.58 38.68 0.171003
5 739.87 29.38 764.58 54.34 0.170496
2 372.16 158.33 438.64 216.13 0.165613
3 819.29 95.56 835.54 118.49 0.165052
6 766.19 165.14 813.80 200.13 0.163552
3 706.68 0.63 829.55 149.33 0.162623
1 414.19 418.78 496.29 533.01 0.161653
2 865.70 189.94 876.03 206.90 0.160788
6 450.21 181.39 484.29 219.11 0.160213
3 285.68 321.82 301.54 357.70 0.160126
3 766.39 164.98 813.49 200.08 0.159905
3 649.70 122.56 677.15 149.20 0.157398
1 323.81 588.57 435.85 739.69 0.156831
4 707.29 0.91 829.96 149.65 0.156549
3 766.19 164.96 787.20 190.16 0.154595
3 399.78 161.30 412.36 189.96 0.153567
1 865.84 190.21 876.15 207.15 0.151787
5 8.83 369.88 256.76 632.05 0.149777
3 204.12 0.69 966.86 762.18 0.146435
5 766.11 164.98 814.05 199.88 0.144062
3 728.01 7.04 747.02 23.44 0.143091
3 734.79 13.91 755.58 33.17 0.142503
6 8.75 370.56 256.20 631.63 0.139071
6 687.05 23.86 699.83 38.94 0.138155
4 727.61 7.51 747.56 24.20 0.137500
2 11.35 1.59 979.40 761.80 0.137127
3 781.06 79.88 796.61 98.90 0.136139
6 688.00 36.13 705.71 51.09 0.136072
6 766.08 164.65 788.62 190.59 0.135957
4 734.82 14.51 756.26 33.42 0.135620
3 707.60 8.26 720.88 21.09 0.134163
3 227.73 222.51 310.64 420.07 0.133973
5 783.01 165.81 814.01 198.93 0.133443
3 423.54 162.84 436.64 187.51 0.133051
3 313.02 0.79 957.69 762.17 0.131586
3 780.36 80.52 797.25 105.99 0.130777
4 818.81 95.52 835.52 118.24 0.129723
1 372.67 158.72 438.04 216.00 0.129285
1 422.01 75.29 462.29 200.86 0.128391
4 780.46 79.74 797.09 100.00 0.126575
1 227.71 222.41 310.75 420.05 0.126071
6 819.54 96.13 836.00 118.60 0.121935
3 739.88 28.61 764.81 55.29 0.121507
4 780.03 80.28 797.59 105.77 0.120735
1 552.94 93.53 563.53 113.88 0.119526
6 780.54 80.83 797.17 104.66 0.119334
3 450.44 181.42 484.38 218.90 0.119257
5 735.63 15.38 755.75 33.47 0.118960
6 728.35 7.87 746.25 23.12 0.118635
5 765.93 164.78 787.97 191.10 0.118315
5 818.38 95.65 835.72 118.43 0.117959
1 227.59 222.21 312.04 539.53 0.115252
3 227.67 222.52 311.82 539.32 0.114353
4 707.20 7.61 721.10 21.19 0.113494
3 422.31 75.63 462.02 200.92 0.110115
1 502.66 15.53 532.09 105.53 0.109464
3 6.68 1.36 974.44 761.94 0.109320
5 707.30 7.79 719.99 20.20 0.109210
1 170.21 371.13 256.23 452.06 0.108336
3 412.48 160.24 424.34 184.65 0.108145
2 552.57 93.34 563.94 114.04 0.108123
2 414.33 418.61 496.53 532.49 0.108062
3 309.27 328.75 324.66 354.48 0.107316
6 736.14 15.43 755.73 33.72 0.106811
3 766.41 176.00 785.01 189.94 0.106713
1 87.97 430.65 198.69 528.48 0.106429
5 780.95 79.92 796.74 99.55 0.104147
2 892.23 243.11 976.89 537.96 0.104134
2 323.97 588.55 436.07 739.15 0.103263
5 780.19 80.41 797.54 106.45 0.102785
5 766.13 175.87 785.16 190.55 0.100591
6 707.56 8.14 720.97 20.72 0.099664
4 765.98 164.49 787.62 190.69 0.099338
2 810.33 92.34 824.10 123.60 0.099296
3 865.92 190.20 875.70 207.14 0.099010
3 502.83 15.72 532.06 105.18 0.098887
2 502.68 15.58 532.10 105.44 0.098137
5 706.31 0.61 828.49 149.16 0.097410
3 7.41 1.48 1348.27 762.22 0.097317
3 683.36 49.24 690.52 61.06 0.096528
2 3.25 1.68 593.21 759.40 0.095261
3 399.70 158.74 437.25 190.75 0.095004
6 705.55 0.44 830.40 148.90 0.094436
2 15.69 1.75 1152.96 760.74 0.093494
3 728.85 8.30 749.78 26.44 0.092983
3 780.28 78.03 824.08 223.38 0.092859
4 697.68 0.47 889.17 241.51 0.092426
6 766.21 175.76 785.14 190.44 0.091790
1 8.58 528.52 136.18 633.10 0.091481
4 766.03 164.33 813.54 200.00 0.091414
3 553.97 94.69 562.44 112.76 0.091404
1 779.86 77.45 824.26 223.06 0.090432
3 502.23 174.88 514.71 193.97 0.090176
5 728.26 8.08 747.99 25.45 0.088824
3 698.83 0.85 888.88 241.53 0.088008
3 686.30 23.94 705.67 50.82 0.087380
4 6.46 1.71 972.73 761.84 0.087257
3 888.78 396.63 916.07 455.73 0.086373
3 861.13 246.20 874.30 276.44 0.086026
2 422.02 75.70 462.55 198.93 0.085228
3 547.67 -0.05 567.70 5.82 0.084943
5 857.55 0.64 873.60 13.21 0.084690
3 553.37 93.98 563.11 113.51 0.083912
4 819.58 -0.09 836.16 10.01 0.083325
1 774.03 711.50 859.49 763.79 0.083234
3 307.58 316.18 324.57 354.14 0.082295
2 170.44 370.94 256.30 451.84 0.080672
1 810.69 92.83 823.87 123.16 0.080530
1 290.38 1.99 961.53 761.72 0.080425
6 781.17 80.40 796.42 99.11 0.079939
4 549.17 0.09 567.71 6.09 0.079871
2 286.71 294.46 573.23 358.35 0.079397
3 2.74 0.08 421.59 262.73 0.078167
5 897.25 269.49 914.47 293.47 0.077308
5 728.18 7.45 746.04 22.46 0.076619
3 550.18 306.40 570.61 332.89 0.076551
1 853.85 204.74 887.92 241.31 0.076355
1 502.43 15.43 533.03 135.69 0.075696
2 285.26 313.43 326.37 358.78 0.075203
4 685.99 23.79 705.91 51.18 0.074918
6 538.36 18.13 556.62 36.16 0.074241
4 766.04 176.18 785.23 190.22 0.073821
2 88.09 430.61 198.77 528.38 0.073369
2 780.01 78.18 824.37 126.23 0.073299
3 862.06 256.06 872.27 276.38 0.072897
4 707.50 1.49 782.88 79.35 0.072791
3 704.06 0.73 828.79 219.07 0.072239
3 548.25 296.61 568.85 333.41 0.071959
6 897.60 269.99 913.83 293.10 0.071593
3 949.52 0.91 1358.05 387.45 0.071485
2 340.54 157.63 437.38 225.14 0.071416
1 649.56 122.38 677.43 149.44 0.071406
1 7.63 2.46 1347.45 761.99 0.071251
6 705.97 0.66 831.60 122.86 0.071195
3 858.03 10.20 941.04 155.45 0.071128
3 554.36 704.26 581.59 734.91 0.071103
3 819.79 -0.05 835.73 9.73 0.070637
2 501.23 173.56 515.74 194.75 0.070588
6 860.14 11.19 940.18 154.70 0.070255
5 547.75 -0.01 566.43 6.65 0.069714
4 727.81 7.69 748.21 24.99 0.069622
6 741.40 78.00 764.00 97.38 0.069533
3 562.49 314.63 572.80 335.21 0.069387
5 741.19 77.72 763.86 97.58 0.068120
3 538.71 16.85 558.08 36.31 0.067933
3 779.99 79.12 834.36 120.37 0.067738
3 672.33 62.02 679.10 74.86 0.067723
4 324.65 417.46 496.86 738.66 0.067294
3 857.92 0.47 873.26 12.18 0.066323
4 780.91 79.45 796.79 94.48 0.066125
3 503.51 16.45 530.79 104.55 0.066118
2 282.99 156.65 440.33 358.37 0.064611
1 762.73 216.73 846.12 307.32 0.064372
2 7.96 152.77 444.16 633.03 0.063957
6 819.57 -0.08 836.17 10.67 0.063653
4 715.01 23.46 727.70 36.70 0.063520
3 324.83 417.41 496.98 738.21 0.063386
6 857.65 0.44 873.45 12.86 0.063343
4 8.36 365.78 501.07 743.61 0.062812
6 88.24 370.98 255.24 527.62 0.062711
3 687.19 23.83 697.58 38.64 0.062416
2 548.02 296.59 569.05 333.74 0.062296
6 687.44 24.15 697.33 38.00 0.062217
3 888.92 395.58 950.77 458.43 0.061666
3 922.99 398.05 949.94 455.02 0.061481
2 8.74 528.68 136.26 632.79 0.061451
6 780.34 79.45 833.09 120.52 0.061419
2 227.11 222.09 309.78 419.19 0.061383
1 682.52 47.43 691.95 62.22 0.061092
2 684.79 2.01 1354.65 760.25 0.060646
3 688.48 36.81 704.00 50.71 0.060548
1 501.29 173.87 515.18 194.80 0.060456
3 810.93 92.64 823.53 123.04 0.060198
3 707.15 0.37 766.14 56.26 0.059857
4 784.10 165.93 813.12 198.47 0.059720
3 538.71 23.88 552.02 36.29 0.059712
2 774.26 711.48 859.61 763.58 0.059655
3 798.57 166.71 813.26 198.09 0.059538
1 671.26 60.20 680.23 76.18 0.059273
3 549.11 298.27 571.68 333.60 0.059126
4 897.50 269.85 914.29 292.64 0.059110
3 714.90 23.43 727.50 37.11 0.058927
2 779.72 77.58 824.52 224.29 0.058828
3 671.53 60.72 679.89 75.93 0.058739
2 855.87 189.89 883.79 278.10 0.058614
3 804.08 125.50 828.29 149.65 0.058612
5 1.99 -0.04 424.32 263.98 0.058527
3 424.63 163.78 435.87 186.70 0.058398
2 6.28 1.42 586.35 637.14 0.058372
3 897.75 270.01 913.86 292.85 0.058264
1 738.13 25.86 766.06 98.61 0.058077
3 738.50 26.01 766.19 98.39 0.057900
3 682.57 47.70 691.73 61.92 0.057670
1 548.20 296.54 568.45 333.38 0.057471
1 895.26 243.44 976.40 351.85 0.057356
1 574.54 61.07 584.53 78.14 0.057160
3 553.82 703.94 582.18 762.43 0.057103
3 285.38 313.89 325.36 358.36 0.056759
3 708.48 -0.30 823.57 140.32 0.056545
2 141.21 1.50 1160.74 760.89 0.056325
6 700.81 0.62 830.87 213.76 0.055910
6 708.77 0.27 778.07 79.42 0.055872
3 763.35 216.80 846.22 306.99 0.055776
3 502.76 15.49 533.05 135.57 0.055412
6 1109.93 0.19 1144.07 14.79 0.055312
2 649.27 121.87 677.62 149.50 0.055233
4 450.09 181.21 484.60 219.06 0.055019
2 854.36 205.34 887.56 240.78 0.054865
5 951.67 0.35 1358.21 389.01 0.054796
3 707.65 0.33 773.40 77.35 0.054704
3 687.99 23.71 698.36 38.67 0.054507
4 857.32 0.39 873.80 11.85 0.054500
4 810.38 100.80 822.94 120.65 0.054498
3 550.11 305.84 568.27 333.46 0.054053
1 285.15 313.81 325.58 358.84 0.054011
3 706.93 0.27 782.07 78.97 0.053984
5 702.98 0.65 827.61 219.50 0.053945
3 650.11 -0.41 677.33 9.42 0.053902
1 12.91 2.20 974.74 761.53 0.053883
3 549.51 14.99 561.16 28.41 0.053577
6 799.82 166.68 813.85 198.39 0.053575
3 575.65 62.63 583.37 76.88 0.053468
3 286.16 318.90 325.38 358.25 0.053106
3 574.88 61.31 584.27 77.78 0.053101
3 719.97 -0.11 746.59 17.88 0.053026
5 9.09 1.71 970.07 761.60 0.052967
6 867.64 13.12 939.46 98.38 0.052912
3 761.67 60.12 781.12 79.02 0.052728
5 819.56 -0.02 835.96 10.06 0.052678
1 888.34 396.11 915.78 455.94 0.052298
2 3.75 151.46 451.02 758.96 0.052211
6 548.69 -0.02 567.45 5.83 0.052162
5 503.75 16.61 530.94 104.91 0.051860
3 375.42 190.74 385.47 213.81 0.051664
3 650.41 0.40 664.13 13.18 0.051596
5 423.21 75.49 461.13 201.00 0.051473
5 553.62 94.41 562.90 112.71 0.051373
5 894.51 244.12 975.65 536.88 0.051220
5 449.41 167.48 503.05 220.13 0.051208
3 780.09 79.52 822.00 117.23 0.051063
6 324.48 417.37 496.73 738.47 0.050730
3 782.04 165.75 813.66 198.41 0.050586
3 373.35 158.70 437.38 215.73 0.050476
4 736.23 56.72 743.24 70.34 0.050315
3 739.60 26.24 765.13 97.25 0.050277
2 784.92 88.54 801.10 121.01 0.049989
4 897.42 244.09 948.93 292.84 0.049972
5 87.57 370.36 255.68 528.10 0.049969
3 709.04 0.31 761.50 34.74 0.049660
4 649.38 -0.29 678.11 12.83 0.049581
3 401.18 162.75 410.93 188.78 0.049184
3 538.69 15.48 559.45 36.28 0.049086
2 703.66 3.89 895.98 285.98 0.048846
6 206.29 1.69 964.80 762.59 0.048628
3 88.08 370.99 255.26 527.71 0.048562
5 548.72 297.09 571.76 333.52 0.048403
1 228.02 222.78 310.41 332.38 0.048400
3 766.90 167.57 812.94 198.82 0.048334
4 779.56 78.89 823.48 118.47 0.048123
6 449.65 167.33 503.10 220.13 0.047989
2 682.25 46.75 692.50 62.37 0.047584
1 780.45 77.91 824.08 125.12 0.047518
3 741.37 78.16 763.60 97.61 0.047350
3 728.74 7.60 746.13 23.84 0.047256
3 858.66 -0.07 873.01 6.55 0.047077
2 574.21 60.63 584.74 77.93 0.046745
3 779.88 79.05 828.52 148.77 0.046697
1 785.00 89.74 799.90 121.13 0.046583
2 340.81 195.97 355.92 224.92 0.046542
3 739.71 18.44 754.29 33.95 0.046508
3 707.47 6.62 716.96 18.81 0.046494
5 715.90 24.81 727.36 36.73 0.046456
6 697.68 0.82 888.63 241.99 0.046392
4 1299.93 687.68 1330.26 744.41 0.046384
3 805.19 126.59 826.70 148.10 0.046320
3 1109.89 0.37 1144.50 14.77 0.046101
3 8.02 366.31 502.56 744.68 0.045593
1 406.22 197.24 475.29 303.20 0.045531
4 87.75 370.84 255.54 528.00 0.045502
5 282.62 1.75 962.63 761.94 0.045279
3 935.67 137.77 1143.70 399.96 0.045190
3 894.88 243.59 975.91 460.20 0.045145
1 855.76 190.51 885.23 278.01 0.045097
3 736.53 57.49 742.81 70.24 0.044989
6 686.45 23.15 706.41 51.27 0.044967
3 555.06 704.69 580.47 733.87 0.044866
2 670.98 59.65 680.43 76.16 0.044853
6 706.89 0.50 783.09 80.11 0.044828
1 894.61 243.63 976.26 459.69 0.044653
4 719.40 -0.05 747.02 18.14 0.044649
4 786.38 98.61 798.21 119.89 0.044462
5 1109.95 0.20 1144.94 14.76 0.044440
3 866.67 12.63 939.66 97.68 0.044420
5 707.73 0.87 775.06 78.60 0.044355
5 686.26 23.48 705.94 50.90 0.044159
3 854.28 190.36 887.86 241.47 0.044067
5 554.71 704.65 580.90 734.23 0.043994
3 897.62 244.19 948.89 293.15 0.043951
3 855.11 205.57 873.21 237.68 0.043847
5 197.20 1.07 965.19 761.80 0.043757
1 1298.40 682.64 1332.55 746.27 0.043669
3 501.72 174.12 515.06 194.46 0.043563
4 894.68 244.00 975.31 536.68 0.043541
3 786.94 98.29 798.09 120.29 0.043375
4 553.58 94.25 562.91 112.64 0.043265
5 800.00 166.43 814.15 197.00 0.043179
1 337.91 308.70 409.50 375.85 0.043174
1 925.03 137.96 1148.95 400.41 0.043079
5 858.88 10.00 941.35 154.93 0.042938
6 555.15 704.83 580.87 734.20 0.042781
4 854.84 205.05 873.83 238.30 0.042752
5 419.39 0.06 444.98 7.87 0.042700
6 111.83 205.15 217.10 263.37 0.042608
3 672.09 61.77 679.34 74.79 0.042590
5 503.85 18.03 530.36 51.83 0.042588
2 226.57 221.61 313.57 538.69 0.042419
3 706.34 1.36 888.05 277.45 0.042359
3 842.00 0.30 1357.28 402.25 0.042298
6 859.51 -0.06 874.66 6.95 0.042210
1 193.28 1.63 970.36 762.06 0.041640
3 575.61 62.10 583.83 76.45 0.041545
4 1014.30 0.04 1034.23 10.35 0.041456
1 340.98 197.97 355.72 225.05 0.041432
3 420.05 -0.00 444.78 7.97 0.041399
3 854.70 190.41 886.05 277.85 0.041232
3 866.75 190.72 874.94 206.19 0.041099
2 502.77 15.64 531.34 53.88 0.040867
6 549.52 305.69 570.92 332.90 0.040701
3 739.38 27.43 765.46 56.31 0.040497
3 402.55 159.64 436.64 189.80 0.040428
2 776.78 77.07 882.08 278.82 0.040284
3 683.38 36.50 704.31 61.22 0.040158
1 803.80 125.26 828.61 149.92 0.040051
3 406.38 198.08 475.08 303.05 0.039691
5 707.34 6.11 716.68 18.53 0.039691
3 687.76 0.32 779.70 78.51 0.039619
4 779.52 78.88 834.46 120.15 0.039615
6 707.70 7.09 717.46 19.42 0.039610
5 671.93 61.58 679.61 74.93 0.039486
4 707.61 0.59 762.73 35.01 0.039445
3 650.58 -0.24 677.89 12.50 0.039077
3 777.93 76.88 825.27 305.29 0.039010
5 6.14 1.73 1352.12 761.97 0.038998
3 895.50 243.69 976.00 351.38 0.038905
3 504.23 18.50 530.28 50.30 0.038901
1 4.88 1.04 600.05 759.81 0.038798
3 780.03 78.35 822.53 122.11 0.038738
4 6.53 1.75 1343.63 762.41 0.038723
2 888.83 396.52 916.23 455.29 0.038670
3 150.84 250.92 176.44 300.51 0.038640
3 2.86 -0.19 576.88 272.11 0.038623
3 736.60 19.02 755.02 33.89 0.038618
2 291.22 6.33 900.54 352.91 0.038607
3 762.74 61.31 779.80 77.90 0.038597
5 780.19 78.73 823.36 119.90 0.038551
5 810.48 101.66 822.40 121.25 0.038525
3 449.74 166.68 503.43 220.14 0.038486
1 7.75 153.16 443.82 637.22 0.038246
4 778.97 80.42 799.56 115.93 0.038130
3 779.48 80.47 799.54 117.60 0.038072
5 988.26 146.17 1006.00 164.20 0.038034
2 857.01 9.17 940.92 155.48 0.037853
1 554.24 704.08 581.97 735.26 0.037815
6 1014.34 -0.10 1034.17 10.09 0.037581
4 719.52 -0.00 739.05 3.64 0.037549
3 889.97 396.39 914.78 456.07 0.037502
3 810.87 93.89 823.63 119.80 0.037501
3 938.36 127.66 951.48 141.47 0.037457
6 419.66 0.05 444.35 7.61 0.037448
2 763.03 217.57 846.24 307.05 0.037349
6 1108.67 -0.01 1160.11 15.12 0.037187
3 651.09 122.69 668.00 146.87 0.037076
5 737.02 19.39 755.18 33.93 0.037034
2 378.75 2.34 941.64 761.99 0.037016
2 947.70 1.38 1357.60 390.39 0.036975
6 717.44 -0.10 747.06 20.79 0.036929
3 684.02 22.28 706.64 62.28 0.036836
5 324.03 416.60 496.47 738.87 0.036783
3 1211.89 574.48 1231.89 621.66 0.036673
3 554.69 704.40 580.98 762.50 0.036577
3 693.43 2.06 976.63 537.19 0.036524
2 173.90 2.14 1331.22 761.58 0.036461
1 1211.67 574.72 1232.35 622.08 0.036406
4 318.07 2.53 955.22 761.91 0.036386
2 894.42 243.57 976.58 460.32 0.036323
6 737.67 21.77 826.81 123.18 0.036152
1 692.15 2.52 976.78 537.21 0.036146
1 895.02 260.02 976.41 351.26 0.036141
3 707.05 1.99 721.68 19.11 0.035984
2 690.03 1.37 976.50 537.31 0.035946
3 228.01 222.71 310.21 333.56 0.035819
6 861.29 51.77 923.19 123.52 0.035690
4 693.87 -0.14 975.38 342.90 0.035507
3 690.82 2.25 1355.04 760.11 0.035433
3 707.68 7.03 717.76 20.39 0.035351
4 151.95 398.51 173.51 426.94 0.035326
3 988.96 146.55 1005.51 163.71 0.035323
5 889.53 395.94 916.20 456.83 0.035321
3 561.37 312.22 573.53 336.30 0.035083
2 550.93 60.34 585.94 114.60 0.034924
2 345.26 6.72 570.58 220.88 0.034873
1 502.68 15.84 531.43 55.10 0.034851
2 895.48 243.55 976.32 348.79 0.034845
3 152.20 398.28 173.50 426.84 0.034823
3 1298.60 685.66 1331.68 745.99 0.034793
2 3.93 0.10 413.57 261.55 0.034783
4 876.30 104.82 885.09 115.69 0.034654
2 554.24 703.95 582.16 735.27 0.034617
6 950.80 0.69 1358.12 389.45 0.034602
3 787.73 99.48 796.91 119.95 0.034508
6 894.40 244.38 975.31 536.65 0.034432
6 13.39 1.56 964.99 762.09 0.034182
2 1298.70 679.88 1333.25 746.50 0.034164
6 548.94 298.76 571.84 333.36 0.034147
1 922.03 398.20 950.00 456.09 0.034105
6 708.00 0.17 764.70 40.38 0.034101
2 897.21 270.73 912.27 294.56 0.034089
3 861.56 52.82 929.28 120.47 0.034070
1 450.03 180.55 485.33 220.05 0.034061
4 1284.25 687.67 1330.98 746.62 0.034052
3 1068.85 296.36 1306.84 625.12 0.033967
2 803.89 125.06 828.61 149.96 0.033936
3 683.48 23.12 702.29 62.06 0.033856
3 1068.38 371.82 1118.55 463.85 0.033836
4 804.82 126.27 827.06 148.43 0.033801
6 111.84 226.17 185.21 262.94 0.033754
4 787.32 91.12 800.24 118.14 0.033743
4 779.32 78.95 827.83 149.05 0.033710
3 1299.93 687.56 1330.11 744.47 0.033672
3 876.53 105.14 884.75 115.51 0.033614
4 601.80 -0.08 620.93 6.83 0.033588
2 369.79 75.73 462.85 216.51 0.033477
3 502.93 16.04 531.11 53.34 0.033467
4 798.58 166.77 813.10 197.57 0.033436
5 780.30 78.88 834.25 120.50 0.033407
2 227.95 222.80 310.80 360.07 0.033396
2 670.41 45.23 692.98 77.67 0.033370
5 780.31 78.75 825.48 149.11 0.033173
3 715.46 56.82 743.00 75.87 0.033120
3 708.01 6.54 718.53 19.07 0.033045
5 549.68 306.25 570.38 332.67 0.033021
2 7.71 73.94 475.44 635.69 0.033020
6 111.41 229.12 148.64 262.02 0.033018
3 171.23 1.72 1311.24 763.06 0.032996
1 776.78 76.29 825.93 306.16 0.032945
1 452.47 743.49 519.42 764.05 0.032920
4 423.27 75.56 461.38 200.22 0.032879
2 875.30 104.42 884.64 117.63 0.032817
5 707.13 0.73 760.71 35.11 0.032809
3 863.11 106.21 882.04 172.25 0.032784
1 854.26 190.36 887.86 242.17 0.032737
2 894.50 415.00 910.77 447.73 0.032731
1 761.70 59.56 781.37 79.31 0.032585
3 784.53 89.14 799.93 121.02 0.032555
4 896.97 243.67 975.28 342.11 0.032541
4 711.90 20.71 727.50 38.10 0.032501
1 1067.22 293.59 1356.19 744.96 0.032491
3 740.67 76.54 764.70 97.80 0.032463
1 285.72 319.20 300.37 338.85 0.032458
3 650.86 129.19 675.89 148.28 0.032374
3 3.78 1.23 602.54 760.35 0.032343
3 601.28 -0.13 623.99 7.03 0.032335
1 255.72 45.63 421.80 223.83 0.032085
3 780.56 78.36 823.81 124.04 0.032065
6 889.87 396.06 915.77 456.12 0.032019
4 1109.47 0.13 1145.46 14.77 0.031985
4 575.30 61.57 583.95 76.36 0.031962
5 575.52 61.62 583.88 76.35 0.031924
3 782.32 165.83 795.83 197.59 0.031754
3 708.33 0.08 770.40 80.95 0.031753
1 670.76 46.33 692.80 77.66 0.031744
3 337.75 308.83 408.84 375.09 0.031722
1 448.00 100.97 461.02 121.64 0.031715
5 952.40 1.57 1222.56 170.76 0.031707
4 504.38 18.97 530.04 48.57 0.031671
4 548.70 298.76 572.39 333.84 0.031665
4 741.40 78.12 763.11 98.10 0.031617
2 337.40 308.75 408.61 376.10 0.031567
2 737.71 24.07 766.24 98.56 0.031558
2 227.96 222.28 310.58 330.88 0.031550
2 729.23 57.73 882.49 279.08 0.031546
5 707.28 6.71 717.80 19.10 0.031521
3 897.22 243.83 975.14 342.50 0.031520
3 35.97 1.96 1226.84 761.43 0.031511
6 8.18 2.08 1351.47 762.48 0.031428
4 762.34 61.12 780.01 78.12 0.031379
6 728.29 8.11 744.58 21.35 0.031174
2 779.85 77.90 825.06 150.07 0.031120
3 786.83 91.72 798.72 119.84 0.031014
3 857.21 219.27 886.47 240.15 0.031004
3 112.33 205.16 217.48 263.60 0.030981
3 4.77 219.29 410.26 761.42 0.030879
2 412.13 160.19 424.21 185.46 0.030757
1 8.63 221.58 327.02 633.86 0.030736
5 601.39 -0.05 619.35 7.58 0.030729
1 893.50 414.20 910.19 447.65 0.030708
1 1068.22 298.08 1308.34 625.41 0.030582
3 811.33 95.74 822.55 121.92 0.030539
6 904.00 50.93 917.84 78.36 0.030531
1 421.78 75.57 461.59 132.31 0.030528
3 782.80 32.04 793.84 48.51 0.030515
3 683.60 49.11 691.34 61.18 0.030499
1 779.77 165.44 814.37 199.55 0.030384
4 652.02 122.39 675.35 146.55 0.030338
5 866.33 13.36 939.77 98.62 0.030183
3 701.51 0.48 1357.04 394.05 0.030159
2 929.79 137.37 1147.94 399.01 0.030141
2 649.99 0.56 664.54 13.85 0.030098
1 1156.30 203.55 1174.35 233.93 0.030079
5 714.41 0.01 747.32 18.90 0.030074
4 419.58 0.08 445.15 7.30 0.030049
