4 569.30 166.08 618.32 266.04 0.689114
4 446.22 363.02 496.47 467.97 0.687346
5 569.18 166.05 618.44 266.03 0.629429
4 563.86 53.34 608.90 150.45 0.621196
5 446.50 362.91 496.58 467.88 0.610724
6 569.66 166.23 618.17 265.88 0.590084
3 569.61 166.30 617.90 265.58 0.588557
3 446.50 363.28 496.22 467.57 0.587318
6 446.69 363.32 496.23 467.66 0.571315
5 563.78 53.04 608.85 150.48 0.557219
4 15.75 995.30 157.72 1048.85 0.555305
6 564.19 53.29 608.68 150.28 0.548787
3 564.39 53.38 608.51 150.13 0.542949
4 846.02 916.09 976.19 973.83 0.504430
5 845.89 916.00 976.49 973.83 0.484812
2 441.06 21.47 834.92 940.64 0.478591
3 846.13 916.28 975.84 973.82 0.473499
6 846.17 915.90 975.97 973.39 0.471630
3 16.49 995.21 158.31 1048.91 0.463874
6 15.58 995.62 155.28 1049.10 0.449429
5 15.87 995.72 144.21 1048.88 0.440857
6 439.96 474.83 491.16 599.00 0.401638
3 440.16 24.50 824.66 940.06 0.367299
4 200.11 980.35 286.23 1035.88 0.358498
1 446.35 27.19 832.48 940.39 0.352126
4 439.73 474.51 490.89 599.19 0.351335
3 440.13 474.86 490.30 598.07 0.341830
5 439.67 474.64 490.91 598.60 0.335788
5 199.76 981.35 287.34 1035.99 0.315312
4 1237.65 912.14 1372.91 963.73 0.312517
6 1237.73 911.80 1372.59 963.12 0.303291
6 200.45 980.48 288.33 1035.68 0.301093
3 1237.67 911.96 1373.13 963.53 0.286765
3 200.36 981.42 286.19 1035.54 0.279408
5 1237.56 912.42 1371.07 963.48 0.279126
6 818.92 985.15 999.45 1048.83 0.269090
3 818.97 985.23 999.25 1048.71 0.266993
1 663.31 199.61 685.75 251.89 0.266872
1 693.35 194.76 713.46 229.21 0.263070
3 199.76 965.31 321.97 1036.02 0.252526
4 199.66 971.72 312.17 1036.17 0.246367
2 8.26 3.29 1392.19 1041.63 0.245328
3 1207.44 714.37 1260.71 737.42 0.245071
6 199.83 965.81 320.29 1036.15 0.239469
2 425.58 14.22 1387.71 963.40 0.238702
5 199.19 974.64 309.40 1036.35 0.234011
5 818.61 984.89 999.79 1048.57 0.229822
3 446.10 601.14 489.93 786.92 0.223655
3 1.52 894.01 374.74 976.04 0.214323
1 435.96 20.41 1386.33 961.58 0.209410
4 440.06 551.38 479.82 598.20 0.204770
3 552.53 57.82 813.64 931.44 0.201995
1 677.85 123.62 693.68 151.36 0.201554
4 818.76 985.04 999.52 1048.67 0.198450
1 549.63 56.43 812.94 936.39 0.188936
4 1237.78 914.39 1317.92 963.30 0.188757
6 461.06 -0.06 494.60 32.74 0.187484
3 8.02 3.76 1393.48 1042.47 0.187202
1 501.78 197.94 523.56 228.68 0.184196
3 460.85 0.31 494.21 32.55 0.181920
3 1297.02 755.81 1353.17 805.96 0.180895
1 568.34 165.78 620.08 266.09 0.177729
3 1297.65 808.76 1358.91 855.99 0.177043
3 1130.33 715.29 1397.79 1005.98 0.176795
3 489.74 859.58 515.35 900.27 0.175636
1 444.95 362.76 497.45 468.04 0.172698
3 881.38 769.85 934.26 803.33 0.172042
3 560.45 894.26 590.35 936.37 0.171359
1 672.63 377.74 689.96 419.71 0.169055
3 429.45 11.81 1396.11 1003.28 0.167639
1 562.79 52.41 609.57 151.37 0.167625
5 439.79 551.49 479.93 597.78 0.167523
4 819.01 986.37 866.37 1048.72 0.165670
3 440.49 551.70 479.66 597.28 0.162918
5 818.83 986.39 866.44 1048.67 0.161582
3 956.65 780.26 991.73 813.76 0.161319
3 724.29 102.83 744.04 156.84 0.160088
5 443.28 474.82 491.59 558.45 0.159708
3 1233.94 753.28 1281.18 808.44 0.159675
1 441.19 967.54 469.69 995.30 0.158120
1 488.14 858.34 516.92 902.10 0.158117
3 156.35 717.93 441.84 781.09 0.157945
3 819.21 986.55 866.04 1048.63 0.156358
3 845.85 486.88 893.28 530.82 0.156016
2 555.11 79.52 821.09 935.92 0.155810
3 1160.36 773.53 1197.65 801.62 0.154309
4 1274.51 913.27 1372.12 960.50 0.154129
3 1237.91 914.66 1317.91 963.14 0.153354
3 663.83 199.96 685.71 251.25 0.153276
3 505.69 781.84 527.83 829.99 0.150921
3 442.77 968.79 468.60 993.94 0.150834
3 1278.15 681.33 1313.03 697.75 0.150805
5 1237.59 914.59 1317.99 963.23 0.147868
3 1233.79 753.58 1260.15 798.40 0.146218
2 693.23 194.47 713.62 229.07 0.146127
6 443.45 474.92 491.64 558.67 0.145982
4 460.57 0.48 495.19 32.74 0.145965
6 819.31 986.56 866.20 1048.87 0.145623
3 718.18 862.74 757.85 952.50 0.144894
1 723.19 102.35 745.77 158.10 0.144652
1 559.45 893.34 592.10 937.98 0.144479
6 1237.91 913.62 1317.96 962.89 0.143316
3 693.50 195.03 713.15 228.70 0.143139
3 443.64 172.51 474.16 214.22 0.142867
3 1003.23 791.38 1040.61 836.63 0.142782
1 443.74 600.36 490.76 787.53 0.141216
2 321.46 4.62 1386.95 1024.69 0.140192
1 702.23 503.49 719.53 525.63 0.139634
3 503.35 199.28 521.76 226.54 0.139406
3 1203.76 811.06 1250.76 864.10 0.139100
1 1206.50 713.34 1262.06 739.06 0.138705
1 6.77 2.22 1393.30 1037.22 0.138040
3 723.46 102.35 745.48 157.83 0.137591
4 443.27 474.84 491.87 557.97 0.137114
3 1135.64 751.22 1354.85 829.00 0.136619
3 647.74 859.87 687.55 896.58 0.135615
2 663.12 199.21 686.09 252.06 0.135610
3 1141.10 1007.35 1168.99 1032.63 0.135578
3 502.08 198.23 523.16 228.29 0.135132
5 460.51 0.43 494.52 33.07 0.134427
1 1137.15 784.87 1160.70 829.49 0.130578
2 677.84 123.39 693.94 151.31 0.128582
3 1137.95 785.59 1162.27 827.39 0.127851
5 1275.09 913.49 1366.31 960.82 0.127400
3 1138.93 865.45 1397.70 949.18 0.126115
1 544.53 84.18 563.26 116.95 0.126103
3 643.65 802.98 692.90 824.37 0.125567
5 959.08 4.40 991.20 41.52 0.125517
3 625.89 92.82 659.18 128.74 0.125408
3 8.06 2.75 833.54 1040.50 0.125123
3 157.15 727.09 255.60 780.73 0.123579
3 718.30 888.67 757.58 952.52 0.123206
1 464.56 301.93 485.66 338.99 0.123112
3 956.67 778.78 1007.72 815.46 0.122774
3 443.31 474.92 491.32 557.87 0.122295
6 439.83 551.90 479.65 597.91 0.122100
4 443.32 172.35 474.43 214.52 0.121967
1 643.49 993.32 666.30 1015.95 0.120150
3 828.25 514.52 1398.89 707.29 0.119935
1 955.73 779.05 992.66 815.72 0.119851
3 1298.04 812.59 1358.64 856.04 0.119810
3 1368.83 824.71 1399.42 849.55 0.119605
3 479.26 141.93 507.94 172.34 0.118933
4 479.16 141.59 508.33 172.75 0.118115
3 1138.07 773.21 1197.75 827.28 0.117678
3 466.49 141.82 507.79 174.30 0.117136
3 881.33 769.57 936.98 812.81 0.116452
2 441.18 967.35 469.71 995.09 0.116022
3 441.53 967.84 469.24 994.76 0.115876
2 443.86 599.86 490.46 787.09 0.115531
3 955.84 779.42 992.94 815.09 0.114199
3 452.66 65.48 498.29 120.75 0.113785
3 1206.58 713.60 1261.73 738.70 0.112211
3 1275.18 913.11 1371.19 960.19 0.110829
1 624.28 91.71 653.96 130.20 0.110558
3 644.94 994.51 664.62 1014.25 0.108359
3 1237.42 910.22 1375.34 1005.22 0.107869
3 1297.64 757.46 1328.33 804.32 0.107170
3 488.26 858.46 516.56 901.57 0.106793
3 678.44 123.83 693.23 150.86 0.106250
2 672.63 377.50 690.25 419.79 0.105029
4 881.38 769.75 934.68 803.96 0.104381
3 673.09 378.05 689.61 419.12 0.103710
3 1134.96 715.48 1357.45 865.78 0.103647
1 651.93 175.66 672.02 204.10 0.103555
4 1368.67 824.81 1399.17 849.95 0.102716
3 465.42 141.53 508.39 175.69 0.102582
1 471.69 36.70 489.71 78.29 0.102098
3 1137.10 784.87 1161.74 829.50 0.101576
1 268.91 901.87 304.79 942.49 0.101515
6 724.19 102.86 744.14 156.77 0.100001
2 2.35 895.60 380.54 973.24 0.099731
6 1369.01 825.01 1399.40 849.55 0.099028
3 755.70 69.70 793.87 299.64 0.098860
3 582.11 331.78 615.72 375.36 0.098582
1 742.06 363.38 760.79 393.20 0.098578
3 546.14 85.41 561.82 114.56 0.098242
2 445.02 362.53 497.36 468.10 0.097566
3 1208.05 436.89 1260.10 460.33 0.097494
3 725.82 220.67 760.16 255.69 0.097145
6 443.79 172.46 474.18 214.36 0.097138
5 718.26 888.09 758.15 953.98 0.096972
1 441.90 287.58 465.73 328.83 0.096950
3 676.70 649.07 748.34 688.54 0.096713
1 504.11 781.38 529.36 831.19 0.096688
3 1255.99 881.11 1397.48 942.78 0.096466
6 718.35 862.79 758.12 953.60 0.096336
3 559.79 893.57 591.62 937.33 0.095591
3 1161.34 773.87 1197.87 799.78 0.095026
5 718.03 862.83 758.35 954.27 0.094608
4 956.85 780.00 991.57 814.11 0.094556
6 440.18 0.28 459.92 38.10 0.093830
3 702.30 503.82 719.15 525.33 0.093436
1 725.25 169.36 755.29 203.14 0.093399
3 440.62 0.54 458.23 38.55 0.093339
1 1295.42 754.72 1353.56 807.85 0.093282
6 959.30 4.55 990.92 41.25 0.093218
3 725.81 169.98 754.17 201.44 0.092782
2 501.75 197.80 523.52 228.43 0.092528
6 718.43 888.58 757.89 953.24 0.092403
5 1368.71 824.82 1399.18 849.97 0.092184
2 568.56 165.48 619.96 265.47 0.091891
4 465.99 141.49 508.36 175.11 0.091864
4 452.36 65.45 482.27 87.10 0.091630
3 673.91 731.20 697.67 766.10 0.091435
1 732.64 222.60 753.04 256.93 0.089797
1 1232.39 752.68 1281.80 809.58 0.089286
1 716.77 861.49 758.97 954.60 0.088724
3 594.05 569.66 626.90 621.74 0.088202
3 630.46 344.31 656.85 372.08 0.087412
3 959.64 4.66 990.78 41.02 0.087345
5 1.08 0.31 382.45 459.06 0.086927
5 1207.85 436.52 1260.51 460.64 0.086282
6 478.83 141.75 508.10 172.49 0.086114
3 1154.21 909.26 1178.77 932.09 0.086087
1 1140.25 1005.83 1170.49 1034.54 0.086063
3 366.65 885.67 406.65 934.60 0.086048
3 269.87 902.41 303.53 940.61 0.085926
1 871.86 712.88 1357.72 844.87 0.085622
3 581.82 731.56 629.31 775.61 0.085390
6 957.12 780.37 991.46 813.68 0.085122
3 665.73 201.61 684.17 249.11 0.085000
2 723.31 102.17 745.81 158.01 0.084876
3 465.45 303.33 483.74 336.01 0.084803
3 777.92 317.25 804.80 442.77 0.084280
3 504.43 781.25 528.87 831.13 0.084278
3 1130.54 717.12 1396.91 954.24 0.084146
2 875.06 713.61 1358.79 844.36 0.083921
6 1278.01 913.83 1371.03 960.07 0.083799
2 563.34 52.52 609.63 151.39 0.083755
6 367.33 885.47 407.23 934.81 0.083733
3 1.48 0.55 384.99 455.97 0.083553
4 1207.42 714.27 1260.90 737.50 0.082815
3 445.26 600.94 506.82 787.45 0.082771
3 868.32 713.55 1360.07 846.94 0.082672
1 1002.17 789.72 1042.65 838.78 0.082445
5 723.92 102.55 744.46 157.00 0.082208
1 1232.47 752.94 1261.12 799.87 0.082186
3 452.73 65.73 482.16 86.77 0.082120
3 642.41 802.39 693.93 825.60 0.082109
2 1137.43 784.85 1160.07 829.02 0.082072
3 565.03 252.44 808.09 923.04 0.081537
3 595.29 761.27 628.66 791.87 0.081225
6 881.53 769.87 935.11 804.09 0.081179
3 1320.76 756.84 1352.51 805.61 0.081177
1 1295.96 756.58 1329.83 805.09 0.080633
3 17.05 997.26 139.23 1049.18 0.080494
3 643.91 993.46 665.73 1015.20 0.080178
6 1376.90 900.64 1399.11 939.80 0.079951
3 624.78 91.78 657.28 129.77 0.079791
3 1002.00 790.12 1042.34 838.46 0.079674
1 479.78 140.77 509.53 172.83 0.079486
3 467.23 86.17 483.62 128.53 0.079480
3 584.01 407.10 616.59 452.93 0.079399
1 725.89 220.39 760.41 257.17 0.079199
3 880.81 713.22 1397.67 1004.77 0.079165
6 1237.41 910.10 1374.59 1004.88 0.078871
6 1300.05 914.84 1371.57 960.34 0.078673
2 544.51 84.10 563.36 116.55 0.078078
3 269.01 901.78 304.93 942.33 0.078039
5 366.60 885.27 407.39 934.98 0.077944
1 657.71 285.49 696.53 336.57 0.077825
2 1.40 0.05 384.83 455.52 0.077431
6 200.33 979.92 305.97 1035.95 0.077413
2 488.15 858.35 517.20 902.16 0.077301
1 767.06 506.96 785.80 561.51 0.077144
3 199.58 959.85 389.38 1036.37 0.077071
1 464.81 140.60 509.05 177.72 0.076930
3 1234.83 890.50 1389.40 1006.23 0.076842
3 674.51 379.17 687.90 417.44 0.076244
4 452.61 65.33 498.59 121.29 0.075987
3 597.92 655.22 652.86 727.98 0.075803
3 367.94 963.38 388.56 981.64 0.075697
3 0.79 934.20 46.50 969.87 0.075325
6 467.31 141.72 508.02 174.73 0.075272
3 672.93 316.75 694.57 335.98 0.075239
6 755.27 69.79 794.25 299.44 0.074788
3 653.70 162.90 683.79 201.91 0.074688
6 1217.28 866.62 1248.35 902.80 0.074621
3 580.29 816.80 601.46 855.36 0.074508
1 558.48 55.13 711.60 941.43 0.074358
2 464.93 301.80 485.88 338.73 0.074063
3 798.00 1.22 1397.48 560.16 0.074030
3 544.94 84.55 563.03 116.41 0.074026
5 1216.89 866.25 1248.44 902.86 0.073988
1 2.95 894.56 383.21 972.64 0.073897
4 1376.92 899.97 1398.90 940.08 0.073760
6 452.80 65.56 498.50 119.96 0.073725
6 467.18 86.19 484.36 128.73 0.073701
3 1200.67 742.05 1231.91 760.90 0.073699
3 442.27 288.19 484.01 337.50 0.073680
3 677.49 583.40 712.14 602.46 0.073619
5 956.82 780.13 991.21 814.10 0.073507
3 469.08 140.64 509.47 176.25 0.073403
3 1377.01 900.39 1399.04 940.18 0.073324
1 1132.06 713.84 1356.36 851.18 0.073208
3 653.16 635.67 760.60 690.62 0.073033
3 607.10 655.87 652.25 712.55 0.072852
3 768.75 508.46 784.43 560.06 0.072457
1 880.31 768.87 934.55 805.43 0.072417
6 1208.03 436.79 1260.16 460.24 0.072288
3 725.22 169.31 755.44 202.73 0.071990
3 791.01 1.08 1397.22 710.18 0.071894
3 377.79 727.35 412.20 876.79 0.071847
1 646.52 858.78 688.84 897.80 0.071497
4 1278.42 681.30 1313.49 698.06 0.071296
1 664.41 285.82 691.04 321.24 0.071284
5 479.09 141.35 508.23 172.79 0.071224
6 199.29 959.69 389.62 1036.60 0.071194
3 636.04 503.52 663.78 542.15 0.071056
3 755.59 69.94 796.35 323.06 0.070895
3 471.70 36.90 489.43 81.09 0.070832
3 160.02 727.88 255.90 761.51 0.070740
4 718.20 887.71 757.81 953.37 0.070593
2 1206.47 713.24 1261.99 738.95 0.070452
3 1253.45 759.74 1281.37 807.97 0.070368
5 830.88 508.90 1398.97 708.40 0.070247
3 1135.62 861.57 1397.65 1005.20 0.070163
6 777.77 316.97 805.08 443.06 0.069807
3 442.85 171.47 475.43 215.06 0.069565
1 737.48 593.31 757.03 615.85 0.069423
3 881.42 751.17 1356.96 837.40 0.069261
2 1131.31 713.77 1356.57 838.45 0.069141
1 1159.73 772.41 1199.31 801.71 0.068896
3 279.32 2.50 1390.85 1037.89 0.068821
3 950.65 752.38 1356.71 838.78 0.068696
3 565.28 561.62 584.07 578.19 0.068640
5 443.66 172.28 474.34 214.54 0.068616
3 1255.48 783.94 1281.32 808.03 0.068433
4 959.40 4.60 991.20 41.12 0.068323
5 665.45 201.18 684.51 249.62 0.068297
1 349.42 5.50 1388.91 1036.88 0.068205
1 644.89 935.21 666.57 954.40 0.068167
3 654.13 640.56 749.47 689.43 0.068003
3 379.40 730.99 410.22 874.05 0.067893
3 464.64 302.34 485.15 338.58 0.067835
3 443.29 289.01 464.51 326.40 0.067549
4 755.54 69.49 794.51 299.50 0.067461
1 1277.19 680.27 1314.65 699.77 0.067418
4 452.87 65.08 494.07 90.37 0.067342
1 579.52 461.20 619.69 526.58 0.067310
3 781.49 769.29 847.19 803.87 0.067300
3 1139.16 786.11 1159.89 827.25 0.067272
3 320.82 972.82 337.50 1034.99 0.067243
5 881.30 769.69 934.94 804.13 0.067140
3 1207.94 417.32 1260.37 460.66 0.067123
4 724.10 102.57 744.13 156.85 0.067079
3 742.45 363.87 760.23 392.57 0.067068
5 1237.28 910.65 1374.25 1004.88 0.066522
3 1133.72 713.42 1356.36 834.14 0.066158
1 442.53 171.48 475.44 215.46 0.066152
3 453.27 65.14 494.29 90.56 0.066075
4 366.51 885.48 406.99 934.77 0.066052
6 829.71 509.26 1399.28 708.08 0.066051
2 955.80 778.95 992.04 815.48 0.065744
3 581.37 815.15 636.48 873.89 0.065471
1 582.22 406.20 616.87 454.15 0.065366
3 652.25 175.74 671.23 203.83 0.065360
3 781.49 769.57 830.54 797.67 0.065341
3 582.69 406.33 617.00 453.96 0.065319
4 199.30 960.18 389.18 1036.55 0.065062
3 599.85 815.12 636.53 873.31 0.065045
3 955.35 778.67 1040.77 837.54 0.064720
3 592.69 568.79 628.23 622.67 0.064559
3 679.60 125.19 691.63 149.27 0.064475
1 564.12 560.73 585.36 579.19 0.064424
1 914.51 718.13 935.12 740.33 0.064400
3 726.76 221.93 756.23 256.71 0.064376
2 559.36 893.27 592.15 937.60 0.064349
4 718.05 862.53 758.09 953.72 0.064278
1 737.34 170.40 755.61 201.73 0.064165
2 880.40 768.90 934.38 804.80 0.064158
4 438.00 27.62 820.38 936.78 0.064062
4 629.97 344.00 656.99 372.56 0.063988
3 1340.86 858.41 1398.57 898.98 0.063879
2 624.29 91.61 656.29 130.11 0.063826
3 681.00 532.05 699.84 549.64 0.063793
1 679.79 530.88 701.44 551.61 0.063747
3 743.24 364.98 759.19 391.51 0.063733
1 672.53 729.90 698.88 767.64 0.063706
3 581.27 333.91 616.59 376.32 0.063680
5 367.96 963.38 388.58 981.82 0.063573
5 1376.74 899.97 1398.99 940.46 0.063308
6 368.32 963.73 388.62 981.45 0.063176
2 442.01 287.50 466.12 328.97 0.063141
4 445.86 601.93 489.77 786.58 0.063107
1 592.34 568.72 628.49 623.52 0.062930
3 756.07 68.95 805.98 442.72 0.062924
5 755.25 69.22 794.78 299.44 0.062854
1 671.76 314.34 695.31 337.69 0.062690
2 268.88 901.58 304.76 942.57 0.062556
2 651.67 175.87 671.31 204.29 0.062538
3 582.61 731.59 631.62 792.34 0.062526
3 767.38 507.44 785.52 561.02 0.062504
3 657.95 285.98 696.71 336.54 0.062439
4 367.84 963.16 388.71 981.89 0.062302
3 630.75 583.21 652.19 603.94 0.062192
1 580.95 334.64 616.71 376.88 0.062121
3 1236.55 909.43 1347.25 1005.82 0.062059
3 479.35 88.21 498.24 119.50 0.062001
4 1161.23 773.76 1198.09 799.20 0.061833
2 232.58 6.00 844.28 1031.22 0.061730
3 2.06 0.37 433.85 980.62 0.061713
3 581.02 493.78 618.41 525.55 0.061688
3 741.81 435.00 769.13 461.08 0.061558
2 551.54 46.83 1382.12 938.23 0.061482
3 916.30 720.38 933.47 738.57 0.061419
4 16.63 1000.11 61.62 1048.83 0.061003
6 446.40 601.72 489.69 786.49 0.060970
1 798.49 525.65 839.64 615.14 0.060708
3 184.93 727.27 249.20 759.95 0.060661
3 569.42 265.91 615.39 296.94 0.060581
3 779.82 767.96 849.08 806.34 0.060574
4 440.56 0.64 458.43 38.61 0.060513
3 694.96 556.35 713.88 575.38 0.060431
5 467.06 85.93 484.60 129.01 0.060417
4 1207.84 436.49 1260.56 460.48 0.060355
3 156.25 601.87 488.96 781.19 0.060325
3 788.63 769.07 830.66 789.40 0.060266
2 702.25 503.54 719.62 525.64 0.060262
3 1277.46 680.56 1314.10 698.98 0.060232
6 626.03 92.94 658.55 128.67 0.060197
4 478.59 89.63 498.31 120.05 0.060055
1 598.82 819.23 635.09 874.24 0.059935
3 241.00 902.75 303.25 945.77 0.059747
3 726.28 169.33 754.97 200.46 0.059640
3 648.68 724.89 698.37 766.06 0.059638
3 1296.48 809.94 1359.92 857.37 0.059556
2 726.60 169.74 755.37 203.26 0.059549
4 1237.06 910.32 1375.04 1005.03 0.059541
3 375.66 729.93 412.68 933.13 0.059527
1 724.61 171.23 740.19 202.13 0.059506
3 798.65 525.67 838.54 614.47 0.059470
1 612.27 308.94 632.52 333.70 0.059330
3 598.24 818.58 635.05 874.24 0.059117
5 440.12 0.31 458.36 37.82 0.059069
1 1134.12 751.00 1355.00 834.10 0.059005
6 3.99 1.81 1396.60 1047.24 0.058963
4 643.63 802.73 693.30 824.66 0.058892
6 665.84 201.55 684.16 248.83 0.058889
3 774.41 451.50 807.33 485.61 0.058850
2 2.06 -0.09 422.89 975.46 0.058806
1 824.99 531.33 1398.22 704.00 0.058679
3 1219.15 866.67 1248.50 902.38 0.058597
3 1135.66 863.04 1396.36 955.23 0.058547
2 561.89 111.51 720.77 927.91 0.058359
3 156.04 694.83 487.18 780.94 0.058254
1 799.26 526.15 830.18 587.63 0.057932
1 752.87 433.91 770.76 461.97 0.057894
2 565.31 252.44 710.48 927.14 0.057816
1 772.86 375.50 786.52 403.53 0.057677
1 452.35 36.32 502.23 176.36 0.057597
3 579.54 461.26 619.87 526.07 0.057532
1 580.48 730.26 631.50 777.91 0.057478
2 657.42 285.94 696.98 337.11 0.057450
1 845.53 915.63 978.04 973.77 0.057382
3 615.84 889.93 651.77 918.95 0.057380
1 736.84 223.46 751.06 256.93 0.057373
1 1108.12 727.04 1137.28 805.98 0.057344
5 1207.36 714.26 1260.89 737.76 0.057326
2 14.82 3.94 837.75 1029.95 0.057254
3 1140.46 1006.51 1170.03 1033.89 0.057114
3 799.78 525.82 836.11 612.41 0.057099
2 741.89 363.37 760.85 393.28 0.057057
3 1136.87 868.03 1250.58 919.38 0.056891
1 1127.22 710.99 1395.23 1004.55 0.056785
3 660.38 163.35 683.37 179.95 0.056576
3 694.72 196.54 711.56 226.78 0.056506
3 1138.21 866.12 1249.89 922.74 0.056434
3 568.25 257.77 696.58 920.88 0.056272
4 7.41 2.05 1394.92 1046.59 0.056215
6 1207.82 417.18 1260.59 460.67 0.056179
3 1133.65 748.21 1357.58 867.04 0.056109
3 652.92 641.32 678.56 678.58 0.056059
1 752.03 485.67 771.60 517.48 0.056057
1 441.04 286.71 485.82 340.25 0.055777
2 734.72 222.98 751.96 256.78 0.055665
3 1232.82 752.92 1262.05 800.11 0.055625
3 1296.38 756.75 1329.92 804.96 0.055439
3 157.38 727.39 257.89 776.24 0.055330
4 505.56 782.02 528.10 829.86 0.055272
3 659.52 289.17 692.79 319.70 0.054919
2 643.53 993.14 666.20 1015.72 0.054856
4 594.10 568.90 627.34 622.30 0.054748
3 614.79 869.61 652.03 918.79 0.054620
3 477.60 74.67 498.76 118.86 0.054577
3 466.93 87.13 482.94 128.32 0.054415
4 1312.41 915.73 1372.61 960.00 0.054398
5 788.25 1.23 1397.81 707.28 0.054336
1 1.90 0.61 385.33 453.86 0.054323
3 1303.08 915.28 1364.46 960.38 0.054304
3 802.86 783.61 826.75 804.06 0.054255
1 742.25 275.49 756.92 330.60 0.054237
3 1141.28 864.97 1394.71 963.78 0.054175
1 635.29 431.15 657.40 476.31 0.054153
6 1298.16 814.24 1358.57 856.29 0.054147
3 599.76 817.90 634.61 873.05 0.054134
1 636.40 446.61 655.75 476.37 0.054126
1 1203.84 810.02 1252.08 865.17 0.054125
3 452.54 38.92 498.97 124.56 0.053915
3 1130.80 813.57 1397.98 951.86 0.053828
4 583.78 406.93 617.25 453.31 0.053789
2 568.25 265.03 617.10 298.64 0.053742
1 603.78 654.38 654.40 717.70 0.053725
5 777.75 317.27 805.41 443.00 0.053686
3 365.50 886.02 389.33 936.21 0.053539
5 643.87 802.76 693.44 824.69 0.053520
3 604.23 654.14 653.68 716.79 0.053430
3 442.52 287.90 465.67 328.29 0.052915
3 1259.43 883.76 1345.06 920.75 0.052866
3 1207.03 436.15 1261.02 461.46 0.052848
1 629.11 343.95 657.76 374.30 0.052637
4 489.95 859.34 515.29 900.13 0.052575
3 447.93 681.71 487.55 783.97 0.052442
1 556.41 44.75 1368.67 932.75 0.052298
3 353.85 962.92 389.09 987.52 0.052150
3 59.68 635.32 230.00 704.35 0.052084
2 470.75 36.85 490.03 82.03 0.052083
3 416.86 2.93 446.68 764.69 0.052013
3 673.06 833.88 701.52 857.82 0.051834
1 641.57 801.89 694.18 826.01 0.051789
1 779.51 767.60 849.29 807.69 0.051748
3 739.23 594.63 755.36 614.42 0.051663
5 1207.73 417.00 1260.80 461.16 0.051412
2 1133.26 748.65 1355.59 833.87 0.051369
1 439.64 473.49 492.57 598.98 0.051361
4 438.35 44.70 624.65 605.11 0.051297
2 466.29 140.46 509.28 177.72 0.051078
2 441.18 286.60 486.00 340.35 0.051000
1 569.13 265.17 614.84 297.76 0.050978
3 841.59 612.44 970.56 639.88 0.050951
3 16.75 1000.09 61.46 1048.71 0.050931
3 561.08 54.76 690.36 933.48 0.050928
4 777.87 317.27 805.27 443.31 0.050904
3 1176.48 872.92 1397.20 940.55 0.050902
3 37.16 999.43 138.41 1048.37 0.050899
3 1273.41 911.30 1346.51 1005.74 0.050805
3 474.52 73.62 498.27 118.87 0.050666
3 636.58 430.17 655.74 474.44 0.050662
4 1141.18 1007.10 1169.10 1032.89 0.050598
3 673.05 730.07 698.55 767.29 0.050556
1 652.53 634.08 760.61 691.51 0.050436
6 431.54 6.78 829.07 944.30 0.050406
4 594.56 761.47 628.69 792.37 0.050321
3 478.87 89.56 497.83 119.29 0.050305
5 768.43 509.42 784.90 560.31 0.050260
6 792.06 1.20 1398.34 560.30 0.050243
6 505.91 781.80 527.76 829.50 0.050191
4 581.79 332.04 616.17 376.30 0.050189
3 736.55 224.06 750.63 256.53 0.050117
3 1198.57 787.15 1214.49 811.22 0.050108
5 198.77 959.31 388.73 1037.19 0.050087
2 563.41 250.60 812.42 927.95 0.050004
1 1196.01 786.93 1223.55 833.75 0.049870
1 365.51 886.09 389.36 935.80 0.049867
6 643.87 802.84 693.25 824.53 0.049831
6 1207.56 714.53 1260.71 737.37 0.049792
3 743.17 275.91 756.49 330.90 0.049775
3 564.56 561.07 585.04 578.90 0.049589
3 1159.63 772.79 1199.13 801.99 0.049569
5 467.24 141.25 508.07 175.41 0.049505
3 646.48 858.98 689.00 897.60 0.049436
6 787.35 1.01 1398.09 708.88 0.049432
3 626.44 93.94 647.07 127.52 0.049373
3 894.69 859.26 950.66 916.33 0.049343
3 452.26 36.82 501.37 176.13 0.049257
1 629.57 581.98 653.84 606.20 0.049217
3 155.96 695.67 454.50 781.41 0.049205
3 367.49 886.97 388.53 934.68 0.049147
3 799.25 526.05 830.84 587.98 0.049097
3 703.55 505.22 717.85 524.06 0.049078
6 503.76 199.54 521.82 226.07 0.049050
1 15.10 995.60 160.26 1048.46 0.049000
4 467.11 86.03 483.90 128.79 0.048903
3 629.81 250.11 645.40 286.22 0.048865
1 156.16 702.02 485.93 779.53 0.048858
3 272.02 902.86 303.15 938.87 0.048713
5 792.11 1.12 1398.29 559.91 0.048640
3 737.74 593.80 756.72 615.72 0.048600
1 1199.48 740.81 1233.37 762.44 0.048584
1 1136.22 772.00 1199.71 830.08 0.048548
4 853.31 496.33 893.48 531.04 0.048505
3 583.74 406.54 628.37 454.50 0.048449
2 1295.33 754.84 1353.96 808.04 0.048446
5 452.65 64.59 498.44 122.06 0.048417
3 1175.55 873.69 1396.66 1005.72 0.048212
3 584.99 428.62 627.05 453.88 0.048140
5 694.64 556.08 714.19 575.74 0.048122
2 598.56 818.67 635.17 874.21 0.048121
4 565.17 561.41 584.26 578.29 0.048120
1 741.01 434.13 770.75 464.02 0.048053
3 648.53 724.93 671.94 747.70 0.048030
6 452.55 65.85 482.16 87.32 0.048023
3 1340.60 860.48 1398.72 939.81 0.047963
3 842.88 485.94 893.52 558.71 0.047946
1 753.98 68.74 797.30 314.69 0.047941
3 579.46 803.22 697.63 899.41 0.047931
1 421.19 703.89 449.52 765.45 0.047854
1 622.37 402.11 639.50 425.29 0.047783
3 721.39 862.68 748.93 899.63 0.047778
5 505.52 781.85 528.03 830.21 0.047661
3 193.68 6.90 837.02 1021.81 0.047459
6 452.99 65.33 496.64 93.96 0.047363
3 452.18 37.12 500.47 122.21 0.047308
3 639.26 515.96 663.78 541.33 0.047280
1 586.03 461.42 616.29 497.91 0.047239
3 1205.31 810.80 1251.28 861.39 0.047209
3 441.80 1.39 456.89 38.65 0.047143
3 680.28 531.25 701.15 550.90 0.047132
2 580.31 729.69 631.59 778.04 0.047087
1 651.81 161.32 685.35 204.22 0.047073
1 2.38 1.63 432.07 977.76 0.046944
3 1237.22 913.17 1341.37 1002.99 0.046943
2 824.83 533.12 1398.44 698.73 0.046882
1 895.49 852.49 950.88 917.21 0.046852
3 466.02 85.15 486.31 130.29 0.046762
3 776.93 315.94 805.52 444.62 0.046673
2 333.97 11.78 1061.56 977.20 0.046627
3 480.28 141.27 509.23 172.51 0.046428
3 573.67 304.76 590.20 329.21 0.046296
1 566.41 253.80 706.51 927.47 0.046288
3 830.10 674.12 871.67 709.74 0.046260
4 694.53 555.97 714.40 575.82 0.046206
3 628.67 249.27 646.12 287.56 0.046168
1 635.65 502.91 664.65 543.07 0.046158
2 1232.36 752.33 1281.77 809.27 0.046110
5 503.53 199.33 522.25 226.57 0.046062
3 420.68 706.18 445.57 764.14 0.046026
1 799.03 525.43 840.77 588.21 0.045951
1 627.66 478.62 646.06 500.15 0.045909
1 799.68 2.16 1396.77 559.79 0.045876
3 1260.40 887.71 1360.41 1005.66 0.045809
4 1234.13 753.81 1261.18 798.55 0.045491
1 793.60 2.10 1396.56 711.29 0.045435
2 641.84 801.88 694.21 825.81 0.045425
2 799.22 1.77 1396.75 557.39 0.045407
3 1202.68 810.39 1252.16 865.86 0.045354
3 680.05 125.15 692.34 149.36 0.045339
3 1341.20 858.82 1399.25 895.66 0.045269
3 2.83 709.01 1397.21 1030.36 0.045137
3 1136.67 772.55 1199.26 829.73 0.045126
2 504.15 781.50 529.70 831.84 0.045119
4 635.72 503.41 664.07 542.55 0.045054
3 914.37 717.81 934.73 740.01 0.045046
4 1219.05 866.40 1248.45 902.48 0.045026
6 281.42 984.41 306.43 1027.24 0.045014
6 1143.12 865.41 1392.60 963.54 0.044999
3 1178.22 866.45 1249.59 903.01 0.044970
3 652.31 161.79 684.78 203.90 0.044818
3 410.81 60.79 424.68 81.28 0.044812
3 1236.50 915.57 1321.16 964.36 0.044809
3 635.16 503.05 664.59 543.14 0.044786
3 583.27 731.04 629.76 770.56 0.044753
3 785.94 2.08 1397.43 992.62 0.044721
6 0.77 0.45 382.43 459.17 0.044697
3 1153.72 902.34 1234.90 927.85 0.044686
3 198.71 961.89 325.80 1037.26 0.044622
3 131.35 885.98 209.69 956.55 0.044538
3 407.34 850.16 427.27 881.25 0.044506
2 1002.08 794.20 1040.12 838.79 0.044505
3 443.56 141.70 508.50 214.46 0.044363
3 438.76 22.96 501.93 601.56 0.044328
6 755.18 68.84 806.05 444.15 0.044254
1 376.62 723.09 413.96 883.35 0.044204
4 1003.41 790.96 1041.74 836.31 0.043914
3 1.35 936.64 46.78 969.39 0.043884
4 503.53 199.29 522.18 226.36 0.043811
3 452.71 65.89 483.72 85.84 0.043806
3 1251.67 879.89 1397.29 946.98 0.043768
3 2.67 494.27 420.92 563.95 0.043754
1 155.92 715.16 436.92 775.66 0.043696
3 577.31 460.38 644.92 527.74 0.043592
2 451.05 36.30 502.05 179.11 0.043585
3 839.01 612.20 971.60 641.58 0.043577
5 430.00 5.20 831.08 942.97 0.043564
3 580.85 730.44 633.10 792.85 0.043562
3 614.53 310.74 630.60 330.93 0.043511
5 281.57 982.10 307.76 1027.01 0.043510
3 877.09 745.62 1357.05 838.74 0.043478
3 1153.87 904.82 1208.34 928.14 0.043449
4 781.07 768.98 847.74 803.99 0.043377
3 580.96 730.41 630.52 776.83 0.043329
3 1132.02 814.61 1397.84 1005.69 0.043311
5 1278.42 681.30 1313.51 698.32 0.043279
2 1296.10 756.61 1329.81 804.68 0.043159
6 1003.18 790.76 1041.42 835.91 0.043083
1 628.24 249.06 646.67 287.80 0.043053
4 1234.11 753.60 1280.92 807.76 0.043023
3 671.92 314.57 695.13 337.26 0.043013
3 811.81 486.39 893.58 531.10 0.043011
4 581.36 493.04 618.98 525.59 0.042892
5 4.44 1.98 1395.97 1047.12 0.042853
2 580.79 334.90 616.79 376.64 0.042742
3 199.87 941.36 387.38 1037.56 0.042741
4 665.41 200.93 684.64 249.99 0.042736
3 439.03 549.93 480.81 596.28 0.042722
4 1237.00 916.09 1283.17 962.08 0.042718
3 880.66 769.10 1042.01 837.48 0.042572
3 282.08 983.64 307.04 1027.08 0.042476
5 445.97 601.47 490.02 786.64 0.042464
3 2.73 891.02 390.48 1044.25 0.042386
3 658.66 291.13 695.80 334.63 0.042329
6 1139.51 786.18 1158.80 826.51 0.042298
3 636.19 438.32 656.81 476.30 0.042279
1 676.52 582.50 713.48 603.94 0.042275
1 578.87 816.89 602.87 857.32 0.042234
3 473.08 38.38 488.23 83.08 0.042215
1 466.22 85.52 486.38 129.35 0.042072
4 564.97 51.88 619.03 266.94 0.041934
2 1125.84 713.32 1394.83 961.47 0.041928
6 694.94 556.31 714.02 575.40 0.041789
4 1207.72 417.02 1260.93 460.93 0.041758
6 1341.61 858.66 1398.95 895.97 0.041755
3 1271.46 909.56 1352.23 1006.00 0.041637
2 716.95 861.31 758.69 953.67 0.041623
2 592.03 568.52 628.59 623.56 0.041591
3 629.60 343.82 657.97 373.85 0.041566
3 638.90 406.27 654.29 427.91 0.041546
3 585.62 461.16 616.82 497.15 0.041504
1 650.74 99.79 756.25 256.41 0.041481
3 573.78 305.33 589.38 329.15 0.041389
5 594.34 568.65 627.47 621.92 0.041344
5 1139.42 785.99 1158.59 826.73 0.041214
3 64.39 926.00 100.85 964.89 0.041172
6 438.72 362.60 495.34 599.71 0.041140
3 666.91 876.85 686.65 896.39 0.041122
3 636.19 407.60 656.02 474.37 0.041117
1 674.24 646.81 750.31 689.56 0.041112
2 1126.23 710.66 1397.02 1005.29 0.041084
3 568.31 910.92 589.42 935.77 0.041084
3 374.43 723.23 414.54 934.21 0.040981
3 581.83 814.04 635.45 855.55 0.040940
2 126.97 7.89 1161.41 1035.35 0.040916
3 189.16 22.90 1377.86 1022.03 0.040884
3 464.37 84.09 485.44 172.45 0.040876
1 729.39 126.30 745.16 157.92 0.040852
3 622.86 177.87 648.72 203.23 0.040852
4 639.18 515.73 663.96 541.81 0.040831
5 452.30 65.24 482.81 87.82 0.040729
2 766.62 506.09 785.97 561.88 0.040701
3 1196.56 787.28 1222.61 832.38 0.040666
3 1353.43 898.46 1398.80 941.15 0.040642
6 490.26 859.46 515.12 899.98 0.040575
1 800.99 551.99 829.36 587.90 0.040542
3 664.77 286.03 690.95 320.62 0.040539
4 676.50 648.52 748.86 688.92 0.040316
3 853.28 496.62 893.18 530.38 0.040258
6 1178.38 866.47 1249.50 902.21 0.040206
3 -0.58 855.14 493.86 978.68 0.040191
4 1341.52 857.57 1398.43 895.88 0.040125
6 375.29 729.80 413.43 934.07 0.040025
6 1278.47 681.54 1313.22 697.95 0.040002
5 581.84 332.27 616.15 376.23 0.040002
2 726.93 220.41 759.83 257.18 0.039963
6 465.23 84.48 485.00 171.21 0.039956
3 729.58 128.62 743.98 157.07 0.039944
6 1351.98 898.02 1398.81 940.84 0.039931
3 1325.30 781.51 1353.22 805.20 0.039931
3 744.33 276.50 755.40 329.70 0.039917
4 630.68 582.98 652.90 604.19 0.039885
4 1139.21 786.01 1159.08 827.02 0.039855
5 16.46 1000.10 63.09 1048.77 0.039765
3 923.68 781.62 937.15 814.52 0.039653
2 376.59 720.42 413.55 879.43 0.039649
6 379.45 731.77 410.91 873.67 0.039577
3 1339.87 866.34 1398.94 939.04 0.039538
3 801.87 774.65 847.79 804.61 0.039536
3 573.52 304.05 603.84 329.97 0.039517
6 768.73 509.24 784.58 560.01 0.039496
3 367.62 962.35 389.38 982.37 0.039409
1 463.42 83.86 487.21 174.51 0.039386
4 554.84 49.17 810.98 932.24 0.039279
6 158.06 727.42 257.62 762.92 0.039273
4 561.13 894.39 590.58 936.19 0.039257
3 1175.87 875.52 1251.67 917.97 0.039231
5 630.13 343.85 657.46 372.79 0.039193
3 364.42 885.08 407.25 935.95 0.039176
3 0.25 350.79 79.49 390.37 0.039151
2 480.17 141.06 509.43 172.90 0.039128
5 594.80 760.91 628.83 792.39 0.038977
6 1234.23 754.03 1263.81 798.20 0.038889
3 23.70 634.26 234.99 739.54 0.038804
6 478.79 87.31 498.67 119.37 0.038789
5 625.51 92.54 658.01 128.89 0.038788
3 725.32 171.46 739.92 201.52 0.038776
6 1153.01 900.86 1234.89 927.00 0.038773
5 584.24 407.11 616.90 453.48 0.038729
5 636.17 503.43 664.05 542.61 0.038679
5 846.00 919.20 898.31 972.30 0.038659
6 1234.29 753.87 1280.74 807.65 0.038641
4 1297.23 756.16 1353.42 806.36 0.038626
3 165.80 902.47 306.64 962.13 0.038624
2 395.09 0.98 1393.31 1034.44 0.038618
4 625.31 92.61 659.53 128.94 0.038614
3 799.82 526.02 827.82 584.22 0.038587
6 582.23 332.22 616.25 375.92 0.038558
3 1367.96 824.09 1399.03 851.25 0.038552
5 489.99 859.04 515.24 900.26 0.038475
2 581.97 406.45 617.38 454.41 0.038448
2 154.91 712.48 441.17 778.99 0.038378
4 480.14 96.27 498.21 119.18 0.038346
1 657.44 689.71 675.60 708.83 0.038318
3 1130.19 811.55 1251.06 870.65 0.038276
4 846.16 919.27 899.75 971.99 0.038191
1 526.42 844.84 547.90 863.08 0.038184
1 571.75 303.31 591.59 330.62 0.038180
3 439.03 39.46 625.64 607.97 0.038176
5 207.02 907.68 234.51 940.59 0.038163
1 406.60 849.60 426.11 880.14 0.038153
3 414.69 3.45 448.42 765.88 0.038152
6 1340.47 860.66 1398.67 939.52 0.038035
6 594.68 761.07 629.02 792.33 0.037916
5 1261.52 -0.11 1296.26 16.19 0.037913
3 741.12 434.03 770.55 464.74 0.037899
4 1298.11 815.06 1358.85 856.47 0.037864
6 321.03 972.11 337.52 1035.10 0.037782
5 1297.85 814.78 1358.63 856.53 0.037768
1 691.98 636.27 710.56 659.99 0.037726
1 720.86 861.40 749.62 898.79 0.037636
3 1352.44 856.50 1399.00 891.47 0.037634
6 1138.65 866.44 1249.73 924.72 0.037622
2 671.69 314.68 695.64 337.82 0.037577
3 0.36 288.62 155.57 388.36 0.037576
3 653.58 177.58 670.43 201.36 0.037547
3 631.54 501.57 664.19 577.24 0.037542
3 785.64 3.38 1396.73 891.21 0.037493
4 102.31 1000.22 140.15 1047.20 0.037453
5 1141.37 1007.14 1169.13 1032.93 0.037439
3 1129.30 831.88 1220.86 871.95 0.037370
3 880.82 720.48 1389.43 927.57 0.037353
3 470.13 477.49 492.26 559.69 0.037292
1 1154.13 907.91 1180.51 933.58 0.037184
3 207.26 907.85 234.19 940.00 0.037166
6 468.78 477.27 492.14 559.89 0.037141
1 559.21 67.76 700.14 940.05 0.037101
1 638.81 405.25 656.24 428.77 0.037096
4 320.28 972.37 337.75 1035.44 0.037062
3 311.25 899.94 335.37 937.63 0.037054
3 726.21 172.32 738.57 199.81 0.037024
1 1296.21 811.37 1359.78 857.46 0.037009
4 1143.29 865.40 1390.50 964.87 0.037008
5 600.07 814.81 637.19 873.73 0.036975
2 779.15 767.29 849.24 807.63 0.036974
6 1297.22 756.13 1353.47 806.14 0.036966
4 281.22 982.41 307.72 1027.40 0.036966
2 441.99 171.21 475.57 215.21 0.036905
3 741.26 434.71 810.82 492.26 0.036867
1 790.36 1.83 1396.27 915.06 0.036839
3 846.29 919.39 897.81 971.87 0.036825
3 451.37 34.11 504.14 184.86 0.036820
4 569.00 265.06 615.16 296.87 0.036792
1 451.57 37.34 501.00 121.55 0.036763
1 856.90 859.42 899.51 916.73 0.036760
5 565.17 561.60 584.30 578.41 0.036744
1 774.81 450.39 803.45 486.67 0.036743
3 442.89 36.00 507.75 216.82 0.036717
3 878.16 747.63 1355.10 828.03 0.036716
1 817.86 984.19 1000.57 1048.35 0.036683
1 476.28 76.05 499.94 120.50 0.036654
3 1128.84 836.77 1165.60 871.63 0.036589
3 527.73 845.75 546.40 861.22 0.036547
3 420.74 730.28 440.16 764.09 0.036546
3 801.52 783.27 826.83 805.59 0.036487
4 410.44 60.62 425.31 81.69 0.036439
1 309.28 898.52 335.13 937.88 0.036420
6 565.46 51.39 618.52 267.22 0.036409
1 852.31 495.43 894.13 532.31 0.036401
3 595.51 591.50 624.53 621.04 0.036223
1 1320.51 755.67 1352.61 805.75 0.036208
5 781.16 768.86 847.37 802.69 0.036161
1 801.13 782.96 826.86 806.22 0.036131
1 177.72 916.74 210.43 953.00 0.036058
3 577.88 476.90 645.69 527.05 0.036048
3 614.22 310.23 643.75 336.88 0.035946
1 579.18 814.64 637.72 875.07 0.035915
3 440.22 550.59 480.06 594.28 0.035906
4 607.53 654.90 652.42 712.47 0.035897
2 1140.32 1005.99 1170.59 1034.26 0.035889
3 661.59 289.32 691.73 318.50 0.035874
3 804.29 616.81 824.48 640.42 0.035786
3 442.48 -0.09 497.38 38.02 0.035772
1 776.59 317.39 806.78 445.57 0.035771
3 693.03 634.78 760.42 658.01 0.035763
4 755.31 68.55 806.45 444.63 0.035722
3 680.85 532.00 702.19 571.34 0.035636
4 74.45 999.99 138.33 1048.83 0.035634
2 600.16 653.82 654.88 725.02 0.035623
6 630.54 344.05 657.13 372.45 0.035593
4 1353.62 898.98 1398.67 941.28 0.035580
3 441.73 287.00 485.86 339.78 0.035575
3 676.62 582.77 713.42 603.40 0.035570
3 408.54 850.77 424.91 872.77 0.035553
5 1237.23 916.43 1284.03 962.17 0.035541
4 672.48 316.58 695.18 336.30 0.035523
6 207.47 907.92 234.15 939.65 0.035475
6 745.32 -0.22 775.65 27.30 0.035474
3 1340.11 861.54 1398.29 899.55 0.035472
3 435.71 7.19 517.34 906.72 0.035452
6 772.19 1.05 793.78 67.18 0.035428
6 584.53 407.53 616.15 452.70 0.035380
4 573.32 304.35 590.66 329.37 0.035376
1 558.25 89.77 806.40 718.16 0.035364
3 560.74 80.47 704.87 933.46 0.035332
2 1107.79 726.85 1137.59 806.54 0.035327
3 573.79 247.39 660.38 917.00 0.035313
3 957.72 4.07 991.62 42.66 0.035297
6 594.31 569.16 627.34 621.85 0.035288
6 418.13 1.61 449.02 758.72 0.035266
2 787.28 4.47 1396.05 912.18 0.035226
6 636.39 503.70 663.79 542.25 0.035201
6 561.36 894.38 590.38 935.97 0.035181
4 352.55 962.45 389.39 988.16 0.035168
5 1234.13 753.84 1280.78 807.84 0.035137
3 894.94 852.44 951.48 916.88 0.035046
5 561.37 894.37 590.64 936.50 0.035038
3 595.23 569.46 626.65 595.98 0.035028
4 0.21 350.39 79.82 390.67 0.035011
2 564.19 560.60 585.86 579.48 0.034990
1 365.76 960.51 390.51 984.42 0.034922
3 82.38 1000.32 138.44 1048.41 0.034819
3 581.48 740.28 610.98 775.42 0.034744
3 627.46 478.92 645.74 499.94 0.034711
3 738.60 222.06 752.78 255.24 0.034697
2 1232.90 752.71 1261.92 799.97 0.034690
6 601.14 815.11 636.87 873.18 0.034599
6 16.70 997.38 140.62 1049.29 0.034590
3 640.75 828.81 658.27 861.26 0.034584
2 636.34 445.17 656.42 476.25 0.034580
2 742.09 275.45 757.08 330.57 0.034550
2 798.71 525.98 830.56 588.17 0.034538
6 1161.72 774.01 1197.87 798.18 0.034531
5 320.30 972.41 337.72 1035.68 0.034479
3 569.17 268.98 589.29 296.86 0.034475
3 752.47 486.09 771.48 517.13 0.034444
5 755.05 68.36 806.33 443.98 0.034424
1 660.98 161.58 685.20 182.48 0.034363
5 379.11 731.04 411.05 874.50 0.034348
2 662.63 287.83 691.16 320.46 0.034319
3 556.35 73.79 810.52 725.19 0.034315
3 459.58 0.50 497.25 33.26 0.034305
1 650.07 638.67 679.55 678.52 0.034181
3 814.17 582.48 836.55 612.94 0.034100
6 480.50 88.37 498.87 119.02 0.034084
3 580.69 830.90 599.48 854.97 0.034045
4 1274.54 929.51 1316.64 962.72 0.034022
3 580.22 813.42 656.74 873.46 0.033986
6 442.97 968.75 468.53 994.07 0.033976
6 1141.49 1007.26 1169.00 1032.68 0.033959
2 798.03 525.26 840.13 614.87 0.033938
5 745.26 -0.13 775.86 27.26 0.033933
4 1138.35 865.68 1249.64 922.51 0.033920
1 1252.12 758.51 1282.11 808.21 0.033847
3 1236.99 913.18 1328.65 963.71 0.033803
2 1277.10 680.37 1314.78 699.75 0.033794
1 630.21 379.67 647.98 396.10 0.033753
3 773.03 375.38 786.01 403.16 0.033742
3 132.53 911.90 196.65 956.59 0.033737
2 772.87 375.45 786.61 403.27 0.033730
4 802.19 784.44 826.13 804.31 0.033725
4 1154.03 901.63 1234.99 927.30 0.033719
6 443.94 288.87 465.10 326.59 0.033661
1 409.87 13.12 1080.45 960.79 0.033563
3 451.48 63.68 499.46 122.84 0.033560
4 439.00 32.03 502.13 603.70 0.033557
1 7.29 2.95 826.69 1016.54 0.033525
3 753.41 486.95 771.27 516.18 0.033502
2 628.92 343.37 658.59 374.63 0.033496
3 723.94 862.00 748.15 893.49 0.033491
3 1199.49 741.20 1232.94 762.00 0.033444
3 1137.15 867.21 1180.44 897.35 0.033372
1 651.59 160.92 759.27 254.94 0.033363
2 649.06 105.96 761.95 256.48 0.033350
3 438.17 32.28 509.11 789.18 0.033299
4 442.73 968.54 468.24 994.39 0.033260
3 613.28 309.69 632.00 332.56 0.033243
3 737.45 171.10 755.18 201.18 0.033238
5 1297.08 756.13 1353.52 806.53 0.033181
3 667.22 201.37 681.27 219.52 0.033138
4 721.44 862.49 749.76 901.41 0.033079
4 780.83 769.34 831.18 798.54 0.033046
5 852.51 496.23 893.41 531.08 0.033045
3 641.00 516.20 663.06 540.22 0.033009
3 157.09 724.88 412.77 773.64 0.032866
4 788.01 768.87 831.30 790.51 0.032842
3 768.55 475.50 788.48 496.40 0.032824
2 567.32 269.91 701.00 629.01 0.032799
2 14.93 995.27 160.90 1048.58 0.032786
2 679.64 530.77 701.40 551.36 0.032768
3 622.64 402.49 638.99 424.43 0.032766
4 580.19 825.77 600.98 855.65 0.032760
5 476.69 87.05 498.55 120.57 0.032739
3 800.80 552.34 829.53 587.31 0.032738
3 1274.77 913.60 1371.68 1005.29 0.032732
3 584.81 330.06 606.48 348.02 0.032702
1 1236.34 911.81 1372.89 965.46 0.032622
3 1197.77 786.79 1218.42 827.38 0.032612
6 16.61 1000.64 62.95 1048.98 0.032611
4 600.51 814.45 636.99 873.43 0.032605
3 578.96 485.58 642.59 525.63 0.032548
4 615.98 889.34 652.63 918.85 0.032536
6 781.44 769.18 831.28 797.65 0.032530
2 753.96 68.73 797.75 314.66 0.032518
4 743.06 364.55 759.89 392.01 0.032517
2 737.35 593.38 757.19 615.81 0.032517
2 740.29 433.79 771.11 463.46 0.032489
3 469.50 36.94 496.54 118.15 0.032486
1 778.65 736.93 849.86 809.08 0.032467
1 742.22 634.73 762.36 653.30 0.032452
5 61.02 636.11 230.56 705.10 0.032434
4 660.84 162.94 683.61 179.75 0.032425
2 612.10 308.63 632.51 333.35 0.032405
6 410.60 60.56 424.75 81.68 0.032360
2 365.35 886.11 389.37 936.49 0.032316
3 412.82 10.13 1018.48 960.96 0.032273
3 647.73 724.89 672.48 748.45 0.032222
5 1161.70 773.84 1198.07 798.62 0.032218
6 462.15 67.86 498.70 175.67 0.032196
1 878.07 768.15 1043.30 838.86 0.032170
4 792.77 1.74 1397.60 556.14 0.032164
3 783.53 769.15 830.60 795.10 0.032121
3 754.00 487.31 772.27 516.69 0.032114
4 115.20 997.97 160.84 1044.41 0.032084
6 957.89 790.19 990.37 812.44 0.032069
1 1235.59 910.59 1374.58 1006.22 0.032026
2 646.40 858.34 689.52 897.71 0.032009
5 743.30 364.46 759.64 391.75 0.031991
4 443.38 288.67 465.16 327.14 0.031969
2 579.14 814.17 638.63 875.14 0.031950
3 1129.75 829.69 1232.88 871.87 0.031950
5 311.45 900.37 328.41 919.68 0.031934
3 1197.74 787.06 1222.08 833.45 0.031929
3 659.47 162.06 684.40 181.38 0.031886
3 802.25 654.37 833.93 688.90 0.031882
3 877.68 722.07 1357.36 835.98 0.031866
2 792.13 2.08 1396.36 710.91 0.031810
3 463.57 83.15 487.32 174.24 0.031810
1 2.34 494.12 421.53 564.53 0.031789
3 925.27 794.93 936.73 813.91 0.031720
2 652.54 633.71 762.10 692.77 0.031719
3 1129.36 833.62 1185.44 872.49 0.031705
4 579.34 461.61 619.97 524.95 0.031686
3 849.10 706.95 1396.52 1003.35 0.031674
3 651.00 639.63 679.77 680.19 0.031605
2 672.64 729.78 699.12 767.85 0.031587
3 614.10 310.56 630.43 329.44 0.031551
1 581.62 492.87 619.60 526.74 0.031543
2 1159.84 772.50 1199.46 801.42 0.031539
3 764.96 450.21 812.45 496.63 0.031492
2 226.34 15.54 1132.52 1024.04 0.031488
2 451.64 36.46 500.34 122.03 0.031478
3 1178.27 877.87 1218.75 896.92 0.031455
2 578.56 460.96 620.05 525.56 0.031450
5 581.32 493.15 619.15 525.72 0.031436
3 1153.08 906.18 1206.92 931.70 0.031365
2 724.77 171.36 741.56 202.35 0.031282
3 119.94 1008.30 161.70 1046.42 0.031240
4 273.04 902.48 303.33 937.99 0.031224
5 638.60 515.36 664.11 541.87 0.031222
4 1297.65 757.71 1327.96 804.48 0.031220
3 720.04 913.37 756.79 951.08 0.031218
2 296.13 8.88 935.19 1033.77 0.031215
5 452.87 64.71 494.81 90.61 0.031182
3 774.27 450.44 805.20 486.88 0.031167
3 447.73 603.64 485.32 682.69 0.031152
3 623.73 403.73 637.99 421.97 0.031144
5 454.87 64.34 500.66 176.86 0.031082
4 647.91 859.60 688.37 896.86 0.031062
4 636.26 429.74 656.21 475.13 0.031045
1 1367.96 824.04 1398.72 851.35 0.031037
3 628.80 479.84 644.70 498.79 0.031024
6 781.29 768.96 847.04 803.18 0.030986
1 63.40 925.60 92.03 966.12 0.030958
5 580.28 829.28 600.11 855.33 0.030916
3 658.75 287.41 695.02 333.97 0.030911
3 171.29 909.54 237.18 959.36 0.030868
3 1177.45 877.05 1220.95 895.57 0.030863
6 354.42 962.56 389.77 987.63 0.030838
4 1.48 0.38 383.80 459.30 0.030809
5 442.59 968.64 468.13 994.43 0.030783
3 988.59 780.43 1009.26 812.78 0.030783
3 599.09 688.32 637.56 727.94 0.030782
1 749.73 218.72 762.25 241.33 0.030756
3 366.57 961.96 389.56 983.31 0.030753
1 438.03 31.10 509.91 790.81 0.030746
4 157.81 727.76 257.66 763.99 0.030664
5 1178.70 866.07 1249.77 903.32 0.030658
2 1196.11 786.69 1223.41 833.76 0.030653
3 593.94 760.31 629.91 793.66 0.030587
3 629.66 582.30 653.60 605.66 0.030560
2 737.36 171.18 755.51 202.11 0.030558
3 450.57 718.57 506.74 785.86 0.030550
3 597.24 634.26 759.33 720.20 0.030547
6 580.39 821.57 600.99 855.51 0.030501
3 725.81 223.92 739.55 250.18 0.030463
5 1003.22 790.58 1041.63 836.33 0.030451
3 773.82 376.43 784.91 401.52 0.030426
3 738.10 224.75 748.49 255.03 0.030425
4 566.93 126.94 607.62 150.22 0.030379
5 443.92 288.69 465.06 327.33 0.030359
3 1261.63 -0.21 1295.84 18.58 0.030312
3 1108.40 726.85 1137.33 806.69 0.030311
2 5.83 691.04 1393.18 1036.95 0.030275
4 16.84 997.82 140.47 1048.92 0.030262
5 622.44 177.54 649.00 204.02 0.030252
5 15.60 995.16 159.82 1048.80 0.030246
3 642.33 830.15 658.21 848.53 0.030230
3 1131.50 812.18 1398.01 963.10 0.030185
5 410.24 60.55 425.30 81.83 0.030147
3 1217.55 971.12 1229.96 988.62 0.030133
4 1.46 936.84 47.05 969.32 0.030088
3 1020.42 791.78 1040.11 814.51 0.030015
