3 845.59 118.29 862.49 141.20 0.505632
3 736.09 383.88 754.82 412.48 0.490142
3 625.10 406.04 641.75 438.14 0.463685
3 815.88 257.57 842.82 279.37 0.443868
3 427.06 0.75 972.86 784.91 0.425567
3 710.48 450.14 729.84 480.42 0.412343
3 627.11 495.81 642.99 531.76 0.392528
3 501.57 141.37 519.34 161.97 0.348524
3 647.21 0.13 972.51 784.42 0.339336
3 733.71 381.37 757.78 415.02 0.320011
3 842.34 115.41 865.15 143.83 0.312155
3 443.42 109.41 543.90 785.87 0.304819
9 733.88 381.57 758.40 415.00 0.303240
3 707.45 447.91 732.71 483.64 0.277474
3 479.96 251.29 494.53 278.10 0.275381
3 569.29 431.86 585.07 456.76 0.267128
3 568.56 162.18 656.34 784.75 0.257443
9 559.46 0.98 970.28 783.68 0.256269
3 1333.17 322.08 1348.61 342.27 0.254002
3 500.93 123.11 520.20 162.62 0.253911
3 621.48 406.15 644.24 441.32 0.253218
3 519.06 218.66 530.99 245.80 0.253158
9 433.73 1.46 968.73 783.95 0.250011
3 925.23 0.37 938.56 14.06 0.249628
3 569.04 395.07 585.49 456.66 0.244999
3 813.07 254.37 845.72 282.47 0.242146
3 621.47 247.49 634.69 274.24 0.238333
3 428.47 106.95 789.35 785.59 0.237395
3 472.67 402.19 489.98 437.28 0.234553
3 591.54 611.58 605.88 650.61 0.234213
3 620.69 247.35 635.35 274.81 0.233398
9 706.46 447.53 733.21 488.34 0.232848
3 965.34 291.57 1007.25 319.93 0.224072
3 267.79 107.16 326.93 147.26 0.223079
3 518.78 218.44 531.47 246.35 0.220572
3 1293.29 211.61 1321.37 231.34 0.217801
9 640.98 1.10 969.88 782.91 0.213715
3 439.64 100.55 656.80 785.22 0.212829
3 27.80 57.20 375.00 475.07 0.212709
3 564.42 1.92 657.57 786.35 0.211852
3 504.78 527.80 524.40 563.18 0.206222
3 438.63 5.86 659.45 785.18 0.205558
3 407.84 0.37 1396.23 786.05 0.205268
9 812.91 254.85 845.84 282.91 0.203141
3 562.67 0.47 972.47 785.12 0.200512
9 621.56 404.27 644.51 441.57 0.196800
3 3.93 1.54 1395.43 785.52 0.187620
3 735.39 -0.16 972.47 324.49 0.187177
3 1273.03 435.13 1311.13 460.83 0.187010
9 841.72 115.78 865.12 144.22 0.186998
3 421.40 9.08 805.08 785.94 0.179875
3 101.77 118.15 124.36 147.01 0.179741
3 625.54 418.05 641.52 438.31 0.174198
3 1308.36 315.39 1322.69 334.54 0.167505
3 622.96 494.18 646.48 534.43 0.165603
3 700.78 725.37 724.16 752.63 0.164679
3 929.26 0.14 1398.68 328.29 0.162639
3 703.68 728.24 721.03 750.18 0.162578
3 407.07 93.95 554.88 785.67 0.159353
3 626.77 471.28 643.34 532.04 0.153498
9 1270.92 432.54 1313.46 464.00 0.153131
3 966.51 292.32 1005.85 319.13 0.151524
9 1185.31 353.55 1349.00 491.92 0.151153
3 473.05 416.63 487.71 437.12 0.147484
3 876.26 99.35 886.11 111.61 0.147174
3 564.63 338.99 765.43 785.99 0.147090
3 1293.07 575.76 1315.25 596.04 0.146537
3 1182.71 355.01 1350.31 491.67 0.144027
9 700.62 725.68 724.02 753.30 0.143184
9 702.55 379.91 760.91 493.71 0.141229
3 648.49 -0.30 972.72 542.58 0.139934
9 563.75 391.71 588.47 459.25 0.133941
3 703.89 728.61 720.39 749.66 0.132625
9 641.16 348.00 690.44 407.93 0.132586
3 651.17 342.62 770.80 785.60 0.132570
3 295.17 108.52 327.54 136.18 0.130716
3 648.43 344.36 761.86 785.61 0.130561
3 563.55 161.24 747.16 785.82 0.130303
9 431.15 94.77 781.88 783.88 0.128019
3 261.18 103.56 328.33 152.43 0.126935
3 876.02 99.10 886.58 112.02 0.126847
3 472.79 416.28 488.16 437.74 0.125029
9 28.56 41.72 382.96 478.24 0.123949
3 1290.67 571.73 1317.77 597.38 0.122856
3 1088.05 294.39 1391.81 642.21 0.122565
3 149.84 -0.06 181.06 16.98 0.122127
3 0.92 242.03 339.19 785.39 0.121576
9 623.17 491.77 647.44 535.22 0.120607
9 429.75 7.00 796.83 784.19 0.119478
3 148.24 -0.04 181.65 18.01 0.118739
9 564.52 337.41 768.04 783.61 0.117426
3 1290.25 208.33 1323.23 234.42 0.114785
3 1077.21 293.44 1397.02 740.11 0.112590
3 106.86 94.09 330.64 185.58 0.111505
3 647.69 514.58 661.83 547.00 0.111498
3 956.32 283.68 1011.15 320.30 0.111441
3 442.17 335.01 772.04 785.94 0.111433
3 1013.64 293.45 1384.58 685.29 0.111324
3 699.71 444.86 737.87 494.94 0.111324
3 588.03 701.23 597.60 723.12 0.109397
9 1213.86 357.63 1336.60 460.16 0.108874
9 647.94 342.78 777.59 783.62 0.108319
3 15.19 0.24 421.85 548.14 0.107829
3 497.81 119.39 523.07 165.42 0.107627
3 557.96 2.10 738.21 785.42 0.107281
3 1231.36 382.27 1259.32 402.71 0.105909
3 20.84 7.42 401.91 511.75 0.104952
3 1270.86 430.14 1313.29 463.25 0.104574
3 643.86 346.90 686.81 403.92 0.103090
3 564.55 391.70 589.35 459.91 0.100823
9 1.37 242.22 345.39 783.89 0.099629
3 924.47 -0.16 1398.88 256.57 0.099606
3 1013.14 292.55 1397.85 753.12 0.098161
3 1009.37 274.78 1043.73 318.27 0.097089
3 250.18 2.14 312.73 38.99 0.095585
3 567.12 1.38 1396.05 785.39 0.095215
3 645.68 -1.38 972.46 612.27 0.094724
3 259.99 105.35 326.51 164.90 0.094605
3 480.32 264.50 492.91 277.98 0.094031
3 565.76 429.29 588.03 459.95 0.093155
3 498.93 139.04 521.93 165.28 0.092859
3 565.07 1.85 796.00 785.08 0.092288
3 961.65 283.13 1010.73 322.37 0.092161
3 1010.76 274.91 1043.00 316.29 0.091535
3 458.29 117.50 540.86 334.46 0.090584
3 457.52 625.57 472.62 664.21 0.090042
3 479.75 251.00 494.71 296.79 0.089543
3 684.58 714.16 704.37 738.22 0.089193
9 620.78 607.72 648.99 704.96 0.089103
3 703.30 379.49 761.53 492.83 0.088174
3 652.97 404.72 667.00 430.87 0.087999
3 587.82 701.03 598.10 723.51 0.087781
3 653.12 404.28 667.45 429.40 0.086628
3 494.95 687.05 511.39 729.23 0.085965
3 110.57 95.03 324.43 182.90 0.085566
3 617.21 244.20 638.09 276.95 0.085341
9 434.30 95.04 655.76 784.30 0.084777
3 641.17 351.36 689.40 407.66 0.084443
9 1290.74 572.37 1317.91 598.50 0.084346
3 592.51 633.73 605.47 650.28 0.083458
3 9.55 0.98 973.72 785.11 0.083446
9 23.78 6.11 406.80 486.97 0.082575
3 709.65 383.06 756.17 483.11 0.080997
3 620.39 229.55 643.14 274.52 0.080635
3 425.90 20.39 560.86 785.24 0.080604
9 565.37 428.42 587.18 459.41 0.080232
3 649.86 343.49 820.39 786.35 0.079994
3 644.65 369.46 686.52 403.61 0.079949
3 521.00 159.22 656.41 785.70 0.079922
3 661.94 -0.24 972.59 402.16 0.079907
3 592.26 633.12 605.85 650.88 0.078957
3 577.47 178.76 640.68 697.16 0.078604
3 849.79 747.70 883.85 774.17 0.078587
3 621.53 229.63 643.95 274.00 0.077514
3 654.16 535.58 732.21 786.12 0.077321
3 472.79 40.20 507.19 88.03 0.077116
9 442.52 322.45 781.52 783.78 0.076538
9 497.91 118.61 523.13 165.84 0.076426
3 567.85 393.86 585.00 456.37 0.075868
3 624.90 309.41 637.52 327.35 0.075286
3 644.18 298.20 687.15 403.50 0.074962
9 565.34 155.29 658.39 783.39 0.074752
3 640.77 1.92 1396.56 784.32 0.073886
3 692.81 0.50 973.23 491.24 0.073650
3 1215.67 361.11 1336.99 459.58 0.073617
3 436.40 247.13 793.00 785.41 0.073528
3 963.73 106.69 984.61 125.22 0.073519
3 471.71 36.36 509.23 93.76 0.073355
9 552.96 119.21 741.95 783.12 0.073035
3 291.81 105.94 329.46 138.95 0.072566
9 19.31 3.54 419.07 571.63 0.072416
3 587.61 608.49 609.32 653.75 0.071138
9 105.51 92.78 329.75 186.03 0.071025
3 429.96 96.21 553.28 350.93 0.070559
9 560.71 11.42 657.68 782.74 0.070491
3 429.63 0.32 972.28 375.00 0.070488
3 927.71 0.13 1398.11 395.21 0.070449
9 643.69 374.39 689.34 407.31 0.069862
9 558.11 3.23 802.37 784.65 0.069662
3 1149.64 265.21 1189.40 286.68 0.069423
3 785.65 385.43 798.50 401.62 0.068069
3 1230.04 381.77 1259.64 403.27 0.068040
3 644.73 0.34 799.57 297.19 0.067808
9 8.82 3.73 1389.00 784.13 0.067602
9 588.48 608.59 608.81 653.57 0.067431
3 1354.94 330.61 1368.80 350.80 0.067178
3 0.75 550.62 308.80 786.25 0.066764
3 314.24 115.14 328.00 136.36 0.066648
3 959.89 39.32 986.51 56.72 0.066467
3 846.48 744.00 887.12 776.63 0.066316
3 644.79 372.21 686.23 403.67 0.066084
9 691.64 378.73 764.93 526.29 0.066048
3 735.68 256.04 755.19 283.47 0.066007
3 626.71 406.02 638.79 422.86 0.065823
9 434.38 93.84 556.19 784.35 0.065680
3 642.85 370.67 688.26 406.66 0.064839
3 960.40 39.83 985.98 56.48 0.064531
3 475.49 247.70 498.34 281.84 0.064445
3 456.53 625.36 473.12 664.98 0.064435
3 655.93 346.88 759.05 501.67 0.064135
3 1232.13 433.64 1313.34 491.95 0.064125
3 1027.98 481.87 1056.58 515.80 0.063726
3 649.14 345.16 758.98 524.26 0.063679
9 502.78 524.44 527.74 565.58 0.063555
3 1127.92 179.01 1140.09 192.38 0.063460
3 1122.96 178.72 1140.25 192.85 0.063380
3 734.45 307.42 747.68 322.12 0.063042
3 685.93 713.98 703.17 735.02 0.062616
3 2.30 1.97 422.10 783.13 0.062288
3 656.19 653.61 708.40 785.80 0.061851
3 621.15 229.31 648.51 274.15 0.061613
3 1127.01 178.59 1140.57 192.55 0.061308
3 623.10 413.65 642.98 440.56 0.061169
3 1090.54 324.28 1115.05 351.85 0.060687
9 641.43 305.01 691.65 407.52 0.060259
3 1009.03 272.22 1045.63 315.58 0.060242
3 582.95 697.99 601.69 725.75 0.060239
3 625.55 378.01 763.40 537.42 0.060157
3 981.11 64.10 1010.22 83.55 0.060126
3 1084.32 559.79 1105.40 587.71 0.060048
3 269.84 121.40 303.90 147.44 0.059984
3 667.47 347.22 759.50 492.29 0.059874
3 1091.36 325.84 1114.70 351.37 0.059340
3 660.10 -0.52 972.28 487.12 0.058958
9 927.72 1.71 1396.88 330.73 0.058872
3 980.89 62.73 1009.55 83.16 0.058663
9 846.32 744.18 887.69 777.18 0.058617
3 423.57 4.91 574.89 785.31 0.058616
3 806.77 209.62 823.55 234.86 0.058488
3 620.83 229.01 652.41 274.36 0.058309
3 1091.96 331.14 1114.23 350.66 0.058286
3 479.15 250.88 496.10 296.78 0.058271
3 1084.17 560.11 1114.66 606.52 0.058265
3 430.52 315.32 808.48 365.49 0.058156
3 1039.98 397.59 1339.53 683.74 0.058055
3 360.40 710.65 394.99 765.93 0.058033
3 667.40 348.58 730.10 488.08 0.057901
3 656.26 656.17 823.92 786.64 0.057538
3 1091.73 329.98 1114.74 351.28 0.056920
3 432.76 2.53 565.87 787.39 0.056796
9 1290.29 208.70 1323.62 234.00 0.055769
3 480.33 263.01 493.37 278.38 0.055666
3 514.38 216.92 534.38 249.05 0.055623
9 518.85 273.00 792.32 782.58 0.055613
3 86.32 23.28 128.27 40.53 0.055361
9 959.08 280.60 1012.36 323.11 0.055168
3 1073.41 238.16 1099.82 252.34 0.055093
3 1213.35 357.88 1338.29 464.39 0.055002
3 660.67 751.15 688.12 786.79 0.054800
3 284.93 711.95 310.58 750.59 0.054699
3 327.48 292.85 337.60 311.29 0.054648
3 565.83 490.07 732.20 785.76 0.054613
3 86.18 4.60 130.55 40.73 0.054575
3 643.71 1.29 746.42 529.38 0.054516
3 643.93 378.22 687.73 407.27 0.054421
9 547.69 139.93 787.56 784.90 0.054295
3 554.35 195.85 796.49 786.56 0.054157
9 438.02 5.80 659.31 784.17 0.054079
3 969.84 134.52 1355.12 296.16 0.054051
3 921.60 0.31 941.27 16.84 0.053894
3 1088.08 324.41 1117.17 354.13 0.053838
3 1150.30 265.31 1171.02 278.41 0.052830
3 660.90 -0.54 972.66 367.73 0.052822
9 4.78 3.91 425.17 778.22 0.052763
3 19.26 31.76 406.33 579.67 0.052642
3 664.67 767.49 684.05 786.94 0.052565
3 963.08 105.84 985.45 125.94 0.052504
3 962.67 274.36 1043.03 323.83 0.052403
3 1293.65 212.33 1306.44 229.27 0.052337
3 470.64 395.57 643.53 452.82 0.052091
3 276.84 6.13 313.10 37.34 0.051909
3 626.37 470.79 644.61 532.78 0.051462
3 1179.00 349.45 1386.16 629.73 0.051185
3 614.19 484.48 620.51 506.99 0.051166
3 663.14 761.12 688.24 786.63 0.051046
3 1015.47 274.67 1042.41 305.57 0.050815
9 356.61 706.71 398.42 767.55 0.050684
3 644.57 1.41 798.15 530.58 0.050283
9 1223.93 378.85 1261.77 407.14 0.050226
3 532.34 71.09 707.65 784.94 0.050034
9 1006.94 272.20 1045.59 316.51 0.049955
9 416.57 2.81 1392.25 784.10 0.049758
3 184.54 0.48 257.83 39.16 0.049736
3 646.41 344.34 760.12 567.04 0.049674
3 1127.21 179.23 1140.27 192.24 0.049492
3 1290.23 282.12 1398.72 399.78 0.049344
3 283.67 708.78 330.75 751.69 0.049258
3 1215.95 366.37 1329.30 455.52 0.049190
3 1014.89 272.44 1043.78 300.44 0.049177
3 850.77 747.45 868.61 770.86 0.049128
9 519.45 156.53 658.91 783.70 0.049035
9 1.29 552.83 310.50 785.37 0.048986
3 686.20 713.94 702.12 733.33 0.048672
3 1016.94 274.69 1041.80 299.10 0.048607
3 449.46 316.82 807.69 366.56 0.048578
9 694.93 345.93 779.76 515.09 0.048576
9 432.79 314.78 809.50 370.33 0.048575
3 502.41 524.55 528.28 565.62 0.048561
9 1013.75 293.51 1386.54 686.91 0.048442
3 24.79 32.83 386.70 481.63 0.048312
3 442.54 263.49 768.09 784.66 0.048311
3 923.45 1.84 1397.69 766.96 0.048061
9 1013.78 272.50 1044.01 300.61 0.048044
3 1023.28 105.73 1183.50 165.89 0.048014
9 443.89 252.21 794.73 781.63 0.047975
3 284.98 714.10 311.11 749.99 0.047423
3 626.78 494.07 643.59 532.43 0.047216
3 205.48 127.13 232.57 150.04 0.047192
3 406.78 462.77 422.59 520.12 0.047147
3 688.31 664.19 713.45 732.94 0.047042
9 1263.40 469.91 1384.69 589.19 0.046405
3 474.09 46.89 503.44 82.79 0.046296
3 702.77 662.58 716.27 682.33 0.046103
3 655.60 285.04 1397.32 784.40 0.046039
3 648.65 344.06 961.92 786.43 0.045802
9 617.72 245.03 637.96 276.36 0.045800
3 98.38 114.95 127.07 149.20 0.045481
3 708.28 380.33 797.28 485.94 0.045344
3 735.35 255.12 755.53 284.56 0.044705
3 250.71 1.93 281.74 38.45 0.044595
3 647.29 346.55 760.63 605.27 0.044408
3 1019.82 480.65 1057.20 521.79 0.044269
3 85.69 22.83 128.75 41.18 0.044155
3 17.03 341.22 51.14 368.63 0.044034
3 647.98 467.30 656.76 481.56 0.044022
3 656.72 657.69 962.89 786.40 0.043779
3 144.10 0.45 182.14 17.35 0.043713
3 710.80 696.68 734.78 722.71 0.043635
9 565.90 2.93 1392.53 783.16 0.043618
9 289.85 105.48 329.53 139.89 0.043581
3 1335.56 577.91 1398.53 646.62 0.043504
9 659.53 346.52 733.64 489.52 0.043427
3 332.44 247.81 344.38 262.22 0.043394
3 1030.02 107.22 1054.29 123.80 0.043344
9 954.65 206.86 1039.49 322.70 0.043322
9 563.53 391.78 647.47 459.55 0.043296
9 728.24 0.76 969.02 330.77 0.043108
3 278.66 6.51 312.59 37.12 0.043009
3 926.67 0.61 1398.11 644.79 0.042869
3 890.14 4.59 903.37 19.00 0.042855
3 566.93 521.64 658.88 785.63 0.042722
3 570.62 431.51 581.40 444.44 0.042711
3 467.49 196.47 479.62 223.12 0.042458
3 980.47 64.18 1009.23 82.92 0.042424
3 885.97 3.22 905.72 31.06 0.042414
3 800.10 208.08 861.62 281.09 0.042390
3 661.18 748.72 669.08 766.01 0.042233
3 855.32 44.48 871.78 70.14 0.042191
3 887.49 3.58 904.99 24.55 0.042037
9 564.18 347.62 662.51 782.82 0.042000
3 444.39 350.63 654.85 783.83 0.041845
9 641.02 1.33 801.61 296.99 0.041805
3 468.67 399.16 494.13 441.70 0.041804
3 737.59 310.38 747.59 321.38 0.041625
9 10.54 2.89 968.17 783.59 0.041618
3 1025.73 7.04 1057.61 27.09 0.041558
9 651.31 530.32 733.46 784.95 0.041273
3 376.64 6.14 763.79 782.77 0.041251
9 555.10 386.30 596.79 468.00 0.041187
9 582.29 697.53 602.65 727.11 0.041187
3 1272.75 434.04 1312.37 462.05 0.040983
3 646.69 349.76 709.58 525.10 0.040883
3 678.95 740.83 688.16 763.32 0.040845
3 93.69 1.73 127.67 21.62 0.040806
3 940.98 126.92 1362.57 330.48 0.040650
9 644.46 0.62 969.33 534.47 0.040608
3 79.42 81.37 351.09 454.87 0.040607
3 702.11 662.12 717.64 682.39 0.040597
3 958.27 70.26 1383.46 239.74 0.040542
3 223.40 3.06 1234.35 783.45 0.040414
3 1328.21 317.78 1352.08 345.12 0.039976
3 662.98 296.97 684.07 325.99 0.039903
3 1027.61 482.14 1056.92 519.14 0.039860
3 16.12 7.02 438.74 572.46 0.039725
3 659.20 659.46 719.20 785.48 0.039336
9 402.40 460.18 426.73 523.67 0.039285
3 647.52 466.88 657.24 482.18 0.039155
3 686.80 656.14 702.96 673.13 0.039134
3 614.51 715.35 624.38 742.73 0.039069
3 466.67 195.78 479.95 223.63 0.039025
3 647.29 453.08 658.46 482.67 0.038867
9 693.76 446.95 736.43 521.65 0.038844
3 844.39 724.27 962.22 786.97 0.038728
9 643.68 347.73 769.64 569.57 0.038673
3 469.88 33.88 511.32 97.84 0.038487
3 81.47 188.36 297.90 449.88 0.038455
9 646.07 344.08 762.02 530.07 0.038382
3 401.59 288.60 793.24 784.57 0.038328
3 889.51 5.20 902.52 19.73 0.038234
3 581.32 177.24 638.71 740.87 0.038228
3 650.14 403.62 667.31 437.48 0.038217
3 736.31 383.35 756.12 413.06 0.038075
3 662.63 722.57 672.58 745.40 0.037983
3 709.34 448.53 730.87 485.94 0.037911
3 566.73 351.76 657.70 784.29 0.037908
9 428.83 0.16 965.57 368.10 0.037828
3 180.60 0.94 260.03 40.73 0.037788
3 529.22 184.95 797.92 786.35 0.037752
3 1028.53 482.52 1052.48 509.12 0.037713
3 501.00 239.71 802.53 785.13 0.037623
9 567.15 427.63 583.82 448.04 0.037606
3 323.89 0.61 406.60 468.30 0.037570
9 921.81 0.22 942.19 16.40 0.037417
9 1181.15 351.89 1384.85 595.52 0.037416
9 180.29 1.03 259.64 41.15 0.037261
3 5.40 340.22 53.93 383.09 0.037258
3 326.98 292.64 338.14 311.63 0.037182
3 8.32 340.43 52.17 381.25 0.037011
3 683.30 726.30 823.10 786.47 0.037001
3 657.75 655.78 715.27 785.90 0.036986
3 569.92 395.58 582.80 434.22 0.036929
3 651.50 348.50 737.07 785.45 0.036893
3 734.97 308.18 747.92 322.20 0.036777
9 625.17 375.02 757.36 449.28 0.036720
9 651.60 344.16 760.38 493.42 0.036629
3 1091.71 324.61 1114.49 350.20 0.036621
3 1009.50 86.76 1029.99 103.87 0.036621
3 567.66 395.81 643.53 458.36 0.036495
3 816.24 259.26 833.02 279.61 0.036441
3 1225.70 379.16 1262.25 407.29 0.036425
3 86.46 24.36 103.17 40.50 0.036345
3 429.27 1.74 970.18 455.18 0.036147
3 472.78 120.87 532.55 299.33 0.036109
9 1285.59 568.85 1322.01 605.33 0.036069
3 410.77 773.49 424.24 787.39 0.036011
3 276.74 704.89 333.21 752.39 0.035976
3 641.12 302.32 690.84 407.50 0.035963
3 1025.61 6.37 1058.62 27.49 0.035852
3 647.78 468.02 656.68 481.51 0.035656
3 1338.44 225.80 1349.26 234.87 0.035639
3 283.68 708.77 311.10 750.96 0.035593
3 632.92 2.06 802.05 298.55 0.035590
3 843.94 117.72 863.13 142.32 0.035583
3 1029.54 482.26 1054.40 510.27 0.035534
3 979.09 53.74 1010.54 83.52 0.035475
3 704.57 382.52 757.20 490.14 0.035373
3 1308.53 314.93 1349.19 343.00 0.035344
9 933.49 2.32 1396.88 250.23 0.035330
3 950.47 0.22 1397.12 245.51 0.035289
3 518.75 353.67 649.69 734.97 0.035258
9 708.33 448.21 732.31 484.45 0.035158
3 684.54 662.82 715.57 738.89 0.035127
3 593.33 500.35 600.43 525.66 0.035080
3 168.73 2.42 1380.17 783.99 0.035026
3 251.47 0.91 316.89 39.68 0.035004
3 646.87 350.58 714.35 524.53 0.034993
3 615.28 477.44 655.15 540.49 0.034923
9 30.27 60.14 369.93 468.02 0.034814
9 498.60 138.75 522.49 166.27 0.034670
3 312.84 114.80 328.30 136.88 0.034638
9 98.71 115.85 126.98 149.57 0.034635
9 474.75 247.27 498.44 284.72 0.034630
3 428.46 97.02 550.14 364.22 0.034570
3 620.15 606.91 650.16 703.88 0.034541
3 669.63 385.87 685.91 402.00 0.034493
9 322.80 1.03 409.46 473.51 0.034437
3 785.10 316.85 807.39 348.02 0.034371
3 906.09 347.96 920.60 380.19 0.034361
3 635.79 97.18 648.71 132.74 0.034334
3 365.06 711.45 394.35 729.74 0.034297
3 356.45 706.20 398.56 766.70 0.034279
3 1175.44 345.76 1397.57 741.17 0.034226
3 445.09 358.84 540.24 784.51 0.034224
3 855.77 45.46 871.62 69.72 0.034115
3 987.67 130.79 1001.46 144.29 0.034088
3 517.57 389.60 541.45 731.97 0.034078
9 566.73 391.76 585.95 432.28 0.034054
3 644.73 0.48 743.31 295.22 0.034014
3 647.41 493.98 663.47 547.59 0.034005
3 565.65 517.71 731.32 786.04 0.033922
3 654.00 535.80 821.70 787.10 0.033805
3 613.71 484.48 621.20 508.04 0.033788
3 745.75 691.65 962.59 786.51 0.033727
3 653.89 102.39 865.14 786.22 0.033655
3 459.18 245.53 472.20 290.31 0.033594
3 738.05 310.49 748.53 321.88 0.033329
3 665.29 259.51 847.34 493.66 0.033303
3 984.59 52.71 998.80 64.16 0.033295
3 624.36 405.53 642.21 438.89 0.033283
9 432.24 95.57 554.06 342.17 0.033280
3 1369.82 183.21 1385.94 204.94 0.033245
3 432.84 175.65 1386.45 784.16 0.033235
9 432.88 160.28 843.18 783.17 0.033167
3 1013.83 102.70 1352.60 234.81 0.033155
3 815.16 256.53 843.82 280.06 0.033080
3 566.62 393.12 654.40 535.48 0.032832
3 621.60 229.34 687.07 403.47 0.032720
3 786.17 385.45 798.04 401.23 0.032622
3 683.81 712.37 704.55 737.28 0.032601
3 517.91 353.56 654.58 785.17 0.032594
3 644.07 341.19 852.11 785.95 0.032565
3 615.74 229.69 646.91 279.09 0.032489
9 838.54 721.79 963.62 785.40 0.032488
3 692.39 372.73 770.65 525.57 0.032348
3 732.72 253.77 757.93 286.05 0.032293
3 569.37 440.34 584.81 455.97 0.032206
3 623.66 610.05 646.28 705.97 0.032189
3 659.52 748.99 689.35 786.69 0.032135
3 1368.42 180.07 1394.98 208.39 0.032105
3 468.53 142.85 480.60 168.51 0.032097
9 613.52 483.57 657.36 545.27 0.032082
3 1017.98 478.71 1057.90 523.47 0.032032
3 1237.94 604.41 1398.49 746.83 0.032019
3 905.61 347.62 921.15 380.51 0.031974
3 524.68 172.68 650.62 785.70 0.031887
9 648.33 402.69 670.32 440.35 0.031861
9 514.13 216.20 534.83 249.09 0.031788
3 662.52 298.38 684.85 326.85 0.031738
9 660.40 763.94 688.06 785.86 0.031732
9 644.36 399.06 673.69 529.77 0.031638
3 700.38 350.27 761.70 491.46 0.031632
3 1116.94 175.84 1142.94 195.63 0.031622
3 469.56 412.54 490.56 441.25 0.031596
3 570.40 394.56 582.64 415.87 0.031570
3 8.54 326.32 57.11 382.93 0.031441
3 255.70 3.11 282.80 38.50 0.031399
3 842.95 115.96 864.46 143.22 0.031342
3 954.74 209.56 1037.06 320.43 0.031304
9 455.02 110.60 547.62 333.65 0.031249
3 467.75 197.06 479.32 223.56 0.031227
9 1270.12 413.21 1332.36 465.68 0.031203
3 536.76 49.79 698.83 784.55 0.031194
3 567.58 393.09 587.46 699.71 0.031099
3 594.20 154.04 640.32 182.15 0.031097
3 594.73 360.48 601.63 381.03 0.031073
9 736.31 1.21 965.80 314.61 0.031064
3 563.21 371.43 763.18 540.73 0.030937
3 1146.10 261.60 1189.39 290.61 0.030852
3 562.04 391.09 648.53 462.91 0.030734
3 206.15 124.32 231.63 149.95 0.030692
3 516.93 365.75 590.21 785.29 0.030635
3 647.66 404.39 666.65 480.88 0.030571
3 1338.19 225.30 1350.00 235.24 0.030553
9 1088.02 294.77 1385.39 622.93 0.030516
3 458.72 240.51 472.73 291.63 0.030449
3 1272.29 423.11 1312.09 461.00 0.030413
3 426.43 101.04 552.17 487.76 0.030394
3 331.98 247.51 344.64 262.81 0.030393
3 395.96 95.39 552.85 784.78 0.030365
3 1094.56 583.83 1115.80 607.71 0.030246
3 647.91 2.93 858.73 534.63 0.030211
9 618.72 400.24 650.74 537.42 0.030167
3 203.39 124.61 233.99 153.27 0.030015
