3 726.84 655.18 754.11 706.96 0.666072
3 548.03 -0.41 853.55 787.04 0.642296
3 803.21 730.98 840.38 786.46 0.521707
3 770.21 439.69 790.47 471.64 0.491673
3 712.94 472.36 734.10 515.51 0.474423
3 624.64 516.06 661.02 620.35 0.443861
3 695.17 0.71 846.93 785.99 0.395703
3 651.83 292.92 667.90 312.54 0.378455
3 672.77 255.88 686.72 273.26 0.365070
3 562.06 0.93 705.36 785.50 0.363301
3 635.48 277.05 650.01 294.35 0.342300
3 1342.46 611.66 1399.61 682.84 0.318451
3 445.92 707.51 500.06 753.18 0.313051
3 645.69 166.84 658.41 180.93 0.309978
3 255.60 578.36 300.07 608.88 0.307195
3 702.84 229.12 716.57 250.29 0.297411
3 736.15 195.61 748.90 214.41 0.296350
3 722.40 242.64 736.50 260.38 0.287965
3 633.30 234.26 647.61 250.39 0.277853
3 417.65 409.06 459.71 450.71 0.273421
3 651.40 128.07 664.08 141.23 0.263950
3 727.98 137.48 741.05 153.94 0.258629
3 645.23 100.81 655.26 113.50 0.228389
3 563.04 67.42 703.90 786.00 0.219317
3 4.06 1.23 1395.70 786.11 0.214869
3 706.20 302.02 720.69 321.83 0.212555
3 322.02 410.10 495.05 617.04 0.205727
3 41.74 665.41 247.99 710.43 0.194756
3 585.64 334.42 703.87 372.65 0.186984
3 4.19 374.31 47.41 411.67 0.179014
3 674.48 78.54 685.06 89.54 0.177782
3 706.60 302.56 720.19 322.09 0.168877
3 545.00 370.24 576.34 461.85 0.168166
3 116.43 10.17 541.54 208.92 0.167683
3 0.47 74.79 92.84 286.60 0.167076
3 728.29 137.90 741.56 154.54 0.166852
3 719.39 45.71 729.44 56.10 0.164805
3 674.90 42.84 683.23 53.03 0.155856
3 948.63 219.63 1236.70 478.26 0.155712
3 722.98 243.33 736.41 260.35 0.155492
3 647.84 11.31 657.57 28.48 0.148900
3 694.78 72.52 841.69 787.66 0.148730
3 255.46 570.47 300.27 609.26 0.145156
3 652.60 293.29 668.30 312.39 0.141726
3 776.71 534.83 789.57 563.40 0.140425
3 455.94 597.87 510.25 657.12 0.138566
3 673.34 256.81 686.41 273.43 0.138545
3 878.11 0.20 1239.75 243.85 0.136915
3 691.18 13.91 701.04 24.57 0.135910
3 244.51 648.84 331.11 709.12 0.134642
3 652.01 128.20 663.68 141.10 0.134435
3 635.86 277.87 649.70 294.32 0.131665
3 546.11 539.45 579.55 673.98 0.130741
3 3.60 1.00 552.20 283.88 0.128886
3 776.33 534.43 790.27 563.67 0.128640
3 717.46 4.23 725.86 14.16 0.128109
3 408.39 294.47 524.70 412.27 0.124638
3 5.37 0.15 882.95 787.67 0.123435
3 647.93 56.27 660.03 66.30 0.121293
3 560.63 362.54 705.05 786.05 0.120731
3 404.50 305.00 435.75 321.11 0.120415
3 878.79 3.33 1136.14 242.49 0.120157
3 489.46 369.98 576.55 464.70 0.117735
3 634.88 43.45 644.90 53.94 0.117577
3 878.92 1.47 1398.63 784.75 0.117386
3 268.54 571.41 281.18 599.49 0.112410
3 90.99 501.92 247.56 624.77 0.108368
3 645.77 35.81 655.92 46.89 0.108316
3 60.70 304.73 92.82 323.58 0.108163
3 645.66 101.67 654.93 113.49 0.107495
3 1192.77 732.54 1239.67 782.36 0.107165
3 632.77 234.00 648.07 250.86 0.106902
3 645.37 166.73 658.68 181.71 0.104519
3 705.85 301.66 720.92 322.37 0.102334
3 624.56 -1.12 813.65 786.53 0.100597
3 674.26 42.02 683.59 53.03 0.099904
3 675.23 79.61 684.55 89.61 0.099322
3 3.09 268.09 571.65 710.48 0.098603
3 760.21 350.27 769.59 364.72 0.096978
3 823.58 555.69 864.09 686.04 0.096696
3 646.26 167.85 658.43 181.15 0.096524
3 255.75 576.37 300.24 609.66 0.095473
3 398.87 304.58 437.11 353.10 0.095314
3 1123.16 601.47 1186.78 686.15 0.094871
3 702.88 228.15 717.42 250.87 0.093791
3 741.06 45.53 755.56 61.42 0.093786
3 613.24 56.67 629.75 85.73 0.093649
3 727.70 137.09 741.42 154.91 0.092865
3 674.45 30.54 683.69 40.19 0.092713
3 651.65 292.31 668.92 313.14 0.090779
3 315.55 444.18 390.89 520.70 0.090054
3 948.25 205.84 1398.83 785.49 0.088828
3 665.92 0.16 673.75 8.01 0.088613
3 672.54 255.50 687.15 274.15 0.088444
3 626.67 593.70 655.39 619.48 0.088046
3 698.03 5.79 787.04 787.69 0.087878
3 1268.04 567.47 1307.95 601.15 0.087394
3 651.29 127.39 664.18 141.54 0.087145
3 0.66 413.66 160.00 621.13 0.087057
3 82.82 204.64 531.46 290.43 0.086913
3 628.55 0.32 738.58 72.36 0.086751
3 467.58 722.01 499.05 752.17 0.084323
3 1210.67 515.42 1254.86 550.57 0.083211
3 563.60 0.98 724.08 785.72 0.083087
3 705.43 0.82 768.82 786.04 0.082554
3 645.54 35.45 655.73 46.76 0.082454
3 293.80 708.05 346.90 763.97 0.082141
3 216.35 268.81 404.68 442.76 0.081096
3 2.63 727.88 311.73 786.70 0.080372
3 741.60 45.00 755.20 61.20 0.080251
3 1.12 724.70 332.13 786.58 0.079468
3 675.96 44.17 683.11 52.53 0.078997
3 1079.01 545.45 1137.07 598.80 0.078644
3 293.94 706.97 505.00 764.68 0.078194
3 1049.23 505.57 1094.64 541.33 0.077457
3 1081.17 433.42 1398.64 785.93 0.077110
3 691.96 15.19 701.10 24.55 0.076937
3 777.22 509.43 812.40 563.28 0.075748
3 665.86 0.18 672.87 7.87 0.075185
3 1035.28 601.15 1090.96 644.70 0.074567
3 443.07 495.44 489.99 543.99 0.074216
3 721.99 242.14 737.01 260.92 0.074115
3 603.07 3.96 845.03 787.02 0.072634
3 648.51 57.11 659.18 66.45 0.071081
3 1127.09 724.14 1185.52 768.91 0.070940
3 323.35 666.24 517.37 708.56 0.070829
3 675.37 30.87 683.20 39.94 0.070649
3 1074.45 303.44 1130.74 329.44 0.070639
3 688.65 0.76 698.38 11.32 0.070395
3 157.29 537.10 202.67 638.04 0.070112
3 706.69 302.11 733.83 323.25 0.069978
3 315.23 414.93 393.26 522.04 0.069940
3 1142.63 637.16 1185.99 685.07 0.069570
3 0.40 631.52 62.56 701.24 0.068911
3 603.23 194.37 620.95 221.69 0.068114
3 121.30 228.82 165.29 271.30 0.067777
3 1112.64 346.93 1151.69 377.12 0.067733
3 644.78 100.39 655.58 114.14 0.067290
3 340.55 431.08 489.02 564.92 0.067194
3 720.01 46.14 729.25 55.96 0.066777
3 529.92 248.01 583.18 283.82 0.066768
3 1006.40 348.98 1021.03 369.79 0.066084
3 267.70 571.71 282.79 601.78 0.065971
3 561.34 337.05 708.26 785.30 0.065199
3 761.17 351.19 769.12 364.28 0.064054
3 563.16 640.60 702.17 786.39 0.063814
3 245.61 596.97 533.69 710.90 0.063794
3 674.56 31.31 684.13 41.64 0.063734
3 705.39 301.13 721.34 322.76 0.063185
3 473.03 422.60 497.53 472.24 0.063064
3 2.10 0.81 636.64 291.28 0.062952
3 514.84 348.03 526.44 369.44 0.062735
3 799.26 542.10 812.46 559.05 0.062687
3 645.34 33.65 656.45 46.81 0.062570
3 262.65 438.79 318.84 479.25 0.061802
3 1268.36 574.03 1306.98 601.00 0.061667
3 570.75 323.16 596.76 413.24 0.061454
3 1275.19 624.46 1286.52 635.51 0.061439
3 722.42 565.41 731.77 595.75 0.060973
3 178.19 703.34 192.30 713.73 0.060966
3 2.25 2.47 626.19 721.92 0.060801
3 613.65 56.55 630.36 81.22 0.060728
3 563.14 60.28 716.41 783.83 0.060536
3 688.18 0.44 698.55 11.53 0.060470
3 727.55 136.66 741.96 155.10 0.060117
3 650.92 126.96 664.65 141.73 0.059988
3 735.91 194.38 749.64 215.29 0.059258
3 627.88 515.59 659.02 565.11 0.059172
3 0.37 0.36 156.93 295.58 0.058838
3 703.30 228.84 717.22 250.42 0.058812
3 1111.92 459.48 1167.52 487.02 0.058640
3 1213.42 279.42 1398.99 488.94 0.058250
3 533.44 709.53 567.79 759.64 0.058021
3 455.49 408.06 552.02 448.20 0.057820
3 639.40 24.33 647.93 38.65 0.057545
3 419.06 122.82 458.99 135.76 0.057379
3 1169.90 459.92 1198.89 491.67 0.057235
3 1172.77 725.51 1186.11 747.99 0.056972
3 796.43 566.96 806.75 595.51 0.056829
3 547.58 665.18 555.91 679.03 0.056765
3 319.23 407.99 498.94 670.17 0.056335
3 440.44 304.55 456.87 324.41 0.056070
3 674.63 78.45 684.77 89.93 0.055970
3 403.41 304.81 436.30 322.60 0.055856
3 940.25 296.46 965.63 320.69 0.055752
3 950.05 221.65 1212.96 401.12 0.055513
3 1155.48 562.31 1186.77 641.88 0.055276
3 1309.11 560.61 1368.65 585.28 0.055254
3 800.27 542.64 812.08 559.43 0.055167
3 140.73 296.80 196.08 328.63 0.054335
3 512.74 370.21 525.63 393.87 0.054189
3 316.52 597.87 532.20 710.75 0.054106
3 1123.22 665.80 1173.67 701.90 0.054027
3 135.26 330.64 211.79 434.26 0.053997
3 3.09 716.74 501.17 786.63 0.053831
3 1085.83 435.77 1393.26 627.75 0.053822
3 417.12 407.69 552.16 448.87 0.053157
3 718.09 5.01 725.57 13.77 0.052854
3 1167.03 512.91 1192.87 530.89 0.052622
3 2.99 1.37 703.78 785.91 0.052390
3 1115.95 214.29 1359.98 354.21 0.052242
3 1033.52 628.94 1079.55 648.56 0.052031
3 313.47 409.27 526.87 708.99 0.051901
3 719.20 45.52 729.72 56.53 0.051558
3 512.24 348.65 526.77 396.32 0.051436
3 3.62 -0.31 647.43 780.05 0.051295
3 491.13 7.48 525.61 53.81 0.051023
3 515.53 348.13 526.47 369.80 0.050914
3 759.90 349.69 769.23 365.13 0.050781
3 1123.72 563.43 1188.71 686.89 0.050529
3 626.42 0.31 663.73 69.95 0.050455
3 962.95 227.47 1201.58 398.51 0.050334
3 1344.31 8.25 1399.09 161.37 0.049975
3 154.14 343.33 182.38 364.23 0.049962
3 269.16 572.16 281.68 598.04 0.049716
3 744.20 509.55 770.10 541.51 0.049525
3 584.16 366.97 606.39 414.73 0.049401
3 1132.80 496.56 1228.24 534.91 0.049261
3 635.21 44.04 645.16 53.94 0.049100
3 602.58 193.70 621.85 222.11 0.048929
3 1210.78 237.77 1245.05 267.81 0.048869
3 355.39 459.28 376.82 479.46 0.048382
3 181.14 446.65 245.54 507.37 0.048307
3 1155.58 619.73 1174.38 642.52 0.048025
3 338.96 568.94 450.97 670.43 0.047607
3 0.75 617.91 23.22 638.42 0.047380
3 644.64 100.00 656.10 114.43 0.047112
3 734.51 347.40 743.94 370.11 0.046832
3 156.51 538.29 204.14 640.88 0.046574
3 624.99 65.18 731.85 78.11 0.046184
3 777.39 508.98 806.76 548.14 0.046183
3 313.44 408.04 513.00 703.62 0.045636
3 41.09 598.12 534.87 712.40 0.045472
3 735.68 302.83 744.45 314.06 0.045142
3 787.54 631.89 801.42 668.58 0.044616
3 0.39 658.21 47.18 701.93 0.044558
3 0.63 663.72 44.89 700.68 0.044506
3 0.29 372.50 51.43 440.41 0.044306
3 672.62 256.40 686.51 273.79 0.044255
3 763.76 235.68 772.25 249.39 0.044198
3 190.46 515.97 345.03 650.79 0.044172
3 756.19 -0.25 1398.64 785.92 0.044101
3 0.70 413.40 141.10 487.39 0.044011
3 759.77 565.28 768.82 594.84 0.043972
3 690.57 13.81 701.35 25.24 0.043963
3 734.19 347.31 744.75 370.97 0.043868
3 1209.89 514.79 1258.41 555.66 0.043835
3 1111.55 457.93 1169.65 486.23 0.043799
3 0.70 0.27 144.18 286.93 0.043730
3 764.30 236.29 771.69 249.61 0.043689
3 760.58 349.56 768.73 365.02 0.043637
3 617.47 75.56 698.11 338.49 0.043560
3 1155.79 624.57 1172.79 640.96 0.043443
3 534.76 247.62 583.55 279.07 0.043436
3 1184.55 562.83 1307.18 605.11 0.043329
3 628.54 516.88 657.85 563.95 0.043326
3 515.07 347.86 525.93 371.41 0.042785
3 1116.49 0.26 1232.49 170.04 0.042729
3 157.54 537.28 189.64 602.12 0.042681
3 41.13 661.85 248.09 710.90 0.042644
3 647.45 11.03 657.43 29.05 0.042560
3 778.06 316.98 799.89 413.82 0.042467
3 736.39 195.04 749.23 214.70 0.042457
3 1168.36 748.47 1179.40 768.51 0.042455
3 1033.98 589.14 1091.77 644.32 0.042210
3 1122.68 600.98 1157.31 648.81 0.042202
3 633.94 234.79 646.89 249.74 0.042036
3 708.90 0.51 742.66 69.33 0.042015
3 246.61 0.67 943.68 783.67 0.041969
3 1113.02 640.73 1133.03 664.22 0.041914
3 452.13 269.71 474.53 296.66 0.041792
3 942.40 114.57 1398.59 780.83 0.041759
3 1128.24 723.31 1185.23 757.50 0.041718
3 647.84 37.47 656.30 47.42 0.041662
3 620.59 0.76 772.09 786.42 0.041506
3 477.60 0.32 493.68 10.55 0.041393
3 1097.80 348.25 1190.71 395.22 0.041391
3 1065.07 533.01 1106.01 566.00 0.041372
3 665.89 1.01 675.03 9.32 0.041307
3 594.21 372.83 606.23 397.43 0.041275
3 626.33 0.22 639.63 13.66 0.041202
3 1193.11 727.14 1243.21 786.28 0.041153
3 144.85 229.04 165.06 253.16 0.041056
3 0.49 580.03 53.42 623.33 0.040918
3 699.48 102.20 816.23 786.46 0.040880
3 1017.45 307.05 1197.17 396.73 0.040845
3 1210.65 514.82 1281.30 559.73 0.040782
3 721.91 307.97 734.13 323.13 0.040711
3 847.13 594.48 909.01 747.33 0.040695
3 454.94 598.13 511.49 675.85 0.040472
3 1243.26 303.84 1290.65 338.90 0.040120
3 941.69 298.61 965.66 320.36 0.040037
3 184.77 508.10 346.12 653.43 0.040000
3 245.30 589.83 526.45 712.36 0.039922
3 1049.20 505.59 1102.75 567.77 0.039884
3 134.63 303.72 231.17 434.58 0.039873
3 1270.80 544.80 1369.52 586.30 0.039783
3 1235.08 537.04 1257.37 556.77 0.039717
3 71.63 228.92 165.56 278.46 0.039614
3 1274.17 161.76 1294.68 173.31 0.039531
3 583.08 334.39 703.10 415.68 0.039440
3 776.98 534.17 812.08 563.71 0.039307
3 9.70 1.12 1231.77 784.46 0.039267
3 1027.56 304.62 1194.81 396.13 0.039258
3 579.01 72.62 701.77 645.42 0.039250
3 1228.60 614.82 1399.05 786.41 0.039160
3 1173.04 706.73 1205.11 745.73 0.039133
3 775.61 508.02 812.82 562.01 0.038908
3 172.02 197.78 187.09 215.63 0.038710
3 587.63 336.33 646.42 360.70 0.038664
3 631.63 311.97 644.59 329.17 0.038404
3 1254.68 509.19 1288.68 540.56 0.038384
3 1114.76 348.59 1151.39 377.19 0.038374
3 1185.43 223.16 1227.22 261.96 0.038309
3 920.97 294.07 966.09 322.06 0.038279
3 1217.18 725.26 1242.72 759.86 0.038269
3 545.23 405.27 561.33 443.04 0.038175
3 1210.64 516.43 1258.56 556.69 0.038163
3 182.05 -0.41 901.78 786.30 0.038029
3 584.48 369.83 606.28 412.55 0.038015
3 1003.27 215.03 1054.79 244.66 0.038004
3 202.77 284.65 243.45 311.06 0.037982
3 0.36 682.55 48.24 703.03 0.037960
3 706.10 300.97 733.76 322.96 0.037954
3 0.65 577.90 50.53 622.96 0.037872
3 267.98 571.45 282.14 599.44 0.037871
3 634.06 252.63 687.03 316.21 0.037830
3 1360.32 287.11 1382.75 305.37 0.037824
3 182.13 0.30 236.28 15.38 0.037770
3 33.70 580.94 54.54 622.04 0.037752
3 646.14 167.15 657.91 180.62 0.037688
3 1268.09 573.12 1308.67 601.23 0.037670
3 418.87 306.22 435.64 319.36 0.037667
3 141.21 297.59 195.98 327.12 0.037593
3 688.06 0.95 699.13 12.41 0.037430
3 1064.30 534.33 1137.49 600.63 0.037393
3 497.24 44.97 707.88 785.92 0.037323
3 455.50 597.86 511.79 663.80 0.037287
3 775.35 533.75 792.55 621.16 0.037185
3 109.79 285.64 167.48 320.53 0.036833
3 1048.92 505.73 1138.68 602.49 0.036800
3 41.48 615.14 248.79 710.83 0.036793
3 718.83 45.18 730.04 56.71 0.036758
3 442.34 0.35 472.99 15.07 0.036681
3 1271.24 544.38 1310.62 568.74 0.036646
3 1169.45 454.77 1247.02 496.43 0.036576
3 1116.19 349.64 1151.97 393.40 0.036555
3 618.96 1.25 730.11 337.84 0.036528
3 357.11 0.98 924.82 786.00 0.036446
3 822.31 555.98 909.45 747.71 0.036438
3 1033.43 627.75 1078.59 648.01 0.036282
3 675.62 43.87 682.97 52.72 0.036207
3 647.65 37.09 655.58 46.29 0.036109
3 134.00 324.66 218.86 434.53 0.036089
3 712.79 472.13 750.83 618.52 0.035970
3 735.38 347.67 743.06 370.05 0.035953
3 674.17 77.90 684.98 90.30 0.035837
3 840.01 599.79 848.23 613.70 0.035804
3 838.69 17.12 865.90 30.68 0.035792
3 398.59 307.90 434.68 353.82 0.035749
3 760.76 349.26 778.90 365.15 0.035712
3 1239.40 280.20 1366.56 350.21 0.035643
3 1300.37 518.28 1332.55 550.57 0.035563
3 201.88 412.04 240.74 450.72 0.035563
3 1270.90 545.08 1319.71 577.90 0.035459
3 652.49 293.44 667.03 312.36 0.035454
3 135.88 13.73 503.01 56.02 0.035421
3 847.17 174.27 882.12 198.46 0.035367
3 429.62 -0.12 706.26 785.11 0.035282
3 595.43 62.04 710.09 783.83 0.035219
3 1051.04 541.07 1070.62 571.16 0.035132
3 703.48 229.84 715.67 249.74 0.035125
3 628.68 0.22 731.28 75.73 0.035006
3 603.44 195.32 620.91 222.77 0.034929
3 46.47 632.89 63.89 645.56 0.034896
3 53.90 499.01 248.06 675.48 0.034776
3 940.85 295.23 965.89 320.32 0.034776
3 633.14 112.34 645.15 133.43 0.034725
3 571.02 323.29 595.30 380.15 0.034670
3 622.48 514.46 660.27 621.27 0.034550
3 0.47 578.82 70.72 640.73 0.034495
3 420.08 229.08 438.10 290.12 0.034464
3 728.00 655.50 751.34 683.73 0.034396
3 1181.06 562.91 1398.70 785.71 0.034377
3 632.21 313.48 644.61 335.53 0.034315
3 798.19 542.69 811.83 558.65 0.034292
3 420.69 230.25 437.58 289.35 0.034181
3 0.83 703.49 340.90 786.30 0.034136
3 3.63 379.53 42.24 411.46 0.034111
3 469.45 193.74 490.49 205.97 0.034071
3 949.47 207.78 1397.82 494.59 0.034056
3 639.13 25.32 655.75 48.20 0.034034
3 1346.33 272.25 1398.60 304.97 0.034031
3 546.90 664.25 556.16 679.11 0.033979
3 633.12 102.49 644.43 134.79 0.033861
3 576.71 368.41 700.19 645.02 0.033788
3 1300.42 704.61 1398.47 786.47 0.033758
3 720.65 305.03 735.06 321.89 0.033725
3 229.59 2.54 889.69 783.86 0.033715
3 1169.46 724.78 1186.49 767.60 0.033685
3 775.84 534.06 791.68 621.25 0.033662
3 646.85 10.29 657.86 29.96 0.033595
3 691.95 53.53 819.40 785.02 0.033553
3 632.62 313.32 641.92 325.43 0.033543
3 607.80 644.43 651.78 752.02 0.033527
3 1227.50 458.04 1273.86 491.09 0.033505
3 1098.13 364.56 1121.33 392.74 0.033456
3 718.13 3.46 726.14 13.76 0.033420
3 1257.04 495.79 1312.56 525.58 0.033406
3 244.76 646.12 527.20 710.65 0.033392
3 1299.94 518.88 1356.78 556.74 0.033377
3 631.74 0.76 733.14 70.07 0.033332
3 920.60 306.25 943.82 321.93 0.033313
3 0.42 378.92 41.68 411.87 0.033295
3 541.08 440.08 560.23 462.78 0.033294
3 2.40 375.90 45.76 411.66 0.033249
3 1016.41 309.15 1236.24 473.55 0.033221
3 802.42 731.55 819.16 784.11 0.033132
3 1232.64 615.04 1397.74 738.94 0.033080
3 572.07 336.60 704.78 647.75 0.033076
3 1200.66 579.03 1271.94 603.27 0.033009
3 626.11 592.69 655.88 619.07 0.032993
3 633.01 1.52 662.20 67.40 0.032928
3 153.13 344.05 182.75 364.62 0.032907
3 847.21 174.44 880.89 189.10 0.032839
3 1273.37 233.64 1322.20 265.91 0.032794
3 300.24 573.91 524.78 711.57 0.032627
3 1155.92 625.47 1172.96 641.89 0.032541
3 1018.00 323.48 1197.80 395.34 0.032364
3 1156.93 528.84 1214.77 557.24 0.032354
3 1302.62 301.12 1365.58 347.39 0.032325
3 439.44 306.46 456.63 324.99 0.032310
3 816.31 507.41 828.01 540.02 0.032282
3 156.76 537.37 190.05 606.68 0.032245
3 1006.18 349.11 1020.33 370.16 0.032192
3 136.94 327.41 191.91 367.04 0.032186
3 405.69 293.06 558.05 450.11 0.032178
3 414.40 406.07 555.35 449.06 0.032146
3 1306.32 299.49 1365.22 345.35 0.032126
3 1158.99 531.40 1213.99 557.91 0.032069
3 817.25 508.31 828.76 553.17 0.031965
3 134.55 285.10 247.11 435.28 0.031964
3 68.32 303.28 112.40 352.37 0.031956
3 72.26 4.72 543.94 272.63 0.031887
3 631.72 311.98 644.13 328.30 0.031829
3 691.65 13.37 701.35 24.42 0.031818
3 787.79 286.56 1076.29 742.32 0.031809
3 1184.65 562.82 1284.86 603.03 0.031802
3 1096.74 436.24 1388.15 620.96 0.031724
3 1274.71 622.75 1309.00 635.32 0.031713
3 412.61 300.60 457.72 366.26 0.031711
3 1108.20 437.25 1374.50 600.26 0.031658
3 629.32 62.20 777.40 780.96 0.031648
3 674.87 78.77 684.42 89.74 0.031628
3 763.42 235.33 772.72 250.35 0.031561
3 550.18 370.98 574.28 428.58 0.031561
3 545.51 408.99 561.43 443.31 0.031368
3 454.58 407.44 555.03 449.88 0.031361
3 1050.07 540.48 1071.08 570.65 0.031327
3 736.49 196.07 748.28 214.09 0.031232
3 71.88 209.67 203.93 281.73 0.031225
3 0.33 281.40 38.36 376.84 0.031205
3 690.30 13.37 701.85 25.51 0.031125
3 802.16 732.03 817.68 783.81 0.031103
3 809.54 636.79 836.45 722.54 0.031039
3 728.26 137.86 740.17 153.40 0.031014
3 1189.48 503.51 1199.83 529.31 0.031001
3 281.62 715.63 501.43 786.14 0.030996
3 1270.82 545.07 1312.54 569.09 0.030961
3 433.89 301.86 507.49 364.16 0.030923
3 676.06 31.01 683.23 39.29 0.030895
3 1246.58 302.75 1273.69 324.34 0.030815
3 632.37 111.85 644.81 134.38 0.030706
3 975.19 227.35 991.74 242.16 0.030579
3 418.22 294.12 516.79 376.67 0.030460
3 948.69 210.95 1398.11 679.45 0.030441
3 427.85 156.15 440.97 172.26 0.030399
3 187.78 674.04 246.75 709.39 0.030359
3 546.32 663.79 556.36 679.66 0.030340
3 1046.47 689.76 1080.74 745.26 0.030323
3 1314.20 560.50 1367.99 584.74 0.030296
3 425.83 269.12 474.76 304.03 0.030271
3 310.44 210.75 380.70 262.79 0.030261
3 420.42 121.96 456.30 135.55 0.030238
3 1223.94 492.66 1357.72 564.29 0.030236
3 307.08 579.82 521.80 711.82 0.030236
3 1044.73 606.03 1085.72 632.31 0.030200
3 1156.17 562.76 1183.97 640.86 0.030196
3 247.67 409.98 532.75 711.41 0.030015
3 570.36 0.21 1399.51 786.57 0.030014
