1 843.13 911.57 861.43 950.89 0.536617
1 822.98 905.49 842.49 946.35 0.523740
2 843.14 911.48 861.42 950.69 0.460201
1 1115.14 883.04 1154.72 944.99 0.451389
2 822.85 905.43 842.70 946.67 0.450093
3 1043.41 737.15 1083.11 777.13 0.381250
1 642.35 575.79 659.85 606.30 0.376497
1 960.20 919.79 992.46 984.07 0.372072
3 1307.93 698.80 1358.78 725.53 0.349191
6 1243.74 880.21 1399.19 1048.85 0.349050
3 1115.25 883.19 1154.35 944.18 0.339631
1 1043.24 736.98 1082.42 777.51 0.334315
4 769.86 707.23 817.02 759.56 0.326646
2 642.10 575.68 659.80 606.45 0.323879
5 226.95 445.84 346.99 567.86 0.322505
2 1115.54 883.15 1154.17 944.98 0.321708
3 843.50 911.65 860.97 950.31 0.318840
3 823.34 905.63 842.32 945.63 0.313599
3 769.95 707.26 816.19 755.64 0.312320
3 961.97 943.99 993.23 982.32 0.307591
6 508.74 567.19 545.98 664.79 0.302397
3 1307.09 629.69 1399.26 726.38 0.301989
3 960.48 920.11 992.47 983.40 0.301655
4 774.87 707.35 816.26 739.99 0.298929
1 694.31 637.81 718.57 688.19 0.282933
5 1243.80 879.83 1399.10 1048.59 0.282791
2 960.47 919.72 992.99 983.95 0.280518
5 770.10 707.12 816.50 755.98 0.278520
3 546.04 620.62 578.27 652.22 0.277681
3 1115.20 883.25 1165.49 946.67 0.275679
2 1043.44 736.93 1082.94 777.54 0.273840
6 1191.49 0.18 1377.61 293.85 0.273120
4 508.25 567.16 545.91 662.94 0.268724
3 1306.73 681.54 1360.28 726.74 0.266953
6 227.14 444.21 346.72 568.61 0.265548
4 546.41 613.89 582.92 652.27 0.263627
6 1289.81 933.35 1398.80 1049.07 0.262330
3 642.46 576.03 659.27 605.97 0.261866
4 442.37 751.32 466.17 782.08 0.261429
3 662.36 545.55 679.90 577.41 0.260791
1 694.57 654.01 715.82 688.39 0.259532
1 681.45 488.60 701.19 518.73 0.254032
6 409.70 550.09 549.42 736.72 0.251567
3 694.44 637.95 718.18 687.58 0.248693
3 546.06 614.20 582.46 652.05 0.247405
6 442.78 751.56 465.98 781.75 0.247159
2 694.42 637.63 718.64 688.03 0.245964
5 774.69 707.36 816.01 739.82 0.237483
3 442.59 751.67 465.71 781.48 0.235512
6 770.09 707.30 816.16 755.11 0.235309
3 1169.21 260.54 1192.71 287.39 0.234977
3 775.73 707.59 815.68 739.33 0.233335
5 409.16 548.99 551.16 737.08 0.232769
3 508.82 567.45 545.45 662.76 0.232592
3 1333.12 705.81 1359.22 725.41 0.231371
3 1288.74 933.34 1398.81 1048.81 0.228429
3 409.55 551.12 550.52 737.07 0.226417
4 1288.66 933.31 1398.64 1048.81 0.224195
2 681.29 488.56 701.08 518.77 0.224163
5 429.44 549.32 546.54 667.95 0.222185
3 1324.96 676.50 1363.80 701.58 0.219562
3 1190.53 0.10 1377.87 293.82 0.217267
2 694.85 653.82 715.66 688.07 0.217075
3 1325.65 668.17 1398.73 701.60 0.216682
3 1307.02 697.78 1359.70 726.44 0.215171
3 1045.01 737.77 1082.69 775.93 0.214555
3 694.88 654.40 715.96 687.82 0.211140
4 991.37 227.42 1022.18 256.67 0.209754
3 917.78 204.86 946.65 229.87 0.209312
1 660.09 526.42 683.23 578.54 0.209284
2 659.75 526.59 683.27 579.00 0.208409
3 1243.99 880.25 1399.11 1048.63 0.207646
5 1290.69 933.05 1398.67 1048.81 0.205592
3 695.79 639.00 717.08 686.06 0.203042
3 696.07 655.45 715.22 686.17 0.202254
5 508.43 567.24 546.08 664.32 0.200669
4 1243.90 880.44 1399.00 1048.65 0.200069
1 1308.00 682.15 1326.76 717.12 0.199880
1 1307.28 680.53 1359.82 726.84 0.199752
6 429.92 550.39 546.43 668.48 0.197474
5 442.31 751.46 465.74 782.04 0.197215
3 1330.05 628.96 1398.52 682.10 0.196623
6 486.00 808.50 530.82 878.31 0.193341
2 962.50 942.55 994.18 983.99 0.193285
1 962.43 942.42 994.17 983.92 0.193245
6 547.40 612.44 583.32 651.22 0.193177
2 1305.77 627.73 1398.30 726.81 0.192243
6 637.67 423.91 677.25 487.04 0.191790
1 661.70 543.71 681.50 579.17 0.190566
4 1006.82 180.96 1043.73 217.71 0.190177
1 998.23 497.03 1019.94 531.72 0.189729
1 699.89 637.48 718.00 661.75 0.189221
1 1057.06 738.14 1081.19 776.61 0.189189
3 227.71 445.42 347.23 565.79 0.186318
2 1307.29 680.63 1358.84 726.74 0.185862
4 647.43 389.72 669.64 413.44 0.182164
6 775.71 707.57 815.79 739.34 0.181843
1 355.77 506.26 377.80 539.85 0.180415
2 998.05 497.14 1020.10 531.75 0.178410
2 355.66 506.12 377.53 539.74 0.177243
3 517.85 869.51 539.69 887.72 0.176122
3 1192.27 234.46 1289.84 293.99 0.176091
5 1192.48 236.21 1289.41 294.35 0.175333
2 661.59 543.55 681.48 579.05 0.171929
4 1341.98 933.84 1399.00 992.90 0.171667
4 1190.11 -0.05 1377.83 294.17 0.170576
5 1191.44 0.42 1377.13 294.00 0.170166
3 681.00 489.26 700.43 518.42 0.168301
1 547.35 949.32 575.55 983.90 0.168063
3 485.97 808.63 530.50 878.00 0.167270
5 546.74 612.73 583.26 651.84 0.167247
5 1044.50 737.96 1082.13 775.90 0.166702
3 647.84 390.07 669.43 413.00 0.166604
3 429.87 550.61 546.05 667.91 0.166268
4 1307.05 628.27 1398.47 726.87 0.164964
3 661.44 543.46 681.33 578.52 0.164530
3 991.68 227.73 1021.82 256.19 0.163953
3 637.39 423.83 677.13 487.03 0.162269
5 169.62 -0.08 639.94 278.89 0.161398
4 227.39 445.31 347.73 566.11 0.161354
5 637.34 423.80 677.75 487.91 0.161340
4 1329.75 628.81 1398.29 681.30 0.160230
4 409.66 555.86 549.82 737.71 0.159328
5 991.69 227.37 1022.06 256.58 0.159311
6 648.14 390.12 669.51 413.05 0.156716
5 916.75 317.13 944.71 351.97 0.156304
3 699.57 637.64 717.61 663.74 0.156168
1 661.93 526.29 681.35 558.54 0.155260
6 638.40 438.85 671.00 482.81 0.154549
4 430.79 553.77 546.52 668.83 0.154480
1 476.61 838.02 503.72 886.76 0.154263
4 1044.48 737.91 1082.13 776.09 0.152922
5 1007.17 180.95 1044.00 217.79 0.152729
5 647.70 389.82 669.83 413.40 0.152432
6 1192.46 235.19 1289.54 294.11 0.151635
5 637.90 438.15 671.33 483.50 0.151320
2 699.91 637.36 717.97 662.29 0.149222
3 1057.84 757.67 1083.19 776.18 0.148552
4 961.85 943.59 993.91 982.50 0.148279
3 297.34 301.14 326.60 328.29 0.147373
3 660.05 526.48 682.91 578.08 0.147302
1 1305.91 628.01 1398.11 726.21 0.146861
2 1308.10 682.18 1327.18 717.37 0.145605
5 288.96 875.34 426.27 1027.92 0.145037
3 4.54 1.06 1395.44 1048.28 0.145016
4 517.47 869.68 540.11 888.53 0.143905
3 460.46 743.61 578.53 983.69 0.143435
5 485.76 808.19 530.71 878.34 0.142803
5 1330.11 628.69 1398.62 681.77 0.142392
4 289.65 875.53 426.18 1027.90 0.142030
6 475.71 567.29 546.43 699.20 0.141660
4 637.43 423.63 677.60 487.32 0.141509
3 290.36 875.81 425.64 1027.53 0.141169
4 528.88 926.46 559.71 959.61 0.139733
4 514.34 908.84 544.22 938.06 0.139389
5 429.67 548.90 510.88 638.15 0.139375
4 1191.80 234.58 1290.22 294.55 0.139367
3 1307.85 683.66 1358.67 725.82 0.139158
4 1308.15 698.45 1358.44 725.85 0.138590
3 1123.82 924.94 1141.47 944.22 0.138515
3 1007.14 180.99 1043.46 217.60 0.138315
5 1116.51 883.68 1164.88 945.45 0.137098
3 1307.44 682.74 1327.27 717.31 0.136238
4 1020.22 139.07 1055.07 172.22 0.135403
6 1117.37 883.87 1151.84 940.77 0.135146
4 456.21 746.57 578.87 984.87 0.134559
3 429.96 549.35 510.81 638.36 0.134521
1 972.05 943.10 994.47 980.72 0.134438
3 961.70 920.82 993.52 982.55 0.134144
3 768.33 706.95 817.16 758.25 0.133851
2 6.42 2.58 1393.43 1047.77 0.133717
3 638.27 437.91 670.85 482.45 0.131963
2 1115.01 883.25 1165.40 947.71 0.131875
4 485.82 808.48 530.61 878.58 0.131139
3 529.58 926.94 559.12 959.04 0.131096
4 460.14 798.31 477.03 822.33 0.131071
3 355.98 506.87 377.02 539.17 0.130062
3 700.84 638.77 716.63 660.07 0.128581
5 0.68 262.89 157.00 516.21 0.127955
5 930.77 442.96 959.70 476.30 0.126642
5 1116.84 883.61 1152.56 942.03 0.126476
3 1145.82 59.79 1191.70 89.52 0.125411
3 998.38 497.20 1019.57 531.16 0.125318
4 547.96 950.55 574.73 982.29 0.124824
2 519.74 475.84 541.94 516.96 0.124589
3 916.87 317.40 944.25 351.81 0.124444
3 1057.32 739.01 1082.38 776.06 0.124386
3 548.28 950.79 574.34 982.02 0.124110
2 1056.72 738.54 1081.41 776.46 0.124070
2 479.54 513.49 501.55 536.27 0.123670
1 848.54 443.63 866.74 469.34 0.122724
6 1330.34 629.21 1398.66 680.54 0.122363
4 513.01 890.27 545.17 916.59 0.121155
3 1307.34 700.03 1331.51 718.03 0.120903
5 962.61 943.19 993.75 982.19 0.120794
2 848.57 443.53 866.88 469.48 0.120660
3 1167.62 258.66 1193.68 289.25 0.120629
3 667.15 558.75 678.95 577.50 0.120405
6 1044.89 738.28 1081.91 775.40 0.120355
4 58.02 641.12 82.00 660.92 0.120218
2 997.58 492.80 1034.23 532.76 0.119912
3 600.13 124.96 1054.89 1044.76 0.119725
3 460.39 798.54 476.65 822.29 0.119099
6 77.16 479.42 121.24 635.45 0.118849
4 1116.53 883.74 1165.21 945.63 0.118701
1 479.11 513.14 501.54 536.48 0.118241
6 1307.30 628.54 1398.81 725.66 0.118029
3 1116.94 883.88 1152.21 942.28 0.117560
3 514.58 909.28 543.41 937.86 0.117252
3 1117.24 884.00 1164.53 945.28 0.116700
3 1332.59 703.63 1360.25 726.39 0.116540
6 466.32 754.18 498.32 814.39 0.116459
5 961.58 920.62 993.59 982.73 0.115928
5 1307.38 627.96 1398.55 726.26 0.115833
5 0.91 182.02 212.20 553.75 0.115587
3 1327.06 675.28 1364.78 702.69 0.115549
4 1117.12 883.69 1152.00 941.48 0.115486
4 638.49 438.22 671.18 480.92 0.115195
5 858.49 0.56 1398.62 1047.42 0.115177
5 1341.69 933.66 1398.93 992.90 0.115176
2 558.29 64.86 576.51 98.93 0.114793
3 677.47 459.91 699.40 480.64 0.114400
6 476.39 654.41 534.83 700.75 0.113799
6 1116.88 883.93 1165.20 945.07 0.113589
3 1342.42 933.78 1399.14 992.25 0.113374
6 460.39 799.11 476.65 822.03 0.113068
1 767.97 706.57 817.65 758.01 0.113007
2 477.09 837.53 503.56 884.80 0.112438
3 1020.20 139.44 1054.65 171.63 0.112235
1 558.34 64.25 576.75 99.23 0.112085
1 1042.55 739.58 1069.06 774.82 0.112074
2 548.12 949.33 575.28 983.25 0.111801
3 1042.83 740.05 1071.63 774.68 0.111650
6 226.42 431.53 378.33 572.21 0.111487
2 1168.09 258.95 1193.71 289.49 0.111217
4 916.54 317.32 944.56 352.15 0.111201
3 1123.67 914.81 1165.06 945.07 0.109879
2 960.29 944.21 980.36 984.00 0.109292
2 662.12 526.58 680.99 556.52 0.108613
6 1308.36 698.62 1358.36 725.45 0.108145
2 416.78 374.49 437.20 401.89 0.108015
3 513.24 890.55 544.65 916.39 0.107947
4 961.37 920.51 993.85 983.27 0.107689
4 283.30 871.91 333.86 924.32 0.107663
4 773.86 731.42 816.79 763.78 0.107650
3 558.59 64.89 576.27 98.64 0.107460
3 1168.96 259.34 1194.01 287.68 0.106977
4 759.49 134.87 1057.23 762.48 0.106590
1 1329.25 628.33 1397.58 682.45 0.106493
2 641.36 525.89 683.98 607.41 0.105277
3 544.97 617.53 580.03 653.60 0.105125
5 529.18 926.79 559.78 959.86 0.104824
5 475.69 654.74 534.38 701.17 0.104454
5 547.79 950.55 574.52 982.59 0.103768
6 467.92 754.37 493.85 794.88 0.103718
1 519.88 475.58 542.71 517.13 0.103630
2 873.79 438.70 894.77 471.68 0.103530
1 998.05 492.86 1034.29 532.67 0.103467
4 974.30 944.26 993.58 964.71 0.103259
3 475.99 655.10 533.18 700.77 0.103210
1 1307.47 681.84 1344.66 720.55 0.102797
4 1168.50 259.02 1194.36 288.17 0.102718
6 463.17 747.74 577.40 981.91 0.102562
6 962.23 943.68 993.49 982.14 0.102376
1 1167.47 259.23 1192.88 289.54 0.102195
3 239.75 263.39 265.37 285.29 0.101762
6 430.02 549.37 510.74 638.55 0.101628
3 637.53 464.93 653.05 487.84 0.101133
3 917.78 204.73 950.86 250.49 0.101090
1 1014.84 493.79 1034.90 516.34 0.101051
3 419.01 789.55 474.52 883.64 0.100954
1 441.65 750.18 466.49 783.77 0.100604
2 646.43 370.84 679.11 414.42 0.100586
3 411.92 693.40 581.29 985.62 0.100156
3 971.78 943.20 994.32 977.50 0.099848
6 466.49 753.30 531.46 879.12 0.099137
3 647.47 371.83 676.95 413.62 0.098717
5 514.31 909.21 543.82 938.34 0.098255
2 1306.97 696.45 1359.55 727.13 0.098161
6 529.30 926.66 559.80 959.24 0.097787
4 476.68 854.39 497.34 876.67 0.097748
3 0.10 400.30 118.51 579.17 0.097629
5 6.32 0.58 1394.69 1049.25 0.097207
6 647.76 372.10 676.70 413.81 0.096679
6 514.72 909.31 543.39 938.17 0.096630
3 58.45 641.04 81.90 660.48 0.096386
6 1341.58 933.82 1399.04 992.56 0.096178
3 543.00 56.08 1190.17 1042.29 0.096065
3 1201.75 317.07 1387.69 417.88 0.096048
2 1014.83 494.15 1034.88 516.56 0.095966
3 468.30 754.24 494.19 794.80 0.095711
1 416.66 374.61 437.52 402.34 0.095606
4 972.15 944.06 993.86 975.14 0.095540
4 436.10 720.58 581.33 986.68 0.095273
3 661.44 526.39 680.92 558.12 0.095141
3 476.83 838.34 503.37 886.28 0.095077
4 297.49 301.13 327.06 328.64 0.093643
5 459.98 797.97 477.24 822.66 0.093132
6 463.46 715.85 612.95 987.27 0.092707
5 549.91 121.74 1074.47 1027.59 0.092641
3 744.24 692.43 761.59 720.41 0.092489
4 467.88 753.94 494.49 794.93 0.092336
3 510.90 853.40 532.22 876.90 0.091842
2 478.18 472.96 543.97 537.73 0.091728
3 962.95 920.32 988.24 959.26 0.091601
2 543.86 602.12 585.75 655.14 0.091548
4 998.84 77.91 1053.04 115.44 0.091173
6 411.12 692.54 614.85 990.13 0.091080
5 0.97 182.83 212.09 513.04 0.091070
3 1330.54 629.58 1398.31 678.56 0.091024
1 875.07 438.98 895.05 470.20 0.090997
1 963.25 920.18 988.51 958.34 0.090828
3 1325.90 629.73 1399.29 702.17 0.090624
3 1122.49 913.20 1166.51 946.70 0.090457
6 548.75 950.82 573.86 981.83 0.090264
3 296.95 300.33 327.74 329.91 0.090233
6 1192.18 115.48 1307.15 293.54 0.090053
4 1307.65 683.40 1359.17 726.71 0.089977
2 441.92 750.60 466.28 783.52 0.089820
3 195.63 234.87 212.24 252.92 0.089819
3 544.53 606.37 584.75 654.41 0.089229
5 647.24 371.97 677.26 414.17 0.089177
5 1308.34 698.22 1358.48 725.59 0.089052
3 662.81 542.95 680.68 561.74 0.089018
5 1308.28 683.39 1358.53 726.07 0.088770
1 1327.11 674.98 1365.22 703.46 0.088350
2 308.25 356.33 349.33 386.47 0.088282
5 460.98 745.16 578.45 983.58 0.087891
1 1167.09 261.14 1182.91 288.60 0.087885
1 636.35 463.52 654.78 490.13 0.087760
4 646.89 371.62 677.35 414.37 0.087732
3 972.23 422.93 1029.43 459.01 0.087558
3 753.16 136.49 1054.87 761.56 0.087448
6 513.28 890.45 545.55 916.34 0.087205
3 467.46 753.07 531.32 878.72 0.086985
3 1169.07 263.09 1181.51 286.30 0.086858
1 1307.20 697.50 1359.84 726.82 0.086753
3 283.72 871.83 334.87 925.66 0.086569
2 974.02 943.29 994.41 971.62 0.086447
4 7.50 1.67 1394.08 1048.27 0.086290
4 57.19 629.02 97.94 661.29 0.085778
3 457.76 5.43 1226.04 1042.83 0.085303
3 307.76 359.70 346.90 389.91 0.085185
1 458.25 794.01 478.84 825.45 0.085156
6 409.45 550.65 618.74 990.02 0.084933
6 916.99 317.25 944.50 351.79 0.084758
4 475.97 655.21 533.19 700.61 0.084746
3 1304.07 226.17 1390.47 254.80 0.084702
3 495.71 486.09 520.11 508.34 0.084476
5 512.84 890.13 545.89 916.84 0.084391
3 681.58 490.46 700.11 517.76 0.084241
2 822.86 904.95 861.54 951.56 0.083992
3 417.03 375.17 436.55 401.69 0.083921
2 963.38 920.08 988.45 957.33 0.083865
2 1328.69 628.23 1397.90 683.27 0.083743
3 548.73 949.76 574.76 983.11 0.083193
2 318.16 888.53 343.72 936.69 0.083150
3 1349.95 668.32 1399.08 687.01 0.082852
3 849.14 444.17 866.12 468.82 0.082597
1 1166.81 261.03 1184.51 288.75 0.082555
4 482.65 864.85 502.09 887.57 0.082485
2 646.82 389.20 670.15 413.65 0.082465
3 410.77 728.47 581.35 987.58 0.082270
3 407.17 754.54 476.71 883.72 0.081922
2 1167.46 261.38 1184.97 288.79 0.081752
4 878.32 440.63 893.17 458.52 0.081600
3 998.29 492.73 1034.30 532.11 0.081291
4 308.29 357.66 348.05 384.72 0.081258
3 1365.21 650.47 1398.99 681.09 0.081097
2 636.30 463.42 654.74 489.76 0.080834
3 476.85 854.64 498.82 883.13 0.080670
1 646.21 370.62 679.28 414.36 0.080402
3 477.93 855.67 496.69 878.08 0.080207
3 308.65 357.82 348.65 383.60 0.080195
6 991.85 227.67 1021.63 256.00 0.079720
4 971.89 422.55 1030.01 458.90 0.079498
1 297.86 300.24 328.29 330.49 0.079341
3 529.84 927.31 558.02 958.24 0.079282
3 408.89 691.95 594.89 1043.27 0.079152
3 1332.67 648.00 1398.34 679.29 0.079111
3 1056.88 739.18 1080.89 774.91 0.079057
6 513.10 891.29 548.94 938.49 0.078799
3 1045.17 752.97 1084.73 777.45 0.078641
3 1244.29 147.71 1265.19 177.69 0.078517
5 1168.61 260.10 1193.65 288.04 0.078145
2 544.04 618.35 579.87 654.25 0.078110
3 929.02 228.98 950.53 251.30 0.077981
3 484.36 868.02 501.16 886.99 0.077956
1 544.25 611.25 583.40 654.92 0.077683
3 418.78 376.68 435.01 398.76 0.077108
5 517.58 869.56 539.97 888.47 0.076990
3 419.92 846.59 451.71 883.09 0.076876
3 1118.94 884.73 1150.72 933.32 0.076825
6 509.03 567.26 582.02 665.11 0.076555
4 534.42 102.03 1081.51 1028.05 0.076487
3 416.47 696.23 588.89 996.95 0.076403
6 283.35 871.25 335.17 925.49 0.076275
6 961.80 920.77 993.13 982.43 0.076178
6 1020.13 139.29 1054.64 171.86 0.076047
2 297.83 300.16 327.98 330.26 0.075838
3 774.04 731.33 816.63 763.46 0.075652
5 282.92 871.54 335.68 926.28 0.075650
3 682.35 504.43 697.79 517.74 0.075616
5 411.33 691.85 611.55 996.96 0.075591
4 917.38 204.27 947.09 230.62 0.075492
5 1020.16 139.18 1054.74 172.20 0.075442
1 877.43 439.10 893.99 461.08 0.075431
2 640.25 524.00 720.57 689.66 0.075239
3 513.55 853.30 539.96 887.69 0.075168
4 475.20 567.16 546.67 698.68 0.074855
3 410.10 750.76 535.66 888.55 0.074706
3 1330.52 651.68 1372.46 678.84 0.074386
3 560.32 66.78 574.86 96.68 0.074287
3 647.04 389.51 669.67 413.76 0.074247
6 288.19 874.90 426.01 1027.66 0.074239
5 465.79 753.79 497.52 813.78 0.074208
3 479.69 513.58 501.05 536.00 0.074031
3 592.79 559.41 623.80 588.41 0.073955
3 646.65 371.06 678.57 414.42 0.073943
3 974.57 944.42 993.28 964.54 0.073881
6 298.02 301.56 326.75 328.24 0.073750
5 559.46 65.26 576.50 97.97 0.073630
5 226.85 360.34 353.82 568.95 0.073559
3 467.06 753.82 498.71 812.99 0.073523
3 441.88 750.44 466.17 783.67 0.073489
6 1303.43 19.68 1353.06 97.01 0.073357
6 477.51 567.31 546.29 677.78 0.073249
3 984.50 422.60 1029.16 447.72 0.073154
3 1334.58 704.50 1358.77 725.32 0.073007
1 316.13 888.35 344.31 937.26 0.072786
6 517.78 869.92 539.54 888.17 0.072573
2 638.31 463.76 721.01 691.46 0.072374
3 1167.29 261.54 1182.73 287.91 0.072253
1 607.96 125.63 1059.56 1045.25 0.072152
3 559.87 66.01 575.60 97.27 0.072083
3 452.86 96.22 1081.90 1036.53 0.071980
2 661.27 420.26 679.02 446.93 0.071722
6 528.46 112.28 1076.00 1006.26 0.071509
2 440.67 747.72 580.96 984.99 0.071312
5 681.52 490.07 700.35 517.80 0.071179
6 1007.14 180.69 1043.64 217.70 0.071130
3 318.25 891.01 342.72 935.09 0.071047
4 239.54 262.79 266.01 285.80 0.070843
3 1387.86 650.17 1399.76 673.76 0.070777
4 953.17 376.63 975.70 396.71 0.070746
5 467.41 754.00 493.85 794.48 0.070625
2 1327.72 674.96 1363.97 703.03 0.070607
3 0.84 186.27 211.74 581.12 0.070530
3 58.49 642.08 81.45 660.28 0.070503
3 1330.14 650.50 1374.38 679.04 0.070472
2 767.96 706.56 817.57 760.04 0.070451
3 1374.03 669.81 1399.81 683.68 0.070418
3 419.62 803.39 455.15 883.17 0.070376
5 695.47 638.92 717.71 686.72 0.070268
1 528.00 927.67 558.32 960.73 0.070196
4 466.55 6.56 1234.04 1038.04 0.070138
3 999.96 78.34 1052.60 115.73 0.070077
6 79.84 479.74 120.45 548.54 0.070041
1 1334.15 704.28 1360.53 726.95 0.069902
5 75.26 478.96 121.78 634.84 0.069629
2 516.85 868.22 540.70 889.56 0.069509
3 481.59 802.65 576.24 981.81 0.069481
1 504.77 485.61 523.66 510.53 0.069287
5 0.61 256.67 164.76 565.72 0.069028
4 430.04 549.50 511.19 639.51 0.069026
3 878.63 440.95 892.68 458.85 0.068759
6 0.92 182.57 212.30 548.53 0.068745
4 701.14 638.56 716.85 658.86 0.068627
2 677.74 458.58 700.27 482.16 0.068473
1 1122.83 913.55 1166.86 947.47 0.068405
3 513.06 891.13 549.27 938.16 0.068393
2 1121.87 924.02 1143.35 945.94 0.068073
2 877.46 438.65 894.01 459.87 0.068050
4 466.59 753.62 499.73 813.39 0.067886
4 411.06 694.26 579.76 985.70 0.067784
6 58.41 640.81 82.34 660.87 0.067699
3 1383.09 650.27 1399.78 678.57 0.067672
4 512.10 888.22 564.33 962.06 0.067599
1 646.88 389.16 670.08 413.94 0.067542
5 60.73 180.81 212.73 309.99 0.067291
3 270.47 491.43 316.25 532.60 0.067223
5 298.02 301.30 326.96 328.47 0.067177
3 1324.47 676.93 1362.34 702.75 0.066993
2 139.57 3.50 1387.12 1045.81 0.066923
6 1307.91 683.40 1359.07 725.87 0.066787
2 847.60 437.05 895.34 474.03 0.066700
5 358.42 507.20 376.82 536.87 0.066667
1 641.67 525.71 683.78 607.19 0.066463
1 714.72 755.83 740.95 785.26 0.066421
2 496.97 474.04 542.51 515.33 0.066386
3 681.23 449.12 739.75 491.35 0.066243
6 57.78 479.54 120.88 659.13 0.066048
3 73.69 405.67 102.47 433.73 0.065937
3 1022.54 139.82 1054.30 170.15 0.065919
2 321.93 357.36 348.47 382.63 0.065804
3 358.59 507.50 376.60 536.29 0.065393
6 507.16 724.05 619.93 978.41 0.065360
2 606.51 115.16 1063.93 1043.97 0.065359
3 408.64 549.39 620.92 1044.75 0.065309
3 1015.16 494.61 1034.55 515.93 0.065285
6 312.29 200.93 678.99 418.18 0.065124
6 227.03 360.57 361.94 570.57 0.065073
3 972.71 944.55 993.19 977.37 0.065056
5 476.49 854.63 499.48 885.02 0.065046
5 58.22 640.77 82.22 661.01 0.064708
3 0.53 265.99 157.79 577.94 0.064646
2 1042.85 739.39 1070.40 774.08 0.064611
3 1133.70 915.23 1166.73 946.13 0.064495
3 57.73 629.25 96.70 660.82 0.064490
6 972.20 944.22 993.58 975.59 0.064388
1 1329.75 650.36 1373.14 679.63 0.064361
3 1016.11 396.41 1033.80 418.32 0.064224
1 513.40 906.87 545.14 939.67 0.064204
2 1129.78 914.57 1166.67 946.97 0.064011
5 79.56 479.53 120.58 548.52 0.063879
4 971.98 433.15 997.61 458.09 0.063862
6 60.60 180.30 212.64 310.57 0.063658
1 289.87 875.21 427.32 1028.68 0.063587
3 701.34 638.82 716.55 658.94 0.063381
1 516.79 868.09 540.82 889.69 0.063377
2 636.44 421.72 677.86 489.70 0.063205
6 170.47 -0.21 644.69 278.76 0.063174
6 681.83 490.33 700.18 517.45 0.063112
3 643.17 577.26 657.76 604.07 0.063090
3 972.98 943.99 993.54 973.04 0.063034
4 1020.28 153.19 1042.16 172.16 0.063012
4 1303.80 19.74 1353.13 97.47 0.062997
4 681.27 490.23 700.51 518.49 0.062949
4 1124.21 914.71 1165.98 945.59 0.062949
1 974.03 943.24 994.93 970.42 0.062858
6 1168.70 259.43 1193.88 287.90 0.062543
5 69.25 328.22 127.08 395.47 0.062436
2 603.42 -0.10 621.05 28.95 0.062434
3 418.78 376.65 435.25 397.24 0.062353
5 972.63 433.18 997.78 458.43 0.062324
5 311.42 201.58 683.18 433.75 0.062269
1 663.38 372.58 679.85 400.18 0.061845
6 1334.93 705.84 1358.92 725.30 0.061777
6 930.97 442.97 959.48 475.79 0.061747
5 476.71 855.46 501.99 887.84 0.061719
4 466.98 753.09 531.62 879.46 0.061711
3 458.80 794.59 478.18 824.49 0.061582
3 953.59 376.80 975.32 396.55 0.061124
6 458.51 102.56 1086.10 995.60 0.061046
2 953.59 626.58 1397.59 990.33 0.061016
3 930.78 442.98 959.34 475.71 0.060996
3 974.81 944.58 993.00 963.30 0.060876
5 878.57 441.13 892.70 459.21 0.060855
3 409.26 550.43 594.18 991.70 0.060822
3 371.50 963.33 386.33 978.93 0.060611
3 1000.43 512.59 1018.61 529.87 0.060523
2 662.29 371.80 679.73 399.64 0.060436
2 458.15 792.34 479.03 824.76 0.060419
5 505.90 723.76 619.88 976.98 0.060249
3 1191.89 116.04 1306.36 293.43 0.060201
5 411.61 692.56 580.72 985.50 0.060168
1 441.04 747.05 579.38 984.57 0.060034
3 481.52 862.35 502.06 887.41 0.059965
1 1121.24 923.90 1143.36 946.33 0.059958
5 461.58 567.51 546.96 666.67 0.059926
4 681.90 502.94 698.74 517.55 0.059912
3 873.67 440.51 892.87 470.49 0.059566
4 638.28 464.78 652.66 480.02 0.059553
5 973.61 944.08 993.61 966.88 0.059437
4 409.39 550.86 613.01 1042.70 0.059351
3 603.68 -0.10 620.10 27.15 0.059298
4 1334.32 704.35 1358.91 725.75 0.059272
3 519.68 475.87 541.81 515.86 0.059260
4 1168.59 262.60 1184.83 286.39 0.059253
4 426.92 705.84 604.37 1045.18 0.059193
6 5.79 1.07 1395.18 1049.76 0.059128
5 512.53 890.92 548.85 938.35 0.059108
3 480.53 515.58 499.93 534.23 0.058961
6 0.82 266.43 156.77 516.02 0.058931
5 701.18 638.64 716.77 659.69 0.058868
3 557.73 622.55 577.74 643.96 0.058689
2 1167.24 229.06 1227.59 290.37 0.058426
1 743.09 691.42 762.10 721.12 0.058137
3 238.14 262.45 266.70 286.76 0.058000
3 32.57 452.36 71.21 492.60 0.057868
2 744.34 130.76 1056.97 761.44 0.057838
2 1015.02 395.18 1035.30 419.89 0.057813
1 726.47 470.63 742.79 493.60 0.057666
4 559.37 65.60 576.01 97.74 0.057556
1 238.19 262.01 267.20 287.50 0.057493
4 1015.87 396.70 1034.08 416.95 0.057473
6 1000.31 78.25 1052.74 117.11 0.057439
3 682.03 502.96 698.38 517.30 0.057356
3 641.61 525.33 683.61 607.15 0.057293
4 1307.76 699.31 1344.02 720.25 0.057060
6 560.22 65.17 575.76 97.29 0.057013
5 1192.17 115.72 1307.01 293.12 0.056903
3 310.87 356.66 348.61 383.50 0.056867
4 934.21 399.05 950.24 413.80 0.056811
1 773.69 707.10 816.54 740.08 0.056590
4 357.50 507.28 377.05 537.21 0.056573
3 849.77 445.67 865.30 467.90 0.056516
3 1189.37 230.70 1291.30 294.88 0.056504
5 1000.25 78.16 1053.16 117.96 0.056483
3 512.66 888.95 576.08 982.41 0.056442
1 320.76 357.14 347.89 383.18 0.056237
3 1136.03 916.07 1165.75 944.65 0.056231
1 511.90 891.73 549.72 939.80 0.056166
3 544.74 559.10 624.18 654.16 0.056145
1 478.44 472.69 543.95 537.58 0.056129
4 1314.35 978.19 1398.16 1049.24 0.056080
3 1121.01 923.47 1143.02 945.74 0.055939
3 512.92 899.93 523.39 914.90 0.055909
5 595.70 -0.61 1395.84 1047.76 0.055883
4 495.54 485.48 520.58 507.86 0.055873
2 846.59 2.64 1396.54 1047.24 0.055864
4 925.80 399.24 950.78 431.58 0.055791
4 964.32 920.71 988.29 954.32 0.055735
5 408.89 548.71 616.32 991.90 0.055713
4 508.12 566.73 582.32 665.59 0.055688
3 863.29 -0.02 1398.31 1046.83 0.055673
3 75.95 479.31 121.63 634.09 0.055610
3 325.65 914.27 388.66 983.52 0.055489
1 441.89 750.79 487.49 824.46 0.055435
2 640.80 488.39 703.10 608.09 0.055434
6 1344.18 0.62 1373.51 28.24 0.055432
4 1145.86 59.30 1192.53 90.09 0.055423
3 513.55 894.93 548.32 938.21 0.055423
3 227.68 359.41 361.69 566.96 0.055207
5 824.33 906.10 841.74 944.31 0.055191
2 1334.51 704.59 1360.31 726.48 0.055157
3 360.39 508.22 375.72 535.13 0.055155
1 641.19 524.22 719.81 689.36 0.055151
3 1372.37 630.34 1393.91 650.23 0.055140
4 1372.18 629.88 1392.84 649.70 0.055136
1 546.26 619.67 578.90 652.37 0.055087
1 1365.90 628.90 1398.70 679.20 0.054973
4 849.51 445.57 865.96 468.31 0.054966
3 513.32 892.74 542.08 916.65 0.054926
6 701.65 638.84 716.66 658.80 0.054687
3 964.36 920.91 987.88 953.80 0.054660
2 726.72 470.45 742.45 493.45 0.054620
2 307.66 362.31 329.34 385.82 0.054533
5 747.79 157.12 1051.26 763.31 0.054407
4 1135.74 915.92 1166.21 944.85 0.054351
1 767.16 722.26 784.68 754.64 0.054312
5 1302.92 19.43 1352.81 97.41 0.054297
3 676.54 458.69 700.53 481.76 0.054272
4 1000.12 424.50 1029.43 446.65 0.054257
3 1169.68 231.61 1225.91 287.96 0.054137
2 307.06 356.05 350.60 402.79 0.054105
3 957.95 626.68 1398.76 985.95 0.054103
3 1303.01 19.42 1353.31 96.83 0.053959
3 478.22 656.82 530.61 701.78 0.053919
3 1332.15 650.82 1371.54 676.23 0.053915
6 1325.29 675.49 1364.45 702.55 0.053708
3 1307.91 699.13 1342.42 719.97 0.053665
6 57.81 630.91 93.12 660.99 0.053629
1 677.47 458.74 700.01 482.31 0.053622
3 516.98 854.10 540.08 887.92 0.053563
4 1016.39 495.99 1034.37 514.57 0.053540
3 901.82 316.95 945.00 355.26 0.053532
3 640.97 525.01 719.43 688.95 0.053461
4 636.92 464.88 654.04 488.61 0.053444
4 418.61 376.12 435.71 397.01 0.053440
5 512.43 890.31 561.98 960.59 0.053435
1 603.11 -0.11 621.10 28.78 0.053392
3 877.86 439.92 893.07 459.94 0.053380
2 441.71 750.52 485.63 824.31 0.053328
3 636.89 463.86 654.20 488.43 0.053299
3 439.44 625.83 511.87 655.18 0.053296
3 926.30 399.38 950.51 431.08 0.053296
3 743.35 691.71 761.24 720.59 0.053208
3 80.09 480.09 120.07 547.34 0.053107
3 972.31 433.22 997.55 458.03 0.053073
6 1313.08 978.29 1398.25 1049.54 0.053042
5 409.13 631.08 547.07 736.82 0.052997
5 463.43 654.10 547.67 730.51 0.052976
1 1134.52 915.19 1167.13 946.76 0.052810
3 715.71 757.00 739.80 783.85 0.052779
5 465.71 752.88 531.69 878.88 0.052721
4 925.85 412.97 943.77 431.28 0.052664
4 512.36 890.70 548.84 938.50 0.052597
5 849.77 445.11 865.84 467.97 0.052568
3 710.10 135.57 1062.26 777.12 0.052514
3 535.72 1.66 1373.73 1043.36 0.052359
6 1124.19 914.58 1165.75 945.29 0.052290
3 849.25 439.11 894.03 469.73 0.052241
4 1000.16 512.53 1019.12 529.92 0.052205
4 849.01 438.89 894.63 469.76 0.052188
3 1016.17 396.85 1033.98 416.98 0.052065
5 917.66 204.38 946.86 230.81 0.052061
1 959.84 944.62 978.16 983.92 0.051913
2 484.27 786.38 507.48 820.22 0.051881
1 1015.09 395.07 1035.55 420.97 0.051811
3 317.54 889.57 344.09 936.64 0.051760
6 477.27 854.78 496.63 878.63 0.051720
6 411.28 692.23 571.64 979.16 0.051706
6 461.14 6.57 1254.16 1024.00 0.051569
3 1145.07 59.17 1193.01 90.74 0.051448
3 669.32 473.37 682.72 486.59 0.051303
3 466.71 749.16 581.24 984.75 0.051286
4 516.19 853.41 540.06 887.91 0.051222
4 0.75 184.67 212.30 580.87 0.051194
6 476.81 855.37 501.80 886.92 0.051188
3 1288.61 978.75 1351.54 1046.22 0.051188
3 1056.72 737.75 1082.94 775.68 0.051157
6 868.87 0.37 1398.38 1046.26 0.051138
3 772.20 728.83 816.71 763.29 0.051080
1 482.39 837.14 499.23 864.00 0.051041
4 549.09 621.32 579.38 649.62 0.051032
2 972.62 420.45 1030.78 458.38 0.051030
4 913.77 109.49 931.89 125.97 0.050992
1 646.63 389.26 668.80 412.74 0.050976
3 1020.95 150.91 1041.52 170.85 0.050941
3 1384.46 649.53 1399.50 678.57 0.050937
3 312.37 201.92 678.58 422.23 0.050934
2 290.46 875.87 427.01 1027.89 0.050904
4 1004.11 138.69 1055.62 217.89 0.050866
4 1287.35 977.40 1354.12 1046.78 0.050833
5 972.28 422.70 1029.37 459.03 0.050821
3 1057.45 754.96 1082.13 775.02 0.050668
4 227.00 359.83 355.08 567.04 0.050656
3 1173.10 1.24 1371.29 291.05 0.050624
3 3.60 188.60 668.57 1044.89 0.050595
4 695.46 638.84 717.87 686.79 0.050573
3 517.23 868.65 540.36 889.15 0.050543
5 464.47 100.75 1092.45 995.71 0.050540
3 1167.48 261.63 1183.97 287.95 0.050319
3 1003.26 139.00 1055.26 217.28 0.050268
3 326.51 962.73 387.48 983.38 0.050089
3 960.40 945.50 979.95 983.27 0.050087
6 974.57 944.39 993.17 964.50 0.050064
2 571.39 598.43 586.87 627.61 0.049995
3 1167.12 228.73 1227.32 290.28 0.049932
1 1166.90 228.57 1227.68 290.21 0.049867
1 571.24 596.55 586.72 623.98 0.049859
2 270.24 490.36 318.24 534.10 0.049783
3 1371.43 629.33 1394.65 650.45 0.049746
3 1273.85 534.34 1315.31 637.16 0.049698
4 1142.96 197.52 1162.54 216.19 0.049646
4 662.26 422.22 678.72 443.54 0.049635
3 604.05 -0.10 620.95 28.27 0.049610
2 1329.84 650.51 1372.41 679.16 0.049421
6 1358.45 630.06 1374.28 652.51 0.049406
3 637.76 437.66 670.30 486.08 0.049377
4 1324.86 674.82 1364.17 703.19 0.049371
3 0.25 498.36 36.80 542.28 0.049363
2 273.99 321.15 550.67 572.61 0.049295
4 257.96 487.94 318.75 531.95 0.049181
3 938.76 0.13 1397.30 1045.87 0.049022
4 930.62 442.86 959.63 475.64 0.048973
3 1146.81 485.12 1171.70 506.46 0.048947
1 308.98 356.50 350.14 404.35 0.048917
4 1343.77 1.41 1370.95 28.24 0.048825
2 505.17 485.23 523.79 509.53 0.048824
3 874.37 439.19 894.50 471.14 0.048715
6 1146.10 59.86 1191.88 89.78 0.048656
6 239.89 263.29 265.68 285.45 0.048585
1 515.21 853.28 540.09 889.11 0.048583
5 309.09 357.70 347.30 383.54 0.048544
3 1179.23 263.85 1192.98 285.85 0.048506
3 58.73 400.54 120.96 470.37 0.048503
1 636.23 424.29 676.33 490.07 0.048386
2 843.83 620.98 1396.99 1037.39 0.048369
5 185.07 1.97 1386.03 1046.01 0.048195
4 512.94 891.03 562.13 959.60 0.048027
3 1166.84 228.26 1206.24 289.47 0.047866
3 1275.66 535.13 1314.25 636.14 0.047842
3 308.22 365.58 327.85 384.69 0.047831
5 844.60 912.65 860.05 949.17 0.047792
5 1224.47 12.59 1356.85 249.66 0.047772
5 998.82 497.27 1020.03 530.29 0.047764
5 964.64 920.84 988.05 954.19 0.047718
4 409.72 552.43 595.55 993.38 0.047662
3 934.24 399.05 949.69 413.20 0.047644
2 475.06 461.67 722.70 692.05 0.047595
6 1308.10 699.24 1343.23 720.10 0.047433
3 767.55 722.43 783.83 753.95 0.047410
3 827.53 930.80 839.20 944.02 0.047346
3 1344.24 1.22 1372.66 28.15 0.047338
5 281.23 700.75 598.51 1044.58 0.047289
5 773.65 731.14 817.01 763.67 0.047271
6 773.60 729.71 816.51 763.07 0.047247
4 683.67 448.82 740.15 491.92 0.047206
5 497.47 506.21 573.60 599.33 0.047185
4 1120.58 884.39 1149.67 924.84 0.047183
5 511.98 889.24 574.47 981.90 0.047158
5 1312.30 977.05 1398.45 1049.18 0.047115
3 285.25 706.43 604.72 1045.04 0.047082
6 359.40 507.36 376.67 535.94 0.047076
3 410.73 690.74 484.25 735.98 0.047060
3 1016.50 496.03 1034.20 514.38 0.046955
4 1357.81 629.72 1374.36 653.60 0.046950
4 715.62 756.84 739.99 783.97 0.046903
4 940.03 278.66 963.25 297.10 0.046899
6 1228.56 115.92 1304.32 247.75 0.046839
2 460.86 37.18 1208.89 1044.81 0.046830
5 435.18 14.36 1223.15 1043.12 0.046750
3 1306.07 698.37 1333.28 718.99 0.046721
3 170.56 -0.28 644.12 277.31 0.046669
6 1304.09 0.45 1376.59 97.09 0.046661
1 7.37 3.60 1391.07 1047.88 0.046638
3 1222.15 11.44 1357.17 249.58 0.046604
6 878.58 441.08 892.19 458.51 0.046592
4 917.78 -0.72 1397.81 1046.23 0.046584
5 957.43 462.27 982.98 489.80 0.046474
4 584.82 1.80 1390.91 1044.93 0.046444
3 479.98 515.06 500.33 534.70 0.046433
5 1030.42 477.86 1056.22 504.84 0.046353
2 833.84 624.64 1397.66 995.66 0.046349
3 954.04 377.14 974.13 396.43 0.046307
1 1288.70 933.90 1397.82 1048.23 0.046285
3 188.29 2.37 1383.05 1044.83 0.046233
3 643.98 588.73 656.44 604.60 0.046190
6 758.46 142.43 1052.05 759.09 0.045930
3 1306.82 700.60 1317.95 716.60 0.045924
6 680.81 448.88 739.84 491.80 0.045918
2 767.60 721.97 784.10 754.29 0.045916
2 493.59 483.47 512.10 503.98 0.045851
6 1226.61 15.35 1355.89 248.51 0.045849
4 292.09 8.23 1230.44 1040.99 0.045839
3 410.62 691.43 490.85 736.50 0.045722
3 508.75 567.04 581.84 664.52 0.045720
2 19.12 221.88 824.80 1044.08 0.045680
3 1302.47 225.24 1391.41 255.61 0.045678
6 471.42 -0.26 644.67 235.48 0.045485
4 194.84 233.06 212.99 253.60 0.045430
6 59.85 399.43 121.89 471.80 0.045425
5 1168.70 262.52 1184.94 286.57 0.045421
5 239.65 262.90 265.99 285.83 0.045385
4 1302.92 225.83 1389.94 255.28 0.045374
4 0.70 267.19 154.16 575.83 0.045351
1 307.83 361.30 329.77 386.04 0.045340
4 1288.94 116.98 1302.89 130.69 0.045265
2 978.47 420.79 1030.68 451.28 0.045187
6 1135.58 915.94 1165.89 944.71 0.045143
2 238.36 262.00 267.06 287.14 0.045109
6 0.39 263.94 157.05 574.68 0.044976
3 195.16 233.39 212.62 253.21 0.044967
3 1328.57 669.56 1398.26 702.06 0.044957
3 589.89 976.91 632.68 1026.65 0.044829
1 482.12 857.62 502.71 889.47 0.044815
5 636.95 464.92 653.52 488.57 0.044803
4 308.30 364.91 327.69 382.59 0.044795
3 1313.36 978.51 1397.88 1049.28 0.044668
2 21.53 193.60 1383.94 1042.47 0.044637
6 476.45 655.54 506.55 698.35 0.044561
4 588.78 976.40 632.61 1027.56 0.044446
2 25.52 121.76 1380.44 1042.77 0.044409
6 308.99 357.94 347.52 384.27 0.044369
3 916.37 143.68 1047.76 231.54 0.044268
1 484.89 787.20 504.99 818.75 0.044134
5 57.28 632.06 90.28 661.66 0.043975
1 717.45 139.07 1058.60 774.31 0.043945
6 408.91 629.94 498.84 736.11 0.043898
4 853.82 0.83 1397.33 1046.55 0.043826
3 495.20 474.31 540.71 510.36 0.043802
3 1363.44 648.74 1398.30 681.89 0.043793
3 823.14 905.19 861.07 951.17 0.043756
5 1125.26 914.87 1165.89 945.50 0.043737
4 410.39 691.13 490.70 736.65 0.043720
3 258.73 488.78 318.06 532.74 0.043552
3 73.55 400.22 120.90 433.32 0.043550
4 1191.38 115.79 1307.26 292.10 0.043435
4 73.37 399.65 121.48 433.26 0.043392
3 514.31 899.18 558.86 941.67 0.043307
2 1200.08 316.56 1388.55 419.38 0.043304
2 971.49 428.83 998.10 459.52 0.043241
3 1000.95 97.65 1087.24 218.49 0.043226
2 512.87 894.56 547.86 938.27 0.043215
5 953.43 376.70 975.43 396.84 0.043205
3 474.66 654.86 534.78 703.47 0.043201
4 298.14 105.10 1083.28 1036.05 0.043177
5 662.88 422.55 678.81 442.10 0.043163
2 583.44 977.49 611.91 1030.36 0.043090
3 1364.28 654.72 1376.81 680.18 0.043062
3 1372.01 630.60 1393.65 649.26 0.042959
3 514.11 907.18 544.14 938.94 0.042959
3 0.31 364.77 149.10 581.90 0.042880
3 544.03 564.01 601.35 654.09 0.042874
4 512.52 898.76 524.62 914.95 0.042870
4 1056.80 754.43 1081.15 775.32 0.042870
3 510.45 852.73 531.83 877.63 0.042771
4 449.00 783.55 469.09 802.68 0.042729
3 1028.89 741.72 1085.14 895.37 0.042682
5 660.30 526.85 682.56 576.16 0.042635
1 771.98 730.01 817.85 765.01 0.042613
3 960.34 947.33 977.67 983.37 0.042546
3 323.46 359.06 347.91 379.94 0.042542
4 937.72 87.42 952.35 104.99 0.042413
3 1139.85 917.18 1165.56 943.92 0.042410
4 270.00 3.22 1388.23 1045.22 0.042362
3 294.01 76.05 1100.87 1039.41 0.042351
3 556.86 566.75 599.31 601.00 0.042260
3 1357.77 629.81 1373.77 653.47 0.042253
3 371.76 917.42 383.37 931.18 0.042219
1 471.09 97.57 1085.63 1036.73 0.042154
5 1020.19 152.97 1041.78 171.92 0.042141
3 544.45 638.72 556.87 653.91 0.042131
4 482.55 807.40 576.72 983.12 0.042095
3 535.61 902.28 556.26 925.66 0.041986
3 958.16 734.40 1165.97 985.38 0.041981
5 1358.21 629.78 1374.18 653.67 0.041891
2 301.74 347.41 548.29 545.39 0.041841
4 494.90 475.51 540.76 510.14 0.041832
5 933.90 398.59 949.78 413.81 0.041829
5 643.31 576.88 658.92 604.49 0.041814
3 595.01 163.39 610.43 182.97 0.041568
3 595.94 164.30 609.25 181.73 0.041540
2 349.52 470.69 546.76 562.26 0.041534
3 1142.86 197.60 1162.12 216.05 0.041495
3 322.80 918.07 343.65 935.29 0.041481
6 0.80 179.12 212.66 650.36 0.041438
3 714.83 756.21 740.55 784.83 0.041409
1 1056.47 737.29 1075.81 761.57 0.041409
3 660.59 527.16 682.27 575.72 0.041408
4 479.67 514.68 500.77 534.97 0.041384
3 926.34 412.70 943.72 430.79 0.041368
5 57.48 629.29 97.68 661.52 0.041357
1 659.07 371.20 679.43 398.50 0.041329
5 418.71 376.39 435.64 397.11 0.041324
3 487.65 792.79 505.61 816.00 0.041302
3 6.33 992.05 22.92 1009.02 0.041148
3 449.22 783.90 468.67 802.10 0.041148
6 512.67 890.51 563.04 960.77 0.041140
2 1009.38 425.34 1029.60 447.70 0.041129
5 940.52 279.01 964.89 356.98 0.041092
3 256.68 5.25 1245.01 1044.58 0.040975
6 1120.90 884.43 1149.48 922.82 0.040924
3 588.99 565.82 603.13 589.32 0.040882
3 878.80 440.71 891.82 457.88 0.040835
5 1145.82 59.27 1192.31 90.28 0.040764
1 1371.64 628.84 1394.10 650.25 0.040688
3 846.97 937.38 857.95 949.42 0.040654
3 608.56 560.13 624.05 573.58 0.040646
4 1243.29 147.69 1265.05 179.16 0.040589
4 929.05 228.70 951.49 252.18 0.040561
3 327.53 968.05 341.65 982.21 0.040494
3 289.55 721.26 590.40 1030.48 0.040489
3 188.56 234.16 212.46 276.86 0.040445
3 451.14 568.25 545.97 665.05 0.040430
4 660.53 525.16 682.25 563.02 0.040347
3 660.34 371.41 679.21 399.62 0.040327
2 972.92 395.18 1037.35 459.56 0.040297
4 1146.12 484.83 1172.51 506.71 0.040296
4 464.26 714.77 486.22 732.73 0.040284
5 926.07 398.59 950.47 430.97 0.040257
4 555.30 570.39 574.24 596.86 0.040105
3 999.20 424.90 1028.89 446.09 0.040100
2 1019.57 137.07 1055.30 172.37 0.040067
6 419.16 376.73 435.38 396.34 0.040060
3 409.37 633.33 490.32 735.59 0.040011
3 1330.50 630.35 1344.48 663.58 0.040010
1 960.51 946.59 983.20 984.63 0.039925
3 505.79 489.54 522.01 509.49 0.039905
6 585.17 -0.25 1395.27 1047.87 0.039887
4 323.74 359.11 346.08 380.07 0.039788
4 999.55 90.73 1026.16 112.03 0.039765
6 442.84 751.28 477.65 821.47 0.039730
5 1134.87 916.08 1166.13 944.92 0.039710
3 1361.69 652.94 1378.17 681.47 0.039701
4 318.43 889.74 342.86 935.22 0.039677
3 1020.46 152.26 1041.53 171.09 0.039655
3 519.95 478.08 540.55 515.07 0.039649
2 529.03 928.42 554.78 959.52 0.039642
3 1287.49 977.47 1354.56 1046.53 0.039621
2 952.21 375.81 975.42 399.47 0.039602
2 642.85 127.43 1064.73 781.35 0.039488
4 1030.52 477.82 1056.53 504.69 0.039462
6 410.42 690.99 504.26 738.78 0.039448
3 308.15 345.16 375.88 387.63 0.039408
2 1302.31 224.90 1390.89 256.19 0.039407
4 636.90 373.69 702.53 494.45 0.039365
1 847.77 437.27 895.49 473.06 0.039359
3 1017.27 497.56 1033.90 514.60 0.039350
3 1372.15 649.68 1399.94 679.81 0.039348
3 571.40 598.17 586.67 628.09 0.039296
3 322.63 357.73 347.17 381.27 0.039225
6 512.44 889.19 576.40 982.23 0.039187
3 407.92 761.48 471.64 823.96 0.039083
1 957.55 735.19 1164.62 986.36 0.039062
5 298.52 106.12 1069.27 1038.85 0.039061
1 964.26 920.51 988.48 950.41 0.039053
3 1329.68 654.09 1398.79 701.52 0.039015
3 0.27 498.11 38.00 544.42 0.038979
6 663.04 422.94 678.73 443.15 0.038962
6 1372.31 630.54 1392.25 649.83 0.038933
6 964.64 920.96 987.78 954.45 0.038830
3 1007.03 139.99 1054.28 198.27 0.038815
6 542.24 423.85 677.17 653.73 0.038797
3 442.40 751.48 477.55 821.64 0.038768
1 1186.33 227.25 1206.26 262.49 0.038705
4 1303.84 0.85 1375.36 97.65 0.038646
1 1301.94 225.00 1391.15 256.30 0.038630
4 312.38 202.53 678.31 420.19 0.038591
1 594.42 162.96 610.93 183.43 0.038464
1 507.85 11.32 1212.08 1042.97 0.038453
6 637.60 465.04 653.47 487.43 0.038428
2 482.90 836.70 498.76 861.05 0.038404
3 810.09 0.42 1397.43 1046.81 0.038399
5 1015.73 495.63 1034.28 514.68 0.038395
6 171.33 0.57 680.26 421.82 0.038352
3 1010.44 427.54 1028.52 445.50 0.038245
5 679.78 448.63 740.14 491.88 0.038230
1 1380.99 648.85 1399.04 679.86 0.038215
3 542.97 423.48 677.38 653.20 0.038192
6 849.62 445.28 865.79 467.93 0.038146
5 925.77 411.08 944.09 431.03 0.038131
1 122.00 275.05 551.54 580.65 0.038111
3 479.61 471.76 542.62 535.96 0.038038
5 3.76 181.06 621.42 1046.51 0.038035
2 57.06 640.59 82.83 662.26 0.037837
3 739.40 3.20 1222.00 765.77 0.037804
3 845.06 913.19 859.51 949.23 0.037800
1 667.28 471.79 683.79 488.86 0.037749
3 494.72 473.18 541.94 519.46 0.037670
4 536.13 902.18 555.94 925.20 0.037559
3 36.49 6.51 1256.61 1047.77 0.037535
3 62.40 182.21 212.32 309.89 0.037531
6 682.11 502.58 698.56 517.20 0.037515
3 -0.01 533.56 13.99 579.05 0.037479
3 437.54 567.06 545.32 662.87 0.037432
4 79.53 480.03 120.48 547.64 0.037413
4 676.42 459.71 699.23 481.27 0.037383
2 1056.01 737.59 1076.45 764.56 0.037361
3 1366.14 629.33 1398.99 678.32 0.037359
5 1302.30 225.65 1389.86 255.43 0.037327
1 455.68 755.74 488.96 820.04 0.037313
2 619.84 2.50 1391.06 1045.64 0.037312
4 543.35 422.06 678.86 652.91 0.037296
5 849.02 438.42 894.42 469.75 0.037257
3 1015.46 395.84 1034.83 419.23 0.037211
2 324.06 913.55 393.54 985.73 0.037198
2 584.61 561.26 603.31 591.73 0.037194
5 914.14 109.72 931.72 125.75 0.037168
3 1285.51 17.22 1353.15 130.01 0.037078
6 423.88 64.93 1103.74 1043.49 0.037047
3 675.91 458.76 698.80 481.32 0.037034
4 97.05 400.06 122.03 427.18 0.037010
2 1366.97 628.92 1399.00 678.68 0.036979
4 600.64 1011.86 621.74 1027.60 0.036911
1 510.59 171.67 574.80 256.24 0.036852
3 914.24 109.95 931.27 125.61 0.036850
3 1375.58 226.44 1390.74 239.61 0.036832
6 550.02 621.22 578.82 648.33 0.036755
3 661.95 527.25 680.31 557.21 0.036737
3 1324.64 920.84 1343.14 949.55 0.036732
4 925.41 376.28 975.60 432.02 0.036695
5 306.84 358.01 348.46 400.22 0.036664
4 998.55 497.39 1020.41 530.57 0.036604
1 607.17 559.17 625.85 575.54 0.036604
3 824.45 906.28 841.45 944.05 0.036601
3 1243.25 147.91 1264.50 179.19 0.036592
2 957.98 881.84 1164.59 986.71 0.036505
1 320.38 357.28 349.34 404.68 0.036244
6 75.88 443.62 350.31 637.64 0.036239
4 1304.84 58.19 1334.88 97.04 0.036229
4 997.84 492.45 1034.74 531.76 0.036224
3 285.68 875.73 341.37 936.08 0.036186
3 471.23 -0.35 643.27 237.71 0.036178
3 409.97 691.15 535.16 886.70 0.036173
4 62.17 182.10 212.69 308.96 0.036171
5 1308.08 699.04 1343.50 719.88 0.036150
3 1030.86 477.96 1056.21 504.23 0.036045
1 1365.16 646.97 1398.98 681.42 0.036029
3 71.62 330.66 124.82 390.35 0.035998
3 848.22 437.85 894.61 472.56 0.035988
1 585.55 561.22 604.22 591.38 0.035972
4 956.89 462.23 983.38 489.22 0.035952
4 285.93 715.22 590.11 1037.34 0.035921
3 516.90 852.23 531.60 872.27 0.035888
2 512.10 891.60 561.67 955.70 0.035885
1 1008.88 425.39 1029.61 448.21 0.035881
2 122.54 277.98 551.22 578.65 0.035870
6 1057.17 755.28 1081.92 775.09 0.035762
5 408.57 630.41 491.32 734.14 0.035741
3 1342.60 675.86 1365.76 693.21 0.035717
4 1026.64 78.33 1053.45 104.59 0.035593
3 926.18 398.27 949.37 430.83 0.035549
1 193.55 231.19 214.29 254.86 0.035454
4 994.24 191.25 1011.08 209.78 0.035420
3 602.93 8.36 1225.63 1046.74 0.035363
1 971.55 420.22 1030.22 458.93 0.035356
3 408.39 566.43 604.51 1041.88 0.035342
3 537.46 901.77 555.45 924.66 0.035339
2 667.72 470.99 684.81 488.69 0.035323
4 442.16 750.61 477.93 822.00 0.035257
5 403.86 41.37 1145.70 1034.43 0.035248
2 352.47 473.28 544.03 541.87 0.035227
5 715.54 756.58 739.90 784.03 0.035218
4 58.50 400.15 121.69 471.40 0.035179
3 307.35 356.51 349.78 401.73 0.035179
6 1304.87 56.95 1336.01 96.49 0.035172
5 696.26 654.93 715.15 685.77 0.035118
5 1288.67 116.93 1302.71 130.90 0.035118
3 120.65 279.15 551.21 585.24 0.035115
5 1005.28 138.86 1055.12 218.03 0.035101
3 662.07 543.57 680.15 577.04 0.035069
2 451.63 103.72 1078.74 1026.25 0.035059
3 1000.59 79.09 1051.60 113.98 0.035009
3 529.21 928.55 554.72 959.41 0.035006
6 973.06 432.44 997.43 458.02 0.034912
4 940.30 278.80 964.62 357.00 0.034866
6 1000.30 98.42 1086.28 218.51 0.034816
3 548.22 621.75 579.08 650.36 0.034789
3 960.07 883.22 1165.93 984.92 0.034769
3 993.96 190.12 1011.83 209.67 0.034731
3 940.86 279.01 963.15 296.74 0.034707
5 1230.85 115.42 1304.13 247.13 0.034706
3 961.78 948.13 977.69 982.48 0.034658
3 662.74 422.50 678.40 443.44 0.034628
5 1287.20 16.95 1353.14 130.39 0.034607
2 347.44 453.04 711.86 685.99 0.034596
3 1354.73 627.84 1375.12 655.07 0.034584
6 696.00 639.09 717.73 686.25 0.034582
3 60.56 442.43 94.59 472.57 0.034372
3 768.26 726.29 783.33 752.59 0.034349
4 1123.64 925.81 1141.79 944.17 0.034320
3 193.87 231.87 213.51 254.27 0.034317
3 410.19 564.05 547.08 735.68 0.034288
4 556.31 567.78 598.67 598.20 0.034284
3 484.32 804.77 530.80 879.19 0.034258
3 1168.88 224.62 1391.41 291.91 0.034199
3 685.98 418.19 703.79 438.29 0.034176
1 512.22 889.87 546.29 918.74 0.034170
3 1122.77 923.82 1142.22 943.75 0.034141
3 957.20 462.38 983.15 489.32 0.034070
5 542.59 423.87 677.76 654.26 0.034045
3 994.34 191.26 1011.02 209.39 0.033945
3 307.99 361.48 329.42 384.98 0.033939
6 1286.99 976.86 1353.46 1048.04 0.033929
3 960.34 948.94 979.27 983.99 0.033874
3 439.71 626.91 467.11 650.96 0.033853
4 1226.44 14.27 1356.20 249.16 0.033842
4 71.05 329.94 125.72 390.56 0.033808
5 1000.08 511.57 1019.05 529.70 0.033762
3 478.60 833.42 540.43 887.95 0.033753
5 170.32 0.62 681.71 423.58 0.033735
4 970.23 74.70 1053.95 118.82 0.033712
4 0.30 399.27 121.53 568.28 0.033703
6 495.66 485.41 520.52 507.57 0.033696
5 1015.72 396.90 1034.14 417.24 0.033672
5 479.68 515.10 500.32 534.59 0.033636
1 971.51 431.51 998.10 459.61 0.033539
1 1354.93 628.06 1375.90 655.45 0.033527
1 270.85 489.35 318.49 533.12 0.033509
3 644.15 376.09 704.42 489.04 0.033448
6 1004.19 138.92 1055.14 217.10 0.033384
3 938.12 87.86 951.83 104.69 0.033380
3 308.79 364.81 327.67 382.12 0.033376
4 441.73 748.83 545.14 921.56 0.033352
2 1186.59 227.43 1206.89 261.71 0.033336
2 494.68 479.78 522.27 509.09 0.033322
6 306.49 357.84 348.17 397.55 0.033313
3 685.59 466.61 698.61 480.37 0.033305
4 647.78 390.61 663.19 403.06 0.033278
3 1232.35 116.01 1303.71 246.16 0.033218
2 972.68 394.97 1039.66 532.10 0.033214
3 479.04 854.54 502.66 888.51 0.033213
3 7.47 257.62 614.65 1040.76 0.033197
3 58.71 405.79 105.50 469.61 0.033167
6 715.53 756.79 739.46 783.50 0.033147
3 58.01 631.61 89.32 660.49 0.033145
4 642.70 576.65 659.02 604.79 0.033137
3 1186.49 227.61 1205.70 261.74 0.033132
5 509.38 567.20 582.57 663.77 0.033094
3 663.02 527.10 679.92 554.01 0.033052
5 1142.47 197.43 1162.17 215.89 0.033021
3 501.31 506.00 573.05 596.32 0.032999
1 505.40 478.06 527.54 509.67 0.032937
5 1304.61 54.30 1338.13 96.55 0.032937
3 934.31 398.60 948.66 412.68 0.032880
2 742.68 691.70 761.71 719.91 0.032868
2 125.90 270.00 718.44 697.11 0.032835
4 73.62 405.51 102.38 433.64 0.032828
3 941.26 279.34 964.51 356.60 0.032805
2 1372.01 628.83 1394.64 650.21 0.032780
2 1020.44 146.39 1042.29 171.23 0.032759
2 440.87 750.42 508.76 886.84 0.032736
3 638.71 465.36 651.41 479.06 0.032702
1 960.87 919.79 988.57 983.05 0.032643
2 923.98 398.14 949.76 433.21 0.032618
4 5.84 183.50 637.61 1045.63 0.032579
4 463.08 711.82 503.65 738.70 0.032574
4 1330.20 647.12 1396.72 678.18 0.032567
4 472.01 0.30 644.10 236.21 0.032543
3 1307.45 699.64 1327.57 717.59 0.032520
6 1344.67 0.31 1376.94 53.06 0.032515
3 998.39 507.72 1019.56 530.90 0.032503
1 283.77 873.00 343.63 939.00 0.032488
5 1336.58 705.57 1359.29 725.07 0.032481
2 0.48 396.76 123.11 581.13 0.032375
1 662.33 539.86 680.75 564.22 0.032345
3 324.43 359.51 346.32 379.18 0.032345
5 1372.33 630.21 1393.33 650.53 0.032328
3 420.74 657.04 453.03 693.29 0.032326
3 601.05 1011.77 621.57 1027.19 0.032322
6 269.75 3.13 1383.57 1045.58 0.032304
3 512.87 871.64 564.68 960.76 0.032288
6 1030.86 478.07 1056.14 504.32 0.032205
1 1166.45 227.74 1205.75 289.64 0.032204
3 545.65 526.07 816.61 769.64 0.032119
2 330.97 477.26 349.86 498.19 0.032110
6 517.40 857.67 540.05 887.92 0.032100
5 495.19 473.59 541.81 512.27 0.032099
2 1166.30 227.89 1206.95 289.87 0.032099
3 862.11 232.53 906.10 291.14 0.032093
6 1020.65 152.38 1042.06 171.28 0.032093
3 441.07 750.67 482.91 824.01 0.032054
5 938.07 87.53 952.12 104.67 0.032014
5 663.42 526.78 679.78 552.60 0.032000
2 1289.71 933.13 1398.03 1048.24 0.031995
3 645.45 536.87 717.00 688.39 0.031961
1 492.73 483.92 509.49 502.06 0.031951
4 687.86 419.62 704.28 437.60 0.031947
3 667.11 412.50 703.53 441.15 0.031946
2 56.04 628.28 95.85 663.24 0.031883
3 57.68 640.78 82.44 661.82 0.031881
3 408.19 757.76 476.21 825.41 0.031870
5 409.73 690.74 504.40 738.87 0.031859
1 483.28 804.96 531.22 880.90 0.031849
4 59.97 442.42 94.38 472.63 0.031800
3 287.61 549.08 614.45 1042.41 0.031750
6 464.93 712.11 504.12 739.27 0.031746
3 98.01 400.48 121.64 426.89 0.031725
4 74.75 479.09 122.49 634.04 0.031724
3 512.83 898.41 524.80 914.53 0.031679
2 845.42 390.54 1038.69 480.16 0.031608
3 925.78 411.93 943.21 430.55 0.031599
3 558.51 973.33 633.90 1046.78 0.031517
4 695.89 655.02 715.30 685.78 0.031491
3 764.43 218.77 1032.81 754.79 0.031453
2 474.80 655.32 536.23 703.80 0.031393
3 1213.12 231.45 1226.32 244.77 0.031393
3 485.77 788.48 505.32 817.57 0.031391
3 554.52 571.52 573.52 596.39 0.031388
6 449.47 782.85 469.15 802.07 0.031329
6 1016.67 495.79 1034.10 514.17 0.031316
3 726.87 471.09 741.90 492.66 0.031277
3 608.65 703.35 817.07 1046.42 0.031267
4 849.89 452.81 865.09 467.95 0.031257
5 1343.25 1.70 1370.62 28.49 0.031239
2 714.41 755.60 740.20 785.30 0.031201
3 476.36 657.08 505.84 698.40 0.031179
5 323.28 359.14 346.23 380.39 0.031163
6 933.97 398.24 949.37 413.08 0.031158
3 555.25 570.64 574.23 596.90 0.031109
2 193.67 232.10 213.79 254.67 0.031101
4 517.98 851.12 533.15 871.04 0.031045
2 1306.79 696.50 1344.63 721.48 0.030984
4 603.52 0.02 620.56 28.28 0.030942
4 971.61 396.25 1036.25 459.82 0.030925
6 97.51 399.84 121.97 427.49 0.030915
4 665.34 415.13 703.92 440.58 0.030844
6 324.72 359.31 346.41 379.69 0.030838
6 463.40 713.65 505.39 816.32 0.030829
4 1232.40 116.05 1304.34 246.87 0.030806
4 1212.36 231.10 1227.47 245.74 0.030766
3 512.61 892.39 551.82 941.02 0.030750
2 1383.90 648.79 1399.19 679.15 0.030742
1 352.18 472.38 543.61 546.18 0.030730
3 513.90 898.13 562.12 959.66 0.030709
3 1388.50 649.66 1399.74 674.10 0.030695
4 543.89 570.50 588.27 653.93 0.030647
2 772.49 728.93 817.54 764.65 0.030643
5 587.26 976.70 632.62 1028.02 0.030641
3 973.77 395.80 1035.71 459.40 0.030628
2 479.13 852.37 502.94 888.76 0.030588
2 820.60 902.62 996.02 985.69 0.030585
3 714.91 692.73 761.45 783.36 0.030513
1 56.55 640.46 83.01 662.46 0.030507
6 998.83 497.20 1019.75 530.03 0.030485
3 849.04 437.55 893.85 475.05 0.030476
3 484.49 836.94 503.89 874.14 0.030474
4 476.20 839.48 503.87 886.64 0.030445
6 544.36 569.89 587.66 652.63 0.030430
1 1115.20 883.27 1165.68 947.46 0.030422
3 1168.73 262.90 1181.95 284.84 0.030417
3 515.78 851.90 539.81 888.75 0.030375
5 0.96 178.35 212.06 664.27 0.030316
5 1284.84 94.85 1320.40 130.40 0.030298
5 1055.24 751.98 1081.20 775.12 0.030290
3 961.17 740.88 1086.96 985.53 0.030281
6 925.91 397.71 950.10 431.61 0.030280
5 638.37 465.20 651.95 480.03 0.030271
6 1282.90 93.77 1320.41 129.93 0.030237
1 823.00 905.19 861.06 951.39 0.030187
3 507.65 494.28 520.70 508.28 0.030177
1 593.21 557.33 626.37 589.12 0.030172
2 1050.27 367.19 1064.51 387.24 0.030155
1 555.74 569.16 575.33 597.29 0.030116
1 957.81 882.20 1166.06 985.86 0.030087
4 170.55 0.25 646.00 277.80 0.030065
4 823.87 905.97 842.25 944.78 0.030058
1 952.07 376.39 975.49 398.42 0.030003
