2 909.65 441.17 935.47 485.19 0.740851
2 772.55 462.56 794.42 515.83 0.721203
1 910.13 441.65 935.68 485.45 0.704046
1 1038.68 251.64 1057.68 295.54 0.702399
2 1038.02 251.02 1057.73 295.00 0.686399
1 773.08 462.96 794.93 516.23 0.684792
2 1035.12 348.97 1061.32 382.79 0.681320
1 1035.72 349.71 1061.49 382.95 0.666173
2 362.45 418.79 382.98 449.72 0.635624
2 472.54 359.94 493.73 391.56 0.626842
2 224.28 464.23 259.12 510.98 0.605656
2 1049.24 401.78 1081.17 444.32 0.602875
1 1049.36 402.60 1080.96 444.23 0.592944
2 311.44 402.22 330.15 429.83 0.588393
2 256.17 424.77 274.99 452.79 0.566381
2 91.86 493.69 125.84 540.08 0.559792
2 572.44 340.46 592.33 365.26 0.556800
2 487.53 328.42 503.32 353.02 0.556119
2 327.67 325.93 353.18 366.82 0.548733
2 189.35 450.21 212.13 478.49 0.548370
2 135.46 483.94 168.41 529.40 0.539074
2 211.74 415.56 239.89 455.55 0.524027
1 363.00 419.50 382.94 449.74 0.515577
2 400.36 319.85 416.87 352.62 0.511261
1 473.11 360.50 493.69 391.67 0.499446
2 541.57 315.77 563.34 360.60 0.496960
2 297.99 292.52 321.11 343.94 0.496156
1 311.87 403.12 330.02 429.66 0.495534
2 585.38 277.85 598.52 304.12 0.486355
2 37.54 490.53 55.30 519.68 0.480113
2 625.35 296.92 649.85 335.78 0.458312
1 488.14 329.26 502.92 353.04 0.456360
1 188.95 450.87 212.47 478.35 0.446971
2 664.91 216.65 680.20 253.62 0.441688
1 135.89 484.38 168.17 529.80 0.440516
1 572.91 340.94 592.47 365.32 0.433289
1 92.41 494.67 125.69 540.03 0.432873
2 400.77 250.44 416.42 286.66 0.423630
2 574.82 228.69 593.75 260.43 0.421706
2 317.75 297.39 337.28 336.60 0.421402
1 224.97 465.47 259.38 510.87 0.420111
3 3.04 143.43 1395.46 784.03 0.416086
1 256.62 425.62 274.68 452.78 0.406414
1 625.59 298.00 649.87 336.36 0.402046
1 586.06 278.79 598.40 303.88 0.387932
2 386.47 301.55 402.65 335.14 0.387834
1 38.03 491.15 55.27 519.92 0.379471
1 212.56 416.17 239.94 455.80 0.377748
7 540.39 236.97 629.92 330.56 0.373205
1 665.57 217.86 679.90 253.88 0.364202
1 327.98 326.96 353.05 367.15 0.359711
2 656.76 215.94 668.03 244.23 0.356933
1 542.04 318.13 563.18 360.67 0.352823
2 382.64 250.87 400.83 286.28 0.346761
1 657.58 216.53 668.37 244.05 0.346001
1 462.37 155.62 472.83 175.90 0.344061
1 576.58 229.34 593.99 260.61 0.342145
1 401.01 320.79 416.76 352.77 0.341472
7 38.06 482.74 192.01 606.17 0.339771
2 533.64 242.84 549.72 271.24 0.337405
2 625.43 268.39 639.56 298.74 0.336048
1 626.57 269.09 639.48 297.80 0.324639
1 298.45 293.01 321.39 344.17 0.322949
1 521.08 192.26 533.61 219.72 0.316913
2 553.72 313.37 570.77 339.83 0.313001
2 544.47 246.82 560.06 274.65 0.307340
7 304.35 146.64 373.76 193.14 0.307086
3 1110.08 0.33 1388.84 127.52 0.305717
1 317.82 298.10 337.25 336.86 0.301486
1 555.19 314.11 571.66 339.49 0.296520
7 1109.47 0.52 1237.76 125.01 0.290906
1 387.07 302.74 402.58 335.07 0.290336
1 545.16 247.20 559.92 275.69 0.283457
1 222.55 428.69 240.42 454.85 0.280339
2 607.74 268.45 650.23 335.92 0.273963
1 250.07 356.04 264.36 376.47 0.266835
7 1108.88 0.48 1386.59 126.01 0.265909
2 220.49 427.77 240.36 455.23 0.265145
1 401.04 251.14 416.30 286.76 0.264756
2 14.69 500.05 31.26 519.35 0.259008
1 383.84 250.90 401.24 285.95 0.256380
2 1036.45 416.11 1061.37 444.01 0.255721
1 534.35 243.27 549.10 270.57 0.254898
1 5.04 499.22 20.69 524.25 0.252656
1 5.89 499.46 30.67 522.00 0.249622
1 509.52 260.87 523.82 278.14 0.245249
1 17.18 500.79 31.45 518.98 0.242977
7 303.74 143.63 445.84 224.09 0.242650
2 366.13 258.00 385.83 292.23 0.239831
3 1111.09 0.56 1246.41 122.28 0.238866
1 229.67 401.26 245.80 415.38 0.228811
1 1036.77 417.21 1061.70 443.95 0.227701
3 1076.74 286.37 1261.30 428.67 0.226246
7 1109.15 0.33 1260.86 125.98 0.223574
2 1.16 498.79 29.38 529.16 0.221032
3 599.50 452.13 628.11 473.51 0.220831
2 657.19 214.48 680.20 253.83 0.215812
2 533.70 242.84 559.66 275.49 0.213592
7 1036.51 415.65 1063.64 440.90 0.209847
1 321.48 206.70 334.42 225.21 0.209766
3 519.90 501.30 551.57 524.46 0.207048
1 569.38 168.48 578.75 193.00 0.206971
3 671.55 408.03 697.40 427.47 0.204145
1 414.76 242.27 425.82 261.36 0.203837
2 509.13 260.32 523.74 278.10 0.199982
2 228.89 400.51 245.68 415.52 0.199222
3 994.32 475.27 1025.27 499.64 0.197406
2 4.89 498.87 30.74 522.47 0.192977
1 367.08 258.47 386.72 292.67 0.192196
3 304.64 146.66 373.96 192.88 0.191561
2 249.52 355.34 264.45 377.11 0.190931
1 781.00 451.65 794.76 473.45 0.190524
3 435.44 554.61 469.01 579.46 0.189206
2 624.20 268.41 650.18 335.95 0.185738
2 779.84 450.72 793.28 472.17 0.184696
1 780.83 451.69 792.32 472.17 0.174738
2 520.58 191.87 533.49 219.94 0.172387
3 771.72 461.04 795.10 516.23 0.170797
1 212.74 416.18 231.03 455.63 0.169356
1 572.92 233.11 582.83 250.73 0.168602
1 440.17 278.86 458.87 294.49 0.165005
3 908.77 440.02 935.71 485.57 0.162002
1 92.41 494.72 115.00 523.71 0.161453
7 1077.14 287.19 1261.42 428.69 0.160145
2 6.39 211.62 684.54 550.47 0.159808
3 340.73 612.71 378.30 640.42 0.158784
2 2.13 207.60 684.86 632.87 0.156934
2 3.49 203.60 1089.77 564.04 0.155211
3 1034.54 347.98 1062.01 383.12 0.152514
2 370.86 248.23 416.52 290.49 0.152145
3 304.05 143.58 447.36 224.09 0.151401
1 534.49 243.41 560.15 276.15 0.149072
2 461.59 155.19 472.83 176.26 0.149050
3 1038.47 583.20 1049.94 593.77 0.148655
1 837.74 255.71 849.17 268.22 0.146275
3 1164.07 591.40 1202.98 621.83 0.144303
1 234.40 465.69 259.53 508.88 0.143485
2 320.83 206.13 334.22 225.12 0.142541
2 599.98 236.84 616.70 259.93 0.142216
7 36.45 230.29 635.20 609.07 0.141364
2 2.33 182.40 1093.10 633.37 0.140965
1 224.56 465.47 238.13 494.92 0.139406
7 1036.19 401.55 1081.56 444.57 0.138831
1 542.35 314.36 570.67 360.75 0.137365
2 372.15 257.50 387.38 289.78 0.135529
3 3.46 10.65 1393.52 783.17 0.133194
1 1220.94 300.74 1237.70 331.32 0.132442
3 1036.68 400.82 1081.73 445.12 0.132399
2 829.43 253.27 849.64 268.82 0.131596
2 413.75 242.00 425.74 261.41 0.128437
7 303.90 146.63 375.35 224.74 0.127910
2 608.21 280.96 650.04 335.86 0.127250
1 374.79 257.88 389.44 290.43 0.124863
3 539.49 236.31 630.48 336.32 0.124391
7 1310.62 5.32 1386.37 68.62 0.123260
7 3.27 147.31 1394.50 783.63 0.121772
3 37.71 483.13 192.40 607.01 0.120552
3 880.35 283.63 893.97 296.53 0.119151
7 1305.97 2.77 1387.80 96.89 0.118640
1 310.58 169.50 336.41 225.89 0.118520
1 618.47 58.14 639.43 95.73 0.116556
1 607.33 280.59 623.53 292.61 0.115243
2 0.93 490.13 55.75 529.70 0.114560
1 366.81 270.58 386.14 292.74 0.114523
1 597.57 237.69 615.97 260.89 0.114493
3 771.22 449.63 796.43 516.64 0.114172
1 256.68 95.02 273.67 110.14 0.113140
3 361.83 418.29 383.61 450.24 0.112995
2 92.27 493.92 115.19 524.29 0.112040
3 1037.06 250.05 1058.57 295.19 0.111091
2 584.62 276.82 621.82 304.57 0.109058
1 606.06 237.40 615.73 252.20 0.106529
2 533.23 227.57 594.90 276.27 0.105332
2 2.94 498.81 19.87 527.67 0.104724
1 1221.62 300.30 1234.16 322.42 0.104151
3 905.29 178.60 919.57 194.56 0.104138
3 472.10 359.15 494.11 391.76 0.103663
2 837.57 255.40 849.36 268.54 0.102799
2 572.48 229.69 584.41 250.76 0.102455
10 304.61 146.71 373.34 192.54 0.102188
2 365.96 270.18 385.72 292.51 0.101552
2 439.48 277.41 457.97 294.61 0.100990
3 739.66 421.69 750.81 433.65 0.100383
3 696.75 284.59 708.11 294.76 0.099718
10 136.12 483.95 168.85 530.10 0.099591
3 606.89 267.72 650.66 335.90 0.099481
2 568.48 168.64 578.91 193.14 0.098336
3 950.62 452.80 961.44 463.12 0.098157
1 351.61 147.47 373.48 176.21 0.098115
2 224.01 464.54 239.72 494.88 0.098035
1 906.93 179.56 918.96 193.95 0.097083
3 571.41 339.72 592.29 365.43 0.096927
2 542.00 313.58 570.03 360.31 0.096762
1 501.26 199.34 509.12 218.86 0.096181
1 245.74 212.92 255.22 224.44 0.095960
1 1211.66 299.85 1235.36 327.87 0.095794
10 1036.66 402.29 1081.37 444.68 0.095655
7 363.28 148.16 446.36 220.57 0.095480
1 489.99 201.26 507.76 225.70 0.095380
7 1035.60 348.84 1061.80 382.98 0.093517
3 223.73 463.75 259.91 511.41 0.092453
1 570.70 181.17 578.52 193.05 0.091835
1 136.06 485.10 152.92 503.92 0.090741
1 312.22 403.20 327.88 428.59 0.087744
3 211.23 414.40 240.67 455.63 0.087329
1 439.67 260.75 458.93 294.19 0.087146
1 350.09 147.10 363.60 166.49 0.086340
1 255.45 93.05 276.66 112.01 0.086257
3 363.25 146.65 447.11 220.42 0.085956
3 828.07 251.89 850.15 269.30 0.085755
1 542.22 246.41 552.15 273.77 0.085568
1 1057.88 402.65 1080.95 442.52 0.085394
3 1123.90 1.34 1231.05 89.66 0.085156
3 310.31 401.40 331.61 429.86 0.085074
2 607.09 280.33 623.99 293.23 0.084903
3 254.92 423.97 275.08 453.12 0.084745
1 830.11 253.50 850.07 268.48 0.084365
1 391.53 315.54 400.53 335.34 0.084301
1 0.02 514.94 6.45 566.29 0.083853
3 47.80 376.49 138.67 432.43 0.083783
3 537.12 234.31 649.04 363.00 0.083201
3 540.48 312.18 569.77 360.48 0.082895
3 38.60 486.27 175.67 585.03 0.082847
1 496.29 221.25 507.42 239.47 0.082401
3 31.16 228.23 648.07 612.97 0.082390
3 187.60 449.78 213.61 478.94 0.081429
10 1110.04 0.51 1235.76 124.79 0.081338
10 212.23 415.72 239.98 455.29 0.081207
3 486.21 327.45 504.82 353.55 0.081014
1 604.66 237.66 623.72 263.95 0.080456
1 212.65 415.95 233.84 455.23 0.080394
7 534.26 229.34 595.26 277.32 0.079791
3 922.47 295.15 931.57 304.14 0.079624
1 315.74 298.23 331.46 335.69 0.079178
10 311.81 402.61 331.17 430.32 0.079160
2 438.86 261.46 457.85 294.38 0.079131
1 224.04 465.17 245.27 497.00 0.078923
2 372.31 257.26 385.02 286.90 0.078709
1 543.57 245.58 554.26 269.40 0.078632
2 3.57 163.86 1095.11 561.69 0.078377
3 239.10 676.48 279.16 705.14 0.078244
2 1220.84 300.40 1239.33 332.17 0.078159
7 91.48 483.41 168.47 539.99 0.078089
10 1036.64 416.76 1061.53 437.37 0.078034
3 304.13 146.42 375.09 224.60 0.077933
10 657.42 215.15 680.52 254.04 0.077653
10 92.20 494.31 126.88 539.64 0.077483
3 2.15 0.99 788.33 430.69 0.077229
7 3.41 4.00 1395.16 783.26 0.077214
3 36.97 490.03 55.78 519.49 0.077184
1 328.64 164.10 340.51 182.65 0.076665
2 1056.75 401.78 1081.08 442.62 0.075368
3 620.93 268.49 650.13 335.83 0.075305
1 456.98 218.40 478.24 244.01 0.074863
3 706.82 281.13 895.53 434.75 0.074780
1 664.02 215.30 676.73 244.30 0.074624
1 780.75 451.47 796.30 485.26 0.073907
10 772.91 462.12 795.06 516.25 0.073744
1 325.20 314.24 337.67 337.11 0.073527
1 325.39 300.13 339.44 335.89 0.073459
7 1113.19 45.34 1218.32 124.64 0.073339
1 137.30 495.85 165.98 529.33 0.073266
1 305.93 146.93 374.51 225.68 0.072827
1 369.31 247.10 418.67 290.79 0.072316
3 1312.76 4.92 1387.03 66.01 0.072263
3 91.35 493.31 127.49 538.88 0.072154
7 3.72 225.80 641.81 645.95 0.071712
10 304.21 144.50 447.14 224.02 0.070783
1 212.79 416.04 232.15 435.70 0.070718
3 753.85 113.22 779.90 167.74 0.070610
1 399.63 318.75 410.39 337.12 0.069973
10 608.23 272.74 650.31 335.98 0.069932
1 773.47 468.30 787.33 506.83 0.069307
1 233.85 465.34 247.21 492.09 0.068990
3 93.63 484.01 169.44 541.85 0.068734
10 772.47 451.58 795.79 516.23 0.068689
10 1035.79 349.48 1061.51 383.12 0.068606
3 906.39 179.64 919.26 194.15 0.068298
1 471.96 226.93 478.81 244.13 0.068273
2 310.05 167.58 336.33 225.39 0.068059
2 1062.02 401.50 1081.43 440.95 0.067777
1 284.21 80.37 316.44 100.48 0.067552
3 785.55 333.90 812.39 352.89 0.067094
10 304.49 146.75 374.12 224.61 0.066968
3 852.90 270.65 862.38 280.24 0.066827
7 906.02 179.33 919.32 194.42 0.066817
3 966.18 323.66 975.92 332.83 0.066792
3 326.31 325.99 353.89 367.09 0.066663
1 440.80 259.31 452.07 281.70 0.066592
7 136.35 483.60 170.59 529.59 0.066550
1 317.17 66.56 341.71 91.62 0.066262
1 606.42 273.95 650.16 336.20 0.065880
1 667.27 218.59 679.84 253.31 0.065782
1 577.12 229.27 588.46 246.00 0.065672
1 190.30 450.95 206.92 477.69 0.065608
1 329.76 327.18 352.70 366.00 0.065259
7 317.43 357.16 332.52 368.84 0.064873
1 494.78 221.26 509.70 256.08 0.064832
7 304.07 162.33 337.62 193.13 0.064744
1 193.34 143.25 216.10 170.59 0.064724
1 488.48 329.36 502.31 352.61 0.064116
10 573.61 229.36 594.25 261.24 0.063796
1 594.77 246.96 607.84 261.40 0.063746
2 224.53 465.28 244.79 500.74 0.063722
1 544.83 316.82 557.40 333.01 0.063490
7 363.43 179.55 414.67 220.66 0.063395
2 547.13 315.45 563.68 347.91 0.063329
3 10.71 150.86 1373.32 643.55 0.063231
10 92.71 483.73 169.13 540.44 0.063131
2 531.97 212.60 680.53 277.37 0.063112
7 14.76 153.69 1256.63 637.96 0.062709
10 473.12 360.33 493.79 391.54 0.062620
3 399.37 319.12 417.48 352.70 0.062534
3 606.30 279.42 623.01 291.77 0.062395
7 47.07 374.48 138.74 432.19 0.062253
2 829.27 253.68 838.70 263.03 0.061935
1 573.18 341.17 586.60 365.08 0.061701
1 1046.73 421.33 1061.03 444.38 0.061619
3 1109.45 0.59 1227.31 125.97 0.061393
2 211.60 415.42 237.18 454.60 0.061081
1 618.63 58.50 634.78 86.44 0.060218
1 657.99 216.68 668.04 243.39 0.060177
2 495.51 220.43 507.68 240.54 0.059923
3 22.71 182.87 1259.66 643.79 0.059735
1 1066.65 402.46 1081.48 442.16 0.059586
3 228.30 399.77 246.23 416.01 0.059281
1 351.90 60.31 372.02 77.60 0.058993
3 656.37 211.97 681.63 254.39 0.058914
10 362.92 419.32 383.14 449.91 0.058873
3 363.90 168.13 446.80 220.21 0.058216
1 401.45 321.05 416.32 352.17 0.058047
1 237.96 212.84 256.13 249.23 0.058019
2 125.81 215.05 686.95 517.63 0.057662
7 304.12 143.80 428.28 194.70 0.057521
1 552.15 245.23 561.68 261.17 0.057469
2 137.33 484.32 167.32 526.84 0.057360
3 1305.73 1.54 1389.45 99.26 0.057224
2 317.48 298.08 335.08 335.59 0.057150
2 297.72 291.83 353.56 367.62 0.056942
1 617.20 255.30 625.38 269.43 0.056932
7 113.92 483.27 169.67 539.89 0.056640
1 480.34 272.71 488.08 286.14 0.056610
7 538.30 240.42 631.16 334.09 0.056577
1 5.62 490.52 55.29 521.51 0.056366
1 217.95 113.79 227.44 127.80 0.056316
3 135.02 483.34 169.57 528.75 0.055759
1 305.99 147.26 373.84 190.46 0.055752
7 365.28 241.66 453.05 293.39 0.055738
1 0.21 515.42 12.90 530.67 0.055698
10 909.55 441.34 935.60 485.46 0.055303
1 550.48 247.00 561.39 272.44 0.055200
1 829.91 254.33 838.05 262.29 0.055167
1 325.81 298.89 338.54 333.76 0.055087
1 1036.85 403.72 1080.49 444.71 0.054848
10 38.87 484.05 190.30 588.88 0.054644
3 1036.38 415.55 1061.62 439.79 0.054641
3 583.75 277.05 599.49 304.29 0.054515
3 353.52 242.77 366.52 255.78 0.054511
3 236.49 142.42 448.38 250.32 0.054443
3 385.41 300.78 403.77 334.33 0.054431
3 136.41 484.09 169.39 530.38 0.054411
2 189.86 450.37 206.98 478.03 0.054129
2 211.81 415.46 232.08 439.00 0.053906
3 456.34 450.33 552.38 525.34 0.053856
1 397.69 176.27 415.62 207.05 0.053811
1 586.51 278.94 597.94 303.46 0.053584
3 780.42 449.71 791.15 460.09 0.053418
3 1.98 2.53 786.72 643.61 0.053295
7 366.58 242.06 426.21 292.35 0.053244
1 487.68 205.24 496.41 223.28 0.053014
1 580.11 229.62 593.67 259.31 0.052949
1 606.51 258.87 624.79 291.75 0.052708
10 256.12 425.14 274.73 452.90 0.052669
1 331.03 153.11 356.82 181.56 0.052558
3 1301.23 375.50 1368.74 434.30 0.052332
2 607.83 238.12 626.03 266.74 0.051982
3 624.46 300.73 649.92 335.84 0.051922
2 143.62 494.67 168.75 527.12 0.051885
1 108.79 510.83 135.52 540.68 0.051861
3 707.63 395.47 751.94 434.28 0.051712
3 1111.74 0.87 1234.51 122.06 0.051572
1 919.52 442.77 935.90 472.87 0.051552
3 828.03 252.75 840.29 264.00 0.051541
7 238.80 142.37 446.77 252.80 0.051460
10 386.09 302.16 402.82 335.13 0.051390
1 780.08 462.73 790.06 473.78 0.051277
7 1110.42 0.38 1310.27 126.94 0.051266
1 916.15 441.84 933.98 468.96 0.051212
1 542.75 318.13 562.53 359.52 0.051155
1 108.77 512.53 125.25 540.05 0.051044
7 572.79 228.55 594.86 260.08 0.050790
2 614.81 252.37 626.53 272.29 0.050696
3 297.55 292.03 321.99 343.90 0.050536
1 136.86 496.49 159.13 529.06 0.050422
2 296.98 245.79 422.08 367.93 0.050218
1 494.10 201.07 509.08 237.12 0.050133
1 1227.09 321.80 1238.78 332.10 0.050062
1 1037.17 418.30 1060.20 433.96 0.049737
10 534.81 243.86 560.49 276.61 0.049320
2 540.96 267.23 650.49 364.35 0.049221
7 534.09 243.05 560.62 276.09 0.049213
7 656.88 212.44 681.59 254.03 0.048810
1 407.97 146.10 431.37 173.82 0.048743
10 188.59 451.03 210.56 478.42 0.048693
1 593.42 245.85 607.65 261.42 0.048510
3 1210.21 300.03 1234.61 326.87 0.048486
2 605.59 236.68 615.68 252.23 0.048418
2 906.30 179.04 918.89 193.90 0.048091
3 793.29 253.87 808.34 264.94 0.048057
1 617.34 163.91 625.72 187.87 0.048044
3 922.47 294.80 976.21 333.03 0.048029
3 364.16 180.74 414.27 220.00 0.047934
10 1038.28 251.28 1058.07 295.16 0.047899
1 364.37 179.51 414.61 220.78 0.047792
1 775.93 115.73 784.25 135.30 0.047504
7 1209.37 298.42 1235.71 328.68 0.047448
3 740.89 423.28 749.65 433.44 0.047401
3 65.02 372.95 80.27 386.76 0.047319
1 614.13 258.10 626.56 290.25 0.047152
1 382.43 248.29 417.10 288.63 0.047075
3 533.16 242.18 560.20 275.07 0.047045
1 627.78 300.93 642.08 336.20 0.046632
2 607.05 280.52 632.01 309.05 0.046605
1 521.77 192.55 533.44 219.41 0.046323
1 255.50 79.25 316.63 110.34 0.046165
3 316.78 356.69 332.73 369.31 0.046164
1 533.79 243.98 543.77 268.88 0.046157
3 1050.35 116.65 1123.14 173.03 0.046082
1 312.41 402.74 324.56 424.97 0.045917
2 0.18 511.00 6.86 567.65 0.045886
10 229.27 400.58 246.15 415.96 0.045746
2 348.99 147.34 373.22 176.25 0.045577
2 305.16 147.10 373.37 225.03 0.045571
10 665.70 220.70 680.24 253.60 0.045557
1 618.23 282.66 630.46 293.94 0.045545
10 327.08 327.13 353.20 367.40 0.045529
7 2.08 0.69 786.10 428.06 0.045524
3 930.43 90.30 972.56 179.83 0.045404
3 363.07 163.29 446.59 220.41 0.045371
3 791.07 224.49 811.32 239.25 0.045333
2 374.95 257.72 388.13 289.76 0.045325
3 662.42 657.53 677.64 674.24 0.045211
1 626.64 299.15 649.61 335.58 0.045190
2 311.41 402.43 328.49 428.90 0.044970
10 541.48 313.81 570.47 360.38 0.044946
1 616.13 246.55 626.46 268.62 0.044756
1 401.62 251.42 415.65 285.75 0.044730
1 531.78 219.63 639.42 295.11 0.044729
2 5.35 161.87 1117.40 779.27 0.044662
1 1037.63 271.64 1048.56 292.59 0.044602
7 1107.39 0.62 1394.18 178.30 0.044440
3 540.82 242.17 629.48 327.97 0.044262
1 305.51 82.33 317.43 93.79 0.044013
3 1039.39 584.84 1049.25 593.28 0.043998
2 1221.30 299.60 1234.58 323.13 0.043719
1 63.97 156.11 100.46 207.09 0.043655
2 661.49 212.78 673.22 238.44 0.043636
7 605.89 279.15 624.35 292.81 0.043514
7 488.53 192.23 534.19 226.43 0.043347
7 1123.96 1.49 1231.60 92.89 0.043321
1 779.57 462.38 793.71 476.42 0.043281
10 221.39 428.98 240.67 454.61 0.043219
3 346.60 513.27 566.98 780.46 0.043212
1 698.57 286.34 707.19 293.79 0.043190
1 364.06 184.59 388.27 220.22 0.043190
10 224.68 465.02 259.81 511.23 0.043052
1 355.59 244.77 365.49 255.09 0.042731
10 1109.24 0.53 1386.83 126.23 0.042721
2 1038.29 262.23 1056.07 294.20 0.042684
7 311.25 402.27 331.78 430.26 0.042629
10 572.43 340.50 592.15 365.36 0.042629
2 488.30 328.17 500.54 352.86 0.042619
1 556.67 82.69 567.99 95.16 0.042602
2 254.58 94.46 273.54 111.27 0.042581
1 1036.24 406.23 1065.49 437.42 0.042559
7 91.31 493.91 129.11 537.54 0.042542
7 39.61 494.21 168.31 566.84 0.042471
1 482.34 270.60 495.60 285.75 0.042453
2 317.66 297.12 330.84 322.25 0.041927
3 698.37 286.65 707.22 294.05 0.041917
1 151.03 484.86 169.73 518.42 0.041762
1 781.96 451.05 790.81 459.85 0.041619
7 385.54 301.50 402.88 334.43 0.041441
2 618.41 58.65 639.48 92.10 0.041285
3 1036.97 418.50 1060.47 436.62 0.041273
1 224.62 429.50 239.81 452.66 0.041110
1 481.56 255.96 496.94 285.50 0.041052
3 707.46 395.88 717.42 405.29 0.040990
2 542.29 316.69 562.54 359.54 0.040989
1 391.03 175.95 404.12 188.46 0.040929
7 316.93 333.85 339.74 368.86 0.040928
1 318.16 356.86 333.02 368.89 0.040853
1 306.19 161.33 337.09 190.81 0.040830
3 3.29 -0.64 787.46 547.40 0.040749
3 882.06 71.64 988.72 181.59 0.040721
7 772.51 460.55 795.01 515.73 0.040647
3 1075.70 285.50 1397.30 522.75 0.040408
7 828.78 253.03 850.05 269.43 0.040236
7 211.90 414.99 240.39 455.61 0.040063
1 755.35 146.66 774.33 167.45 0.039892
1 488.88 329.32 500.02 352.29 0.039827
2 0.07 554.07 4.61 569.31 0.039762
3 778.09 450.53 793.69 471.73 0.039725
3 21.09 217.66 1258.87 625.04 0.039653
1 319.13 298.27 329.53 314.59 0.039642
2 316.32 65.70 341.51 91.00 0.039629
2 492.21 206.54 508.38 238.68 0.039625
2 390.82 315.25 400.90 335.18 0.039586
1 131.32 29.09 142.22 39.91 0.039578
1 318.81 298.25 336.02 321.39 0.039460
1 113.87 24.98 126.69 35.87 0.039452
1 279.86 225.45 291.87 237.89 0.039417
2 329.98 326.40 352.62 366.01 0.039312
2 297.03 292.72 418.29 367.91 0.039191
2 577.87 229.08 593.27 259.25 0.039139
2 -3.41 151.68 1249.94 641.97 0.039005
3 951.44 454.53 960.45 462.54 0.038994
3 1225.59 320.31 1239.47 333.10 0.038940
2 188.10 413.51 274.96 511.20 0.038926
2 305.55 147.10 373.09 189.58 0.038798
3 753.82 116.61 777.26 168.29 0.038793
1 250.65 356.44 263.97 376.06 0.038685
1 94.49 400.02 110.11 419.27 0.038627
7 1037.67 250.75 1058.76 294.83 0.038572
10 487.48 328.90 503.68 353.05 0.038525
2 224.38 464.47 238.53 482.81 0.038299
2 594.68 246.74 606.70 261.60 0.038158
10 304.98 164.36 337.40 225.41 0.038139
2 487.83 328.65 502.36 352.45 0.038048
3 659.03 223.13 676.19 246.33 0.037984
1 155.79 499.31 172.15 522.06 0.037816
3 126.50 746.36 170.51 778.67 0.037554
1 457.19 219.02 470.74 229.26 0.037552
3 573.40 228.43 594.25 260.15 0.037545
3 698.00 229.58 898.62 441.44 0.037483
1 522.21 207.65 531.52 219.41 0.037383
3 680.07 230.40 1081.05 520.85 0.037309
7 363.46 167.82 445.13 220.64 0.037269
3 229.44 401.15 245.84 415.64 0.037265
2 772.85 451.71 794.17 515.91 0.037169
3 888.62 132.13 972.93 180.57 0.037116
2 616.51 255.51 626.65 272.10 0.037035
7 882.25 70.76 989.65 181.49 0.037009
3 754.66 145.27 775.27 167.53 0.036891
1 309.97 308.34 322.28 335.90 0.036681
2 1045.30 419.86 1061.09 444.17 0.036568
10 1210.67 299.55 1235.47 328.96 0.036559
1 585.58 276.53 624.62 304.83 0.036529
2 395.41 314.20 406.78 335.44 0.036522
7 111.88 499.57 164.64 540.14 0.036485
3 1146.50 54.86 1218.04 125.95 0.036463
2 313.20 304.04 329.17 338.25 0.036408
1 364.98 154.29 374.44 174.51 0.036336
7 180.29 58.34 412.92 169.46 0.036146
1 741.50 423.09 749.52 432.80 0.036134
1 1056.08 402.14 1081.27 416.78 0.035988
7 1148.95 52.72 1218.85 124.54 0.035965
2 81.64 268.05 652.71 545.45 0.035951
10 249.53 355.50 264.80 377.93 0.035831
1 1038.54 265.12 1054.79 293.32 0.035721
1 664.78 208.93 673.75 222.17 0.035695
2 284.41 80.51 310.93 99.77 0.035620
7 772.19 450.93 795.85 515.98 0.035565
1 1147.74 66.87 1181.83 122.96 0.035543
7 1292.61 2.74 1389.96 135.01 0.035512
1 184.28 120.05 201.72 144.70 0.035482
2 382.51 249.20 416.06 287.16 0.035405
1 599.69 239.33 624.18 290.21 0.035398
3 439.58 279.95 458.22 294.94 0.035349
3 136.23 483.91 191.71 547.12 0.035221
1 472.60 282.45 484.67 296.33 0.035205
2 479.11 270.99 488.73 287.86 0.035202
1 627.22 268.64 637.40 294.31 0.035172
7 909.27 440.24 935.89 485.29 0.035166
3 618.71 57.41 639.71 89.90 0.035153
10 584.54 276.19 623.45 305.01 0.035084
1 184.70 120.91 216.72 170.64 0.034978
7 666.39 234.14 679.84 254.25 0.034939
7 6.28 146.14 1383.84 660.29 0.034573
3 1107.82 44.83 1133.06 84.89 0.034447
2 489.59 201.12 507.02 226.71 0.034384
3 829.00 254.35 838.34 262.01 0.034359
10 1314.62 6.92 1386.28 59.05 0.034197
3 65.72 374.29 79.86 386.41 0.034157
7 320.55 206.20 334.47 225.65 0.033947
10 1052.23 402.42 1081.31 443.96 0.033924
7 5.56 156.45 1262.14 780.70 0.033907
1 340.16 346.42 353.13 366.81 0.033906
1 135.50 483.90 191.50 546.84 0.033880
1 388.34 303.54 402.07 334.70 0.033844
10 906.56 179.48 919.15 194.20 0.033767
3 1296.34 1.88 1391.37 139.81 0.033758
2 363.94 179.65 415.15 220.51 0.033740
10 544.05 246.45 561.06 275.85 0.033571
3 8.62 145.90 760.37 633.84 0.033483
1 1111.85 1.24 1235.59 122.76 0.033460
2 1036.57 416.45 1060.47 434.42 0.033353
3 573.66 230.56 594.82 261.56 0.033326
1 328.35 157.85 342.50 176.90 0.033299
3 203.21 325.26 263.51 415.86 0.033242
2 572.88 340.67 591.01 364.56 0.033236
1 413.71 145.54 426.29 155.27 0.033224
7 313.87 416.23 331.12 429.96 0.033170
10 656.96 216.49 668.22 243.58 0.033158
2 607.94 237.24 619.89 255.78 0.033045
10 520.93 192.20 534.24 220.16 0.033035
2 697.96 285.84 707.40 294.06 0.032781
3 116.30 484.01 191.45 548.99 0.032695
1 498.09 200.17 509.65 227.13 0.032641
10 317.62 357.42 332.47 368.71 0.032622
7 180.18 76.12 307.37 169.91 0.032545
2 781.26 450.41 791.08 460.60 0.032487
1 183.66 114.86 199.13 134.51 0.032358
1 1039.72 585.07 1049.18 592.80 0.032326
3 1110.32 46.00 1218.47 126.19 0.032235
3 96.54 497.74 157.58 542.29 0.032228
10 541.63 318.68 563.15 360.48 0.032104
1 385.18 250.98 400.58 284.61 0.031988
2 234.21 464.10 246.22 480.83 0.031979
1 199.32 34.54 213.80 57.07 0.031922
7 754.04 112.70 779.07 168.19 0.031899
3 1113.52 48.91 1218.01 122.82 0.031769
2 456.53 217.58 477.54 242.87 0.031695
1 312.49 173.36 333.17 193.14 0.031645
7 414.12 242.40 426.22 261.34 0.031555
2 614.67 250.19 625.91 268.44 0.031501
1 437.89 173.80 448.68 191.36 0.031476
3 304.63 161.85 337.55 192.84 0.031470
2 625.64 296.64 640.51 324.26 0.031456
3 1319.45 6.06 1384.99 44.48 0.031385
1 69.63 164.87 83.23 183.49 0.031355
2 351.33 59.06 371.95 77.73 0.031313
7 177.99 0.34 597.51 171.37 0.031282
1 330.26 147.14 374.03 181.00 0.031279
3 319.54 205.55 334.72 226.19 0.031267
2 7.40 150.15 1272.58 776.49 0.031254
3 783.97 282.64 894.51 354.35 0.031209
3 386.31 302.41 402.32 334.97 0.031109
3 439.38 278.95 457.83 295.28 0.031064
3 92.21 494.52 126.73 539.83 0.031063
3 63.85 372.34 99.73 412.35 0.031012
2 298.13 293.32 315.44 343.04 0.030981
3 781.94 451.20 790.33 459.42 0.030734
2 364.76 226.24 598.70 292.66 0.030610
1 911.26 457.81 927.60 484.91 0.030530
1 510.16 261.01 523.47 277.76 0.030430
7 91.10 492.84 154.42 539.79 0.030409
3 1033.85 577.87 1055.61 599.12 0.030360
3 0.81 240.14 217.09 383.36 0.030302
2 605.97 273.76 621.56 290.74 0.030239
3 518.54 451.29 628.83 525.18 0.030223
2 569.72 180.01 578.57 193.04 0.030219
3 508.28 259.89 523.16 278.07 0.030186
