4 169.20 1203.46 273.78 1247.56 0.545218
3 169.61 1203.94 273.28 1246.93 0.480884
4 98.21 1020.06 164.44 1047.34 0.463993
4 584.14 1179.89 650.72 1219.38 0.450130
4 589.75 1124.90 657.45 1162.55 0.447047
4 292.41 1185.22 367.13 1222.76 0.442621
4 -0.00 1240.84 36.57 1276.30 0.440904
4 445.25 1198.93 539.39 1243.23 0.438330
3 98.73 1020.64 164.12 1046.98 0.427789
4 674.41 1159.17 748.67 1194.70 0.421564
5 169.44 1203.90 273.57 1247.37 0.421523
3 584.47 1180.43 650.30 1219.20 0.417714
4 857.70 1122.58 921.91 1158.25 0.408111
3 590.11 1125.24 657.01 1161.95 0.401581
3 -0.04 1241.33 36.13 1275.56 0.401454
3 445.60 1199.51 538.98 1243.33 0.401157
4 1013.45 968.27 1060.41 996.39 0.395893
3 292.70 1185.72 366.94 1222.43 0.395160
4 1748.78 962.99 1795.82 988.42 0.394279
3 674.64 1159.81 748.36 1194.82 0.390105
4 701.55 1129.23 775.05 1168.12 0.386154
3 995.63 144.97 1356.22 964.79 0.375878
3 1749.15 963.50 1795.19 987.74 0.373791
5 584.29 1180.17 650.49 1219.49 0.372972
4 951.27 1061.69 1012.93 1091.05 0.368806
3 858.09 1123.03 921.18 1157.64 0.368508
3 701.95 1129.77 774.69 1167.94 0.367709
5 98.84 1020.42 164.39 1046.81 0.367377
5 590.93 1125.05 657.11 1161.85 0.367137
6 170.02 1204.10 273.56 1247.06 0.365236
5 445.66 1199.31 539.32 1243.27 0.364404
4 411.79 1190.97 489.41 1229.62 0.361703
3 1013.93 969.01 1059.83 995.54 0.361051
5 292.79 1185.38 366.90 1222.71 0.354842
5 0.00 1241.03 36.44 1275.96 0.351220
6 445.89 1199.28 539.42 1243.63 0.347564
6 590.65 1125.15 657.14 1162.20 0.346830
4 688.22 1109.22 758.33 1146.29 0.344015
3 771.71 1081.31 841.36 1129.33 0.342668
4 771.53 1081.07 841.80 1129.93 0.341670
5 674.43 1159.53 748.65 1195.97 0.340844
4 1056.90 1073.28 1120.04 1109.68 0.340648
3 951.50 1061.93 1012.40 1090.70 0.340405
4 1126.24 1067.83 1183.13 1098.47 0.340002
4 1149.64 1025.49 1203.84 1056.40 0.339733
3 412.23 1191.50 490.70 1229.08 0.339510
6 99.18 1020.91 164.56 1046.65 0.336287
4 933.31 1105.96 995.41 1136.42 0.335992
6 880.72 1132.64 978.27 1186.61 0.334736
4 1189.63 1055.61 1242.97 1085.86 0.326273
4 1003.21 1093.65 1043.28 1118.82 0.325626
5 701.87 1129.76 774.93 1168.50 0.325461
6 584.29 1180.35 650.52 1219.74 0.322960
3 1126.72 1068.49 1182.59 1097.92 0.321998
4 772.78 1135.37 847.39 1174.77 0.319963
3 688.51 1109.60 757.89 1145.74 0.318887
4 1092.25 1038.06 1145.98 1067.73 0.316717
3 1057.14 1074.01 1119.79 1108.95 0.315924
3 1150.06 1025.87 1203.27 1055.88 0.315039
5 1014.11 969.05 1060.02 995.68 0.314389
3 933.47 1106.61 995.47 1135.61 0.314329
6 -0.01 1241.50 36.62 1275.90 0.312578
1 997.21 144.97 1355.87 965.23 0.311412
5 412.36 1191.19 490.89 1229.42 0.309526
4 1557.01 940.94 1606.57 967.04 0.305849
3 1189.87 1056.11 1242.30 1085.61 0.305112
3 1214.92 1023.59 1268.20 1059.56 0.300335
5 858.51 1122.89 921.66 1158.12 0.298995
4 1214.54 1024.76 1268.65 1059.47 0.298233
3 585.95 328.41 938.16 929.45 0.296847
3 1003.43 1094.20 1042.36 1118.26 0.295743
3 773.65 1135.92 846.88 1174.00 0.295260
3 1092.95 1038.50 1145.46 1067.14 0.294981
5 951.71 1062.21 1012.59 1090.77 0.294321
6 412.84 1191.03 492.38 1229.21 0.293653
4 28.57 1041.33 69.05 1072.42 0.293488
5 1749.32 963.51 1795.47 987.65 0.293473
6 293.15 1185.41 367.62 1222.59 0.291638
3 1383.17 1190.45 1997.88 1497.66 0.290324
5 772.00 1081.70 841.82 1129.60 0.290237
6 674.86 1159.57 748.53 1196.02 0.288411
3 1557.29 941.60 1605.83 966.55 0.288234
5 1126.87 1068.43 1182.97 1098.11 0.282372
5 1057.44 1073.87 1119.95 1109.24 0.280258
3 1.33 86.74 452.46 1038.71 0.279923
6 1749.17 963.45 1795.45 987.55 0.279068
4 1303.48 994.75 1341.80 1023.07 0.278858
6 772.07 1081.28 841.55 1129.59 0.276088
5 688.42 1109.95 758.00 1146.32 0.274737
6 702.17 1130.27 775.20 1169.35 0.274581
3 29.06 1041.66 68.45 1071.47 0.274115
4 1299.90 1033.44 1349.95 1060.28 0.272068
5 1150.32 1025.91 1203.38 1055.95 0.268236
2 998.06 145.29 1355.49 963.33 0.268147
5 1190.02 1056.12 1242.92 1086.08 0.267355
5 1003.39 1094.08 1042.27 1118.06 0.266084
4 703.47 939.19 735.20 964.05 0.265389
5 933.71 1106.68 992.37 1136.15 0.263648
4 1262.28 1002.77 1306.49 1031.93 0.263134
3 1304.11 995.16 1341.34 1022.57 0.262904
1 359.91 1102.95 577.10 1161.31 0.261661
5 1092.72 1038.62 1145.73 1066.91 0.257126
4 677.72 937.32 735.91 967.92 0.256920
5 1556.97 941.14 1605.83 966.44 0.256791
5 1214.82 1024.30 1268.83 1059.74 0.256033
6 951.92 1062.50 1012.55 1090.78 0.255792
4 1564.45 980.46 1606.88 1002.45 0.255789
3 1262.38 1002.88 1305.57 1031.40 0.255590
6 1014.27 969.28 1060.30 995.94 0.255542
3 703.09 939.84 734.11 963.45 0.255225
2 419.98 1101.13 576.91 1152.13 0.253750
4 1608.03 961.16 1652.32 984.63 0.252973
2 359.88 1100.44 577.50 1160.97 0.252571
4 1402.67 1014.03 1443.55 1038.76 0.252346
5 775.79 1135.47 847.20 1172.21 0.249531
3 1607.17 961.36 1652.01 984.16 0.247690
4 677.44 939.48 703.78 967.65 0.246812
3 678.33 938.14 734.88 967.17 0.245788
1 585.78 328.95 937.62 929.27 0.244354
6 858.74 1123.30 921.73 1157.64 0.243185
5 703.09 939.96 734.44 963.28 0.242123
6 1057.81 1074.23 1119.89 1109.22 0.240754
4 1489.36 997.60 1524.85 1020.13 0.238389
5 1262.44 1002.47 1306.16 1031.33 0.234877
3 1301.08 1033.97 1349.56 1060.15 0.234191
5 1303.98 995.28 1341.54 1022.21 0.233881
3 1403.36 1014.87 1443.15 1038.28 0.233626
6 933.53 1106.76 995.80 1136.51 0.232691
1 1.86 88.06 451.43 1035.55 0.230644
6 1604.53 960.83 1652.20 984.82 0.229685
3 880.67 1138.57 978.05 1185.71 0.229326
3 1564.24 981.19 1606.07 1002.74 0.228954
5 28.44 1041.60 68.49 1072.30 0.228537
1 850.86 1209.92 875.76 1272.43 0.228407
3 677.89 940.28 703.30 967.03 0.228375
6 1557.26 941.52 1606.02 966.64 0.224425
5 678.04 940.14 703.15 966.74 0.223494
6 1126.81 1068.55 1183.06 1098.14 0.222949
6 688.77 1110.24 758.22 1146.53 0.222019
5 1301.11 1034.01 1350.66 1060.24 0.218233
5 678.64 938.23 734.99 967.17 0.217924
6 28.68 1041.89 69.41 1072.77 0.217460
3 1489.36 998.30 1524.23 1021.65 0.216274
2 585.91 329.52 939.10 928.93 0.216078
5 1606.02 961.05 1652.32 984.40 0.215995
6 774.34 1135.54 847.33 1177.56 0.215987
5 998.06 144.82 1354.04 962.74 0.215938
4 1397.47 982.03 1440.64 1008.10 0.215540
2 1.87 88.49 451.47 1033.68 0.211397
6 1003.68 1094.29 1042.38 1118.89 0.209742
4 1440.62 974.77 1471.24 998.79 0.208767
5 1403.83 1014.83 1443.46 1038.30 0.208429
6 678.64 938.41 735.04 967.24 0.208257
3 1440.89 975.42 1470.13 998.52 0.208095
6 1190.10 1056.33 1243.24 1086.23 0.206073
6 1214.71 1024.72 1268.95 1059.86 0.204029
5 1564.98 980.82 1606.81 1002.70 0.203351
4 8.15 941.04 1657.74 1273.96 0.203113
3 292.37 986.23 1448.08 1242.54 0.203019
6 702.64 940.22 734.30 963.50 0.202208
4 1349.93 987.05 1401.14 1015.33 0.201958
3 163.97 966.92 1480.15 1251.89 0.201476
6 1150.32 1026.05 1203.42 1056.06 0.199277
3 1350.50 987.55 1399.76 1014.70 0.199231
6 1092.98 1038.50 1145.85 1066.82 0.198865
4 166.82 972.39 1468.39 1252.28 0.198251
3 1398.07 983.00 1440.21 1007.21 0.197702
4 1357.90 1022.15 1399.76 1045.95 0.196230
3 354.48 1096.24 578.31 1162.74 0.195789
6 1303.83 995.47 1341.58 1022.46 0.193947
4 137.97 926.23 1790.08 1259.65 0.193823
6 1061.56 1023.82 1110.54 1052.31 0.192590
3 1357.41 1023.28 1397.20 1046.77 0.192227
4 880.55 1141.35 978.58 1185.16 0.191169
5 880.68 1133.64 978.39 1185.96 0.189652
3 1609.79 899.70 1649.96 920.17 0.188690
1 931.77 1219.14 950.14 1258.27 0.187369
6 1262.39 1003.15 1305.86 1031.27 0.187237
3 0.20 1456.44 35.12 1493.62 0.186787
4 1061.44 1023.69 1110.84 1055.29 0.186410
5 1350.63 987.39 1399.74 1014.51 0.183126
5 1489.50 998.19 1524.29 1021.27 0.182533
3 1061.53 1024.41 1110.29 1055.47 0.181980
3 463.45 987.37 501.12 1012.60 0.181680
4 1609.53 899.42 1650.13 920.58 0.180562
5 1061.59 1024.09 1109.87 1052.95 0.180395
6 678.30 940.21 703.55 966.86 0.178734
5 1442.09 975.47 1470.26 996.19 0.176105
1 422.91 1105.15 577.23 1152.30 0.175995
4 1050.79 976.68 1449.06 1117.00 0.175565
3 20.41 899.44 1792.07 1272.28 0.175462
6 1441.89 975.12 1470.66 997.05 0.175420
3 1057.83 1074.86 1119.69 1107.36 0.175065
6 1564.77 981.21 1606.57 1002.32 0.174313
4 0.17 1456.32 35.32 1493.56 0.173515
2 5.57 88.24 1817.27 1041.40 0.172556
6 780.63 1135.69 847.58 1168.88 0.171193
5 1357.50 1023.56 1398.57 1046.95 0.171108
5 587.59 329.07 936.32 927.81 0.171089
6 817.39 885.88 878.33 915.10 0.169813
5 1.12 86.88 451.00 1038.32 0.169529
3 425.14 1106.63 574.88 1150.74 0.169006
3 5.72 88.48 1813.82 1037.78 0.168564
5 1398.28 982.88 1438.38 1007.31 0.168393
3 1500.31 949.26 1534.23 970.13 0.167164
4 463.63 987.51 501.66 1012.87 0.166340
3 1566.65 896.26 1594.51 913.95 0.165012
3 152.72 920.79 1788.01 1255.54 0.164866
1 1122.44 1118.35 1146.32 1156.11 0.164507
4 1566.44 896.46 1594.82 914.46 0.162212
5 1609.67 899.67 1650.60 920.20 0.162123
6 1300.90 1034.34 1350.08 1060.00 0.160372
3 484.60 1142.97 551.37 1177.36 0.159602
5 162.73 941.85 1654.13 1255.66 0.159379
2 6.40 929.37 1986.42 1495.30 0.158875
1 276.28 1348.95 300.08 1397.44 0.158423
2 847.42 1088.50 883.50 1128.07 0.158330
6 1403.91 1014.88 1443.47 1038.08 0.158165
6 1350.92 987.63 1399.39 1014.76 0.157564
3 1691.84 920.34 1718.31 936.76 0.157321
4 1484.49 948.09 1534.89 971.80 0.154070
6 0.18 1457.54 35.31 1494.89 0.153830
5 1566.88 896.30 1594.33 913.55 0.153407
3 1051.00 976.14 1450.75 1114.82 0.153171
1 357.95 1091.97 578.21 1163.27 0.152891
6 462.84 987.63 501.65 1013.62 0.152436
2 851.75 1210.15 875.75 1272.85 0.151685
6 736.69 867.77 790.81 915.47 0.151407
2 7.32 77.22 1990.81 1486.05 0.150174
6 1609.79 900.08 1649.75 919.88 0.149834
6 240.62 999.07 472.86 1055.86 0.149738
5 773.32 1135.73 847.18 1181.56 0.148904
3 1484.77 948.36 1534.08 971.67 0.147710
4 1691.64 919.86 1718.60 936.29 0.147176
6 1398.07 982.99 1439.10 1007.35 0.146108
3 1889.69 982.57 1964.84 1009.57 0.145658
2 297.02 985.83 1462.15 1263.97 0.145067
3 881.07 1144.18 977.46 1185.23 0.141711
5 1062.61 1024.88 1108.66 1048.25 0.141417
5 1496.49 949.21 1534.69 970.49 0.141327
5 736.41 867.00 791.07 915.27 0.140081
6 1892.36 982.99 1966.73 1010.92 0.139942
3 8.33 934.28 1669.11 1276.08 0.139652
6 158.17 929.71 1664.41 1263.79 0.139505
2 293.60 958.77 1647.75 1266.94 0.138418
6 240.57 991.47 500.36 1056.47 0.138323
3 770.21 1079.60 843.87 1130.62 0.138036
3 139.33 869.53 1784.90 1258.27 0.136976
3 1406.34 452.10 1605.90 501.05 0.135571
1 881.65 1232.52 903.61 1269.25 0.135390
6 1502.69 949.37 1534.53 969.93 0.134561
1 802.60 1200.14 947.31 1273.04 0.134047
1 6.12 956.25 1991.29 1495.01 0.133415
2 356.05 1079.02 886.44 1165.55 0.131370
6 1484.89 948.21 1534.18 971.07 0.130920
4 487.68 1143.66 551.64 1174.60 0.130396
5 1484.88 948.38 1534.71 971.71 0.129838
3 849.87 1210.87 875.26 1273.21 0.129241
6 1489.33 998.01 1524.50 1023.47 0.129127
3 880.51 1206.53 927.78 1240.81 0.128603
1 168.32 1203.14 274.75 1249.09 0.128528
2 931.81 1219.70 949.88 1258.31 0.127579
3 5.04 958.70 1993.58 1496.38 0.127356
1 302.14 1365.72 324.32 1410.49 0.126018
5 168.10 971.49 1482.19 1251.55 0.124591
5 465.45 987.58 501.49 1012.39 0.124091
1 6.90 89.94 1795.54 1033.01 0.123375
5 1054.78 980.61 1444.91 1116.70 0.123179
6 1054.61 977.71 1446.75 1114.53 0.122974
5 9.64 926.29 1795.76 1276.76 0.122778
3 293.54 1104.07 588.65 1222.34 0.122465
1 424.82 1123.56 447.34 1150.78 0.122337
6 1567.29 895.73 1594.14 913.32 0.121849
3 1937.71 1197.30 1997.40 1252.76 0.121444
1 488.53 1114.04 511.23 1143.23 0.120972
5 1690.75 920.43 1718.59 937.24 0.119263
6 806.55 1205.14 872.78 1248.64 0.118525
1 444.62 1198.31 540.54 1244.70 0.118394
6 1357.28 1023.49 1397.93 1046.67 0.118314
3 583.34 1179.64 651.44 1220.83 0.117896
4 1497.33 948.75 1535.05 969.65 0.117624
4 1889.59 982.22 1966.16 1008.85 0.116886
5 0.28 1454.94 35.34 1494.33 0.114493
5 818.66 886.51 877.97 914.31 0.113913
4 795.09 948.92 836.65 973.79 0.113862
5 1894.40 982.60 1966.50 1009.09 0.112064
4 7.64 966.94 1470.86 1272.82 0.111757
3 10.71 958.85 1491.42 1275.03 0.110924
1 861.91 1088.96 883.10 1123.21 0.110164
3 32.63 1453.82 96.61 1490.20 0.110090
5 880.87 1207.07 927.65 1241.56 0.109269
4 781.39 1079.39 835.59 1105.83 0.109237
3 931.91 1220.05 949.09 1257.68 0.109017
1 750.21 1380.20 921.90 1496.81 0.108934
6 998.71 145.00 1354.29 963.48 0.108877
3 292.55 1006.60 1332.02 1238.60 0.108536
6 288.45 960.41 1470.32 1243.76 0.108372
4 800.26 944.07 860.68 970.65 0.107746
4 1064.35 1023.80 1108.42 1047.07 0.107395
3 1213.76 1022.40 1269.51 1061.14 0.106320
3 15.27 985.23 1459.60 1285.17 0.106267
6 411.98 1190.80 539.61 1243.40 0.106257
3 292.76 1188.05 344.11 1223.26 0.105959
2 423.90 1123.08 447.45 1150.69 0.105846
1 770.25 1079.13 843.78 1131.25 0.105801
6 880.25 1206.54 928.03 1241.10 0.105353
1 287.62 984.95 1470.18 1250.73 0.104890
3 0.90 1451.54 96.47 1494.89 0.104799
1 583.21 1178.88 652.11 1221.18 0.103891
6 1689.77 920.57 1718.54 938.04 0.103766
3 291.84 1069.11 887.73 1231.32 0.103384
1 292.95 1070.75 889.33 1234.30 0.103083
6 6.69 921.97 1766.24 1290.97 0.102861
3 1053.88 985.31 1443.01 1114.69 0.101903
3 1056.45 1018.75 1273.40 1113.76 0.101574
6 291.88 1078.04 859.72 1235.49 0.101461
4 933.63 944.90 972.18 967.62 0.101157
2 6.09 84.90 1971.70 1053.04 0.101023
3 1122.78 1119.33 1145.96 1155.36 0.100996
2 292.27 1074.12 892.18 1230.83 0.100915
6 806.69 1200.57 927.96 1249.06 0.100631
1 392.00 1126.40 416.95 1158.49 0.098976
3 6.55 79.11 1990.69 1488.46 0.098689
3 806.11 1199.46 927.88 1248.38 0.098100
2 802.98 1200.33 948.99 1272.38 0.097588
3 934.07 945.22 971.55 967.26 0.097166
3 878.25 1065.39 1751.99 1326.41 0.096477
1 519.66 1109.28 542.07 1135.24 0.096220
3 815.83 886.52 877.33 914.48 0.095926
5 292.51 1188.15 344.07 1223.38 0.095425
3 276.85 1349.46 299.58 1396.93 0.095265
4 582.08 1077.14 847.19 1223.41 0.094780
2 6.37 786.48 1990.40 1494.46 0.094673
4 571.61 975.43 1457.91 1227.24 0.094643
3 793.75 950.80 834.27 975.50 0.094399
3 1063.68 1024.84 1107.47 1048.02 0.094032
2 518.98 1108.79 542.13 1134.81 0.093631
3 1398.51 454.81 1485.34 654.72 0.093429
3 750.10 1380.42 922.20 1497.53 0.092930
3 1197.28 1066.30 1752.79 1248.85 0.092918
3 5.04 86.13 1959.83 1052.67 0.092844
3 1126.08 1067.60 1183.94 1099.13 0.092326
3 838.06 994.74 898.11 1037.35 0.091700
6 933.68 945.68 972.40 968.51 0.091655
3 774.41 949.94 834.02 983.40 0.091300
6 1063.81 1024.67 1108.64 1045.65 0.091185
3 290.57 959.20 1645.54 1244.93 0.091078
2 159.06 965.08 1498.54 1289.43 0.091031
3 806.25 1204.87 875.03 1247.85 0.090840
3 1.01 1227.30 278.50 1481.39 0.090601
5 0.86 1224.67 280.32 1487.81 0.090446
1 456.78 1117.23 481.42 1146.46 0.090381
3 1013.33 967.27 1061.36 996.48 0.090355
2 1123.06 1118.64 1146.15 1155.77 0.090273
2 881.87 1233.12 903.94 1268.73 0.090025
2 234.28 953.82 1849.93 1269.93 0.089983
5 805.39 943.69 860.04 968.66 0.089804
5 806.49 1205.60 873.69 1248.35 0.089582
5 487.21 1145.13 550.99 1176.42 0.089517
3 291.48 826.47 1768.20 1248.90 0.089336
1 357.19 1076.49 881.08 1165.76 0.088928
3 1498.07 524.45 1595.78 654.42 0.088448
5 934.04 945.78 972.18 968.17 0.088308
3 803.73 942.87 860.48 969.72 0.088126
3 950.70 1056.96 1013.52 1091.78 0.088043
4 292.34 1187.70 344.14 1223.62 0.087924
3 881.96 1233.72 902.85 1268.79 0.087754
1 551.80 1102.02 575.72 1130.42 0.087750
5 1056.89 991.08 1344.11 1114.18 0.087526
2 8.42 941.27 1641.22 1489.04 0.087248
1 1385.27 1190.35 1996.61 1496.78 0.087013
1 673.50 1158.85 747.77 1196.94 0.086745
1 785.81 1175.29 809.11 1224.39 0.086739
3 425.60 1119.08 480.44 1148.77 0.086626
3 1331.35 691.82 1643.08 860.70 0.086324
5 15.88 964.31 1494.57 1276.36 0.086203
3 790.59 1136.33 847.42 1167.03 0.085805
2 244.48 834.32 1762.45 1284.66 0.085477
2 456.72 1117.01 481.50 1146.31 0.085449
3 1188.78 1055.86 1242.34 1087.38 0.085441
6 1060.92 1023.82 1145.82 1069.39 0.084993
5 1817.05 738.21 1997.95 980.15 0.084768
2 276.39 1349.20 300.24 1397.05 0.084690
5 1332.28 692.91 1642.58 861.07 0.084242
1 848.33 1096.08 868.07 1127.93 0.084052
4 167.66 1076.60 859.00 1248.43 0.083982
3 1216.22 1023.28 1266.87 1054.47 0.083935
3 292.27 1093.58 590.95 1225.10 0.083711
3 837.22 993.93 964.88 1039.08 0.083412
3 421.57 1102.16 575.94 1151.74 0.083391
5 426.50 1117.34 476.91 1149.62 0.083364
1 950.20 1055.49 1013.79 1092.21 0.082729
3 1682.54 1329.33 1734.51 1368.75 0.082329
3 91.40 942.45 1636.00 1275.27 0.082301
3 782.66 1136.98 846.19 1167.64 0.082177
3 867.66 941.23 891.08 962.53 0.081978
4 162.19 941.24 1656.35 1256.25 0.081973
5 449.30 988.18 501.61 1017.98 0.081856
3 574.89 934.58 604.97 956.22 0.081829
6 292.32 1119.61 656.06 1223.81 0.081756
3 672.62 990.25 1445.41 1213.22 0.081072
2 357.37 1082.23 579.04 1161.72 0.080869
5 794.67 1136.60 847.98 1168.19 0.080819
1 7.22 80.38 1989.99 1489.46 0.080766
1 949.67 1017.40 967.96 1045.29 0.080697
1 192.60 1397.37 222.48 1434.93 0.080192
6 1863.79 963.67 1980.37 1014.62 0.080150
2 551.91 1101.87 575.62 1129.67 0.080021
5 798.54 949.35 836.73 973.06 0.080019
3 1351.19 988.33 1397.95 1014.39 0.080001
5 1259.37 1049.66 1301.24 1087.19 0.079795
6 1812.96 1005.63 1872.84 1044.63 0.079411
4 1657.22 870.94 1687.30 893.34 0.079103
4 880.68 1207.64 928.22 1240.89 0.079039
1 700.71 1128.21 775.62 1169.44 0.079000
3 1656.26 870.33 1687.25 893.63 0.078702
3 1638.75 539.30 1694.65 587.26 0.078547
3 0.19 1458.14 34.20 1494.20 0.078539
3 1053.10 991.44 1343.60 1113.84 0.078146
4 426.29 1118.67 481.07 1148.54 0.077979
4 1556.18 938.70 1652.64 987.22 0.077908
3 99.15 1019.31 165.44 1047.67 0.077786
6 0.32 1443.15 71.87 1494.84 0.077643
2 848.17 1097.95 866.05 1127.72 0.077243
2 291.68 1095.02 580.19 1224.91 0.077171
3 1533.96 888.88 1555.20 904.99 0.076914
3 1408.95 905.79 1433.26 1016.67 0.076802
2 5.99 80.65 1975.40 1209.62 0.076527
5 806.54 1200.22 927.95 1248.81 0.076467
6 1556.20 939.03 1652.88 986.57 0.075983
4 575.66 934.49 605.84 956.44 0.075947
6 1262.27 993.87 1342.30 1032.58 0.075844
2 53.82 827.16 1780.61 1293.59 0.075545
6 10.25 962.46 1479.72 1277.74 0.075473
6 293.68 1069.42 1034.75 1241.39 0.075376
3 1004.15 1094.43 1043.05 1119.99 0.075207
3 1064.16 1032.34 1145.09 1068.84 0.075155
3 675.13 1081.53 889.14 1195.49 0.075055
6 425.82 1118.22 479.66 1149.15 0.074783
1 359.97 1115.05 382.13 1163.29 0.074768
1 1047.75 1001.01 1450.08 1135.05 0.074691
3 862.07 1089.76 883.18 1121.60 0.074647
1 1406.24 450.89 1606.04 498.18 0.074613
3 1064.92 1024.07 1107.25 1047.02 0.074561
3 1398.47 495.28 1484.26 654.75 0.074521
1 1125.92 1066.80 1184.08 1099.85 0.074199
3 168.22 1075.94 868.70 1249.47 0.074067
1 589.14 1124.69 657.56 1163.13 0.073894
1 1213.58 1021.73 1269.91 1061.71 0.073843
3 1357.20 953.57 1380.65 974.89 0.073751
3 1331.72 453.88 1740.92 865.48 0.073152
3 411.71 1189.74 492.81 1230.25 0.072997
1 1406.93 903.86 1435.51 1028.66 0.072480
4 771.95 1087.52 808.62 1127.08 0.071827
1 899.07 1196.79 917.56 1220.27 0.071821
4 493.88 949.74 537.91 972.61 0.071783
5 1658.08 870.12 1687.04 892.49 0.071752
6 1418.00 1074.56 1470.19 1104.08 0.071478
3 737.25 867.70 790.06 910.66 0.071439
3 1642.06 538.06 1695.57 588.07 0.071239
3 1813.42 737.72 1997.60 983.11 0.070961
3 292.97 1019.61 1301.29 1235.36 0.070853
3 581.14 1077.93 847.51 1223.62 0.070851
3 490.10 949.71 538.04 972.35 0.070665
6 582.11 1077.95 848.84 1224.19 0.070483
5 1667.02 920.93 1719.25 942.71 0.070410
5 784.46 1080.01 835.56 1105.34 0.070046
6 482.14 1145.35 554.12 1179.31 0.070004
3 44.86 1456.07 75.45 1488.30 0.069867
4 1261.98 993.28 1342.16 1032.62 0.069793
2 782.39 996.29 1450.25 1271.10 0.069791
1 1033.00 1007.44 1055.77 1050.13 0.069725
3 1061.42 1025.30 1145.24 1068.71 0.069481
3 1045.42 953.13 1104.66 1117.74 0.069480
1 287.46 959.51 1726.43 1249.94 0.069355
2 302.82 1366.29 323.83 1410.28 0.069244
2 391.23 1125.53 416.67 1158.57 0.069179
6 1863.62 964.77 1979.94 1000.49 0.069108
6 1350.73 931.78 1484.15 1018.98 0.069069
3 241.08 994.78 489.14 1054.39 0.069056
3 0.13 1239.87 37.68 1277.13 0.069036
2 486.95 1113.51 511.49 1143.07 0.069025
6 807.95 941.69 860.24 967.81 0.068828
1 1679.47 1329.13 1707.16 1367.56 0.068822
1 1013.33 966.72 1061.53 997.50 0.068709
3 266.37 1308.53 888.01 1497.19 0.068610
3 943.65 1198.21 998.30 1246.24 0.068501
3 1051.78 992.15 1447.34 1111.34 0.068492
1 1149.11 1024.93 1204.43 1057.77 0.068344
3 786.76 1079.78 833.74 1101.76 0.068335
3 5.70 899.08 1992.11 1491.31 0.068334
6 2.07 86.53 451.01 1027.23 0.068268
3 1407.93 905.03 1434.96 1027.75 0.067897
1 857.18 1122.64 922.33 1159.04 0.067851
5 242.10 998.02 474.98 1054.89 0.067826
2 1016.62 995.41 1446.54 1105.63 0.067783
4 1532.57 889.50 1555.71 905.59 0.067688
4 167.04 1070.21 1034.93 1249.33 0.067564
3 19.18 1370.38 125.25 1413.96 0.067458
5 1533.92 888.51 1555.34 904.98 0.067458
3 674.58 1018.71 1278.94 1199.46 0.067433
6 573.00 934.58 605.54 956.86 0.067426
1 804.88 1210.91 839.80 1251.71 0.066917
4 28.00 1017.40 165.07 1073.54 0.066904
3 1749.89 963.96 1794.27 986.24 0.066840
2 583.34 1178.64 652.00 1220.43 0.066779
3 861.34 1199.17 927.43 1239.95 0.066336
3 446.01 867.50 494.65 897.41 0.066272
1 110.84 1420.51 135.61 1464.49 0.066233
3 1556.14 939.33 1652.49 985.81 0.066204
3 1331.09 454.24 1814.38 869.20 0.066188
4 1357.52 1013.18 1443.54 1046.54 0.066186
1 1050.71 944.72 1100.16 1121.28 0.066146
5 1417.87 1074.47 1470.35 1104.22 0.066017
2 13.20 87.46 1855.18 1286.15 0.065921
1 291.00 1096.07 580.90 1226.12 0.065903
2 1384.02 1190.40 1996.90 1497.04 0.065843
4 806.02 1204.66 874.67 1247.88 0.065827
5 581.48 1076.80 847.74 1223.74 0.065735
3 939.23 1002.17 964.20 1034.37 0.065501
5 291.20 1075.28 858.21 1232.51 0.065367
6 1862.50 965.33 1901.22 997.71 0.065255
6 1666.80 921.12 1718.61 943.66 0.065147
6 1492.21 997.97 1523.62 1015.21 0.064901
3 1495.33 822.32 1764.19 971.05 0.064811
5 411.41 1190.84 539.42 1243.00 0.064560
4 1214.84 1019.14 1261.85 1048.82 0.064490
1 935.39 1268.14 1266.41 1402.09 0.064376
3 1594.55 539.20 1694.90 587.85 0.064311
3 166.63 1065.61 1036.25 1249.64 0.064210
5 1061.15 1025.19 1145.34 1069.28 0.064167
3 1556.19 940.11 1607.44 967.55 0.064117
6 798.76 1136.86 848.28 1168.92 0.063976
4 1555.00 933.25 1796.18 991.78 0.063872
2 770.11 1079.01 844.92 1131.40 0.063766
3 17.76 1184.64 1994.62 1497.85 0.063707
4 13.26 855.12 1806.06 1281.47 0.063676
2 862.58 1089.04 883.44 1122.19 0.063595
3 1091.78 1037.73 1146.11 1068.11 0.063583
3 1400.86 451.66 1605.60 654.68 0.063579
1 99.56 1018.48 165.68 1047.92 0.063550
2 673.57 1158.65 747.48 1196.16 0.063531
3 1604.63 961.34 1650.25 985.82 0.063507
1 1257.70 1053.74 1276.54 1089.51 0.063343
4 806.02 1199.17 928.41 1248.17 0.063298
6 1358.62 954.67 1379.38 973.86 0.063221
2 168.58 1203.35 274.77 1248.11 0.063044
3 426.19 1146.42 556.53 1190.08 0.062883
1 773.76 1163.66 794.80 1206.16 0.062789
5 445.95 867.02 494.89 897.60 0.062768
3 490.94 1141.22 548.68 1167.44 0.062718
2 444.87 1198.25 540.33 1244.80 0.062699
2 1022.88 994.12 1448.89 1128.64 0.062671
6 674.83 1133.56 847.37 1200.13 0.062592
1 165.88 1070.09 894.57 1257.13 0.062437
6 426.17 1114.19 476.40 1148.77 0.062321
1 688.30 1108.84 758.70 1148.51 0.062316
2 15.60 937.88 1833.34 1491.06 0.062176
5 802.07 947.35 838.63 968.59 0.062174
3 291.14 1119.55 654.46 1222.09 0.062160
3 1061.01 1027.60 1091.32 1053.07 0.062109
1 1732.38 1390.80 1904.02 1480.32 0.061929
6 27.13 991.08 500.93 1076.89 0.061883
3 292.84 1039.22 1022.63 1233.79 0.061790
4 867.86 940.99 891.70 963.10 0.061789
3 247.19 961.50 289.11 983.79 0.061744
3 585.99 1181.02 649.76 1216.65 0.061717
3 675.35 933.83 891.62 982.14 0.061709
3 302.39 1365.75 324.38 1409.75 0.061568
3 1819.50 1037.17 1861.83 1068.06 0.061460
5 1351.34 988.11 1398.40 1014.03 0.061323
5 1813.07 1005.69 1872.82 1043.88 0.061268
6 763.38 1202.85 796.23 1234.60 0.061231
6 28.51 1018.79 165.37 1074.11 0.061104
5 242.11 990.66 499.98 1056.01 0.061057
3 291.60 1134.37 583.81 1222.80 0.060778
3 774.55 1081.67 839.39 1124.85 0.060673
3 772.67 1090.37 812.55 1128.99 0.060661
4 1038.82 932.92 1791.63 1115.43 0.060582
5 1723.65 705.28 1815.68 816.61 0.060539
3 1260.04 1049.66 1300.51 1086.64 0.060295
1 618.22 1039.62 636.96 1076.82 0.060257
5 1399.61 495.75 1483.83 654.02 0.060110
3 0.40 1452.61 72.51 1493.81 0.060106
4 699.71 1135.88 768.24 1173.23 0.060040
3 1683.33 880.29 1707.70 899.01 0.059874
5 1887.68 974.71 1975.97 1009.96 0.059770
5 1499.77 524.94 1594.69 653.79 0.059749
3 950.46 1018.18 967.49 1044.06 0.059613
3 753.31 942.93 826.68 985.01 0.059570
5 167.83 1072.00 867.87 1253.28 0.059503
5 573.48 934.13 605.22 956.62 0.059432
3 1652.96 939.44 1703.22 963.79 0.059271
1 71.14 953.82 1908.30 1263.66 0.059211
2 19.68 1370.67 125.72 1413.27 0.059177
5 309.42 985.82 1450.12 1237.91 0.059144
1 275.38 1348.24 323.37 1410.76 0.059140
3 1489.40 997.92 1523.22 1024.86 0.058965
4 1819.13 1037.12 1862.03 1068.01 0.058923
5 424.87 1110.98 545.32 1149.36 0.058914
1 412.65 1189.14 489.50 1230.03 0.058825
3 292.03 1101.16 671.14 1225.74 0.058788
3 1216.58 1027.39 1267.89 1055.23 0.058715
1 1057.71 1072.95 1121.56 1113.07 0.058688
6 1356.67 950.98 1380.71 974.83 0.058685
3 413.39 1192.08 488.38 1226.02 0.058605
3 859.05 1123.55 920.38 1154.72 0.058532
4 1061.81 1024.76 1145.53 1069.54 0.058492
3 1609.57 900.34 1648.86 919.74 0.058477
1 562.64 1022.82 588.85 1127.68 0.058397
4 1000.45 144.01 1353.96 959.47 0.058235
1 899.33 1028.75 915.43 1056.15 0.058132
3 1399.39 983.32 1438.52 1006.50 0.058126
3 905.79 1042.84 943.30 1075.02 0.058100
4 815.69 886.38 877.96 914.92 0.058090
3 1418.02 1074.34 1470.00 1103.96 0.058027
3 946.40 1197.58 999.37 1243.33 0.058002
3 368.88 1107.65 571.46 1155.90 0.057959
1 1067.76 1148.25 1089.19 1171.20 0.057902
1 1498.28 524.30 1595.61 654.16 0.057778
2 950.04 1017.37 968.27 1044.59 0.057695
3 776.71 1134.19 847.75 1172.45 0.057628
3 881.15 1148.94 939.89 1185.40 0.057491
5 1707.59 903.49 1749.83 947.52 0.057249
3 673.89 1044.45 1015.31 1197.50 0.057249
4 797.46 1135.66 847.90 1167.07 0.057235
1 674.26 1081.72 885.60 1200.81 0.057195
6 1059.25 993.33 1347.09 1073.60 0.057088
1 53.35 1453.76 78.18 1486.39 0.057062
3 1679.73 1329.98 1706.92 1367.69 0.057061
6 928.20 863.85 963.96 890.21 0.056947
3 1566.76 895.13 1594.43 912.84 0.056836
6 756.74 942.52 831.81 984.85 0.056780
4 771.82 1087.10 813.48 1125.59 0.056647
2 33.65 939.75 1659.44 1359.09 0.056624
3 1300.90 1032.91 1347.69 1060.72 0.056610
4 1684.44 881.05 1708.81 899.52 0.056577
3 1057.39 1066.76 1183.11 1109.02 0.056539
2 13.59 80.79 1975.14 1318.74 0.056444
3 1007.70 937.01 1653.63 1119.71 0.056439
1 648.19 1335.03 676.02 1375.57 0.056418
6 259.02 842.81 1793.88 1248.90 0.056365
3 1938.10 1214.83 1975.86 1252.08 0.056203
4 931.97 941.71 1646.80 1131.87 0.056136
3 675.31 933.41 974.11 983.63 0.056026
3 932.61 1094.27 1042.68 1136.01 0.056014
1 852.88 1214.26 874.24 1243.74 0.055945
3 1812.72 1005.51 1870.81 1039.43 0.055924
4 675.12 933.19 890.04 980.72 0.055809
3 287.27 1076.33 854.45 1232.73 0.055784
5 79.64 843.73 1799.25 1269.33 0.055773
6 361.23 1089.84 576.28 1158.03 0.055722
1 1.68 1230.22 278.42 1482.74 0.055614
6 1819.21 1037.18 1862.39 1068.19 0.055606
3 859.32 1090.66 881.88 1119.35 0.055540
6 587.12 329.24 936.10 924.71 0.055492
3 772.49 1086.86 814.73 1127.45 0.055444
1 773.88 1161.68 808.18 1224.33 0.055370
3 1516.66 828.06 1770.56 963.92 0.055365
6 165.55 1087.57 1007.63 1253.06 0.055264
4 838.57 943.43 863.66 966.88 0.055190
2 786.01 1177.56 808.84 1223.62 0.055129
3 861.18 1091.50 881.99 1120.54 0.055125
3 1350.82 928.22 1484.98 1017.52 0.054984
2 1406.32 450.77 1606.09 497.02 0.054868
5 1260.70 1048.93 1301.19 1076.29 0.054842
3 674.70 1133.51 847.78 1195.50 0.054813
3 806.62 1202.23 926.55 1249.32 0.054634
1 291.64 1186.76 345.33 1223.86 0.054568
3 456.83 1117.39 480.79 1146.03 0.054501
3 1409.60 864.01 1461.99 886.16 0.054423
3 480.47 1138.63 550.94 1174.98 0.054372
3 2.95 831.85 1995.45 1497.34 0.054348
4 1749.30 963.36 1795.14 987.30 0.054328
5 570.52 977.70 1455.51 1229.76 0.054309
3 1416.02 1071.93 1472.10 1105.35 0.054308
3 752.28 940.71 862.59 985.01 0.054222
1 770.19 1078.61 884.04 1131.46 0.054165
3 1565.09 981.21 1603.57 1004.48 0.054145
2 853.19 1213.98 874.57 1243.57 0.054105
6 241.17 1015.99 334.17 1055.35 0.054100
3 425.06 1124.59 446.65 1150.20 0.054051
1 1188.40 1054.98 1241.86 1089.25 0.054007
6 446.04 867.43 494.88 897.74 0.053986
5 1216.10 1027.10 1268.33 1055.74 0.053968
3 786.16 1176.20 809.19 1223.36 0.053817
4 1055.15 996.68 1360.22 1113.14 0.053798
2 899.21 1196.78 917.24 1220.31 0.053726
6 1032.46 933.02 1654.15 1119.80 0.053692
4 933.93 1105.90 993.78 1132.67 0.053619
3 1631.79 576.76 1731.35 698.00 0.053518
3 165.93 822.06 1787.95 1269.78 0.053393
3 1127.83 1069.26 1181.52 1095.21 0.053392
5 6.63 927.33 1984.50 1489.67 0.053384
1 880.93 1139.52 979.35 1184.67 0.053284
4 1356.34 952.60 1381.40 974.57 0.053281
3 288.26 946.77 1791.91 1243.18 0.053266
2 168.19 1066.36 906.19 1271.36 0.053119
4 1049.45 939.38 1653.18 1117.33 0.053106
3 392.50 1127.87 416.99 1158.18 0.052998
1 931.34 1104.23 989.91 1137.24 0.052808
3 6.22 939.14 1650.92 1486.89 0.052761
1 1398.25 494.44 1484.14 655.15 0.052725
2 700.19 1127.53 775.79 1169.70 0.052694
3 741.62 1008.36 788.67 1067.79 0.052693
3 664.72 959.92 1638.03 1217.71 0.052661
6 1533.83 887.99 1555.45 904.70 0.052569
3 1731.44 1391.27 1903.41 1479.67 0.052417
3 91.87 990.69 500.38 1052.80 0.052337
3 1002.43 1093.55 1043.92 1120.84 0.052318
3 1357.18 1014.00 1443.18 1047.20 0.052317
3 28.27 1017.92 164.77 1072.73 0.052237
6 0.59 1389.34 256.91 1493.76 0.052202
1 4.02 85.99 1968.79 1046.34 0.052200
3 275.11 886.61 1742.71 1248.31 0.052179
3 676.02 1076.60 887.49 1200.98 0.052063
3 931.49 1104.59 993.94 1136.92 0.052059
1 560.61 1022.85 591.90 1220.96 0.051832
3 520.25 1109.50 541.38 1134.14 0.051830
5 246.69 960.86 290.17 985.10 0.051809
2 1026.78 1006.27 1056.66 1050.41 0.051668
3 763.40 1201.92 796.67 1234.36 0.051588
6 246.95 961.49 290.16 984.97 0.051528
3 354.10 1079.15 877.12 1163.22 0.051488
3 550.14 937.22 1648.28 1232.07 0.051478
4 1602.71 960.22 1631.18 981.74 0.051369
1 1298.81 1031.59 1350.68 1062.50 0.051363
3 838.55 942.85 863.18 966.55 0.051339
6 418.73 987.13 501.19 1019.46 0.051304
1 1678.82 1328.00 1728.28 1370.31 0.051304
3 26.45 931.78 900.77 1070.06 0.051272
4 168.29 1047.03 1041.61 1250.39 0.051212
4 1127.04 1068.85 1182.32 1096.00 0.051157
3 288.53 1069.78 1010.22 1238.71 0.051128
3 1040.78 935.02 1797.33 1114.00 0.051089
6 676.09 1077.66 847.30 1214.61 0.051023
4 952.24 1060.63 1011.93 1090.08 0.051009
6 1706.24 903.91 1750.83 946.80 0.050999
3 22.53 1372.64 122.93 1411.62 0.050943
3 929.08 863.51 964.75 889.56 0.050914
4 0.64 1448.15 79.16 1494.86 0.050910
4 416.82 988.31 501.11 1016.65 0.050791
5 5.03 944.06 1650.26 1484.68 0.050751
1 0.70 1451.93 36.16 1493.59 0.050705
5 1408.59 905.98 1434.33 1010.60 0.050690
2 849.38 1196.56 950.24 1270.00 0.050620
1 1002.01 1093.13 1042.91 1121.63 0.050605
6 1052.22 942.33 1479.60 1122.64 0.050561
6 292.55 990.94 1446.23 1229.74 0.050498
3 191.28 1397.55 222.00 1435.19 0.050469
4 291.00 1144.68 559.13 1221.64 0.050469
3 293.05 1087.54 1035.66 1228.11 0.050413
3 574.54 972.12 604.78 989.90 0.050387
6 1409.50 861.85 1462.32 885.48 0.050374
6 1514.92 695.29 1606.69 716.19 0.050234
1 1813.16 737.48 1997.56 984.66 0.050210
3 911.36 1050.35 942.29 1073.69 0.050208
3 172.52 1074.36 916.51 1250.93 0.050204
1 11.31 956.62 1563.91 1487.57 0.050172
1 0.24 1238.99 38.07 1277.95 0.050170
3 1658.12 870.66 1687.40 890.79 0.050150
3 1151.09 1026.18 1202.40 1053.49 0.049996
3 31.24 997.89 1432.77 1276.97 0.049970
6 1259.42 1049.88 1301.09 1086.48 0.049938
3 488.52 1114.21 510.35 1142.65 0.049920
4 585.45 1180.42 650.16 1217.10 0.049911
4 675.13 933.52 973.75 980.31 0.049872
4 1063.65 995.78 1345.11 1071.02 0.049817
5 496.31 948.77 537.42 971.78 0.049800
3 819.24 1137.64 846.65 1167.53 0.049798
3 1626.03 936.10 1702.26 965.96 0.049743
3 1014.87 969.44 1058.88 994.90 0.049660
5 1356.78 953.23 1379.85 974.12 0.049650
4 688.75 1109.44 756.61 1142.53 0.049644
3 1554.59 934.80 1796.17 991.19 0.049586
5 355.67 1089.04 575.97 1157.75 0.049527
3 573.81 975.56 1454.33 1228.03 0.049414
3 1514.39 695.14 1616.81 716.03 0.049414
3 490.62 1426.41 749.41 1499.18 0.049386
1 778.54 1132.89 847.69 1172.61 0.049360
3 291.47 1186.89 347.15 1223.69 0.049307
3 0.49 1453.18 36.46 1493.51 0.049295
4 1014.49 968.82 1059.45 995.62 0.049269
6 576.78 973.19 1465.32 1225.61 0.049266
2 1496.89 818.69 1767.59 969.22 0.049168
5 1054.49 952.35 1106.55 1117.14 0.049119
5 5.58 87.84 1815.01 1042.55 0.049096
3 672.83 1019.41 1016.76 1200.88 0.049086
2 950.41 1052.50 1013.64 1092.10 0.049063
5 763.14 1202.97 795.54 1234.60 0.049061
3 764.04 1201.14 802.59 1234.60 0.049030
5 168.30 1064.98 1049.39 1253.44 0.049018
3 1059.49 993.66 1344.53 1072.26 0.048974
4 47.88 934.62 748.52 1053.01 0.048927
3 848.95 1096.52 867.87 1127.44 0.048901
6 1349.86 979.57 1439.09 1015.42 0.048870
1 1049.44 1002.08 1444.95 1101.66 0.048836
6 1472.44 1055.66 1513.83 1081.38 0.048730
2 30.84 814.08 1933.50 1291.22 0.048729
6 861.15 1198.44 927.08 1239.88 0.048601
4 858.42 1122.86 921.06 1155.36 0.048570
3 1558.99 941.62 1604.10 965.53 0.048569
1 1415.65 1071.38 1471.90 1105.74 0.048520
1 1331.51 453.75 1742.29 867.77 0.048493
4 674.65 1160.09 746.87 1193.26 0.048422
3 1357.51 1022.45 1395.76 1051.11 0.048399
2 359.07 1114.73 382.02 1163.66 0.048206
3 551.59 1102.37 575.88 1129.74 0.048170
1 1261.24 994.14 1343.21 1032.93 0.047892
3 16.28 812.17 1831.66 1276.70 0.047872
3 952.14 1019.32 967.20 1042.77 0.047860
5 859.25 1199.08 927.39 1241.41 0.047849
4 752.66 942.14 820.41 985.11 0.047845
5 1819.44 1037.57 1862.50 1068.03 0.047773
3 1679.32 1328.50 1731.79 1370.95 0.047678
6 424.67 1110.81 543.50 1149.86 0.047670
3 893.55 1217.39 1224.33 1331.37 0.047469
2 768.12 962.84 1643.71 1268.75 0.047452
5 859.74 1091.46 882.42 1119.87 0.047400
3 1514.71 695.38 1605.11 715.69 0.047338
4 433.52 1147.32 554.00 1191.17 0.047304
5 6.92 78.18 1989.46 1484.44 0.047235
5 773.39 1081.51 839.89 1126.44 0.047117
5 292.09 1115.47 654.05 1222.57 0.047117
2 1213.19 1021.79 1269.99 1062.68 0.047115
4 754.40 940.52 865.34 985.96 0.047095
3 1331.16 691.32 1724.95 860.20 0.047087
3 1261.59 1046.72 1301.14 1075.02 0.047047
2 1036.24 1010.52 1055.18 1049.87 0.046996
3 1051.33 961.67 1646.55 1120.14 0.046980
2 192.54 1396.81 222.23 1434.65 0.046890
1 770.48 1132.81 848.65 1218.87 0.046886
6 6.27 921.63 1987.66 1489.28 0.046884
5 1555.52 938.59 1653.26 986.68 0.046794
6 1863.61 963.34 1980.32 1042.93 0.046737
3 194.21 1053.67 268.39 1081.04 0.046711
3 1162.39 973.20 1208.46 997.80 0.046586
6 993.05 1168.22 1056.20 1202.48 0.046582
3 899.72 1029.63 914.57 1055.24 0.046492
1 740.96 1007.38 789.29 1067.62 0.046437
4 446.36 1199.55 538.91 1240.44 0.046414
5 1862.19 965.18 1900.47 997.65 0.046399
3 591.51 1125.95 656.06 1159.70 0.046336
1 1498.99 821.56 1768.31 972.62 0.046254
5 755.63 943.08 829.38 984.63 0.046172
5 1215.65 1024.07 1268.09 1054.57 0.046155
2 300.47 974.06 1090.33 1252.15 0.046056
3 53.25 1457.33 73.08 1486.62 0.046037
4 674.05 1131.80 846.88 1195.58 0.045976
1 1556.48 939.83 1607.69 968.65 0.045933
3 1515.69 696.45 1548.63 714.11 0.045915
2 1013.13 966.18 1061.56 997.55 0.045801
3 10.69 789.39 1963.39 1284.67 0.045799
3 675.06 1160.89 746.81 1192.76 0.045796
5 1864.98 964.60 1980.70 1004.67 0.045777
4 5.73 919.33 1991.62 1491.08 0.045759
6 819.41 1137.61 847.80 1168.74 0.045743
3 1862.32 965.75 1899.65 996.86 0.045661
3 1402.24 1014.05 1444.07 1039.94 0.045604
1 1066.22 1118.29 1148.29 1171.80 0.045568
3 1332.08 452.64 1817.17 965.05 0.045537
3 466.13 987.52 500.70 1011.94 0.045514
1 203.07 986.75 221.65 1044.64 0.045451
5 1632.58 577.37 1730.70 697.34 0.045393
1 265.05 831.23 1771.71 1260.65 0.045377
5 866.99 941.17 891.54 962.10 0.045352
3 1682.84 1330.83 1708.76 1365.72 0.045322
2 99.52 1018.26 165.68 1047.97 0.045314
6 129.49 1399.46 221.47 1449.68 0.045240
4 773.06 1080.70 839.47 1126.46 0.045234
5 929.88 863.76 964.26 889.66 0.045177
1 1331.61 692.28 1643.09 861.50 0.045144
3 170.89 1041.25 1031.96 1251.78 0.045124
3 1864.61 964.49 1979.65 1006.30 0.045103
3 359.09 1117.45 381.87 1163.74 0.045054
5 753.91 940.25 862.56 984.98 0.045049
3 1722.17 702.97 1815.70 819.48 0.045037
3 1028.54 1008.00 1055.57 1049.09 0.044984
2 1125.35 1066.24 1184.05 1099.91 0.044977
3 1050.26 995.35 1450.34 1126.85 0.044968
3 929.57 506.74 982.50 706.53 0.044957
3 564.80 1024.23 586.56 1123.91 0.044956
3 357.39 1089.31 576.79 1157.91 0.044949
1 1257.46 1047.33 1301.88 1089.80 0.044917
3 1302.24 994.92 1342.10 1024.96 0.044864
4 1745.07 853.34 1769.48 877.13 0.044860
3 948.39 1198.53 996.95 1239.69 0.044843
5 1331.91 690.81 1725.88 860.41 0.044779
3 1299.61 1032.35 1349.89 1061.78 0.044747
3 803.09 1198.64 948.16 1271.93 0.044700
2 299.79 1001.68 1091.45 1250.86 0.044633
3 392.89 1130.12 415.77 1156.00 0.044591
3 1261.52 1002.20 1307.32 1032.38 0.044561
4 1408.73 864.58 1461.96 885.51 0.044503
6 1657.11 870.15 1687.04 893.40 0.044477
4 240.07 992.70 497.05 1054.15 0.044436
2 245.46 998.34 305.85 1023.60 0.044423
5 342.46 1117.37 415.02 1162.29 0.044409
4 1150.82 1025.75 1202.94 1054.17 0.044395
5 1617.38 698.32 1725.32 818.72 0.044359
3 689.14 1109.66 756.23 1142.78 0.044252
2 168.77 1093.43 578.88 1250.59 0.044242
3 676.74 999.88 1351.01 1200.33 0.044180
6 210.64 1388.95 256.50 1426.56 0.044114
3 289.17 1071.01 1045.02 1233.63 0.044112
3 1350.86 982.43 1438.95 1014.32 0.044083
5 1652.99 940.09 1702.88 964.38 0.043997
6 1625.62 937.13 1702.64 966.02 0.043927
3 868.67 959.04 894.97 988.34 0.043917
6 239.49 1019.78 267.94 1052.69 0.043897
5 1127.14 1069.20 1182.47 1096.02 0.043882
1 991.17 1166.66 1058.79 1205.60 0.043829
3 1124.50 1121.17 1144.52 1153.63 0.043791
2 1407.25 904.09 1435.88 1024.05 0.043672
1 1271.72 1123.10 1293.41 1142.11 0.043661
1 1126.45 1171.30 1170.46 1205.36 0.043579
2 805.66 1209.53 843.85 1249.59 0.043546
3 1602.68 960.57 1628.51 981.39 0.043468
4 1624.93 936.77 1702.14 966.04 0.043412
1 1091.01 1037.01 1145.31 1068.70 0.043357
4 1055.95 1065.19 1183.80 1111.55 0.043339
3 4.92 1054.13 1995.53 1498.59 0.043305
6 1728.04 944.93 1761.34 967.70 0.043196
5 944.05 1142.73 978.64 1168.01 0.043185
3 1056.69 1013.46 1304.16 1102.26 0.043108
4 1558.43 940.99 1604.66 966.20 0.042999
6 582.87 1081.16 1043.44 1222.62 0.042999
3 993.00 1167.82 1056.92 1203.02 0.042997
2 1257.46 1051.82 1276.91 1089.38 0.042948
3 1125.86 1173.31 1169.61 1205.36 0.042940
4 1417.41 1074.18 1469.77 1104.12 0.042938
5 423.48 1091.76 572.58 1149.80 0.042927
3 934.65 1267.78 1266.66 1402.06 0.042600
5 1745.02 852.20 1769.05 876.88 0.042523
3 1048.77 950.05 1094.66 1097.75 0.042473
3 898.04 1197.40 916.09 1219.04 0.042332
2 1066.30 1118.25 1147.94 1171.31 0.042302
5 819.45 1137.52 847.62 1168.03 0.042230
6 130.15 1408.75 196.56 1449.27 0.042204
4 817.08 1137.04 847.70 1167.84 0.042176
3 883.32 1234.79 901.83 1267.23 0.042053
3 1358.62 1022.35 1394.99 1045.46 0.042027
5 1510.18 831.42 1769.94 970.67 0.041992
3 1684.13 1199.34 1992.76 1369.36 0.041965
4 1216.19 1025.41 1267.77 1056.33 0.041962
3 1499.34 868.93 1521.58 968.43 0.041893
1 798.47 1116.01 1150.06 1273.02 0.041863
2 774.04 1162.87 809.02 1224.42 0.041809
4 3.36 1077.36 881.96 1272.40 0.041732
1 674.19 1166.80 694.97 1194.96 0.041726
6 0.79 1231.66 280.96 1489.07 0.041719
3 927.19 860.09 999.73 910.23 0.041591
2 749.90 1379.82 922.68 1496.67 0.041569
3 422.28 1085.90 575.66 1150.26 0.041551
3 769.10 1135.16 847.27 1225.70 0.041477
1 1641.26 538.10 1696.25 588.38 0.041469
4 1523.72 835.71 1771.04 962.80 0.041463
5 393.20 1131.08 415.96 1156.09 0.041388
6 9.29 931.75 1661.13 1485.96 0.041208
6 1716.95 944.47 1760.83 966.91 0.041190
5 20.78 949.65 1648.80 1284.10 0.041150
4 858.59 1090.02 882.15 1119.28 0.041038
3 699.67 1133.65 775.05 1173.59 0.041030
4 862.17 1198.01 927.04 1239.27 0.041029
4 1055.32 1014.77 1273.63 1112.31 0.041027
6 1059.40 980.34 1440.72 1068.02 0.040960
3 944.12 1144.01 978.05 1167.88 0.040959
3 1049.43 948.60 1108.10 1118.98 0.040944
4 1222.47 929.24 1250.31 945.42 0.040882
3 290.06 1037.75 1741.81 1254.38 0.040882
3 169.86 1101.02 589.93 1249.11 0.040826
3 111.11 1420.43 135.33 1464.17 0.040802
6 945.31 1197.58 1000.29 1243.83 0.040779
3 292.54 1145.57 566.33 1220.65 0.040754
1 1060.35 1034.33 1082.20 1068.48 0.040731
2 1812.61 737.23 1997.69 981.68 0.040720
1 1748.47 962.77 1795.80 989.60 0.040710
4 363.83 1106.97 571.55 1156.28 0.040702
2 778.48 1087.26 928.20 1274.12 0.040624
1 1247.77 1177.68 1532.39 1278.37 0.040609
5 1399.30 456.21 1484.46 654.18 0.040578
6 7.09 1074.02 1042.14 1275.26 0.040512
5 1151.61 1026.23 1203.01 1053.48 0.040456
4 736.13 867.24 791.02 915.14 0.040441
6 292.87 1187.86 344.31 1223.68 0.040400
4 408.47 1075.97 863.80 1239.84 0.040353
2 1680.21 1329.89 1706.56 1367.12 0.040338
4 466.23 1153.74 547.04 1187.89 0.040333
3 648.71 1335.67 675.47 1375.89 0.040292
1 1401.68 1013.20 1444.01 1040.78 0.040258
3 843.18 1198.02 950.71 1271.50 0.040249
2 362.44 1002.48 1075.64 1163.35 0.040215
5 674.23 1160.54 747.35 1193.78 0.040178
1 357.71 1135.70 379.81 1163.89 0.040161
2 588.79 1124.23 657.58 1163.55 0.040092
5 1684.52 881.19 1707.30 898.71 0.040079
3 1408.46 454.82 1453.55 498.43 0.040013
4 445.45 867.73 495.69 897.24 0.039979
5 1759.68 809.44 1828.86 875.88 0.039917
3 1538.66 838.00 1762.38 926.68 0.039883
5 1407.50 451.77 1605.06 496.58 0.039873
5 934.79 1106.64 984.67 1129.60 0.039865
2 357.68 1136.46 379.62 1163.61 0.039850
3 580.91 1062.87 1043.99 1221.50 0.039805
1 489.26 1425.74 751.18 1499.18 0.039790
5 27.95 1017.94 165.27 1074.19 0.039759
1 611.44 1085.36 628.17 1116.79 0.039756
3 52.79 1454.07 77.58 1486.19 0.039707
6 1044.76 920.16 1748.60 1117.22 0.039689
5 1865.56 963.83 1980.64 1044.06 0.039677
3 9.31 84.79 1854.66 1330.52 0.039647
3 586.69 329.88 1001.61 928.64 0.039624
6 1357.10 1014.14 1443.20 1047.12 0.039604
4 289.63 1119.04 655.12 1222.48 0.039494
4 1557.16 943.90 1588.80 965.52 0.039443
3 453.57 1118.80 481.04 1145.48 0.039422
5 1624.97 936.50 1702.12 966.41 0.039420
3 834.77 991.41 1007.37 1046.66 0.039413
2 406.45 1073.84 891.01 1224.10 0.039305
3 273.60 1186.19 1994.62 1497.07 0.039148
4 192.80 1053.80 269.04 1082.19 0.039110
2 1256.84 1046.45 1302.47 1090.01 0.038983
1 775.10 1002.47 1454.17 1263.66 0.038978
5 1409.42 857.81 1443.29 879.44 0.038941
5 1093.30 1039.37 1144.71 1065.79 0.038934
1 828.06 1136.14 848.93 1168.17 0.038915
6 1260.39 1048.46 1301.38 1075.80 0.038860
6 1758.66 809.53 1829.30 874.96 0.038840
1 168.53 1094.20 580.25 1250.37 0.038817
3 1068.15 1148.65 1088.71 1170.37 0.038801
4 1093.52 1038.75 1144.57 1065.94 0.038753
4 1349.18 979.14 1439.21 1016.31 0.038615
2 262.70 1008.88 1067.88 1270.45 0.038505
2 1554.73 823.47 1759.79 920.88 0.038427
3 774.46 1162.94 796.92 1206.60 0.038409
2 773.64 1164.87 795.18 1206.16 0.038399
6 500.80 947.84 538.37 970.69 0.038383
3 824.16 1139.03 847.38 1168.05 0.038374
1 1009.07 951.12 1474.76 1122.34 0.038358
1 1508.88 1094.34 1791.96 1196.36 0.038356
1 992.27 1047.81 1013.16 1089.68 0.038355
4 574.11 971.19 605.00 989.97 0.038333
5 579.97 1063.95 1043.60 1226.70 0.038318
2 760.52 954.59 1475.93 1276.50 0.038301
5 454.53 1119.14 480.48 1145.51 0.038297
2 1331.79 691.61 1643.26 861.65 0.038295
1 262.86 1283.51 283.85 1332.10 0.038294
3 1256.53 1055.76 1274.73 1089.04 0.038285
5 1666.28 940.91 1703.85 964.81 0.038267
3 1745.51 852.01 1768.19 876.09 0.038258
3 1261.69 994.80 1342.57 1032.32 0.038254
2 1149.06 1024.49 1204.98 1057.62 0.038246
4 776.53 1136.14 847.39 1169.35 0.038213
1 764.09 1082.85 918.36 1260.88 0.038110
1 7.28 757.46 1993.14 1493.11 0.038096
5 1059.93 1031.96 1086.57 1065.21 0.038088
4 943.67 1144.47 978.59 1168.01 0.038048
4 412.66 1191.52 485.72 1227.32 0.038041
3 580.65 1070.85 1032.30 1223.62 0.038033
3 1706.07 904.83 1750.69 945.86 0.038032
1 242.53 957.92 1909.61 1254.41 0.038008
5 952.71 1020.64 966.05 1040.51 0.037947
1 291.97 914.28 1525.23 1260.02 0.037947
4 701.40 1129.41 770.73 1160.85 0.037917
5 772.51 1086.87 814.03 1127.61 0.037893
1 868.31 958.15 894.57 988.53 0.037872
1 1036.78 1011.79 1055.30 1050.18 0.037863
1 803.28 1205.01 877.79 1274.13 0.037862
4 586.58 328.88 935.48 923.74 0.037843
5 1351.97 931.71 1483.17 1017.45 0.037817
3 562.78 1022.83 588.62 1127.17 0.037762
3 1408.93 906.52 1434.42 1006.74 0.037748
5 881.43 1146.22 943.61 1185.14 0.037742
1 813.49 1040.66 836.64 1080.81 0.037732
6 1688.17 920.74 1720.03 946.47 0.037730
3 79.17 1455.72 97.92 1474.89 0.037708
5 702.09 1130.10 772.60 1163.56 0.037687
2 618.50 1040.52 636.46 1076.23 0.037650
4 1563.40 958.60 1652.88 1004.07 0.037643
6 476.03 1147.58 561.76 1182.49 0.037629
2 688.74 1108.72 759.32 1149.10 0.037595
6 933.28 1094.48 1042.36 1136.10 0.037566
4 1158.37 967.53 1206.09 994.47 0.037561
6 879.88 1096.52 1051.96 1187.64 0.037420
4 882.75 1031.27 914.73 1053.64 0.037360
2 562.54 1022.69 589.04 1126.87 0.037352
3 1615.14 697.46 1725.45 819.89 0.037345
3 850.23 1099.53 865.39 1125.31 0.037339
3 1064.26 1017.73 1271.77 1076.74 0.037296
3 1059.81 1036.59 1087.03 1065.56 0.037231
2 1050.07 941.35 1101.95 1122.01 0.037230
2 98.32 977.45 1442.42 1274.37 0.037146
5 0.61 1444.73 75.95 1494.50 0.037130
2 899.39 1028.65 915.51 1056.13 0.037106
5 944.33 1197.40 998.26 1243.40 0.037093
6 443.31 996.38 479.31 1020.23 0.037078
3 6.84 981.16 1459.06 1490.47 0.037070
2 275.08 1348.43 322.93 1410.51 0.037063
3 930.95 1093.57 1046.86 1137.81 0.037008
2 881.25 1141.33 979.23 1183.73 0.037008
3 1616.96 961.86 1651.08 981.17 0.036934
4 763.19 1202.72 795.28 1234.71 0.036921
5 1356.92 1014.01 1443.12 1047.23 0.036920
5 492.63 837.21 549.01 873.70 0.036909
4 1215.98 1018.80 1262.54 1045.04 0.036907
5 1033.11 945.45 1770.95 1120.55 0.036843
3 275.44 991.17 1990.57 1493.77 0.036780
4 1515.70 696.18 1549.62 714.43 0.036750
1 245.54 996.35 305.08 1024.31 0.036748
2 412.58 1189.03 489.19 1229.11 0.036737
6 1515.67 696.31 1548.33 714.02 0.036732
6 1512.39 920.90 1707.70 969.80 0.036715
1 1331.27 690.68 1725.39 860.89 0.036709
6 189.72 1397.95 222.78 1432.83 0.036678
3 918.73 985.87 1443.05 1140.06 0.036672
4 1811.90 1004.97 1872.31 1042.51 0.036511
3 702.20 1129.99 771.05 1162.80 0.036478
3 1351.12 813.41 1806.97 980.42 0.036474
6 1407.70 452.33 1605.28 499.37 0.036404
3 426.23 1127.34 445.66 1148.88 0.036400
4 880.92 1148.84 939.74 1185.83 0.036379
3 1331.32 641.14 1729.23 862.10 0.036370
5 1350.10 979.67 1438.66 1015.47 0.036244
5 1058.01 1074.62 1119.91 1105.13 0.036229
1 1261.21 1001.68 1305.75 1032.89 0.036194
6 1508.40 826.53 1770.50 970.52 0.036193
3 1611.02 1336.83 1639.56 1364.05 0.036176
4 579.53 1049.04 1023.40 1225.07 0.036170
1 752.95 968.11 1626.20 1265.35 0.036159
3 1359.12 1014.23 1442.59 1045.67 0.036144
3 1561.72 827.53 1756.08 920.74 0.036144
1 731.41 1301.26 762.36 1325.31 0.035993
4 674.35 935.11 1062.77 998.78 0.035938
2 0.48 1451.56 36.78 1494.23 0.035926
1 1063.00 1011.43 1086.67 1069.64 0.035836
3 1061.01 1034.71 1083.06 1066.12 0.035733
1 789.70 1193.77 809.61 1224.82 0.035733
6 675.51 933.65 892.95 980.82 0.035685
4 798.89 947.33 835.77 968.01 0.035634
2 0.68 1449.95 89.68 1495.40 0.035614
3 810.12 887.52 875.89 915.92 0.035605
3 458.33 1119.89 479.66 1144.10 0.035593
4 26.22 930.19 970.07 1068.98 0.035565
3 1093.85 1039.23 1144.11 1065.32 0.035543
4 3.15 87.18 449.44 1038.05 0.035541
5 1332.07 466.85 1812.12 867.78 0.035503
4 1259.31 1048.10 1298.94 1079.82 0.035501
5 828.98 940.89 863.05 965.81 0.035499
1 19.83 1369.89 125.23 1413.35 0.035460
4 1408.79 861.04 1442.83 880.80 0.035453
5 676.23 933.92 891.56 979.72 0.035352
3 358.08 1139.31 379.87 1163.66 0.035332
3 882.24 1204.59 927.18 1243.73 0.035297
6 1056.93 1018.93 1145.32 1112.72 0.035268
2 1498.08 524.09 1595.37 653.89 0.035257
4 785.36 950.87 834.51 981.78 0.035247
5 1123.96 1120.45 1144.87 1152.71 0.035159
3 771.52 1133.88 848.56 1198.10 0.035139
2 770.88 1132.71 848.74 1220.38 0.035117
6 335.10 1005.04 444.14 1043.51 0.035094
3 938.42 1000.86 988.05 1040.18 0.035073
4 782.03 1135.41 847.10 1167.38 0.035045
3 426.21 1112.92 476.47 1148.95 0.035032
4 581.15 1059.08 1032.18 1224.53 0.035025
3 192.57 1398.97 220.90 1432.71 0.035024
6 138.25 832.20 1790.21 1255.88 0.035005
1 1302.36 994.38 1342.30 1025.30 0.035000
3 674.94 934.82 1062.23 997.93 0.034994
3 8.17 1097.97 1993.60 1496.43 0.034989
2 934.01 1267.51 1267.05 1402.03 0.034865
3 1049.32 972.20 1470.57 1109.35 0.034849
2 674.49 1166.93 694.32 1194.73 0.034846
3 1619.27 872.96 1650.09 897.20 0.034836
3 1349.97 979.28 1439.73 1015.74 0.034832
3 1811.75 1005.18 1873.78 1046.67 0.034810
3 953.19 1054.15 1011.04 1089.50 0.034802
6 866.22 940.92 891.63 961.88 0.034783
6 868.04 976.13 1455.10 1185.78 0.034775
3 7.49 1042.62 1027.75 1279.01 0.034765
3 520.82 1111.39 540.40 1132.54 0.034725
3 131.27 741.61 163.96 757.77 0.034713
3 7.50 729.81 1984.79 1485.80 0.034707
2 896.46 1004.40 1060.33 1067.91 0.034673
3 1050.49 952.35 1103.31 1116.06 0.034667
3 1487.94 996.69 1524.59 1026.85 0.034533
2 1398.47 494.79 1483.66 654.97 0.034531
1 897.47 1013.91 973.70 1058.89 0.034517
4 1058.73 1074.09 1119.01 1103.74 0.034501
2 1260.58 994.21 1342.56 1033.40 0.034406
3 926.98 859.50 1000.21 905.57 0.034381
1 678.09 936.58 736.72 969.69 0.034341
5 688.68 1110.22 756.71 1143.28 0.034283
3 583.72 144.78 1355.59 963.62 0.034277
3 1696.98 850.80 1723.28 868.21 0.034265
3 248.13 1001.18 281.34 1020.97 0.034231
5 292.93 1141.65 582.27 1221.64 0.034231
5 1056.62 1012.04 1120.07 1115.25 0.034216
3 1407.10 453.93 1456.47 501.01 0.034203
5 340.91 1117.98 377.34 1161.56 0.034192
3 1023.52 1009.00 1054.56 1046.26 0.034136
3 1257.04 1048.59 1301.20 1089.14 0.034116
3 1058.29 1074.69 1118.82 1104.19 0.034099
2 856.06 1122.22 921.37 1159.26 0.034095
2 674.33 1082.84 887.15 1201.98 0.034083
6 1744.64 852.86 1768.14 876.81 0.034057
5 243.11 1016.38 333.11 1054.24 0.034033
5 1125.82 1173.10 1168.08 1205.27 0.034023
3 908.43 1046.51 1012.14 1091.29 0.033993
1 988.67 1209.80 1071.68 1257.20 0.033929
4 1126.40 1172.52 1169.68 1205.31 0.033890
1 1936.51 1203.74 1984.84 1253.67 0.033859
5 879.91 1096.86 1053.36 1187.63 0.033827
3 1937.60 1205.62 1986.62 1252.20 0.033799
3 1023.31 936.56 1488.49 1117.29 0.033787
5 1515.85 695.75 1548.21 713.94 0.033777
4 1260.17 1045.46 1299.69 1068.24 0.033748
6 1509.01 904.99 1759.40 977.55 0.033715
1 267.70 973.14 1975.33 1493.00 0.033703
3 882.61 1031.21 914.05 1053.31 0.033643
3 552.76 1097.97 575.69 1127.73 0.033629
5 840.45 944.55 861.97 966.64 0.033618
3 674.74 1128.30 774.94 1194.52 0.033576
3 806.90 1210.97 844.64 1248.84 0.033571
3 620.32 976.00 1452.65 1216.40 0.033569
3 1875.03 971.39 1976.93 1011.10 0.033565
3 611.44 1085.73 627.95 1117.81 0.033544
2 1017.35 1006.14 1145.38 1070.99 0.033538
3 560.33 1023.33 591.31 1221.94 0.033476
6 1159.99 972.81 1208.87 996.45 0.033471
2 1.44 1230.25 279.32 1481.02 0.033432
3 134.45 809.59 161.79 825.42 0.033392
5 489.14 1115.66 509.81 1139.29 0.033388
1 75.16 818.52 1887.07 1268.88 0.033358
3 2.25 1396.25 251.65 1494.09 0.033317
2 11.95 425.74 1984.33 1490.16 0.033156
4 932.67 1093.57 1043.45 1136.36 0.033142
5 1617.00 961.78 1651.64 981.45 0.033124
6 780.30 1080.51 833.71 1105.93 0.033114
2 1606.16 825.20 1756.12 919.49 0.033105
2 203.07 986.76 221.36 1040.65 0.033086
1 1601.88 959.29 1623.25 986.65 0.033048
5 27.08 990.89 497.44 1075.60 0.033035
3 203.49 987.50 221.36 1042.04 0.033003
3 268.02 1054.95 1993.71 1497.18 0.032987
5 292.94 1081.53 1042.56 1234.54 0.032979
3 285.28 1081.99 1027.26 1234.35 0.032974
4 246.45 961.64 289.99 985.02 0.032962
1 181.93 1404.05 200.91 1443.38 0.032950
5 1332.66 635.32 1728.68 861.03 0.032923
3 1553.66 904.74 1796.48 990.60 0.032898
3 238.08 990.27 496.47 1055.53 0.032893
2 0.18 1239.32 37.84 1277.10 0.032878
5 1473.03 1055.45 1513.76 1080.89 0.032841
1 1352.66 820.58 1770.16 1000.93 0.032786
3 1410.21 860.11 1442.11 879.95 0.032780
3 673.85 1165.03 698.65 1194.80 0.032721
6 943.97 1141.77 978.15 1168.08 0.032707
2 54.10 1453.36 79.42 1485.59 0.032699
4 1513.97 695.03 1607.01 716.42 0.032678
4 88.14 990.11 501.69 1050.38 0.032666
5 988.05 1210.67 1072.28 1255.05 0.032662
2 1013.52 962.83 1655.93 1123.92 0.032633
3 750.31 938.32 890.88 985.00 0.032619
5 445.47 866.74 495.94 927.66 0.032617
3 748.27 942.25 766.53 967.87 0.032559
5 1700.04 850.42 1725.70 866.99 0.032499
4 1812.13 1004.91 1868.30 1029.27 0.032479
2 110.70 1419.32 137.21 1463.78 0.032395
3 330.57 1005.45 441.29 1042.20 0.032383
5 520.78 1111.67 541.86 1133.39 0.032379
1 930.86 1092.97 1046.15 1137.79 0.032366
2 648.68 1334.98 675.65 1375.48 0.032339
3 1565.57 893.54 1651.21 920.96 0.032338
2 1016.24 998.21 1350.65 1108.87 0.032288
3 553.22 1105.69 574.50 1127.32 0.032277
2 1057.10 1073.50 1121.60 1113.39 0.032227
4 358.24 1088.88 576.79 1157.41 0.032216
3 476.04 1137.48 580.78 1180.57 0.032197
3 675.51 1036.13 932.84 1195.44 0.032156
2 1556.24 939.55 1608.12 968.74 0.032134
3 243.10 1004.22 443.58 1052.92 0.032053
3 1057.97 1012.42 1274.96 1084.54 0.032039
1 1846.06 1319.83 1993.98 1409.13 0.032037
3 421.17 1090.07 574.02 1150.21 0.032029
3 1690.06 920.52 1716.85 939.40 0.031980
3 1353.57 818.95 1770.26 981.32 0.031873
2 1062.76 1027.03 1145.57 1070.14 0.031848
2 77.54 928.09 955.86 1056.79 0.031829
6 1057.47 1019.17 1200.67 1109.49 0.031824
1 802.95 1203.13 921.00 1274.22 0.031801
2 766.40 1002.36 1089.80 1263.90 0.031798
3 1391.83 454.01 1729.66 699.26 0.031791
3 1509.21 1095.24 1792.04 1195.51 0.031748
2 1638.85 538.19 1696.15 588.08 0.031714
6 1555.66 934.85 1794.71 991.05 0.031684
6 1722.86 701.55 1815.93 816.84 0.031663
3 1334.51 835.90 1366.01 857.01 0.031653
3 1557.68 943.93 1588.06 964.95 0.031642
4 391.24 1130.08 416.50 1156.07 0.031596
3 303.79 1367.04 324.53 1408.23 0.031581
4 403.47 1163.67 463.75 1200.46 0.031574
6 1620.59 873.46 1656.16 899.43 0.031556
3 422.77 1117.79 587.63 1188.50 0.031554
1 803.92 1205.50 878.90 1251.59 0.031553
4 1706.12 903.94 1750.41 938.94 0.031553
2 8.31 1146.30 1994.43 1496.89 0.031520
3 1812.74 1006.20 1873.56 1043.84 0.031514
3 1356.98 1013.47 1443.65 1056.63 0.031489
5 993.02 1167.78 1056.49 1202.92 0.031480
6 290.12 1150.38 549.70 1222.37 0.031461
3 0.56 1457.26 65.29 1495.78 0.031458
5 1012.50 961.19 1118.77 1115.61 0.031421
4 929.32 863.73 965.65 889.61 0.031419
5 493.17 1199.22 539.24 1227.08 0.031406
3 1246.08 1176.54 1535.49 1277.17 0.031378
5 1261.75 1047.87 1301.75 1070.48 0.031343
1 1351.96 905.55 1498.50 1016.72 0.031291
5 316.64 186.86 448.54 992.11 0.031287
3 674.57 1077.82 861.72 1196.00 0.031223
1 655.64 1078.87 672.62 1115.75 0.031218
2 1068.06 1148.47 1088.65 1170.87 0.031184
3 1193.32 1067.76 1786.26 1275.07 0.031163
6 868.52 959.38 897.06 986.19 0.031161
6 191.47 1051.01 269.21 1082.26 0.031156
5 1304.76 995.44 1341.00 1020.81 0.031123
2 756.83 955.15 1760.56 1269.71 0.031102
3 288.45 890.46 1653.86 1246.92 0.031088
4 1087.51 1023.39 1204.22 1069.32 0.031087
6 858.62 1091.80 882.27 1119.88 0.031051
3 1223.10 928.69 1249.99 944.40 0.031040
1 293.97 1027.75 1022.39 1240.15 0.031037
4 580.90 1071.24 1044.63 1223.96 0.031029
2 40.81 849.27 1810.56 1478.62 0.031027
2 992.60 1047.42 1013.76 1089.08 0.030988
6 1260.78 980.86 1439.45 1036.16 0.030969
3 991.53 1168.42 1058.08 1204.92 0.030954
3 1497.40 866.72 1522.89 968.98 0.030950
1 311.05 1137.80 330.66 1164.97 0.030938
3 1473.48 1055.38 1513.25 1080.74 0.030928
3 247.60 1000.89 302.85 1021.29 0.030926
2 362.19 979.99 1464.64 1169.21 0.030923
2 291.19 1186.82 345.60 1223.74 0.030923
6 1816.61 737.87 1996.69 985.49 0.030875
2 1188.23 1054.65 1242.03 1089.70 0.030862
3 405.35 1076.52 846.05 1240.45 0.030860
5 129.76 740.20 165.87 758.13 0.030856
6 291.04 1180.52 539.74 1240.42 0.030845
3 173.98 1058.37 1026.35 1257.33 0.030813
3 952.56 1020.27 966.18 1040.53 0.030803
1 274.40 1049.18 1991.85 1495.62 0.030733
3 1305.54 995.51 1340.51 1020.92 0.030727
3 1351.08 986.06 1404.17 1013.99 0.030707
3 1003.78 1094.26 1041.02 1116.91 0.030675
3 439.79 567.40 586.40 682.48 0.030673
2 929.58 1092.63 1044.91 1137.29 0.030661
5 1334.31 835.36 1366.30 856.30 0.030658
4 1088.58 1039.15 1119.38 1065.33 0.030653
3 1010.46 823.59 1766.34 1114.42 0.030599
4 167.60 1008.82 1323.97 1250.12 0.030569
5 1514.82 695.14 1602.12 716.20 0.030555
6 1411.66 857.04 1440.39 874.77 0.030541
3 837.75 944.17 861.27 966.04 0.030539
4 1697.91 850.80 1724.21 867.95 0.030501
3 881.32 1153.32 934.42 1185.02 0.030498
3 1564.26 980.04 1603.66 1003.58 0.030485
3 345.98 136.97 1786.27 972.58 0.030436
3 3.11 1073.90 898.40 1268.91 0.030435
5 540.37 1061.41 580.31 1126.80 0.030378
3 801.55 947.30 835.02 967.76 0.030357
5 1385.66 1188.53 1995.31 1496.21 0.030351
2 1343.08 817.57 1769.10 975.91 0.030323
3 688.28 1114.84 719.82 1144.07 0.030281
3 0.20 1449.65 100.98 1493.83 0.030275
4 1749.02 962.26 1774.95 982.27 0.030265
3 415.32 989.42 450.91 1007.10 0.030238
2 779.24 1132.69 847.51 1173.19 0.030223
3 1591.80 537.07 1696.23 588.76 0.030220
5 1003.74 1094.36 1041.06 1116.56 0.030199
1 1056.21 1014.81 1283.49 1083.05 0.030174
1 840.85 1228.30 871.71 1273.46 0.030172
3 1060.40 1023.51 1110.01 1064.54 0.030161
4 827.50 936.95 864.09 962.88 0.030157
2 1935.23 1198.98 1993.64 1254.06 0.030125
5 565.37 1023.84 587.20 1124.37 0.030096
2 797.77 1114.31 1148.08 1271.44 0.030037
