3 1.68 4.40 1997.62 1495.45 0.835877
4 1087.87 518.43 1304.26 750.29 0.550579
5 783.72 393.77 1060.94 569.63 0.485920
3 1173.12 1052.92 1589.33 1362.05 0.485533
3 1168.79 1030.89 1593.45 1366.55 0.478864
4 409.29 401.32 640.85 553.01 0.444338
5 529.63 308.00 753.35 448.32 0.415961
3 362.51 694.23 649.19 890.83 0.394889
3 1089.45 518.18 1303.76 750.19 0.382133
3 258.48 830.51 577.89 1055.01 0.364238
5 1374.89 663.77 1652.10 962.76 0.358953
4 257.83 828.98 578.48 1055.54 0.348099
3 3.59 1198.74 403.66 1494.00 0.346006
3 72.99 500.75 319.92 658.79 0.342047
3 1595.22 706.39 1867.19 976.93 0.338188
4 784.13 395.05 1059.60 569.21 0.333180
3 1375.63 664.87 1651.31 961.73 0.332327
5 1088.26 518.08 1304.96 750.29 0.308733
5 258.12 828.23 579.06 1056.04 0.307062
3 784.38 396.59 1062.18 569.41 0.302149
3 410.05 402.60 641.25 552.94 0.298497
3 326.24 249.39 455.11 370.57 0.297460
4 529.71 308.86 752.45 448.09 0.293653
3 331.56 984.78 1199.61 1493.50 0.288564
3 530.12 310.02 752.52 448.32 0.274074
3 174.83 200.70 295.45 325.12 0.263993
4 1374.48 663.99 1651.73 961.80 0.260632
5 17.33 0.33 208.28 100.98 0.253654
3 1884.90 817.43 1998.68 978.44 0.253250
4 1596.34 707.54 1867.32 978.13 0.249222
3 37.29 164.52 148.73 276.66 0.244865
4 17.62 0.12 208.38 100.86 0.244011
3 99.47 49.69 287.50 163.56 0.236968
4 1172.29 1061.84 1590.23 1360.84 0.229510
5 1596.07 705.73 1867.67 977.92 0.219127
5 409.48 401.33 641.42 552.75 0.214906
3 17.83 0.27 209.00 101.59 0.213117
3 324.44 245.20 458.29 373.52 0.189621
5 98.90 48.75 286.97 163.06 0.188837
5 174.03 199.47 295.20 324.39 0.178338
3 9.10 595.39 1200.15 1493.56 0.177440
3 1594.67 665.03 1866.98 978.13 0.168008
3 490.47 1065.95 1175.22 1489.66 0.161622
4 72.48 499.33 319.79 658.02 0.159867
5 325.84 248.47 455.01 369.88 0.153999
4 362.46 693.77 649.54 889.60 0.148976
5 1172.19 1061.11 1590.53 1360.62 0.145198
5 36.76 163.71 148.29 276.51 0.143396
5 1884.30 815.40 1997.51 975.44 0.142942
3 1811.21 675.54 1962.42 795.16 0.137851
5 362.36 693.05 649.80 890.31 0.137452
3 1619.87 997.84 1987.38 1477.36 0.135489
3 8.02 1211.30 273.28 1488.42 0.132700
3 14.11 189.83 1985.90 1488.00 0.131862
3 172.27 197.38 297.61 327.84 0.129877
5 72.70 498.56 320.13 658.34 0.129836
3 563.88 279.82 1993.80 825.32 0.128965
3 1375.93 665.53 1549.50 772.27 0.128462
3 243.85 844.44 1197.29 1494.91 0.121724
3 358.08 53.15 1994.82 836.27 0.118318
3 35.16 160.96 151.03 279.10 0.117336
3 18.21 391.88 1986.90 1486.04 0.113648
3 52.75 145.91 1924.51 1413.40 0.109797
3 17.94 1256.79 227.96 1483.13 0.106397
3 5.92 1205.51 202.68 1490.35 0.102685
3 23.26 1275.58 303.91 1489.55 0.101358
3 700.17 1189.76 1185.99 1491.76 0.100148
3 494.34 1058.54 1068.68 1455.29 0.098884
3 21.17 898.50 1201.60 1492.77 0.098207
3 6.71 1173.61 595.47 1493.40 0.097599
3 615.42 1.85 1996.34 559.80 0.097169
3 3.29 0.03 1997.43 848.44 0.095011
3 469.41 1053.99 961.74 1358.61 0.093805
4 1884.25 816.29 1997.65 974.37 0.093441
3 618.77 1.16 1996.73 362.70 0.093326
3 83.81 188.54 1770.67 1427.11 0.091947
4 174.16 199.84 294.92 323.97 0.090220
3 9.40 380.84 1194.95 1492.29 0.088146
3 553.95 141.30 1993.36 826.57 0.086887
3 1522.78 549.48 1577.16 642.93 0.086680
4 325.63 248.73 454.59 369.82 0.084086
3 454.64 1049.45 775.81 1252.71 0.083285
3 583.87 1114.32 977.14 1371.26 0.083136
3 1460.21 401.10 1577.54 517.79 0.081565
3 460.21 1051.02 870.22 1315.71 0.081227
3 8.24 1023.25 1204.81 1493.21 0.077293
3 1425.67 710.13 1650.57 958.29 0.076501
3 253.06 682.79 674.25 1062.15 0.075968
4 99.50 48.54 286.89 162.36 0.075901
3 1148.80 309.26 1206.90 371.72 0.074808
3 785.23 1222.53 1219.32 1492.59 0.073989
3 80.75 93.44 1949.61 1226.52 0.073970
3 28.79 277.83 1982.19 1481.71 0.073280
3 6.32 1183.49 1185.25 1493.91 0.072767
4 36.44 163.85 147.43 276.25 0.072248
3 450.26 83.41 522.33 144.42 0.070314
3 1603.52 121.46 1633.55 151.93 0.068375
3 2.93 1059.67 484.27 1491.13 0.067712
3 4.62 599.29 470.95 1491.43 0.067507
3 737.11 1175.46 1102.07 1472.54 0.067240
3 14.35 528.81 1988.44 1486.19 0.066987
3 351.25 997.36 749.11 1235.91 0.066806
3 4.07 655.49 404.72 1493.68 0.066280
3 8.99 135.84 1183.89 1489.83 0.066182
3 1667.25 666.01 1717.83 729.69 0.066099
3 1599.39 117.11 1637.17 155.54 0.065719
3 16.15 1334.99 392.96 1493.36 0.065653
3 717.51 630.87 1186.72 1086.18 0.064914
3 164.41 261.53 1838.82 1229.30 0.064761
3 1563.23 887.75 1993.84 1490.84 0.064672
3 507.33 391.42 1109.48 733.89 0.064523
3 568.51 135.90 1045.38 401.66 0.062895
3 6.17 4.52 361.13 172.74 0.062664
3 605.37 169.10 986.17 369.14 0.062039
3 7.23 1182.32 769.79 1493.10 0.061892
3 9.12 605.22 367.47 886.22 0.061817
3 667.09 1159.25 967.24 1367.66 0.061680
3 302.66 957.61 1982.82 1490.76 0.061541
3 463.64 1051.78 654.22 1179.57 0.061351
3 816.05 1249.14 1065.31 1430.37 0.061268
3 557.99 124.66 596.39 171.91 0.060702
3 26.67 1246.92 210.98 1398.11 0.060611
3 353.35 991.86 822.20 1315.61 0.060579
3 943.35 386.93 1021.43 459.21 0.060392
3 6.55 10.39 1179.29 1490.77 0.060201
3 730.76 1196.29 1064.77 1412.51 0.059724
3 250.24 381.02 1713.77 1308.78 0.059274
3 8.82 1188.53 1015.36 1492.84 0.059264
3 70.33 299.47 1911.43 1375.37 0.058971
3 770.93 1221.75 960.46 1364.78 0.058595
3 1471.27 549.51 1578.06 676.35 0.058066
3 1180.62 1030.17 1572.68 1221.59 0.057640
3 13.78 634.99 1018.72 1479.12 0.057528
3 328.98 980.26 1613.79 1494.42 0.057217
3 3.46 955.21 437.04 1492.84 0.056606
5 1372.00 658.62 1869.43 982.51 0.056401
4 63.87 285.47 1947.40 1388.81 0.056353
3 907.12 1310.62 1200.72 1492.03 0.056223
3 312.33 947.83 1003.45 1360.15 0.056189
3 1587.78 804.24 1992.35 1489.00 0.056116
3 576.82 275.83 1987.89 651.16 0.056064
3 562.86 1094.28 769.52 1256.75 0.055809
3 1788.28 594.01 1994.71 813.29 0.055327
5 525.79 302.98 1065.32 572.04 0.055024
3 4.33 775.42 405.00 1491.96 0.054897
3 1470.52 590.61 1529.50 651.92 0.054813
3 1465.78 409.97 1571.55 513.95 0.054648
3 17.05 981.77 1019.11 1489.11 0.054309
3 718.08 614.63 1055.35 985.75 0.053718
3 6.96 601.49 712.08 1487.57 0.053599
3 577.63 143.25 1987.19 652.27 0.053476
3 1680.60 295.64 1967.70 560.03 0.053445
3 12.85 577.91 1624.78 1489.91 0.053357
3 4.27 399.34 412.80 1491.98 0.053299
3 1.99 1200.62 1161.40 1498.64 0.052853
3 20.54 1332.82 198.96 1487.99 0.052715
3 1632.10 1016.19 1917.22 1323.48 0.052657
3 347.78 1002.76 784.56 1477.30 0.052654
3 10.50 1201.97 177.15 1355.74 0.052512
3 669.10 581.40 1233.48 1245.26 0.052236
3 150.86 1298.20 408.79 1492.17 0.052165
5 495.16 265.82 792.83 487.93 0.052041
3 334.95 484.71 1827.55 1435.06 0.051944
3 595.55 127.16 919.40 247.35 0.051877
3 1465.24 406.27 1993.32 780.53 0.051512
3 260.06 546.55 1982.12 1482.75 0.051451
3 306.28 1.66 1998.51 837.43 0.051408
3 1359.38 371.24 1394.63 414.80 0.051376
3 1585.30 543.76 1992.90 824.10 0.051022
3 614.71 1130.35 817.35 1277.47 0.050999
3 1235.00 328.60 1320.42 395.25 0.050864
3 257.24 692.54 651.97 1055.97 0.050198
3 562.96 173.94 610.57 228.72 0.049674
3 285.52 573.46 1211.65 1486.93 0.049647
3 145.20 165.46 1701.60 1226.32 0.049558
3 118.55 1317.20 313.67 1488.33 0.049493
3 665.47 489.62 1083.07 717.51 0.049398
3 549.40 121.02 604.85 178.84 0.049211
3 563.60 1060.23 897.10 1388.70 0.048858
3 1307.53 1373.23 1631.07 1495.41 0.048679
3 588.67 148.23 1568.77 541.87 0.048442
3 9.07 725.53 1194.72 1494.59 0.048426
3 7.20 959.79 646.56 1491.93 0.048422
3 618.15 1102.83 897.40 1323.13 0.048295
3 1766.27 987.33 1992.84 1487.74 0.048156
3 490.66 376.96 1985.67 1478.31 0.048045
5 1374.87 663.96 1547.99 769.84 0.047951
3 3.72 16.69 421.41 1488.56 0.047634
3 1074.33 447.68 1991.75 828.20 0.047560
3 785.55 697.51 1097.31 976.64 0.047452
3 546.38 38.04 633.34 110.79 0.047363
3 692.58 549.68 1109.45 977.34 0.047247
3 1060.69 383.21 1473.02 594.23 0.047017
3 1331.85 1106.84 1565.65 1306.00 0.046935
3 10.49 1010.65 702.73 1490.33 0.046850
3 1590.02 576.68 1993.57 1488.41 0.046678
3 1265.98 543.56 1993.10 820.96 0.046672
3 213.61 1362.66 400.82 1492.72 0.046672
3 10.12 1201.14 130.68 1323.55 0.046441
3 320.28 409.97 1692.64 1419.07 0.046328
3 565.08 177.13 744.12 324.59 0.046238
3 706.83 1174.33 861.33 1303.00 0.046187
3 275.47 923.24 908.29 1351.69 0.046104
3 1653.54 1216.08 1961.54 1469.14 0.045756
3 3.47 1204.58 92.30 1493.30 0.045457
3 10.89 991.78 873.41 1489.86 0.045382
3 4.36 3.59 380.44 265.47 0.045374
3 11.54 1032.27 872.25 1490.07 0.045292
3 1871.97 622.91 1998.03 698.04 0.045172
3 960.33 299.54 993.94 387.54 0.045056
3 521.29 89.67 963.57 270.01 0.044845
3 469.27 545.47 1210.97 1481.32 0.044737
3 11.13 968.93 1985.70 1492.42 0.044660
3 254.30 112.48 432.12 229.85 0.044658
3 1058.76 383.30 1335.68 512.63 0.044630
3 651.55 276.42 1542.64 533.95 0.044391
3 186.77 489.45 382.92 664.70 0.044374
3 333.66 -0.32 1994.43 571.42 0.044296
3 5.34 602.91 197.42 832.62 0.044287
3 829.28 551.11 1085.24 715.04 0.044187
3 554.98 168.15 615.45 233.16 0.044168
3 1157.10 973.41 1991.48 1488.67 0.044052
3 755.29 281.20 956.04 394.87 0.043912
4 550.53 37.17 632.47 96.71 0.043527
3 861.36 1213.48 1151.69 1487.31 0.043390
3 651.81 498.50 1118.02 1074.04 0.043251
3 338.44 365.18 1734.19 1432.78 0.043235
3 1062.90 384.01 1439.77 529.34 0.043175
3 1699.74 485.67 1816.84 563.96 0.043143
3 362.86 1009.47 1196.92 1496.53 0.043109
3 657.60 520.28 1023.99 743.93 0.043100
3 567.72 253.71 984.65 396.66 0.043093
5 742.02 346.00 1094.82 617.63 0.042709
3 1580.09 976.36 1982.97 1182.17 0.042640
3 100.35 180.62 1963.05 1067.22 0.042584
3 660.03 528.95 1065.99 1106.79 0.042469
3 1886.44 970.39 1995.33 1201.05 0.042437
3 1722.69 999.59 1988.13 1207.38 0.042432
3 1707.00 1105.95 1949.74 1441.23 0.042397
3 94.70 44.68 310.92 165.04 0.042180
4 1374.63 664.39 1549.76 770.28 0.041843
3 713.76 745.53 1201.50 1242.18 0.041719
3 1209.74 1352.41 1646.30 1495.28 0.041641
3 1608.48 766.45 1715.19 916.73 0.041625
3 650.36 180.95 924.51 349.49 0.041602
3 1439.00 966.65 1991.35 1489.83 0.041171
3 20.44 1324.01 134.26 1484.97 0.041155
3 901.71 170.06 936.57 260.04 0.041093
3 310.89 165.36 1191.16 1486.15 0.041038
3 1105.01 286.18 1198.26 341.42 0.041024
3 1283.61 485.14 1982.92 764.70 0.040906
3 9.43 490.13 386.74 882.45 0.040844
3 168.55 114.14 423.19 230.31 0.040779
3 1264.83 1096.15 1371.67 1199.33 0.040602
3 5.05 1105.61 1014.24 1494.09 0.040529
3 1046.09 361.26 1988.05 817.79 0.040447
3 1601.40 663.39 1717.13 732.89 0.040446
3 61.98 478.79 380.20 676.21 0.040362
3 1917.12 513.93 1964.23 576.56 0.040200
3 1238.58 575.22 1991.69 1484.05 0.040141
3 653.32 532.28 1198.34 1485.51 0.040088
3 675.29 620.07 1966.93 1433.18 0.039839
3 858.26 1254.64 1003.71 1375.17 0.039794
3 1084.11 513.37 1309.64 753.18 0.039781
3 621.26 526.79 1394.14 1259.59 0.039686
3 1835.40 546.16 1865.14 585.47 0.039677
3 2.54 1200.11 1058.40 1498.77 0.039641
3 14.91 827.38 1984.68 1489.99 0.039590
3 392.83 359.84 1949.46 1270.54 0.039508
3 358.81 44.32 1015.25 294.27 0.039410
3 305.34 343.74 1985.10 1478.90 0.039370
3 1136.29 568.66 1260.01 627.95 0.039346
3 859.74 1001.26 1070.30 1223.11 0.039123
3 533.43 402.70 1469.33 956.90 0.038752
3 13.50 266.71 1990.94 836.29 0.038658
3 479.55 373.47 1172.11 846.09 0.038563
3 510.26 385.66 1071.59 630.44 0.038512
3 520.07 459.93 1163.50 1481.94 0.038415
3 530.38 760.95 594.94 819.06 0.038361
3 33.31 862.93 1613.34 1493.30 0.038268
3 1425.75 366.03 1612.93 551.37 0.038215
3 655.05 1008.17 1184.88 1487.61 0.038109
3 10.26 404.01 971.35 1484.27 0.038070
3 1064.99 1395.23 1264.19 1494.59 0.037930
3 748.65 720.06 1008.00 965.31 0.037752
3 569.08 157.49 1023.55 479.86 0.037689
3 896.44 1301.50 1097.88 1482.69 0.037666
3 1658.42 1069.63 1876.43 1353.25 0.037657
3 612.94 179.39 741.03 305.79 0.037642
3 -0.18 1197.91 650.33 1497.20 0.037597
3 512.06 76.07 1019.76 373.36 0.037580
3 17.30 453.89 1433.96 1487.29 0.037522
3 465.75 176.21 1985.20 1477.17 0.037513
3 815.04 984.03 1056.21 1173.94 0.037510
3 779.89 388.07 1065.15 574.18 0.037484
3 7.87 356.46 399.16 890.07 0.037454
3 662.64 633.36 1196.31 1444.28 0.037377
3 964.68 1309.33 1194.85 1489.43 0.037300
3 1394.13 729.89 1500.81 906.20 0.037293
3 775.29 287.45 1440.64 575.90 0.037293
3 1588.75 544.50 1821.68 715.42 0.037151
3 1794.96 594.70 1994.46 739.57 0.037120
3 1470.21 589.53 1570.80 678.05 0.036996
3 527.42 477.54 1980.47 1473.94 0.036949
3 34.38 819.01 983.62 1486.75 0.036939
4 1811.80 673.83 1963.41 793.69 0.036887
3 1458.89 354.83 1512.58 449.78 0.036852
3 2.24 732.83 339.03 1240.24 0.036818
3 568.51 149.09 1522.16 659.44 0.036792
3 11.98 46.43 1546.55 1483.26 0.036775
3 526.88 301.25 765.24 452.14 0.036765
3 1098.08 277.84 1208.73 348.61 0.036661
5 130.02 0.12 209.93 52.38 0.036643
3 1870.00 676.86 1939.43 742.07 0.036602
3 1271.22 561.50 1468.79 670.42 0.036583
4 243.99 381.33 1873.82 1367.92 0.036568
3 1312.85 461.29 1804.86 719.59 0.036554
3 933.50 1300.57 1095.42 1459.17 0.036523
3 1576.74 955.30 1986.47 1297.17 0.036447
3 1042.02 380.69 1581.81 624.99 0.036408
3 657.63 914.04 1123.78 1219.74 0.036298
3 1060.25 379.76 1586.74 676.53 0.036281
3 684.10 545.11 936.28 749.14 0.036230
3 636.01 449.65 1190.62 1199.25 0.036228
3 298.88 957.27 1191.44 1497.74 0.036170
3 1196.22 1186.53 1254.03 1233.83 0.036109
3 1045.52 481.25 1992.33 829.65 0.036062
3 706.84 581.61 1395.43 1143.08 0.036032
3 1169.90 1057.19 1323.82 1236.70 0.036004
3 737.27 399.19 1987.79 793.55 0.036000
3 679.17 970.01 1065.39 1279.91 0.035993
3 540.02 425.53 1987.88 824.29 0.035937
3 328.73 997.25 636.43 1282.75 0.035932
3 283.87 540.19 1681.96 1468.60 0.035929
3 406.28 390.21 667.65 565.00 0.035898
3 710.09 872.92 1045.52 1215.22 0.035834
3 12.19 32.47 508.16 611.80 0.035813
3 6.90 1077.74 883.19 1495.00 0.035781
3 927.14 764.88 1235.47 1020.57 0.035725
3 3.15 1198.75 743.53 1497.76 0.035699
5 251.42 691.57 650.57 1057.75 0.035634
3 10.32 361.71 155.53 496.03 0.035633
3 1601.03 664.35 1655.12 723.30 0.035608
3 943.92 289.90 1017.58 393.20 0.035577
5 79.36 231.92 1943.81 1365.96 0.035508
3 665.97 593.91 1046.10 1158.24 0.035488
3 1148.27 331.89 1203.36 372.52 0.035473
3 341.02 989.55 587.51 1175.42 0.035458
3 30.84 0.67 1991.61 575.46 0.035415
3 560.85 403.06 1169.90 1090.62 0.035381
3 748.78 737.57 1381.07 1053.19 0.035318
3 10.74 755.12 634.93 1489.87 0.035286
3 1238.80 479.44 1517.32 669.80 0.035282
3 1585.20 695.59 1728.44 935.31 0.035232
3 282.01 905.94 673.27 1207.95 0.035141
3 1281.05 107.64 1480.98 196.97 0.034986
3 19.44 768.58 938.06 1487.32 0.034929
3 1731.90 997.48 1984.90 1344.39 0.034741
3 929.41 824.22 1143.50 1012.44 0.034648
5 779.36 387.52 1310.31 754.07 0.034629
3 525.55 393.83 1381.28 871.41 0.034593
3 1584.28 988.73 1808.58 1162.63 0.034579
3 1228.21 747.21 1416.52 940.49 0.034571
4 12.10 14.11 1987.14 1470.32 0.034497
3 432.16 1047.48 753.84 1440.79 0.034416
3 486.89 678.20 698.06 885.27 0.034404
3 418.19 1239.51 772.91 1487.42 0.034379
3 537.93 135.65 804.67 357.81 0.034367
3 1167.64 1064.86 1263.82 1233.66 0.034321
3 694.82 668.07 1227.45 1159.52 0.034312
3 21.62 1005.85 1604.15 1493.62 0.034297
3 617.24 185.08 1622.51 668.58 0.034289
3 1167.65 1095.51 1207.49 1199.56 0.034237
3 56.55 633.17 1022.51 1335.05 0.034220
3 37.34 803.27 765.43 1481.04 0.034198
3 1086.26 519.20 1883.26 1373.94 0.034184
3 1239.95 411.55 1445.80 548.14 0.034164
3 516.50 387.08 885.23 648.37 0.034104
3 593.90 1145.53 851.96 1462.60 0.034090
3 115.55 164.75 1385.52 1200.35 0.034067
3 434.78 1035.45 1190.98 1496.40 0.033880
3 59.09 345.21 358.59 490.24 0.033823
3 19.31 61.41 991.30 534.46 0.033777
3 526.60 257.80 1078.27 595.93 0.033764
3 512.96 875.29 638.53 1057.53 0.033762
5 17.43 0.98 301.84 165.80 0.033734
3 1739.14 917.84 1867.82 980.08 0.033615
3 874.50 1251.40 1046.15 1387.17 0.033537
3 919.79 1314.11 1039.35 1416.76 0.033512
3 458.85 1027.22 1980.55 1488.36 0.033495
3 572.12 551.13 1666.65 1382.55 0.033414
3 1049.70 1352.39 1647.67 1495.50 0.033395
3 358.69 677.74 682.63 896.91 0.033344
3 741.75 757.22 1080.49 1046.41 0.033336
3 6.91 430.54 767.56 1491.88 0.033333
3 382.46 68.48 1567.50 523.92 0.033310
3 514.92 395.49 1165.01 1385.98 0.033300
3 381.33 1012.39 603.52 1144.41 0.033261
3 1701.35 559.50 1992.66 814.83 0.033248
3 570.75 600.28 1783.34 1441.64 0.033237
3 725.00 1278.43 1243.09 1494.19 0.033204
3 1875.43 627.68 1998.57 693.75 0.033194
3 853.45 1210.97 1099.67 1425.20 0.033145
3 143.28 0.23 210.43 53.92 0.033031
3 1080.85 533.93 1183.32 719.60 0.033004
3 837.56 1263.21 941.68 1375.90 0.032934
3 1801.63 620.30 1995.87 799.46 0.032909
3 1331.99 402.88 1991.88 822.55 0.032900
3 1461.53 398.12 1747.31 643.55 0.032862
3 12.71 810.95 688.04 1490.81 0.032782
3 1518.78 546.81 1581.45 653.67 0.032761
3 990.72 1377.51 1184.61 1493.84 0.032699
3 2.03 113.58 80.14 273.32 0.032665
3 71.69 1276.40 164.08 1366.83 0.032664
3 1578.72 973.80 1888.03 1143.85 0.032611
3 637.13 181.99 735.00 263.04 0.032529
3 1410.80 295.21 1510.65 402.76 0.032521
3 1038.17 475.02 1990.92 1483.26 0.032498
3 106.82 281.98 1519.92 1176.00 0.032438
3 1792.71 593.06 1898.47 681.43 0.032364
3 1861.86 975.58 1994.40 1494.96 0.032303
3 585.76 543.43 830.60 705.05 0.032275
3 726.66 997.02 920.57 1142.59 0.032241
3 532.00 481.01 950.72 732.44 0.032234
5 1413.34 712.80 1649.21 957.99 0.032214
3 1368.20 667.46 1538.15 933.29 0.032190
3 8.91 120.15 685.75 1484.32 0.032047
3 652.65 575.61 1981.25 1481.82 0.032036
3 6.90 383.33 650.62 1487.36 0.031992
4 251.15 692.43 650.53 1057.33 0.031937
4 1.74 1203.03 402.77 1497.15 0.031927
3 1112.80 411.48 1937.38 646.35 0.031909
3 458.08 922.97 581.72 1057.28 0.031863
3 633.74 541.30 1423.25 1290.75 0.031808
3 318.49 323.15 1295.92 1481.67 0.031774
3 1088.12 403.14 1699.72 696.33 0.031753
3 366.59 53.73 471.16 129.68 0.031741
3 11.67 581.73 654.47 1137.65 0.031730
3 751.21 678.43 1389.28 1226.04 0.031710
3 577.97 218.23 1579.76 602.22 0.031710
3 683.23 569.26 944.00 1032.07 0.031692
3 1877.91 805.74 1995.37 982.43 0.031658
3 710.69 551.70 994.71 875.28 0.031636
3 721.13 594.97 1336.62 1002.19 0.031572
3 1067.55 385.18 1257.51 490.34 0.031535
3 1085.75 271.19 1230.78 392.15 0.031534
3 133.80 671.77 355.91 865.11 0.031515
3 873.65 279.02 1481.40 587.01 0.031430
3 591.61 452.36 1415.11 1107.99 0.031415
3 1222.22 472.75 1990.49 953.84 0.031413
3 1163.00 823.49 1991.93 1490.92 0.031357
3 554.52 530.21 1216.85 1330.87 0.031349
3 735.83 678.45 1158.86 1347.41 0.031349
3 677.74 483.01 942.02 661.53 0.031302
3 1771.42 731.28 1920.95 853.46 0.031248
3 1287.07 491.32 1992.01 1485.05 0.031229
3 1265.55 425.27 1505.34 656.86 0.031184
3 59.85 358.12 1742.14 1479.10 0.031139
3 162.42 1292.86 321.58 1410.13 0.031138
3 55.47 1131.26 944.69 1490.00 0.031115
3 1858.98 677.09 1939.47 788.60 0.031112
3 1020.18 285.03 1593.26 560.28 0.031077
3 1471.55 1183.51 1591.36 1361.76 0.031061
3 970.46 1283.49 1290.28 1493.18 0.031004
3 1370.82 657.25 1870.39 984.97 0.030980
3 414.06 399.63 1628.87 1220.48 0.030894
3 555.80 398.91 1987.72 975.33 0.030857
3 532.90 140.48 1165.44 591.28 0.030839
4 76.76 290.67 1875.53 1148.63 0.030817
3 768.08 284.95 1347.14 496.73 0.030816
3 1057.28 377.30 1360.44 579.13 0.030803
3 1595.34 663.21 1720.42 805.89 0.030770
3 700.56 295.82 1096.11 588.84 0.030743
3 1147.29 303.17 1320.39 394.56 0.030741
3 534.34 1092.98 651.88 1212.92 0.030729
3 882.57 1286.46 1180.83 1491.55 0.030692
5 408.28 304.00 756.93 552.30 0.030665
3 385.56 1130.48 743.14 1474.06 0.030645
3 712.47 241.49 1046.39 449.02 0.030636
3 543.83 117.91 629.74 310.74 0.030533
3 945.21 1306.85 1062.44 1414.31 0.030528
3 414.85 246.55 506.12 373.70 0.030454
3 7.51 1011.44 990.56 1491.98 0.030453
3 10.04 383.59 797.50 1484.01 0.030427
3 276.50 256.09 1940.08 968.85 0.030363
3 1088.93 458.19 1546.11 645.90 0.030346
3 1025.01 1339.11 1985.75 1495.05 0.030301
3 1276.28 463.09 1468.05 595.79 0.030274
3 631.78 502.50 1309.20 767.81 0.030259
3 1662.08 1101.59 1743.43 1177.17 0.030251
3 1073.11 383.51 1581.21 533.15 0.030227
3 1267.87 185.28 1475.80 378.26 0.030185
3 495.58 359.36 1499.54 995.40 0.030140
3 1431.14 384.25 1993.73 847.20 0.030124
3 7.20 1007.92 910.98 1493.31 0.030120
3 1514.09 856.08 1652.99 963.49 0.030091
3 1734.98 851.22 1868.73 979.35 0.030082
3 474.67 353.72 805.68 616.87 0.030079
3 1631.86 560.34 1976.34 745.00 0.030040
