1 312.37 800.69 353.87 865.92 0.635328
1 283.33 815.19 322.59 885.07 0.628170
4 1047.19 530.41 1169.46 604.41 0.611272
4 1231.22 479.85 1322.09 543.08 0.596419
4 0.37 888.85 223.54 1033.46 0.591911
1 1074.03 665.05 1102.29 724.15 0.584398
4 1167.54 381.51 1246.95 427.05 0.578806
4 1310.38 415.67 1393.94 463.53 0.567595
1 1102.43 689.59 1129.85 740.56 0.564833
4 1288.44 508.15 1395.11 578.44 0.560250
4 1111.22 435.94 1198.85 486.44 0.554181
2 312.39 800.73 353.58 864.69 0.549258
3 332.18 695.49 359.94 735.63 0.546598
6 362.27 232.90 440.01 299.86 0.540255
2 283.53 815.32 322.73 884.77 0.538584
1 328.67 670.29 361.08 735.38 0.526870
3 1231.49 479.99 1321.80 542.72 0.521174
3 1047.45 530.65 1169.24 604.26 0.513251
3 0.43 889.33 223.13 1033.30 0.508607
3 328.52 670.38 361.03 735.82 0.504806
2 1074.00 664.85 1102.45 724.20 0.502225
3 1167.77 381.73 1246.55 426.90 0.501611
4 1356.68 558.45 1399.51 620.18 0.494153
2 1102.32 689.60 1129.84 740.15 0.493989
3 1310.78 415.78 1393.65 463.13 0.493798
4 743.48 378.46 810.02 421.04 0.493197
5 362.18 232.82 440.23 299.96 0.493156
3 1288.71 508.35 1394.72 578.09 0.491694
5 1231.34 479.79 1322.19 542.99 0.491159
3 362.17 232.66 439.94 299.69 0.483066
3 1111.32 436.15 1198.64 486.20 0.480347
2 328.64 670.35 361.11 735.40 0.476427
4 810.66 418.69 889.05 465.08 0.468187
5 1167.64 381.50 1246.85 427.11 0.465641
1 1048.08 669.79 1072.86 722.63 0.465275
5 1047.24 530.51 1169.63 604.47 0.457093
5 1288.61 508.17 1394.97 578.41 0.456276
5 1310.56 415.58 1393.54 463.43 0.454861
3 743.79 378.63 809.46 420.69 0.443148
4 529.58 309.85 578.40 339.55 0.439005
5 1111.45 436.00 1198.64 486.57 0.436640
3 1074.09 665.21 1102.18 724.03 0.431773
3 810.74 418.55 888.71 464.72 0.427917
3 283.51 815.39 322.43 884.47 0.415841
3 1356.93 558.68 1399.45 619.76 0.414252
2 1048.07 669.07 1072.80 722.67 0.412122
5 743.72 378.66 809.93 420.90 0.411402
3 312.13 800.83 353.50 866.29 0.409944
3 1102.56 689.70 1129.48 740.14 0.409598
5 0.59 887.93 223.23 1033.20 0.404108
5 810.71 417.86 889.16 465.15 0.399639
3 529.78 310.21 578.11 339.29 0.399033
4 868.10 284.89 920.11 318.42 0.383492
4 664.39 341.34 727.24 376.58 0.381674
4 280.28 214.71 304.56 235.37 0.379094
4 318.77 213.21 343.71 232.71 0.378769
4 912.36 286.73 961.90 323.25 0.366171
5 912.43 286.70 961.76 323.29 0.363992
4 362.13 232.36 440.22 299.88 0.361373
4 1376.60 432.23 1399.64 473.97 0.359592
5 529.93 309.93 578.40 339.52 0.357739
3 664.35 342.18 726.96 376.17 0.355725
5 1356.65 558.41 1399.37 620.22 0.352373
3 222.11 1016.84 299.33 1049.55 0.352298
3 912.38 286.96 961.83 323.08 0.351128
4 917.24 465.00 987.59 506.19 0.347267
3 1048.04 669.08 1072.75 722.25 0.342949
3 280.58 214.94 304.28 235.12 0.341856
4 29.01 492.57 89.15 550.63 0.339913
4 534.92 281.13 588.06 308.86 0.339893
3 868.36 285.18 919.63 317.96 0.338190
3 319.10 213.54 343.59 232.45 0.335570
6 226.02 201.31 275.58 251.15 0.335069
6 810.72 417.81 889.00 465.06 0.332383
5 868.24 285.16 919.79 318.24 0.330853
3 535.20 281.51 587.68 308.61 0.328224
5 280.39 214.75 304.44 235.33 0.328055
4 367.75 211.55 393.09 231.11 0.327373
5 664.90 341.08 727.04 376.39 0.322520
3 917.51 465.10 987.55 505.91 0.321553
4 34.73 426.80 93.94 471.11 0.321076
6 1231.52 480.01 1321.72 542.70 0.315457
3 29.33 492.82 88.46 550.85 0.313355
4 78.05 1010.85 299.60 1049.09 0.312435
5 319.03 213.45 343.71 232.68 0.311156
5 535.21 281.11 587.95 308.77 0.310857
1 1048.53 643.43 1069.02 680.55 0.308394
3 1376.70 432.57 1399.65 473.60 0.308226
3 78.43 1011.20 299.36 1049.06 0.307959
4 268.36 171.45 288.58 187.69 0.306187
6 535.12 281.21 588.13 308.36 0.299939
4 18.67 537.72 92.02 582.82 0.298930
3 35.12 427.20 90.70 470.91 0.291867
3 72.76 59.18 1398.31 624.23 0.290410
6 1168.08 381.69 1246.64 426.90 0.289148
6 664.49 341.82 727.11 376.09 0.288983
5 917.44 465.15 986.67 506.57 0.287336
4 907.21 373.67 961.87 410.93 0.287072
2 1048.63 643.43 1069.13 678.11 0.287053
6 530.01 310.31 578.50 339.25 0.286064
6 912.60 286.95 961.73 323.19 0.282402
6 744.04 378.78 810.12 420.73 0.282397
3 368.10 211.91 392.77 230.90 0.278865
6 1288.92 508.45 1394.89 578.31 0.278080
4 241.86 173.05 260.44 188.20 0.276572
4 153.75 253.84 179.66 272.61 0.275184
3 154.06 254.07 179.39 272.37 0.273553
5 29.24 492.82 88.97 551.10 0.272238
5 225.94 201.40 275.44 251.45 0.271489
2 1046.45 644.15 1131.15 741.55 0.269722
3 268.78 171.77 288.36 187.58 0.269572
4 254.61 217.75 275.31 251.03 0.267491
6 1310.73 415.75 1393.96 463.39 0.267355
3 1049.21 669.78 1071.65 721.17 0.262299
3 907.40 373.71 961.12 411.05 0.261672
5 34.76 426.90 91.12 471.27 0.258753
3 468.41 231.35 494.90 256.82 0.257476
4 781.65 325.06 826.70 354.07 0.257336
5 1376.62 432.28 1399.54 473.86 0.257320
4 622.14 320.93 673.97 350.99 0.257189
6 154.18 254.34 179.38 272.51 0.256598
3 242.13 173.48 260.34 188.05 0.256030
5 153.88 253.88 179.65 272.61 0.255721
6 280.72 214.97 304.47 235.24 0.255608
3 1102.03 708.80 1122.85 739.12 0.255529
5 367.95 212.06 392.92 231.00 0.254698
3 1102.39 690.76 1128.38 739.28 0.254332
5 907.50 373.46 961.72 411.47 0.253730
4 84.21 61.90 1398.52 622.20 0.253513
4 468.35 231.12 495.01 256.94 0.253365
3 251.87 1017.15 299.12 1049.38 0.251785
3 622.02 321.05 673.61 350.62 0.250673
3 1048.57 643.35 1068.89 679.45 0.250542
5 268.51 171.71 288.55 187.71 0.250453
4 221.62 160.10 239.57 174.82 0.248189
4 40.97 389.21 79.02 425.80 0.248152
4 529.78 266.46 565.48 292.89 0.244691
3 530.08 266.61 565.21 292.86 0.240766
6 1111.52 436.13 1198.66 486.35 0.239933
3 18.88 537.58 91.31 582.15 0.239875
6 619.79 320.41 674.05 351.05 0.239752
6 319.39 213.65 343.72 232.51 0.239281
4 201.21 286.00 227.48 302.93 0.239010
5 241.99 173.34 260.40 188.25 0.237618
3 835.49 329.65 877.33 357.03 0.236099
5 468.30 231.28 495.05 256.87 0.234911
3 226.04 201.31 275.10 251.34 0.234252
5 621.75 320.42 673.74 351.00 0.234074
6 29.50 492.81 88.68 550.86 0.233870
3 782.06 325.39 826.06 353.88 0.232515
5 221.93 160.30 239.70 174.61 0.231940
6 468.44 231.59 495.11 256.88 0.229612
4 835.25 329.47 877.59 357.14 0.228601
4 58.06 235.71 93.27 279.11 0.227384
6 868.54 285.30 919.87 317.87 0.226647
3 58.35 235.89 92.82 278.95 0.225655
3 222.02 160.38 239.41 174.66 0.225586
5 530.32 266.76 565.25 293.31 0.224783
3 255.18 218.72 275.16 250.74 0.224409
6 1047.24 530.78 1169.46 604.18 0.220004
3 40.98 389.52 78.74 425.67 0.218652
6 530.28 266.75 565.68 293.15 0.218206
6 917.70 464.74 987.61 506.19 0.217975
4 723.59 258.38 769.68 283.44 0.217147
4 78.55 1011.06 216.59 1049.33 0.216577
4 428.63 213.28 452.81 232.56 0.212922
5 835.39 329.41 877.50 356.87 0.212258
6 166.96 109.67 187.01 130.81 0.210829
3 582.85 300.12 617.42 326.33 0.208080
4 225.73 201.07 275.46 251.31 0.207529
3 201.56 286.40 227.30 302.68 0.206731
5 782.30 325.05 825.27 353.99 0.206492
6 152.91 241.04 179.70 272.81 0.205201
3 1046.35 644.34 1130.60 741.48 0.203635
3 429.01 213.39 452.73 232.34 0.202844
5 255.32 218.56 275.53 250.77 0.202602
6 0.64 889.43 223.44 1032.72 0.201910
6 907.53 375.79 963.69 414.42 0.200453
3 723.82 259.00 769.12 283.53 0.198933
5 58.40 236.09 93.22 278.67 0.197858
4 582.27 299.64 617.66 325.83 0.197831
3 786.09 310.47 855.94 334.21 0.196025
6 368.25 212.16 392.87 230.94 0.195900
6 255.72 218.52 275.41 250.43 0.195655
3 166.91 109.09 186.60 130.87 0.193807
5 40.85 389.55 78.78 425.85 0.192407
5 18.51 537.45 91.89 584.53 0.191954
2 1196.91 418.10 1216.82 460.36 0.191724
4 786.01 310.02 856.24 334.12 0.188976
6 835.76 329.73 877.72 356.99 0.187927
6 58.82 236.19 93.27 279.03 0.186893
3 255.96 1016.50 299.76 1049.19 0.186564
6 1356.82 558.61 1399.28 620.18 0.183263
5 78.44 1011.04 216.70 1049.15 0.183210
6 782.26 324.97 827.07 353.96 0.182645
5 77.89 1010.83 299.46 1048.98 0.181067
6 222.23 160.42 239.74 174.55 0.180683
4 798.31 343.74 832.06 372.41 0.180275
1 1196.96 417.75 1216.84 460.37 0.179080
5 428.82 213.52 452.46 232.46 0.178288
3 78.92 1011.31 216.29 1049.21 0.176510
5 201.05 286.24 227.44 303.05 0.175903
4 948.82 405.76 1029.29 439.79 0.174770
6 41.31 389.77 78.85 426.09 0.173871
6 242.19 173.48 260.25 188.09 0.173137
3 504.47 258.39 536.99 280.81 0.172650
6 34.84 426.85 94.77 471.11 0.172434
4 64.92 307.66 92.34 329.05 0.171743
6 18.72 537.48 91.38 584.39 0.171662
3 1196.92 418.16 1216.73 460.13 0.170952
4 22.87 209.71 99.94 581.85 0.170596
5 166.49 109.02 186.14 130.38 0.170506
3 896.83 363.73 957.70 395.91 0.170286
6 268.87 172.08 288.31 187.49 0.169730
6 1376.59 432.18 1399.58 473.78 0.169509
4 1103.17 412.40 1134.22 451.41 0.168515
3 4.56 53.48 1397.13 1044.89 0.168477
5 583.23 299.82 617.76 325.58 0.167940
3 948.87 406.24 1029.01 439.86 0.167557
1 1046.25 643.72 1131.33 742.26 0.167508
3 23.52 208.91 98.66 580.93 0.167075
4 503.89 258.13 537.38 280.74 0.164751
4 56.52 353.21 93.46 371.85 0.164217
4 895.98 363.11 957.80 397.35 0.163892
3 798.50 343.95 831.80 372.23 0.163836
5 896.75 363.71 958.40 397.02 0.162673
4 166.41 108.84 187.15 130.87 0.162502
3 35.22 378.44 78.62 425.11 0.162270
6 582.70 300.05 617.78 326.08 0.162035
6 1102.97 412.37 1134.21 452.31 0.159982
4 1107.82 377.48 1398.27 621.09 0.159037
5 47.54 58.75 1396.18 623.76 0.158051
3 1103.49 412.86 1133.98 451.74 0.157331
2 4.47 53.56 1395.75 1045.54 0.156745
3 1198.38 419.48 1215.81 459.10 0.155736
3 65.46 307.72 92.08 328.78 0.155465
5 724.17 258.72 769.73 283.34 0.155401
6 786.30 310.61 856.17 334.46 0.155391
4 1229.93 411.03 1398.44 620.53 0.154776
4 885.34 345.04 925.04 364.04 0.154243
4 1063.81 411.03 1133.99 453.88 0.153621
6 117.24 84.40 130.80 100.58 0.153428
2 283.76 800.37 353.60 885.12 0.153076
6 429.06 212.94 452.70 232.38 0.152913
3 886.19 345.35 925.03 364.29 0.152252
6 35.56 378.59 78.82 425.75 0.151619
6 896.85 364.03 958.53 397.57 0.149873
3 1240.53 366.40 1292.81 396.83 0.149099
4 141.24 124.96 157.07 137.85 0.147406
5 141.45 125.10 157.22 137.68 0.145941
4 73.77 266.44 92.68 285.09 0.145724
3 56.85 353.57 92.62 371.10 0.145703
5 1102.92 412.45 1134.29 451.75 0.145355
4 28.13 476.78 51.04 504.13 0.144684
5 504.61 258.38 537.18 280.84 0.144490
3 58.57 250.55 84.19 278.79 0.144143
5 35.32 378.57 78.82 425.13 0.144014
5 116.81 84.55 130.84 100.73 0.143866
3 317.20 163.06 332.57 182.37 0.143144
3 573.81 252.56 589.06 269.30 0.142471
4 573.66 252.38 589.26 269.45 0.142234
3 798.62 329.93 877.09 371.51 0.142018
4 34.53 377.35 65.20 403.34 0.141973
5 785.91 310.38 856.26 333.89 0.141364
3 141.46 124.95 156.94 137.50 0.141010
3 73.98 266.59 92.23 284.80 0.139673
4 183.95 129.41 197.34 141.05 0.139227
5 798.22 343.71 831.49 372.65 0.138805
6 504.78 258.25 537.47 281.10 0.137812
3 1100.11 713.22 1113.04 734.88 0.137112
5 818.18 311.00 856.43 332.71 0.136103
3 34.80 377.57 65.16 403.75 0.135971
5 184.33 129.84 197.32 141.05 0.135952
4 35.01 378.70 79.04 425.16 0.135757
4 895.31 362.85 932.04 392.91 0.135482
6 723.99 258.97 769.61 283.49 0.135123
3 330.88 693.93 360.82 736.61 0.135039
6 78.03 1011.08 299.72 1049.26 0.133985
3 28.35 477.26 50.67 503.77 0.133913
3 968.84 489.46 1003.91 530.31 0.133823
6 184.63 129.87 197.34 140.93 0.133513
4 931.37 448.29 988.09 488.88 0.133262
3 931.30 448.74 987.96 488.81 0.133181
3 116.82 84.42 130.77 100.43 0.132055
6 886.76 346.28 926.36 365.51 0.131959
6 917.72 467.45 969.72 505.84 0.131338
3 152.66 240.95 179.60 272.66 0.130843
4 316.97 162.89 332.85 182.41 0.130381
1 1047.16 643.85 1070.38 710.78 0.130369
3 1064.02 411.54 1133.88 453.74 0.129039
6 798.87 330.12 877.44 371.34 0.128805
5 573.91 252.61 589.29 269.40 0.128423
6 494.42 251.18 537.91 281.62 0.127800
3 895.38 363.20 933.23 391.77 0.127584
4 971.53 489.57 1004.14 530.53 0.127424
6 25.24 66.48 1396.54 621.08 0.127326
5 894.47 363.02 932.08 393.34 0.126750
4 1239.65 365.80 1292.74 397.13 0.126049
5 65.38 307.77 92.50 329.85 0.124907
4 28.04 461.75 81.22 504.09 0.124259
4 993.23 409.01 1030.43 439.53 0.124018
4 798.61 329.74 877.27 371.81 0.123600
5 886.56 345.45 925.67 364.91 0.123595
3 184.35 129.96 197.00 140.79 0.123390
3 917.95 467.33 965.05 505.44 0.122847
4 197.15 115.00 221.32 130.36 0.120893
5 5.97 53.71 1396.39 1046.36 0.120420
6 574.07 252.86 589.59 269.57 0.120291
3 821.58 311.21 855.91 331.97 0.120073
3 197.93 114.93 220.96 130.14 0.119960
4 116.58 84.24 131.07 100.67 0.119703
5 152.58 240.68 179.97 272.87 0.119662
6 931.86 448.46 988.38 489.57 0.118667
6 201.56 286.34 227.33 302.90 0.117848
6 947.63 405.71 1028.60 439.72 0.117654
3 1107.33 377.62 1398.59 620.89 0.117027
6 1065.65 411.25 1134.39 454.80 0.116724
6 798.26 344.11 831.40 372.37 0.116193
5 948.75 406.07 1028.78 439.69 0.115778
4 868.56 295.61 892.80 318.46 0.114779
4 917.46 467.19 968.12 506.07 0.113961
4 821.53 311.03 856.19 332.05 0.113757
5 317.10 162.76 332.41 181.96 0.113090
3 1230.03 411.20 1398.23 620.11 0.112064
5 58.68 250.68 84.51 278.95 0.111664
6 28.45 459.01 82.02 503.82 0.111418
4 412.09 204.92 430.24 222.01 0.110811
4 98.93 66.70 455.50 240.66 0.110567
3 412.39 205.40 429.54 222.05 0.110483
6 895.20 363.24 932.41 392.54 0.109900
6 1240.27 365.81 1292.79 396.98 0.109319
5 73.85 266.32 92.57 285.13 0.108899
3 60.86 297.82 91.36 326.98 0.108863
3 868.73 296.10 892.33 318.09 0.108519
3 992.88 408.13 1030.20 439.40 0.108125
5 56.61 353.35 93.19 371.31 0.107731
5 931.74 449.62 987.88 490.03 0.107598
4 4.21 56.28 1397.66 1044.57 0.107356
5 798.55 329.80 877.07 371.98 0.107306
3 1047.04 643.50 1070.46 712.59 0.106930
6 60.48 297.66 84.16 318.29 0.106666
6 107.68 73.67 444.73 300.23 0.106612
6 301.60 89.95 337.73 114.59 0.106199
5 917.93 467.15 968.55 506.39 0.106073
5 411.89 205.10 429.72 222.04 0.105869
4 58.86 252.29 83.12 278.44 0.105688
3 990.07 528.60 1023.36 569.64 0.104496
6 65.75 307.89 92.42 329.95 0.104477
6 141.33 125.23 157.02 137.22 0.103460
5 1240.18 366.07 1292.80 400.81 0.103182
4 398.71 200.73 430.67 223.11 0.103003
5 34.73 377.11 65.67 403.73 0.102960
3 101.10 67.38 450.15 301.03 0.102710
6 559.58 160.02 600.61 185.64 0.102494
6 74.04 266.41 92.26 284.86 0.102306
4 48.75 342.19 92.39 370.85 0.102254
6 104.56 74.57 196.24 142.24 0.102101
1 283.79 800.28 353.52 885.47 0.101804
6 360.17 94.23 412.25 124.09 0.101611
4 617.69 313.68 674.55 351.70 0.101220
4 221.35 260.04 245.93 270.97 0.101161
6 78.57 1011.20 216.75 1049.26 0.100972
5 868.37 296.42 892.61 318.40 0.100868
4 152.37 241.21 179.84 272.97 0.100712
6 317.43 163.07 332.52 181.88 0.100535
3 1105.25 413.94 1134.34 452.95 0.100254
4 60.51 297.56 85.05 318.21 0.099570
3 58.78 296.84 83.99 317.13 0.099035
4 756.17 281.80 1398.39 621.37 0.098799
6 883.25 345.93 927.84 381.31 0.098427
5 103.09 72.11 445.05 301.36 0.098055
6 61.03 297.83 92.30 330.52 0.097882
6 971.41 489.17 1003.37 530.45 0.097880
4 33.40 319.32 65.61 347.78 0.097391
3 256.22 139.52 273.85 159.53 0.096856
6 434.77 125.89 464.18 147.12 0.096744
4 138.34 104.88 155.45 119.64 0.096038
3 301.79 89.93 338.10 113.67 0.095921
3 97.45 65.21 455.89 237.88 0.095645
3 973.24 489.33 1035.39 531.74 0.095623
5 202.49 116.47 220.91 130.07 0.095301
3 59.30 219.56 79.38 240.98 0.095221
6 35.08 377.44 65.75 404.02 0.095021
3 28.20 460.92 80.71 504.00 0.094846
4 974.01 489.14 1036.40 532.10 0.094773
3 284.02 155.24 302.04 172.17 0.094198
3 221.45 260.22 245.78 270.84 0.093849
6 108.24 71.15 976.73 477.85 0.093580
3 398.53 200.66 430.41 223.29 0.093554
5 1065.05 410.97 1134.26 453.26 0.093510
3 132.08 96.44 148.60 111.13 0.093473
3 744.00 284.77 965.72 465.99 0.093264
5 257.42 144.33 273.10 159.79 0.093261
4 58.49 251.70 79.88 278.14 0.093257
3 283.81 800.53 353.13 884.87 0.092779
4 743.45 284.34 966.07 466.06 0.092404
6 108.23 71.80 589.63 343.68 0.092317
3 411.22 203.88 430.09 222.70 0.091900
6 101.45 68.95 455.24 240.93 0.091743
4 528.72 264.78 585.74 340.49 0.091596
5 495.79 253.36 538.03 281.81 0.091326
4 909.89 368.49 958.44 390.43 0.091137
3 882.44 345.14 927.46 382.43 0.091031
6 33.85 318.99 66.19 348.34 0.090753
3 224.15 116.39 243.36 133.10 0.090251
5 301.44 89.62 336.60 114.44 0.089995
3 160.62 85.22 178.34 98.14 0.089449
6 28.45 477.40 51.21 503.96 0.089164
5 1029.50 438.87 1061.81 484.52 0.089156
5 882.64 345.55 927.85 381.40 0.088921
4 103.37 69.45 448.12 301.19 0.088629
6 412.98 205.40 429.79 221.81 0.088477
5 374.00 93.93 411.76 120.28 0.087729
4 61.12 297.78 91.16 324.55 0.087462
6 195.27 114.36 220.91 130.10 0.087288
4 255.44 139.16 274.36 159.79 0.087122
4 223.17 1016.51 299.53 1048.99 0.086689
4 919.44 371.53 1398.21 620.63 0.086656
3 995.78 412.10 1029.72 439.33 0.086457
3 917.25 465.08 1001.00 529.33 0.086452
4 58.98 219.65 80.03 240.88 0.086415
6 530.24 266.53 588.50 308.83 0.086073
5 196.34 114.72 220.50 130.21 0.085971
4 137.78 116.30 155.38 132.11 0.085414
5 60.38 297.60 84.39 318.02 0.085345
6 105.58 70.74 297.09 189.11 0.085334
4 881.87 345.10 928.77 386.08 0.084776
3 1048.05 645.25 1068.20 702.78 0.084628
6 493.82 250.79 506.95 274.60 0.084090
3 514.74 249.77 1399.50 619.61 0.084073
3 238.82 128.79 274.82 159.38 0.084019
5 28.24 477.20 51.15 504.08 0.083927
5 225.99 201.16 270.07 224.13 0.083605
3 581.31 300.21 617.61 328.82 0.083164
3 1047.89 667.18 1127.24 740.56 0.083134
3 33.15 319.59 65.21 347.68 0.083049
6 974.25 489.24 1036.01 531.86 0.082957
4 131.70 96.29 148.56 111.19 0.082686
3 909.94 368.46 958.13 389.75 0.082227
6 133.17 97.82 154.18 118.07 0.082209
5 139.64 105.81 155.49 119.30 0.081950
3 782.29 310.64 855.93 353.34 0.081934
4 301.12 89.54 339.76 114.44 0.081907
5 114.62 79.95 196.66 142.12 0.081836
6 56.78 353.36 92.73 370.61 0.081627
3 49.18 342.19 91.72 370.30 0.081603
3 1049.29 687.76 1068.51 720.59 0.081511
5 220.75 259.73 246.06 271.12 0.081503
3 138.67 105.19 155.29 119.14 0.081457
5 132.19 96.35 147.30 110.04 0.081360
5 1229.24 409.99 1398.18 620.19 0.080874
5 256.46 140.51 274.28 159.89 0.080835
6 221.16 260.23 245.91 270.95 0.080817
6 256.82 140.35 274.05 159.43 0.080795
6 917.45 465.11 1001.45 529.95 0.080742
4 48.76 341.83 71.01 361.48 0.080693
6 398.56 199.68 430.53 222.88 0.080481
3 137.71 116.37 154.41 131.08 0.080480
4 781.89 310.49 856.07 353.04 0.080444
6 139.89 105.81 155.09 119.29 0.079901
3 528.72 265.01 584.85 340.09 0.079849
5 329.93 671.54 360.30 733.85 0.079706
5 868.14 283.90 962.62 324.26 0.079503
1 330.86 693.61 361.06 736.95 0.079345
6 168.83 105.09 454.81 234.71 0.079293
4 167.42 103.73 455.59 234.67 0.079260
1 255.95 1016.25 299.75 1049.12 0.079114
6 60.03 221.53 80.04 242.27 0.079068
3 257.87 233.24 275.04 250.61 0.078745
5 111.20 73.08 295.71 190.49 0.078590
6 236.33 128.54 275.82 159.65 0.078581
6 185.45 98.96 201.34 114.66 0.078332
5 61.03 297.79 91.69 327.87 0.078176
3 990.31 492.38 1034.37 568.18 0.077734
5 559.44 159.47 601.42 185.60 0.077674
5 161.62 84.93 178.46 98.63 0.077388
4 257.55 233.36 275.25 250.78 0.077321
3 505.18 258.81 537.15 281.75 0.077303
4 238.77 128.66 275.40 159.45 0.077086
6 397.54 198.50 454.12 233.47 0.076936
4 223.41 115.90 243.50 132.41 0.076719
3 45.82 212.18 70.40 233.82 0.076275
4 283.69 155.57 302.03 172.28 0.076266
3 374.68 93.75 411.31 116.74 0.075860
6 59.81 252.88 83.28 278.37 0.075745
6 990.13 408.37 1030.29 439.26 0.075744
3 257.48 145.05 272.89 159.40 0.075720
4 45.74 211.97 70.98 233.98 0.075714
5 991.21 408.46 1030.20 439.48 0.075559
3 559.06 160.72 599.22 184.86 0.075525
6 615.36 302.64 674.51 351.34 0.075509
3 229.79 125.42 245.48 141.54 0.075485
5 137.29 115.98 151.60 128.94 0.075365
3 917.49 462.84 984.43 506.98 0.075259
3 100.51 64.89 589.68 344.96 0.075180
4 35.32 305.68 91.83 347.52 0.074677
5 971.62 489.68 1003.76 530.40 0.074048
2 1047.57 669.72 1063.54 721.95 0.073952
6 202.56 116.51 221.00 129.90 0.073929
6 24.01 216.78 99.39 580.79 0.073907
6 374.88 94.18 412.28 119.45 0.073878
3 396.07 198.71 454.04 233.23 0.073587
4 256.76 144.71 273.35 159.73 0.073578
6 161.81 85.01 178.59 98.71 0.073506
6 284.72 156.11 302.04 172.42 0.073483
3 297.38 859.59 322.51 884.34 0.073372
3 328.95 670.50 356.76 722.21 0.073288
5 169.87 114.12 187.96 130.99 0.073279
4 229.14 124.74 245.67 140.82 0.073180
5 235.16 128.14 275.94 160.10 0.072826
6 467.15 229.22 587.73 339.25 0.072806
5 283.96 155.63 301.53 172.35 0.072707
4 869.96 283.38 964.41 417.24 0.072520
6 226.32 201.06 270.71 225.22 0.072515
6 25.37 285.89 98.54 575.57 0.072454
3 194.06 110.12 242.64 132.53 0.071978
6 782.32 311.02 856.25 353.30 0.071676
3 1110.09 446.73 1125.47 477.95 0.071533
5 1106.36 378.71 1398.05 620.19 0.071533
3 812.43 418.09 888.39 462.37 0.071216
4 466.62 228.09 587.87 340.30 0.070956
3 58.49 251.00 77.96 277.47 0.070628
3 186.33 91.79 1397.17 619.38 0.070228
3 1212.79 362.05 1292.59 397.65 0.069922
5 193.38 110.64 221.10 130.60 0.069909
6 258.15 145.52 273.01 159.56 0.069898
3 763.42 280.95 1398.53 620.45 0.069799
5 229.89 125.49 245.07 141.18 0.069776
4 152.78 82.70 178.40 98.94 0.069649
6 3.31 60.81 1396.82 1045.48 0.069283
3 373.71 104.32 387.87 117.72 0.069016
2 658.42 323.45 677.32 372.66 0.068927
4 396.46 199.32 454.07 233.26 0.068549
5 28.01 462.06 78.54 504.30 0.068376
5 59.31 220.13 79.80 241.19 0.068244
5 397.74 199.41 453.85 233.40 0.068049
4 1211.71 360.77 1292.97 398.28 0.067986
3 97.07 63.14 191.53 140.12 0.067767
3 870.19 283.50 963.83 418.44 0.067695
4 101.19 65.66 589.12 345.32 0.067288
3 22.37 61.25 450.68 582.58 0.067288
3 1075.39 665.59 1100.94 722.84 0.067254
2 257.37 1016.17 299.75 1048.83 0.067242
4 103.09 69.15 301.73 189.84 0.067151
3 908.00 217.83 922.41 235.65 0.066925
2 331.11 693.88 360.97 736.65 0.066697
3 467.77 231.87 480.64 252.12 0.066481
3 146.01 82.40 176.91 98.79 0.066419
3 530.68 266.12 565.35 296.53 0.066360
6 49.37 342.06 91.40 368.99 0.065785
3 1048.96 644.96 1067.85 688.86 0.065614
6 895.96 363.19 962.52 416.75 0.065357
4 98.69 66.55 190.56 139.92 0.065241
3 616.09 307.26 673.73 351.26 0.065231
3 809.91 415.64 890.13 465.64 0.065046
5 399.34 200.74 430.79 223.42 0.064922
3 49.12 341.82 70.94 360.97 0.064921
4 193.24 109.87 243.17 133.04 0.064697
3 992.58 491.44 1037.51 533.97 0.064680
3 434.62 126.02 463.90 147.07 0.064532
5 373.47 104.46 388.13 117.90 0.064510
6 373.76 104.87 387.87 117.90 0.064486
3 360.44 93.67 412.02 125.85 0.064387
4 253.86 1016.96 299.38 1048.76 0.064377
3 190.75 110.21 454.80 235.42 0.064308
3 397.33 200.58 413.53 217.54 0.064068
3 1029.97 438.64 1063.86 492.51 0.063868
4 278.40 205.21 455.38 236.70 0.063472
5 975.65 489.24 1036.90 531.81 0.063284
2 282.78 669.77 361.97 885.96 0.063259
6 663.47 323.99 727.62 375.60 0.063222
3 -0.09 210.72 8.80 226.73 0.063076
5 242.90 754.17 271.26 784.93 0.063031
3 466.81 229.32 586.90 340.22 0.062972
5 434.48 125.73 464.20 147.37 0.062860
3 236.44 129.65 255.53 147.26 0.062716
6 345.00 103.07 369.43 125.13 0.062579
3 35.00 427.63 101.37 471.11 0.062358
5 908.12 217.69 922.80 235.60 0.062257
4 513.65 246.98 1399.19 620.68 0.062135
5 140.10 270.05 229.21 493.88 0.062064
2 1046.76 643.90 1070.78 717.42 0.062013
5 910.48 368.51 958.54 390.49 0.061972
1 1230.49 479.64 1322.75 544.34 0.061822
3 975.36 489.64 1002.77 530.60 0.061801
5 35.66 369.99 93.67 425.29 0.061630
3 917.75 450.03 1007.50 508.24 0.061613
3 330.26 671.96 360.21 733.92 0.061587
4 868.06 284.19 962.41 323.87 0.061554
4 201.00 108.42 1396.05 621.78 0.061475
5 1102.83 690.64 1128.82 739.17 0.061449
3 897.35 365.08 960.92 412.95 0.061410
6 34.63 290.00 90.25 347.88 0.061382
6 45.81 212.23 69.87 232.81 0.061301
1 1018.87 491.88 1044.63 556.51 0.061274
4 558.16 235.89 576.41 253.53 0.061060
5 49.14 343.16 92.38 370.35 0.061031
3 141.59 82.07 158.69 99.15 0.060946
6 137.31 114.83 151.41 126.89 0.060888
3 186.25 99.31 201.67 115.42 0.060771
5 285.27 816.09 322.03 883.36 0.060691
3 493.27 252.12 507.37 275.22 0.060644
4 558.67 162.65 592.52 182.74 0.060581
1 361.72 231.98 441.50 300.85 0.060535
6 945.39 462.34 988.14 490.85 0.060441
6 169.37 103.62 301.97 184.85 0.060109
3 34.80 428.48 85.93 470.74 0.060015
5 1075.81 666.20 1101.21 722.70 0.059952
3 369.17 188.95 386.48 205.48 0.059930
1 1046.06 530.33 1170.75 604.92 0.059893
6 100.32 64.33 1025.43 527.84 0.059523
3 782.75 328.21 810.42 353.47 0.059416
2 25.34 61.44 1395.10 760.32 0.059323
5 784.43 313.38 815.04 329.23 0.059309
4 917.15 464.87 1001.12 529.29 0.059029
6 223.26 115.54 242.78 131.54 0.059015
6 1208.88 362.42 1293.71 408.93 0.058999
4 373.63 93.79 412.19 117.66 0.058904
4 884.32 344.21 961.85 415.11 0.058889
3 1105.78 396.93 1149.86 453.01 0.058657
5 257.66 234.50 275.21 250.73 0.058606
5 33.41 319.03 65.39 347.32 0.058547
5 664.00 274.19 728.63 375.80 0.058447
3 558.72 236.46 575.33 253.30 0.058398
5 224.05 116.03 242.78 132.07 0.058371
3 1044.12 690.54 1058.58 711.13 0.058296
4 798.81 247.45 826.53 273.79 0.058240
5 148.12 81.98 178.25 99.15 0.058190
3 333.04 695.41 356.72 732.78 0.058146
3 472.31 231.99 493.82 255.60 0.058113
4 908.26 216.85 942.48 236.57 0.057730
3 1231.32 478.24 1399.04 620.27 0.057718
4 186.30 108.43 301.87 186.21 0.057666
5 28.38 456.97 88.56 503.69 0.057471
5 467.29 228.42 588.77 340.13 0.057438
6 172.81 115.67 187.64 130.67 0.057375
6 781.29 284.30 966.17 466.81 0.057364
4 907.67 217.56 922.58 235.72 0.057354
4 841.82 415.53 870.10 434.18 0.057233
4 -0.03 210.42 9.53 226.79 0.057183
4 557.63 160.84 599.16 184.48 0.057156
3 293.98 816.46 322.73 870.26 0.057123
4 784.34 313.37 814.19 328.65 0.057118
4 908.08 368.66 958.60 396.11 0.057107
5 242.67 130.34 261.34 147.80 0.057055
3 1208.71 361.92 1294.17 408.99 0.056859
4 240.88 129.38 261.72 149.54 0.056518
3 908.92 217.29 943.88 235.98 0.056383
3 242.25 753.76 272.06 786.62 0.056367
5 745.26 280.75 966.37 467.16 0.056126
4 105.56 71.45 305.72 240.92 0.055991
4 1131.72 303.76 1158.71 319.46 0.055926
6 466.55 229.58 728.87 376.45 0.055879
3 1131.88 304.00 1158.21 319.24 0.055807
6 151.44 218.92 257.03 273.15 0.055573
5 895.21 363.28 962.75 415.84 0.055177
2 361.80 231.81 441.22 300.57 0.055093
5 186.02 99.03 201.72 114.98 0.055092
3 536.23 282.19 587.13 307.34 0.055041
5 992.67 490.21 1041.02 560.49 0.054999
3 160.27 69.24 181.51 83.14 0.054947
3 1051.27 644.33 1067.06 669.71 0.054892
3 241.06 129.67 260.74 149.79 0.054798
3 884.82 344.48 960.99 415.76 0.054604
3 992.36 490.64 1043.90 562.93 0.054587
5 101.46 66.46 593.17 346.06 0.054533
3 316.93 162.67 386.20 204.05 0.054479
4 396.88 200.64 414.14 217.46 0.054472
3 842.53 415.64 869.88 434.12 0.054467
3 1019.69 491.90 1044.04 551.65 0.054337
4 316.37 162.25 386.63 204.33 0.054337
5 131.82 97.67 154.74 119.60 0.053947
6 868.76 296.15 892.68 318.18 0.053860
5 397.94 200.58 414.28 217.23 0.053763
5 27.97 467.54 77.69 504.42 0.053686
6 842.40 415.53 869.69 434.63 0.053678
4 1113.88 239.02 1175.56 265.94 0.053678
3 341.93 711.49 359.95 735.56 0.053669
4 368.40 188.40 386.93 205.83 0.053546
1 1054.35 670.11 1074.14 721.17 0.053511
6 400.37 116.06 434.39 141.38 0.053480
3 107.57 72.53 303.46 184.56 0.053461
5 868.89 282.44 964.99 417.56 0.053439
1 658.35 323.20 676.93 373.06 0.053388
1 991.68 490.67 1044.43 565.78 0.053168
3 97.99 64.81 1005.67 517.77 0.053149
6 1212.19 361.53 1292.54 396.58 0.053040
4 467.74 231.49 480.98 252.06 0.052958
3 963.05 201.37 1040.16 240.28 0.052863
6 369.79 189.40 386.10 204.67 0.052779
6 993.53 491.11 1040.85 555.19 0.052753
5 313.32 801.11 352.26 864.66 0.052747
4 186.10 99.12 202.05 115.24 0.052668
4 51.24 312.04 89.86 347.76 0.052595
3 311.62 860.30 321.92 874.26 0.052467
3 179.39 105.72 303.02 185.51 0.052437
5 166.53 108.22 182.25 122.85 0.052406
3 340.28 707.15 360.84 736.81 0.052287
5 853.89 193.39 906.07 320.46 0.052202
6 230.56 126.07 245.39 141.35 0.052118
3 317.37 162.57 331.60 181.90 0.052087
5 322.07 346.99 347.33 360.67 0.052073
3 1074.71 689.91 1098.85 723.01 0.052003
6 815.19 415.00 869.35 439.15 0.051996
1 1287.26 507.94 1395.05 579.63 0.051845
6 663.59 273.71 728.51 375.45 0.051759
3 918.58 374.16 1398.32 621.31 0.051727
4 568.22 266.53 1399.12 621.45 0.051727
6 221.54 1016.65 299.77 1049.21 0.051589
6 104.79 68.07 897.37 468.20 0.051561
6 232.16 126.45 301.82 172.27 0.051545
5 493.02 251.04 507.11 274.19 0.051507
3 41.96 391.77 78.93 424.88 0.051507
6 232.61 128.60 246.38 144.61 0.051301
5 504.45 130.67 543.79 201.14 0.051288
6 493.12 249.69 588.85 309.48 0.051244
6 115.47 108.33 129.53 121.12 0.051215
3 349.22 178.80 376.62 201.57 0.051188
5 787.78 282.59 966.21 466.67 0.051180
2 1230.75 479.40 1322.66 544.17 0.051120
4 166.59 108.95 185.58 130.17 0.051015
5 24.16 217.51 101.26 580.61 0.050986
3 853.79 193.27 910.53 318.22 0.050882
4 75.30 235.56 93.16 253.12 0.050858
4 93.01 891.15 222.06 986.45 0.050851
5 222.48 1016.29 299.82 1049.02 0.050718
3 1102.57 414.74 1134.88 472.74 0.050712
5 853.54 194.18 907.01 449.71 0.050601
6 135.85 108.56 157.56 137.67 0.050555
6 143.49 81.25 159.46 99.45 0.050463
3 798.69 247.28 829.22 275.74 0.050358
1 1166.99 381.15 1247.29 427.92 0.050234
1 1046.88 669.77 1063.24 721.65 0.050043
4 814.84 414.79 869.65 439.84 0.050010
3 907.72 369.21 958.28 398.37 0.049837
6 1030.00 438.82 1062.02 484.76 0.049810
5 529.01 265.45 583.96 340.35 0.049797
3 868.28 284.24 962.16 323.82 0.049769
4 373.33 103.82 388.05 117.71 0.049741
3 1173.14 357.64 1221.13 382.91 0.049703
6 493.44 251.37 515.99 276.02 0.049634
6 398.12 199.82 414.14 216.70 0.049610
3 917.53 452.97 1006.50 530.84 0.049602
4 476.23 234.64 495.78 256.45 0.049481
5 765.57 286.69 1397.31 619.52 0.049469
5 143.01 80.86 158.70 98.66 0.049371
3 35.69 432.34 53.13 469.11 0.049238
3 56.05 217.56 94.32 284.32 0.049208
3 1044.20 464.77 1065.63 494.64 0.049195
4 782.09 327.89 809.91 353.60 0.049169
3 103.26 68.00 307.04 237.27 0.049082
4 345.17 105.00 371.82 125.58 0.049007
3 666.15 343.24 726.46 375.63 0.049005
5 216.48 114.30 238.04 131.74 0.048852
2 1018.47 491.44 1043.67 553.68 0.048818
2 1046.09 529.96 1170.55 604.64 0.048740
3 989.73 465.40 1064.41 570.07 0.048697
5 1198.50 419.67 1216.42 458.75 0.048498
6 -0.00 93.42 12.45 111.67 0.048464
6 258.47 236.81 275.18 250.91 0.048448
6 166.64 108.88 181.30 125.38 0.048436
3 75.46 235.59 92.69 251.79 0.048327
6 109.30 73.04 731.14 375.68 0.048282
3 229.16 124.19 302.10 171.62 0.048178
2 961.82 273.84 996.48 312.34 0.048166
6 48.92 288.83 85.13 319.21 0.048135
3 782.42 323.34 828.78 353.66 0.048065
6 467.79 232.13 481.12 251.72 0.047903
6 910.27 368.62 958.22 390.29 0.047843
4 361.78 231.99 399.42 260.38 0.047836
5 99.04 67.73 453.15 241.98 0.047825
5 782.08 310.72 856.16 353.21 0.047648
5 963.48 201.38 1040.63 242.87 0.047539
6 798.82 247.24 829.76 275.26 0.047389
3 658.22 323.41 676.41 373.02 0.047377
3 917.82 463.47 987.63 503.78 0.047326
3 690.58 344.35 726.18 376.17 0.047231
4 189.41 108.94 295.28 167.69 0.047195
3 558.17 236.29 582.37 263.05 0.047120
6 122.14 90.18 718.06 374.59 0.047112
3 398.59 198.92 429.91 223.24 0.047089
3 95.33 891.40 221.69 985.88 0.047029
3 504.70 130.61 543.50 200.65 0.046930
6 160.50 68.63 181.68 83.43 0.046866
4 1047.27 530.83 1098.85 571.71 0.046792
5 1131.66 303.67 1158.78 319.31 0.046779
4 526.44 254.64 973.45 465.06 0.046682
3 362.01 232.70 397.07 260.21 0.046668
3 59.69 220.22 78.75 243.15 0.046631
6 164.93 105.61 442.26 298.84 0.046573
6 1229.64 410.01 1398.20 620.11 0.046545
5 164.61 102.48 450.12 234.23 0.046442
3 1275.64 380.58 1292.55 409.83 0.046322
1 1110.38 435.33 1198.44 487.09 0.046230
6 784.70 313.18 815.91 328.82 0.046168
6 34.11 312.78 88.09 348.33 0.046060
6 104.52 69.32 343.58 234.90 0.046057
2 1167.20 381.03 1247.13 427.96 0.045923
3 621.61 321.85 650.66 349.45 0.045913
6 244.26 130.64 261.07 146.77 0.045910
6 1108.27 377.07 1398.28 619.86 0.045869
6 33.97 289.51 66.20 347.76 0.045739
3 1239.63 341.22 1280.95 368.84 0.045688
3 15.53 66.04 1395.15 747.71 0.045661
3 529.28 308.81 579.57 340.38 0.045643
3 329.04 165.88 358.31 192.10 0.045573
6 619.20 321.52 650.78 349.86 0.045494
3 852.80 192.66 907.76 480.71 0.045405
3 355.05 99.09 384.17 126.05 0.045377
6 216.03 113.63 238.69 131.54 0.045368
3 192.74 114.43 210.92 129.26 0.045279
4 1230.99 478.93 1399.21 621.12 0.045275
3 1047.40 530.93 1094.89 570.76 0.045254
4 20.42 211.11 229.28 582.83 0.045173
3 992.76 490.53 1040.09 559.24 0.045136
6 317.22 162.78 386.00 203.43 0.045127
4 656.07 272.52 1398.45 622.24 0.045058
6 994.22 491.39 1037.75 532.57 0.045057
4 228.02 123.30 301.71 171.87 0.045011
6 132.66 96.17 145.09 108.62 0.044956
3 574.20 266.70 1399.40 621.02 0.044953
3 0.30 908.16 98.92 1032.38 0.044947
4 160.28 69.19 182.20 83.36 0.044930
3 1197.44 437.69 1213.34 459.92 0.044866
1 221.58 1016.13 300.15 1049.27 0.044790
3 251.76 358.91 262.10 371.57 0.044787
4 140.09 81.76 159.18 99.77 0.044780
5 1049.19 667.44 1071.95 721.08 0.044717
3 661.27 343.29 674.34 373.39 0.044702
2 1207.25 362.72 1225.59 385.13 0.044697
3 99.98 64.74 304.67 193.23 0.044626
3 98.57 63.51 974.53 473.84 0.044601
3 319.76 213.78 343.32 231.73 0.044517
4 1029.26 438.46 1064.57 493.58 0.044515
4 1172.58 356.65 1223.25 383.09 0.044505
4 621.61 321.84 650.92 349.67 0.044479
5 842.31 415.56 869.77 434.38 0.044428
5 115.28 108.44 130.00 122.22 0.044375
5 799.09 247.25 829.74 275.23 0.044345
6 129.36 240.79 179.63 275.57 0.044312
5 35.38 307.04 91.56 347.28 0.044302
6 165.68 102.36 588.25 333.82 0.044242
5 530.24 266.48 588.49 309.27 0.044116
3 318.48 213.06 344.42 233.32 0.043954
5 467.89 231.84 481.31 251.54 0.043950
3 111.08 78.25 728.13 377.09 0.043910
3 1114.97 239.80 1175.36 270.24 0.043909
1 6.08 24.69 1394.23 1046.33 0.043905
3 963.23 273.32 996.16 312.47 0.043892
5 369.42 188.75 386.25 204.61 0.043876
3 416.92 335.65 427.03 348.31 0.043767
2 9.25 60.20 1392.30 912.00 0.043762
4 853.34 193.29 915.57 319.29 0.043731
4 103.53 67.86 981.52 478.43 0.043603
3 1031.56 438.84 1064.91 492.26 0.043441
6 885.64 344.85 963.42 418.63 0.043440
3 659.70 326.21 675.66 372.38 0.043390
5 782.43 328.45 810.79 353.72 0.043373
4 493.89 253.83 511.10 275.59 0.043346
5 1114.77 239.17 1176.03 269.89 0.043332
3 21.21 209.66 230.37 580.71 0.043270
3 35.55 357.31 93.65 423.90 0.043197
3 279.20 214.30 305.08 236.03 0.043194
4 19.83 67.38 187.61 582.60 0.043103
3 422.34 216.92 1400.03 617.38 0.043083
5 228.14 123.04 301.56 173.20 0.043037
3 930.84 448.43 967.36 474.16 0.042944
3 140.34 281.44 227.86 492.56 0.042809
6 237.32 130.18 254.34 146.89 0.042777
3 732.96 321.52 754.42 344.92 0.042748
6 1238.79 341.52 1278.35 369.66 0.042689
5 920.66 374.68 1397.87 619.23 0.042675
6 262.20 80.16 463.35 149.41 0.042672
5 162.97 104.09 301.50 188.38 0.042573
3 722.02 259.45 769.34 284.61 0.042570
3 1207.07 362.50 1224.81 385.51 0.042373
2 329.30 670.69 356.61 719.87 0.042368
3 1231.40 479.43 1395.04 579.33 0.042196
4 250.46 202.21 1397.80 618.49 0.042181
4 329.73 671.75 360.53 733.50 0.042104
1 1309.68 415.54 1393.95 464.23 0.042091
5 946.80 407.02 988.30 430.49 0.042068
5 1211.03 361.93 1292.78 398.94 0.042013
3 1220.52 332.43 1243.94 371.50 0.041948
2 1287.33 507.84 1394.68 579.27 0.041933
1 979.13 274.58 995.19 312.31 0.041932
5 -0.08 210.17 8.76 227.24 0.041865
5 908.41 217.21 942.58 236.29 0.041855
3 663.31 273.10 728.13 375.74 0.041809
4 0.34 196.69 28.41 221.93 0.041786
3 317.67 204.94 454.80 235.01 0.041750
3 1073.81 697.55 1090.07 721.77 0.041707
5 402.89 272.77 439.29 298.65 0.041690
5 251.40 358.63 262.35 371.50 0.041662
1 1207.24 362.59 1225.27 385.27 0.041637
3 616.66 269.61 693.52 351.10 0.041529
3 983.96 457.97 1008.67 487.78 0.041480
3 93.64 60.37 106.92 80.76 0.041415
3 266.17 144.41 302.37 171.58 0.041406
6 868.64 284.24 962.41 323.94 0.041388
6 352.22 223.41 1399.48 616.66 0.041385
3 1029.21 438.35 1061.90 485.36 0.041323
5 917.05 464.91 1000.21 528.98 0.041314
6 963.76 201.82 1040.36 242.75 0.041305
3 1047.48 670.57 1064.93 721.84 0.041242
2 978.29 274.16 995.56 311.93 0.041161
3 530.29 266.71 588.03 309.03 0.041159
5 332.37 695.09 360.28 735.20 0.041109
4 47.77 287.84 62.60 316.29 0.041107
6 57.28 201.84 276.11 283.23 0.041088
4 115.48 107.16 131.18 122.14 0.041037
3 492.99 248.75 587.89 339.79 0.040971
3 233.61 127.34 301.79 170.61 0.040950
5 907.95 368.67 958.58 397.04 0.040947
3 36.11 430.77 59.87 468.56 0.040926
5 90.93 890.40 221.71 986.65 0.040900
3 115.14 108.12 130.68 122.91 0.040870
5 45.55 211.82 77.36 237.51 0.040869
3 322.47 347.16 347.07 360.32 0.040838
5 134.68 103.67 157.37 137.84 0.040814
3 102.65 69.87 115.94 84.82 0.040791
4 473.35 231.95 494.62 255.82 0.040687
3 128.34 102.28 143.86 114.73 0.040595
3 533.03 266.75 564.26 287.19 0.040533
5 1047.36 530.78 1096.52 572.54 0.040418
6 359.83 99.65 385.27 122.86 0.040320
3 1052.09 670.04 1071.39 701.40 0.040253
5 254.33 1016.57 299.58 1048.62 0.040245
5 1238.57 341.65 1278.38 369.42 0.040244
3 48.06 288.24 62.53 316.93 0.040201
4 113.18 77.89 157.71 140.86 0.040192
5 616.77 269.40 693.34 351.35 0.040146
5 56.87 233.34 180.13 284.24 0.040141
6 129.75 246.34 152.16 275.79 0.040095
4 535.42 281.71 587.69 307.55 0.040081
1 340.53 706.27 360.91 736.40 0.040061
3 64.81 245.30 179.52 285.40 0.040011
5 473.70 231.94 494.34 255.76 0.039900
2 1309.95 415.13 1393.21 464.28 0.039842
3 285.43 816.36 321.60 883.31 0.039831
6 251.88 1016.99 299.53 1048.87 0.039790
6 58.14 236.04 179.74 284.16 0.039657
4 35.96 430.55 64.91 469.13 0.039622
3 243.33 754.41 270.89 784.58 0.039602
4 124.97 91.19 157.00 138.55 0.039509
4 1239.51 342.49 1279.60 368.94 0.039496
4 663.25 272.58 727.92 376.03 0.039382
6 1170.91 356.66 1220.06 382.67 0.039352
3 979.06 274.31 995.27 311.94 0.039244
4 1.48 203.01 95.72 285.29 0.039240
3 917.21 413.57 1133.35 529.56 0.039198
6 35.80 363.38 94.46 425.28 0.039071
4 163.08 85.80 178.78 98.39 0.039012
3 154.25 253.39 179.92 272.76 0.039010
2 992.67 490.53 1044.65 564.43 0.039000
6 146.36 82.32 174.98 99.08 0.038988
4 279.47 212.13 344.37 235.72 0.038853
5 373.68 94.76 412.71 189.11 0.038795
3 466.92 229.81 495.46 258.08 0.038790
4 825.52 266.46 852.03 287.14 0.038785
4 21.88 65.23 1396.36 921.52 0.038707
3 56.79 232.83 179.88 283.87 0.038587
3 64.95 306.45 91.90 327.59 0.038582
3 1049.52 661.24 1067.54 697.68 0.038572
3 167.04 108.80 185.74 130.27 0.038519
6 1170.66 358.36 1208.51 379.70 0.038505
5 416.88 335.14 427.95 348.47 0.038504
2 1110.43 435.26 1198.93 486.95 0.038502
6 105.13 68.89 302.83 248.98 0.038414
3 28.15 470.27 161.24 553.94 0.038397
3 279.65 212.48 344.19 235.27 0.038278
4 1116.37 239.88 1145.20 256.03 0.038264
5 48.92 342.19 70.66 360.96 0.038184
3 826.21 266.88 851.19 288.64 0.038085
4 1231.18 479.38 1395.31 579.47 0.038054
3 346.25 103.30 371.64 125.07 0.038045
4 -0.04 907.82 132.57 1032.30 0.038017
5 1230.72 479.04 1395.54 579.53 0.037971
5 232.16 129.05 245.93 144.80 0.037939
6 907.87 217.80 923.34 236.00 0.037841
5 1047.72 644.52 1071.77 720.83 0.037791
4 1173.08 358.78 1207.09 379.40 0.037754
4 678.39 269.31 694.81 283.95 0.037740
6 29.17 481.81 158.29 553.29 0.037736
5 75.29 235.61 93.16 252.11 0.037722
3 992.31 492.07 1028.50 559.68 0.037703
4 268.57 147.08 287.27 163.64 0.037668
6 19.19 493.19 93.17 582.47 0.037640
6 476.25 238.28 495.60 256.47 0.037625
4 134.69 150.83 148.00 159.53 0.037506
3 16.88 202.32 75.12 236.08 0.037504
4 916.96 464.65 985.05 504.40 0.037465
4 321.50 163.30 353.90 186.36 0.037447
3 28.36 491.47 88.91 553.42 0.037441
3 300.79 89.61 340.46 131.04 0.037411
3 128.68 87.03 983.92 480.38 0.037376
4 140.20 280.93 228.38 493.35 0.037333
3 678.37 269.43 694.25 283.48 0.037286
4 317.01 205.19 454.57 234.46 0.037276
3 326.50 165.42 357.13 190.85 0.037254
4 557.48 236.70 588.52 269.32 0.037228
4 326.71 164.79 354.80 188.65 0.037194
3 262.10 79.49 413.29 129.48 0.037187
4 0.12 908.81 93.69 973.09 0.037103
4 29.42 517.25 86.58 550.50 0.037017
6 920.14 377.41 1397.86 618.48 0.037002
6 101.44 64.84 1128.32 489.71 0.036987
1 962.27 273.67 996.59 312.51 0.036941
3 62.50 299.54 91.97 327.32 0.036928
3 977.16 510.08 994.90 530.36 0.036866
2 221.83 1016.06 300.00 1049.05 0.036863
5 732.73 321.84 755.36 344.87 0.036812
3 129.73 246.10 152.51 275.25 0.036737
6 115.10 81.97 156.48 125.24 0.036733
3 0.16 908.92 92.90 974.41 0.036711
1 257.57 1020.85 278.18 1048.93 0.036708
2 1056.95 670.15 1073.85 722.24 0.036699
6 358.76 96.95 464.47 148.77 0.036647
6 493.62 238.15 973.54 469.18 0.036642
3 268.98 147.33 286.50 163.54 0.036641
3 189.45 108.83 279.97 162.49 0.036621
5 0.01 93.72 12.40 112.15 0.036620
1 329.28 670.26 356.72 719.37 0.036594
6 1215.19 334.54 1294.09 396.94 0.036499
4 533.13 266.77 564.46 286.58 0.036491
3 658.35 323.46 674.47 348.79 0.036440
4 59.12 237.59 92.02 275.97 0.036368
6 243.41 754.46 271.24 784.90 0.036242
6 362.07 232.89 398.46 263.09 0.036194
5 160.98 68.31 181.90 82.82 0.036180
4 280.94 214.92 303.87 234.84 0.036161
4 992.58 491.16 1037.88 534.55 0.036093
4 616.66 269.22 693.59 351.31 0.036060
3 5.27 203.86 94.49 285.03 0.036022
5 120.47 84.35 587.26 342.56 0.036018
6 115.45 82.54 194.95 135.52 0.035986
3 895.79 363.61 961.74 409.90 0.035979
6 352.62 179.52 372.28 197.76 0.035955
3 466.90 229.39 588.65 312.26 0.035934
6 22.23 200.17 275.38 579.63 0.035921
6 251.65 358.87 262.32 371.42 0.035859
3 10.62 226.10 1392.94 1046.68 0.035832
4 231.50 128.75 246.37 144.37 0.035823
4 14.87 203.25 78.40 238.01 0.035748
6 284.24 148.74 303.67 171.99 0.035739
6 733.11 321.77 755.69 345.02 0.035728
5 344.71 104.28 368.70 125.46 0.035603
6 1199.07 419.60 1216.24 458.77 0.035591
3 731.98 321.15 755.44 345.57 0.035561
3 494.17 254.34 727.75 375.89 0.035540
4 504.14 130.36 545.37 200.90 0.035451
3 357.89 204.51 1398.14 619.77 0.035437
6 48.14 288.28 62.54 316.65 0.035436
3 1173.70 358.97 1205.72 379.63 0.035404
3 466.33 228.24 973.77 472.08 0.035399
3 415.92 334.71 428.04 349.25 0.035385
2 1108.22 446.26 1126.01 479.73 0.035334
4 34.25 291.51 91.81 349.30 0.035332
5 558.27 236.24 574.95 253.10 0.035325
4 163.87 104.78 588.73 341.61 0.035275
4 418.06 215.71 1399.88 618.16 0.035264
6 322.38 347.11 347.44 360.59 0.035241
5 361.84 233.22 397.02 261.81 0.035127
3 232.21 129.73 245.78 144.81 0.035021
4 285.37 816.28 322.73 883.46 0.035011
3 433.65 125.59 464.88 148.60 0.034976
2 962.90 201.16 1038.62 236.02 0.034954
1 1.15 887.23 224.77 1034.62 0.034882
5 316.65 162.60 385.68 203.53 0.034873
1 991.58 491.57 1030.05 563.75 0.034873
5 28.89 456.71 160.56 550.75 0.034855
4 530.41 310.31 549.98 335.90 0.034841
3 529.72 265.24 566.33 298.44 0.034796
2 742.62 377.39 811.55 421.71 0.034746
4 142.28 77.39 157.69 94.89 0.034727
6 0.11 88.93 33.06 138.33 0.034683
5 401.21 117.52 434.02 141.70 0.034645
4 322.08 346.97 347.46 360.60 0.034591
3 1172.54 267.93 1195.88 317.48 0.034458
4 49.61 306.04 93.38 369.08 0.034438
5 1050.65 644.05 1067.75 670.24 0.034434
3 1064.92 412.83 1134.50 456.26 0.034381
4 35.41 354.58 94.46 425.25 0.034371
6 1237.28 336.89 1284.64 370.44 0.034316
4 991.94 489.89 1041.39 557.95 0.034274
4 57.53 349.52 142.08 373.70 0.034255
6 315.65 161.28 454.79 233.30 0.034241
3 534.29 279.42 589.43 310.67 0.034190
6 129.00 91.11 996.56 501.71 0.034097
6 615.91 270.12 692.78 351.79 0.034087
4 1075.21 665.91 1101.47 722.75 0.034076
3 1027.42 688.20 1057.54 710.89 0.034059
3 34.82 431.30 53.08 469.54 0.034040
3 946.74 399.21 1028.57 440.26 0.034021
4 916.99 463.70 1170.02 604.97 0.034017
1 742.63 377.56 811.59 421.60 0.034009
3 20.74 56.81 110.60 583.30 0.033999
3 100.88 70.25 179.53 103.40 0.033869
3 0.34 197.15 28.13 221.96 0.033797
3 262.76 79.72 284.17 106.72 0.033778
3 580.63 301.55 597.62 325.15 0.033762
4 743.60 379.89 766.83 406.42 0.033753
4 129.59 245.65 153.46 275.81 0.033724
3 114.56 80.96 156.62 138.26 0.033642
3 109.08 67.96 819.05 429.30 0.033624
3 361.40 111.39 382.56 127.15 0.033619
3 43.31 393.11 78.65 424.81 0.033608
3 798.12 247.82 853.18 285.47 0.033598
5 129.31 246.15 151.64 275.82 0.033578
5 1170.72 357.68 1211.67 380.88 0.033538
5 21.34 65.66 433.52 584.33 0.033536
3 59.37 254.83 79.61 277.61 0.033495
4 434.06 125.93 464.21 147.15 0.033486
3 104.12 60.32 1141.49 603.22 0.033422
6 928.24 409.20 1133.20 487.96 0.033401
4 20.29 65.17 302.95 585.33 0.033358
2 280.81 631.69 1137.64 887.17 0.033329
3 400.65 118.48 423.04 137.29 0.033289
3 954.02 488.75 1002.48 531.19 0.033160
6 776.55 289.71 1396.44 617.92 0.033158
3 113.68 75.48 302.86 180.84 0.033135
6 -0.05 209.81 7.32 227.58 0.033120
6 468.14 223.84 975.32 476.25 0.033100
3 297.20 870.81 309.13 883.60 0.033080
3 1166.38 385.16 1219.94 427.46 0.033044
6 528.94 266.23 583.06 339.90 0.033014
3 185.95 107.25 589.44 335.28 0.032969
3 1238.40 365.69 1292.68 407.26 0.032891
1 1028.91 438.24 1061.13 484.67 0.032890
4 364.52 110.39 384.74 126.95 0.032789
4 963.17 201.33 1040.56 242.53 0.032692
5 110.94 70.59 344.34 244.64 0.032666
4 40.48 218.69 93.18 427.69 0.032640
3 1196.43 288.26 1383.67 416.08 0.032634
5 994.72 490.86 1038.61 538.14 0.032615
6 359.18 96.64 433.60 141.61 0.032603
3 1197.44 408.23 1245.00 459.08 0.032600
6 230.89 127.02 455.11 233.36 0.032560
1 808.31 415.20 890.73 465.91 0.032531
3 155.00 254.73 179.18 272.01 0.032417
4 1102.36 690.47 1129.20 739.29 0.032353
5 853.17 203.38 873.68 221.84 0.032317
3 401.46 117.10 433.83 141.69 0.032295
6 798.06 247.75 855.12 291.73 0.032267
3 59.49 297.31 84.11 318.27 0.032226
3 20.14 62.19 191.86 581.33 0.032191
4 0.12 673.56 49.38 758.91 0.032121
3 746.54 281.65 983.10 503.59 0.032090
3 250.60 358.28 262.85 372.20 0.032074
6 23.28 221.91 182.06 580.14 0.032068
2 258.31 1020.90 278.65 1048.65 0.032066
1 185.20 288.06 199.81 316.76 0.032038
5 344.93 177.00 380.11 202.15 0.032009
3 20.53 207.80 94.40 284.78 0.031979
3 1097.59 706.92 1115.00 736.34 0.031947
6 19.09 204.26 71.57 234.11 0.031942
3 960.18 466.57 987.53 489.46 0.031889
3 177.38 104.15 444.64 299.05 0.031889
3 976.15 489.57 1037.47 532.06 0.031870
3 367.01 211.18 393.99 231.86 0.031819
1 139.24 279.43 228.89 494.81 0.031798
5 152.28 218.67 257.44 272.56 0.031719
4 1060.95 425.48 1084.00 450.02 0.031710
2 340.24 707.84 360.88 736.49 0.031677
3 782.00 306.76 963.35 423.84 0.031675
3 748.62 319.71 778.90 344.05 0.031664
6 48.78 341.14 70.63 358.06 0.031653
5 1111.88 239.06 1175.35 445.13 0.031636
6 5.74 198.67 1396.09 1049.13 0.031632
3 -0.17 210.68 5.32 226.70 0.031622
3 991.31 530.83 1023.31 566.22 0.031600
3 1108.13 446.74 1125.57 479.27 0.031597
6 164.60 103.10 306.20 235.59 0.031559
4 1198.59 419.21 1216.36 459.04 0.031559
4 127.40 101.88 142.96 114.73 0.031554
1 1274.53 379.71 1293.04 411.04 0.031530
2 185.47 287.98 199.85 316.76 0.031529
1 852.59 193.25 906.76 478.81 0.031511
3 1117.21 240.30 1144.60 255.80 0.031474
4 841.37 283.30 1398.14 620.27 0.031463
3 1108.93 447.78 1124.83 478.85 0.031452
3 431.54 213.96 452.18 231.45 0.031420
4 959.54 466.20 987.70 489.64 0.031387
3 142.29 329.70 429.97 495.72 0.031381
4 244.44 164.96 456.83 234.95 0.031378
3 743.89 380.05 765.79 405.86 0.031346
6 274.66 148.02 302.68 171.26 0.031266
3 1108.47 239.35 1174.84 460.25 0.031242
3 885.14 345.39 925.28 366.21 0.031237
3 263.72 79.51 278.56 91.02 0.031215
5 34.84 289.99 90.82 347.56 0.031205
4 96.80 62.62 1189.98 508.36 0.031197
4 907.74 377.88 1134.15 456.04 0.031170
4 1166.21 384.80 1221.70 427.65 0.031169
3 235.47 128.61 274.43 157.45 0.031128
3 28.45 461.53 66.95 504.04 0.031126
4 -0.12 210.51 6.10 226.57 0.031124
3 397.73 198.94 414.84 215.71 0.031123
4 883.02 363.25 929.58 395.11 0.031093
5 269.56 147.81 286.34 163.18 0.031089
5 29.01 292.88 97.17 558.62 0.031085
3 894.60 364.16 961.70 415.23 0.031073
5 0.67 906.28 131.66 1032.36 0.031021
3 25.69 329.69 427.18 578.03 0.030993
3 374.06 98.37 411.36 185.56 0.030974
3 19.76 61.65 292.03 581.87 0.030918
3 126.50 93.23 156.54 138.10 0.030917
1 242.18 753.75 272.18 787.00 0.030891
5 663.96 322.32 727.54 375.05 0.030879
5 100.12 68.25 114.78 85.56 0.030865
5 103.76 68.14 727.26 379.74 0.030803
4 796.81 247.61 855.84 282.05 0.030780
3 -0.08 93.66 12.13 112.77 0.030772
6 326.53 165.13 359.83 193.47 0.030761
4 799.99 283.65 964.40 466.76 0.030756
3 503.58 129.95 545.47 202.36 0.030718
2 0.85 887.36 224.73 1034.38 0.030706
4 139.43 92.42 974.73 469.96 0.030674
6 1231.02 479.33 1395.39 579.05 0.030669
5 1117.20 240.27 1145.70 256.18 0.030662
6 75.87 235.85 93.26 252.03 0.030611
1 950.94 463.24 971.57 506.67 0.030562
2 242.23 753.80 272.21 787.19 0.030541
3 908.50 378.50 1134.30 459.12 0.030538
3 854.27 192.17 905.55 468.25 0.030512
3 1207.74 362.81 1224.62 383.61 0.030505
3 1055.77 285.88 1159.55 320.04 0.030503
5 48.12 288.13 62.04 315.35 0.030469
5 751.79 320.36 777.93 343.25 0.030441
3 374.29 101.80 410.14 194.59 0.030439
3 412.87 205.31 429.07 221.61 0.030424
5 507.12 236.34 972.07 465.45 0.030412
1 1047.73 643.64 1069.23 697.63 0.030393
3 177.56 104.19 727.53 376.44 0.030382
1 1108.10 446.53 1125.90 480.59 0.030380
5 467.36 229.10 589.07 311.69 0.030379
3 754.20 320.93 776.00 342.91 0.030377
5 1047.19 644.38 1129.53 739.95 0.030370
3 57.21 235.49 94.16 280.10 0.030367
4 262.49 79.34 434.34 142.41 0.030360
5 1196.11 288.41 1383.49 411.97 0.030330
2 1274.73 380.12 1292.88 410.99 0.030321
3 781.06 284.85 963.24 379.20 0.030234
5 108.51 142.70 149.21 275.76 0.030180
6 1131.74 304.07 1158.40 319.17 0.030168
5 960.26 466.18 987.44 490.01 0.030142
5 19.09 68.05 1393.81 889.44 0.030123
6 270.71 147.74 286.38 162.65 0.030105
3 1049.90 699.24 1066.99 721.35 0.030016
