3 772.08 409.30 812.37 445.67 0.717076
3 364.17 4.67 1065.35 353.21 0.706266
3 802.94 368.45 841.94 406.75 0.679561
3 941.48 719.20 974.69 787.09 0.677995
4 772.21 409.67 812.65 446.04 0.671669
3 906.63 417.90 955.02 461.37 0.628386
3 366.75 1.92 1218.64 784.79 0.612670
3 509.95 102.63 532.23 127.67 0.600632
4 803.04 368.92 842.05 406.94 0.597125
3 427.21 98.88 446.66 119.74 0.596003
4 427.24 99.37 446.96 119.78 0.590994
4 906.85 418.65 955.53 461.88 0.580410
3 641.00 249.49 671.53 280.85 0.578959
4 510.04 103.32 532.43 127.80 0.549659
4 641.17 249.84 671.69 280.96 0.548830
3 552.69 82.60 573.72 104.67 0.546701
3 524.04 76.98 544.52 104.09 0.537596
3 979.41 549.13 1009.82 584.78 0.505385
3 732.28 264.70 763.72 296.39 0.503375
3 519.58 9.58 537.39 28.32 0.500761
4 980.15 550.32 1009.96 584.67 0.493906
4 552.79 83.16 573.86 104.91 0.493726
4 732.59 264.86 764.19 296.56 0.471585
4 524.49 77.48 544.51 104.09 0.470356
4 519.67 10.18 537.56 28.48 0.469420
4 942.01 719.87 974.88 787.57 0.460020
4 490.77 0.23 506.71 14.19 0.438333
3 421.96 182.02 456.68 236.04 0.413844
3 490.57 0.12 506.59 14.27 0.411798
3 932.67 161.91 1398.76 410.47 0.375838
4 437.73 57.80 452.02 67.37 0.372679
3 372.99 33.31 836.07 785.99 0.354528
3 101.78 299.97 203.06 364.06 0.323413
4 328.01 19.57 344.46 32.08 0.323148
3 441.83 0.81 834.70 786.05 0.305587
4 545.86 15.64 563.19 34.55 0.301415
4 591.90 158.55 606.37 168.97 0.293332
4 565.75 171.79 580.25 181.31 0.290491
4 248.78 84.18 264.19 100.08 0.274964
3 931.61 0.77 1398.44 412.07 0.270333
3 460.36 364.15 526.76 462.90 0.265952
4 451.59 41.70 469.68 60.50 0.264984
3 630.75 190.61 1216.05 784.87 0.264372
4 422.27 182.58 457.15 236.36 0.258604
3 630.89 212.48 1030.45 786.90 0.254409
3 563.75 0.39 676.94 162.42 0.251349
4 402.79 185.22 420.54 215.40 0.239630
3 437.28 57.19 451.93 68.24 0.237464
3 591.07 157.36 606.63 169.30 0.230734
3 455.87 0.01 613.57 199.19 0.227332
3 384.26 42.99 519.42 236.39 0.221880
3 402.70 185.33 420.84 215.35 0.215150
3 422.82 3.29 1031.29 785.84 0.214785
4 403.43 200.55 419.83 215.28 0.214578
3 3.84 1.26 1396.13 785.59 0.212197
3 3.34 228.59 397.38 470.20 0.209174
3 743.98 276.12 763.70 296.33 0.208464
3 117.95 468.81 375.22 786.04 0.205291
4 744.75 276.35 764.17 296.39 0.202340
4 424.02 182.78 446.78 204.42 0.199346
3 1025.62 167.44 1398.76 407.97 0.197806
3 546.52 14.85 563.23 33.98 0.193620
3 565.13 171.21 580.21 181.60 0.189356
4 880.81 591.64 909.99 631.10 0.188677
3 0.91 0.62 350.69 171.97 0.179445
3 915.11 164.67 1398.90 643.66 0.177655
3 442.76 22.92 471.29 62.08 0.176649
3 122.66 0.44 227.93 48.97 0.174653
4 1143.13 317.19 1188.48 350.00 0.174398
4 952.98 386.66 973.83 408.27 0.172946
3 116.43 396.10 377.29 786.29 0.170003
4 732.88 265.07 745.99 282.48 0.167856
3 475.83 252.73 836.39 786.18 0.167788
4 158.77 302.99 174.20 323.86 0.167660
3 451.02 40.70 470.66 61.70 0.167520
3 411.57 161.25 457.83 242.74 0.167318
4 914.24 363.03 933.11 383.38 0.166147
4 1003.17 653.77 1019.20 702.02 0.165065
4 237.68 84.03 264.26 108.26 0.162983
3 423.44 182.01 446.79 204.51 0.160710
3 454.04 -0.03 684.94 201.85 0.159785
3 115.54 294.45 176.78 345.02 0.158941
3 892.96 299.74 1398.13 645.15 0.158698
3 374.82 19.00 1029.57 785.93 0.153861
4 314.82 228.55 333.20 252.05 0.153526
3 197.82 253.98 276.05 291.22 0.151002
4 260.22 462.20 279.65 481.34 0.148952
4 608.39 400.55 631.98 430.67 0.148903
4 327.35 1.93 350.75 16.05 0.147971
3 509.50 76.14 574.50 128.90 0.147116
4 979.83 402.14 998.94 419.14 0.146359
4 1004.38 653.96 1018.74 682.74 0.144677
4 1190.15 275.90 1213.33 309.02 0.141296
3 450.95 39.14 470.33 60.94 0.140967
4 407.68 705.77 438.18 755.16 0.140453
4 477.60 145.08 485.06 161.24 0.139179
3 1026.93 -0.02 1399.07 320.04 0.138624
3 537.74 0.45 563.91 34.46 0.138399
3 591.39 158.26 606.01 169.04 0.138190
4 628.45 24.18 637.88 35.80 0.137827
3 14.52 2.67 1079.43 466.38 0.137823
3 1142.64 316.26 1187.94 349.50 0.135854
4 243.16 205.29 274.28 236.30 0.134742
3 526.36 263.67 831.12 786.10 0.133237
3 913.86 1.97 1399.07 646.99 0.132880
4 635.67 485.56 649.56 525.42 0.132739
4 407.68 724.67 422.23 754.68 0.132639
3 879.78 354.60 889.62 368.75 0.132584
4 692.24 284.69 710.30 301.21 0.131305
4 446.72 150.70 457.07 165.66 0.131153
3 1023.56 0.55 1398.78 408.61 0.131040
4 553.46 23.72 564.49 35.02 0.130179
3 912.74 362.21 954.82 396.78 0.130163
3 346.43 1.48 1394.27 784.98 0.129210
4 698.31 0.12 722.88 11.91 0.128987
3 732.58 264.83 745.80 282.75 0.128299
4 323.69 92.88 333.11 109.88 0.128114
4 409.44 63.39 418.64 70.03 0.127997
3 732.49 264.47 745.94 281.65 0.127682
4 400.72 133.79 410.50 146.56 0.126766
4 437.66 57.70 452.71 81.69 0.126654
3 343.07 39.98 520.24 239.57 0.124169
3 880.55 590.83 909.21 631.71 0.124124
3 425.02 22.20 471.26 63.75 0.122656
3 327.58 18.53 344.42 32.12 0.122084
4 913.76 362.90 954.43 396.52 0.121716
3 364.99 113.35 755.66 339.65 0.121480
3 1247.08 345.18 1285.71 393.88 0.121425
4 817.19 645.97 857.88 682.44 0.120313
4 962.14 392.89 974.09 406.97 0.119928
3 728.32 108.41 919.68 287.85 0.119176
3 607.74 399.68 649.92 525.49 0.119087
4 563.05 41.52 574.66 53.64 0.118688
3 115.88 298.04 141.10 334.50 0.118365
3 984.30 560.59 1009.40 583.36 0.117966
3 420.13 181.32 457.33 237.01 0.116958
4 444.47 71.68 452.57 81.93 0.116863
3 893.35 299.33 1050.27 432.46 0.116801
4 733.32 264.64 756.21 284.09 0.116728
4 368.21 413.32 389.14 437.30 0.116206
3 426.93 97.60 447.86 120.72 0.116176
3 248.40 83.46 264.34 99.80 0.114260
3 1.05 0.25 326.72 87.11 0.114048
4 843.89 346.15 861.28 358.57 0.112898
4 1046.51 541.74 1084.34 565.60 0.112813
3 60.48 334.68 398.48 473.94 0.112789
3 400.03 132.54 411.28 148.96 0.112739
3 378.14 41.37 523.12 239.03 0.112391
3 832.35 340.94 861.35 359.31 0.111499
4 880.66 355.28 889.11 369.11 0.111453
3 564.94 170.95 579.31 181.22 0.111265
3 1.19 0.30 357.57 293.66 0.111145
3 145.46 573.70 189.60 610.57 0.110974
3 437.22 57.31 452.88 81.69 0.110452
3 624.73 263.27 939.97 786.85 0.108943
4 591.99 158.31 621.90 175.06 0.108603
3 1039.74 187.58 1082.68 245.59 0.108554
3 453.09 0.08 680.17 244.48 0.107950
3 38.99 229.35 399.93 472.73 0.105939
4 358.47 120.49 374.70 130.75 0.105837
3 350.21 40.45 391.36 80.31 0.105831
3 913.41 362.06 933.20 382.68 0.105664
3 860.71 328.65 896.74 364.07 0.105283
4 702.21 41.66 721.01 57.34 0.105009
3 371.08 39.75 685.21 783.02 0.104673
3 1003.26 653.06 1019.41 701.30 0.104549
3 638.55 191.54 1213.94 688.70 0.104475
3 406.88 657.09 438.40 755.06 0.104424
4 832.63 340.63 861.20 358.89 0.104358
3 407.02 704.29 437.90 754.69 0.103238
4 324.68 98.58 332.83 109.73 0.102600
3 1078.81 437.43 1397.88 645.31 0.102179
3 364.24 15.77 1074.68 380.21 0.101865
3 625.78 699.05 688.18 786.22 0.101335
4 567.93 55.21 586.15 70.36 0.101090
3 403.22 199.76 419.88 215.23 0.101008
3 236.91 83.47 264.35 108.40 0.100888
3 732.59 265.28 745.09 282.88 0.100623
3 242.50 204.23 274.35 236.86 0.100535
4 952.67 386.27 1000.73 425.09 0.100465
3 575.74 6.23 1217.40 784.67 0.100405
4 355.56 41.81 369.59 55.23 0.100211
3 328.49 372.45 619.73 783.46 0.100201
3 509.15 100.82 533.22 128.70 0.099996
3 552.58 2.70 994.10 785.09 0.099671
3 4.04 229.50 373.46 407.57 0.098556
4 636.45 505.37 648.17 524.93 0.098363
4 350.28 56.64 370.79 77.08 0.097958
4 324.23 75.54 350.26 108.74 0.097551
4 438.08 225.73 456.62 236.60 0.097374
3 1.77 2.66 403.00 784.90 0.097057
4 931.84 372.49 954.26 394.46 0.096714
4 800.55 283.64 815.10 293.44 0.095634
3 832.60 328.30 896.93 368.70 0.095411
3 259.52 461.65 279.62 480.84 0.095327
4 637.62 485.42 648.73 504.86 0.094652
3 623.96 257.00 1209.89 785.41 0.093979
3 204.79 176.41 251.21 229.48 0.092697
3 552.41 81.95 574.34 105.44 0.091663
3 519.89 0.13 564.45 35.20 0.091293
3 567.80 87.33 1209.80 785.35 0.091098
4 407.46 719.10 436.54 754.82 0.090898
3 623.26 245.44 1393.73 785.11 0.090295
3 328.60 380.10 619.00 662.90 0.090052
4 1191.41 521.41 1233.75 565.02 0.089595
3 1190.55 250.71 1249.85 318.74 0.089446
3 1362.99 486.16 1399.17 525.41 0.089371
4 1065.03 423.20 1084.37 445.39 0.089294
3 625.45 259.31 1027.63 786.07 0.088827
4 385.52 14.21 399.75 23.64 0.087060
4 940.73 563.77 967.10 600.78 0.086757
3 1190.36 274.92 1213.73 309.43 0.086677
4 419.68 1.37 437.40 16.72 0.085403
3 7.05 1.55 1395.36 466.68 0.085335
4 610.64 168.36 623.17 175.73 0.084842
3 635.55 484.49 649.44 525.08 0.084818
4 608.12 398.30 666.75 526.42 0.084642
3 453.43 235.39 835.18 785.35 0.084104
4 400.17 133.41 411.26 154.37 0.083897
3 327.62 19.09 344.90 32.52 0.083540
3 204.88 175.75 274.95 239.94 0.083510
4 407.04 657.70 438.98 755.11 0.083426
4 1211.41 597.77 1237.10 637.38 0.082974
3 912.95 361.66 1001.08 425.16 0.082607
3 363.85 44.89 924.46 344.87 0.082587
3 364.98 36.56 930.85 368.33 0.082368
4 580.94 231.52 607.26 250.96 0.082280
3 523.60 76.19 545.55 105.14 0.081935
4 145.60 574.43 189.98 611.56 0.081821
4 574.80 310.20 583.19 323.89 0.081630
4 816.77 640.77 933.15 788.20 0.081227
3 1.29 291.50 137.88 786.03 0.081079
3 1190.90 521.22 1233.70 565.58 0.080948
4 944.32 762.39 973.56 787.14 0.080859
3 621.74 245.17 636.65 270.26 0.080853
3 917.45 233.66 1398.03 645.72 0.080794
3 4.85 230.06 397.51 786.39 0.080635
3 1040.98 189.54 1080.31 245.17 0.080486
4 691.48 100.80 706.71 118.18 0.080447
4 1363.12 487.04 1399.79 525.88 0.080117
3 399.13 132.10 412.43 155.56 0.079868
3 1056.11 323.05 1093.18 360.53 0.079641
3 978.92 547.69 1010.59 585.14 0.079226
3 429.58 334.32 527.59 465.25 0.078985
4 712.08 95.37 720.60 109.16 0.078900
4 408.22 738.09 420.50 754.56 0.078702
4 621.12 418.47 632.46 430.91 0.078422
3 979.13 401.39 999.43 420.69 0.078383
3 326.58 4.42 448.68 47.01 0.077849
4 980.71 550.21 997.69 568.35 0.077762
4 637.57 41.67 645.72 56.21 0.077494
3 773.54 408.69 797.07 439.36 0.076648
3 157.56 300.99 174.79 323.19 0.076641
3 1131.08 287.48 1165.37 335.31 0.076463
4 607.73 399.55 650.12 525.63 0.076309
4 817.58 646.37 857.59 658.45 0.076107
3 400.34 133.10 411.20 150.94 0.076073
3 386.04 42.20 657.39 524.81 0.076062
3 350.02 40.56 391.18 90.59 0.075914
3 477.70 145.07 485.21 161.18 0.075503
4 1190.24 274.98 1233.18 310.11 0.075399
3 567.20 278.03 651.10 525.87 0.075156
3 465.24 243.11 935.24 786.18 0.075035
3 264.84 468.03 279.43 479.93 0.074702
3 367.96 412.94 388.81 436.80 0.074672
4 649.80 25.07 660.00 42.56 0.074621
3 439.02 134.97 837.31 785.57 0.074304
3 1134.79 287.45 1165.18 326.15 0.074159
4 500.64 206.58 507.99 215.44 0.073932
4 401.33 63.62 418.44 80.60 0.073702
3 626.62 186.72 1396.50 784.98 0.073677
4 1205.99 536.06 1232.54 563.31 0.073416
3 880.33 590.95 914.77 651.88 0.073299
4 402.26 72.34 412.55 80.21 0.072987
4 965.74 544.70 996.19 571.07 0.072868
3 905.14 0.86 1398.55 756.27 0.072727
3 126.31 0.02 216.03 48.33 0.072556
3 115.92 296.03 174.97 330.16 0.072358
4 123.40 265.36 147.18 283.29 0.071778
3 564.88 157.63 608.08 181.88 0.071695
4 761.86 11.47 770.80 21.98 0.071561
4 621.75 245.77 636.99 269.72 0.071545
4 310.20 156.21 332.64 182.42 0.071422
4 164.77 574.88 189.52 605.02 0.071345
3 570.35 54.45 586.26 70.55 0.071343
4 264.90 469.45 279.66 480.02 0.071237
3 450.75 -0.98 684.18 697.72 0.070920
3 631.62 26.65 700.65 130.98 0.070870
3 439.05 0.88 471.80 63.31 0.070452
3 1004.68 653.35 1018.61 681.49 0.070124
3 1056.69 324.56 1092.03 359.82 0.070033
3 143.99 570.70 190.84 611.35 0.069952
4 686.54 275.41 710.68 301.93 0.069685
4 1266.59 613.46 1298.71 626.42 0.069591
4 350.24 41.75 391.93 79.93 0.069518
4 1040.19 209.01 1080.27 244.68 0.069404
3 176.05 393.82 252.36 503.10 0.069208
4 574.93 310.60 582.37 323.59 0.069196
3 953.32 385.29 973.82 407.35 0.068873
3 896.13 299.25 1149.56 485.55 0.068736
4 510.72 103.28 524.07 119.26 0.068663
3 1.75 1.89 400.73 495.12 0.068493
4 1172.85 401.01 1187.65 415.33 0.068341
4 442.74 85.24 454.03 99.82 0.068172
4 351.97 42.33 369.63 67.51 0.067953
3 550.03 17.02 564.04 34.63 0.067754
3 1025.55 235.35 1056.21 272.25 0.067164
3 549.66 243.00 832.49 785.47 0.067153
3 711.17 94.80 721.37 110.38 0.067003
3 460.95 364.73 516.12 421.33 0.066848
4 705.19 47.77 720.53 57.87 0.066834
4 643.08 31.66 653.44 42.20 0.066817
4 340.31 3.65 351.13 14.99 0.066364
4 351.34 54.91 365.51 66.25 0.066329
3 930.20 369.76 954.30 395.04 0.066296
4 430.74 206.22 456.67 235.69 0.066251
4 1266.45 612.82 1315.59 627.10 0.066163
4 443.46 23.30 470.94 62.35 0.066115
4 817.62 646.83 832.36 655.94 0.066089
4 564.99 158.26 611.09 181.73 0.066076
4 1148.04 389.72 1165.84 405.52 0.066035
3 327.46 1.38 351.02 16.71 0.065694
3 803.69 368.01 825.36 396.59 0.065487
3 685.37 352.61 939.58 786.01 0.065450
3 407.54 724.69 421.54 754.30 0.065119
3 455.91 0.94 1192.14 683.24 0.065113
3 428.18 334.26 461.72 394.67 0.064970
3 443.38 71.65 452.32 82.78 0.064904
3 941.90 562.28 966.72 600.79 0.064845
3 915.08 399.99 926.58 419.29 0.064693
4 406.89 0.64 422.95 13.65 0.064661
3 951.69 528.24 1010.44 585.84 0.064578
3 314.69 227.58 332.01 252.10 0.064323
4 951.31 270.31 980.08 301.34 0.064248
3 400.38 133.52 410.76 148.07 0.064085
4 412.45 161.18 457.73 236.77 0.064033
4 239.00 669.55 259.49 692.58 0.063972
4 340.54 74.63 350.59 90.28 0.063844
3 444.58 72.11 452.23 82.28 0.063733
3 1002.24 295.62 1034.45 329.56 0.063733
3 436.87 57.16 452.91 78.18 0.063514
4 403.25 203.01 413.39 215.17 0.063265
3 1.70 0.38 451.75 87.06 0.063234
3 608.05 397.60 666.32 525.57 0.062937
3 731.33 76.26 751.26 101.38 0.062888
3 950.80 268.42 980.25 300.51 0.062803
3 402.37 186.93 420.91 215.83 0.062747
3 454.05 272.20 684.96 786.06 0.062675
4 119.33 84.95 140.38 103.06 0.062539
3 924.92 162.35 1398.56 479.19 0.062489
4 912.97 361.88 1002.63 427.48 0.062482
4 115.73 296.96 176.69 344.78 0.062189
4 378.08 55.74 392.22 75.71 0.061994
3 591.87 157.87 620.35 172.26 0.061934
3 412.71 160.96 457.47 236.66 0.061799
3 446.32 150.25 457.06 165.57 0.061708
3 623.86 267.49 832.62 785.42 0.061669
4 803.25 368.91 824.16 385.01 0.061663
3 1133.59 286.83 1165.38 327.45 0.061328
3 960.80 390.97 973.97 406.66 0.060900
4 116.13 297.87 140.68 333.84 0.060899
4 0.43 253.45 83.68 302.93 0.060864
3 744.99 276.47 764.02 296.27 0.060835
4 392.94 628.25 444.55 651.22 0.060791
4 539.38 0.58 558.19 13.64 0.060695
3 368.12 412.58 389.82 437.30 0.060472
3 553.19 22.17 563.80 34.64 0.060434
3 204.53 175.97 276.20 261.34 0.060327
3 1074.43 442.26 1149.82 504.24 0.060238
4 164.78 76.72 194.59 101.07 0.060227
3 69.24 218.39 195.56 298.02 0.060114
3 1026.85 177.07 1091.85 271.09 0.059753
4 631.13 120.40 650.18 142.76 0.059618
4 563.15 42.29 585.80 69.51 0.059543
3 164.37 574.02 188.94 604.40 0.059376
3 509.16 4.92 574.99 130.28 0.059260
3 846.01 345.62 861.61 358.64 0.059202
4 1004.90 648.34 1099.85 703.43 0.059093
3 1001.23 294.76 1035.91 330.04 0.059084
4 146.12 580.23 169.00 611.07 0.058960
4 315.34 228.50 328.53 243.79 0.058799
3 519.08 8.38 538.67 29.21 0.058780
3 1025.62 3.07 1090.71 53.03 0.058588
4 538.97 541.69 550.99 560.91 0.058319
4 350.25 52.96 391.37 79.53 0.058178
3 350.12 42.70 371.88 76.49 0.058165
4 735.81 74.98 748.40 85.27 0.058150
3 381.38 0.40 691.12 240.94 0.057977
3 123.52 12.06 173.63 47.82 0.057965
3 1204.67 535.01 1232.65 564.06 0.057916
3 1132.61 287.43 1188.21 350.05 0.057877
4 172.14 242.51 192.62 260.04 0.057777
4 732.38 265.37 745.19 292.97 0.057658
3 411.06 160.79 440.98 204.91 0.057633
4 403.38 762.69 442.19 787.57 0.057551
3 1026.10 189.43 1080.33 272.01 0.057268
3 697.32 0.03 722.63 11.89 0.057094
3 451.47 -0.29 932.81 336.29 0.057060
3 157.46 297.92 175.12 324.39 0.057005
3 368.56 1.42 1396.14 416.38 0.056989
4 524.87 77.88 540.05 103.26 0.056943
3 697.93 -0.00 721.83 11.51 0.056800
4 915.92 402.30 926.90 418.06 0.056787
3 328.26 0.86 350.60 16.19 0.056637
4 637.71 31.82 652.30 55.94 0.056542
4 722.68 70.38 746.47 86.60 0.056227
3 583.17 231.81 607.22 251.56 0.056168
4 1078.12 649.26 1100.49 684.89 0.056057
3 60.80 230.82 394.90 446.27 0.056025
4 403.34 93.24 416.50 107.88 0.055861
3 880.12 590.69 916.12 654.74 0.055844
3 1039.94 208.47 1080.31 244.46 0.055727
3 944.59 764.61 973.86 786.21 0.055703
3 444.08 240.74 1381.44 785.65 0.055540
3 1251.68 344.78 1285.62 383.42 0.055453
4 1077.50 443.06 1150.41 503.92 0.055237
4 385.08 12.36 411.57 23.70 0.055172
4 578.64 59.51 587.02 70.62 0.055101
4 164.39 8.86 180.58 16.76 0.055013
3 1190.44 273.64 1231.20 309.91 0.055011
4 161.07 83.61 177.89 101.61 0.054970
3 557.71 1.24 767.75 339.98 0.054954
3 560.12 0.89 674.87 168.10 0.054858
4 574.10 301.83 650.40 526.68 0.054844
3 323.28 92.16 333.33 110.14 0.054821
3 817.15 644.87 858.14 682.36 0.054476
4 1011.97 425.10 1031.12 442.16 0.054305
3 547.97 219.35 1032.68 787.23 0.054168
3 779.62 415.51 811.91 445.26 0.054104
4 934.31 438.97 954.98 461.18 0.054056
3 392.85 628.19 451.17 656.68 0.053682
4 992.24 652.48 1018.81 683.16 0.053636
3 156.49 301.50 176.52 344.17 0.053565
3 608.28 400.15 631.89 430.40 0.053525
4 600.69 233.86 608.10 244.46 0.053514
3 820.77 386.68 841.32 406.20 0.053340
4 948.85 588.94 966.29 600.60 0.053288
3 363.16 15.18 952.94 784.16 0.053281
3 48.52 230.35 399.08 528.96 0.053097
3 844.65 345.38 861.00 358.37 0.053083
3 156.34 298.94 176.67 344.72 0.052817
3 407.85 736.08 419.83 754.26 0.052780
3 914.23 361.90 932.88 381.43 0.052653
4 622.95 419.39 641.42 453.40 0.052641
3 309.74 205.02 332.35 252.74 0.052593
4 425.51 24.06 448.26 43.12 0.052431
3 309.37 155.78 333.47 182.87 0.052356
3 1172.02 399.47 1187.64 415.52 0.052225
4 403.13 762.55 450.37 787.80 0.052216
3 156.12 302.52 177.99 345.99 0.052172
4 816.93 598.28 937.77 787.35 0.052131
3 340.79 53.68 426.69 241.84 0.051972
4 177.03 76.95 194.66 99.05 0.051728
3 125.81 21.68 170.90 47.50 0.051591
4 477.84 99.53 490.98 116.27 0.051529
3 547.50 14.28 563.56 34.21 0.051513
4 949.99 589.00 970.65 613.87 0.051465
3 442.13 0.50 1215.42 786.65 0.051420
3 451.21 188.70 1202.88 785.06 0.051234
4 824.65 387.65 841.60 406.33 0.051138
4 231.64 230.11 248.32 248.78 0.050980
3 392.34 363.80 528.13 655.78 0.050802
4 955.04 537.65 994.87 569.81 0.050749
4 599.59 229.87 609.57 244.07 0.050664
4 309.82 157.26 322.09 182.25 0.050622
3 325.56 1.23 348.83 32.37 0.050441
3 204.41 164.82 328.76 261.53 0.050432
3 1203.26 533.96 1232.41 563.66 0.050308
3 515.71 113.21 530.87 126.72 0.050265
3 647.56 23.71 659.27 43.19 0.050201
3 390.88 42.48 527.28 238.53 0.049883
3 376.70 41.93 529.68 350.41 0.049878
3 722.99 241.85 764.76 296.97 0.049783
3 880.49 591.31 975.51 787.39 0.049764
4 159.86 303.00 172.38 315.89 0.049597
3 365.60 164.79 732.69 355.82 0.049555
3 436.93 56.88 453.42 82.96 0.049547
4 1392.86 432.50 1399.90 446.39 0.049536
3 1103.90 451.08 1213.22 592.05 0.049263
4 636.66 461.04 646.30 483.46 0.049249
4 731.14 76.56 750.64 101.14 0.049247
4 399.50 13.97 410.42 22.98 0.049181
3 949.07 267.99 981.67 301.46 0.049165
4 1191.74 603.90 1226.51 637.49 0.049001
3 452.02 -0.35 683.38 523.12 0.048962
3 575.53 57.42 587.05 70.56 0.048915
3 787.74 519.39 936.52 786.33 0.048914
3 5.83 383.38 381.62 786.17 0.048803
3 815.63 7.39 894.25 49.73 0.048602
4 1228.67 560.11 1250.24 581.04 0.048490
4 1027.56 259.30 1054.28 272.43 0.048439
3 365.64 71.29 823.57 356.30 0.048364
3 145.94 578.39 167.34 610.12 0.048265
4 1171.45 390.39 1189.12 415.88 0.048237
4 1135.80 287.79 1165.16 325.70 0.048183
3 1047.26 540.74 1084.68 565.64 0.047775
3 61.78 334.52 398.09 449.68 0.047770
3 633.57 5.01 732.92 128.61 0.047646
3 424.65 0.67 472.09 65.55 0.047604
3 636.13 504.81 647.89 524.39 0.047466
3 115.23 295.86 142.50 336.20 0.047421
4 2.27 277.93 82.95 303.40 0.047418
4 442.52 73.90 454.81 99.82 0.047148
4 467.98 213.34 477.70 226.94 0.047044
3 1025.10 232.74 1057.60 272.93 0.046790
3 118.36 76.43 193.26 105.29 0.046746
4 946.62 545.83 1010.65 585.24 0.046725
3 647.25 24.28 659.74 43.13 0.046722
3 5.34 2.05 1062.74 785.27 0.046638
4 286.76 389.42 315.66 412.66 0.046552
3 607.95 400.50 646.24 484.47 0.046551
3 803.37 368.04 821.48 382.26 0.046542
3 443.58 70.86 452.88 83.44 0.046453
4 1026.76 241.44 1056.22 272.49 0.046400
3 561.65 40.88 574.37 53.99 0.046317
3 644.89 0.62 1059.39 107.65 0.046180
3 437.03 223.84 456.23 236.12 0.046140
3 919.91 0.43 1400.35 471.58 0.046074
3 134.11 702.20 266.83 786.32 0.046024
3 341.20 54.87 424.38 217.27 0.045977
3 3.66 126.31 402.27 785.53 0.045972
3 915.16 397.13 926.97 417.22 0.045755
4 513.27 441.37 526.97 459.03 0.045712
4 123.00 247.47 186.69 282.54 0.045642
4 157.05 302.76 176.03 344.98 0.045594
3 573.52 290.50 651.14 525.35 0.045566
4 629.80 440.00 639.94 452.98 0.045553
3 1021.18 637.95 1396.50 786.59 0.045304
4 628.18 432.41 641.09 452.95 0.045259
3 447.65 150.57 1029.95 785.30 0.045127
4 731.52 284.48 738.91 293.16 0.045126
3 1.86 164.72 321.83 290.72 0.045126
3 260.05 702.72 363.09 784.74 0.045108
4 1214.82 597.31 1236.62 616.18 0.044956
4 403.40 93.83 421.67 125.22 0.044864
3 800.44 282.94 815.06 293.64 0.044793
4 1057.27 325.19 1092.27 360.36 0.044779
4 118.23 78.04 191.72 105.33 0.044589
3 380.65 41.23 666.42 540.05 0.044449
3 402.91 101.82 926.44 784.55 0.044338
3 419.09 64.74 518.76 229.76 0.044325
4 1252.25 345.58 1285.37 382.55 0.044126
3 952.56 531.09 1009.80 584.99 0.044015
4 551.69 163.41 557.69 173.21 0.043997
3 392.33 624.78 450.99 657.13 0.043908
3 450.78 -0.62 748.56 282.34 0.043879
4 368.04 77.14 379.25 90.88 0.043869
4 1195.77 275.92 1212.75 285.79 0.043615
3 637.34 21.85 723.88 120.68 0.043584
3 368.32 154.93 1390.05 785.06 0.043561
3 694.43 284.59 709.76 300.59 0.043561
4 263.08 82.12 274.75 94.13 0.043391
3 205.00 209.74 248.20 262.44 0.043384
3 636.29 504.27 648.41 524.64 0.043285
4 119.89 82.88 176.86 104.86 0.043281
3 323.66 74.13 351.08 110.17 0.043257
3 803.90 368.11 826.77 392.18 0.043225
3 637.33 24.01 659.21 55.84 0.043178
4 375.62 414.06 389.69 434.24 0.043151
3 4.21 463.48 379.37 786.63 0.043015
3 1.20 253.20 83.01 302.87 0.042917
3 349.57 55.72 370.38 77.17 0.042777
4 773.21 409.73 796.92 437.37 0.042699
3 456.76 -0.08 541.85 129.50 0.042678
3 1064.48 422.53 1150.00 504.49 0.042673
3 920.97 2.64 1398.24 533.06 0.042490
4 344.82 226.52 356.98 247.87 0.042486
4 1015.66 558.77 1044.27 580.95 0.042477
3 658.34 189.22 934.31 333.68 0.042470
3 119.64 84.30 143.70 104.35 0.042466
3 703.46 43.31 720.41 57.55 0.042441
3 121.74 229.41 320.16 282.67 0.042304
4 1003.12 612.28 1101.22 703.46 0.042266
3 637.25 40.81 645.98 56.55 0.042140
3 702.34 42.01 721.10 57.06 0.042114
3 569.70 54.28 586.70 70.21 0.042072
3 599.73 232.00 608.19 244.77 0.042021
3 900.19 164.49 1398.25 779.91 0.042015
3 338.47 43.28 457.90 241.24 0.041892
4 348.17 312.28 361.05 330.37 0.041856
3 879.04 338.50 890.59 369.08 0.041816
4 123.97 0.87 219.21 48.69 0.041801
4 1271.32 434.86 1291.05 451.35 0.041747
3 238.81 668.80 259.44 691.89 0.041743
3 365.27 84.48 914.19 361.13 0.041740
3 124.89 548.49 206.46 671.79 0.041483
3 644.03 0.44 935.38 108.84 0.041475
4 779.91 252.16 796.58 269.35 0.041464
3 990.09 419.36 1015.44 475.63 0.041437
3 122.75 243.30 192.98 282.60 0.041435
3 122.96 263.23 147.24 283.07 0.041345
3 1063.29 421.89 1234.45 566.72 0.041335
4 928.14 500.61 950.67 527.00 0.041201
3 36.69 126.24 1385.57 784.62 0.041193
3 449.68 1.65 692.05 459.42 0.041075
4 647.35 72.12 660.39 91.67 0.041068
3 635.43 460.65 649.56 525.10 0.041024
3 561.73 274.24 691.33 784.37 0.040924
3 425.52 182.44 447.26 205.27 0.040915
4 627.27 216.50 634.44 230.70 0.040884
3 559.68 -0.55 933.23 340.66 0.040837
3 723.45 403.11 939.05 785.44 0.040745
3 78.12 254.48 128.38 302.08 0.040692
3 892.95 300.02 1397.30 746.78 0.040676
3 394.80 -0.02 414.53 11.46 0.040595
4 460.01 364.41 527.26 468.40 0.040553
4 481.91 298.14 490.79 307.48 0.040544
4 432.91 0.05 460.73 12.80 0.040498
3 34.28 0.40 1234.41 785.57 0.040496
3 772.86 408.91 792.04 423.10 0.040363
3 550.06 1.94 770.00 784.82 0.040360
4 1197.96 297.94 1212.01 310.26 0.040322
4 476.78 98.97 492.81 122.89 0.040322
4 1002.58 296.63 1034.73 329.71 0.040307
3 911.12 359.29 955.61 399.95 0.040275
3 367.01 173.24 636.17 333.56 0.040249
3 934.31 165.10 1051.21 277.41 0.040245
4 71.46 235.55 191.56 281.77 0.040237
3 1072.00 443.13 1234.60 565.91 0.040220
3 1077.96 440.25 1150.84 503.43 0.040126
4 469.86 324.99 478.75 340.14 0.040107
4 971.26 618.53 1019.14 701.21 0.040083
4 1248.46 345.96 1285.68 393.64 0.040062
3 425.06 23.94 447.10 43.69 0.040048
3 305.09 122.35 425.96 273.62 0.040034
4 0.44 220.76 194.94 303.43 0.040034
3 942.78 719.28 969.66 737.28 0.040026
3 933.54 437.99 954.53 460.69 0.039893
4 392.45 616.52 444.87 651.70 0.039880
3 453.79 -0.30 585.79 191.23 0.039765
3 400.45 62.82 418.35 80.60 0.039705
3 409.49 62.99 418.09 70.14 0.039672
3 559.43 1.02 818.83 332.42 0.039657
3 446.40 25.96 471.77 61.59 0.039614
4 553.35 83.38 573.20 104.46 0.039487
3 1032.76 176.99 1091.79 250.62 0.039450
3 402.97 762.47 441.93 787.39 0.039367
4 1136.05 364.97 1155.51 382.95 0.039346
3 943.52 560.44 967.80 601.26 0.039326
3 376.30 48.43 424.35 160.51 0.039295
4 1040.99 190.13 1080.18 245.01 0.039229
3 452.72 1.78 693.00 784.71 0.039098
4 427.92 99.01 444.14 110.68 0.039052
4 403.71 92.75 412.43 102.77 0.038969
3 460.21 227.44 1026.36 785.52 0.038958
3 912.53 362.07 974.06 408.35 0.038904
3 861.53 328.66 880.20 360.35 0.038845
4 608.36 398.61 667.02 429.81 0.038646
3 960.24 390.05 974.11 405.52 0.038487
3 402.03 164.23 424.21 215.42 0.038441
3 204.59 177.48 251.53 260.34 0.038393
3 352.59 246.28 853.55 785.85 0.038363
4 0.53 253.45 81.61 289.90 0.038267
3 1192.46 603.18 1227.19 637.81 0.038243
3 1201.60 533.15 1234.17 564.64 0.038211
3 710.79 94.57 720.95 109.61 0.038180
3 450.82 0.75 675.28 413.88 0.038175
3 1265.16 607.04 1399.18 749.98 0.038126
3 771.16 363.87 1012.13 787.05 0.038018
3 352.56 600.81 454.25 786.79 0.038009
4 684.79 229.90 691.57 237.31 0.037979
3 16.38 123.39 406.45 485.59 0.037863
4 516.65 115.40 531.65 127.36 0.037827
4 519.52 7.84 563.85 35.20 0.037824
3 438.25 1.25 603.70 186.39 0.037809
3 118.95 527.53 221.07 677.90 0.037792
3 768.94 247.70 874.81 294.07 0.037749
4 1147.40 388.06 1188.20 416.35 0.037641
3 731.60 75.71 750.67 100.54 0.037559
4 974.26 618.12 1018.95 682.15 0.037493
3 342.89 56.20 422.61 163.30 0.037473
4 429.32 187.85 445.38 202.69 0.037408
4 392.99 634.66 406.10 656.17 0.037315
4 483.95 456.11 499.20 469.49 0.037266
4 393.65 635.33 403.92 646.51 0.037190
3 688.59 278.05 709.93 301.12 0.037159
3 1.26 0.64 446.58 288.63 0.037091
3 452.48 -0.61 745.21 259.43 0.037014
4 288.31 467.11 327.80 480.45 0.036975
4 641.38 188.66 652.67 198.73 0.036911
3 197.48 209.52 281.56 291.49 0.036885
3 442.64 71.54 454.57 95.81 0.036860
4 636.96 25.64 660.71 57.05 0.036812
3 776.89 413.38 1026.47 785.76 0.036770
3 730.89 282.08 740.97 294.01 0.036768
3 322.66 91.51 333.28 108.31 0.036752
3 351.07 42.86 368.13 67.01 0.036713
4 608.32 400.04 647.17 484.77 0.036703
4 930.11 367.62 954.70 394.86 0.036701
3 403.35 92.56 413.68 105.28 0.036687
3 395.27 0.07 428.04 12.39 0.036658
4 1063.81 423.43 1090.97 469.37 0.036472
3 636.07 23.86 660.26 79.15 0.036469
3 561.08 274.36 681.10 696.74 0.036467
4 927.87 500.80 952.87 529.15 0.036447
3 800.89 283.35 814.68 294.01 0.036395
4 913.74 666.69 936.91 786.92 0.036392
3 197.01 229.91 321.25 291.25 0.036331
4 880.96 585.88 967.16 630.06 0.036330
3 948.35 525.19 1011.51 587.58 0.036325
4 608.48 399.96 618.98 406.67 0.036269
4 486.99 208.34 493.62 216.18 0.036223
3 60.05 335.72 389.76 785.63 0.036221
4 706.67 124.29 714.18 130.98 0.036200
4 433.81 182.39 446.94 193.83 0.036108
3 392.66 627.32 446.71 653.13 0.036095
4 565.90 172.22 579.50 180.91 0.036027
4 125.93 24.77 168.75 46.69 0.035968
3 349.77 39.85 393.12 89.38 0.035934
3 637.21 483.92 648.45 504.64 0.035885
4 880.73 590.93 937.92 787.16 0.035879
3 510.57 102.62 525.78 125.10 0.035858
4 489.35 25.37 495.84 35.91 0.035852
3 330.40 384.54 536.85 659.14 0.035815
4 1243.87 437.00 1260.65 451.66 0.035808
4 538.31 360.04 543.68 368.10 0.035707
4 161.56 621.89 190.83 661.63 0.035676
4 452.97 51.74 470.15 65.04 0.035595
4 907.44 419.03 924.89 442.14 0.035541
3 565.67 278.32 684.40 702.99 0.035516
3 710.14 75.30 751.04 111.42 0.035497
3 979.35 400.75 999.62 421.46 0.035454
3 359.52 5.60 1075.81 783.05 0.035453
3 535.18 1.82 828.62 785.98 0.035446
4 945.91 556.64 977.26 573.42 0.035342
3 402.83 161.05 439.57 216.15 0.035300
4 714.09 189.03 743.26 224.26 0.035300
3 419.62 0.22 440.35 14.80 0.035283
4 135.04 597.53 160.05 632.90 0.035267
3 350.11 580.81 459.69 786.69 0.035256
4 46.17 79.07 66.19 94.51 0.035251
3 817.32 644.93 857.48 659.30 0.035250
3 443.68 0.42 576.58 132.23 0.035238
3 315.58 470.19 454.23 786.19 0.035221
4 393.30 507.45 418.09 531.58 0.035216
3 218.43 491.41 336.85 711.31 0.035198
4 861.82 598.23 884.98 622.63 0.035183
4 885.60 617.60 916.83 656.32 0.035180
4 140.74 563.41 190.93 612.99 0.035144
3 405.87 160.35 441.50 214.18 0.035132
3 953.36 386.70 1001.39 425.26 0.035078
3 934.84 163.64 1049.76 244.76 0.035059
3 643.89 0.43 816.01 104.16 0.035042
4 702.10 292.13 710.55 301.04 0.035008
4 412.15 657.63 431.95 687.02 0.035005
3 117.04 75.76 194.29 106.45 0.034922
3 3.01 225.42 327.93 299.70 0.034889
3 928.43 368.50 973.94 406.32 0.034888
3 914.62 399.48 926.83 420.20 0.034861
4 788.58 344.79 795.42 352.14 0.034857
3 161.05 621.22 190.71 661.62 0.034804
3 933.99 167.48 1164.16 338.54 0.034783
3 672.42 333.59 1234.87 785.31 0.034770
3 429.27 202.15 455.86 235.20 0.034750
3 683.51 273.03 710.03 300.66 0.034718
3 1190.44 257.80 1246.96 318.50 0.034647
3 174.48 76.36 194.14 99.22 0.034646
3 435.05 0.29 461.78 17.26 0.034645
3 117.79 470.82 342.93 727.77 0.034632
3 732.58 264.51 747.46 294.11 0.034605
3 879.74 591.48 939.27 786.72 0.034589
4 259.85 229.42 331.15 255.67 0.034574
4 988.37 578.06 1011.09 596.28 0.034565
4 311.14 204.79 333.44 252.12 0.034449
4 643.12 250.86 661.84 274.80 0.034376
4 1039.91 209.55 1054.32 229.43 0.034361
3 237.99 668.02 259.99 692.21 0.034296
3 907.13 417.72 925.29 443.07 0.034295
3 628.86 24.48 638.02 35.95 0.034258
3 1003.05 652.79 1020.41 699.82 0.034201
4 626.18 255.12 637.12 269.20 0.034197
3 751.29 434.09 939.51 786.15 0.034131
3 368.04 74.21 380.92 90.99 0.034119
3 1187.38 496.69 1398.00 645.07 0.034112
3 961.57 391.54 973.69 405.81 0.034086
3 378.08 314.02 460.32 394.23 0.034053
3 945.35 184.92 1398.76 467.69 0.034041
4 491.48 0.21 506.11 12.65 0.034017
3 523.03 75.58 575.30 107.88 0.033946
3 407.96 734.39 420.38 754.24 0.033917
4 832.69 340.27 845.86 354.10 0.033881
3 712.50 220.88 764.86 297.46 0.033858
3 323.14 73.73 352.32 109.03 0.033838
3 911.93 361.26 1026.55 441.21 0.033782
3 923.31 165.15 1398.45 527.55 0.033778
3 381.32 0.18 421.43 22.79 0.033749
4 1069.07 458.59 1091.69 479.08 0.033604
4 553.83 82.76 570.26 94.99 0.033493
4 623.61 325.60 629.39 334.47 0.033491
3 323.36 73.64 358.79 129.55 0.033471
3 574.63 309.00 631.43 430.85 0.033438
4 1056.69 611.86 1096.88 643.09 0.033406
3 1361.99 485.17 1398.51 526.51 0.033371
3 821.49 385.80 841.50 406.27 0.033364
4 782.68 459.04 804.24 477.74 0.033244
3 565.96 276.81 656.25 528.20 0.033222
3 1.53 1.81 369.35 395.29 0.033185
4 1070.21 612.58 1096.77 641.38 0.033173
3 401.60 91.76 420.82 158.27 0.033144
3 913.12 665.90 937.91 786.21 0.033120
3 817.06 641.72 933.64 787.30 0.033060
3 1011.72 424.61 1030.34 441.07 0.032990
4 442.27 775.89 450.91 787.74 0.032978
4 466.75 71.77 481.23 87.88 0.032861
3 390.85 116.85 1187.13 784.81 0.032743
3 367.12 0.72 740.52 361.67 0.032730
3 487.08 -0.22 565.50 36.06 0.032728
3 925.86 185.08 1398.72 745.84 0.032727
3 141.11 563.73 190.80 612.41 0.032704
4 135.94 598.12 157.09 626.65 0.032623
4 89.62 395.93 131.69 423.34 0.032571
3 785.53 420.39 811.18 444.72 0.032551
4 1270.89 434.28 1318.96 464.78 0.032524
3 571.34 298.47 653.62 525.21 0.032473
3 943.94 760.09 973.87 786.51 0.032456
3 197.90 238.40 282.89 291.72 0.032402
3 633.01 120.12 649.83 142.09 0.032355
3 2.48 3.10 405.43 570.22 0.032333
4 122.99 320.67 140.55 333.43 0.032308
3 477.58 144.70 485.53 161.28 0.032243
3 773.18 408.86 793.52 426.73 0.032235
3 352.67 42.18 368.81 60.61 0.032214
3 987.99 593.77 1397.02 786.07 0.032205
3 128.72 616.80 194.38 670.00 0.032180
3 574.38 310.66 581.84 323.70 0.032162
3 1025.79 257.88 1056.35 272.75 0.032026
3 1270.77 434.02 1318.58 464.50 0.032006
3 395.80 43.16 453.04 87.08 0.032002
3 7.29 168.42 284.58 294.61 0.031898
3 564.97 41.76 586.59 70.76 0.031876
3 953.93 386.13 999.71 423.56 0.031866
3 591.61 156.96 619.56 172.77 0.031837
4 766.93 56.68 794.16 76.20 0.031720
3 636.95 40.27 646.66 56.14 0.031713
4 510.02 278.97 519.35 292.93 0.031690
4 954.90 362.01 963.15 370.04 0.031681
3 1006.08 654.20 1018.77 680.27 0.031668
3 314.58 237.59 370.04 331.57 0.031661
3 164.39 297.08 175.71 322.83 0.031632
3 428.04 337.10 457.27 391.26 0.031610
4 260.07 239.83 280.42 249.61 0.031609
3 177.54 230.15 319.07 269.93 0.031583
3 575.17 699.86 688.17 787.37 0.031575
3 693.85 284.97 709.70 300.24 0.031564
4 428.12 768.97 450.68 787.75 0.031535
3 1064.37 421.34 1085.95 447.06 0.031465
3 424.88 74.08 574.77 130.55 0.031382
3 655.08 210.15 1397.17 650.96 0.031363
4 412.31 160.93 442.55 202.75 0.031351
4 350.29 349.21 375.74 368.17 0.031338
3 460.30 363.86 550.98 585.43 0.031285
3 539.23 -0.37 561.39 13.93 0.031283
3 927.97 496.62 1010.45 585.51 0.031279
4 205.18 203.54 274.66 237.27 0.031275
3 792.05 7.68 815.16 104.87 0.031259
4 1210.97 614.30 1226.28 637.63 0.031230
3 468.31 213.26 478.00 226.98 0.031226
3 407.18 717.79 436.79 754.59 0.031219
4 639.76 530.49 651.14 544.43 0.031207
4 677.13 722.71 684.60 740.70 0.031188
3 574.52 310.00 582.89 323.73 0.031066
3 691.35 99.94 705.79 118.23 0.031020
3 256.37 106.20 280.00 158.76 0.030970
4 731.94 86.98 749.16 101.14 0.030963
4 772.97 409.68 793.04 425.31 0.030949
3 25.36 246.92 1377.88 783.61 0.030940
3 123.19 265.12 146.70 283.53 0.030909
3 569.19 1.65 644.71 164.57 0.030878
3 309.50 155.73 331.47 181.99 0.030816
4 591.88 158.81 604.92 168.87 0.030771
4 431.81 104.80 447.04 119.27 0.030720
3 557.20 0.78 1201.52 691.98 0.030701
4 511.06 103.98 529.90 126.76 0.030694
3 209.72 3.93 231.89 30.97 0.030625
3 698.81 5.87 898.08 98.70 0.030620
4 557.42 25.26 564.78 34.95 0.030595
3 158.14 318.13 176.55 345.46 0.030580
4 437.80 57.91 451.43 66.37 0.030569
3 893.91 18.80 1080.29 226.67 0.030556
3 817.29 9.97 895.78 50.24 0.030501
4 640.41 63.84 658.37 87.28 0.030491
3 483.32 439.46 527.31 469.66 0.030445
4 518.12 560.12 550.22 585.55 0.030438
4 708.87 70.31 749.92 109.50 0.030425
3 6.94 3.40 1394.81 596.25 0.030346
3 816.95 645.59 857.54 685.70 0.030303
3 983.79 558.98 1009.89 584.04 0.030196
3 379.56 41.81 599.48 455.58 0.030195
3 286.95 388.86 315.34 412.59 0.030179
3 1210.33 596.94 1235.71 636.76 0.030167
3 1191.29 262.60 1246.47 318.70 0.030116
3 1004.05 648.55 1099.58 702.78 0.030091
4 108.09 482.98 127.04 498.03 0.030056
