4 1089.15 932.57 1191.77 1051.13 0.636612
3 1089.07 932.60 1191.87 1051.16 0.623138
3 1061.92 675.60 1178.16 729.30 0.621381
4 1061.98 675.64 1178.37 729.26 0.607798
3 960.04 79.72 1030.03 115.51 0.582714
4 960.38 79.73 1029.78 115.43 0.581826
3 1047.18 568.57 1154.14 620.02 0.581570
4 1047.26 568.86 1153.99 619.65 0.573562
3 1003.32 359.43 1094.90 404.33 0.561648
4 979.07 116.95 1059.37 152.27 0.559287
3 978.54 117.05 1059.64 152.35 0.557291
4 1003.31 359.38 1094.76 404.35 0.556431
3 976.78 157.60 1062.52 193.08 0.528590
4 977.34 157.65 1062.57 192.60 0.519787
3 1020.46 388.89 1104.30 436.38 0.519709
4 1020.60 388.57 1104.08 436.04 0.509327
4 976.41 212.50 1061.52 255.56 0.507354
3 976.19 212.54 1061.66 255.51 0.504935
4 973.20 179.14 1055.26 220.77 0.497766
4 1049.76 619.35 1161.10 670.18 0.492051
3 1049.55 619.53 1160.90 670.34 0.488363
3 973.07 179.01 1055.06 220.81 0.485457
4 839.34 9.06 874.24 47.02 0.389586
3 858.78 7.57 1214.40 1072.72 0.368425
3 1.91 1.71 731.06 1074.87 0.355425
3 838.37 159.72 975.71 1074.03 0.341555
3 838.52 9.13 874.65 47.05 0.341310
3 1058.01 2.93 1912.05 1072.52 0.308640
3 868.01 11.71 1131.82 1073.21 0.302324
3 836.96 5.52 876.44 47.60 0.301560
4 1326.65 363.42 1365.85 403.71 0.279921
3 1327.17 363.68 1366.01 403.52 0.268559
3 840.37 10.27 874.33 46.68 0.265519
4 237.68 143.17 272.96 177.55 0.258939
3 7.62 3.06 1906.07 1073.72 0.257234
3 1573.09 345.87 1674.68 470.22 0.245896
3 668.57 98.38 976.05 1074.27 0.243363
4 1364.59 440.50 1402.59 483.52 0.232903
3 843.40 193.05 971.72 1074.50 0.231765
3 237.57 143.29 272.95 178.02 0.229695
4 208.92 194.95 245.37 224.18 0.228051
3 1192.69 62.01 1221.63 104.19 0.217128
3 1423.76 101.78 1894.28 638.49 0.215305
3 209.10 194.04 245.48 224.50 0.210829
3 1304.65 342.86 1366.60 404.92 0.210451
3 1364.80 440.00 1402.65 483.52 0.210248
3 865.91 2.21 1910.56 1072.36 0.206480
4 1193.20 63.48 1221.54 104.38 0.204380
3 888.96 195.16 1127.69 1072.08 0.203705
3 1437.88 105.03 1631.91 341.46 0.190488
3 1485.04 186.88 1583.44 341.18 0.190232
3 1319.96 343.30 1366.18 404.37 0.188074
4 1582.26 0.00 1654.25 18.89 0.186944
3 1683.43 467.31 1767.34 593.16 0.183738
3 1593.97 346.12 1674.89 469.56 0.176768
3 838.56 9.10 1235.79 1072.51 0.175038
3 1215.19 114.75 1242.25 146.29 0.174511
3 1782.19 533.11 1877.68 632.81 0.174246
4 1215.50 115.08 1241.80 146.56 0.172008
4 1320.23 344.25 1366.24 404.29 0.171947
3 1191.51 61.35 1221.89 105.81 0.169188
4 964.82 79.16 1065.22 258.50 0.168822
3 842.84 8.62 1118.37 1074.30 0.167945
3 1139.62 0.56 1698.30 728.84 0.167906
3 1137.08 0.50 1906.22 732.16 0.167662
3 1516.13 259.20 1583.26 341.14 0.167111
3 1490.67 118.76 1592.53 258.56 0.162407
3 1578.46 462.40 1657.71 519.31 0.161233
3 342.82 18.64 443.36 100.25 0.159406
3 1.22 2.48 419.53 847.37 0.158122
3 964.38 78.48 1065.07 258.51 0.157881
3 1053.15 1.84 1430.83 1066.30 0.156817
4 1579.68 464.15 1656.65 518.74 0.155680
3 664.22 3.63 1119.60 1076.18 0.154832
3 1814.77 533.40 1877.23 632.14 0.154273
3 1441.13 136.75 1584.61 341.95 0.153060
3 1431.39 101.08 1774.57 604.14 0.151440
3 840.12 180.14 1121.81 1073.14 0.149557
4 1070.95 463.99 1115.20 496.39 0.148870
4 1484.84 -0.07 1553.67 12.92 0.147841
4 1450.42 -0.08 1553.40 13.37 0.147634
3 288.17 187.23 489.76 414.60 0.146516
3 1308.82 0.87 1367.28 42.99 0.146483
3 1363.44 422.57 1407.32 484.04 0.145362
3 1035.72 461.70 1115.61 501.91 0.144892
3 346.13 231.04 421.17 301.42 0.142598
3 342.34 18.52 413.91 76.82 0.141780
3 1581.43 0.06 1654.20 18.72 0.139895
3 1214.64 114.29 1242.20 149.41 0.138907
3 1046.05 4.04 1317.44 1070.14 0.137287
3 419.65 0.75 530.15 93.40 0.136981
4 940.17 0.25 1002.15 21.97 0.135454
4 142.53 62.14 162.25 89.61 0.134866
3 733.42 3.03 1207.83 1075.38 0.134574
4 1079.36 466.84 1114.50 495.91 0.133980
3 1086.68 930.72 1194.88 1053.90 0.133039
3 651.05 13.32 978.77 1074.08 0.132685
3 1085.31 846.21 1267.96 1069.94 0.132282
3 579.11 6.77 738.05 1073.40 0.131709
3 1450.67 -0.13 1553.89 13.35 0.131682
3 1491.73 119.43 1562.96 223.22 0.130330
3 974.91 157.70 1063.11 195.31 0.130166
3 1071.89 465.25 1114.66 496.22 0.128934
3 1484.17 -0.09 1554.10 13.04 0.128191
4 1450.97 -0.19 1479.03 12.68 0.128178
4 223.73 35.80 254.46 67.78 0.127541
3 1436.89 105.82 1675.76 472.62 0.127535
3 832.32 9.12 988.97 1075.81 0.126447
4 1509.09 40.69 1553.15 65.40 0.124827
4 347.06 231.20 421.30 301.41 0.123762
3 1578.45 0.06 1654.98 19.40 0.122876
4 696.48 42.75 732.94 69.28 0.122690
3 1586.43 -0.19 1654.04 18.40 0.122477
3 1310.34 0.32 1370.78 46.38 0.122181
3 27.16 498.89 77.05 537.89 0.121709
3 1441.10 136.74 1520.85 231.86 0.121533
3 1325.92 362.08 1366.84 404.14 0.120475
3 653.23 2.99 1908.19 1072.90 0.119777
4 1515.34 0.16 1553.66 12.18 0.119075
3 290.15 267.67 320.78 296.99 0.118401
4 1044.57 -0.03 1089.29 23.17 0.117404
3 958.96 75.12 1194.04 1050.60 0.116900
3 1508.89 40.74 1553.37 65.48 0.116809
3 142.88 62.65 162.29 91.63 0.116411
3 965.87 77.77 1178.84 734.58 0.115372
4 964.76 77.17 1179.84 735.38 0.115028
3 1570.21 345.39 1674.85 518.60 0.114734
4 1484.60 -0.04 1516.36 12.47 0.112929
4 1308.87 0.88 1366.90 41.69 0.112866
3 1441.14 136.36 1482.54 192.22 0.112843
3 1.95 2.02 633.94 903.80 0.112311
3 911.04 428.68 930.26 483.11 0.111153
3 939.88 0.22 998.47 18.45 0.110330
3 4.76 3.17 949.07 1074.86 0.109656
3 696.37 42.80 733.27 69.56 0.108992
3 1193.78 63.26 1221.39 104.89 0.108586
3 973.65 179.70 1059.35 221.30 0.108487
4 813.92 35.82 837.66 55.62 0.108286
3 342.31 0.21 560.37 96.93 0.106500
4 342.49 19.50 419.36 77.11 0.106235
3 1440.44 112.88 1628.18 317.64 0.105999
3 1146.71 239.59 1170.93 276.26 0.105977
4 1411.89 165.48 1438.42 193.82 0.105260
3 1567.52 462.26 1683.97 577.69 0.104810
4 1146.72 239.52 1171.17 276.49 0.104217
4 939.03 0.18 1038.01 32.40 0.103958
3 1490.70 118.53 1627.77 306.24 0.103717
3 964.03 78.30 1067.12 271.25 0.103568
3 814.48 36.27 837.55 55.71 0.103282
3 1363.25 439.48 1404.14 484.30 0.103187
4 278.70 198.61 347.36 235.36 0.103121
4 1450.85 -0.07 1515.59 12.55 0.102948
3 938.69 0.19 1039.70 36.02 0.102507
4 1234.27 353.45 1259.10 391.75 0.101609
4 1008.92 6.55 1039.96 35.29 0.101136
3 343.40 18.12 418.18 76.33 0.100633
3 207.76 192.24 246.02 223.69 0.099985
3 976.02 215.56 1020.25 253.45 0.099796
4 290.82 268.39 320.78 297.28 0.099767
3 972.49 115.77 1064.15 256.99 0.099356
3 1044.58 -0.09 1088.72 22.77 0.099043
3 1139.45 0.03 1775.94 730.19 0.098764
3 423.71 1.31 513.04 74.43 0.098694
3 1412.15 167.62 1438.07 194.44 0.098354
3 342.04 18.48 375.49 77.59 0.098096
3 1037.57 462.65 1114.18 500.54 0.097671
3 842.77 5.58 1403.43 1072.00 0.097199
3 1304.67 98.76 1784.07 606.96 0.096391
3 1048.49 566.48 1180.14 731.27 0.096350
4 1039.38 463.67 1115.49 501.25 0.095902
3 1435.02 99.87 1679.66 532.57 0.095583
3 1130.54 208.87 1161.08 245.30 0.095374
4 660.72 589.67 699.45 625.67 0.094990
4 1442.93 136.87 1478.65 186.16 0.094607
3 237.57 142.27 273.57 176.42 0.094513
4 1364.23 423.94 1406.47 483.69 0.094474
3 1231.01 19.42 1250.94 45.87 0.094027
3 1437.54 98.11 1473.44 149.69 0.093853
3 1447.15 220.38 1488.45 277.42 0.093812
3 835.76 120.49 1224.43 1072.18 0.093449
3 938.74 0.17 1086.72 38.33 0.092743
4 976.57 215.58 1020.36 253.33 0.092668
3 1508.00 224.77 1583.34 340.63 0.092311
3 333.09 279.58 404.53 348.78 0.092233
3 841.25 185.82 1207.51 1072.30 0.091832
3 1054.95 4.14 1654.45 1069.48 0.091684
3 421.33 1.14 521.37 77.52 0.091666
3 1759.81 471.18 1807.30 524.84 0.091497
3 1585.52 218.34 1628.38 305.27 0.091343
3 0.08 595.83 27.90 632.51 0.091307
3 1307.64 0.50 1366.26 41.04 0.091083
3 126.41 716.67 362.66 827.22 0.090667
3 720.28 5.47 1263.65 1073.75 0.090665
3 1756.03 471.14 1809.45 552.08 0.090452
3 620.26 1.48 1249.87 1075.18 0.090372
4 27.22 499.58 76.15 537.49 0.090364
3 1781.75 532.74 1913.25 635.51 0.089984
4 638.45 68.62 670.85 102.96 0.089953
3 840.86 17.82 979.64 1071.86 0.089853
3 259.98 623.72 312.49 724.65 0.089706
3 1451.29 -0.16 1478.93 12.73 0.089466
3 224.14 35.93 253.80 67.98 0.089359
3 964.43 78.31 1067.40 295.45 0.089022
4 287.75 188.69 489.08 414.80 0.088529
4 1200.26 352.39 1225.13 390.47 0.088093
3 1578.69 462.60 1655.20 544.61 0.087669
3 278.62 198.36 347.33 235.81 0.087308
3 737.33 88.89 1024.13 1072.07 0.086981
3 207.40 179.67 246.16 223.66 0.086915
4 1074.30 620.38 1154.64 658.72 0.086461
3 1437.11 98.79 1480.48 188.82 0.086244
3 1515.38 0.07 1554.06 12.68 0.085913
3 1363.42 1.33 1395.57 34.87 0.085540
4 961.67 71.55 1196.02 1051.46 0.085386
4 342.85 18.15 369.74 52.15 0.085094
3 1589.25 0.02 1623.97 18.33 0.085053
3 1234.51 353.19 1258.75 392.46 0.085029
3 1442.76 136.72 1479.33 188.97 0.084869
3 21.48 618.47 428.14 843.34 0.084755
3 1552.53 182.82 1627.85 305.45 0.084202
3 638.93 67.80 668.92 99.26 0.084108
3 1454.55 524.03 1508.21 564.45 0.083538
3 1571.08 345.01 1769.64 595.69 0.083401
3 1306.63 0.82 1366.82 46.84 0.083168
4 1129.72 209.36 1160.37 245.62 0.082888
4 1232.02 19.41 1250.05 45.62 0.082804
3 1450.68 0.01 1515.37 12.40 0.082585
4 973.13 115.58 1064.27 257.87 0.082188
3 1371.77 141.53 1407.73 163.94 0.081777
3 1215.54 115.59 1241.85 147.84 0.081478
3 950.21 823.51 969.78 854.76 0.081407
3 1010.82 8.21 1039.91 36.38 0.081364
3 846.47 187.58 1268.14 1071.91 0.081240
3 1030.66 520.24 1199.43 823.11 0.081064
3 635.50 3.59 1297.24 1072.32 0.080732
3 50.83 647.61 124.77 682.37 0.080491
4 52.84 624.43 195.70 682.29 0.080412
3 384.77 24.14 443.46 99.99 0.080367
3 1452.13 -0.40 1478.43 12.45 0.080304
3 58.68 41.10 169.96 117.94 0.080302
3 638.44 68.38 670.32 101.98 0.079918
4 1249.82 427.92 1276.09 476.01 0.079888
4 1372.30 141.73 1406.55 163.06 0.078998
3 1312.62 343.05 1366.59 404.93 0.078934
3 1412.41 166.78 1437.77 193.29 0.078606
3 1075.07 621.23 1151.36 658.88 0.078550
3 21.48 728.09 114.01 765.37 0.078160
3 418.64 -0.13 557.08 91.21 0.078073
3 342.77 0.58 539.14 100.06 0.077892
3 1485.01 -0.04 1514.75 12.08 0.077498
3 404.95 278.66 472.00 364.68 0.077464
4 1542.64 919.67 1667.55 994.79 0.077416
3 1081.41 466.41 1113.65 495.98 0.077383
3 350.38 189.90 428.52 258.58 0.077275
3 141.65 61.93 162.61 89.78 0.077255
3 1250.60 427.38 1276.17 477.92 0.076879
3 223.61 35.79 252.03 66.67 0.076658
3 1592.87 689.14 1912.50 1073.61 0.076189
3 1070.22 463.23 1114.96 496.83 0.076067
3 1302.33 101.93 1631.85 339.60 0.075929
3 343.01 18.01 409.93 73.44 0.075454
4 636.63 30.19 667.67 64.85 0.075445
3 1579.16 493.52 1647.44 519.20 0.075362
3 1306.26 638.10 1906.21 1001.93 0.075145
3 234.91 244.99 251.34 265.74 0.075119
3 256.06 721.84 362.36 827.01 0.074931
3 841.89 182.44 937.31 687.33 0.074820
3 383.07 20.92 409.60 95.82 0.074453
3 1683.84 466.98 1807.17 600.53 0.074402
3 342.59 18.16 370.19 52.34 0.074401
3 1818.55 533.24 1913.90 634.05 0.073771
3 865.34 8.70 1636.06 1072.07 0.073509
4 1336.08 437.50 1363.24 478.79 0.073208
3 1232.31 19.52 1250.40 45.49 0.073201
3 1418.01 212.56 1488.41 280.99 0.073029
4 1363.37 1.17 1399.37 34.48 0.072931
3 5.38 1.33 1182.90 1074.79 0.072805
3 637.70 30.33 667.38 64.01 0.072687
3 51.41 643.93 148.84 683.61 0.072661
4 0.10 595.91 25.24 631.67 0.072355
3 1551.68 181.12 1594.18 263.93 0.072319
3 1439.78 113.70 1593.79 268.64 0.071585
3 208.17 193.13 245.81 227.90 0.071474
3 524.05 742.86 573.49 777.15 0.071153
3 1469.84 40.43 1553.94 67.27 0.070845
4 1870.60 566.61 1914.66 624.96 0.070843
3 167.00 626.01 217.08 716.51 0.070484
3 1580.43 0.03 1628.21 19.26 0.070086
3 584.75 897.89 639.04 948.35 0.069175
3 936.49 33.59 1114.84 1072.20 0.068804
4 326.17 275.64 354.83 313.40 0.068680
3 425.60 3.66 510.95 73.57 0.068500
3 1305.07 0.11 1397.65 58.37 0.068449
3 660.23 587.52 700.42 626.43 0.068380
3 1302.37 100.67 1675.79 470.20 0.068268
3 1442.08 118.80 1591.55 251.34 0.068256
3 1436.56 108.65 1650.95 345.62 0.068072
3 940.56 0.15 1005.96 14.04 0.067925
4 1071.61 42.35 1085.07 67.50 0.067788
3 4.40 0.43 343.08 593.30 0.067743
3 27.17 473.96 89.50 537.53 0.067338
3 940.73 0.12 993.86 14.95 0.067302
3 1200.25 351.72 1224.78 389.86 0.067237
4 52.45 645.03 149.08 682.54 0.067028
3 289.88 316.48 382.82 397.02 0.066997
3 1.18 5.27 402.43 734.38 0.066951
3 844.05 198.72 935.96 679.46 0.066925
3 125.42 715.17 182.82 811.35 0.066917
4 350.52 190.24 428.40 258.28 0.066786
4 343.42 0.80 558.75 96.27 0.066640
3 1088.05 853.72 1259.47 1062.20 0.066552
3 21.03 623.00 215.27 765.59 0.066485
3 1449.03 221.22 1487.87 276.38 0.066245
4 973.46 174.15 1053.23 219.82 0.066031
3 1442.38 136.80 1480.82 191.33 0.065999
4 421.91 2.02 513.73 74.53 0.065636
4 910.67 430.38 929.62 483.06 0.065372
3 1300.80 104.70 1671.65 339.74 0.064977
3 255.79 720.62 306.40 821.82 0.064918
3 1443.14 137.05 1478.02 185.75 0.064794
3 1516.27 261.17 1572.85 314.22 0.064673
3 1049.18 519.85 1120.61 542.66 0.064608
3 1309.15 102.62 1885.71 634.69 0.064607
4 1048.25 567.54 1179.61 731.61 0.064493
4 341.53 19.23 396.75 73.82 0.064384
3 690.56 185.74 973.56 1075.64 0.064245
3 429.16 240.04 494.03 313.86 0.064083
3 678.44 105.67 1149.16 1073.17 0.063596
3 352.01 105.36 436.68 171.84 0.063590
3 1582.78 219.09 1651.64 325.78 0.063360
3 1008.20 4.38 1039.71 35.09 0.063246
4 662.94 599.88 697.04 624.72 0.063109
4 21.68 729.00 112.31 763.76 0.062608
4 331.09 278.46 404.81 348.68 0.062576
4 1670.70 267.18 1707.45 307.10 0.062547
4 1708.61 539.00 1737.52 574.72 0.061986
4 1021.79 388.89 1098.35 434.14 0.061865
4 977.89 212.48 1059.99 253.47 0.061704
3 1.65 853.97 589.08 1075.54 0.061513
3 1058.45 672.43 1181.27 732.59 0.061444
3 1049.35 517.25 1141.26 544.20 0.061210
4 1469.53 40.53 1553.97 67.70 0.061199
3 1447.85 221.18 1488.78 280.25 0.060933
3 453.84 7.64 736.96 1075.18 0.060914
3 1567.98 345.80 1682.68 578.04 0.060848
3 278.48 197.01 350.64 236.56 0.060843
3 1213.96 114.53 1245.00 172.02 0.060332
3 350.50 105.11 383.58 167.56 0.060204
3 938.79 0.83 1010.48 39.89 0.060153
4 1881.51 583.02 1915.05 626.91 0.060053
4 1667.39 31.23 1691.98 50.03 0.059983
3 1083.67 737.48 1282.12 1071.34 0.059879
3 342.02 18.62 373.11 72.73 0.059858
4 126.54 716.05 361.48 826.18 0.059756
3 1103.57 679.39 1907.80 1072.57 0.059648
3 0.13 595.65 23.91 630.72 0.059517
3 1046.53 4.04 1213.29 863.74 0.059506
3 636.63 67.54 673.85 113.31 0.059427
3 376.23 326.49 464.84 414.15 0.059346
3 283.56 106.91 491.94 415.85 0.059261
3 146.53 398.65 168.96 423.39 0.059176
4 662.83 193.62 686.86 212.56 0.059113
3 1047.72 7.41 1222.73 1058.02 0.059088
3 433.39 695.77 505.14 907.64 0.059078
4 655.88 94.62 674.68 118.97 0.058860
3 1501.25 462.54 1656.62 520.63 0.058825
4 656.44 571.76 700.73 623.32 0.058805
3 350.14 189.35 380.10 237.66 0.058788
3 1369.17 502.65 1407.67 533.22 0.058774
4 1367.63 683.75 1397.15 731.27 0.058641
3 1050.17 625.04 1101.37 669.78 0.058395
4 392.24 9.06 434.53 40.02 0.058381
3 880.70 191.76 1207.02 1070.97 0.058272
4 524.72 742.61 571.54 776.41 0.058119
3 1486.81 187.19 1520.13 233.21 0.058093
3 1300.96 107.55 1624.08 322.50 0.057966
3 1564.67 344.60 1900.77 635.19 0.057880
3 1307.73 114.71 1513.68 311.74 0.057871
3 663.51 600.22 696.65 625.32 0.057828
4 1050.13 625.39 1096.57 669.68 0.057713
4 938.47 -0.12 1087.65 34.99 0.057613
4 418.62 20.10 437.49 56.92 0.057347
3 637.61 68.48 675.75 120.82 0.057077
3 126.85 715.75 270.26 821.84 0.057060
3 457.43 -0.01 515.30 30.86 0.057011
3 284.13 589.13 345.50 618.86 0.056986
3 380.14 127.30 436.37 170.49 0.056950
3 207.80 177.89 246.26 226.75 0.056913
4 342.54 17.59 443.87 98.46 0.056825
4 52.49 649.91 123.06 681.40 0.056676
3 323.90 438.15 606.87 693.90 0.056623
3 1593.89 247.27 1626.96 305.05 0.056414
3 420.04 180.85 451.28 236.52 0.056260
3 308.68 4.84 1875.24 1071.33 0.056249
4 108.57 624.34 195.89 676.56 0.056194
3 384.64 21.92 410.43 96.39 0.056148
3 51.74 614.56 152.56 682.44 0.056112
3 421.61 181.70 450.84 227.06 0.056049
3 1496.57 343.50 1899.69 636.29 0.056003
3 1117.28 965.31 1657.55 1074.72 0.055970
3 501.28 704.77 581.87 789.30 0.055903
4 1510.93 260.77 1571.41 314.57 0.055790
3 1044.96 0.22 1086.72 22.35 0.055370
4 967.79 75.19 1100.91 440.19 0.055101
3 524.51 742.56 571.72 775.57 0.055046
3 1231.42 18.89 1248.97 45.68 0.055005
3 1050.26 624.78 1096.41 669.04 0.054984
3 760.59 102.36 980.31 1072.89 0.054883
3 220.11 389.44 305.06 483.82 0.054746
3 1388.80 504.27 1407.37 530.84 0.054708
3 1667.90 31.06 1691.81 50.05 0.054643
3 1484.23 186.28 1521.04 233.13 0.054558
3 392.25 39.48 443.28 99.82 0.054551
4 1449.60 221.46 1487.15 274.94 0.054526
3 379.06 123.34 436.63 170.49 0.054493
4 1487.33 187.52 1520.11 232.64 0.054427
3 1543.01 918.91 1669.12 996.12 0.054322
3 1878.32 581.53 1915.28 626.19 0.054284
3 837.89 171.09 946.18 727.77 0.054227
3 1439.14 98.87 1472.46 152.94 0.054183
3 1087.60 847.34 1657.87 1074.48 0.054103
3 1412.63 59.50 1609.77 181.03 0.054018
3 1571.75 461.85 1769.88 600.13 0.053967
3 650.45 545.53 691.63 583.85 0.053914
3 1306.66 108.74 1904.95 561.48 0.053892
4 405.42 278.72 471.52 364.05 0.053763
3 1629.95 325.47 1905.34 547.03 0.053636
3 742.23 4.21 1635.58 1071.64 0.053522
3 1429.06 0.33 1620.41 65.35 0.053491
3 516.95 0.04 573.67 21.84 0.053475
3 1.60 856.43 472.68 1075.62 0.053399
3 326.89 275.65 355.14 313.22 0.053260
3 706.60 28.68 976.55 1076.06 0.053237
3 655.81 95.41 674.56 120.38 0.053168
3 1360.53 1.04 1428.95 67.33 0.053113
3 815.32 36.95 835.56 55.81 0.053047
3 1335.82 437.26 1362.28 479.84 0.053005
3 857.92 706.16 976.45 1073.75 0.052916
3 483.06 46.62 528.12 93.06 0.052748
4 342.45 18.02 411.76 92.31 0.052636
4 339.03 148.50 365.52 175.60 0.052409
3 1223.24 0.53 1252.12 46.48 0.052390
4 1439.52 101.49 1472.20 153.80 0.052368
3 1307.30 -0.06 1401.41 45.19 0.052302
4 2.36 2.27 732.94 1075.09 0.052187
3 1307.80 111.58 1617.04 315.59 0.051973
3 680.25 0.74 740.10 69.34 0.051897
3 22.93 620.53 497.38 911.58 0.051732
4 1830.81 97.62 1859.38 128.01 0.051695
3 1290.83 94.09 1909.98 1037.27 0.051686
3 850.26 0.03 877.13 22.41 0.051574
4 1131.34 160.82 1154.12 187.85 0.051565
4 1175.39 394.65 1193.95 436.29 0.051537
4 1707.91 524.08 1763.08 580.09 0.051530
3 232.13 242.92 268.79 267.69 0.051504
3 973.11 174.24 1053.77 219.70 0.051449
3 637.43 29.54 669.22 65.35 0.051407
3 1507.96 259.64 1650.31 326.59 0.051323
3 1074.80 618.74 1153.55 659.35 0.051264
3 1215.73 65.01 1900.40 649.58 0.051211
3 1363.43 4.31 1402.70 62.13 0.051136
4 1178.04 241.34 1203.56 285.46 0.051082
3 465.63 125.15 639.18 259.76 0.051067
4 1580.08 492.33 1647.25 518.88 0.050858
3 872.55 13.78 1078.53 205.49 0.050823
3 342.73 18.94 411.46 94.75 0.050735
4 1222.48 555.12 1246.26 601.81 0.050732
3 1427.54 111.91 1907.03 571.74 0.050619
4 0.28 215.48 52.87 292.36 0.050432
4 1441.69 117.84 1591.05 247.94 0.050389
4 650.30 545.65 691.79 584.36 0.050346
4 1823.07 534.77 1914.20 627.11 0.050241
4 1060.73 3.04 1911.89 1063.41 0.050181
3 1117.91 1021.76 1646.68 1075.25 0.050161
3 1185.77 738.41 1246.53 833.07 0.050147
3 278.16 164.82 370.54 236.63 0.050101
3 938.21 9.04 1228.06 1072.37 0.050028
3 667.47 488.26 972.02 1073.26 0.049978
3 606.21 949.20 657.94 990.29 0.049956
3 349.71 189.53 378.66 238.82 0.049940
3 119.69 625.12 431.58 851.89 0.049872
3 73.49 622.40 436.26 858.27 0.049811
3 662.43 193.36 687.68 212.54 0.049743
3 1820.88 534.07 1876.25 632.24 0.049659
3 11.99 2.01 1693.96 1073.71 0.049581
3 208.17 140.00 273.67 225.29 0.049416
3 430.09 10.15 503.28 74.22 0.049282
3 348.80 104.33 384.41 170.12 0.049248
3 1483.34 0.03 1555.95 13.58 0.049233
4 124.85 179.48 146.57 199.23 0.049219
3 1186.08 135.43 1457.15 746.27 0.049192
3 949.66 822.48 970.37 854.46 0.049042
3 1128.15 2.11 1455.39 773.16 0.049036
4 111.21 2.68 133.37 37.07 0.048964
3 1367.74 501.85 1406.88 532.21 0.048947
3 1127.68 318.06 1144.73 354.23 0.048873
3 1670.48 267.05 1706.29 307.13 0.048750
3 1514.31 259.60 1579.39 329.08 0.048748
3 1412.58 136.96 1479.26 194.63 0.048652
3 1618.16 793.61 1913.33 1075.08 0.048570
4 1369.43 281.29 1390.41 313.85 0.048536
3 342.53 19.53 376.45 75.43 0.048530
3 1683.34 466.78 1807.19 588.70 0.048473
4 342.54 18.72 373.19 70.95 0.048176
3 1363.94 -0.03 1413.44 33.24 0.048079
3 20.19 4.58 1279.34 1073.04 0.048035
3 1492.09 515.03 1578.44 657.42 0.048031
3 871.91 16.52 884.03 36.86 0.048029
3 458.60 0.25 560.06 73.42 0.048015
3 1379.45 54.96 1611.61 183.66 0.047995
4 1494.48 120.14 1558.22 215.66 0.047863
4 516.16 0.22 572.19 22.40 0.047845
3 548.44 0.04 575.74 21.54 0.047751
3 1446.65 -0.33 1654.21 17.47 0.047689
4 458.06 0.08 514.55 32.52 0.047678
3 1371.74 139.96 1405.93 164.60 0.047575
3 491.57 6.04 973.55 1074.41 0.047530
3 51.43 621.36 214.25 690.09 0.047450
3 51.87 649.58 123.44 681.41 0.047329
3 1822.36 534.29 1914.93 628.25 0.047135
3 1108.00 1.11 1686.43 1056.60 0.047120
3 940.24 -0.05 974.91 14.48 0.046995
3 993.32 184.98 1266.37 1069.88 0.046876
3 1576.73 -0.17 1706.23 19.67 0.046791
3 1492.74 120.11 1558.47 218.93 0.046707
4 429.43 240.16 493.74 313.75 0.046661
3 0.42 155.06 87.40 313.87 0.046661
3 980.32 0.82 1910.91 1073.22 0.046564
3 653.33 123.30 684.21 158.60 0.046422
3 1301.43 109.62 1591.36 340.65 0.046370
3 716.11 304.04 734.06 327.42 0.046363
4 1808.12 246.74 1837.63 276.33 0.046339
3 223.05 35.57 275.37 74.97 0.046304
4 513.45 39.06 542.43 64.02 0.046291
4 1367.27 502.47 1407.02 533.00 0.046230
3 1306.63 57.55 1615.91 312.35 0.046117
3 1683.38 466.37 1877.30 632.72 0.046099
3 1368.18 683.33 1397.23 731.25 0.046094
4 418.22 0.68 553.72 85.57 0.046052
4 1126.96 318.22 1144.97 352.35 0.045873
4 1301.43 348.91 1366.33 404.41 0.045861
3 1303.94 0.31 1430.17 68.45 0.045844
3 1071.88 42.97 1085.11 67.44 0.045711
3 1301.48 112.60 1491.83 311.25 0.045662
3 1436.70 98.60 1520.90 231.97 0.045649
3 968.23 76.12 1100.06 439.77 0.045649
3 1439.38 114.78 1637.46 324.01 0.045555
4 1048.80 521.16 1120.66 542.90 0.045536
3 1564.74 494.75 1686.05 579.23 0.045523
4 223.44 34.62 277.83 69.56 0.045518
3 693.91 43.27 733.92 69.55 0.045450
3 52.07 646.26 147.94 682.23 0.045396
4 938.47 -0.32 1020.75 8.49 0.045327
3 21.52 729.50 112.43 763.70 0.045242
3 3.02 40.09 190.62 201.30 0.045141
3 969.41 176.68 1250.08 1063.55 0.045016
3 1274.01 687.75 1910.10 1071.27 0.044969
3 1175.72 394.25 1193.97 436.61 0.044914
4 326.15 192.11 472.94 366.24 0.044853
3 1187.70 741.21 1247.63 829.52 0.044743
3 1019.72 0.21 1088.37 35.18 0.044720
3 1494.05 120.16 1590.95 247.86 0.044647
3 233.67 242.46 307.71 270.50 0.044608
3 1450.00 221.82 1486.05 271.96 0.044571
3 1516.37 258.91 1674.76 470.42 0.044514
3 1222.14 418.26 1245.12 456.27 0.044476
3 582.17 863.39 622.61 898.35 0.044433
3 1311.20 258.15 1672.33 721.54 0.044274
3 1299.99 42.04 1626.16 322.62 0.044111
3 873.73 17.03 972.23 202.93 0.044059
3 973.17 154.52 1067.43 262.27 0.044007
3 1419.14 211.06 1462.75 241.28 0.043917
4 1839.67 194.86 1869.63 222.38 0.043892
4 1443.35 134.50 1510.39 189.00 0.043780
3 1484.06 184.71 1674.47 470.13 0.043535
3 0.18 214.86 53.47 292.05 0.043532
3 618.18 988.45 668.01 1030.95 0.043449
3 649.74 545.12 692.92 587.80 0.043418
3 3.89 690.24 603.01 1074.77 0.043407
3 1510.39 40.02 1553.68 66.07 0.043375
3 977.34 157.48 1061.35 191.02 0.043188
3 1758.37 471.54 1877.30 631.78 0.043141
3 1484.52 187.11 1559.53 271.62 0.043140
3 349.42 105.02 436.96 199.46 0.043060
3 341.84 17.63 410.45 78.15 0.042969
4 349.73 189.56 379.26 237.89 0.042946
4 428.83 241.66 455.56 286.83 0.042939
3 1333.98 422.51 1406.67 485.72 0.042848
3 747.51 13.97 980.84 1075.33 0.042725
3 1336.61 438.13 1363.55 479.14 0.042677
3 1569.07 461.19 1878.97 634.13 0.042652
3 421.01 182.21 449.87 230.83 0.042616
3 738.66 6.31 1081.63 205.66 0.042601
4 119.22 155.26 166.06 193.98 0.042580
3 510.18 15.48 559.66 72.79 0.042570
3 1.93 0.75 349.88 866.50 0.042558
3 1266.42 964.03 1657.59 1071.03 0.042515
3 834.06 7.59 1495.74 1072.94 0.042506
3 977.78 212.49 1059.70 252.73 0.042503
4 126.85 716.01 274.05 821.68 0.042376
4 1515.61 0.13 1551.72 10.76 0.042275
3 1494.62 462.63 1722.82 656.57 0.042192
3 426.11 1.29 561.89 89.38 0.042173
3 1509.80 259.18 1903.33 553.57 0.042144
3 484.00 2.55 1901.90 1073.62 0.042062
4 1493.76 120.26 1589.93 243.42 0.041960
4 1335.55 435.40 1403.03 484.88 0.041882
3 1450.28 -0.02 1477.93 11.86 0.041866
3 1418.72 214.76 1440.11 240.62 0.041859
3 884.22 139.48 896.17 160.43 0.041716
3 0.53 153.19 88.04 426.02 0.041668
3 1036.41 461.89 1083.58 500.45 0.041636
3 502.61 703.97 575.66 737.97 0.041599
3 609.52 28.00 733.07 670.64 0.041471
3 1.76 4.10 537.78 848.52 0.041464
3 205.79 242.65 217.39 255.73 0.041446
3 1372.70 140.77 1407.65 161.60 0.041428
3 1180.34 731.81 1278.36 1057.93 0.041418
3 21.37 4.25 651.36 926.55 0.041385
4 1412.31 137.05 1478.44 193.88 0.041380
3 1491.94 119.14 1522.27 163.48 0.041302
3 958.29 75.52 1069.67 272.93 0.041300
4 950.56 822.55 970.42 854.08 0.041274
3 1121.41 504.33 1146.65 536.66 0.041186
3 1389.61 505.43 1406.66 530.29 0.041145
4 1389.54 505.22 1406.92 530.42 0.041133
3 1078.81 466.36 1113.44 496.14 0.041056
3 1043.39 565.01 1157.52 624.78 0.041036
4 180.61 0.21 214.36 31.88 0.040990
4 357.83 144.55 406.97 198.21 0.040957
4 247.12 237.99 329.24 275.44 0.040878
3 1684.79 467.75 1764.60 583.23 0.040796
3 5.77 114.20 717.59 1075.63 0.040693
3 1180.59 4.71 1904.42 683.35 0.040644
4 1009.91 -0.18 1089.13 31.27 0.040599
3 1762.10 472.46 1806.47 522.66 0.040558
3 1362.21 1.77 1400.70 59.81 0.040509
4 1107.66 430.88 1130.11 459.17 0.040385
4 1445.46 -0.32 1655.17 17.63 0.040376
4 1712.79 557.88 1788.99 604.46 0.040285
3 1268.76 476.73 1294.04 522.05 0.040242
3 945.10 819.58 974.14 858.63 0.040234
3 1495.76 459.57 1904.67 636.79 0.040188
3 1131.30 161.01 1153.98 188.32 0.039956
3 1371.68 141.25 1405.27 165.64 0.039922
3 90.09 374.51 518.29 900.07 0.039871
3 290.06 315.34 327.19 373.50 0.039837
3 508.41 3.66 532.19 57.74 0.039829
3 991.31 279.01 1209.31 857.79 0.039751
3 1021.41 389.38 1098.58 434.39 0.039604
3 1030.36 521.93 1278.26 1069.82 0.039596
3 1306.30 110.85 1676.09 395.52 0.039573
3 142.31 61.73 163.07 92.87 0.039475
3 223.65 34.77 276.39 70.18 0.039465
3 1363.38 0.59 1398.20 37.48 0.039459
3 1368.01 280.55 1391.66 314.44 0.039445
4 289.50 316.88 383.40 397.19 0.039343
4 1799.97 148.03 1827.61 181.55 0.039268
3 1295.26 645.81 1316.01 681.81 0.039258
4 657.05 160.07 682.28 183.53 0.039216
3 910.85 431.38 929.61 482.68 0.039183
3 1178.42 242.17 1203.37 285.80 0.039180
3 1148.80 239.15 1171.31 281.38 0.039171
3 1394.58 -0.11 1416.85 35.09 0.039147
4 1137.01 91.22 1161.39 126.70 0.039143
4 108.86 644.75 149.78 678.42 0.039142
3 1299.50 110.33 1686.53 721.40 0.039034
3 938.91 -0.19 1009.23 3.61 0.038919
3 124.38 178.91 146.81 199.04 0.038908
4 457.67 0.03 488.60 21.55 0.038879
4 1255.92 310.29 1276.17 347.87 0.038809
4 1307.15 -0.03 1403.29 42.74 0.038789
3 1708.06 521.25 1764.18 582.05 0.038756
3 2.70 3.57 492.69 1067.69 0.038737
3 1275.63 636.22 1912.02 1060.38 0.038736
3 336.60 970.66 394.91 1037.83 0.038649
4 636.26 67.50 677.50 120.85 0.038537
3 1270.42 61.03 1912.12 1075.97 0.038533
3 975.99 214.47 1010.84 252.43 0.038479
3 1036.14 461.13 1062.06 499.53 0.038446
4 141.30 35.61 253.35 89.45 0.038300
3 814.99 35.87 837.23 56.31 0.038266
3 477.41 0.85 561.71 73.48 0.038205
3 338.72 148.58 365.54 176.98 0.038204
3 936.35 0.66 1031.34 39.45 0.038084
3 1496.37 344.41 1771.25 592.08 0.038049
3 1483.77 0.22 1516.70 12.52 0.038009
3 1403.08 101.80 1911.45 1031.74 0.037952
3 1134.76 1.60 1695.63 994.18 0.037941
4 506.17 707.49 541.73 729.74 0.037896
3 2.38 3.69 360.61 1069.68 0.037853
4 1035.92 462.42 1066.42 499.11 0.037782
3 1468.46 39.78 1554.75 68.74 0.037756
3 1048.07 508.80 1144.95 544.31 0.037736
3 529.27 792.03 599.84 843.28 0.037728
4 1229.79 504.67 1261.26 539.99 0.037669
4 752.69 -0.17 839.97 7.22 0.037667
3 1442.72 133.24 1513.42 194.77 0.037559
4 1782.25 297.57 1807.56 327.88 0.037552
3 926.86 708.99 978.19 1074.27 0.037551
3 1422.54 258.44 1452.71 287.34 0.037539
3 1195.68 286.76 1213.90 323.81 0.037486
3 1227.34 97.09 1912.81 1057.40 0.037485
3 1580.98 341.73 1677.97 474.12 0.037471
3 207.11 192.65 246.48 226.52 0.037428
3 327.66 104.54 384.84 234.46 0.037374
3 1300.21 153.30 1311.07 179.25 0.037258
3 1022.56 10.18 1041.48 36.73 0.037242
3 505.44 706.97 544.15 729.02 0.037161
3 577.94 847.75 624.80 898.82 0.037137
3 1551.99 180.75 1590.89 244.78 0.037043
3 1439.85 99.73 1481.37 192.39 0.037041
3 1130.50 208.97 1171.29 276.01 0.036892
3 1021.18 396.46 1068.09 434.10 0.036792
3 973.76 179.73 1052.52 218.91 0.036753
3 417.93 21.67 436.56 56.79 0.036750
3 1620.83 203.40 1671.31 260.23 0.036689
3 349.21 103.54 436.92 176.43 0.036677
4 1020.77 396.09 1076.35 435.35 0.036605
3 1596.24 346.41 1644.55 409.08 0.036597
3 29.90 371.98 603.79 910.10 0.036596
3 1369.53 281.73 1391.21 313.65 0.036503
4 25.14 108.02 57.04 125.40 0.036476
4 353.18 105.96 436.61 171.45 0.036464
3 1305.83 342.00 1406.60 485.02 0.036443
3 656.22 155.96 683.47 182.70 0.036302
3 289.46 234.93 472.27 414.87 0.036265
4 1120.64 504.65 1147.02 536.73 0.036020
3 1441.43 125.09 1651.02 326.65 0.036020
3 955.99 77.91 1032.70 118.97 0.035926
3 290.43 240.20 347.47 298.89 0.035918
4 509.72 17.04 558.99 72.58 0.035918
4 208.16 136.94 274.18 224.65 0.035914
3 1831.24 98.04 1860.32 128.89 0.035911
3 52.27 623.77 196.06 682.45 0.035882
4 376.41 327.03 465.52 414.51 0.035818
3 1235.72 353.39 1258.91 393.71 0.035769
3 384.07 19.72 411.00 80.37 0.035744
3 1005.16 358.58 1101.21 438.40 0.035633
4 169.93 -0.09 233.96 7.58 0.035591
4 550.96 0.08 576.43 22.53 0.035576
3 521.03 741.79 571.00 776.94 0.035573
3 1839.21 194.69 1870.21 222.60 0.035567
4 257.59 722.50 361.34 826.69 0.035546
3 1000.67 356.34 1098.83 408.79 0.035494
3 1.74 857.75 372.42 1075.68 0.035455
3 432.03 694.49 606.45 1075.15 0.035444
3 1149.29 240.23 1170.83 279.91 0.035391
4 323.23 275.86 355.59 334.47 0.035378
3 507.66 5.93 531.20 58.27 0.035358
4 1718.32 302.42 1738.40 324.31 0.035358
3 1012.35 264.29 1040.72 306.74 0.035225
3 1013.18 0.28 1088.48 31.55 0.035188
4 657.05 568.01 692.02 591.74 0.035160
3 1117.58 737.63 1248.74 869.67 0.035140
3 1301.15 100.16 1473.96 180.91 0.035135
3 1142.50 11.73 1818.29 853.21 0.035134
4 1047.88 185.56 1067.40 212.20 0.035095
4 350.43 105.16 383.03 166.83 0.035090
4 1269.64 477.08 1293.79 519.10 0.035051
3 1044.43 -0.22 1088.41 20.16 0.035048
3 659.31 586.58 701.42 627.57 0.034999
3 1193.05 62.38 1242.67 149.05 0.034963
3 393.03 14.79 432.01 43.05 0.034933
3 1302.45 102.98 1910.36 659.96 0.034920
3 0.25 212.84 40.19 289.05 0.034913
3 1275.47 962.77 1648.78 1061.99 0.034879
3 1820.39 533.68 1875.96 596.19 0.034839
3 608.99 18.09 741.15 668.95 0.034819
3 1095.69 460.59 1907.91 1074.39 0.034735
4 617.91 989.37 668.76 1031.06 0.034710
3 1039.16 554.40 1182.32 736.16 0.034702
3 1186.38 738.48 1248.65 873.86 0.034681
3 1054.55 19.65 1096.43 311.85 0.034646
3 1129.71 209.20 1161.21 247.46 0.034645
4 1293.39 646.53 1316.28 694.75 0.034643
3 955.07 840.08 1267.96 1074.28 0.034582
3 1573.66 344.38 1876.22 634.87 0.034539
3 1127.57 7.78 1432.39 955.84 0.034531
4 1442.10 136.52 1521.13 232.00 0.034491
3 1120.07 271.80 1138.66 299.97 0.034476
3 356.22 144.70 407.24 199.31 0.034431
4 1048.29 518.29 1134.74 544.68 0.034427
3 637.28 57.55 734.97 407.45 0.034411
3 325.41 150.68 368.92 204.24 0.034383
3 612.33 382.56 643.88 407.16 0.034374
4 677.65 246.17 699.83 266.95 0.034311
3 974.12 209.13 1064.26 259.03 0.034226
4 281.69 107.98 493.37 416.76 0.034189
3 139.34 479.16 252.86 573.06 0.034134
3 971.30 200.34 1272.80 1070.49 0.034134
4 -0.02 216.94 30.16 287.90 0.034123
3 871.34 16.27 885.00 37.49 0.034095
3 50.79 620.75 216.51 717.57 0.034033
3 1192.37 66.63 1222.88 104.98 0.034024
3 1417.74 214.50 1441.19 242.39 0.033985
3 1130.40 207.04 1161.59 248.46 0.033964
3 1491.31 525.53 1508.16 554.08 0.033926
4 477.29 46.01 524.69 91.06 0.033898
3 1080.54 465.37 1114.72 496.42 0.033889
4 1011.41 375.71 1094.68 408.36 0.033873
3 694.57 98.54 896.24 603.97 0.033851
3 20.76 622.53 311.80 767.25 0.033809
3 1049.87 620.09 1158.05 668.01 0.033747
3 689.18 430.89 714.64 513.10 0.033719
3 1332.14 435.24 1362.37 478.48 0.033637
3 383.55 30.17 444.69 98.98 0.033634
3 387.21 13.03 433.83 43.36 0.033532
3 1553.87 580.24 1911.96 1076.22 0.033521
3 973.12 114.74 1062.30 156.71 0.033517
3 1035.00 460.26 1061.16 499.94 0.033504
4 1494.26 119.65 1522.43 160.05 0.033489
4 121.48 2.02 263.15 89.39 0.033479
3 1667.08 29.63 1691.36 50.62 0.033340
4 290.09 239.20 346.55 299.17 0.033339
3 1302.32 342.98 1334.77 395.06 0.033260
3 1058.35 4.28 1446.80 790.62 0.033246
4 960.93 82.04 995.18 115.57 0.033203
3 687.54 809.75 712.23 856.63 0.033147
4 26.79 473.61 90.10 537.30 0.033089
3 1708.28 537.97 1737.80 573.80 0.033036
4 1443.53 136.23 1470.26 168.13 0.033000
4 336.45 970.85 396.16 1039.45 0.032998
3 970.86 155.10 1065.23 200.55 0.032957
4 1419.05 214.97 1442.30 240.20 0.032935
3 0.43 105.80 57.66 133.24 0.032912
3 1807.13 246.39 1837.28 277.79 0.032898
3 1076.59 623.92 1103.19 657.30 0.032881
3 232.62 243.09 320.58 297.20 0.032871
4 1419.41 256.28 1452.73 286.54 0.032870
4 966.02 0.79 1906.31 1070.71 0.032845
3 116.67 0.29 278.97 76.34 0.032769
3 1454.67 461.28 1658.83 564.77 0.032765
4 883.80 139.35 895.99 160.16 0.032673
4 1020.77 386.21 1098.26 435.11 0.032617
3 1362.70 0.60 1426.81 39.94 0.032591
3 286.95 170.30 574.58 437.06 0.032578
3 1190.68 60.63 1242.99 151.35 0.032568
4 1509.42 261.32 1539.59 307.61 0.032548
3 615.88 784.67 648.12 851.93 0.032529
3 1396.84 -0.34 1414.33 30.94 0.032510
3 1222.36 555.08 1245.51 601.55 0.032492
3 16.44 0.54 131.33 48.61 0.032435
3 14.41 98.44 609.76 917.10 0.032426
3 429.68 240.43 458.16 285.78 0.032418
3 875.90 146.48 894.96 210.94 0.032405
3 10.91 687.99 498.39 916.62 0.032399
4 692.56 350.96 719.38 380.28 0.032330
4 514.96 0.01 538.63 15.74 0.032330
3 848.03 2.36 875.41 26.73 0.032325
4 584.90 895.90 639.63 949.16 0.032302
3 547.09 255.30 720.60 1072.26 0.032262
3 223.21 33.57 277.45 72.52 0.032174
3 1001.54 292.77 1273.09 1070.78 0.032155
3 1234.46 352.10 1259.34 393.78 0.032111
3 686.19 788.24 715.90 860.49 0.032083
3 126.93 479.43 189.26 613.48 0.032082
3 434.22 241.60 494.34 314.87 0.031967
3 1614.58 924.51 1666.55 984.55 0.031947
4 1118.20 272.02 1139.06 299.72 0.031908
3 341.65 230.39 472.25 366.35 0.031902
4 652.47 125.98 684.38 158.22 0.031889
3 3.52 40.47 170.86 132.61 0.031875
3 989.58 291.24 1122.48 504.01 0.031858
3 1202.49 857.18 1270.15 1058.65 0.031827
3 1369.80 136.84 1447.88 230.55 0.031740
3 1107.68 431.19 1129.51 462.34 0.031576
4 1551.51 181.24 1590.62 242.16 0.031496
3 1100.20 578.11 1910.18 1074.24 0.031454
3 22.36 645.37 151.41 764.77 0.031425
3 1220.85 553.52 1246.13 601.92 0.031397
4 1129.84 209.22 1171.23 274.52 0.031385
3 1118.45 844.44 1206.66 869.47 0.031352
3 951.63 68.45 1084.69 314.33 0.031351
3 1713.48 558.93 1787.89 605.90 0.031327
3 128.11 479.03 253.05 633.59 0.031326
3 1583.89 0.16 1623.28 19.12 0.031274
3 1469.15 46.41 1493.46 66.85 0.031180
3 1312.78 41.82 1911.33 1073.64 0.031171
3 52.18 624.36 209.78 685.90 0.031139
3 1360.09 1.80 1395.88 55.89 0.031138
3 1224.64 0.03 1432.62 62.63 0.031135
4 1762.30 472.44 1806.33 522.54 0.031124
4 350.16 105.53 437.14 198.77 0.031104
3 290.12 238.25 350.54 300.23 0.031057
3 1494.04 119.84 1524.98 181.71 0.030998
3 1331.67 435.65 1356.91 476.54 0.030990
3 1536.70 917.01 1671.46 999.88 0.030972
4 457.95 0.39 515.16 49.36 0.030957
3 1542.61 471.12 1912.16 1072.32 0.030943
3 1106.05 785.49 1907.23 1074.67 0.030923
4 1000.97 79.91 1028.94 111.72 0.030846
3 1025.16 508.87 1217.61 881.26 0.030845
3 282.21 118.37 640.11 433.87 0.030818
3 1245.98 461.48 1910.57 1071.62 0.030816
3 1055.59 2.76 1445.07 878.95 0.030797
3 1421.72 133.47 1912.94 1069.69 0.030792
3 205.50 242.31 217.75 256.03 0.030719
4 1187.46 741.04 1247.22 829.71 0.030612
3 1363.63 0.93 1406.55 34.35 0.030610
3 473.08 -0.13 573.94 21.71 0.030600
3 1362.55 0.17 1418.97 37.23 0.030575
3 674.80 689.44 698.35 731.66 0.030518
3 278.00 103.76 435.54 238.75 0.030477
3 842.63 163.22 935.92 711.06 0.030394
3 1002.18 362.04 1054.29 404.30 0.030359
4 1468.65 47.34 1492.77 66.81 0.030328
4 544.41 -0.20 587.96 6.08 0.030328
3 419.28 181.25 488.51 268.21 0.030299
4 633.62 265.33 654.46 291.18 0.030293
3 1539.44 922.20 1667.99 999.36 0.030267
4 1228.99 0.40 1295.83 46.09 0.030266
3 674.69 935.34 950.67 1075.01 0.030242
3 125.82 179.09 146.70 198.89 0.030205
4 975.52 159.79 1057.05 198.52 0.030182
3 666.46 667.96 972.96 1073.85 0.030105
3 1013.23 240.27 1044.06 307.76 0.030072
3 1185.73 742.48 1213.72 811.14 0.030069
3 1061.01 721.04 1197.74 810.49 0.030062
3 639.87 31.22 667.32 63.35 0.030058
