4 513.01 335.88 565.80 452.28 0.528089
3 513.38 336.05 565.22 451.81 0.509317
4 703.69 144.30 751.63 256.17 0.505370
4 706.33 658.94 755.71 780.72 0.497858
4 707.06 398.02 757.47 516.41 0.496625
4 703.36 815.38 758.03 943.64 0.490211
3 703.91 144.49 751.22 255.78 0.490052
3 706.46 659.06 755.40 780.48 0.481408
4 492.24 544.43 544.17 661.84 0.480702
3 703.50 815.50 757.82 943.21 0.477924
3 707.42 398.10 757.11 516.03 0.475219
3 492.51 544.48 543.81 661.47 0.465271
4 488.19 839.38 540.72 958.97 0.454118
5 512.74 335.47 566.11 452.48 0.450537
4 404.07 439.48 457.79 548.21 0.449379
3 488.27 839.45 540.22 958.59 0.433424
3 404.35 439.58 457.14 547.94 0.430825
5 703.38 144.09 751.94 256.34 0.428112
5 706.82 397.88 757.98 516.63 0.409367
4 492.01 681.48 541.95 797.95 0.403899
1 702.23 814.43 758.95 944.43 0.403423
5 703.10 815.12 758.36 943.70 0.400681
5 706.05 658.97 756.28 780.78 0.397840
1 511.45 335.08 567.41 453.27 0.397673
5 491.89 544.32 543.99 661.96 0.397402
1 705.21 658.09 757.01 781.11 0.390858
4 700.63 275.76 749.89 380.81 0.386542
3 492.29 681.60 541.56 797.46 0.384469
1 705.74 397.41 758.68 517.24 0.379575
1 491.30 543.07 546.04 662.61 0.377904
1 702.24 143.65 752.92 257.12 0.370081
3 700.87 276.15 748.97 380.33 0.369158
5 403.99 439.33 457.56 548.26 0.364828
1 486.37 839.12 542.04 960.47 0.359740
4 407.67 594.21 457.22 673.78 0.355894
5 487.98 839.24 541.02 959.31 0.354784
1 402.13 438.99 458.82 549.20 0.344053
6 513.21 335.67 565.81 452.02 0.342291
1 490.89 681.13 543.21 798.90 0.342262
6 703.80 144.23 751.52 255.83 0.321573
3 407.88 595.15 456.89 673.37 0.320004
5 491.78 681.35 542.24 798.19 0.306306
1 699.05 274.71 751.05 381.79 0.301935
5 700.62 276.17 749.72 380.57 0.297373
1 405.56 547.57 482.73 675.19 0.295477
6 707.33 398.03 757.42 516.07 0.294262
6 703.47 815.27 757.62 943.31 0.294200
3 402.50 438.54 458.90 549.22 0.289707
4 407.42 551.18 459.48 673.93 0.288466
6 706.72 658.97 755.82 780.35 0.280921
4 710.17 37.46 755.12 124.01 0.277473
6 492.46 544.12 543.98 661.55 0.275988
6 404.42 439.55 457.24 547.71 0.270174
3 268.52 794.47 347.18 858.00 0.270170
2 29.15 2.21 801.92 1047.00 0.270062
3 710.46 38.23 754.77 123.48 0.268232
5 407.39 594.36 457.32 674.16 0.267355
3 699.78 275.33 751.78 381.33 0.257829
3 407.84 550.89 460.10 673.37 0.253179
4 269.62 795.13 327.42 851.26 0.252336
2 702.56 814.60 759.15 944.12 0.248281
2 511.70 335.15 567.31 453.02 0.243095
6 488.65 839.63 540.42 958.55 0.242441
2 705.52 658.05 757.10 780.94 0.240349
2 491.36 542.93 546.13 662.74 0.232646
3 406.19 547.30 482.07 674.79 0.232188
2 702.56 143.85 752.98 257.05 0.228943
3 269.62 795.38 326.66 852.58 0.226209
2 706.00 397.65 758.55 516.85 0.222307
4 516.05 0.91 561.87 75.52 0.222053
3 368.33 430.00 488.48 548.59 0.216330
5 407.41 550.72 460.07 674.27 0.213318
6 700.93 276.28 749.82 379.90 0.213267
2 180.21 6.67 780.31 1046.32 0.213058
4 268.08 794.05 347.35 857.83 0.211921
2 10.60 1.43 1369.93 1048.08 0.206898
5 709.74 37.08 755.50 124.18 0.205862
2 402.29 438.75 459.16 549.04 0.199351
2 405.73 546.71 483.73 675.23 0.196111
2 486.66 839.33 541.79 960.22 0.191611
1 368.16 430.32 489.81 550.07 0.189976
3 28.84 1.74 810.26 1047.63 0.187351
6 407.82 595.20 457.08 673.64 0.185652
2 491.09 680.96 543.39 798.58 0.184227
6 17.56 0.94 1293.73 1048.83 0.180708
3 367.94 409.34 495.03 548.67 0.177336
6 492.14 681.63 541.73 797.19 0.177026
4 307.56 209.27 348.12 234.10 0.176685
3 516.52 0.90 561.55 75.16 0.172673
4 170.97 963.66 216.16 1048.15 0.171046
3 1008.63 883.76 1238.95 1047.64 0.167097
5 267.32 793.91 338.05 857.44 0.165937
1 406.69 594.91 458.40 674.88 0.164041
6 407.71 549.93 459.84 673.51 0.162083
2 699.60 275.84 752.05 381.49 0.160492
4 1120.19 77.61 1157.46 190.65 0.160452
1 708.44 34.09 756.69 124.52 0.158805
6 710.16 37.44 755.35 123.37 0.156682
4 367.95 430.13 492.04 549.14 0.156571
3 160.35 2.40 780.33 1045.45 0.156123
3 1008.47 891.02 1068.37 1046.98 0.153308
5 26.25 1.75 820.73 1047.64 0.152789
3 17.67 1.59 1294.79 1047.92 0.151678
5 515.25 0.67 562.50 76.21 0.151477
4 369.96 13.42 774.35 977.51 0.149529
3 206.35 2.51 794.58 1046.51 0.149405
3 237.70 211.91 285.17 275.53 0.148743
3 233.45 189.42 438.31 275.77 0.146215
4 34.02 0.89 814.66 1048.63 0.145694
6 26.45 0.74 824.24 1049.26 0.145644
3 178.19 874.87 224.66 952.53 0.143037
3 171.25 964.19 215.98 1047.98 0.142742
4 177.13 874.59 224.38 953.17 0.142099
3 363.83 7.03 771.91 1042.35 0.140201
1 199.12 4.56 780.59 1046.97 0.138498
3 368.03 438.59 461.45 548.24 0.138388
2 803.33 1.44 1285.19 1047.09 0.134223
6 1121.46 85.15 1157.53 190.67 0.132690
5 269.52 795.47 323.72 848.60 0.132649
3 708.64 34.22 756.22 123.88 0.131841
4 369.49 4.66 778.45 1045.52 0.131796
3 307.70 209.05 346.08 233.24 0.131786
3 1120.71 78.81 1156.88 190.32 0.131724
6 266.87 793.75 344.06 857.74 0.131446
1 234.04 208.85 286.71 280.59 0.131088
4 402.91 430.89 488.22 548.35 0.131029
2 365.31 9.30 773.67 1044.92 0.130141
2 267.18 793.17 348.51 859.12 0.128301
3 367.44 471.15 398.58 499.37 0.128232
5 1123.05 83.17 1157.83 190.19 0.127120
3 304.61 189.15 360.06 245.35 0.124243
1 514.23 0.62 563.57 78.42 0.123976
5 14.84 1.74 1295.16 1047.31 0.121578
3 379.04 198.64 402.63 224.95 0.120994
3 449.42 23.50 501.88 113.89 0.120137
3 378.73 198.66 436.79 273.66 0.118778
3 395.74 234.57 421.18 273.89 0.118734
6 270.36 795.43 325.41 847.83 0.117235
4 1009.21 880.12 1239.34 1047.97 0.116930
3 697.79 29.39 765.61 948.93 0.116355
5 170.62 963.26 216.53 1047.53 0.115547
3 234.21 208.53 286.66 280.14 0.115289
3 269.69 795.46 320.06 850.85 0.114940
4 370.82 322.07 765.54 965.27 0.114938
3 700.57 32.14 762.37 944.97 0.114413
3 404.06 429.68 488.11 546.95 0.114339
6 700.39 25.27 762.38 946.16 0.113440
6 483.86 1.39 776.23 1046.34 0.113312
6 516.09 0.88 562.12 75.66 0.112014
1 401.51 429.54 489.75 549.12 0.111566
3 232.05 189.21 501.88 278.81 0.110762
3 366.38 9.44 767.09 975.11 0.110205
2 368.15 424.48 491.51 550.30 0.110185
1 287.47 425.80 325.12 474.82 0.110123
6 378.63 2.41 798.18 1047.32 0.108930
5 367.82 429.62 491.38 549.72 0.108689
3 235.46 195.42 296.14 275.40 0.108084
3 314.67 0.58 356.52 35.10 0.108012
3 373.52 134.52 770.74 971.65 0.107580
4 1118.15 92.46 1157.16 190.30 0.107570
2 1149.30 1.07 1285.60 1046.04 0.107451
1 217.47 207.93 290.29 314.37 0.107168
4 700.87 31.77 762.03 945.03 0.107058
5 176.84 873.99 224.25 953.67 0.106748
1 27.30 1.97 801.13 1047.16 0.106143
4 395.60 234.32 420.48 273.81 0.103639
4 378.97 198.81 402.59 224.82 0.103412
6 218.15 2.26 814.12 1047.53 0.103075
4 17.03 0.27 1297.04 1049.18 0.102752
3 275.25 731.73 350.04 781.91 0.102374
3 289.35 427.65 322.34 472.85 0.098865
3 378.35 198.24 501.53 276.15 0.098771
5 406.56 547.03 481.35 675.11 0.097967
5 375.34 1.60 792.35 1048.06 0.097610
1 267.50 793.22 348.79 858.83 0.097315
6 171.07 963.73 216.19 1047.59 0.097109
3 470.05 229.54 502.15 272.41 0.096739
4 406.83 547.03 482.52 674.83 0.095332
6 407.16 547.13 481.50 674.36 0.095149
2 697.21 29.83 766.66 955.25 0.093851
1 268.54 793.88 330.18 854.61 0.092975
3 449.94 407.42 496.99 473.59 0.092063
3 307.71 99.52 330.79 137.23 0.091454
5 402.49 431.27 489.01 549.14 0.091451
3 367.78 16.19 564.32 964.57 0.090890
4 305.43 189.98 351.13 236.04 0.090580
4 239.80 214.62 285.68 275.44 0.090427
3 698.38 133.60 764.92 947.63 0.089171
5 217.82 3.49 808.00 1046.70 0.089024
2 287.37 425.56 324.87 474.67 0.087709
1 366.33 470.00 400.72 501.38 0.087679
3 36.49 874.84 225.92 1048.33 0.087376
4 257.14 194.08 298.49 229.58 0.087263
2 181.55 7.37 542.97 1045.85 0.087178
4 1143.68 882.53 1236.33 986.19 0.086642
3 105.10 0.21 182.65 134.13 0.086522
4 368.32 438.15 463.74 548.30 0.085923
4 200.72 2.34 793.91 1046.32 0.085605
2 172.74 143.27 774.87 1041.51 0.085385
3 456.37 122.93 499.55 160.11 0.084974
3 514.82 0.80 563.25 77.86 0.084940
3 368.64 320.71 766.13 964.28 0.084860
3 245.49 0.09 357.25 45.25 0.084825
4 309.25 829.48 348.82 857.07 0.084390
5 482.37 3.48 774.38 1044.97 0.084278
3 245.58 -0.17 303.02 51.73 0.084026
3 1116.49 76.20 1160.00 253.07 0.083820
3 309.26 831.00 347.92 856.82 0.083246
1 367.81 9.26 775.16 1044.16 0.082839
5 698.90 22.44 764.98 947.32 0.082642
1 697.52 133.62 765.83 948.18 0.082640
3 232.26 414.13 321.93 474.65 0.082469
2 698.27 137.25 764.69 949.23 0.082337
4 41.45 937.17 218.03 1048.63 0.082255
3 170.63 874.72 225.79 1046.81 0.082223
1 468.28 227.55 501.47 273.93 0.082133
6 177.87 874.44 224.65 952.66 0.081344
3 366.48 470.49 400.92 501.11 0.081330
2 105.71 0.36 183.68 133.45 0.081154
2 708.00 34.34 756.81 124.53 0.081079
2 227.94 188.15 504.65 282.44 0.080869
3 40.94 935.46 218.14 1048.49 0.080388
5 372.65 316.66 773.40 972.71 0.080126
6 372.07 325.49 771.47 965.19 0.080098
4 315.43 0.29 358.96 34.99 0.079936
2 406.69 594.74 458.84 674.92 0.079743
4 470.06 228.61 501.13 272.72 0.079704
3 211.53 12.04 767.08 976.17 0.079434
4 268.25 796.13 307.36 846.19 0.079221
3 451.23 83.49 490.65 113.57 0.079086
5 72.19 439.80 140.93 656.80 0.078723
1 216.00 203.98 399.85 329.93 0.078682
3 449.86 41.01 498.02 113.47 0.078634
4 1190.22 889.15 1236.35 981.87 0.078388
2 802.25 -0.25 1390.97 1047.58 0.078352
3 146.36 137.01 775.96 993.93 0.078106
5 706.73 844.68 754.16 940.70 0.078097
5 19.46 381.96 231.59 1047.88 0.078060
1 368.72 311.18 767.85 971.71 0.077709
1 21.26 2.17 1293.81 1048.16 0.077458
6 367.79 425.61 492.75 549.44 0.077370
3 444.73 426.69 493.34 542.56 0.077274
5 368.07 437.76 465.16 548.56 0.077050
5 376.70 128.57 777.44 977.64 0.076958
3 1144.84 882.42 1236.52 987.11 0.076707
2 217.24 207.53 291.08 313.48 0.076653
2 231.27 209.38 287.23 281.24 0.076630
5 105.41 0.28 182.15 133.18 0.076102
3 700.50 141.93 759.26 516.29 0.076020
6 15.39 381.96 231.13 1048.20 0.076005
3 197.27 874.76 226.06 949.70 0.075970
1 367.98 427.57 494.04 676.10 0.075579
3 378.96 687.23 486.23 744.46 0.074951
6 402.60 430.53 488.43 548.48 0.074430
3 1190.82 889.09 1236.39 982.04 0.074346
3 378.87 198.62 436.50 246.40 0.074292
4 396.36 226.40 438.05 275.45 0.074030
3 255.79 194.42 297.94 230.98 0.073617
1 697.41 30.00 768.20 952.13 0.073477
3 268.26 796.27 307.86 851.30 0.073455
3 182.45 830.94 207.78 927.51 0.073417
1 277.97 730.85 351.48 783.38 0.073276
6 121.27 50.96 783.83 971.40 0.073257
3 446.43 430.15 491.84 539.90 0.072506
3 470.71 228.88 500.68 272.30 0.072435
1 105.49 0.22 183.24 133.43 0.072355
1 447.72 23.33 503.86 115.41 0.072242
5 700.97 137.55 761.10 943.56 0.072201
6 1146.08 0.23 1285.50 1047.59 0.071683
1 229.77 411.83 271.22 470.24 0.071504
3 287.89 426.31 324.16 474.02 0.071283
3 308.62 189.45 354.67 208.40 0.071231
1 306.01 97.96 332.52 138.86 0.071203
2 1012.96 1.90 1282.84 1046.75 0.071151
5 222.77 166.04 775.16 978.66 0.071119
2 31.23 3.19 542.54 1046.53 0.070995
3 1145.32 0.60 1285.55 1046.91 0.070700
1 445.48 427.87 493.57 542.36 0.070528
4 447.09 430.59 492.79 540.12 0.070447
3 701.84 329.63 745.78 380.00 0.069592
5 149.33 786.58 214.90 958.17 0.069522
2 367.61 421.54 494.78 676.85 0.069510
3 212.37 1.12 509.09 281.38 0.069152
4 140.43 944.80 217.47 1048.55 0.069035
2 368.87 17.88 552.24 1041.23 0.069012
3 395.87 229.38 435.65 274.90 0.068923
2 697.07 18.46 768.80 1045.58 0.068888
4 1114.68 115.35 1140.32 190.20 0.068733
1 194.82 873.88 227.06 955.98 0.068722
3 217.88 226.60 400.05 329.35 0.068691
6 1010.69 2.27 1285.97 1046.74 0.068578
1 394.71 233.06 424.09 275.80 0.068326
3 449.27 20.77 503.19 159.47 0.067949
4 1116.84 75.17 1160.61 253.77 0.067841
3 150.88 796.37 187.81 957.62 0.067658
1 801.70 -0.19 1281.48 1048.39 0.067631
3 240.19 214.71 285.54 275.44 0.067126
6 222.09 154.79 780.22 992.61 0.067000
2 149.74 800.55 188.84 957.08 0.066628
3 367.17 409.63 551.10 962.68 0.066383
4 184.34 831.64 207.10 881.41 0.066380
6 368.24 438.23 463.80 548.11 0.066162
6 39.01 936.21 219.13 1048.61 0.066049
1 170.90 962.19 217.50 1047.00 0.065968
3 217.76 202.35 292.97 317.94 0.065866
3 367.81 424.64 491.09 675.06 0.065780
3 801.11 -0.17 1285.99 1048.18 0.065570
4 106.45 0.31 181.57 133.03 0.065550
3 306.78 209.11 367.64 251.49 0.065450
3 200.03 874.97 225.63 942.52 0.065343
2 485.92 6.35 770.91 1045.68 0.065306
1 699.17 141.03 760.63 518.03 0.065269
2 366.24 470.46 400.67 501.18 0.064932
3 72.96 440.35 140.19 656.29 0.064913
4 33.36 874.91 224.76 1048.44 0.064830
1 458.26 704.22 484.39 745.34 0.064811
1 377.80 197.56 404.31 226.43 0.064783
6 687.38 128.93 771.24 272.78 0.064560
1 483.87 5.75 767.31 1044.02 0.064488
6 800.08 0.15 1286.73 1048.63 0.064470
5 150.25 795.35 188.04 957.72 0.064370
3 21.46 387.65 235.74 1048.40 0.064249
5 307.22 208.44 346.72 234.57 0.064184
2 215.36 195.04 400.90 329.11 0.064136
3 396.03 224.14 499.92 276.46 0.063990
3 702.96 279.43 741.97 376.46 0.063672
3 215.99 197.35 399.97 329.43 0.063591
4 241.81 188.75 439.04 275.73 0.063401
2 210.79 184.20 506.94 327.74 0.063251
3 231.24 414.25 272.78 469.28 0.063227
3 304.52 188.36 350.82 234.87 0.062937
3 315.46 0.16 357.88 34.37 0.062673
4 378.39 198.79 431.97 274.14 0.062582
4 1125.74 69.68 1149.72 121.30 0.062539
4 307.72 99.04 330.87 136.99 0.062534
1 367.29 134.62 773.21 984.45 0.062101
3 459.69 706.99 482.49 743.30 0.061993
4 278.46 200.02 298.92 228.57 0.061891
3 218.77 686.51 241.06 717.40 0.061672
4 1009.53 784.41 1241.47 1047.85 0.061419
3 701.15 36.46 760.57 516.58 0.061327
5 1117.32 75.19 1162.05 255.60 0.061060
5 700.30 140.71 760.13 517.49 0.060893
6 707.05 845.51 752.54 939.46 0.060855
6 105.99 0.35 181.75 133.34 0.060425
6 493.70 317.67 589.24 470.14 0.060368
5 1190.75 889.17 1236.87 982.36 0.060297
2 275.67 730.21 351.67 784.01 0.060288
2 366.96 318.44 767.26 968.29 0.060266
6 1117.65 81.26 1161.25 254.31 0.060181
4 198.30 874.83 225.70 939.20 0.060098
3 699.17 271.21 758.78 382.90 0.060078
1 71.18 439.70 141.93 656.05 0.059933
2 514.28 0.76 563.17 79.13 0.059865
3 184.86 831.88 207.12 880.62 0.059719
2 364.48 303.47 770.20 1024.73 0.059079
4 370.96 263.31 772.83 969.43 0.059025
1 387.75 947.74 507.69 1047.74 0.058804
1 378.90 688.20 485.90 745.20 0.058677
2 446.49 19.33 507.02 162.48 0.058643
1 69.41 430.90 216.56 659.36 0.058587
3 378.18 198.03 404.07 226.17 0.058558
4 1139.21 883.27 1238.17 1044.87 0.058509
2 269.08 794.46 323.54 853.06 0.058450
2 447.59 20.63 504.65 115.42 0.058318
3 183.16 787.90 213.23 928.69 0.058185
3 284.68 805.67 305.53 840.86 0.057878
3 468.75 227.84 501.62 273.57 0.057790
3 150.87 791.58 212.83 957.35 0.057631
2 468.03 227.29 501.40 273.84 0.057598
6 147.60 740.57 218.24 960.67 0.057537
5 238.03 209.69 286.03 276.61 0.057492
4 702.04 328.44 746.05 380.78 0.057488
4 484.80 3.52 769.45 1044.57 0.057409
6 1009.66 879.34 1240.20 1047.57 0.057408
3 216.10 187.07 502.65 325.17 0.057395
3 454.23 39.43 498.64 79.33 0.057386
4 72.87 440.78 140.29 656.37 0.057302
3 150.32 874.37 224.44 969.02 0.057298
3 1114.83 115.60 1139.68 189.83 0.057184
1 1006.95 890.23 1072.25 1046.83 0.057093
6 286.76 808.73 304.62 838.40 0.057046
4 367.50 471.19 398.61 499.86 0.056979
3 1115.62 115.15 1156.27 190.24 0.056792
4 452.42 84.03 491.67 112.69 0.056758
3 1132.14 -0.35 1284.82 1047.87 0.056736
2 367.30 404.81 554.70 968.99 0.056694
1 700.85 326.48 746.41 381.30 0.056629
5 1009.11 878.96 1240.88 1047.57 0.056622
1 365.36 296.66 773.73 1032.18 0.056534
1 313.44 0.36 362.16 35.79 0.056522
1 367.59 420.05 552.43 965.89 0.056355
1 240.89 0.25 305.18 58.04 0.056310
2 69.15 431.06 216.13 659.77 0.056224
2 388.96 18.37 525.90 278.13 0.056179
3 282.58 799.16 309.31 841.94 0.055840
1 1007.98 879.67 1239.81 1047.44 0.055709
5 367.17 470.72 399.32 500.49 0.055621
3 217.86 210.69 288.23 305.07 0.055520
2 1008.92 831.87 1243.52 1047.29 0.055480
4 456.67 122.63 502.01 159.91 0.055443
2 1161.89 -0.51 1395.93 1047.73 0.055220
3 1009.27 0.72 1284.60 1047.90 0.055161
4 150.61 790.00 213.41 957.35 0.054890
5 1143.92 880.98 1236.90 989.55 0.054754
1 208.03 956.97 263.55 1047.16 0.054738
5 32.21 936.64 219.00 1048.32 0.054707
4 298.34 796.01 327.26 834.34 0.054612
3 709.08 35.12 802.30 125.90 0.054599
3 277.84 199.98 298.56 228.10 0.054467
2 1008.23 869.26 1241.71 1047.43 0.054339
1 366.30 18.30 555.54 1043.47 0.054314
1 219.29 228.10 399.67 329.40 0.053945
4 151.17 797.37 186.64 957.18 0.053847
6 149.69 789.77 214.14 956.32 0.053825
3 378.59 681.06 542.69 796.84 0.053808
6 1014.12 1.69 1162.16 271.26 0.053767
5 216.47 207.89 289.03 311.31 0.053763
3 216.41 206.52 291.71 315.77 0.053679
2 229.75 411.68 271.23 470.17 0.053345
3 364.24 904.02 385.10 936.43 0.053342
6 1189.66 888.92 1236.35 982.24 0.053252
1 454.96 121.49 501.21 161.60 0.053220
3 1009.80 785.65 1241.84 1047.66 0.053118
3 194.34 874.10 226.78 955.49 0.053020
4 449.95 40.76 498.25 113.72 0.052971
1 269.64 795.36 311.03 851.10 0.052910
5 71.08 432.57 215.72 659.66 0.052886
6 1144.83 880.72 1236.48 987.06 0.052881
3 149.19 754.36 217.11 960.93 0.052774
6 700.88 141.44 759.31 517.29 0.052685
3 1126.23 70.57 1150.27 122.04 0.052638
6 701.27 33.22 760.58 517.28 0.052487
3 239.50 193.92 298.22 239.05 0.052306
6 1115.11 3.16 1164.93 258.27 0.052205
4 216.37 209.55 289.91 318.84 0.052199
2 204.25 13.36 522.72 327.40 0.052141
6 308.09 209.65 346.62 233.32 0.052024
4 415.19 220.49 437.69 246.79 0.052004
4 701.12 141.72 759.64 517.65 0.051952
3 380.77 20.45 507.55 276.05 0.051824
3 251.33 192.41 353.55 237.78 0.051794
2 33.39 2.14 1144.52 1045.09 0.051763
3 1007.89 816.24 1270.33 1047.66 0.051597
2 800.97 2.84 1055.65 1046.50 0.051483
3 696.54 15.27 770.08 1043.80 0.051482
5 285.23 805.40 305.51 839.65 0.051345
3 128.67 978.47 176.03 1047.81 0.051035
3 396.46 223.93 442.86 275.03 0.050899
5 190.51 617.55 241.46 711.86 0.050846
5 184.30 831.27 207.39 882.95 0.050780
4 1008.93 891.32 1071.39 1047.49 0.050748
1 1008.70 839.09 1241.62 1047.20 0.050743
6 238.23 210.93 285.93 275.37 0.050720
2 171.40 962.83 217.35 1046.87 0.050652
3 448.34 20.50 503.66 114.83 0.050507
4 218.85 210.90 286.81 304.22 0.050414
4 701.64 276.47 740.24 336.22 0.050383
3 131.42 947.66 217.33 1048.46 0.050320
5 395.52 233.49 421.39 274.52 0.050288
4 364.68 158.62 775.57 972.89 0.050280
2 70.67 439.77 142.63 656.71 0.050272
1 150.14 800.96 188.57 957.58 0.050248
5 703.35 279.97 742.63 376.10 0.050198
1 266.35 731.30 353.25 858.96 0.050138
3 701.81 276.82 739.79 337.72 0.050001
3 311.16 190.13 354.73 208.13 0.049998
3 416.08 702.62 447.28 718.58 0.049937
6 376.47 122.26 773.82 963.86 0.049935
3 414.86 222.87 436.61 247.34 0.049926
1 305.56 207.66 349.43 235.65 0.049887
3 306.59 98.47 331.73 138.03 0.049818
5 182.18 786.70 212.99 929.41 0.049803
3 395.26 233.24 423.16 275.54 0.049759
1 701.09 656.78 761.53 944.80 0.049619
6 382.98 2.09 1283.02 1049.21 0.049606
6 41.90 876.28 225.09 1048.21 0.049500
1 483.49 133.49 767.83 977.79 0.049476
2 230.52 411.57 324.81 476.94 0.049383
3 193.54 618.78 242.45 713.24 0.049286
4 702.22 279.49 741.23 378.30 0.049246
4 146.85 873.77 224.19 986.78 0.049120
6 367.34 470.92 399.26 500.09 0.049017
3 366.73 14.12 561.15 1042.40 0.049010
4 243.99 0.06 303.97 53.11 0.049003
2 1010.02 781.32 1260.59 1046.95 0.048877
1 446.48 404.69 497.12 478.19 0.048874
2 454.18 121.54 502.22 161.84 0.048764
2 1006.78 890.34 1072.05 1046.43 0.048695
2 1117.70 868.36 1240.97 1045.55 0.048673
5 143.00 442.84 215.53 637.34 0.048600
3 298.59 795.81 326.34 834.22 0.048566
6 63.03 3.67 1081.55 1046.71 0.048499
1 303.99 189.02 356.35 236.70 0.048391
1 446.59 20.38 506.18 161.45 0.048335
3 367.36 417.16 496.25 753.33 0.048247
1 1121.87 873.59 1240.09 1045.32 0.048143
1 1143.40 0.45 1285.25 1046.93 0.048084
2 75.57 5.93 1214.47 1045.04 0.048076
5 182.09 830.89 207.84 928.37 0.047929
5 308.85 829.20 348.77 857.40 0.047862
1 390.45 19.29 526.51 278.29 0.047794
5 215.93 202.89 399.38 329.31 0.047791
3 413.94 694.77 483.38 743.37 0.047787
5 193.20 646.67 225.74 708.05 0.047745
4 384.02 372.18 767.95 958.02 0.047720
1 1009.80 788.14 1248.38 1047.05 0.047674
1 1138.66 874.86 1206.58 995.25 0.047469
3 380.94 123.59 501.70 275.20 0.047354
3 455.94 128.10 481.40 159.69 0.047183
6 486.48 332.20 564.17 960.95 0.047177
2 148.06 792.24 212.49 958.92 0.047147
3 477.06 20.05 503.04 68.02 0.047123
5 1133.05 0.44 1286.06 1047.22 0.047046
1 217.36 684.42 242.29 718.88 0.046928
3 1133.41 119.44 1156.05 187.10 0.046891
5 1009.89 0.58 1285.70 1047.86 0.046847
4 310.83 190.02 354.38 208.30 0.046809
6 150.72 796.85 187.85 956.88 0.046546
4 1115.66 116.61 1156.11 189.85 0.046474
1 362.43 903.51 386.12 938.14 0.046432
2 698.89 141.77 760.49 518.46 0.046420
3 208.57 955.23 263.85 1047.42 0.046253
1 368.04 408.56 766.26 963.79 0.046165
1 801.35 2.48 1054.45 1046.16 0.046148
4 480.56 18.92 503.87 68.69 0.046099
5 302.83 188.71 352.79 237.53 0.045878
5 378.85 198.44 402.93 225.30 0.045816
3 351.51 232.89 368.69 251.48 0.045772
3 229.80 412.41 272.43 470.37 0.045756
5 215.18 122.35 797.81 1035.05 0.045483
3 146.65 874.52 225.39 1047.77 0.045338
3 46.52 999.61 120.10 1048.59 0.045336
2 208.38 957.34 263.08 1047.11 0.045335
2 367.95 414.70 498.37 755.59 0.045320
3 218.29 219.80 398.94 328.09 0.045284
5 408.81 596.92 456.24 672.52 0.045236
1 178.23 873.77 226.74 959.37 0.045191
1 211.58 189.10 505.58 328.83 0.045176
6 702.31 657.08 760.63 943.74 0.045093
2 367.92 412.85 552.37 800.46 0.045055
2 257.76 186.55 772.71 987.39 0.045042
5 268.47 796.11 306.58 853.13 0.045018
3 1066.06 118.03 1089.31 144.05 0.044965
6 23.26 648.17 224.32 1047.86 0.044941
3 1138.84 882.30 1238.45 1044.98 0.044935
1 170.25 874.05 226.67 1046.39 0.044896
2 1142.18 0.26 1395.01 1047.73 0.044846
6 150.78 351.81 774.18 1014.97 0.044733
4 20.95 384.96 231.31 1047.56 0.044660
6 309.30 829.78 348.61 857.14 0.044615
2 367.17 334.37 568.04 677.04 0.044606
3 238.63 0.66 359.50 76.90 0.044491
4 146.37 874.30 225.19 1047.84 0.044481
1 202.96 5.00 544.32 1046.33 0.044480
5 469.73 227.86 501.84 273.16 0.044285
4 1093.78 881.74 1238.27 1047.30 0.044228
1 230.66 412.14 325.01 476.90 0.044186
1 378.30 689.00 483.63 721.37 0.044099
3 415.22 220.93 437.02 246.78 0.044012
3 7.62 873.45 224.87 1047.54 0.043922
1 224.74 190.35 504.52 283.03 0.043893
4 182.32 790.48 211.16 928.14 0.043813
5 485.81 331.62 564.12 961.50 0.043588
5 254.74 193.07 299.52 231.37 0.043421
2 305.65 97.72 332.54 138.73 0.043399
4 259.99 110.17 283.98 132.09 0.043351
4 1133.76 118.68 1156.24 187.07 0.043280
3 305.77 208.83 349.26 235.14 0.043239
6 95.46 1.64 1028.43 1046.34 0.043060
4 457.80 40.00 499.37 76.51 0.043026
4 701.79 33.03 759.80 516.65 0.042961
5 484.96 309.07 604.43 482.74 0.042935
2 132.69 -0.09 175.87 40.34 0.042934
4 413.27 221.81 439.10 266.84 0.042796
2 209.29 9.51 518.21 282.62 0.042781
6 509.85 331.02 761.72 516.53 0.042709
3 72.45 432.31 215.87 658.61 0.042679
2 369.43 333.94 568.89 800.81 0.042585
2 241.02 187.54 436.61 277.51 0.042542
2 458.57 704.97 483.88 744.68 0.042535
1 367.25 425.31 548.80 798.89 0.042506
3 45.09 304.88 785.44 1040.67 0.042480
3 298.63 184.69 362.15 249.21 0.042467
4 208.03 955.25 263.77 1047.27 0.042405
3 239.48 0.49 357.12 139.33 0.042389
3 303.84 187.66 356.12 236.14 0.042383
6 483.91 808.91 761.02 959.59 0.042199
2 377.90 197.39 404.76 226.64 0.042158
5 1010.05 780.66 1243.43 1047.22 0.042136
2 1137.63 870.72 1210.39 996.21 0.042091
3 448.30 407.69 494.20 475.61 0.042090
6 368.74 431.19 491.22 674.44 0.042080
2 194.49 873.72 227.09 955.04 0.042006
3 701.82 657.41 760.71 944.21 0.041978
2 170.49 873.82 227.29 1046.45 0.041952
3 472.64 41.52 499.47 70.98 0.041947
2 447.98 404.87 497.81 477.92 0.041946
5 207.61 954.62 264.30 1047.15 0.041936
4 217.76 221.71 398.92 329.33 0.041911
1 395.16 120.67 530.28 277.11 0.041877
3 179.63 873.97 226.38 958.94 0.041851
5 483.27 809.84 761.50 960.47 0.041843
3 377.93 686.62 483.75 741.00 0.041809
3 458.62 704.64 483.49 744.44 0.041643
5 368.79 430.77 490.99 675.25 0.041600
1 414.64 701.34 449.05 719.77 0.041543
5 801.10 0.72 1287.00 1048.39 0.041543
4 139.56 981.58 175.51 1047.45 0.041480
3 447.49 405.64 495.61 476.79 0.041421
5 1014.25 2.62 1162.66 272.45 0.041421
1 453.04 121.05 531.71 269.95 0.041385
4 378.51 198.62 436.23 246.44 0.041361
6 181.73 831.48 207.67 928.35 0.041304
3 151.87 801.86 186.66 956.52 0.041302
5 370.02 332.12 569.06 674.88 0.041288
5 18.04 1.29 1075.21 1045.89 0.041279
2 481.79 10.82 551.79 972.49 0.041277
6 46.87 970.11 216.66 1048.48 0.041170
1 387.44 22.00 765.91 970.87 0.041107
3 274.72 730.87 351.37 784.09 0.041095
5 24.04 649.34 222.39 1047.65 0.041080
1 308.03 829.35 349.91 858.23 0.041020
3 367.63 334.61 566.82 548.46 0.040990
1 484.86 332.48 566.74 963.86 0.040918
6 704.97 145.66 750.32 253.67 0.040893
4 53.41 322.39 780.33 1042.13 0.040844
5 314.26 0.16 359.81 34.67 0.040775
3 486.12 332.27 567.13 962.60 0.040714
2 379.14 688.50 486.08 745.70 0.040676
4 192.60 619.01 242.04 713.30 0.040654
1 271.34 629.90 353.35 785.34 0.040484
1 698.02 16.60 766.77 1044.16 0.040474
5 1115.19 3.79 1166.39 259.34 0.040466
6 72.18 438.97 141.83 656.27 0.040461
6 709.45 399.55 755.90 513.22 0.040458
1 376.96 197.42 432.66 275.92 0.040445
4 266.76 796.56 303.98 851.12 0.040445
3 52.71 1.33 547.74 1048.01 0.040442
2 442.94 18.80 510.95 272.31 0.040439
6 406.22 541.37 545.83 673.00 0.040410
5 63.76 389.88 218.54 671.13 0.040324
2 394.96 233.03 424.51 275.63 0.040280
4 46.42 1003.02 118.42 1048.45 0.040255
1 206.14 16.44 520.39 328.66 0.040242
4 416.49 702.48 447.58 718.55 0.040138
3 267.31 732.70 350.65 859.09 0.040125
3 457.47 39.96 498.80 77.38 0.040111
6 1137.16 882.10 1239.34 1044.60 0.040077
6 701.22 140.11 760.90 943.35 0.040054
4 486.54 332.42 562.59 960.85 0.040031
3 1009.49 889.15 1203.30 1047.86 0.040015
3 480.28 19.26 503.10 67.87 0.039990
3 268.39 794.96 310.19 852.80 0.039945
3 26.43 679.54 222.97 1048.02 0.039920
3 408.86 597.48 455.87 672.36 0.039911
1 699.42 32.20 762.30 518.45 0.039902
3 46.88 974.67 175.10 1049.01 0.039882
2 240.29 0.04 304.41 58.50 0.039865
4 273.64 731.56 350.40 782.07 0.039858
4 377.75 688.18 484.33 741.20 0.039819
2 361.43 336.08 565.95 1044.72 0.039815
2 1194.36 294.05 1263.28 788.40 0.039763
3 486.15 7.12 768.78 1043.51 0.039714
2 444.33 424.28 494.32 542.59 0.039669
3 258.77 109.05 283.44 132.13 0.039583
6 680.43 796.36 791.65 970.62 0.039562
2 218.54 227.42 399.97 329.63 0.039559
4 184.73 792.72 210.76 880.01 0.039510
3 240.83 0.17 302.11 58.55 0.039480
2 701.18 656.68 761.33 945.19 0.039283
6 1014.99 784.84 1241.11 1046.74 0.039276
2 148.70 3.55 1298.44 1047.38 0.039242
3 1114.25 2.57 1164.60 257.52 0.039147
5 44.00 338.81 789.36 1038.44 0.039141
2 362.24 903.22 386.16 938.51 0.039082
4 290.36 427.55 322.82 473.07 0.039047
4 702.71 657.87 759.78 943.46 0.038903
6 379.14 198.53 402.66 224.61 0.038871
2 378.36 688.98 483.75 720.68 0.038835
6 1008.69 891.60 1072.51 1046.63 0.038798
5 1125.34 70.99 1151.49 123.91 0.038776
6 45.95 243.67 801.56 1031.64 0.038722
1 700.00 275.83 748.68 380.26 0.038686
6 184.53 832.04 207.18 880.14 0.038571
3 213.33 186.96 435.51 327.76 0.038569
2 1061.65 781.40 1244.36 1046.46 0.038512
5 456.58 121.82 502.05 161.10 0.038509
3 516.20 340.27 558.38 421.97 0.038500
5 701.69 656.77 761.21 944.08 0.038488
4 377.76 198.35 501.23 276.25 0.038468
3 366.87 418.03 546.78 797.29 0.038464
4 369.92 333.74 567.48 675.29 0.038461
3 234.46 64.46 284.45 131.92 0.038457
2 23.33 404.02 249.23 1046.00 0.038454
2 266.00 730.47 353.67 859.49 0.038437
2 403.64 540.47 546.54 675.07 0.038385
4 234.26 63.20 284.53 132.13 0.038350
2 387.51 947.10 507.66 1047.76 0.038329
5 485.17 322.12 767.39 964.57 0.038316
5 700.54 31.95 761.04 517.70 0.038294
6 217.28 197.38 399.21 329.13 0.038176
6 50.23 374.72 791.88 1037.97 0.038173
5 128.76 940.11 218.40 1047.97 0.038156
5 219.36 230.64 399.24 328.51 0.038110
2 1218.30 824.20 1282.23 1028.02 0.038096
3 377.80 689.26 483.75 717.95 0.038072
3 368.60 333.77 567.76 674.51 0.038000
6 31.64 755.60 224.14 1047.55 0.037985
3 213.29 2.38 548.92 1045.77 0.037914
6 217.41 207.98 290.78 314.49 0.037906
3 166.84 1.86 1276.66 1048.23 0.037871
6 126.39 942.38 218.47 1048.11 0.037838
5 1137.66 881.76 1239.51 1044.99 0.037784
6 396.10 233.60 421.59 274.07 0.037747
3 217.71 649.89 244.37 717.82 0.037741
6 254.00 193.32 299.55 231.26 0.037661
6 371.97 330.98 568.63 965.30 0.037567
5 306.95 98.15 331.70 137.82 0.037565
3 485.91 3.60 552.56 963.41 0.037448
3 711.53 39.40 753.28 121.60 0.037391
3 366.53 247.87 769.58 974.99 0.037352
1 378.71 681.24 544.38 798.20 0.037281
3 313.95 0.63 359.69 35.13 0.037262
4 176.89 192.17 786.69 1029.48 0.037197
2 485.72 332.61 566.71 964.93 0.037194
3 144.71 359.61 764.88 997.00 0.037151
4 72.45 431.79 215.81 659.03 0.036915
5 1219.82 823.86 1283.44 1046.54 0.036867
3 259.85 110.15 283.75 131.90 0.036855
1 270.55 564.90 320.57 641.95 0.036835
3 1219.77 824.64 1282.76 1046.87 0.036794
3 363.59 879.76 415.42 937.67 0.036728
3 1145.18 882.24 1204.06 991.53 0.036725
3 235.35 0.42 300.35 131.36 0.036717
2 217.44 684.32 242.41 718.92 0.036710
1 363.32 61.02 399.38 94.00 0.036699
4 26.95 709.48 223.40 1047.82 0.036680
1 397.12 224.04 445.67 277.48 0.036669
2 1158.53 3.02 1267.65 796.60 0.036643
4 408.71 597.08 456.22 672.31 0.036609
1 376.76 196.69 504.20 278.47 0.036607
1 1011.65 1.50 1282.39 1045.67 0.036603
6 314.33 0.21 360.11 34.33 0.036502
6 482.04 312.31 775.57 996.64 0.036438
4 1114.37 3.96 1165.22 257.60 0.036385
2 283.82 802.55 307.88 842.36 0.036381
1 1121.90 71.52 1158.75 189.16 0.036352
3 367.29 334.10 567.99 793.77 0.036351
6 1115.31 114.66 1140.57 189.88 0.036302
1 443.81 19.65 510.66 273.26 0.036287
5 73.05 560.22 128.75 656.06 0.036286
6 286.16 -0.10 1282.36 1049.42 0.036279
1 368.44 424.11 497.78 750.12 0.036271
6 144.43 874.42 225.49 1047.41 0.036236
5 1113.99 114.44 1138.32 189.59 0.036200
6 470.00 228.05 501.93 272.72 0.036168
2 1082.54 824.00 1243.90 1046.59 0.036158
1 147.02 750.32 219.08 960.83 0.036152
3 303.01 796.97 348.91 856.11 0.036128
6 690.03 372.57 778.78 537.19 0.036119
5 147.70 704.11 218.13 963.76 0.036046
1 404.28 123.19 505.00 271.15 0.036038
5 67.56 81.13 795.94 979.23 0.036030
2 305.62 207.82 348.50 234.77 0.035965
1 254.82 193.37 300.45 231.23 0.035937
4 1062.83 778.90 1238.29 1046.84 0.035911
6 143.60 727.66 223.44 1047.43 0.035881
4 444.24 406.71 495.16 476.66 0.035877
4 397.63 234.74 415.04 255.94 0.035852
3 215.26 215.25 233.87 301.67 0.035761
2 400.44 121.33 530.45 275.79 0.035749
4 455.85 136.74 475.13 159.10 0.035644
3 300.02 185.91 368.53 252.36 0.035573
4 1121.27 0.26 1284.47 1047.87 0.035563
5 289.52 426.37 323.79 473.62 0.035530
2 1216.54 582.09 1260.54 785.16 0.035504
3 184.74 791.87 211.34 879.72 0.035438
3 492.06 334.80 565.99 661.01 0.035340
1 367.47 333.67 568.36 675.25 0.035320
2 307.96 829.24 350.00 858.36 0.035300
4 171.94 874.52 223.92 1047.23 0.035293
2 255.01 193.32 300.29 231.82 0.035253
3 220.45 152.09 777.46 1037.30 0.035241
3 486.72 6.00 558.74 961.41 0.035181
3 239.03 194.73 298.00 276.06 0.035180
3 455.31 121.77 501.51 162.05 0.035153
6 406.42 441.75 454.29 544.91 0.035037
4 1009.01 0.62 1283.91 1048.26 0.034902
3 240.40 0.73 361.68 254.33 0.034887
5 35.34 255.12 807.61 1032.06 0.034869
5 141.76 350.09 768.56 967.42 0.034861
6 219.67 229.73 399.25 328.36 0.034813
1 482.52 812.60 760.86 960.69 0.034746
4 216.02 192.55 409.39 328.94 0.034717
2 230.75 295.59 778.76 1034.53 0.034715
5 449.74 39.06 499.89 114.36 0.034669
5 1008.21 891.21 1073.27 1046.86 0.034650
2 252.08 192.18 356.94 240.41 0.034577
5 711.63 38.79 754.01 122.13 0.034519
5 43.37 162.39 813.82 1032.31 0.034505
4 148.81 709.86 217.67 960.35 0.034497
3 1114.75 73.74 1161.61 252.99 0.034495
5 149.79 873.36 224.16 962.85 0.034428
1 694.59 24.98 770.09 1048.34 0.034396
1 450.48 82.65 493.66 114.81 0.034366
3 193.75 646.18 242.33 712.80 0.034345
1 153.50 3.18 1261.50 1047.06 0.034222
6 209.71 0.66 292.29 132.67 0.034206
4 302.87 796.75 349.26 855.93 0.034170
5 208.52 187.60 434.43 329.91 0.034148
3 367.95 331.04 570.31 963.72 0.034131
3 481.88 19.01 502.22 44.77 0.034100
3 147.04 728.48 217.61 962.11 0.034034
6 66.17 416.44 217.50 664.09 0.034016
5 416.05 702.45 448.07 719.07 0.033983
3 42.58 1.52 1048.62 1047.00 0.033981
5 448.31 431.53 493.79 541.70 0.033975
3 389.45 949.98 505.63 1047.99 0.033961
2 313.40 0.46 361.00 35.81 0.033895
5 377.97 687.51 484.68 741.38 0.033835
3 700.49 273.71 759.14 516.12 0.033753
3 350.84 966.69 381.23 1004.38 0.033743
5 28.50 875.02 225.13 1048.36 0.033702
3 362.96 903.64 385.65 938.07 0.033593
6 303.53 187.29 353.44 234.14 0.033583
6 693.91 15.54 776.78 1041.78 0.033579
3 453.85 122.46 526.45 269.35 0.033575
3 243.31 190.23 354.70 241.71 0.033500
5 77.27 562.76 124.07 624.47 0.033499
6 1118.04 4.40 1159.94 190.67 0.033437
6 1125.95 71.04 1151.21 124.01 0.033427
4 514.23 394.37 562.93 451.34 0.033422
6 181.26 788.11 211.98 929.85 0.033290
4 1123.09 184.79 1160.46 253.46 0.033249
1 22.73 395.77 245.44 1044.15 0.033222
6 189.01 617.21 243.46 714.71 0.033185
1 1115.26 68.88 1163.39 254.83 0.033134
3 254.03 193.65 300.25 233.47 0.033122
1 404.00 539.87 546.71 675.09 0.033079
6 478.92 303.05 620.77 498.40 0.033071
6 101.79 62.42 1212.63 941.91 0.033015
2 20.19 2.36 259.31 1046.66 0.032947
6 1219.61 824.15 1283.43 1046.55 0.032906
2 1007.38 884.15 1207.59 1047.65 0.032896
5 377.45 197.95 433.63 274.76 0.032851
1 284.37 803.22 307.38 840.08 0.032829
1 467.23 409.73 500.09 471.42 0.032788
5 197.89 875.07 224.95 943.96 0.032775
6 486.79 320.63 765.66 959.69 0.032761
6 17.03 1.32 246.42 1048.78 0.032737
5 184.18 790.83 212.10 881.23 0.032709
3 268.98 845.79 292.12 880.80 0.032705
5 138.28 981.66 175.32 1047.14 0.032691
1 143.62 452.33 213.39 638.98 0.032609
6 357.73 307.49 808.48 1036.76 0.032593
3 1007.49 890.78 1072.38 1046.60 0.032575
3 237.50 22.59 257.17 80.43 0.032533
6 307.12 98.48 331.42 137.24 0.032474
5 517.03 341.49 559.12 421.50 0.032416
4 396.14 222.73 500.55 276.25 0.032414
3 233.39 185.17 422.55 261.05 0.032400
6 449.57 38.84 500.04 114.05 0.032385
6 252.03 777.80 364.77 883.77 0.032383
4 1219.80 824.23 1282.91 1047.04 0.032303
3 367.90 415.12 499.70 960.24 0.032277
5 701.99 328.11 746.24 380.72 0.032157
4 46.84 980.57 174.85 1048.75 0.032148
3 146.17 751.60 221.59 1048.26 0.032127
3 230.84 412.56 324.02 475.88 0.032092
6 369.80 363.51 761.53 546.09 0.032075
1 1140.29 874.76 1236.55 993.18 0.032067
6 689.36 32.97 775.80 524.87 0.032052
1 490.50 333.32 567.59 663.01 0.032032
4 307.94 210.52 329.97 230.78 0.031994
4 449.94 35.01 502.81 159.98 0.031981
3 375.54 683.85 487.32 957.50 0.031971
1 1008.23 771.41 1267.60 1047.71 0.031939
4 802.02 0.27 1284.73 1049.07 0.031938
5 145.78 873.77 225.15 1047.44 0.031930
4 281.68 20.70 302.80 41.77 0.031784
4 114.91 6.45 1231.33 1045.58 0.031767
5 234.01 0.96 296.73 131.34 0.031724
6 1015.68 5.96 1128.31 262.37 0.031684
4 1015.60 2.21 1161.42 270.11 0.031671
3 30.62 3.41 1208.26 1045.88 0.031636
5 1061.70 779.76 1239.60 1045.94 0.031557
6 705.14 284.98 740.09 368.48 0.031542
2 404.28 122.66 507.09 271.77 0.031539
4 368.43 429.55 493.29 674.75 0.031519
6 171.62 875.04 224.00 1047.18 0.031443
4 484.48 814.23 759.48 958.97 0.031422
3 1122.90 183.84 1160.12 254.08 0.031418
5 209.90 0.62 290.12 132.90 0.031393
4 299.26 186.51 364.91 250.88 0.031379
1 699.46 272.51 760.69 518.04 0.031376
1 142.28 980.20 176.07 1047.37 0.031328
3 26.62 394.34 254.28 1046.69 0.031325
3 445.65 20.03 504.86 271.55 0.031272
1 394.43 222.63 503.09 278.52 0.031199
6 445.49 429.92 491.92 541.46 0.031155
1 454.03 128.35 483.16 161.10 0.031151
3 704.46 846.17 737.16 940.39 0.031079
3 196.90 52.61 283.30 197.20 0.031034
6 456.79 121.93 502.07 160.58 0.031015
4 711.74 38.93 753.25 121.49 0.030964
5 198.37 551.31 224.70 637.73 0.030955
5 508.94 330.62 761.42 517.48 0.030928
1 278.89 199.38 299.91 230.12 0.030924
2 1145.70 927.62 1203.82 997.51 0.030920
6 688.32 639.86 777.53 806.38 0.030919
2 1097.74 8.95 1166.58 256.22 0.030887
6 289.45 426.59 323.35 473.15 0.030884
3 362.89 877.03 484.17 941.29 0.030835
3 257.86 193.83 278.80 212.07 0.030833
1 240.91 189.87 368.62 251.53 0.030788
2 698.62 33.77 762.72 519.20 0.030743
3 174.07 874.75 225.25 982.93 0.030735
4 234.75 0.32 298.69 131.30 0.030708
1 1219.07 823.43 1270.98 888.88 0.030682
4 146.35 750.80 221.45 1047.68 0.030666
1 451.49 39.20 498.88 81.52 0.030658
5 46.19 998.55 125.53 1048.28 0.030655
1 483.65 838.61 543.83 1046.14 0.030620
2 1219.13 823.05 1270.96 888.44 0.030615
2 198.83 185.76 512.89 1045.47 0.030607
4 177.47 913.12 211.59 951.13 0.030603
5 363.62 61.59 399.42 93.02 0.030579
6 520.76 346.32 555.93 420.40 0.030563
6 490.53 840.87 538.42 955.42 0.030535
4 479.76 122.79 502.36 148.09 0.030393
3 456.11 131.89 478.88 159.60 0.030269
5 19.46 2.75 253.14 1047.71 0.030267
6 702.79 33.68 760.38 779.70 0.030231
1 375.48 19.87 545.49 964.45 0.030228
1 307.82 189.01 356.66 209.54 0.030221
6 168.17 313.37 784.91 983.44 0.030213
5 119.97 975.62 175.83 1047.98 0.030199
3 334.00 192.71 353.78 207.09 0.030183
2 58.08 369.22 773.52 1042.51 0.030165
1 368.51 332.87 570.06 797.75 0.030159
6 136.84 981.70 175.40 1047.32 0.030152
3 145.79 444.38 214.71 636.87 0.030077
1 476.11 18.50 505.23 70.09 0.030074
1 33.77 3.02 540.88 1047.02 0.030055
6 1007.34 774.13 1279.95 1047.41 0.030032
3 364.96 62.14 398.48 91.85 0.030031
1 1074.68 793.93 1242.47 1046.11 0.030017
