4 519.56 918.38 738.40 1040.82 0.702587
4 637.24 436.19 707.32 492.17 0.640558
3 519.72 918.36 738.20 1040.76 0.619751
4 596.99 349.34 641.83 390.13 0.591535
5 519.54 918.28 738.58 1040.62 0.582479
4 1132.87 519.46 1202.72 587.71 0.579636
4 161.61 472.47 270.00 518.26 0.576136
3 637.50 436.29 707.14 491.92 0.560194
5 637.39 436.12 707.31 492.24 0.554929
1 1012.40 568.17 1034.21 613.79 0.542596
1 954.92 573.32 974.56 619.66 0.537894
1 728.22 516.94 751.39 557.83 0.537099
3 1133.12 519.58 1202.49 587.47 0.523497
3 597.38 349.47 641.48 389.76 0.517861
5 1132.91 519.34 1202.68 587.76 0.514583
4 1302.90 398.71 1377.74 463.93 0.511518
1 1121.75 625.22 1146.42 676.01 0.510257
1 124.65 614.06 151.93 655.72 0.502898
4 1272.46 509.94 1357.51 594.16 0.492241
3 161.81 472.59 269.86 517.93 0.491149
1 550.75 516.39 568.57 557.90 0.486328
5 597.11 349.39 641.78 390.21 0.485819
5 1272.36 509.87 1357.47 594.15 0.468500
4 1022.49 449.29 1063.74 498.93 0.462053
4 1215.60 468.87 1338.98 521.15 0.460409
6 637.73 436.42 707.20 492.00 0.458874
3 1272.53 510.07 1357.28 593.93 0.457301
5 161.90 472.37 269.94 518.26 0.455166
2 728.29 516.97 751.16 557.61 0.453716
4 1186.22 394.66 1246.44 451.42 0.451082
3 1303.12 398.99 1377.52 463.60 0.450814
2 1012.66 568.07 1034.26 613.57 0.443163
5 1303.03 398.77 1377.83 463.94 0.440038
2 954.88 573.25 974.52 619.70 0.430359
4 248.99 422.99 340.58 469.97 0.430329
3 728.21 517.08 751.22 557.55 0.428996
4 1126.71 393.53 1182.80 446.88 0.427962
2 124.82 614.16 151.93 655.41 0.421500
4 1021.21 402.72 1061.69 447.16 0.419866
1 1220.96 611.57 1252.76 658.96 0.419715
6 597.62 349.55 641.68 389.98 0.415326
3 1022.63 449.50 1063.65 498.64 0.414810
3 1186.25 394.80 1246.22 451.16 0.413606
4 321.48 366.67 382.21 412.93 0.413112
1 126.16 544.12 161.53 585.46 0.413076
4 954.10 394.56 990.12 433.29 0.412019
5 1186.17 394.60 1246.45 451.32 0.410734
4 1060.48 365.07 1109.67 407.00 0.406304
1 1159.64 611.81 1187.95 661.20 0.405093
6 1133.16 519.62 1202.58 587.61 0.402988
4 940.65 355.71 982.49 394.56 0.402316
2 1121.79 625.20 1146.24 675.60 0.398367
5 1126.80 393.65 1182.96 446.76 0.395640
5 1022.57 449.31 1063.67 499.01 0.395287
3 1215.78 468.97 1338.73 520.76 0.395247
2 550.89 516.52 568.28 557.56 0.395241
3 1126.85 393.87 1182.58 446.53 0.393253
4 1342.91 504.20 1399.29 589.33 0.389469
3 954.31 394.82 989.79 433.01 0.388477
3 1021.53 402.88 1061.42 446.88 0.387075
6 1272.66 510.13 1357.43 593.97 0.383235
4 252.07 347.30 311.12 390.03 0.382883
3 124.79 614.32 151.78 655.32 0.382287
5 1215.67 468.72 1338.97 521.00 0.381133
4 410.11 314.22 461.77 355.77 0.378398
5 321.58 366.77 382.36 412.89 0.376867
3 1060.54 365.29 1109.32 406.75 0.373297
3 249.22 423.24 340.37 469.83 0.372482
3 941.00 355.82 982.35 394.07 0.372200
3 933.46 273.88 1398.82 596.24 0.372119
5 248.98 423.13 340.49 470.09 0.371197
3 550.91 516.67 568.17 557.35 0.369517
5 954.24 394.61 990.07 433.36 0.369436
4 250.77 400.16 339.54 437.81 0.369092
5 1021.52 402.91 1061.83 447.23 0.368370
4 935.63 274.35 1398.85 596.16 0.368176
4 1011.32 357.28 1056.41 403.52 0.367238
5 1060.58 365.01 1109.64 406.93 0.364881
3 954.97 573.48 974.44 619.19 0.364594
3 321.60 366.83 381.96 412.61 0.364445
4 345.11 325.64 398.39 368.68 0.359235
3 1342.76 504.54 1399.23 588.93 0.357494
3 1121.78 625.49 1146.21 675.82 0.356797
5 940.92 355.89 982.47 394.48 0.351766
4 301.87 321.79 357.39 359.15 0.351135
6 519.74 918.41 738.16 1040.21 0.348572
5 410.09 314.45 461.82 355.76 0.347459
2 126.30 543.96 161.64 585.12 0.344458
1 1209.76 627.85 1239.47 683.66 0.344169
5 345.14 325.80 398.43 368.69 0.341235
5 1342.95 504.37 1399.20 589.21 0.339430
6 1303.29 399.03 1377.71 463.72 0.337721
3 1157.39 657.24 1202.77 712.29 0.337077
3 1011.45 356.85 1056.17 403.23 0.336962
3 177.52 414.75 230.83 441.68 0.336952
3 410.36 314.74 461.56 355.58 0.334152
5 252.02 347.20 311.00 390.19 0.333797
3 1012.75 568.37 1033.88 613.25 0.330299
3 252.23 347.43 310.98 389.86 0.330162
6 1186.52 394.69 1246.31 451.16 0.326019
3 345.37 325.76 398.28 368.58 0.325899
2 1221.14 611.49 1252.62 659.00 0.325063
2 1121.29 593.52 1252.73 713.04 0.321068
4 1076.65 299.88 1144.59 330.70 0.319804
4 1117.51 366.50 1197.09 403.92 0.319592
6 1127.06 393.91 1182.68 446.60 0.317075
3 251.04 400.25 339.38 437.73 0.315657
5 1011.48 357.37 1056.28 403.42 0.315125
6 410.43 314.70 461.57 355.62 0.314404
5 250.80 400.48 339.77 438.61 0.309915
3 857.08 464.77 898.48 506.05 0.309303
3 1186.28 611.31 1208.94 637.70 0.308668
6 15.63 493.49 137.14 567.72 0.307868
2 1159.72 612.13 1187.78 661.65 0.306726
5 302.21 321.84 357.39 358.84 0.306642
6 1022.79 449.53 1063.63 498.87 0.304759
4 375.45 382.38 413.66 414.70 0.303838
3 302.16 321.99 356.99 358.74 0.303598
6 321.74 367.04 382.17 412.84 0.303365
6 954.38 394.59 989.83 433.07 0.302985
3 15.39 493.36 136.87 567.49 0.302495
6 345.45 326.07 398.35 368.49 0.299826
6 1343.00 504.88 1399.15 589.28 0.297615
6 1021.83 402.89 1061.55 447.13 0.292114
3 126.26 544.11 161.55 585.21 0.291655
6 940.73 355.88 982.24 394.40 0.290851
4 938.38 327.16 968.90 357.89 0.288092
3 1075.27 299.57 1144.18 330.46 0.287229
1 916.43 376.20 932.90 410.89 0.285708
3 107.01 445.40 173.54 486.77 0.285437
6 249.20 423.30 340.27 469.79 0.284788
1 33.99 529.90 60.44 576.84 0.282858
3 245.91 258.99 484.41 474.34 0.282142
6 252.28 347.35 311.09 389.89 0.280986
2 916.23 376.22 932.88 410.95 0.280915
6 1215.89 469.00 1339.05 520.97 0.278110
4 1379.18 481.47 1399.71 516.08 0.277421
4 161.56 234.94 487.98 519.43 0.276713
5 15.22 493.26 137.19 567.72 0.274603
6 1060.90 365.35 1109.48 406.72 0.274066
5 427.56 277.35 469.58 311.12 0.274047
3 1118.11 366.76 1196.99 403.51 0.273531
4 1101.43 337.41 1177.37 367.56 0.272805
4 271.40 275.72 338.59 303.06 0.272798
2 1210.84 628.14 1239.33 683.41 0.271760
3 938.48 327.17 968.61 357.82 0.270473
4 348.83 303.38 388.67 330.81 0.270098
1 1121.38 593.13 1253.09 712.86 0.268679
3 375.70 382.54 413.36 414.45 0.266681
5 1074.33 299.47 1144.52 330.79 0.261184
3 1206.75 628.00 1238.95 658.66 0.260702
3 186.68 420.60 230.65 441.50 0.258784
5 1117.88 366.65 1197.09 403.93 0.255429
6 1011.50 357.09 1056.07 403.36 0.255118
3 59.39 411.06 86.43 438.15 0.251324
3 427.55 277.64 468.44 311.16 0.248310
5 936.06 274.66 1398.44 596.65 0.247045
3 1379.44 481.89 1399.68 515.60 0.246963
5 938.43 327.35 968.81 358.18 0.246602
4 427.16 277.33 473.95 311.48 0.246051
4 197.03 327.71 253.46 357.96 0.245266
4 245.93 241.68 485.83 475.18 0.241393
4 382.66 303.97 431.04 338.16 0.240002
3 1101.62 337.68 1177.26 367.63 0.238508
5 348.95 303.62 388.65 330.95 0.237952
6 248.41 271.32 483.07 472.43 0.235711
3 1121.26 592.72 1252.20 712.99 0.233755
2 5.99 36.42 1394.63 721.24 0.232665
4 228.20 297.51 293.39 327.17 0.232070
3 161.94 236.49 488.24 518.97 0.231455
3 1159.68 612.23 1187.91 661.14 0.230509
3 348.98 303.52 388.59 330.65 0.230247
6 427.69 277.39 469.55 310.94 0.227823
6 302.65 322.15 357.16 358.68 0.226786
5 1101.54 337.64 1176.59 368.77 0.226477
3 1178.57 673.06 1200.24 712.33 0.224924
3 1221.24 611.79 1252.37 658.57 0.224635
6 376.03 382.58 413.45 414.36 0.223659
4 1011.07 276.98 1398.43 595.79 0.223515
2 34.20 529.73 60.72 576.86 0.222544
3 1166.90 608.42 1208.52 638.57 0.222399
3 1209.50 627.99 1239.62 683.09 0.221454
3 272.26 275.94 338.08 302.86 0.221330
1 22.76 401.87 45.90 447.49 0.220225
1 1172.56 593.87 1204.48 637.21 0.218708
5 375.80 382.35 413.59 414.51 0.218198
4 326.51 250.21 388.45 273.64 0.218185
6 938.17 327.04 968.84 358.03 0.217468
5 1379.31 481.59 1399.71 516.02 0.216723
5 383.22 304.64 430.55 338.11 0.216384
6 251.15 400.62 339.67 438.71 0.215191
5 246.17 266.06 482.18 474.06 0.213614
2 23.01 402.43 46.14 447.44 0.212499
3 228.54 297.70 293.13 326.77 0.211638
4 1107.00 347.45 1205.59 389.26 0.209678
6 935.29 274.99 1398.46 596.74 0.208947
4 641.96 194.98 664.38 215.65 0.208879
5 272.80 275.41 338.61 303.00 0.207460
6 162.19 472.67 269.94 517.94 0.206074
3 383.01 304.23 430.23 337.59 0.204384
4 196.28 307.52 263.73 337.97 0.204289
1 127.66 471.75 146.77 509.27 0.202500
5 642.05 194.80 664.03 215.51 0.202386
6 383.73 305.31 430.84 338.27 0.202017
5 228.85 297.56 293.62 327.20 0.201627
4 1057.43 279.87 1117.81 306.27 0.201171
3 640.52 36.83 878.67 217.36 0.200203
4 987.01 180.92 1007.81 201.33 0.200050
3 197.60 327.76 253.24 358.43 0.199933
4 659.44 180.47 679.59 200.57 0.199206
1 52.96 468.50 75.92 496.41 0.198649
3 916.51 376.43 932.32 410.56 0.198384
6 349.14 303.88 388.60 331.22 0.198355
5 659.41 180.68 679.46 200.56 0.193902
4 383.13 277.77 424.86 305.00 0.193882
3 34.33 529.94 60.64 576.36 0.193104
6 1379.51 481.98 1399.73 516.34 0.192861
4 984.86 175.78 1008.32 201.66 0.191810
3 984.08 173.74 1007.93 201.27 0.191160
1 1179.74 651.01 1208.21 709.61 0.190589
2 1041.22 273.46 1055.48 304.18 0.188719
3 1010.48 276.65 1398.71 595.82 0.188584
3 326.63 250.53 388.04 273.35 0.187817
3 987.29 181.28 1007.45 200.98 0.187453
3 16.78 474.69 74.09 509.51 0.186134
3 919.80 238.09 939.13 262.45 0.185715
4 486.31 252.94 511.87 275.84 0.185209
6 1074.23 299.73 1144.19 330.63 0.185158
3 659.56 180.65 679.45 200.45 0.184048
5 197.02 327.51 253.22 358.59 0.182173
2 52.63 468.75 75.95 496.55 0.180703
6 1118.15 366.54 1197.02 403.69 0.180700
3 1057.30 279.98 1117.33 306.42 0.179880
4 1064.12 283.05 1125.75 315.55 0.179726
3 14.15 33.93 1397.59 612.94 0.179256
5 987.22 180.87 1007.84 201.21 0.178274
3 486.61 253.15 511.41 275.57 0.177964
5 196.55 307.37 263.49 338.22 0.177575
4 919.55 237.46 939.56 262.52 0.177402
6 383.54 278.25 424.18 305.04 0.175705
2 4.98 20.94 1395.34 1044.00 0.175635
5 326.57 250.17 388.22 273.72 0.174361
2 127.74 472.00 146.87 508.83 0.174220
5 383.37 278.12 424.41 305.21 0.174199
3 196.74 307.63 263.64 337.73 0.173674
6 1347.50 626.89 1399.44 701.22 0.172772
1 1041.26 273.30 1055.43 304.22 0.171338
6 642.32 195.16 664.17 215.35 0.170890
2 1172.23 593.99 1202.78 637.09 0.169841
3 642.28 195.07 664.25 215.45 0.169778
5 1057.55 279.97 1117.22 307.72 0.169430
3 1056.46 279.69 1144.47 330.70 0.168653
1 174.71 411.56 194.37 440.52 0.167946
4 1057.30 279.72 1144.77 330.85 0.166137
5 984.97 175.62 1008.12 201.44 0.165934
3 200.66 421.51 231.22 441.31 0.165734
5 486.90 253.44 511.24 275.69 0.165370
6 659.88 180.85 679.47 200.41 0.164566
2 174.84 411.53 193.96 440.24 0.162091
4 1009.77 330.22 1399.11 595.50 0.161975
4 296.40 266.62 350.69 292.93 0.161797
3 1104.64 343.06 1205.30 388.12 0.161145
5 919.77 237.80 939.42 262.61 0.159812
2 1180.41 650.42 1208.40 709.17 0.158051
3 136.55 512.67 164.23 533.81 0.158036
5 1111.40 351.44 1205.41 390.37 0.157897
6 1101.76 337.87 1177.44 368.77 0.157314
3 15.50 557.38 43.16 585.69 0.156965
6 987.55 181.15 1007.58 200.88 0.155256
3 641.30 57.75 808.73 216.10 0.154939
4 1014.41 337.48 1247.82 451.62 0.154620
3 383.49 278.12 424.06 305.01 0.153604
6 486.81 253.36 511.47 275.53 0.153021
4 156.19 38.65 860.26 520.64 0.152186
6 984.98 175.55 1007.93 201.25 0.151577
3 1064.53 283.60 1123.71 314.53 0.150992
6 16.89 475.33 74.28 509.06 0.150805
3 383.58 279.35 405.09 304.16 0.150707
3 932.38 264.92 1398.04 712.47 0.148796
4 383.41 279.05 405.36 304.35 0.148420
6 841.23 51.51 859.92 64.72 0.148233
1 123.48 389.23 140.66 420.95 0.147198
6 27.07 394.07 106.91 430.82 0.146899
3 27.15 393.69 106.92 431.51 0.146219
4 1114.44 350.36 1205.64 388.58 0.145257
5 1063.81 283.20 1123.42 316.27 0.145197
4 361.45 234.60 412.02 261.45 0.145110
5 383.65 279.11 405.13 304.20 0.144975
3 1172.15 594.12 1204.59 637.69 0.144810
4 1368.18 523.33 1399.45 589.49 0.144616
5 840.88 51.02 860.12 65.11 0.144012
6 229.31 297.47 293.25 327.24 0.143835
3 1014.79 337.84 1247.44 451.46 0.142554
5 762.42 104.55 777.68 119.06 0.140300
3 361.55 234.64 411.40 261.52 0.140291
5 1009.80 333.58 1398.51 595.76 0.139778
1 138.50 496.73 165.32 534.61 0.139468
5 1010.96 276.67 1397.55 596.14 0.138940
3 840.73 50.96 859.99 65.10 0.138674
5 1013.18 338.26 1247.41 453.17 0.138533
6 1110.77 351.38 1205.25 390.44 0.138499
3 106.84 463.68 137.04 483.39 0.137392
4 15.57 493.44 137.06 567.47 0.136527
6 762.60 104.97 777.59 118.72 0.135846
3 722.13 122.63 738.85 141.31 0.135589
6 919.83 238.14 939.23 262.42 0.135572
3 127.71 471.83 146.95 508.86 0.135393
5 722.20 123.01 738.68 141.12 0.134499
3 762.12 104.49 777.64 119.03 0.134417
4 762.06 104.15 778.03 119.23 0.134371
3 22.98 402.97 45.62 447.36 0.134173
3 295.64 266.94 349.96 293.11 0.134082
3 700.13 144.99 714.93 161.26 0.132548
3 1179.36 651.22 1208.07 709.89 0.132311
3 922.35 178.67 1398.71 597.63 0.130689
3 1158.14 657.06 1188.46 688.29 0.130331
5 700.42 144.98 714.99 161.19 0.130320
4 840.50 50.78 859.84 65.34 0.129079
3 15.75 554.50 61.22 585.99 0.128662
4 721.98 122.80 738.67 141.23 0.128218
5 163.75 241.92 488.27 517.93 0.128128
6 1057.51 280.03 1116.37 306.79 0.127232
6 196.03 307.64 263.37 338.14 0.126857
5 16.67 474.75 74.40 509.92 0.126240
2 123.29 389.06 140.73 420.87 0.126065
6 1015.25 338.05 1247.51 452.97 0.125676
4 640.56 41.87 880.79 219.05 0.125654
4 1106.27 346.42 1177.16 382.50 0.125596
6 1012.85 331.86 1399.00 595.55 0.125461
3 15.93 233.10 488.79 570.22 0.125402
5 296.71 266.78 350.58 293.31 0.125273
4 1056.35 279.04 1247.31 452.78 0.125204
4 519.96 930.28 591.98 1034.38 0.124888
4 700.10 144.72 715.10 161.27 0.124559
3 933.34 307.64 956.93 328.88 0.124191
6 933.22 306.41 956.96 329.93 0.123169
3 947.46 203.48 966.49 221.23 0.122746
5 204.89 237.28 487.14 506.67 0.122385
3 1157.06 626.53 1240.28 713.09 0.122282
5 1057.04 279.36 1144.96 330.88 0.121808
3 53.27 468.81 75.67 496.14 0.121349
1 1184.04 650.75 1207.71 688.18 0.121216
3 20.01 30.46 877.93 573.15 0.119317
3 1137.24 350.10 1204.95 387.35 0.118018
3 738.29 107.41 757.23 127.90 0.117377
6 197.13 327.50 253.31 358.59 0.117172
1 1156.73 656.37 1180.80 694.39 0.116560
3 1157.76 658.99 1174.83 687.33 0.116091
6 722.50 123.29 738.48 141.05 0.115430
5 361.56 234.66 411.57 261.33 0.114870
5 738.59 107.47 757.26 128.01 0.114237
1 223.46 340.53 238.99 370.49 0.113504
2 1183.79 650.32 1207.79 689.03 0.113196
3 1041.46 273.50 1055.10 304.02 0.112858
2 223.59 340.99 239.09 370.10 0.112780
4 947.27 203.16 966.89 221.37 0.112779
4 810.89 97.86 822.82 109.42 0.112691
4 427.61 280.05 467.44 311.46 0.112617
4 142.87 42.00 1397.07 604.76 0.112554
3 126.87 511.09 164.17 534.75 0.111979
6 1056.28 279.42 1144.85 330.97 0.111330
4 640.70 57.41 807.78 216.58 0.111142
1 1157.51 654.39 1188.33 692.41 0.110966
3 1055.71 278.92 1246.88 452.41 0.110922
3 1009.11 332.17 1398.80 595.76 0.110916
4 924.59 178.55 1398.57 596.50 0.110844
2 138.26 496.93 165.12 534.48 0.110481
3 106.62 461.53 158.18 486.16 0.110281
4 411.97 265.64 435.48 285.62 0.110251
6 738.87 107.31 757.46 127.93 0.110108
3 14.40 559.82 41.31 587.35 0.109835
4 738.14 107.36 757.52 128.35 0.109582
6 700.58 145.18 714.93 160.99 0.109377
3 520.10 930.34 591.57 1033.94 0.109295
6 1014.05 276.03 1397.44 595.26 0.109225
6 682.84 179.39 694.77 196.23 0.109135
5 1107.16 346.11 1178.79 384.68 0.108914
2 1157.14 656.39 1181.40 693.53 0.108714
3 1122.67 593.76 1243.18 714.16 0.108631
6 1136.04 350.52 1204.50 388.09 0.108493
1 1157.83 650.28 1208.92 712.21 0.108419
3 412.49 265.64 435.56 285.23 0.108384
3 271.00 267.93 350.32 301.54 0.107899
3 154.13 36.61 859.61 523.00 0.107074
4 1066.20 285.28 1124.75 313.56 0.107060
6 937.06 319.88 990.02 433.79 0.106905
3 928.11 195.22 1397.94 713.09 0.106846
3 682.48 160.34 698.34 178.78 0.106784
4 1060.03 337.74 1246.90 451.19 0.106526
3 427.83 277.14 484.75 311.20 0.106087
3 1056.54 282.87 1084.76 302.93 0.105512
6 810.64 97.97 822.61 109.19 0.105197
5 810.78 97.98 822.99 109.35 0.104883
4 1056.79 282.62 1086.54 302.57 0.104475
3 811.07 98.03 822.70 109.30 0.103878
6 640.31 43.99 862.81 217.75 0.103297
5 806.55 236.23 903.96 457.33 0.102856
6 327.15 250.76 388.32 273.52 0.102498
1 1086.20 244.14 1100.13 270.99 0.101293
6 383.94 279.22 405.29 304.04 0.101206
6 273.44 275.95 338.94 302.78 0.100877
5 1135.22 350.78 1204.90 387.43 0.100660
3 1347.37 626.54 1399.31 700.82 0.100642
3 1107.36 349.04 1171.50 386.68 0.100422
3 941.40 573.27 974.48 626.98 0.100406
5 952.10 323.94 1396.49 596.34 0.100156
4 19.21 36.96 1398.85 615.29 0.100048
1 812.44 183.68 823.53 203.19 0.099895
3 730.61 537.20 750.39 556.88 0.098631
2 1085.85 244.43 1100.35 270.67 0.098456
3 0.69 411.98 16.20 432.98 0.098253
6 1055.47 277.80 1247.67 452.46 0.097934
1 136.49 616.01 152.44 650.54 0.097872
5 686.84 155.33 703.35 175.70 0.097332
6 412.95 266.11 435.60 285.71 0.097322
5 937.26 321.76 989.82 434.26 0.097089
3 1368.51 524.40 1399.47 589.17 0.097013
5 1066.54 285.85 1125.18 314.61 0.096727
4 823.74 87.95 833.04 98.60 0.096387
3 1007.80 267.34 1397.14 711.98 0.096111
5 1059.89 336.59 1247.02 452.58 0.095898
4 170.12 233.43 1397.64 598.57 0.095889
2 812.26 183.82 823.34 203.21 0.095676
2 1064.04 202.25 1079.69 235.51 0.095369
4 312.79 267.54 351.02 291.42 0.094997
4 683.59 155.83 702.59 177.63 0.094772
3 937.71 322.01 989.69 433.51 0.094732
1 15.33 529.41 60.48 586.69 0.094428
3 804.39 235.27 904.49 458.76 0.094131
3 174.81 411.82 194.49 440.30 0.093939
6 947.42 203.56 966.52 221.22 0.093777
5 639.32 42.73 881.31 218.71 0.093489
5 710.04 287.83 721.63 313.70 0.093375
6 683.23 161.30 697.64 178.38 0.093050
3 1156.61 657.93 1181.31 705.65 0.092627
5 26.20 393.69 107.02 431.51 0.092303
3 1157.45 650.50 1208.86 712.28 0.092260
3 21.98 522.55 37.89 550.18 0.091873
3 1207.44 628.87 1227.73 656.73 0.091674
5 983.47 171.85 1001.40 188.74 0.091624
1 124.28 445.60 140.62 472.16 0.091604
3 0.52 405.37 17.54 433.00 0.091512
5 412.59 266.18 435.75 285.77 0.091173
3 1207.39 627.98 1240.36 682.23 0.091170
5 1115.12 351.20 1205.93 386.35 0.091167
6 640.66 54.89 811.94 216.49 0.091131
5 947.26 203.26 966.73 221.67 0.090817
4 932.87 306.76 957.28 329.55 0.090597
3 918.95 170.70 1009.45 263.53 0.090184
3 5.93 17.77 1395.28 1044.44 0.089957
4 682.30 160.47 698.04 178.71 0.089903
3 823.88 88.21 832.88 98.35 0.089328
3 1015.69 335.84 1248.13 499.91 0.089185
3 1017.28 370.26 1056.13 403.29 0.089130
3 1046.30 270.92 1075.58 294.18 0.088632
3 224.40 336.50 253.63 368.36 0.088611
3 1060.27 337.81 1246.16 450.49 0.088325
3 1046.74 272.29 1144.30 331.31 0.087988
4 268.92 267.47 350.86 302.47 0.087792
4 1105.57 353.00 1158.07 387.82 0.087306
5 1056.68 282.82 1084.65 304.03 0.087147
3 1161.12 620.70 1183.13 641.15 0.087046
2 124.19 446.02 140.66 472.30 0.087007
5 836.27 132.06 889.74 195.98 0.086927
5 824.04 88.36 832.92 98.43 0.086831
5 1368.61 522.36 1399.39 589.52 0.086795
3 983.42 172.07 1000.35 188.12 0.086719
1 518.57 917.67 739.79 1040.73 0.086696
5 187.78 37.42 846.37 501.92 0.086652
3 684.12 155.75 703.48 177.23 0.086400
5 543.44 135.66 594.90 204.15 0.086377
6 447.36 161.72 471.99 180.42 0.086148
6 1056.63 282.31 1090.88 303.37 0.086002
2 1157.87 654.80 1188.30 692.65 0.085873
3 126.08 615.06 150.49 654.21 0.085811
6 943.78 325.15 1397.30 596.15 0.085565
5 312.72 267.54 351.02 291.39 0.085443
2 1036.67 234.51 1050.47 253.96 0.085378
1 14.45 560.80 40.41 587.33 0.085301
6 31.09 321.52 203.71 422.88 0.085225
1 1036.63 234.08 1050.29 254.18 0.084969
5 640.27 55.91 810.40 216.98 0.084808
6 689.09 155.30 704.44 173.80 0.084692
4 1100.88 337.22 1247.01 451.92 0.084261
4 16.84 474.97 74.25 509.39 0.084191
3 1156.87 657.36 1179.53 691.94 0.083894
3 552.66 543.70 567.06 557.59 0.083512
1 1064.49 202.37 1079.57 235.63 0.083410
3 1156.00 594.52 1242.54 713.36 0.082967
6 361.38 234.67 411.68 261.33 0.082798
2 135.73 616.01 152.47 651.82 0.082615
6 1015.44 336.32 1248.29 499.44 0.082446
3 340.23 134.91 363.50 170.73 0.082446
6 230.08 42.66 836.20 477.17 0.082143
3 1.15 392.44 98.60 440.36 0.082032
4 983.33 171.82 1001.45 187.83 0.081838
3 124.52 389.55 140.51 420.72 0.081601
5 519.82 930.40 591.88 1034.38 0.081168
3 174.81 229.38 588.45 520.82 0.081076
6 983.69 171.90 1000.61 187.83 0.080974
2 921.31 193.96 1392.42 712.91 0.080973
3 174.80 412.00 230.33 442.97 0.080771
3 10.33 35.67 1394.08 721.93 0.080011
3 543.64 135.88 594.49 205.04 0.079731
3 1157.97 659.34 1182.90 705.68 0.079385
3 391.13 240.60 412.17 259.76 0.079183
3 1159.37 681.56 1183.87 706.49 0.078976
6 1121.11 179.64 1396.87 390.41 0.078937
4 918.62 170.53 1009.98 263.68 0.078933
3 18.97 230.57 1395.03 606.93 0.078933
2 1158.07 649.58 1209.09 712.20 0.078834
3 1009.64 329.16 1397.88 712.83 0.078642
1 174.49 411.82 229.83 443.21 0.078140
5 774.50 290.15 786.32 315.20 0.077948
4 1141.87 349.88 1204.98 387.50 0.077874
4 390.88 240.38 412.55 259.79 0.077766
3 15.19 529.11 60.81 587.00 0.077505
4 362.55 234.49 396.00 250.79 0.077477
3 34.31 321.18 202.67 400.35 0.077312
3 362.90 234.60 395.18 250.58 0.076838
3 737.59 292.93 756.98 312.03 0.076698
5 362.95 234.65 395.66 251.68 0.076605
4 107.86 446.07 172.13 487.37 0.076325
3 681.18 179.18 694.49 196.04 0.076297
1 1132.33 519.11 1203.89 588.14 0.076038
3 139.03 623.74 151.07 648.51 0.075903
1 803.36 234.35 904.53 458.95 0.075831
3 1105.99 343.69 1177.77 377.85 0.075733
4 1056.61 281.70 1088.12 302.55 0.075685
3 1175.95 595.97 1208.19 637.87 0.075620
6 34.57 321.32 202.46 401.10 0.075466
3 158.33 41.22 1396.37 603.91 0.075117
6 1056.53 283.02 1082.91 302.78 0.075078
3 1016.13 366.21 1056.24 403.47 0.074978
6 208.12 239.52 489.51 491.16 0.074920
3 172.40 234.35 1396.96 599.35 0.074893
3 223.68 341.42 238.80 369.95 0.074430
2 943.70 564.96 1255.55 713.77 0.074371
3 137.81 497.05 165.23 534.51 0.074316
4 1015.70 335.77 1248.66 500.42 0.074257
3 836.50 132.22 889.23 195.73 0.074252
5 23.32 35.57 1396.67 620.23 0.074183
4 936.37 275.79 1250.39 500.98 0.073853
3 205.43 267.77 296.68 338.06 0.073564
4 805.91 235.83 903.75 457.58 0.073342
2 924.23 201.39 1261.28 715.03 0.073177
5 33.47 321.01 203.07 413.75 0.073040
3 204.73 306.57 266.53 334.32 0.072590
5 1347.24 626.60 1399.22 701.15 0.072510
3 1105.78 354.12 1155.92 387.64 0.072416
6 16.39 256.70 485.84 570.65 0.072375
5 682.47 161.85 696.85 178.66 0.072303
5 270.42 268.41 349.06 302.54 0.072250
2 280.44 309.30 298.82 338.37 0.072178
1 280.22 308.74 298.75 338.46 0.072061
2 1010.84 355.27 1026.41 387.13 0.072035
5 1015.02 335.18 1248.45 500.19 0.071913
3 315.60 268.08 350.59 291.57 0.071665
3 729.36 517.85 750.69 556.92 0.071624
5 933.32 308.42 957.15 329.38 0.071619
3 26.45 321.30 203.95 427.69 0.071561
3 447.39 162.33 471.81 180.03 0.071533
4 26.06 31.87 885.60 569.82 0.071479
3 199.53 243.45 483.13 494.90 0.071414
6 19.95 33.33 872.40 570.36 0.071358
6 108.07 445.77 172.45 487.54 0.071272
2 518.77 917.79 739.68 1040.67 0.071042
5 682.39 179.27 694.97 195.83 0.070886
3 59.17 405.93 108.12 437.78 0.070734
5 33.10 30.98 875.30 570.34 0.070725
1 1156.98 657.26 1184.58 708.30 0.070720
4 1215.27 467.90 1399.10 593.35 0.070698
3 1158.27 653.01 1205.27 710.94 0.070695
6 1017.23 367.62 1056.00 403.61 0.070600
3 934.97 274.94 1251.57 500.52 0.070246
2 547.90 514.31 753.29 561.94 0.070211
3 1183.52 650.92 1207.55 687.60 0.070149
3 133.80 499.60 164.52 534.15 0.069567
4 26.66 393.38 106.62 430.68 0.069441
5 1119.67 178.86 1396.05 390.24 0.069397
3 1120.29 179.54 1394.81 392.74 0.069375
6 312.93 273.25 480.18 415.44 0.069229
2 174.38 411.56 230.10 443.03 0.069060
4 249.76 273.28 484.04 469.83 0.069009
6 823.90 88.42 832.65 98.21 0.068976
6 1100.55 337.25 1247.15 451.81 0.068920
5 749.70 89.94 770.02 110.18 0.068845
5 647.07 93.61 683.01 115.73 0.068742
3 1086.42 244.55 1099.68 271.14 0.068469
3 1206.52 628.32 1228.78 656.86 0.068186
3 175.13 411.73 207.20 441.13 0.067895
6 363.04 234.87 395.26 251.66 0.067657
3 790.43 63.63 804.05 77.91 0.067219
3 847.24 90.33 882.89 103.72 0.067217
3 646.92 93.82 682.77 114.90 0.066868
6 1368.56 514.46 1399.56 590.11 0.066621
6 296.87 267.08 350.20 293.53 0.066512
2 801.17 234.45 904.45 458.61 0.066431
5 923.28 181.23 1397.67 597.48 0.066222
5 1054.01 277.92 1248.43 453.05 0.066178
2 1132.52 519.13 1203.99 588.10 0.065933
1 122.64 443.83 171.63 482.44 0.065665
6 926.39 180.97 1398.23 595.83 0.065574
5 847.26 90.24 883.39 103.57 0.065414
3 1037.38 235.61 1049.02 253.40 0.065022
5 165.32 52.83 1396.77 610.90 0.064898
6 749.58 90.49 769.63 110.79 0.064836
3 135.13 615.64 152.20 650.45 0.064800
5 933.02 304.31 957.05 329.80 0.064478
3 250.74 400.91 339.71 440.28 0.064379
1 160.41 472.09 270.74 519.24 0.063535
5 191.75 230.39 594.33 509.33 0.063141
6 770.91 92.09 783.51 104.37 0.062952
1 9.31 42.91 1390.39 716.36 0.062927
3 282.05 314.85 298.35 337.35 0.062554
4 447.09 162.22 471.87 180.25 0.062521
3 232.87 38.52 827.63 484.82 0.062432
4 937.26 322.12 989.75 434.26 0.062340
3 812.67 184.06 822.66 203.02 0.061902
2 121.66 443.64 171.23 482.41 0.061776
5 392.13 240.56 412.48 259.82 0.061686
6 271.20 268.76 350.32 302.61 0.061621
1 1010.52 354.75 1026.64 386.82 0.061482
4 161.75 478.25 209.27 515.82 0.061046
5 848.42 70.24 881.96 86.19 0.060932
5 770.67 91.95 783.60 104.72 0.060879
1 22.87 485.11 1255.51 712.95 0.060849
5 1056.86 281.83 1088.34 303.46 0.060846
4 206.92 304.34 271.59 332.45 0.060817
2 1147.04 194.90 1234.10 259.03 0.060671
3 176.23 413.78 229.51 441.66 0.060592
3 1185.15 611.30 1238.59 657.84 0.060529
5 776.84 74.70 790.93 89.78 0.060259
2 889.84 55.09 1392.98 714.24 0.060186
1 636.96 436.23 708.34 492.94 0.060041
5 34.97 320.78 202.53 400.07 0.059996
3 108.01 444.27 173.90 488.67 0.059927
5 791.16 63.78 804.46 77.96 0.059753
1 5.54 17.37 1393.47 1042.87 0.059645
3 341.80 135.76 362.03 169.25 0.059370
4 1016.56 367.87 1056.38 403.29 0.059297
3 1101.42 337.51 1246.75 451.80 0.059234
3 749.37 90.42 769.28 111.92 0.059193
3 848.52 70.27 881.15 85.37 0.059124
5 543.38 135.39 595.41 257.46 0.058919
3 856.33 464.03 898.42 508.35 0.058802
3 769.04 91.78 783.35 105.22 0.058741
1 148.28 445.36 169.93 476.89 0.058583
2 15.17 563.11 36.77 587.24 0.058428
3 832.40 56.95 841.20 66.88 0.058378
3 1056.69 282.09 1090.03 302.55 0.058281
2 835.33 130.94 890.45 196.69 0.058265
6 933.01 271.78 1398.45 701.48 0.057992
3 646.50 49.94 838.63 216.69 0.057884
4 543.33 135.41 594.94 204.67 0.057536
1 291.74 461.83 309.41 498.09 0.057311
3 1072.11 305.99 1090.83 328.97 0.057281
3 779.16 72.23 793.35 85.70 0.057195
1 835.42 131.09 890.55 196.94 0.057105
3 162.05 477.64 213.96 515.88 0.057075
3 181.73 343.84 209.96 374.29 0.057064
4 18.76 232.27 489.12 567.75 0.057053
3 1178.50 674.47 1202.08 713.13 0.057027
2 20.53 472.42 1257.13 716.52 0.056851
3 1045.73 272.01 1247.57 452.17 0.056815
5 1016.47 368.32 1056.48 403.60 0.056549
4 259.71 232.93 414.84 306.35 0.056398
4 749.17 90.07 769.56 111.24 0.056175
4 1101.37 337.34 1205.41 386.89 0.055974
6 392.88 241.09 412.50 259.37 0.055644
3 1013.88 274.75 1248.69 499.72 0.055561
4 9.88 23.21 1397.02 1043.22 0.055558
4 679.65 140.42 718.50 183.72 0.055460
3 740.55 86.69 782.55 124.72 0.055313
3 178.48 235.61 204.61 270.53 0.055191
4 720.90 58.35 806.54 143.81 0.055130
5 781.84 71.93 794.49 84.43 0.055098
5 447.45 162.50 471.86 180.09 0.055064
5 358.47 251.30 388.66 272.23 0.055052
3 1.05 392.86 33.78 431.63 0.054919
6 806.05 236.27 904.02 457.02 0.054842
6 747.51 88.64 779.93 120.44 0.054837
2 1299.23 255.27 1361.04 278.15 0.054749
3 685.45 180.23 694.19 195.98 0.054747
4 769.48 91.48 783.66 105.10 0.054584
6 1061.88 337.26 1246.60 451.74 0.054529
5 1100.43 336.87 1247.00 452.31 0.054489
3 495.69 217.33 545.86 241.57 0.054379
4 831.07 69.55 840.62 80.95 0.054284
3 1298.62 254.40 1361.05 278.45 0.054204
2 160.33 472.07 270.50 519.02 0.054202
3 292.07 461.07 308.91 497.08 0.054198
3 831.21 69.77 840.57 81.65 0.054197
3 1120.85 519.41 1253.02 713.10 0.054184
4 682.94 179.53 694.51 196.13 0.054166
1 1018.42 204.38 1029.34 222.12 0.054071
3 1215.21 468.08 1399.35 593.36 0.053937
5 832.29 57.39 841.16 66.88 0.053871
3 496.62 218.29 515.71 235.61 0.053825
2 123.10 511.25 137.52 531.81 0.053711
2 174.92 411.42 205.52 441.23 0.053652
2 19.81 224.29 1267.15 717.36 0.053542
4 107.59 459.58 167.32 486.79 0.053514
6 642.07 144.18 716.11 216.70 0.053466
4 836.08 132.05 889.45 195.90 0.053416
6 1071.15 304.37 1092.30 329.18 0.052927
4 931.46 171.02 1011.29 431.83 0.052837
3 130.67 445.90 168.51 471.53 0.052808
3 547.90 514.48 753.40 561.69 0.052710
2 542.34 134.22 595.93 207.94 0.052705
1 340.59 134.91 363.50 170.60 0.052553
6 780.41 72.61 793.37 85.17 0.052402
3 124.25 446.08 140.42 473.13 0.052298
4 646.49 93.45 683.24 115.83 0.052218
3 1064.86 202.65 1079.06 235.48 0.052158
1 123.33 511.49 137.75 531.98 0.052072
5 108.24 445.24 171.35 487.25 0.051998
3 130.70 405.46 139.99 419.89 0.051996
4 496.21 217.80 516.19 235.80 0.051937
3 1036.83 234.50 1050.27 254.12 0.051859
3 134.00 628.32 147.61 654.38 0.051830
5 17.26 238.08 491.34 569.35 0.051807
5 745.64 86.70 780.92 121.85 0.051608
4 1016.40 365.51 1056.21 403.69 0.051511
3 22.21 485.03 1251.39 712.11 0.051426
3 927.01 170.83 1013.90 430.82 0.051300
1 856.29 464.07 898.88 508.91 0.051292
1 1272.17 509.42 1358.58 595.07 0.051238
3 374.94 382.12 414.13 415.54 0.051238
5 936.65 281.85 1249.79 478.39 0.051231
5 5.80 17.29 1396.64 1044.30 0.051158
2 1009.28 205.74 1258.11 712.42 0.050640
4 779.72 71.76 794.00 85.34 0.050604
6 966.90 133.92 984.95 151.31 0.050545
3 158.51 505.52 968.00 628.54 0.050474
1 1215.08 468.34 1339.94 522.16 0.050441
5 831.01 69.30 840.29 81.21 0.050360
5 264.97 269.81 294.78 294.67 0.050217
1 1105.08 242.73 1119.30 268.54 0.050209
2 1105.20 242.07 1119.64 268.54 0.050141
6 934.57 276.93 1249.26 496.59 0.050082
6 1106.31 354.77 1154.84 387.74 0.050037
4 791.17 63.88 804.34 77.88 0.049970
3 495.69 215.35 546.01 243.53 0.049952
2 1017.95 204.41 1029.25 221.84 0.049890
3 357.38 251.98 388.20 271.98 0.049792
2 914.50 133.49 1261.02 713.24 0.049791
4 832.42 56.69 841.24 66.97 0.049782
6 710.21 287.84 721.60 313.85 0.049676
5 205.68 267.47 294.61 335.22 0.049649
2 636.83 436.38 707.90 492.55 0.049608
4 495.48 216.69 545.94 241.57 0.049465
6 918.79 170.56 1009.45 263.72 0.049458
1 542.57 134.41 595.94 206.51 0.049412
6 720.33 60.74 805.51 144.94 0.049410
3 40.23 203.73 87.56 251.19 0.049308
3 917.42 377.69 931.36 409.46 0.049188
4 159.70 232.60 707.87 521.05 0.049144
6 625.28 134.92 684.63 166.93 0.049142
3 813.40 184.94 821.71 201.77 0.049142
6 164.31 269.95 484.15 525.38 0.049116
4 358.46 249.01 389.83 271.08 0.048983
3 107.14 242.75 484.13 521.74 0.048850
5 919.32 170.60 1009.65 263.88 0.048827
1 374.52 381.73 414.43 415.84 0.048794
3 1126.43 658.67 1146.34 676.38 0.048662
4 846.85 89.80 883.56 104.10 0.048639
3 941.52 611.83 960.98 626.30 0.048634
1 547.87 514.26 753.41 561.80 0.048555
3 127.96 464.71 156.87 487.74 0.048461
2 147.53 445.58 169.63 477.04 0.048289
1 941.92 564.16 1255.12 712.55 0.048270
4 34.95 321.25 202.44 399.08 0.048180
3 1101.12 339.03 1205.00 389.35 0.048159
3 773.96 289.93 786.83 315.77 0.048108
5 737.04 107.89 756.17 127.40 0.048099
3 39.56 554.52 61.38 574.56 0.047810
3 1011.83 355.85 1047.92 381.79 0.047711
3 953.78 393.37 990.63 433.73 0.047696
3 123.79 444.06 169.96 480.10 0.047507
6 832.28 57.85 841.22 66.73 0.047432
3 709.55 287.41 722.08 314.45 0.047362
3 888.74 56.58 1398.46 595.25 0.047040
2 15.24 364.89 1260.09 716.31 0.046982
3 426.55 108.56 471.47 168.31 0.046928
1 773.68 289.55 787.42 315.87 0.046747
3 784.26 62.36 804.60 79.48 0.046681
4 108.80 29.10 985.54 528.05 0.046619
3 956.76 595.06 970.29 616.91 0.046376
6 984.34 105.91 1002.47 132.22 0.046244
2 12.12 394.61 191.46 656.47 0.046189
5 729.49 517.65 750.99 556.75 0.046112
4 195.10 295.28 293.73 339.99 0.046085
1 50.00 525.76 72.66 569.79 0.045893
4 1347.13 626.12 1399.24 701.02 0.045875
4 28.33 320.91 203.88 425.94 0.045865
2 292.29 464.02 309.10 497.87 0.045630
1 999.57 138.15 1018.58 171.54 0.045584
4 468.92 276.21 487.23 292.80 0.045529
3 803.44 48.92 818.88 61.32 0.045415
3 469.48 276.47 487.08 292.46 0.045377
4 264.23 269.99 295.14 294.89 0.045102
4 784.39 62.44 804.70 79.57 0.045092
6 940.68 321.47 1250.43 502.15 0.044823
2 1272.36 509.41 1358.50 594.85 0.044805
3 123.81 512.62 137.44 531.75 0.044774
3 135.39 512.11 163.99 533.97 0.044731
2 999.51 138.45 1018.65 171.57 0.044612
5 551.80 517.27 567.66 556.48 0.044520
6 13.97 37.16 1398.50 625.23 0.044473
6 468.90 276.68 486.95 292.51 0.044432
4 1107.11 349.88 1166.55 386.06 0.044305
6 774.57 290.31 786.33 315.28 0.044238
3 251.48 346.72 311.51 392.63 0.044200
5 953.41 283.31 1017.23 416.37 0.044051
3 934.86 268.24 1259.55 713.10 0.044010
6 830.46 69.78 839.52 80.79 0.043938
6 742.52 106.43 758.84 125.21 0.043752
5 496.50 218.02 517.50 236.27 0.043640
3 1041.75 271.89 1145.50 332.26 0.043602
5 125.89 614.98 151.42 654.10 0.043360
3 542.71 134.80 595.70 249.07 0.043153
1 709.31 287.07 722.60 314.61 0.043140
3 931.72 170.74 1011.53 394.07 0.043110
5 1057.21 279.71 1114.23 301.67 0.043039
6 519.94 930.90 592.07 1033.75 0.043023
3 810.58 98.41 822.27 109.19 0.043017
4 270.66 267.41 350.59 296.62 0.042966
2 105.65 43.71 1262.21 715.04 0.042933
3 257.30 232.86 415.77 305.13 0.042704
6 1103.03 340.90 1204.84 392.42 0.042643
6 266.30 269.28 295.66 294.69 0.042543
4 1011.77 355.91 1049.18 381.20 0.042542
3 182.44 41.43 850.52 494.53 0.042496
6 736.89 107.94 753.48 126.77 0.042491
3 228.66 296.93 292.07 328.10 0.042392
3 864.34 53.02 876.49 64.49 0.042376
6 197.83 184.17 1396.88 606.22 0.042322
3 264.78 269.94 294.63 294.15 0.042091
3 742.74 68.93 802.75 121.91 0.042066
6 0.19 293.79 38.37 401.78 0.042057
5 803.35 49.06 816.63 60.68 0.042043
5 1158.59 652.19 1206.47 710.86 0.041983
3 177.33 235.04 205.78 271.67 0.041943
3 1057.47 270.89 1075.98 286.42 0.041845
4 401.90 216.24 419.24 229.93 0.041800
5 223.57 334.85 253.91 363.81 0.041776
2 10.52 35.56 1253.13 712.55 0.041757
3 8.48 229.49 1396.60 710.75 0.041713
3 224.23 336.11 253.59 360.68 0.041642
6 1124.35 179.94 1392.90 291.00 0.041639
3 551.65 517.32 567.84 556.74 0.041600
6 1012.31 355.97 1046.56 380.15 0.041589
5 797.12 223.13 811.60 237.97 0.041559
4 199.03 233.84 467.19 390.15 0.041537
2 107.75 442.82 173.40 493.79 0.041508
3 940.66 611.46 962.74 626.95 0.041413
6 1069.68 300.87 1096.27 328.87 0.041408
3 205.69 266.89 287.98 300.61 0.041407
3 797.07 223.49 810.85 237.79 0.041364
4 833.42 45.90 1398.81 596.31 0.041361
3 720.46 58.92 807.51 144.24 0.041348
3 710.22 287.76 721.60 313.72 0.041281
5 846.90 89.55 883.41 127.91 0.041251
3 803.31 46.86 820.41 60.67 0.041247
4 965.17 342.08 1395.20 595.20 0.041077
3 1010.27 355.30 1025.02 389.41 0.041047
4 1214.91 468.55 1301.68 506.60 0.041022
3 942.15 601.22 969.46 627.12 0.041008
3 165.93 367.28 183.98 385.47 0.041006
2 15.87 528.95 60.96 587.54 0.040992
1 248.29 421.76 341.59 471.19 0.040742
3 130.88 445.95 169.52 475.27 0.040725
2 1006.90 204.35 1017.87 220.20 0.040699
3 524.87 223.46 546.05 241.54 0.040686
2 773.82 289.88 787.24 315.53 0.040678
5 1105.74 353.02 1154.91 387.87 0.040634
5 23.82 235.84 1397.16 619.06 0.040589
3 280.14 308.82 298.76 337.70 0.040544
4 223.97 336.15 253.73 359.14 0.040458
5 162.12 478.10 212.38 516.07 0.040426
1 933.85 244.16 1257.92 708.25 0.040383
2 9.17 36.73 872.83 594.84 0.040324
1 596.97 348.89 642.75 390.91 0.040316
3 931.75 283.84 1016.76 413.58 0.040260
5 697.96 72.17 725.34 104.62 0.040211
2 12.50 37.18 883.08 651.22 0.040148
6 496.67 218.32 516.69 235.60 0.040042
3 1206.40 612.29 1250.38 657.64 0.040036
6 777.80 75.45 789.92 89.13 0.040035
3 32.63 320.12 204.81 420.81 0.039893
1 929.68 186.34 1260.22 712.16 0.039844
6 247.09 234.57 587.08 472.33 0.039758
1 20.16 520.92 37.65 551.17 0.039721
1 927.58 209.23 1368.97 712.88 0.039717
3 145.17 446.49 170.95 474.71 0.039702
3 14.44 28.61 883.42 651.24 0.039651
3 1007.21 204.29 1016.55 218.20 0.039547
5 1011.91 355.74 1047.43 381.02 0.039524
2 1215.42 468.33 1339.65 521.85 0.039515
3 402.17 216.65 418.82 229.80 0.039474
1 542.30 134.08 596.23 249.10 0.039365
2 221.94 334.65 247.60 370.58 0.039334
3 10.24 275.57 1392.06 716.60 0.039286
1 108.19 443.98 174.58 503.40 0.039238
3 16.17 469.38 75.57 509.61 0.039199
6 685.26 159.87 698.31 175.98 0.039126
3 1126.13 708.79 1398.16 1047.74 0.039107
3 1101.25 338.41 1178.89 383.02 0.039103
6 1158.58 653.62 1204.74 710.74 0.039094
2 709.36 287.25 722.61 314.37 0.038980
3 304.36 159.38 324.65 189.49 0.038840
3 1010.87 355.65 1026.03 387.47 0.038778
6 22.41 242.78 1395.73 614.25 0.038673
3 1006.91 270.60 1256.74 711.39 0.038468
1 1006.60 204.55 1017.18 220.35 0.038455
3 198.59 326.39 252.66 357.47 0.038382
3 774.51 290.18 786.29 315.09 0.038381
2 114.41 494.48 1254.92 715.06 0.038331
3 927.56 189.60 1258.82 714.44 0.038302
4 929.40 170.58 1010.89 395.02 0.038284
3 71.11 280.10 169.39 326.86 0.038244
3 919.02 389.15 930.14 409.64 0.038183
1 1185.71 393.82 1247.46 452.11 0.038133
5 754.71 88.35 769.28 101.69 0.038050
2 50.23 525.68 72.74 570.42 0.038032
5 574.41 918.26 736.54 1022.19 0.038004
3 228.18 121.44 306.50 239.85 0.037941
4 205.47 267.20 294.04 336.18 0.037864
6 495.19 217.30 546.00 241.04 0.037703
3 20.68 393.11 106.59 435.31 0.037585
6 1215.46 468.03 1398.95 593.40 0.037516
6 1342.85 482.59 1399.48 590.13 0.037511
5 741.65 105.72 758.76 125.10 0.037490
6 930.84 56.95 1010.09 151.92 0.037451
4 525.40 223.01 546.36 241.42 0.037312
3 823.51 88.75 832.61 98.32 0.037302
5 802.58 46.40 819.13 60.28 0.037221
3 249.44 154.92 289.78 207.97 0.037204
2 20.84 520.73 37.74 551.03 0.037168
4 1011.73 355.48 1032.83 382.44 0.037125
3 1006.14 191.00 1031.05 219.87 0.037116
1 1021.81 448.79 1064.82 499.47 0.037089
3 722.11 123.22 739.96 141.95 0.037075
3 1011.48 355.60 1031.32 383.93 0.037066
3 147.18 445.50 170.23 477.06 0.037032
6 402.20 216.10 419.13 229.97 0.036978
3 1018.71 205.47 1028.19 220.55 0.036978
1 55.32 407.84 78.54 436.95 0.036943
5 697.57 72.13 725.71 139.49 0.036925
4 804.04 49.03 819.45 61.14 0.036910
1 321.09 367.16 383.48 413.41 0.036902
1 125.11 614.18 143.45 653.98 0.036853
3 772.05 77.18 788.49 98.12 0.036719
3 22.96 520.92 70.36 550.86 0.036660
3 195.08 307.48 261.99 339.03 0.036660
1 1302.57 397.57 1378.56 464.42 0.036624
2 339.85 135.04 363.84 170.82 0.036597
3 754.25 88.41 768.64 102.95 0.036515
6 786.76 62.53 804.61 78.86 0.036452
4 1158.30 652.59 1205.63 710.89 0.036422
4 360.74 251.04 388.73 271.79 0.036419
2 828.25 45.75 1390.68 716.83 0.036398
6 792.80 63.79 804.30 77.17 0.036321
5 813.51 185.03 822.31 201.93 0.036321
5 1013.62 568.92 1033.27 612.51 0.036245
6 981.32 88.63 1009.53 150.41 0.036225
3 185.34 471.99 268.49 506.94 0.036224
3 941.66 564.58 1254.54 713.27 0.036204
1 15.76 492.36 138.18 570.44 0.036171
3 1075.81 298.31 1143.57 329.40 0.036095
5 293.56 267.11 350.94 292.71 0.036079
4 949.57 335.84 1249.27 499.29 0.035983
5 1215.16 467.54 1398.85 593.53 0.035884
2 950.16 566.81 1035.48 623.36 0.035849
6 746.67 83.87 783.79 122.41 0.035847
4 1010.79 355.22 1027.26 386.63 0.035770
3 249.97 400.66 341.20 442.64 0.035673
5 467.43 276.67 486.33 292.69 0.035628
2 596.88 348.78 642.54 390.82 0.035604
5 1216.25 468.94 1262.69 510.90 0.035600
3 968.26 134.07 984.58 151.61 0.035578
5 626.70 135.03 685.24 167.51 0.035478
6 543.73 136.05 594.66 204.67 0.035389
3 0.05 393.85 22.99 431.91 0.035366
1 1010.33 355.22 1057.94 404.62 0.035311
4 27.61 228.22 1401.27 610.55 0.035241
5 495.06 216.67 546.35 241.79 0.035224
6 223.72 334.87 253.95 362.09 0.035137
4 848.47 69.72 881.99 84.63 0.035040
4 597.54 351.32 621.68 389.59 0.034975
4 803.87 47.32 820.12 60.47 0.034972
6 1014.29 355.28 1064.83 499.02 0.034967
1 221.86 334.05 252.38 370.70 0.034964
6 359.71 252.06 388.45 272.07 0.034897
3 846.63 89.86 882.99 128.11 0.034843
2 819.02 53.19 1260.47 712.88 0.034832
5 401.69 216.38 419.14 230.01 0.034825
2 426.34 108.56 471.28 168.08 0.034750
3 5.24 30.42 1397.01 781.90 0.034679
6 205.40 267.58 295.61 335.66 0.034615
5 954.94 574.58 974.54 618.45 0.034594
1 174.92 411.44 207.50 441.81 0.034590
3 640.99 40.78 883.51 226.39 0.034571
1 1341.59 504.01 1398.50 590.15 0.034553
6 960.61 113.70 974.28 128.61 0.034506
2 248.38 421.66 341.44 470.95 0.034495
3 1018.40 204.54 1028.92 221.79 0.034480
3 815.83 155.19 1398.67 712.56 0.034468
3 1128.57 181.86 1390.05 290.72 0.034407
3 543.56 135.33 594.83 262.14 0.034393
3 1123.84 470.84 1398.67 714.22 0.034393
1 50.30 409.17 64.27 431.41 0.034343
1 1060.25 364.75 1110.50 407.67 0.034331
3 265.55 266.40 350.81 303.03 0.034297
4 243.37 40.53 823.56 476.56 0.034268
3 205.77 296.33 295.66 336.93 0.034263
3 106.72 415.47 230.79 490.21 0.034142
3 931.79 286.15 952.53 305.27 0.034125
3 738.78 108.18 757.06 127.15 0.034112
3 982.91 170.75 1031.26 220.87 0.034107
1 1126.81 392.56 1184.01 447.25 0.034086
5 205.66 266.54 292.36 299.25 0.034080
4 642.26 42.33 1398.05 598.78 0.034074
6 803.22 48.65 815.77 60.14 0.034041
3 1182.61 609.03 1209.96 638.17 0.033841
2 1121.99 625.56 1145.34 673.98 0.033831
5 968.89 135.04 984.83 151.40 0.033721
1 1021.17 401.56 1062.75 448.24 0.033712
5 864.86 53.76 876.88 65.32 0.033699
6 755.74 88.33 769.53 101.77 0.033689
2 320.99 367.12 383.40 413.41 0.033676
5 428.61 277.76 468.53 309.49 0.033635
4 203.19 307.17 263.54 335.37 0.033553
3 643.10 38.56 1398.89 598.68 0.033494
3 1029.99 268.54 1397.75 610.42 0.033465
2 374.67 381.57 414.45 415.89 0.033444
3 227.87 97.88 423.31 259.03 0.033436
6 836.54 132.28 889.41 195.72 0.033430
6 136.00 512.28 164.40 534.03 0.033383
2 76.74 280.76 167.54 324.32 0.033340
5 932.06 286.05 953.23 306.31 0.033317
5 340.69 136.31 362.64 168.75 0.033316
1 111.66 388.36 140.83 421.51 0.033304
3 285.42 117.06 340.28 228.26 0.033283
3 1058.37 280.74 1117.12 301.98 0.033250
1 154.38 371.56 173.16 393.42 0.033185
3 31.56 429.75 44.36 445.99 0.033075
1 164.59 365.58 184.66 386.98 0.032830
3 225.08 84.01 479.52 275.98 0.032801
3 162.09 232.13 707.35 519.93 0.032790
6 4.29 9.65 1396.81 1045.34 0.032728
2 16.96 468.95 75.75 506.88 0.032724
5 175.65 413.55 220.83 441.08 0.032699
3 1347.33 632.18 1398.96 700.60 0.032683
5 916.71 377.04 931.96 409.37 0.032678
5 1077.86 299.61 1144.14 329.74 0.032643
1 1171.56 595.53 1194.22 635.34 0.032579
6 1137.48 270.07 1202.48 348.15 0.032548
4 967.65 133.01 984.73 151.60 0.032528
4 572.58 917.12 735.96 1017.71 0.032474
3 1216.38 468.98 1265.86 508.36 0.032456
3 697.59 72.50 725.11 104.35 0.032417
6 932.00 286.41 953.28 306.18 0.032372
2 684.46 178.76 695.01 196.55 0.032313
5 569.77 287.22 593.56 307.00 0.032299
5 524.32 223.83 546.25 242.29 0.032297
3 686.70 158.76 700.19 176.23 0.032262
5 641.77 176.40 695.58 218.32 0.032245
2 189.78 316.37 209.30 367.91 0.032227
3 1368.16 536.26 1399.31 588.94 0.032105
4 740.54 68.11 805.58 121.41 0.032082
6 1063.96 281.83 1120.02 318.11 0.032074
2 1185.97 394.09 1247.43 452.04 0.032045
4 1070.06 303.07 1092.68 328.87 0.032020
3 570.00 287.23 593.49 306.92 0.031956
1 940.90 355.29 983.38 395.81 0.031940
1 251.48 346.17 311.70 393.42 0.031859
1 189.42 316.90 209.76 369.41 0.031839
5 718.18 58.02 808.59 145.79 0.031835
3 222.52 334.95 253.96 370.11 0.031682
4 270.93 268.66 294.01 283.12 0.031661
5 301.13 297.43 468.00 370.04 0.031573
6 982.83 104.31 1004.24 146.75 0.031531
3 981.84 169.27 1030.94 218.84 0.031528
1 685.05 179.07 695.48 196.81 0.031512
2 1341.49 504.04 1398.62 589.50 0.031394
1 2.62 392.45 26.37 431.59 0.031360
3 176.09 413.06 197.57 437.98 0.031353
5 1037.48 235.02 1049.76 253.00 0.031339
5 1222.01 612.08 1251.47 658.13 0.031309
4 753.90 88.28 769.12 102.92 0.031244
2 186.52 339.50 208.03 373.34 0.031243
3 648.08 42.16 1395.61 713.42 0.031240
3 1158.72 652.97 1207.22 689.84 0.031218
3 925.39 48.42 1014.92 157.72 0.031211
3 1016.22 379.76 1031.23 403.00 0.031204
1 186.31 338.58 208.08 374.10 0.031154
6 303.52 85.38 344.61 103.36 0.031130
3 148.79 551.38 176.33 566.69 0.031121
3 918.85 202.14 967.78 263.94 0.031107
3 1056.86 281.45 1078.02 302.44 0.031060
6 803.94 45.53 820.30 59.39 0.031025
4 871.50 91.23 884.21 100.31 0.030991
2 1010.33 355.08 1057.89 404.34 0.030984
1 16.70 468.91 75.68 508.82 0.030964
2 1126.90 392.61 1183.69 446.95 0.030954
3 963.24 124.09 985.17 152.55 0.030947
3 776.35 41.90 788.48 56.05 0.030945
3 412.51 259.86 461.21 286.24 0.030931
3 692.91 39.54 844.93 144.44 0.030911
5 300.05 282.08 469.16 368.68 0.030908
3 144.10 497.07 159.74 508.48 0.030907
2 1121.22 519.93 1253.43 713.20 0.030900
1 49.88 523.21 70.89 544.76 0.030814
5 425.90 108.55 472.34 168.88 0.030749
2 2.49 391.76 26.65 431.49 0.030741
6 343.91 299.70 462.94 371.30 0.030662
3 1266.92 252.27 1366.96 286.50 0.030653
3 1011.28 334.72 1255.94 714.16 0.030586
2 1302.69 397.29 1378.39 464.14 0.030582
2 11.74 319.79 1383.43 719.29 0.030557
4 175.30 412.98 226.94 442.47 0.030505
1 1155.25 619.26 1250.47 713.92 0.030484
4 186.07 472.54 266.73 500.47 0.030473
3 737.68 545.66 750.63 556.66 0.030451
3 947.47 203.82 966.02 222.02 0.030420
6 747.85 97.56 761.91 111.39 0.030384
5 796.65 221.88 825.50 238.91 0.030371
3 11.34 23.38 1122.95 596.45 0.030330
1 15.12 492.65 161.05 584.80 0.030317
3 194.80 295.12 294.14 339.51 0.030305
1 33.48 320.26 203.64 401.18 0.030302
4 1057.20 279.84 1112.22 299.09 0.030242
3 857.42 475.11 897.65 505.41 0.030198
3 871.44 91.69 883.70 100.79 0.030194
4 1012.43 356.91 1055.61 402.02 0.030175
6 1011.69 355.62 1030.65 382.28 0.030150
3 127.77 545.58 160.04 584.40 0.030058
3 244.39 280.03 472.14 491.28 0.030040
4 251.32 274.02 482.36 407.48 0.030034
3 1013.38 568.91 1032.88 612.25 0.030016
