4 667.46 263.26 717.49 313.10 0.755654
4 316.93 494.89 402.41 550.71 0.732703
4 795.02 355.45 843.39 428.44 0.724550
4 842.79 8.17 878.57 51.64 0.704849
3 667.73 263.28 717.51 312.84 0.700229
3 795.29 355.31 843.16 427.91 0.676812
4 755.77 81.60 800.69 131.32 0.667860
5 667.46 263.14 717.52 313.27 0.666203
6 667.71 263.44 717.32 313.07 0.663227
6 795.27 355.58 843.29 428.11 0.646219
3 843.19 8.27 878.13 51.16 0.642669
5 794.95 355.44 843.44 428.44 0.638302
3 756.09 81.94 800.35 130.90 0.634477
3 317.31 495.00 402.13 550.67 0.630850
6 843.18 8.39 878.21 51.32 0.613800
5 842.90 8.29 878.02 51.68 0.605327
6 756.21 81.78 800.62 131.24 0.602271
5 316.94 494.54 402.44 550.63 0.599676
5 755.77 81.92 800.11 131.57 0.594878
4 773.84 139.24 821.54 191.89 0.587210
4 873.31 288.80 913.79 346.10 0.578986
6 317.38 495.04 402.28 550.16 0.560184
3 773.70 139.50 821.38 191.43 0.544825
6 774.43 139.63 821.31 191.54 0.528932
5 774.25 139.35 821.47 192.01 0.510362
5 873.36 288.80 913.59 346.19 0.498120
3 873.31 288.93 913.27 345.62 0.493902
6 873.69 289.07 913.76 345.64 0.489594
1 794.29 355.22 844.22 429.29 0.398986
1 666.61 263.05 718.10 313.37 0.381097
1 315.17 494.42 403.12 552.01 0.360744
6 635.31 512.40 677.43 571.16 0.321102
6 633.72 512.26 678.89 584.17 0.316381
1 842.15 8.61 877.49 52.55 0.308113
3 634.04 511.45 681.13 585.50 0.303949
2 666.48 262.76 718.35 313.28 0.291644
2 794.29 354.74 844.41 429.27 0.290822
2 4.65 2.03 1393.62 785.08 0.290491
2 3.90 2.08 953.39 784.69 0.285556
1 755.43 81.68 799.68 132.61 0.281321
2 315.08 494.13 403.23 551.87 0.281317
4 630.32 512.49 679.05 587.01 0.277940
1 634.38 511.98 681.35 586.11 0.265824
1 774.31 138.60 822.30 193.12 0.265747
3 636.99 512.86 677.98 571.80 0.259367
3 873.81 304.45 905.17 345.73 0.249716
4 636.28 513.18 678.25 573.23 0.245266
3 632.31 512.23 698.54 586.43 0.244968
6 1338.71 138.06 1397.76 183.35 0.239755
1 872.66 288.41 913.59 347.48 0.234147
3 767.58 271.66 792.80 324.23 0.227010
2 841.88 8.65 877.80 52.54 0.213155
5 1338.47 137.86 1396.83 183.49 0.213039
5 873.52 304.26 904.80 346.09 0.212532
3 1339.04 138.32 1396.83 183.30 0.204615
5 633.77 512.07 679.28 583.30 0.193818
2 755.17 81.41 799.93 132.71 0.191219
6 372.51 139.74 427.36 174.10 0.187406
3 372.25 139.91 427.25 173.96 0.186568
2 633.96 511.68 681.33 587.44 0.179538
2 773.20 138.50 822.10 193.45 0.179256
3 135.20 173.92 186.01 230.87 0.178186
2 872.40 288.23 913.71 347.48 0.175670
3 839.25 594.16 870.00 660.82 0.170101
6 632.94 512.00 700.14 588.98 0.169707
6 882.41 288.71 913.87 324.16 0.169098
4 134.97 173.75 186.18 231.02 0.168019
1 767.58 271.67 792.86 324.39 0.167163
3 622.40 512.18 698.89 596.61 0.165817
6 292.51 120.31 320.22 152.18 0.163330
3 619.73 512.32 678.44 595.41 0.161201
3 763.31 530.54 789.89 589.81 0.161171
2 767.27 271.36 793.37 324.61 0.160400
5 134.29 173.71 186.78 231.63 0.156290
4 777.07 166.70 803.82 191.21 0.155996
3 4.40 2.23 999.85 784.92 0.155284
4 628.21 512.29 700.25 591.70 0.153991
4 371.29 139.79 428.98 175.24 0.153343
6 873.58 304.66 904.16 345.76 0.150678
1 244.83 163.00 274.42 206.96 0.149123
5 238.98 36.56 267.66 70.90 0.146952
3 777.28 167.09 803.55 190.81 0.145312
1 2.57 2.31 968.09 784.80 0.144514
3 599.65 510.97 680.95 594.20 0.143772
1 544.41 355.52 562.93 382.77 0.139975
6 601.33 511.95 678.29 594.31 0.139739
3 292.78 120.33 320.38 152.14 0.137368
3 240.32 37.38 267.07 69.84 0.136848
4 239.77 37.00 267.42 70.24 0.134976
3 135.75 191.29 173.74 230.13 0.133315
1 79.55 539.01 110.87 577.50 0.132764
3 245.00 162.67 274.08 206.47 0.132520
6 331.69 128.81 370.90 158.89 0.132048
5 632.79 511.87 700.17 589.73 0.128486
3 768.71 272.17 791.59 323.02 0.128301
3 194.71 200.15 239.91 241.07 0.127756
3 628.71 271.21 642.68 306.13 0.127320
5 371.35 139.36 427.75 175.09 0.126870
3 544.48 355.56 562.74 382.61 0.126865
5 193.61 199.91 239.28 243.50 0.126777
2 3.94 1.89 1180.72 785.01 0.125835
5 134.97 190.08 174.96 230.51 0.122434
5 885.51 288.65 913.97 323.54 0.121300
5 601.89 511.55 685.95 594.36 0.120774
1 649.00 525.98 680.07 584.24 0.120731
4 1338.96 138.41 1396.13 183.15 0.120599
6 196.75 200.19 239.85 242.12 0.120126
4 135.48 190.77 174.48 230.28 0.118632
4 873.37 304.29 904.00 346.14 0.118292
1 3.90 2.75 1393.98 785.25 0.118248
5 776.94 166.70 803.78 191.29 0.116425
5 292.39 120.16 320.92 152.61 0.115107
6 239.98 37.10 267.54 70.21 0.114017
3 727.47 35.51 759.83 82.88 0.113959
6 429.50 151.43 455.65 186.00 0.113943
3 429.66 151.67 455.15 185.82 0.112058
3 632.93 510.98 700.14 594.47 0.110418
4 756.43 106.05 783.41 130.98 0.109835
4 292.75 120.35 321.20 152.53 0.109809
3 331.73 128.92 370.97 158.42 0.108246
6 135.09 173.43 186.46 231.28 0.107871
2 905.79 3.68 1397.11 784.41 0.106856
1 839.54 593.94 870.33 661.05 0.104421
3 886.33 288.74 913.55 322.64 0.103458
4 886.14 288.62 913.97 322.97 0.102552
1 628.32 271.05 642.98 305.62 0.102481
1 574.29 511.77 680.92 594.36 0.102353
2 628.04 270.68 643.27 306.51 0.101745
1 236.86 35.31 269.27 73.38 0.101354
4 194.55 199.89 239.90 241.24 0.100122
2 839.10 593.76 870.55 661.14 0.099940
6 727.54 35.51 759.96 83.11 0.099413
3 756.76 106.59 783.08 130.58 0.097981
3 4.62 2.43 1392.79 785.22 0.097910
2 601.64 510.86 682.33 595.97 0.097441
1 133.76 172.96 187.21 232.16 0.096832
1 293.73 121.08 322.36 153.75 0.096081
5 100.02 241.65 120.97 266.97 0.095676
3 629.96 271.95 641.50 304.58 0.095385
4 727.02 35.45 759.91 83.45 0.095042
3 572.59 510.83 687.68 594.64 0.095004
3 1338.05 137.92 1395.50 185.63 0.094773
2 79.39 538.56 110.87 577.57 0.094437
4 1146.09 621.59 1188.43 673.08 0.093981
3 807.50 456.51 829.53 511.18 0.093450
1 763.01 530.34 790.26 590.22 0.092983
2 763.16 530.05 790.49 590.49 0.090746
2 544.41 355.02 563.32 382.73 0.090272
3 292.33 120.66 321.30 153.46 0.089983
5 331.75 128.71 370.96 159.14 0.088538
5 756.37 105.60 783.65 131.16 0.087996
2 5.06 1.38 778.83 550.25 0.087835
5 429.18 151.21 455.81 186.32 0.087686
1 194.63 199.26 241.13 244.99 0.087605
3 644.31 518.39 677.30 567.83 0.087465
3 840.75 594.67 869.04 659.56 0.087348
3 646.36 522.71 677.53 569.13 0.087109
2 923.28 235.31 1396.83 784.55 0.086823
3 81.24 539.62 110.39 575.74 0.086029
3 292.51 119.63 450.30 185.94 0.085886
4 331.41 128.68 371.08 159.23 0.085621
3 81.11 538.95 122.18 576.67 0.085027
3 100.72 242.29 120.14 265.84 0.084625
6 292.39 119.96 370.73 159.80 0.084381
6 777.74 167.04 803.32 190.92 0.083949
5 3.68 2.41 994.86 784.29 0.083935
3 599.44 524.38 638.93 588.40 0.083742
2 10.22 0.78 896.78 631.76 0.083706
3 649.96 524.57 679.54 580.96 0.083067
4 429.68 151.48 455.68 185.85 0.082824
2 793.10 0.49 851.92 57.70 0.082631
4 5.78 3.22 944.92 784.06 0.081534
6 292.39 119.66 449.33 185.94 0.081514
3 873.36 301.26 905.92 346.43 0.079421
5 98.99 173.54 187.77 269.39 0.079246
3 99.91 173.31 186.58 267.28 0.078604
5 727.35 35.65 760.04 83.17 0.077315
4 666.39 4.82 883.66 314.93 0.076425
4 485.20 211.79 536.16 241.48 0.076048
3 373.34 139.83 425.59 172.54 0.075751
4 100.50 242.05 120.51 266.12 0.075553
3 764.54 531.06 789.01 588.80 0.075374
3 744.69 261.78 791.90 323.35 0.075325
3 292.56 119.87 370.80 159.66 0.074822
5 292.31 119.59 370.61 159.76 0.074675
1 1338.10 138.34 1394.59 187.07 0.074263
4 99.70 173.05 186.95 267.60 0.073880
1 301.57 126.05 321.30 152.71 0.073589
3 858.96 288.34 912.95 363.25 0.073492
1 775.84 165.72 805.11 192.29 0.072658
3 79.88 539.20 110.14 576.98 0.072512
3 644.40 518.13 678.61 580.89 0.072362
3 293.30 121.48 321.94 152.77 0.072282
3 785.93 0.27 855.52 64.70 0.072154
1 921.25 254.93 1395.92 783.45 0.072027
3 194.96 199.27 240.96 244.88 0.071851
3 171.22 36.59 267.26 129.16 0.071606
6 371.09 138.97 443.96 184.95 0.071522
4 80.93 539.59 109.80 575.60 0.071433
1 905.47 3.08 1396.70 783.76 0.071397
4 727.17 53.72 741.16 83.38 0.070945
3 883.98 288.77 912.93 324.14 0.070574
1 546.59 443.36 763.41 622.75 0.069929
3 370.42 139.30 441.50 184.88 0.069632
3 546.85 2.92 890.63 603.34 0.069020
2 133.64 172.85 187.37 232.23 0.068668
3 727.34 53.94 741.07 82.89 0.068491
1 551.41 5.03 889.04 610.60 0.068158
1 133.91 189.79 175.66 231.30 0.067950
4 292.57 119.70 448.05 185.49 0.067378
2 550.45 3.30 901.09 613.39 0.067307
1 621.42 560.76 648.98 594.67 0.067092
3 642.94 207.13 677.58 242.14 0.067060
1 873.69 304.30 905.20 346.22 0.066821
1 576.87 443.71 761.70 618.41 0.066500
3 237.86 35.95 268.86 72.44 0.066432
3 485.59 212.27 535.90 241.04 0.066310
5 648.25 527.90 677.11 569.58 0.066067
3 1146.52 621.99 1187.89 672.35 0.065826
6 807.94 356.75 842.63 400.46 0.065730
3 666.00 3.63 883.96 314.52 0.065666
4 678.11 464.25 730.91 502.12 0.065410
6 135.71 191.14 174.22 230.30 0.065204
6 246.11 163.62 272.94 205.05 0.064869
1 574.15 523.81 634.03 586.13 0.064319
3 545.77 356.91 561.56 380.79 0.064185
5 807.74 356.11 842.74 400.33 0.064180
2 244.93 162.55 274.40 206.43 0.064151
3 133.89 189.96 174.96 231.39 0.063725
3 807.74 355.68 842.61 400.15 0.063428
3 744.40 262.02 791.63 380.69 0.063409
6 756.88 105.43 783.57 130.93 0.062621
3 80.84 538.47 125.33 576.07 0.062563
5 98.32 172.74 236.98 288.50 0.062179
6 545.94 356.77 561.66 380.92 0.062125
3 100.34 117.04 454.38 302.06 0.061623
4 80.42 537.74 125.38 576.51 0.061528
5 292.07 119.19 449.76 185.93 0.061506
3 574.13 523.97 638.15 587.95 0.061299
3 769.14 272.26 791.81 380.38 0.061157
1 168.47 34.81 269.34 131.76 0.061150
3 545.63 443.24 762.06 613.71 0.060925
3 1144.25 620.93 1187.74 673.39 0.060578
4 794.46 287.82 915.17 429.40 0.060451
4 196.83 280.75 235.97 299.13 0.060183
5 245.99 163.55 273.14 205.46 0.060088
4 977.71 454.77 1034.50 484.70 0.059783
1 755.95 106.42 783.80 131.97 0.059708
3 246.16 163.64 272.84 204.71 0.059522
5 545.47 356.34 562.04 381.24 0.059252
4 620.48 560.24 646.75 594.77 0.058900
3 4.48 264.79 962.20 785.50 0.058815
1 917.58 194.52 1396.51 784.35 0.058628
4 649.07 527.62 676.85 568.21 0.058472
4 628.81 563.61 644.42 583.41 0.058309
1 278.59 517.67 304.07 549.73 0.058223
3 3.47 590.65 946.96 786.66 0.058206
3 620.14 4.42 892.15 599.77 0.058005
2 929.97 276.76 1396.55 784.61 0.057937
2 775.21 165.47 804.99 192.57 0.057922
2 654.85 532.30 680.23 583.13 0.057648
1 627.17 562.19 645.26 586.02 0.057450
4 0.69 509.78 103.78 564.10 0.057372
3 795.13 288.13 913.70 428.68 0.057039
3 358.50 78.32 382.86 103.86 0.056973
2 919.94 143.48 1396.57 784.26 0.056903
1 98.89 240.65 122.34 268.24 0.056805
3 176.83 118.06 451.01 300.41 0.056455
3 628.51 563.05 643.83 583.23 0.056221
1 628.97 443.72 762.63 616.40 0.056134
3 197.17 280.85 235.71 298.85 0.056125
4 358.19 77.85 382.93 103.93 0.056039
2 571.97 4.30 887.74 603.69 0.055945
1 95.66 732.32 117.24 775.61 0.055862
1 356.11 75.04 384.47 107.20 0.055529
6 727.49 53.04 741.41 83.20 0.055180
4 0.15 543.80 19.39 564.77 0.055144
3 775.75 165.45 804.86 192.23 0.054906
5 357.91 77.47 383.23 104.47 0.054658
2 308.69 6.39 890.22 565.84 0.054570
4 171.86 36.41 267.44 128.73 0.054413
3 164.97 233.05 190.08 260.58 0.054396
3 88.25 0.75 760.51 303.07 0.054389
2 546.84 442.85 763.42 617.22 0.054160
2 726.45 3.00 957.19 783.43 0.054082
5 842.91 25.24 868.22 51.40 0.054069
3 756.34 80.67 820.94 192.32 0.054035
5 164.50 232.50 190.41 260.61 0.053902
3 619.73 558.15 646.39 593.84 0.053899
5 223.03 35.19 268.23 75.48 0.053865
1 599.20 522.71 639.04 584.69 0.053795
2 737.04 2.38 1396.42 785.10 0.053635
1 13.59 2.81 898.87 635.55 0.053528
6 677.43 464.52 729.16 503.74 0.053454
4 292.39 119.83 370.73 159.91 0.053283
6 197.01 281.08 236.26 298.97 0.053175
1 632.59 510.94 704.32 602.72 0.053033
5 1348.66 37.17 1396.71 102.14 0.052748
2 594.99 3.24 978.54 783.82 0.052621
6 4.84 2.88 981.93 784.68 0.052426
4 807.65 356.24 842.59 400.45 0.052265
5 171.39 35.93 267.78 129.47 0.052201
1 663.51 443.47 761.60 610.71 0.052084
5 727.12 53.52 741.48 83.33 0.052025
2 157.77 118.04 452.27 300.52 0.052006
3 629.27 563.60 644.19 582.89 0.051970
1 793.90 287.46 914.69 430.29 0.051961
1 1162.77 559.33 1186.28 589.99 0.051955
6 759.37 4.85 881.70 192.73 0.051788
4 1163.67 560.40 1185.00 588.68 0.051679
4 1152.18 650.14 1177.57 671.43 0.051676
1 1141.63 618.99 1190.42 677.58 0.051234
3 678.04 464.86 730.15 502.48 0.051202
6 651.93 532.63 676.76 569.09 0.051130
3 173.53 102.57 189.87 128.00 0.050990
1 7.48 1.76 781.03 541.89 0.050873
4 977.90 463.49 1003.24 481.15 0.050519
6 81.07 539.91 109.25 575.53 0.050426
1 164.22 232.50 191.19 261.26 0.050029
3 843.22 26.65 867.94 50.82 0.049915
3 316.72 505.69 364.68 549.90 0.049646
2 41.10 0.36 762.38 311.62 0.049628
6 1144.56 621.24 1188.61 673.52 0.049625
5 80.77 539.94 109.95 575.85 0.049515
1 320.78 369.51 356.03 420.78 0.049240
6 665.98 4.03 884.09 314.89 0.049160
2 95.68 33.47 272.95 285.71 0.048872
3 978.22 455.98 1034.22 484.06 0.048775
2 730.58 283.21 949.39 784.60 0.048481
5 171.34 102.01 190.66 129.15 0.048406
4 623.49 4.59 894.72 599.45 0.048397
1 148.73 252.25 190.28 294.03 0.048152
2 793.34 286.89 914.34 430.90 0.048129
4 222.23 35.87 267.70 74.02 0.047991
3 600.74 520.14 643.56 586.36 0.047948
3 1152.59 650.68 1176.80 670.69 0.047934
2 620.23 443.34 761.51 613.56 0.047869
1 641.50 205.88 678.94 244.18 0.047769
3 174.50 78.60 213.78 127.21 0.047634
2 618.63 2.65 1395.22 784.91 0.047604
3 301.55 127.06 320.73 152.46 0.047565
4 2.66 503.69 103.89 552.20 0.047532
3 790.11 0.68 850.31 62.43 0.047481
2 133.88 190.07 175.10 231.18 0.047368
3 761.71 530.23 871.49 686.17 0.047350
6 600.45 521.81 643.64 588.31 0.047343
3 99.49 241.17 121.26 267.16 0.047258
3 1152.41 650.34 1175.17 671.08 0.047203
1 1307.70 223.87 1347.86 278.57 0.047098
4 626.62 550.82 647.30 589.38 0.047058
4 762.53 5.43 881.21 192.95 0.046941
2 573.25 511.33 681.47 595.28 0.046822
2 785.51 0.93 880.62 65.84 0.046667
5 485.16 211.35 536.37 243.57 0.046631
2 167.66 35.12 269.23 132.73 0.046361
5 628.57 563.81 644.20 583.30 0.046150
5 196.68 280.94 235.54 299.57 0.046120
1 655.25 535.38 677.43 567.87 0.046050
4 164.71 232.99 190.44 260.41 0.045929
3 778.42 272.11 791.56 302.31 0.045910
1 96.77 32.61 274.54 287.15 0.045862
3 978.32 464.12 1002.44 480.61 0.045659
3 164.24 204.31 212.26 261.28 0.045617
6 99.98 172.75 187.56 268.70 0.045590
2 97.77 116.87 454.27 302.89 0.045484
2 1337.61 137.99 1396.51 190.41 0.045468
3 378.31 495.43 402.23 529.07 0.045334
6 358.32 78.11 383.02 104.08 0.045302
6 100.55 242.05 120.41 265.93 0.045267
3 222.33 36.41 267.24 73.47 0.045123
5 665.44 4.32 884.31 314.72 0.045099
3 1094.72 329.62 1125.81 382.54 0.045036
1 1086.29 273.77 1394.28 782.23 0.045010
3 0.95 510.41 103.02 562.97 0.044869
3 81.73 556.51 102.76 575.71 0.044672
6 819.52 -0.04 850.64 8.18 0.044532
6 978.07 454.82 1035.14 484.64 0.044450
1 806.87 456.22 829.81 511.62 0.044409
3 601.29 525.65 644.30 591.97 0.044390
1 788.08 0.70 847.20 62.89 0.044378
2 294.65 122.65 321.95 153.31 0.044330
6 485.56 212.06 535.84 241.24 0.044315
3 620.98 559.83 646.63 594.91 0.044266
5 163.92 202.47 214.43 261.50 0.044140
3 99.34 172.37 238.98 286.93 0.044074
3 730.21 287.79 949.25 785.35 0.044025
4 173.49 78.08 214.22 127.77 0.043962
6 172.15 36.65 267.58 128.61 0.043930
2 77.68 16.74 888.70 682.90 0.043902
3 371.07 139.00 447.66 185.62 0.043860
2 6.72 0.54 771.97 389.25 0.043848
3 320.60 368.73 355.72 421.12 0.043829
5 794.34 287.87 914.98 429.47 0.043755
2 237.57 35.88 269.22 72.98 0.043712
3 767.73 271.75 793.09 381.08 0.043623
3 356.60 75.97 384.22 107.21 0.043591
1 678.50 501.25 715.21 605.44 0.043579
6 1.68 730.16 116.73 786.93 0.043413
6 628.68 563.72 643.94 583.11 0.043260
3 1164.59 560.81 1184.17 588.54 0.043224
4 619.23 287.20 915.70 599.69 0.043199
5 193.19 202.17 214.73 230.13 0.043174
4 99.09 172.14 238.69 285.45 0.043138
4 172.90 102.24 190.25 128.42 0.043125
6 768.54 272.19 792.03 323.28 0.043090
5 755.83 3.14 882.11 193.36 0.043039
3 767.94 271.75 819.11 323.65 0.042834
3 1164.05 560.04 1185.24 588.82 0.042788
5 1145.02 621.18 1189.03 673.82 0.042772
5 172.68 78.16 214.45 128.43 0.042572
2 754.59 2.95 881.67 195.03 0.042565
1 767.96 271.83 793.19 381.31 0.042447
1 785.17 1.74 879.96 65.70 0.042366
4 545.65 356.41 561.87 381.09 0.041890
6 621.08 559.19 646.15 595.11 0.041809
3 9.01 2.56 1238.86 784.57 0.041662
5 768.45 272.05 792.09 323.22 0.041617
4 198.08 284.00 218.78 297.91 0.041604
3 800.65 534.45 833.62 690.53 0.041589
3 193.60 202.35 214.44 229.63 0.041479
1 99.14 116.90 451.66 299.10 0.041399
3 5.78 97.67 855.47 784.88 0.041361
6 317.07 505.47 363.88 549.12 0.041347
3 756.72 3.72 882.01 192.40 0.041262
1 305.70 4.66 887.55 590.63 0.041235
1 98.65 172.58 241.57 294.56 0.041195
3 626.97 561.28 645.21 586.10 0.041098
2 660.52 3.33 883.55 317.70 0.040954
2 332.77 0.68 615.26 159.10 0.040949
5 643.08 206.53 678.42 242.81 0.040905
2 807.00 455.75 830.72 511.68 0.040869
4 2.28 730.12 116.70 786.78 0.040854
1 884.55 288.21 913.91 325.10 0.040829
3 784.92 0.67 876.50 65.93 0.040775
3 641.95 206.17 679.03 244.06 0.040716
4 378.66 495.34 402.33 528.59 0.040609
1 80.17 553.80 104.20 576.79 0.040464
2 1307.34 223.68 1348.51 279.50 0.040229
4 163.87 203.24 213.64 261.30 0.040227
3 2.46 730.33 116.64 786.75 0.040188
2 321.21 348.00 395.29 405.53 0.039963
1 726.12 34.55 760.21 84.07 0.039827
3 310.29 3.38 888.59 580.32 0.039811
4 316.35 503.99 361.60 549.05 0.039630
4 403.53 203.06 453.39 230.77 0.039616
6 777.91 272.18 791.69 303.00 0.039615
3 369.73 139.80 429.22 176.03 0.039562
1 78.80 536.37 125.72 579.35 0.039330
3 678.26 501.65 715.60 607.29 0.039277
2 320.40 368.84 356.96 421.71 0.039184
2 641.41 205.62 679.36 244.47 0.039119
2 292.37 120.17 442.47 184.32 0.039012
2 599.42 522.00 641.26 586.57 0.038930
1 5.54 3.79 1242.80 784.54 0.038888
3 14.79 2.27 910.13 630.40 0.038847
3 358.23 77.84 383.05 105.10 0.038805
1 614.26 1.72 1012.78 784.58 0.038789
3 1309.18 225.03 1346.05 277.50 0.038632
5 1108.44 329.18 1125.17 348.06 0.038600
2 1163.20 559.45 1186.28 589.17 0.038460
4 313.43 5.52 890.98 559.97 0.038456
3 884.07 496.90 902.28 525.68 0.038447
5 164.05 199.92 236.34 263.93 0.038446
1 164.08 118.22 448.88 297.47 0.038335
3 1308.16 224.18 1347.25 278.69 0.038282
6 80.50 537.49 126.15 576.23 0.038226
2 874.24 304.73 906.29 345.71 0.038217
2 552.91 2.85 1040.71 784.34 0.038201
3 20.03 1.84 923.54 681.39 0.038153
6 1348.28 37.52 1397.55 101.55 0.038026
3 807.82 625.21 833.02 692.43 0.037997
3 96.16 732.65 116.92 775.73 0.037957
1 366.66 140.35 430.25 177.32 0.037909
4 80.29 526.31 155.24 576.96 0.037865
1 57.27 0.83 757.90 303.31 0.037827
1 754.90 4.99 880.09 194.71 0.037646
1 7.48 593.44 935.75 786.37 0.037501
1 1150.86 649.14 1176.14 673.32 0.037350
3 0.11 544.76 16.21 563.58 0.037350
1 168.91 101.05 191.36 130.74 0.037193
4 600.48 518.85 646.95 591.79 0.037100
3 622.98 552.43 646.89 593.43 0.037099
2 619.91 559.54 649.72 596.02 0.037073
3 806.82 355.64 842.53 402.64 0.037037
6 651.73 152.50 683.14 198.69 0.037005
6 840.76 594.61 869.37 659.91 0.036988
6 1084.97 505.00 1184.15 594.63 0.036977
3 755.70 102.83 784.46 131.96 0.036939
1 291.87 119.28 440.77 182.78 0.036913
1 731.14 287.18 947.81 784.91 0.036900
3 776.20 139.68 820.52 190.78 0.036846
5 80.15 536.65 126.87 576.86 0.036755
2 98.94 240.89 122.19 268.03 0.036710
5 840.48 594.75 869.60 660.16 0.036670
1 814.13 629.72 831.47 647.09 0.036665
5 873.35 314.00 902.77 346.05 0.036658
5 316.47 503.60 363.21 549.53 0.036594
6 173.48 78.32 214.41 127.82 0.036521
3 801.30 535.25 814.05 609.38 0.036474
2 626.19 560.88 646.30 588.16 0.036453
6 385.80 182.18 442.73 227.48 0.036425
4 194.57 77.93 214.05 103.85 0.036419
1 320.02 369.55 368.22 455.58 0.036329
3 1353.73 148.70 1389.24 179.94 0.036311
6 221.94 35.63 267.81 74.92 0.036233
1 766.86 271.15 819.69 324.78 0.036221
3 91.84 539.63 109.04 557.30 0.036220
1 1166.35 560.13 1184.19 579.86 0.036184
3 3.83 195.13 961.86 785.24 0.036149
4 54.74 732.06 117.02 786.39 0.036126
6 643.02 206.65 678.26 241.86 0.036122
3 97.57 35.11 272.75 279.57 0.036049
3 1095.61 327.76 1127.60 382.92 0.036015
1 3.63 563.83 939.17 786.41 0.035922
3 820.41 -0.06 849.84 17.01 0.035896
3 55.56 732.32 116.93 786.37 0.035884
3 3.50 247.59 1013.08 785.25 0.035774
2 573.68 522.66 639.80 587.05 0.035761
3 320.46 366.20 370.27 457.25 0.035755
1 192.28 201.17 215.44 230.36 0.035741
3 1143.25 620.00 1189.21 675.30 0.035672
1 754.81 79.43 822.87 194.17 0.035667
5 600.55 518.04 647.63 587.78 0.035634
6 3.07 505.62 103.67 554.49 0.035576
3 1086.94 409.26 1100.42 421.93 0.035476
2 1079.60 273.97 1396.31 782.89 0.035419
3 194.83 78.30 213.62 103.57 0.035344
3 193.46 36.89 267.11 103.25 0.035302
4 193.33 201.96 214.70 229.54 0.035202
6 484.11 211.10 537.35 250.44 0.035173
6 15.92 515.40 102.28 551.51 0.035130
5 622.28 561.59 646.34 594.15 0.035124
4 270.71 239.10 291.03 256.73 0.035096
4 843.09 26.37 868.02 51.19 0.035092
5 977.69 454.52 1035.00 485.29 0.035058
4 1167.91 561.14 1183.00 577.80 0.034972
5 96.08 35.25 270.76 274.97 0.034955
3 1349.52 37.48 1389.88 98.39 0.034951
1 163.70 201.67 215.54 260.58 0.034937
4 8.50 512.57 102.50 546.66 0.034935
3 727.84 2.92 963.82 782.80 0.034921
4 396.22 154.66 423.85 172.90 0.034856
2 278.21 517.28 303.29 549.38 0.034856
4 397.46 183.61 452.32 230.18 0.034794
3 10.75 0.64 778.66 535.37 0.034758
1 1107.45 327.66 1126.12 349.02 0.034652
3 652.23 152.46 683.16 197.27 0.034637
4 385.79 182.02 449.99 229.53 0.034585
2 365.63 141.55 431.80 177.81 0.034580
2 95.70 732.03 117.38 776.29 0.034539
3 79.69 537.88 123.11 577.89 0.034521
1 98.04 172.75 188.24 270.86 0.034451
4 643.15 206.57 678.61 241.19 0.034422
1 661.78 6.71 881.54 316.37 0.034342
3 148.68 252.06 191.26 293.57 0.034031
1 1092.61 326.32 1129.15 385.26 0.034002
3 808.49 457.18 829.02 510.04 0.033996
5 678.18 463.85 728.29 503.62 0.033920
3 1168.47 561.56 1182.66 577.17 0.033835
2 97.77 172.90 187.74 270.90 0.033743
1 9.66 -0.03 769.75 380.04 0.033739
3 164.32 232.90 190.79 261.36 0.033573
5 977.86 463.24 1002.67 481.55 0.033547
1 726.49 2.61 962.64 783.10 0.033522
2 319.20 368.76 368.54 454.98 0.033480
5 764.22 530.97 789.65 589.49 0.033466
6 378.12 495.60 402.11 529.45 0.033465
4 795.55 405.73 826.67 428.08 0.033393
2 725.14 278.40 1023.53 785.70 0.033349
1 1146.35 456.18 1163.98 474.63 0.033221
1 917.37 142.92 1396.54 784.54 0.033217
5 1152.12 650.33 1176.10 671.34 0.033215
2 7.70 223.08 945.56 783.54 0.033124
5 629.94 271.80 642.12 304.31 0.033048
2 755.74 105.21 783.80 131.97 0.032983
1 354.44 74.50 386.44 128.02 0.032832
3 976.66 221.46 993.80 245.26 0.032816
1 795.28 389.30 831.44 428.71 0.032800
5 1092.99 309.55 1154.57 361.25 0.032798
5 378.16 495.02 402.28 528.98 0.032788
3 554.53 1.31 976.79 783.20 0.032775
3 679.88 263.00 717.23 292.55 0.032763
5 193.03 35.70 267.80 104.38 0.032669
5 652.33 152.20 683.58 197.65 0.032667
5 1095.85 328.31 1127.32 382.21 0.032658
3 80.58 524.91 162.58 576.67 0.032652
2 760.94 530.06 872.27 671.84 0.032639
1 796.36 31.45 826.18 52.57 0.032614
1 292.07 119.57 373.80 162.36 0.032536
4 401.82 206.44 419.49 226.96 0.032491
5 778.46 271.85 791.99 300.35 0.032459
3 618.40 558.12 651.57 596.51 0.032449
1 807.17 357.21 842.30 402.65 0.032350
2 9.90 167.39 1383.11 785.74 0.032337
2 1053.93 269.58 1393.49 782.67 0.032325
1 735.00 221.12 747.64 239.52 0.032304
1 33.65 2.12 924.72 780.25 0.032291
3 402.62 206.87 418.90 226.55 0.032159
1 746.86 2.63 1396.36 785.14 0.032128
3 198.52 284.11 218.69 297.75 0.032038
3 614.45 283.43 916.54 599.86 0.032027
2 192.70 198.81 241.01 245.56 0.032018
4 1086.56 408.94 1100.61 422.35 0.031994
3 873.27 327.66 883.50 340.80 0.031932
5 97.06 117.19 456.74 301.04 0.031873
1 321.14 347.71 394.72 406.97 0.031777
2 726.56 202.06 1029.61 785.64 0.031715
3 386.73 181.90 447.70 228.78 0.031658
2 812.91 0.35 852.94 20.21 0.031631
5 1164.67 559.99 1185.21 587.79 0.031562
3 4.27 118.75 969.98 784.38 0.031527
3 313.88 261.88 720.06 550.60 0.031512
2 355.82 74.98 384.47 107.34 0.031259
4 164.25 172.47 186.30 193.59 0.031120
2 40.42 0.45 766.93 461.45 0.031103
5 1086.56 409.01 1100.70 422.21 0.031086
6 627.45 551.16 645.25 583.86 0.031076
3 943.65 220.65 994.54 283.86 0.031060
3 1108.97 329.72 1124.72 348.08 0.031038
6 172.97 102.35 190.26 128.40 0.031025
2 7.44 199.53 1008.70 785.28 0.031002
1 1131.07 454.49 1169.94 501.08 0.030976
1 974.92 218.95 995.59 247.22 0.030962
4 667.74 266.85 700.31 309.57 0.030959
6 54.12 732.58 117.03 786.21 0.030947
2 678.61 500.95 715.60 604.16 0.030827
3 762.40 530.42 870.64 661.69 0.030823
3 1050.68 244.19 1063.88 257.06 0.030809
3 918.43 213.12 1395.43 783.08 0.030765
4 756.15 78.80 820.84 193.90 0.030611
1 330.23 126.57 372.97 159.66 0.030575
1 453.34 272.84 472.99 302.33 0.030432
5 1050.19 243.74 1064.36 257.52 0.030406
5 482.88 209.97 538.58 257.90 0.030397
3 1151.15 649.83 1174.91 672.51 0.030385
3 728.64 529.44 946.37 785.99 0.030344
3 735.31 221.32 747.41 239.35 0.030287
1 754.43 5.74 879.53 134.93 0.030272
4 768.43 271.72 791.97 322.96 0.030213
3 6.90 -1.47 771.77 363.07 0.030202
6 1164.52 560.27 1184.90 588.12 0.030146
3 546.29 269.88 802.61 600.54 0.030144
3 1303.62 7.54 1388.50 52.89 0.030084
3 725.37 621.95 939.49 786.30 0.030072
2 227.53 -0.08 895.22 601.59 0.030062
6 1152.63 650.07 1176.90 671.36 0.030051
5 194.30 78.08 214.33 104.21 0.030029
2 734.54 220.85 748.29 240.08 0.030027
3 6.39 513.15 101.96 547.39 0.030025
3 742.69 260.84 793.34 324.23 0.030015
