4 1159.56 437.11 1235.56 577.15 0.547740
3 1162.19 437.81 1235.11 575.85 0.498420
5 1159.30 436.91 1235.97 577.72 0.450889
3 1157.05 437.44 1235.20 577.81 0.443945
6 1159.82 437.50 1235.54 577.60 0.422591
1 1150.25 435.62 1236.76 581.33 0.409826
6 405.03 1.03 1397.83 786.09 0.384815
4 817.17 694.38 945.69 786.61 0.380025
1 994.70 572.40 1031.15 613.30 0.345639
5 407.22 1.25 1397.13 785.48 0.340183
3 930.86 502.97 969.06 532.90 0.337278
1 930.81 503.03 969.27 533.26 0.330741
3 994.76 572.47 1030.87 612.94 0.329863
2 1149.08 435.76 1237.52 581.31 0.319972
4 894.87 205.59 925.19 232.41 0.317017
3 817.54 693.51 945.56 786.52 0.313693
6 1019.65 -0.06 1398.54 786.23 0.310336
3 407.10 1.13 1396.92 785.59 0.289283
3 932.51 504.10 967.94 531.24 0.289110
2 416.22 2.59 1098.01 783.95 0.284890
2 6.77 1.93 1394.11 785.20 0.279334
2 930.56 502.68 969.75 533.88 0.273572
5 894.80 205.50 925.55 232.38 0.272616
3 550.97 691.13 946.79 786.27 0.268856
4 550.73 691.86 946.69 786.42 0.266960
5 816.48 694.96 945.64 786.47 0.260147
3 895.02 205.87 925.06 231.99 0.257020
1 893.26 204.43 925.76 251.08 0.255058
4 932.67 503.82 968.07 529.69 0.252726
4 1166.14 438.28 1230.08 534.95 0.249183
5 1018.98 0.65 1398.42 785.51 0.246353
6 817.09 693.54 945.88 786.49 0.244013
5 1165.58 438.11 1230.58 535.96 0.238389
3 1166.28 438.74 1230.06 534.81 0.233845
2 994.44 571.90 1031.53 613.72 0.232878
4 817.97 700.40 902.00 786.22 0.231484
6 1166.05 438.56 1230.32 535.21 0.230320
6 7.19 1.23 1395.39 786.04 0.225682
3 893.44 204.78 925.50 251.01 0.221149
3 894.54 205.43 924.83 250.42 0.220145
2 551.91 726.21 907.28 785.60 0.219382
4 407.04 1.16 1396.44 785.80 0.217817
3 818.09 699.58 902.37 786.17 0.212707
5 548.97 693.24 946.87 786.29 0.210439
5 932.22 503.78 968.41 530.04 0.207850
2 406.09 1.46 1394.47 785.21 0.204904
1 415.16 2.33 1106.18 784.25 0.204026
3 1019.81 1.05 1398.04 784.84 0.202218
3 414.51 2.12 1126.15 784.14 0.194456
3 996.06 573.44 1029.40 611.31 0.193363
4 1019.21 0.83 1398.35 785.53 0.186173
6 894.94 205.63 925.27 231.88 0.184869
4 553.00 723.09 812.88 786.12 0.184548
6 548.69 690.19 946.93 786.46 0.179388
5 817.30 700.91 902.44 786.14 0.177821
1 1165.07 437.56 1230.88 536.91 0.174149
1 893.65 204.91 925.75 234.37 0.172176
3 553.63 723.49 811.54 785.95 0.167355
1 814.74 684.54 945.27 786.35 0.165691
3 552.56 720.56 940.84 786.30 0.164279
1 43.50 123.19 187.48 287.02 0.163889
3 554.22 722.40 915.01 785.77 0.163530
2 1019.98 1.09 1397.34 784.50 0.162182
3 893.78 205.10 925.58 234.32 0.161830
2 549.06 711.94 931.68 785.69 0.161475
6 932.86 503.99 968.10 529.63 0.161112
2 549.70 686.07 944.11 785.83 0.159936
1 6.09 2.08 1393.31 785.33 0.157230
3 557.21 730.76 809.75 769.12 0.157077
6 818.10 700.39 902.21 786.26 0.156529
2 893.19 204.16 926.09 251.23 0.156111
2 554.74 731.21 812.54 773.17 0.155017
3 815.21 681.19 946.37 786.48 0.154263
3 10.14 1.54 1394.43 785.29 0.149384
1 550.67 686.17 946.58 786.18 0.143151
5 550.53 720.27 938.66 786.11 0.141132
3 561.88 26.76 918.64 574.26 0.140196
4 894.60 205.06 925.38 250.30 0.139678
1 562.41 31.84 914.55 575.86 0.139291
4 552.85 724.29 902.94 786.16 0.139230
3 551.99 681.76 946.59 786.00 0.138218
1 815.91 694.29 902.09 786.02 0.137686
5 6.51 1.30 1395.22 785.41 0.131651
5 552.31 723.27 813.13 785.92 0.128859
1 550.95 714.46 940.38 786.26 0.128259
5 413.99 1.59 1126.60 784.98 0.127959
6 414.81 1.60 1088.01 786.06 0.127355
4 552.20 722.33 942.06 786.33 0.126749
1 409.10 1.92 1394.11 784.65 0.125336
2 893.48 204.65 926.06 234.39 0.124830
6 549.72 716.52 941.62 786.41 0.123957
4 23.34 0.66 1392.85 786.10 0.121449
3 417.58 -0.06 1011.79 783.50 0.121383
1 1017.88 1.04 1397.39 784.18 0.120656
3 816.51 692.39 903.07 786.31 0.118968
1 555.17 731.88 809.50 770.94 0.117936
1 930.57 210.98 949.68 236.16 0.115511
2 813.87 682.08 944.82 786.26 0.115114
3 1008.00 725.97 1034.18 752.82 0.113495
3 45.39 126.73 184.12 283.75 0.112750
3 415.51 1.24 1069.48 785.44 0.111672
4 820.47 729.74 896.01 786.55 0.111265
2 43.08 122.82 188.39 287.86 0.110145
5 894.45 205.00 925.82 249.80 0.109473
4 1007.20 726.21 1033.27 753.34 0.109433
1 552.21 725.95 930.44 786.06 0.108831
2 1164.80 437.50 1231.50 537.26 0.108133
4 415.90 1.35 1083.19 785.43 0.107919
3 930.75 211.75 949.26 235.91 0.107844
2 815.42 692.45 903.82 785.90 0.105289
4 881.38 727.62 944.01 786.10 0.104462
6 552.57 721.71 816.25 786.29 0.101202
1 891.77 201.03 949.79 251.91 0.100534
3 819.22 731.34 874.13 786.18 0.100041
1 1005.61 724.36 1036.04 755.16 0.099537
4 410.14 1.12 1174.43 785.04 0.099304
3 1153.17 436.66 1322.73 578.00 0.099002
3 1008.12 727.01 1032.15 752.50 0.097310
4 818.80 725.73 942.56 786.54 0.095340
4 818.84 731.50 873.11 786.60 0.093612
5 565.68 39.38 918.23 571.44 0.091866
2 554.16 30.70 917.64 575.80 0.090845
3 892.73 201.24 947.79 251.22 0.088861
3 883.18 727.34 944.02 786.02 0.088767
2 891.50 201.74 950.44 252.45 0.087494
5 818.00 729.77 884.29 786.25 0.086500
3 598.71 734.82 804.51 766.00 0.086424
4 819.09 754.28 854.99 786.62 0.086269
5 1007.15 726.74 1032.52 753.44 0.086138
6 564.32 39.31 916.70 571.63 0.085393
6 894.71 205.26 925.54 249.78 0.084171
4 777.66 731.27 806.42 766.59 0.083000
3 692.24 740.21 711.39 762.53 0.082569
2 574.85 733.99 804.07 768.02 0.079951
3 602.85 739.51 621.57 761.53 0.079530
3 538.88 10.03 1037.22 783.67 0.079033
3 1253.84 260.87 1272.00 303.95 0.078806
3 818.98 725.31 942.56 786.45 0.077558
3 819.49 755.74 852.85 786.39 0.076600
4 602.69 739.34 621.92 761.80 0.075192
3 548.99 13.93 948.55 779.72 0.075131
1 551.66 727.72 855.10 784.87 0.074795
4 692.14 740.54 711.39 762.54 0.074534
5 553.56 724.21 901.47 785.88 0.072455
3 1167.31 258.60 1183.12 303.84 0.072276
3 737.74 739.54 756.54 762.83 0.072152
1 1182.37 473.43 1229.21 534.26 0.071794
3 778.95 731.97 805.26 766.51 0.071538
1 545.06 23.00 953.28 774.06 0.070879
3 782.66 738.70 800.79 763.22 0.070763
4 870.30 0.46 893.58 17.17 0.070711
4 554.74 731.93 804.06 767.25 0.070415
3 559.26 739.84 576.69 761.97 0.069389
3 840.58 733.58 872.41 768.01 0.069055
3 870.57 0.46 893.43 17.23 0.068502
3 869.29 0.64 893.81 18.31 0.068452
6 548.31 33.47 932.62 785.55 0.068148
2 817.16 729.92 899.41 785.83 0.068117
1 869.01 0.62 894.09 18.53 0.067931
1 601.44 738.27 623.01 763.59 0.067623
4 782.11 738.52 801.20 763.70 0.067099
2 930.47 210.57 950.20 236.15 0.066936
3 1006.15 724.68 1035.77 754.67 0.066524
4 648.01 740.20 666.69 762.00 0.066465
3 819.10 728.68 899.40 785.82 0.066216
4 45.44 125.81 184.25 284.72 0.065928
2 892.76 203.68 949.90 238.53 0.065862
3 1254.90 261.75 1271.18 302.80 0.065750
4 1150.20 435.94 1323.31 579.37 0.065704
2 525.96 17.75 1036.48 783.93 0.065272
1 928.40 502.05 1032.45 614.23 0.065264
4 558.96 739.27 577.39 762.23 0.065078
3 648.37 740.32 666.32 761.54 0.064920
4 736.86 738.65 757.20 763.48 0.064789
1 817.38 752.78 853.18 786.30 0.064068
2 1181.08 542.96 1235.61 575.72 0.063922
6 213.48 1.36 1392.92 784.56 0.063686
3 1216.05 113.39 1232.05 150.44 0.063089
1 892.99 204.04 949.36 238.19 0.062699
3 554.66 720.47 862.91 785.84 0.062270
3 826.81 0.38 924.60 51.84 0.062130
4 689.01 734.81 714.81 765.47 0.061431
3 1183.58 543.91 1233.46 573.77 0.061314
2 927.86 501.47 1032.97 615.02 0.061159
4 840.70 733.67 872.67 767.74 0.061114
1 592.79 734.76 804.78 767.19 0.060857
6 556.92 729.74 808.52 769.40 0.060674
3 1137.42 114.17 1152.47 151.48 0.060437
3 1168.05 259.28 1182.29 302.64 0.060333
5 879.90 726.65 944.54 786.09 0.059399
3 774.97 720.53 809.99 771.11 0.059271
3 928.50 502.13 1032.13 613.86 0.059135
4 996.13 573.11 1029.96 610.98 0.058209
1 930.89 503.53 951.54 530.53 0.058160
3 931.80 212.41 947.93 234.21 0.057975
3 893.19 204.59 949.07 237.62 0.057887
2 452.80 9.02 1018.32 611.54 0.057845
6 1151.71 435.49 1323.03 579.07 0.057451
6 818.79 730.54 881.33 786.08 0.057412
1 833.67 198.87 988.14 337.20 0.056520
3 451.84 2.14 1010.19 598.99 0.056409
3 1302.40 445.50 1322.61 498.21 0.056358
5 818.93 754.38 855.21 786.32 0.056323
3 603.39 739.76 620.91 761.39 0.056226
5 602.12 739.39 621.97 762.06 0.056197
1 691.44 740.04 711.78 764.24 0.056103
5 776.72 731.31 806.49 768.02 0.055909
2 1006.02 724.98 1035.19 755.17 0.055739
3 553.93 727.86 718.88 785.95 0.055423
1 557.53 738.85 577.62 763.78 0.055409
5 558.36 739.40 577.24 762.62 0.054091
5 1150.25 435.16 1323.33 580.14 0.053876
1 646.83 739.15 667.76 763.90 0.053846
2 547.83 460.54 1040.50 784.72 0.053759
1 412.52 3.13 614.77 782.82 0.053700
2 544.74 15.94 935.92 771.35 0.053442
1 735.84 738.12 758.03 765.10 0.053295
2 414.14 3.94 616.87 781.43 0.052944
5 781.46 738.30 801.64 764.35 0.052809
4 1180.91 473.45 1228.18 533.51 0.052453
1 1180.98 543.19 1235.05 575.68 0.052160
1 505.93 9.81 985.18 589.53 0.052094
3 1166.24 256.90 1273.55 306.93 0.052080
2 422.15 4.24 1047.95 784.48 0.052028
3 819.08 756.42 849.30 786.21 0.051671
3 1180.88 473.26 1228.73 532.38 0.051571
3 996.46 631.23 1008.93 646.85 0.051560
5 690.82 739.59 711.79 763.76 0.051322
1 840.34 734.63 874.83 770.62 0.051148
2 458.28 9.66 946.94 596.05 0.051087
1 947.48 504.36 968.99 528.56 0.050652
2 600.72 737.95 623.42 764.15 0.050559
3 692.78 740.94 710.93 762.22 0.050455
1 992.29 572.14 1035.96 651.85 0.050362
3 1138.44 114.84 1151.71 150.20 0.050089
2 424.82 452.37 1048.10 783.32 0.049985
3 472.52 2.25 952.90 590.05 0.049480
3 559.66 740.62 575.20 760.96 0.049280
3 929.84 211.56 951.65 257.24 0.049067
3 879.79 753.51 898.41 776.16 0.048821
1 454.80 9.09 1010.30 605.11 0.048749
2 1144.90 433.89 1324.24 583.09 0.048336
4 773.72 716.63 811.81 770.44 0.048300
4 879.66 752.42 898.39 775.97 0.048176
5 596.58 733.47 806.30 767.14 0.048015
5 869.88 0.45 893.93 17.46 0.047954
2 779.52 8.08 1062.20 782.96 0.047642
1 1182.68 544.06 1202.62 572.77 0.047295
5 44.40 123.86 185.29 285.69 0.047150
3 838.97 733.14 874.57 771.51 0.047010
5 840.51 733.98 872.75 768.36 0.046560
4 600.07 736.56 624.74 764.69 0.046414
1 781.29 737.94 802.68 765.49 0.046406
6 835.55 1.57 1397.94 785.89 0.046353
3 817.73 754.10 852.69 786.44 0.046350
5 549.03 28.84 985.29 785.42 0.045825
4 931.81 212.30 948.39 233.32 0.045810
4 554.04 727.09 719.85 786.03 0.045650
1 994.62 630.13 1010.63 649.21 0.045616
4 892.70 195.04 948.35 250.61 0.045523
1 33.05 119.95 202.04 316.37 0.045227
1 423.55 4.82 921.21 777.35 0.045149
3 424.41 2.46 952.41 712.96 0.044884
5 737.09 739.91 756.95 763.15 0.044866
3 1181.82 543.53 1234.65 574.99 0.044860
1 883.47 202.05 979.02 335.12 0.044807
1 992.16 571.78 1041.74 756.44 0.044796
5 419.15 2.30 921.32 784.61 0.044728
3 992.75 572.29 1035.22 650.84 0.044680
2 817.87 753.81 851.61 786.05 0.044629
3 412.12 2.45 614.18 781.96 0.044606
6 1008.02 727.23 1032.39 752.64 0.044528
5 995.93 631.18 1009.44 647.32 0.044459
3 993.90 573.06 1038.50 753.39 0.044449
2 440.12 183.06 1050.03 780.90 0.043712
6 870.17 0.42 893.88 17.32 0.043649
2 1165.33 256.01 1275.26 308.13 0.043636
3 784.28 740.62 799.20 761.97 0.043579
1 774.57 8.13 1060.30 782.52 0.043562
3 536.90 8.30 988.62 585.32 0.043503
3 829.43 199.29 989.02 335.13 0.043409
5 888.21 191.83 947.27 250.56 0.043071
1 457.41 14.45 930.30 593.70 0.043061
2 782.50 198.07 1052.68 783.45 0.043054
3 1136.29 111.13 1232.98 153.23 0.042831
3 601.56 738.30 622.74 763.43 0.042705
2 1252.97 260.26 1272.73 304.45 0.042621
2 691.09 739.83 713.40 764.78 0.042312
3 1217.12 114.31 1231.14 148.99 0.042271
1 1253.51 260.73 1272.45 304.32 0.042243
3 518.39 16.56 922.05 583.16 0.042189
2 14.85 2.29 1144.17 784.72 0.042109
4 894.35 204.01 947.82 235.16 0.042095
3 1219.16 549.01 1233.31 571.60 0.042093
2 1166.58 258.05 1183.84 304.36 0.041867
1 1167.15 258.50 1183.53 304.02 0.041763
5 647.69 740.30 666.73 762.15 0.041582
2 883.45 201.25 974.12 332.61 0.041342
3 1184.58 545.56 1200.31 570.30 0.041252
2 1301.61 445.08 1323.35 498.98 0.041189
2 869.52 0.52 894.35 18.68 0.040965
2 1182.21 472.31 1229.14 533.58 0.040958
2 217.33 5.33 1241.62 783.26 0.040943
2 835.03 199.10 986.59 334.98 0.040918
1 1217.77 547.93 1234.64 572.86 0.040897
3 1303.25 446.31 1321.67 497.32 0.040717
1 551.77 709.98 901.92 786.17 0.040693
3 930.72 503.50 951.34 529.44 0.040606
2 646.60 739.11 668.48 764.34 0.040529
1 1145.60 433.34 1275.36 781.42 0.040485
2 451.29 16.25 1019.59 683.94 0.040234
3 738.52 740.31 755.88 761.99 0.040153
3 557.80 739.17 576.94 763.37 0.040127
3 825.30 0.41 925.66 83.55 0.040125
1 883.88 236.95 983.50 335.66 0.040056
2 546.50 695.59 1108.30 786.24 0.039804
2 790.71 462.99 1045.22 784.68 0.039742
2 545.79 188.13 1045.59 783.81 0.039699
4 933.17 504.50 951.00 526.16 0.039694
3 788.65 5.02 1045.95 782.58 0.039680
2 557.23 739.07 577.41 763.82 0.039661
3 831.43 0.74 1397.53 785.65 0.039651
5 1181.57 473.54 1228.63 533.54 0.039650
3 947.22 503.69 968.76 529.75 0.039611
1 1301.85 445.05 1323.18 498.87 0.039581
5 1254.40 261.60 1271.56 303.34 0.039402
3 893.49 197.01 948.16 250.38 0.039340
3 1138.11 109.39 1239.71 580.15 0.039230
6 883.31 727.08 944.27 785.95 0.039151
5 995.92 573.06 1030.13 611.37 0.039066
3 435.48 688.28 446.91 703.73 0.038970
6 996.17 573.33 1030.00 610.77 0.038940
5 774.24 721.70 809.99 768.93 0.038881
3 554.14 736.02 581.10 775.78 0.038810
3 1156.51 257.87 1236.43 578.25 0.038192
3 992.61 571.99 1041.00 755.69 0.038115
3 932.52 212.57 948.19 233.25 0.038088
1 929.89 194.17 950.02 235.94 0.038049
3 1183.12 544.24 1201.84 572.04 0.037727
3 688.51 732.91 716.34 765.63 0.037686
3 834.39 200.48 984.41 263.85 0.037620
1 1145.73 434.58 1323.21 583.10 0.037318
1 807.24 429.81 915.96 524.62 0.037245
3 995.07 630.40 1010.16 648.58 0.036947
3 933.14 504.52 951.18 525.88 0.036925
4 996.24 631.17 1009.19 647.16 0.036761
2 736.02 738.17 758.51 765.09 0.036736
2 781.74 738.54 802.02 764.53 0.036735
2 1214.99 112.57 1232.70 151.30 0.036673
1 1144.87 455.11 1196.95 576.03 0.036501
3 1218.00 548.23 1234.32 572.70 0.036329
5 1167.78 259.12 1182.70 302.99 0.036278
1 929.44 211.19 952.51 255.71 0.036260
2 539.66 52.66 1040.40 779.70 0.036117
3 33.07 121.85 199.04 312.00 0.036114
3 429.55 656.28 488.68 708.82 0.036080
4 784.23 740.46 799.40 761.56 0.035862
3 894.68 204.54 947.61 234.91 0.035710
2 1134.36 109.33 1234.33 155.38 0.035681
1 1215.53 112.93 1232.28 150.73 0.035586
6 44.34 124.09 184.71 283.23 0.035452
4 868.03 0.12 911.06 17.61 0.035447
3 867.29 0.05 911.41 17.38 0.035441
3 691.06 739.24 712.81 764.47 0.035343
4 40.10 120.84 197.10 311.92 0.035305
4 893.84 192.99 946.75 235.75 0.035297
1 823.37 1.12 927.08 53.31 0.035262
3 931.54 194.76 948.18 234.16 0.035198
2 991.26 571.41 1036.22 652.17 0.035034
2 428.19 5.38 919.40 723.51 0.034923
1 14.28 2.22 1128.79 784.96 0.034920
3 422.90 465.82 1040.44 780.57 0.034883
2 1183.04 544.30 1202.66 572.34 0.034875
4 884.36 200.43 984.74 337.69 0.034690
2 798.23 1.83 1396.78 784.90 0.034628
5 434.71 687.69 447.46 704.25 0.034486
1 878.76 752.33 898.60 777.04 0.034440
1 548.71 455.85 1041.02 783.75 0.034409
2 930.57 503.19 951.89 529.59 0.034170
1 1137.02 114.01 1152.78 151.92 0.033940
2 880.49 201.08 1037.14 644.94 0.033639
4 553.33 734.23 582.30 779.35 0.033518
3 491.81 8.43 994.60 618.56 0.033433
3 826.52 0.75 949.71 251.46 0.033416
3 994.03 573.39 1031.38 648.19 0.033368
6 781.34 1.85 1397.01 785.48 0.033318
4 930.75 208.32 948.50 233.83 0.033211
1 786.83 197.76 1049.55 782.32 0.033198
6 818.96 728.47 901.59 786.36 0.033186
5 544.74 21.85 1045.20 785.19 0.033153
1 998.30 712.33 1116.04 786.36 0.033124
4 877.44 734.38 901.84 780.78 0.033097
1 465.77 16.26 989.24 673.24 0.033070
3 434.45 684.90 488.36 707.60 0.032623
3 823.28 1.24 926.37 89.38 0.032509
1 845.45 198.84 1043.01 648.84 0.032382
1 818.79 731.58 875.73 786.15 0.032340
3 524.82 0.24 925.14 50.74 0.032323
3 782.26 738.48 801.41 764.51 0.032322
3 878.11 733.95 901.99 780.36 0.032316
1 576.97 40.88 816.38 566.54 0.032296
3 547.78 460.96 1037.98 784.18 0.032286
1 766.61 427.46 918.24 553.93 0.032273
4 540.23 11.34 1005.69 785.26 0.032270
4 1183.13 541.21 1233.79 574.58 0.032165
3 993.82 572.18 1050.33 663.06 0.032156
3 829.76 241.04 984.86 264.69 0.032005
3 735.32 736.47 759.85 774.56 0.032004
4 435.27 687.93 447.15 703.93 0.031951
4 430.17 657.62 489.92 709.07 0.031870
2 846.81 735.67 873.75 769.19 0.031730
1 787.13 460.86 1044.89 784.67 0.031720
3 1248.15 668.13 1275.20 738.74 0.031583
4 735.85 716.97 810.13 770.86 0.031548
1 994.91 572.54 1013.25 595.39 0.031438
3 523.55 0.24 925.23 55.78 0.031391
5 1138.01 114.61 1152.19 150.71 0.031360
3 1010.22 730.06 1026.76 750.42 0.031296
4 906.43 758.99 943.44 786.01 0.031255
2 997.30 705.57 1117.98 786.32 0.031229
2 795.13 198.57 1039.42 652.38 0.031227
2 1136.39 113.37 1153.43 152.38 0.031163
1 458.95 34.46 610.96 588.11 0.031064
1 424.82 446.93 1046.55 781.24 0.031058
2 994.05 629.68 1011.12 649.74 0.031018
4 1010.10 729.85 1027.18 750.79 0.030945
5 825.20 1.81 1397.61 785.96 0.030939
3 885.56 241.17 978.23 333.81 0.030931
2 910.43 463.06 1040.99 653.58 0.030848
5 552.03 29.35 1008.33 581.62 0.030751
1 925.40 501.10 1039.30 652.53 0.030699
2 1143.91 433.03 1280.01 781.48 0.030674
2 884.04 238.71 980.42 332.93 0.030647
3 884.60 201.10 984.30 336.56 0.030537
4 1254.66 261.56 1271.49 303.33 0.030492
3 736.25 738.33 757.79 764.45 0.030389
2 2.74 2.94 524.42 784.61 0.030263
1 884.54 201.16 988.29 535.64 0.030261
3 880.82 754.80 897.22 774.95 0.030214
6 550.25 560.81 948.67 786.14 0.030145
2 923.44 500.45 1041.05 653.92 0.030057
2 991.10 571.09 1042.72 756.96 0.030001
