4 530.53 563.33 639.73 632.64 0.613655
4 598.33 1.65 646.03 106.49 0.611524
4 452.50 0.62 500.73 100.59 0.600357
4 456.38 118.25 503.48 223.08 0.589249
4 665.40 472.09 714.89 583.04 0.586251
4 457.20 388.93 508.70 496.53 0.582610
3 598.77 1.71 645.60 105.96 0.576621
4 755.06 884.79 858.04 990.59 0.575931
3 530.69 563.42 639.33 632.33 0.575134
4 722.27 675.46 834.81 766.60 0.573854
4 463.16 256.82 516.47 377.75 0.569787
4 729.44 554.62 838.79 615.40 0.566655
4 671.58 629.94 721.96 750.93 0.566052
3 452.93 0.56 500.35 100.21 0.565043
4 1271.27 26.33 1373.98 87.25 0.556367
5 598.38 1.67 645.98 106.52 0.555697
5 530.63 563.31 639.68 632.61 0.554710
3 456.57 118.44 503.13 222.58 0.552984
3 665.71 472.32 714.74 582.74 0.544222
3 457.40 389.17 508.36 496.09 0.544036
5 452.82 0.59 500.90 100.53 0.541275
3 722.49 675.58 834.59 766.19 0.540198
3 671.97 630.02 721.72 750.72 0.537394
4 779.25 752.52 833.21 866.26 0.534893
5 456.54 118.16 503.66 222.96 0.532628
3 463.47 256.92 516.13 377.41 0.532119
5 665.58 472.25 715.04 582.89 0.531788
4 1183.84 157.41 1314.76 219.27 0.531190
4 1324.40 154.39 1398.98 206.49 0.530624
3 755.42 884.82 857.78 990.14 0.529902
3 729.51 554.81 838.38 614.92 0.528465
4 1210.44 104.76 1325.66 159.88 0.525906
5 457.64 388.92 508.82 496.61 0.521158
4 1091.65 271.80 1187.18 387.64 0.518360
3 1271.94 26.50 1373.72 86.63 0.516709
5 463.22 256.74 516.41 377.91 0.514440
4 812.26 267.16 907.45 370.82 0.513803
4 722.60 139.20 814.19 236.92 0.511797
5 722.44 675.40 834.88 766.50 0.511696
5 671.72 629.99 721.91 750.62 0.511691
3 779.42 752.54 833.25 866.07 0.509795
5 729.78 554.69 838.75 615.52 0.507563
5 755.20 884.85 858.05 990.54 0.507473
3 1324.55 154.59 1398.93 206.27 0.503730
3 1184.35 157.53 1314.54 218.95 0.497073
4 1000.93 394.47 1099.28 494.20 0.488798
5 779.03 752.46 833.25 866.15 0.486829
3 1210.93 104.82 1325.40 159.44 0.485839
5 1271.17 26.24 1374.02 87.38 0.482937
4 1050.66 321.72 1149.11 440.39 0.476858
3 812.38 267.39 907.25 370.71 0.475643
4 877.95 175.89 991.45 273.74 0.473531
5 1324.42 154.44 1398.80 206.56 0.472078
6 598.65 1.80 645.79 106.11 0.470631
5 1184.25 157.50 1314.80 219.41 0.468511
3 1091.80 272.04 1186.83 387.11 0.465198
5 1210.32 104.74 1325.87 159.92 0.464323
6 453.56 0.65 500.60 100.19 0.459602
5 812.34 267.14 907.55 370.83 0.456427
3 722.96 139.34 813.95 236.70 0.452902
4 846.31 212.83 952.21 316.98 0.450030
6 530.86 563.61 639.49 632.46 0.448871
4 833.67 81.68 933.78 150.52 0.446065
4 780.44 323.47 875.79 414.60 0.444770
5 1092.24 272.14 1187.27 387.49 0.443771
4 669.48 756.57 721.31 894.24 0.443155
3 1052.33 323.75 1148.79 439.57 0.443097
6 457.04 118.32 503.43 222.70 0.441672
3 1001.17 394.44 1099.01 493.80 0.437423
5 722.66 139.25 814.35 236.87 0.434584
6 665.84 472.29 714.76 582.58 0.433525
4 1085.51 121.34 1190.10 176.62 0.432854
6 672.19 630.11 721.83 750.46 0.427328
3 878.57 176.64 991.15 273.37 0.425087
5 1001.38 394.53 1099.32 494.19 0.419969
6 463.57 257.09 516.04 377.46 0.418550
6 458.10 389.03 508.49 496.39 0.415193
5 879.21 177.34 991.59 273.71 0.412543
3 846.49 214.07 951.81 316.68 0.409488
5 1050.11 320.87 1149.22 440.04 0.408532
6 722.66 675.67 834.71 766.21 0.403267
6 729.85 554.94 838.69 614.99 0.401131
6 755.29 885.02 857.88 990.33 0.400821
4 446.70 761.22 509.66 896.41 0.399234
4 451.04 623.82 508.33 744.07 0.398452
3 669.79 756.84 720.98 893.76 0.394096
6 779.60 752.61 833.01 865.90 0.393379
6 1184.37 157.74 1314.59 218.97 0.389669
3 836.12 81.70 933.39 150.57 0.389014
3 781.01 324.23 875.44 414.14 0.388630
5 846.57 213.79 952.15 317.06 0.385867
6 1271.76 26.55 1373.82 86.93 0.385002
6 1324.75 154.63 1398.79 206.38 0.384418
3 1086.24 122.52 1177.83 176.25 0.376847
4 793.39 445.15 891.17 534.15 0.376630
5 793.68 445.16 891.08 534.31 0.375220
5 669.51 756.90 721.42 894.16 0.374863
6 1210.49 104.91 1325.57 159.47 0.370132
5 834.30 81.52 933.80 150.80 0.367369
5 1085.37 120.00 1188.51 176.61 0.365532
5 780.85 324.02 875.79 414.30 0.365421
3 793.88 445.27 890.82 533.78 0.353628
6 812.52 267.29 907.37 370.06 0.347961
3 451.57 624.15 508.18 743.72 0.345539
1 754.53 884.25 858.94 991.18 0.341577
6 723.03 139.46 814.11 236.55 0.338444
3 446.97 761.47 509.33 896.04 0.334802
1 444.89 760.39 510.79 897.14 0.333415
2 415.49 4.51 1393.82 1045.56 0.333047
1 670.72 629.56 722.82 750.58 0.331143
6 1092.39 272.10 1186.99 386.93 0.328298
1 664.34 471.74 716.16 583.16 0.327357
5 446.60 761.27 509.84 896.26 0.319731
6 1000.99 394.87 1099.30 493.78 0.316889
5 450.42 624.16 508.36 743.73 0.314663
1 529.91 563.07 640.15 633.56 0.313017
1 721.49 674.89 835.51 767.30 0.312576
6 669.73 756.94 721.11 893.80 0.309570
6 1048.78 318.71 1149.10 439.57 0.308414
6 879.27 177.19 991.30 273.27 0.308299
6 1085.59 120.82 1184.10 175.72 0.301850
1 668.54 756.12 722.68 895.13 0.300015
5 728.42 437.06 792.50 503.01 0.299949
1 778.54 751.97 833.91 866.43 0.298342
6 846.79 213.85 952.00 316.52 0.298244
6 781.42 324.44 875.56 413.83 0.295045
1 596.84 1.46 647.31 107.65 0.294755
3 728.45 437.00 792.33 502.87 0.293178
1 456.30 388.16 509.40 497.57 0.290705
1 454.87 117.61 504.46 224.14 0.290216
4 724.58 81.77 991.27 414.44 0.285581
1 462.01 256.59 517.23 378.14 0.284805
6 450.68 624.53 508.05 743.30 0.284059
6 793.91 445.49 891.06 533.95 0.281552
6 834.44 81.55 933.62 150.32 0.279133
3 723.07 80.95 991.28 414.22 0.276889
1 449.65 622.79 509.38 743.98 0.273496
1 728.86 554.24 839.56 617.13 0.273313
1 721.73 138.82 815.36 237.75 0.273074
6 725.13 81.60 991.58 413.67 0.271976
6 447.09 761.71 509.37 896.00 0.271769
3 1085.46 120.38 1194.78 177.34 0.263611
4 442.03 939.22 502.44 1048.49 0.261649
6 728.67 436.96 792.74 502.79 0.261264
1 811.23 267.09 908.31 371.43 0.260810
4 728.38 437.02 792.80 503.02 0.255133
1 450.98 0.68 501.83 100.96 0.254888
5 725.17 81.55 991.86 413.91 0.251599
3 443.05 939.40 502.37 1048.54 0.250621
3 434.76 7.26 1388.40 1045.12 0.247225
1 1090.83 269.91 1188.02 389.07 0.246799
1 780.20 322.76 876.70 415.39 0.244231
1 995.09 391.27 1100.33 494.54 0.243865
5 1087.28 123.78 1171.65 176.21 0.241042
3 671.09 891.88 756.33 1005.81 0.237202
1 846.85 214.50 953.00 317.69 0.234608
1 877.95 175.08 992.28 274.35 0.232177
1 722.13 80.80 992.31 415.20 0.231399
1 1042.94 309.44 1149.89 440.62 0.230596
1 792.36 444.73 892.11 534.51 0.229761
3 1048.32 317.17 1148.72 439.14 0.229513
2 530.00 563.08 640.16 633.53 0.227997
2 664.68 471.71 716.18 583.06 0.221111
5 442.31 939.13 502.53 1048.26 0.218911
2 10.57 2.48 1393.88 1047.10 0.217751
2 754.38 884.09 859.11 991.31 0.214661
4 435.38 4.39 1395.70 1044.90 0.213367
2 721.35 674.82 835.63 767.54 0.201732
1 835.10 80.57 934.87 155.94 0.193519
2 721.34 80.30 992.46 415.76 0.193212
2 596.86 1.62 647.36 107.43 0.191371
6 442.19 939.25 502.38 1048.27 0.188735
4 740.75 140.51 894.14 330.83 0.187536
2 454.94 117.47 504.32 224.20 0.180604
2 671.07 629.48 722.93 750.74 0.179811
1 427.53 7.18 1388.35 1044.66 0.178279
1 1269.40 25.99 1374.80 87.55 0.178074
2 445.40 760.57 510.67 897.05 0.178013
3 741.68 142.09 891.46 330.17 0.177648
5 741.40 143.45 890.42 330.45 0.175904
2 456.37 388.28 509.46 497.40 0.175550
1 441.13 938.59 502.96 1047.48 0.174143
6 6.97 2.19 1395.57 1048.20 0.171169
3 993.32 390.42 1100.22 494.55 0.169873
2 728.87 554.28 839.51 616.78 0.166647
1 365.49 557.19 396.50 661.30 0.165551
4 1087.01 125.18 1170.18 175.66 0.165367
2 1284.78 505.05 1378.10 587.93 0.165247
3 365.41 555.99 397.20 661.60 0.161925
2 653.68 14.10 1391.81 1036.82 0.161666
2 365.29 557.13 396.67 661.29 0.160124
2 778.75 751.89 833.96 866.31 0.158400
6 741.83 141.63 893.35 329.59 0.157531
6 975.74 694.60 1224.01 975.11 0.155332
2 451.05 0.75 501.83 100.82 0.154953
2 811.27 266.83 908.49 371.50 0.154686
2 297.92 1.75 1389.28 1046.63 0.154286
2 462.10 256.60 517.28 377.84 0.153119
3 1085.70 122.92 1189.83 176.91 0.152980
3 1284.78 505.08 1377.63 588.04 0.150457
1 1182.93 156.89 1315.07 220.20 0.150303
2 668.55 755.96 722.52 894.72 0.149654
2 721.64 138.90 815.75 238.37 0.143926
2 449.75 622.95 509.32 743.82 0.141169
3 1041.80 307.41 1149.74 440.74 0.140703
1 726.77 435.72 793.80 503.71 0.137991
6 27.63 281.20 418.30 1048.38 0.137951
1 669.92 892.80 757.77 1007.45 0.137117
3 836.49 80.79 934.65 155.14 0.137084
2 991.98 388.51 1100.39 494.55 0.133002
2 792.13 444.49 892.31 534.53 0.129947
6 30.37 694.92 361.08 1048.23 0.129784
6 1087.24 125.05 1168.27 174.79 0.129054
2 1043.21 308.77 1150.18 440.87 0.128340
3 1172.87 394.98 1320.61 513.31 0.126711
4 1320.51 287.95 1398.57 370.94 0.125565
5 430.58 5.01 1395.36 1046.33 0.125331
2 846.10 213.29 953.25 317.52 0.125022
1 1209.76 104.19 1326.41 160.51 0.124949
5 1320.33 288.34 1398.53 370.18 0.124904
4 1285.59 505.77 1377.37 587.41 0.124692
3 8.28 2.56 1392.50 1047.56 0.124123
3 659.43 17.82 1381.50 1026.24 0.123720
2 662.15 76.95 990.86 1019.39 0.122876
2 1269.87 26.11 1374.87 87.52 0.122658
5 976.32 695.14 1224.13 973.57 0.122579
3 981.57 518.28 1036.23 575.52 0.121750
3 1087.31 144.89 1172.02 176.46 0.120774
3 367.18 555.65 396.50 660.31 0.120532
2 779.21 322.21 876.72 415.47 0.118909
1 979.69 516.45 1037.77 576.50 0.117052
2 877.86 175.06 992.36 274.42 0.116380
1 664.70 79.14 992.02 1011.76 0.116219
4 670.68 1036.75 718.57 1049.49 0.116191
2 1090.93 269.78 1188.13 388.46 0.115037
4 670.01 807.81 719.86 893.87 0.114454
1 1323.88 154.27 1398.33 207.82 0.114111
3 974.16 695.21 1223.96 974.00 0.113910
3 1320.66 288.08 1398.53 369.81 0.113697
1 10.73 3.23 1392.56 1047.25 0.113541
6 1096.33 710.48 1221.95 965.22 0.113031
6 1320.62 288.23 1398.42 369.64 0.112827
1 1284.83 504.97 1377.82 587.79 0.112664
6 435.45 3.28 1397.15 1047.21 0.112114
1 979.91 374.15 1100.02 495.33 0.112053
1 1080.75 232.44 1188.29 388.81 0.109729
3 670.87 1036.86 718.09 1049.53 0.109162
3 670.13 808.18 719.59 893.50 0.109104
6 739.76 83.27 933.63 333.07 0.107444
6 1200.53 330.23 1397.94 1047.76 0.107211
6 981.42 517.60 1036.83 575.66 0.106798
5 1096.16 709.85 1222.54 965.59 0.106573
4 1087.29 144.38 1171.17 176.58 0.105899
3 734.78 309.77 875.88 413.98 0.105006
2 183.21 2.02 1386.75 1046.96 0.102978
1 923.61 787.26 946.62 838.96 0.099709
2 435.59 29.65 986.22 1043.69 0.099517
4 740.09 116.17 930.61 333.56 0.099514
5 1285.37 505.34 1377.44 587.79 0.099257
1 662.51 17.18 1386.73 1033.35 0.099201
5 8.41 2.11 1394.44 1047.75 0.098894
2 1182.96 156.80 1315.34 220.18 0.098880
5 739.84 83.34 933.76 332.94 0.098251
2 428.81 21.30 1208.79 1043.55 0.098218
6 1001.85 534.04 1036.48 575.44 0.097108
6 979.38 287.87 1398.33 1047.70 0.096532
3 26.81 692.20 367.07 1047.43 0.095839
3 1077.83 21.77 1373.94 176.36 0.095613
5 366.99 555.78 397.44 660.38 0.095266
3 1086.27 124.51 1171.21 175.44 0.095237
3 437.47 7.89 990.25 1045.07 0.094781
6 366.99 556.20 396.96 660.13 0.094184
4 366.95 555.85 396.54 660.35 0.094056
2 836.56 80.91 934.85 157.93 0.093999
1 25.22 696.20 363.29 1047.42 0.093401
5 670.47 1036.57 718.60 1049.45 0.093091
1 706.51 374.84 771.95 449.14 0.092773
4 442.93 0.06 515.68 1046.99 0.092021
6 735.32 83.94 932.73 412.11 0.090232
5 981.60 517.69 1036.80 575.65 0.089964
4 981.41 518.01 1036.78 575.84 0.089719
1 739.67 141.41 891.63 330.72 0.089069
3 1082.28 43.27 1216.04 174.94 0.089055
3 1049.50 437.57 1098.52 493.21 0.088293
1 670.41 883.79 859.72 1007.25 0.087968
3 739.66 83.32 933.20 332.80 0.087825
4 739.30 83.46 934.04 332.53 0.087806
4 1198.90 314.22 1319.08 438.72 0.087224
2 438.65 0.63 519.68 1045.82 0.087174
3 1199.85 315.82 1317.42 434.25 0.087033
3 663.29 78.27 990.04 1014.96 0.086993
3 671.38 884.14 858.14 1005.28 0.086952
3 1001.80 534.02 1036.11 575.13 0.086925
2 441.17 938.32 503.08 1047.35 0.086746
2 370.82 376.75 404.22 490.07 0.086643
1 1084.07 119.73 1180.05 178.80 0.086633
1 1076.27 19.40 1376.19 175.85 0.085915
6 1080.33 43.34 1216.31 175.77 0.085681
5 1001.65 534.00 1036.52 575.46 0.085353
4 1078.82 24.69 1391.39 219.27 0.085102
1 977.58 697.19 1224.75 972.90 0.084551
5 30.04 695.40 361.77 1047.82 0.084281
6 451.34 1.12 517.99 517.04 0.084161
3 668.16 628.42 860.49 1005.75 0.083915
2 1234.25 629.31 1287.76 887.72 0.083685
2 979.55 516.42 1037.85 576.73 0.083598
6 670.57 1036.57 718.88 1049.44 0.083556
2 1209.72 104.01 1326.50 161.00 0.083252
2 502.24 189.63 741.64 312.44 0.083236
3 1040.89 392.93 1322.93 627.70 0.083212
3 1198.93 291.42 1361.92 435.83 0.082966
4 999.32 266.41 1187.77 495.00 0.082766
6 664.25 466.61 861.80 995.95 0.082200
3 1082.23 233.40 1186.84 386.67 0.081981
5 670.01 807.83 719.87 893.74 0.081786
4 17.82 2.17 1394.08 1047.53 0.081232
4 1256.07 287.14 1363.76 375.65 0.081185
2 24.29 695.42 364.27 1047.36 0.081084
2 924.15 787.05 946.89 839.06 0.080938
3 1179.10 42.01 1217.39 83.55 0.080868
2 983.42 697.77 1224.62 971.43 0.080555
2 654.52 73.49 1194.66 1018.25 0.080107
4 1083.05 42.26 1216.84 175.60 0.079999
4 1001.68 533.93 1036.52 575.58 0.079595
3 1096.82 709.34 1221.95 965.66 0.079142
6 1199.84 317.50 1329.59 437.41 0.079088
4 1196.95 291.70 1362.61 441.35 0.078327
6 991.05 699.14 1104.68 971.19 0.078207
3 1046.96 264.05 1186.88 440.73 0.077703
2 661.63 462.88 867.05 1009.51 0.077410
2 727.05 435.83 794.32 503.10 0.077195
3 924.25 787.68 946.19 838.70 0.077037
2 444.95 64.49 1193.47 1024.53 0.076827
6 1060.30 288.27 1398.77 1047.22 0.076478
6 668.05 82.07 989.57 1010.94 0.076354
3 925.83 788.40 945.48 838.12 0.076225
3 15.59 279.04 418.44 1047.90 0.075830
1 1095.84 709.28 1222.58 966.38 0.075769
3 666.20 512.59 860.68 1009.45 0.075742
6 1075.35 22.12 1396.40 219.18 0.074900
6 438.44 1.17 990.14 1047.66 0.074876
4 670.72 891.32 756.72 1006.86 0.074415
1 1234.67 630.11 1287.42 887.68 0.074034
5 1087.42 143.69 1171.08 176.52 0.073904
6 441.90 1.30 516.52 1047.01 0.073754
3 1084.11 119.35 1178.65 177.98 0.073570
2 1323.76 154.12 1398.44 208.09 0.073343
3 436.03 54.71 1195.37 1043.90 0.073291
3 996.92 261.98 1187.62 494.88 0.072864
3 1096.53 381.19 1148.07 439.13 0.072861
5 987.61 698.05 1106.88 970.88 0.072315
5 1049.31 436.80 1098.76 493.54 0.072265
4 973.71 695.28 1224.41 972.52 0.072104
1 440.32 69.55 992.70 1041.77 0.071870
3 1256.00 289.17 1363.47 375.39 0.071697
2 1075.79 19.88 1376.59 174.81 0.071586
1 661.83 74.82 1193.73 1011.90 0.071332
1 437.82 59.86 1194.87 1043.44 0.070858
6 1018.78 723.06 1099.61 928.04 0.070288
4 666.89 24.50 1393.72 1015.24 0.070242
1 371.04 378.08 404.79 489.82 0.070093
6 1049.51 437.13 1098.87 493.33 0.069971
5 1062.75 332.97 1148.81 439.88 0.069143
5 729.95 561.53 806.10 613.62 0.069080
5 835.76 82.18 932.61 145.76 0.068056
3 439.37 1.15 521.24 1046.75 0.067576
6 670.72 891.54 756.42 1006.72 0.067522
5 925.59 788.17 945.05 838.03 0.067130
3 370.90 377.40 405.23 489.96 0.066579
3 663.33 466.61 865.00 1010.19 0.066502
1 439.18 2.12 520.96 1045.17 0.066494
6 670.25 808.32 719.62 893.24 0.066267
4 1049.52 436.50 1098.61 493.62 0.066237
5 818.57 1007.14 858.83 1048.54 0.066237
4 1178.77 41.78 1217.91 84.41 0.066175
6 925.93 788.36 944.78 837.99 0.066048
6 819.04 1007.41 858.98 1048.56 0.065936
5 1019.12 722.92 1098.51 925.54 0.065836
4 1154.97 124.68 1199.60 175.29 0.065733
3 443.86 1.23 515.13 1045.87 0.065700
2 1130.89 394.14 1322.89 602.05 0.065677
5 1198.68 315.02 1326.83 439.21 0.065592
3 1235.15 630.41 1286.10 886.95 0.065371
2 1080.39 232.71 1188.63 388.85 0.065149
3 1040.29 326.93 1393.23 631.77 0.064884
4 1255.51 248.40 1396.95 375.16 0.064826
3 1238.74 632.41 1272.55 681.33 0.064648
5 1079.38 24.33 1384.44 219.81 0.064492
6 1081.82 232.76 1187.03 386.95 0.064368
3 1079.62 25.10 1389.73 219.93 0.064171
1 1113.47 49.46 1189.78 137.00 0.063261
3 1085.54 103.76 1326.18 176.77 0.062965
6 722.94 81.95 933.36 237.52 0.062354
3 1242.11 701.49 1274.77 748.05 0.062060
5 1082.65 42.90 1216.31 176.36 0.061784
3 227.14 0.06 365.93 333.16 0.061580
4 1195.80 284.51 1391.73 443.14 0.061551
4 1068.76 97.15 1133.75 165.94 0.061485
2 226.95 0.18 365.74 332.24 0.061114
1 665.28 338.94 693.62 384.81 0.061001
2 973.53 694.26 1228.72 1046.75 0.060875
2 1042.91 391.40 1324.07 634.39 0.060648
6 23.78 692.95 430.39 1048.07 0.060582
3 714.74 15.70 1382.21 622.36 0.060579
5 28.37 280.61 417.22 1048.17 0.060444
6 23.89 279.20 509.81 1048.90 0.060419
6 1067.31 593.61 1222.80 713.71 0.060280
5 1067.19 593.02 1223.88 713.49 0.059931
4 925.87 788.20 945.10 838.28 0.059795
2 1096.83 708.63 1222.55 965.90 0.059748
2 1231.53 503.37 1381.19 889.36 0.059690
3 1132.09 394.44 1322.30 600.86 0.059264
3 291.59 3.06 1388.04 1046.21 0.059116
4 722.70 81.87 933.81 237.39 0.059079
6 1047.13 265.39 1187.51 441.19 0.058965
3 1245.14 764.48 1278.56 815.41 0.058880
3 1197.59 285.71 1393.90 438.05 0.058752
6 846.55 112.52 931.77 182.91 0.058686
6 13.64 2.00 416.42 1048.06 0.058670
5 228.71 -0.03 365.68 333.31 0.058540
5 979.79 287.82 1398.29 1047.09 0.058384
3 1206.84 110.39 1310.54 157.17 0.058276
1 15.50 281.53 416.31 1047.27 0.058157
5 979.62 1013.81 1006.06 1049.55 0.057873
3 446.72 74.22 992.00 1043.18 0.057697
6 93.30 284.24 412.38 705.25 0.057653
4 528.18 468.84 862.30 1000.29 0.057649
6 1199.71 329.01 1274.98 434.28 0.057419
4 667.42 79.77 987.57 1009.77 0.057415
6 94.76 414.28 300.51 691.87 0.057267
1 663.34 467.11 863.60 1008.53 0.057207
6 1285.22 505.25 1377.43 587.49 0.056853
1 1237.18 631.41 1273.47 682.32 0.056850
4 1259.66 248.47 1395.08 332.06 0.056846
3 1251.85 834.22 1282.28 885.34 0.056575
5 889.09 81.68 933.91 127.54 0.056523
4 671.38 756.95 720.23 814.44 0.056279
4 1175.39 392.65 1320.72 513.89 0.056073
2 1042.70 329.73 1393.58 637.88 0.056034
3 1199.45 314.84 1280.65 432.65 0.056016
6 449.57 113.83 874.74 1025.69 0.056014
3 1156.01 124.91 1199.35 175.79 0.055945
5 441.24 2.81 989.62 1044.57 0.055796
4 1199.26 316.53 1280.41 435.79 0.055650
1 721.37 493.74 793.52 570.80 0.055577
5 1060.30 976.68 1083.51 1047.64 0.055525
5 1256.03 289.30 1362.22 376.96 0.055344
5 1198.87 329.40 1397.80 1047.16 0.055283
4 844.99 111.84 932.74 180.74 0.055273
2 1173.71 395.13 1321.10 510.86 0.055217
3 1083.21 101.86 1397.90 216.94 0.055076
3 1076.82 41.89 1217.15 131.15 0.054854
5 167.54 4.63 1389.62 1045.16 0.054838
3 972.75 693.15 1227.78 1047.53 0.054832
4 740.47 138.52 991.46 413.41 0.054679
6 228.03 0.18 365.94 333.06 0.054556
3 841.18 83.36 991.81 272.99 0.054360
4 1047.51 267.28 1187.04 441.95 0.054271
4 27.01 695.15 363.00 1048.01 0.054021
6 979.47 1014.06 1006.59 1049.57 0.053992
5 1241.86 701.21 1274.95 748.37 0.053868
5 670.70 891.58 756.32 1006.59 0.053751
3 722.52 81.57 933.20 237.39 0.053460
6 8.97 2.04 514.97 1048.28 0.053433
5 449.95 0.50 519.44 517.65 0.053396
3 527.44 473.46 870.93 1013.09 0.053381
1 1079.19 47.52 1199.36 177.71 0.053336
6 1087.56 143.84 1171.34 175.77 0.053258
3 1134.21 469.01 1257.49 600.35 0.053207
1 839.37 83.24 992.83 275.09 0.053204
6 527.68 471.65 865.94 1004.29 0.053143
3 1177.22 0.66 1217.35 83.03 0.052997
6 997.87 264.28 1187.64 494.28 0.052990
2 706.70 374.20 772.80 449.47 0.052807
6 738.30 139.46 909.95 410.56 0.052650
5 999.67 265.14 1188.13 495.65 0.052632
3 707.43 374.32 769.74 446.86 0.052590
2 669.78 893.40 758.23 1007.43 0.052538
5 1235.36 630.74 1286.70 886.85 0.052496
1 973.89 694.64 1228.06 1047.10 0.052298
3 316.38 757.07 435.25 792.39 0.052223
3 978.08 697.44 1108.74 971.86 0.052040
1 1041.91 243.75 1188.43 443.12 0.051897
3 819.14 1007.52 858.75 1048.55 0.051848
2 9.67 281.63 416.13 1046.87 0.051768
6 1255.77 289.94 1361.97 376.49 0.051694
3 720.66 10.83 1376.23 419.15 0.051631
6 670.35 31.34 1395.01 1046.66 0.051439
4 729.02 562.03 801.97 613.44 0.051431
2 443.36 -0.12 517.57 899.85 0.051244
3 1024.88 724.75 1097.60 923.17 0.051209
4 671.59 987.65 708.33 1005.95 0.050770
3 1060.66 977.31 1083.12 1047.92 0.050698
4 1069.95 41.32 1217.65 128.83 0.050678
3 660.30 70.40 1199.02 1015.84 0.050651
3 178.05 3.71 1389.65 1047.10 0.050548
6 188.66 9.76 1374.62 1043.76 0.050460
3 464.83 319.48 511.44 376.71 0.050292
4 1040.15 25.84 1381.37 447.73 0.050231
3 1043.39 289.07 1396.88 638.08 0.050073
4 530.72 563.30 594.67 623.62 0.050070
5 1096.75 716.42 1136.85 951.81 0.049836
2 665.40 338.54 693.85 384.77 0.049820
4 1141.93 411.74 1215.38 502.95 0.049582
3 837.96 82.50 932.28 147.19 0.049506
3 1237.31 631.51 1273.47 682.41 0.049435
1 855.34 133.74 991.80 274.22 0.049359
1 1107.79 22.63 1375.16 139.50 0.049337
5 443.52 0.20 516.12 1046.31 0.049326
1 721.18 80.78 935.00 238.95 0.049170
6 668.78 627.85 861.04 995.89 0.049020
1 667.17 628.55 866.62 1007.56 0.048802
4 1238.42 632.24 1272.98 681.62 0.048789
1 1127.48 393.97 1321.95 601.30 0.048779
4 1060.25 330.23 1148.25 439.70 0.048687
3 980.49 1014.03 1005.36 1049.40 0.048593
6 1178.44 42.05 1217.89 84.45 0.048404
3 729.06 563.15 797.59 612.75 0.048403
5 988.64 617.23 1077.59 701.19 0.048247
3 737.17 302.76 875.25 414.41 0.048229
5 722.70 81.85 933.91 237.52 0.048116
3 488.69 625.15 507.95 742.03 0.048105
5 1244.93 763.92 1279.11 815.78 0.047993
1 1095.38 380.34 1149.64 440.40 0.047879
3 666.93 340.31 692.02 383.45 0.047849
6 1095.96 719.10 1137.30 949.91 0.047835
4 724.65 24.63 1387.65 430.27 0.047817
1 735.91 87.08 934.25 334.75 0.047727
1 504.88 189.58 737.76 312.75 0.047714
5 1046.86 265.94 1187.24 441.79 0.047530
4 1096.29 708.98 1222.74 965.86 0.047519
3 1051.18 555.39 1106.63 604.87 0.047388
6 887.28 81.92 933.69 128.92 0.047350
6 1198.38 286.70 1394.35 438.87 0.047319
6 1208.28 457.72 1397.35 1046.28 0.047301
5 530.57 563.59 590.27 620.94 0.047284
2 670.30 883.27 860.06 1007.41 0.047265
4 1242.13 701.38 1274.93 748.35 0.047195
3 675.04 895.87 750.70 938.57 0.047094
1 443.17 1.10 517.15 900.03 0.047041
4 1193.96 247.44 1397.93 442.35 0.047035
5 844.73 111.69 929.63 172.27 0.047024
1 1200.57 42.03 1281.30 118.13 0.046693
2 1084.41 118.57 1183.65 179.37 0.046683
4 1042.29 288.02 1396.57 638.16 0.046522
1 787.23 554.77 838.54 601.47 0.046401
1 226.65 -0.11 365.44 331.86 0.046377
4 889.76 82.01 933.79 126.56 0.046358
6 846.12 110.81 930.18 177.90 0.046331
3 1372.73 426.29 1399.01 465.95 0.046325
3 671.71 757.15 720.06 815.24 0.046292
3 530.94 563.63 592.04 622.42 0.046202
2 1236.93 631.30 1274.05 682.56 0.046173
5 1198.58 291.45 1360.92 440.74 0.046037
1 1042.51 331.68 1390.90 636.95 0.045922
4 1000.10 22.10 1391.78 494.69 0.045916
5 93.21 546.24 130.38 663.74 0.045838
3 5.05 1.28 420.46 1048.03 0.045799
6 450.32 0.10 648.61 108.39 0.045787
5 438.02 6.40 1213.04 1044.40 0.045760
4 1084.54 103.29 1326.20 177.12 0.045737
5 1238.17 631.79 1273.25 681.85 0.045717
4 1198.76 353.75 1269.64 436.38 0.045716
1 708.00 18.57 1387.85 624.10 0.045672
6 1198.05 299.68 1325.32 437.07 0.045551
6 279.25 283.06 416.26 1047.57 0.045521
5 1007.58 631.73 1051.08 675.60 0.045491
3 853.12 127.78 990.67 273.06 0.045398
6 283.57 283.78 413.20 712.67 0.045393
6 93.60 546.52 129.98 663.25 0.045346
4 1251.53 833.98 1282.64 885.57 0.045332
5 1199.42 318.54 1280.90 437.10 0.045156
6 1076.87 24.50 1375.34 175.71 0.045133
4 1236.12 631.02 1286.16 885.82 0.045044
2 739.17 138.45 894.28 327.64 0.045038
6 1067.73 96.34 1131.24 163.27 0.044933
6 531.49 563.66 589.45 621.69 0.044843
1 669.89 1035.69 719.73 1049.26 0.044822
3 1007.55 632.06 1051.32 675.63 0.044730
4 1260.16 282.85 1363.57 338.73 0.044715
5 1156.28 124.39 1202.10 170.29 0.044705
6 1254.28 315.85 1330.30 377.47 0.044694
4 844.82 112.05 929.88 170.59 0.044480
4 1133.02 469.30 1257.50 601.07 0.044443
5 94.55 413.54 300.40 678.01 0.044432
3 452.33 1.05 514.45 504.58 0.044405
4 1130.70 392.36 1324.74 600.91 0.044397
3 665.80 339.33 693.35 384.46 0.044339
6 1002.11 22.96 1378.12 493.91 0.044333
3 1042.72 234.57 1188.37 441.64 0.044240
5 1251.42 833.77 1282.94 885.92 0.044141
4 443.59 24.41 990.06 1040.85 0.044107
3 445.11 1.36 517.03 898.10 0.044107
1 286.43 803.20 311.75 843.13 0.044073
4 738.05 138.32 909.54 411.54 0.043944
3 1266.62 396.84 1320.42 446.01 0.043855
5 1243.08 317.25 1331.40 416.96 0.043686
6 1154.94 125.03 1201.27 170.69 0.043668
4 1245.08 764.26 1278.83 815.69 0.043486
2 1133.42 468.86 1258.07 601.07 0.043425
6 1077.04 41.94 1217.73 131.01 0.043251
1 978.77 613.09 1077.57 704.64 0.043080
6 6.07 0.88 370.80 700.88 0.043030
3 1232.72 504.41 1380.78 888.81 0.042932
1 818.17 1006.87 859.78 1048.33 0.042924
5 350.57 878.71 366.76 952.27 0.042885
5 1002.69 93.15 1395.45 493.78 0.042883
3 889.62 81.78 933.48 127.08 0.042753
5 739.56 141.53 908.34 412.25 0.042684
3 978.98 257.85 1188.30 574.43 0.042476
6 428.98 4.99 1198.08 1043.96 0.042434
4 451.88 1.27 515.65 504.66 0.042398
4 1007.12 631.26 1052.25 675.94 0.042363
1 1114.58 42.23 1216.74 136.59 0.042305
5 1197.81 286.75 1394.27 441.58 0.042278
3 1200.03 357.07 1272.51 434.21 0.042213
6 1235.55 630.86 1286.86 886.27 0.042141
1 1250.98 834.70 1283.17 886.48 0.042009
6 1183.38 104.15 1324.93 218.91 0.041938
3 792.56 614.63 816.91 664.40 0.041927
4 1078.57 25.40 1374.81 177.36 0.041848
6 1057.19 288.36 1397.58 713.56 0.041798
4 488.37 624.82 508.10 742.12 0.041716
5 93.04 283.89 413.03 706.40 0.041649
3 1198.51 317.54 1324.16 433.28 0.041629
5 671.34 757.22 720.33 815.27 0.041590
5 845.17 111.30 931.74 183.50 0.041554
6 1215.55 424.76 1396.24 895.16 0.041480
1 1176.04 394.84 1320.68 510.36 0.041424
5 1178.52 41.86 1217.97 84.64 0.041384
3 1097.18 716.69 1136.12 951.41 0.041364
5 1080.62 97.23 1396.98 220.16 0.041346
6 1049.28 288.83 1397.32 638.24 0.041329
4 1372.56 426.01 1399.07 466.39 0.041267
4 979.84 1013.91 1005.62 1049.47 0.041208
4 666.70 339.88 692.48 384.01 0.041199
1 1048.28 436.61 1099.59 494.59 0.041044
3 1004.35 611.84 1068.38 678.08 0.041032
4 987.28 612.28 1076.68 698.96 0.041019
4 1050.79 554.84 1107.58 604.90 0.040994
6 1059.65 976.28 1083.54 1047.22 0.040941
3 1258.16 248.21 1396.04 340.63 0.040769
6 671.43 757.60 720.15 818.19 0.040692
6 726.07 22.46 1383.98 418.57 0.040672
6 1160.46 654.71 1213.26 714.10 0.040633
3 844.69 109.98 929.82 171.80 0.040572
5 1141.27 414.80 1211.52 499.12 0.040529
5 443.42 3.31 888.68 1043.49 0.040521
3 662.85 68.35 1397.02 1007.09 0.040494
1 857.42 877.76 880.10 907.95 0.040381
4 443.63 2.00 885.16 1039.62 0.040369
5 791.87 555.09 838.44 601.11 0.040333
2 666.78 626.37 867.74 1006.27 0.040319
1 1043.44 389.75 1324.23 632.09 0.040300
3 1198.60 322.74 1297.20 431.05 0.040226
1 790.72 610.74 818.06 666.47 0.040205
3 973.66 311.11 1397.85 1046.14 0.039873
1 1058.98 976.60 1084.92 1047.67 0.039838
1 1244.77 764.29 1279.29 816.17 0.039800
1 93.25 411.63 359.02 700.16 0.039730
5 1067.70 96.03 1130.78 165.14 0.039714
1 87.82 381.20 159.44 447.56 0.039587
3 504.55 189.36 738.91 313.03 0.039575
6 983.84 618.81 1078.10 702.76 0.039470
4 464.58 323.46 511.48 376.90 0.039406
3 1000.28 23.22 1395.32 495.23 0.039363
3 661.65 439.67 884.29 1012.26 0.039197
6 1177.52 389.58 1322.08 512.80 0.038946
4 1060.16 977.06 1083.45 1047.94 0.038933
6 1084.14 103.06 1326.12 175.67 0.038930
1 978.42 825.15 1012.86 907.62 0.038899
6 1256.23 287.13 1394.62 378.39 0.038878
2 1073.27 17.08 1392.24 218.48 0.038850
5 1063.69 290.09 1398.44 1047.53 0.038819
5 1160.08 654.77 1213.44 714.46 0.038681
5 1133.15 468.24 1258.12 600.60 0.038625
1 665.90 84.72 933.19 1008.85 0.038564
2 976.66 322.77 1397.24 1045.45 0.038564
5 723.47 70.98 1394.29 425.22 0.038437
3 1087.87 145.13 1137.21 176.05 0.038422
2 789.06 554.89 838.13 601.82 0.038403
6 454.20 624.74 506.99 741.53 0.038347
3 445.65 552.01 868.51 1038.65 0.038223
3 665.95 81.80 937.37 1011.74 0.038200
3 17.78 692.94 433.89 1047.88 0.038185
6 1128.20 368.87 1332.59 601.64 0.038123
1 397.50 3.81 1235.83 1044.12 0.038071
5 1256.28 286.42 1395.18 379.15 0.038014
2 1130.96 332.24 1392.39 604.52 0.037943
1 1200.12 310.38 1330.29 436.03 0.037781
4 736.47 307.07 874.99 414.75 0.037766
5 1108.94 526.31 1175.85 594.75 0.037758
4 670.02 987.88 719.31 1048.71 0.037755
1 1202.72 331.77 1397.38 1045.80 0.037410
3 1066.52 593.49 1222.94 711.49 0.037380
1 707.93 375.59 794.70 503.49 0.037377
2 993.74 239.06 1189.17 495.70 0.037345
6 669.97 988.48 724.68 1048.85 0.037316
1 317.14 754.05 436.79 792.00 0.037165
3 1068.00 97.17 1130.58 164.54 0.037120
1 662.30 432.65 885.13 1010.33 0.037048
3 727.27 491.60 795.18 559.24 0.037035
5 284.15 283.87 413.51 713.79 0.037023
1 719.31 76.55 1192.97 591.94 0.036952
3 488.16 773.61 509.26 889.61 0.036950
5 1052.61 289.01 1397.44 638.61 0.036911
2 689.38 15.38 1388.47 631.76 0.036816
6 464.94 324.34 511.84 376.28 0.036766
3 674.64 907.59 741.37 939.46 0.036714
1 1232.69 504.21 1380.81 890.00 0.036700
6 793.05 555.41 838.35 600.49 0.036614
5 1086.43 115.80 1194.19 175.22 0.036581
2 660.80 329.66 888.80 1014.13 0.036578
5 1140.68 413.57 1214.75 504.16 0.036430
5 1258.62 246.46 1394.35 338.53 0.036377
2 3.44 0.77 408.40 1047.73 0.036304
3 1179.19 25.12 1373.73 88.99 0.036261
6 1.54 -0.15 366.62 388.65 0.036214
3 791.24 555.27 837.94 600.53 0.036207
3 93.39 411.51 303.74 692.71 0.036202
3 671.89 987.65 708.10 1005.62 0.036097
2 92.73 408.53 357.78 700.00 0.036058
3 1130.99 332.52 1392.43 602.54 0.036037
5 1095.34 376.93 1148.54 439.61 0.036035
5 24.10 692.48 429.64 1047.82 0.036003
6 724.30 491.29 795.60 563.30 0.035983
3 1201.28 331.49 1397.39 1045.55 0.035955
3 1176.64 406.79 1275.40 508.08 0.035930
1 722.79 497.44 783.86 570.20 0.035928
4 819.04 1007.29 859.10 1048.56 0.035892
5 741.39 309.11 874.85 414.57 0.035826
5 1227.24 503.17 1389.05 891.79 0.035777
2 843.50 112.71 992.71 275.30 0.035770
3 721.36 78.87 1191.41 496.44 0.035692
6 1224.64 504.95 1394.14 893.26 0.035668
5 667.42 626.69 860.10 996.05 0.035661
4 1108.57 523.67 1177.90 596.35 0.035583
3 1108.96 525.37 1177.26 597.85 0.035509
1 1241.28 701.42 1275.63 748.55 0.035507
2 431.65 2.55 750.30 1042.76 0.035440
3 1160.61 655.07 1213.04 713.44 0.035411
6 440.27 613.62 511.42 1047.62 0.035329
4 725.26 489.47 794.91 562.19 0.035295
4 1003.94 612.27 1067.98 677.73 0.035227
3 445.32 623.38 510.98 896.21 0.035214
5 1000.97 723.93 1034.32 908.43 0.035209
6 445.54 623.45 511.06 896.35 0.035206
4 1265.02 395.90 1321.40 446.77 0.035206
5 450.46 18.98 1385.98 646.19 0.035195
6 842.01 82.87 991.58 272.86 0.035185
1 989.52 235.90 1188.77 495.40 0.035172
2 1210.71 420.24 1397.05 1044.79 0.035156
3 1083.39 42.59 1215.65 133.68 0.035045
1 1241.10 314.36 1330.12 420.27 0.034953
4 449.56 0.12 648.23 108.51 0.034933
1 735.65 290.03 875.97 415.08 0.034816
5 1004.91 921.47 1067.26 1048.91 0.034778
4 1196.87 394.71 1247.58 437.09 0.034648
3 669.70 1036.11 719.57 1049.13 0.034628
3 966.29 21.99 1378.39 601.51 0.034581
6 980.89 826.46 1012.65 907.25 0.034571
5 527.08 473.49 864.93 999.91 0.034568
1 1107.93 525.08 1177.32 593.17 0.034564
5 1198.82 360.35 1263.66 438.85 0.034546
5 600.59 63.47 643.55 105.76 0.034521
6 1242.11 701.22 1274.85 748.44 0.034500
5 1255.02 315.54 1305.31 373.03 0.034447
3 600.76 62.66 643.39 105.23 0.034402
4 792.10 555.22 838.24 600.85 0.034351
6 1114.33 290.73 1395.99 606.55 0.034334
4 600.40 61.22 643.72 105.56 0.034303
2 722.83 497.26 782.81 572.42 0.034292
3 1080.45 1.10 1216.63 140.72 0.034199
6 91.89 408.47 403.32 704.16 0.034134
2 1043.37 234.74 1188.63 442.31 0.034119
3 350.77 879.02 366.29 951.54 0.034106
4 1024.53 723.14 1097.86 922.31 0.034055
3 669.96 988.66 721.47 1049.03 0.034005
6 883.02 180.18 990.49 270.33 0.033999
3 288.30 804.21 309.94 841.88 0.033939
1 980.08 516.36 1024.63 544.07 0.033936
1 1000.68 533.12 1037.39 575.84 0.033905
4 1253.69 315.19 1308.23 372.92 0.033876
2 975.34 240.37 1189.79 577.51 0.033865
2 1196.15 325.86 1397.72 1045.93 0.033827
2 286.60 803.11 311.96 843.25 0.033792
2 1111.67 41.43 1212.60 138.88 0.033768
1 1006.09 630.84 1052.97 676.49 0.033763
4 1234.20 504.14 1382.25 887.60 0.033640
3 1096.10 376.75 1148.19 439.00 0.033620
3 989.70 618.35 1076.54 700.48 0.033564
5 464.79 323.92 511.86 376.84 0.033518
3 969.69 390.80 1324.11 721.26 0.033514
3 1000.72 533.01 1037.14 575.74 0.033445
5 666.44 339.47 692.98 384.01 0.033425
2 1058.87 976.01 1084.92 1047.65 0.033350
6 1061.42 331.01 1148.19 438.96 0.033341
3 844.99 118.74 992.61 274.68 0.033263
3 1254.69 316.33 1306.06 371.63 0.033248
4 1176.16 464.87 1257.05 518.47 0.033239
3 840.34 82.68 991.18 315.18 0.033221
2 980.47 323.97 1390.75 703.34 0.033193
3 1046.30 462.54 1254.39 615.30 0.032992
3 1176.09 465.37 1256.76 518.39 0.032988
6 666.50 339.92 692.72 383.59 0.032972
3 1129.58 292.50 1396.39 602.49 0.032953
5 787.49 557.31 818.60 599.86 0.032951
2 796.69 574.56 818.97 598.52 0.032930
6 1257.98 245.26 1393.58 336.36 0.032912
5 1372.57 426.20 1398.81 466.56 0.032879
4 1172.85 310.01 1333.80 507.42 0.032849
3 445.99 4.47 873.56 1024.51 0.032783
6 838.22 82.01 932.15 144.45 0.032757
3 93.84 546.30 130.05 663.08 0.032706
1 98.84 415.54 301.41 674.50 0.032512
2 1095.27 380.65 1149.44 440.38 0.032506
4 983.93 697.99 1107.94 969.07 0.032488
3 666.46 267.83 1334.45 1009.09 0.032483
5 503.88 188.73 741.98 311.92 0.032469
2 1077.45 44.57 1206.29 177.96 0.032448
6 1132.94 460.31 1259.98 599.75 0.032433
5 725.02 491.19 795.79 561.90 0.032403
5 1129.72 370.73 1332.04 601.24 0.032372
4 1327.01 295.81 1363.48 323.91 0.032328
4 667.31 624.99 859.51 996.49 0.032319
4 496.57 257.36 516.84 371.44 0.032294
3 1000.71 724.62 1033.04 907.63 0.032279
3 1111.48 42.15 1216.80 137.68 0.032264
5 671.74 987.49 707.81 1006.10 0.032253
3 720.69 75.25 1194.60 584.71 0.032182
1 929.36 416.56 949.87 433.54 0.032172
5 977.56 826.54 1013.36 909.45 0.032140
5 669.92 988.13 722.58 1048.74 0.032115
4 1371.99 391.37 1399.48 467.54 0.032089
1 586.77 584.61 639.65 632.61 0.032043
6 1021.43 885.26 1091.96 971.25 0.031795
4 1084.46 102.31 1326.51 219.60 0.031664
3 1260.65 283.28 1363.01 338.81 0.031654
3 279.56 282.28 428.40 1047.00 0.031629
3 1327.79 296.09 1362.94 323.25 0.031617
3 1172.60 318.13 1331.98 505.01 0.031607
1 90.96 285.30 411.82 707.43 0.031603
1 673.37 905.31 752.29 939.86 0.031556
3 349.31 724.87 435.04 826.90 0.031532
1 1133.66 469.33 1257.76 600.57 0.031505
2 720.95 80.50 934.87 240.20 0.031458
4 1177.77 1.42 1219.01 82.68 0.031435
2 670.33 480.40 711.87 563.19 0.031416
6 1006.74 632.36 1051.97 675.86 0.031411
3 89.14 382.10 158.08 446.12 0.031401
4 978.65 286.84 1398.45 980.08 0.031348
2 449.19 0.70 516.13 510.75 0.031338
1 978.88 317.88 1397.75 1046.41 0.031326
5 1078.25 24.88 1375.25 177.69 0.031323
4 724.82 80.01 1191.67 496.52 0.031317
4 981.47 517.90 1024.12 541.71 0.031263
5 724.03 78.79 1190.54 499.53 0.031248
4 93.34 410.48 358.33 700.98 0.031239
6 25.03 231.71 1390.82 1049.39 0.031233
2 734.85 305.92 876.70 416.12 0.031184
3 708.16 375.37 794.99 503.06 0.031128
4 1300.20 280.15 1364.96 328.48 0.031117
6 1003.13 918.43 1070.80 1048.81 0.031103
2 1000.74 532.87 1037.45 575.98 0.031043
6 1051.99 23.91 1377.56 441.10 0.031017
4 670.38 89.71 1192.03 1003.28 0.031010
3 730.58 84.01 934.77 411.81 0.031009
1 9.24 864.02 93.59 921.58 0.031004
5 1071.83 40.94 1217.87 138.29 0.030958
6 488.17 625.10 508.09 740.97 0.030928
3 95.45 413.89 298.77 671.76 0.030869
3 450.15 1.23 517.84 514.08 0.030805
5 1243.41 360.73 1303.30 419.62 0.030701
4 1087.06 143.58 1138.16 173.98 0.030696
6 1090.71 932.41 1129.67 979.65 0.030575
5 667.09 25.35 1394.89 1045.06 0.030565
5 370.70 376.74 406.09 490.01 0.030558
3 981.31 518.24 1023.94 542.46 0.030525
3 992.43 236.40 1188.91 495.84 0.030517
5 1183.20 103.55 1325.24 219.08 0.030377
6 1202.93 332.12 1398.03 898.86 0.030365
3 673.80 900.04 752.60 939.38 0.030358
6 1251.29 833.20 1282.67 885.89 0.030329
3 1051.43 574.73 1078.25 603.47 0.030313
6 1238.39 631.52 1273.27 681.33 0.030280
5 448.95 0.03 648.70 108.68 0.030271
6 452.87 22.71 1386.25 643.97 0.030265
3 318.84 752.92 435.26 827.04 0.030262
1 1319.81 288.22 1397.05 371.79 0.030225
1 1004.88 611.80 1067.48 678.53 0.030203
2 1251.01 834.48 1283.41 886.59 0.030155
1 669.26 808.36 720.01 894.30 0.030153
6 1128.14 335.85 1382.41 603.15 0.030137
6 1058.93 971.00 1130.32 1048.51 0.030106
5 1177.70 383.23 1321.45 514.37 0.030099
4 723.08 74.08 1397.17 493.67 0.030095
1 92.90 544.68 132.22 663.90 0.030087
3 1205.79 362.97 1397.95 892.35 0.030049
3 286.29 283.89 414.27 735.86 0.030026
