3 470.55 1.09 760.53 785.59 0.768182
9 696.87 591.16 732.12 710.29 0.616016
3 696.98 591.32 731.71 710.40 0.545641
3 667.28 581.55 687.90 626.27 0.516304
6 696.96 591.10 732.03 710.40 0.493067
9 667.25 581.14 688.10 626.43 0.483459
3 700.75 541.68 720.73 584.86 0.475924
3 673.48 493.37 692.13 525.31 0.461650
9 700.75 541.33 721.08 584.65 0.439028
3 675.27 417.40 692.49 446.24 0.429010
3 675.27 365.05 690.32 386.72 0.424772
3 696.82 364.63 712.03 386.01 0.420588
3 698.96 398.07 715.94 422.14 0.416397
9 673.21 493.03 692.40 525.42 0.391009
3 706.39 491.16 724.79 519.95 0.390179
6 839.71 511.45 876.75 598.83 0.380946
6 667.40 581.35 688.00 626.36 0.359084
3 698.60 437.33 719.98 487.70 0.356139
9 698.53 437.23 720.27 484.89 0.348732
9 675.04 364.74 690.44 386.84 0.342783
9 696.76 364.48 712.34 386.26 0.336578
6 698.53 437.37 720.31 486.41 0.333433
9 675.28 417.14 692.89 446.02 0.332589
3 691.84 296.26 706.02 314.73 0.327119
3 3.37 1.10 1396.53 786.13 0.327096
3 673.78 214.89 685.11 232.42 0.324397
3 690.09 266.81 703.12 286.44 0.324213
9 698.48 397.56 716.01 422.01 0.323273
6 699.03 398.06 715.90 422.11 0.304171
3 1187.27 284.20 1399.13 501.63 0.300942
3 706.26 256.06 719.33 274.61 0.295303
9 706.17 490.60 725.23 520.19 0.292232
3 839.96 512.25 876.83 599.65 0.285924
6 675.33 364.96 690.65 386.78 0.283459
3 687.92 230.69 699.68 245.30 0.281422
6 673.73 493.08 692.56 525.37 0.276913
3 1190.74 297.69 1221.48 312.22 0.275485
6 673.76 214.73 685.36 232.47 0.269501
3 481.18 360.72 667.53 785.91 0.265653
9 673.71 214.57 685.43 232.46 0.263323
9 839.86 509.94 876.72 598.04 0.259831
6 701.12 541.52 721.12 584.73 0.256779
6 675.53 417.37 692.71 445.97 0.253095
6 696.80 364.61 712.16 386.21 0.249526
3 647.33 0.62 738.17 784.32 0.243550
9 691.65 295.64 706.40 315.21 0.242468
9 689.43 266.04 703.61 286.64 0.238949
3 936.68 450.87 1397.39 786.50 0.235142
9 687.57 230.15 699.98 245.73 0.225969
9 706.00 255.49 719.51 274.51 0.223915
3 644.39 123.41 653.24 139.19 0.219801
3 503.46 305.00 519.97 319.41 0.217096
3 620.76 0.66 726.32 170.48 0.196689
3 936.96 452.47 1301.29 785.59 0.195683
3 544.81 364.90 661.34 489.98 0.187548
6 691.81 295.98 706.29 315.12 0.186413
9 644.11 123.34 653.52 139.38 0.186305
6 689.96 266.29 703.36 286.57 0.185078
3 666.80 210.08 735.20 711.18 0.178354
6 822.87 555.80 845.43 592.35 0.175310
3 685.45 97.50 694.53 119.16 0.174681
6 706.07 490.81 725.12 520.13 0.173882
6 737.66 644.29 780.26 706.70 0.172849
9 830.15 360.37 862.32 410.09 0.172160
9 503.46 304.67 520.31 320.72 0.169242
6 503.61 304.87 520.02 319.57 0.168725
3 447.70 0.95 834.06 786.44 0.167156
3 574.07 329.72 669.34 369.90 0.163489
3 721.01 677.21 970.20 786.47 0.160495
6 687.77 230.44 699.86 245.43 0.160161
6 706.24 255.75 719.18 274.78 0.158689
6 1190.92 297.64 1221.40 312.41 0.157859
3 733.70 512.09 758.43 569.75 0.156887
3 655.05 62.28 670.42 81.47 0.156152
3 666.59 580.73 688.96 627.12 0.153975
3 669.83 361.10 734.47 710.61 0.152463
3 668.40 219.81 727.66 309.10 0.152414
3 738.00 632.27 799.18 706.73 0.152290
3 479.65 186.29 673.77 785.50 0.151076
3 469.09 187.23 759.42 786.15 0.149862
3 669.54 213.49 721.76 314.56 0.148929
3 728.94 96.48 747.37 114.71 0.143870
6 644.43 123.38 653.75 139.35 0.142197
3 822.61 556.16 844.73 591.35 0.141793
3 674.92 155.64 685.19 166.04 0.141098
3 800.52 138.24 828.02 176.73 0.138692
3 151.68 619.97 392.45 786.65 0.135910
6 737.67 634.99 795.08 708.32 0.131735
3 3.04 260.95 523.69 785.35 0.130481
9 860.85 365.47 885.26 404.05 0.130166
6 655.10 62.55 670.53 81.62 0.129694
3 652.90 0.23 735.74 711.63 0.128406
9 728.98 96.09 747.97 115.76 0.128325
3 647.88 302.18 737.34 784.94 0.125518
3 871.20 237.09 1092.31 456.94 0.124600
6 499.48 338.66 513.87 360.88 0.123324
3 913.36 562.18 946.15 621.34 0.123194
6 685.28 97.49 695.10 119.31 0.122326
3 94.97 619.33 393.13 786.82 0.121116
3 674.93 364.61 691.00 386.94 0.120368
3 699.91 540.88 722.18 585.59 0.118188
3 717.20 394.14 877.08 705.18 0.118084
3 471.33 298.51 734.56 785.47 0.118047
3 1.84 4.67 610.01 786.09 0.116516
9 803.97 361.18 833.50 405.28 0.115551
9 685.48 97.55 695.04 119.88 0.115521
3 685.63 11.11 694.09 23.75 0.115402
3 759.25 631.86 799.96 683.81 0.115370
3 587.51 160.92 946.90 197.64 0.114645
6 913.19 562.33 945.86 623.09 0.113201
9 668.83 359.62 735.79 711.39 0.112953
3 658.12 0.33 727.39 309.84 0.111324
9 499.66 338.47 514.16 360.35 0.111138
3 635.78 1.34 736.45 785.01 0.110595
3 738.28 644.76 780.25 706.80 0.110074
3 672.71 492.36 693.74 526.31 0.109785
3 642.31 147.67 651.83 158.61 0.109718
9 664.79 209.46 735.98 711.54 0.109667
3 595.59 170.05 723.84 191.24 0.109515
3 474.92 316.29 744.79 784.98 0.108852
3 755.74 128.70 871.31 162.89 0.108501
9 655.02 62.54 670.33 81.50 0.108059
3 473.53 178.18 738.14 785.46 0.106981
3 590.62 168.74 866.67 195.95 0.104010
3 609.93 0.79 730.91 311.25 0.103316
6 555.87 369.79 564.70 388.99 0.103264
3 1000.75 627.52 1035.49 660.79 0.103129
3 499.72 338.52 514.11 360.85 0.102818
9 674.61 155.23 685.45 166.23 0.102692
3 440.88 0.74 1152.78 786.00 0.102684
9 822.29 555.32 846.64 608.16 0.101672
3 659.44 98.91 667.70 110.77 0.101496
3 437.77 0.65 1397.28 786.86 0.101017
3 1003.31 600.90 1088.32 658.54 0.100919
9 829.36 357.89 885.50 411.22 0.100807
9 822.67 555.76 845.45 593.25 0.100102
3 647.52 109.31 655.10 118.19 0.099751
3 691.61 295.58 706.51 314.89 0.099664
3 839.25 508.84 878.33 600.66 0.098908
3 830.66 361.21 861.15 409.55 0.098525
3 555.60 369.61 564.32 388.88 0.097416
3 466.49 168.12 867.81 785.82 0.097328
3 644.47 0.52 728.92 309.98 0.096282
6 829.99 360.46 862.23 409.79 0.096229
6 729.48 96.36 747.61 115.81 0.095941
3 732.02 121.65 751.16 135.16 0.095451
3 675.76 116.79 683.17 126.40 0.095340
3 462.73 2.23 868.51 785.78 0.094199
3 502.78 304.17 520.35 319.79 0.093943
3 846.56 551.12 876.03 599.29 0.093445
3 831.29 605.56 1147.59 786.44 0.092525
3 828.12 356.42 886.21 411.94 0.091800
6 674.81 155.35 685.55 166.28 0.090525
3 650.36 209.67 739.42 784.63 0.090327
3 603.35 0.32 739.03 786.15 0.089317
3 687.72 230.36 700.13 245.45 0.089293
3 705.23 254.27 718.81 274.70 0.088507
6 670.26 360.89 735.27 710.98 0.088387
3 673.01 214.29 685.29 232.46 0.087931
9 731.79 121.54 751.40 135.61 0.087436
9 654.10 0.79 677.16 82.21 0.087368
3 82.87 415.93 478.89 653.23 0.087250
3 483.81 8.57 673.24 783.75 0.087216
3 914.70 123.66 930.85 140.63 0.086390
3 867.98 440.11 979.09 561.11 0.085247
3 654.23 0.24 675.47 82.01 0.084986
3 584.37 188.61 668.39 325.78 0.084884
9 685.43 10.13 694.05 23.76 0.084863
3 1131.58 301.29 1166.34 326.55 0.084482
3 654.52 212.10 747.45 783.61 0.084382
3 754.52 127.09 888.93 176.07 0.084227
3 470.39 290.03 756.12 784.99 0.084114
3 653.25 0.46 703.49 85.53 0.084029
3 665.75 580.33 689.62 627.96 0.083978
3 630.08 89.96 638.59 99.42 0.083090
6 829.02 357.07 885.92 411.23 0.082961
3 657.03 113.78 666.16 123.88 0.082604
3 865.35 439.07 979.56 589.59 0.082542
3 561.74 342.06 570.44 355.71 0.082027
3 697.70 436.84 721.87 487.16 0.081634
3 1309.29 383.55 1337.46 455.37 0.079970
3 674.06 416.50 694.10 446.53 0.079911
3 647.15 0.54 704.28 166.61 0.079694
3 667.60 210.96 727.72 308.94 0.079297
3 703.57 2.05 1398.04 785.56 0.079211
3 1000.86 629.62 1034.99 659.93 0.079126
3 689.69 265.57 703.51 286.26 0.077605
3 666.46 351.26 739.36 714.37 0.077326
3 911.41 561.67 946.94 635.71 0.076866
3 695.91 590.63 733.48 711.14 0.076861
3 666.00 212.08 725.63 310.89 0.076677
3 661.72 211.11 739.33 716.63 0.076574
3 123.50 33.17 375.09 270.39 0.076565
6 685.50 10.83 694.08 23.68 0.076348
3 861.11 365.87 885.90 403.98 0.075272
3 985.61 418.54 1003.46 467.35 0.075233
3 727.09 94.09 751.98 150.98 0.075113
6 733.03 512.16 759.66 569.74 0.074849
3 964.15 126.06 1011.17 180.67 0.074836
6 666.35 211.13 734.85 711.51 0.074485
3 711.40 175.82 1396.56 785.20 0.074333
6 561.69 341.87 570.56 355.74 0.074183
9 726.93 93.66 751.84 151.26 0.074159
3 620.93 2.57 667.45 167.86 0.073660
3 1238.47 359.87 1262.75 379.67 0.073382
3 805.98 132.15 870.29 159.90 0.073258
6 1001.25 630.23 1034.56 660.07 0.073108
3 660.48 0.29 670.63 10.15 0.072963
9 914.75 123.40 931.29 141.51 0.072727
3 642.42 -0.07 691.39 165.60 0.071551
3 588.07 6.89 669.85 320.01 0.070872
3 882.32 441.09 978.27 517.36 0.070775
3 725.74 386.57 873.57 699.80 0.070720
3 977.07 76.61 1025.64 94.95 0.069927
3 2.94 194.60 537.94 787.10 0.069756
3 937.11 453.02 1289.49 687.95 0.069116
3 667.97 0.56 706.04 167.72 0.069047
9 849.60 359.38 869.55 402.30 0.068792
3 545.55 329.18 669.25 490.49 0.068781
3 5.36 415.86 498.03 785.63 0.068378
3 576.90 330.50 668.28 368.82 0.068232
9 666.78 361.36 726.30 628.25 0.068142
9 778.65 359.25 833.21 409.45 0.068087
3 984.31 323.83 1092.12 456.10 0.068045
3 726.17 94.65 776.27 159.00 0.067607
9 647.42 109.01 655.14 118.27 0.067594
3 912.72 561.79 945.19 619.09 0.067586
3 769.01 109.13 777.40 121.62 0.067420
3 1130.94 300.55 1166.84 328.53 0.067113
6 1231.90 313.49 1255.35 331.66 0.066872
3 1189.86 296.23 1222.62 313.26 0.066737
9 1167.47 163.63 1200.51 185.77 0.066546
3 5.73 32.52 377.59 273.08 0.066247
6 914.84 123.42 931.07 140.86 0.066094
3 851.90 359.46 886.15 404.83 0.065122
3 615.69 0.68 730.00 174.08 0.064952
3 704.73 489.85 726.41 521.02 0.064882
3 674.09 363.80 691.82 387.75 0.064810
3 909.43 280.25 1019.41 330.04 0.064735
6 659.08 99.27 667.99 111.24 0.064602
3 697.92 396.77 717.56 423.05 0.064547
3 592.49 0.84 731.43 312.55 0.064319
3 699.23 540.23 722.82 586.37 0.064045
3 654.12 0.29 677.74 82.89 0.064036
3 677.44 33.81 686.79 43.17 0.063802
3 737.63 76.55 749.87 86.27 0.063516
3 753.78 159.59 946.78 200.36 0.063303
3 1239.21 360.11 1263.39 380.53 0.063212
3 639.62 0.93 739.31 712.87 0.062835
3 687.89 0.59 706.25 163.19 0.062775
3 588.49 191.15 666.69 320.69 0.062763
3 655.51 307.31 748.35 782.48 0.062745
3 803.45 511.51 851.37 692.93 0.062702
9 658.78 98.97 668.20 112.41 0.062477
3 656.44 129.87 666.23 139.05 0.062424
3 27.96 267.93 49.23 281.39 0.062407
6 860.21 366.11 885.73 404.09 0.062366
3 588.69 169.58 865.63 193.83 0.062209
3 672.10 492.04 694.31 527.09 0.062070
6 463.49 286.43 477.39 304.23 0.061821
3 867.26 139.33 889.36 177.28 0.061734
3 2.74 25.47 558.38 287.24 0.061631
9 768.80 108.70 777.61 122.38 0.061075
6 846.75 553.88 876.23 599.19 0.060998
3 644.02 96.80 685.06 140.37 0.060989
3 696.98 650.10 731.36 709.99 0.060923
3 825.23 234.39 1096.53 596.70 0.060893
9 755.57 130.71 871.33 163.18 0.060618
3 456.81 96.95 824.62 782.86 0.060580
3 10.19 170.23 1386.16 785.87 0.060472
3 602.41 0.15 730.85 216.90 0.059905
3 588.06 164.93 942.46 198.02 0.059795
3 1007.90 602.06 1085.65 638.23 0.059448
3 555.14 7.68 667.98 786.12 0.059432
3 669.75 16.86 676.79 28.27 0.059308
3 760.54 632.13 799.69 666.36 0.059190
3 463.77 286.80 477.15 300.62 0.059171
3 725.40 94.61 946.24 199.87 0.058991
3 696.98 673.76 732.08 710.28 0.058934
3 675.84 261.54 681.66 273.58 0.058778
3 737.44 643.22 782.52 707.01 0.058245
3 805.62 361.26 832.39 402.49 0.057903
3 674.54 155.31 686.02 166.65 0.057770
6 647.64 109.06 655.06 118.21 0.057762
3 498.68 548.69 509.56 564.82 0.057690
3 765.88 98.51 774.54 108.61 0.057555
3 1231.85 314.00 1255.61 331.78 0.057530
3 672.24 80.40 713.11 93.58 0.057477
3 732.34 505.49 851.38 702.97 0.057167
6 1131.47 301.25 1166.89 333.51 0.057136
9 561.46 341.89 570.40 355.67 0.057031
3 642.51 0.53 678.06 166.72 0.056802
3 689.62 189.41 699.01 200.01 0.056640
9 730.66 121.12 751.85 149.78 0.056438
3 1193.05 621.02 1298.69 689.85 0.056339
3 492.11 190.07 677.93 785.13 0.056047
3 846.39 356.60 868.57 401.09 0.055929
3 468.92 723.90 479.11 753.38 0.055880
9 629.65 89.87 638.76 99.56 0.055658
9 667.97 212.07 724.53 313.29 0.055540
3 655.08 61.32 672.42 81.81 0.055445
3 150.65 534.28 235.85 621.73 0.055267
3 673.49 363.41 692.16 388.43 0.055164
3 660.66 328.77 744.81 771.06 0.055158
3 228.35 34.88 374.43 268.85 0.054984
3 396.94 588.26 440.88 651.72 0.054852
3 143.17 649.67 173.81 682.39 0.054813
3 669.04 31.51 677.60 43.73 0.054744
9 912.97 562.02 945.42 625.24 0.054688
3 6.43 263.55 515.47 667.07 0.054592
9 737.29 76.27 750.20 87.13 0.054408
3 2.47 107.41 564.24 785.45 0.054209
9 654.55 0.20 669.85 82.30 0.054156
3 80.55 315.29 104.55 328.08 0.054096
3 607.26 174.75 627.54 187.27 0.053734
6 418.42 280.80 432.12 298.04 0.053723
3 695.00 363.42 713.59 388.03 0.053518
9 554.97 369.45 564.85 388.69 0.053497
6 1239.39 360.53 1262.30 379.47 0.053127
9 661.14 0.32 670.65 10.78 0.052850
3 695.80 363.94 713.31 387.32 0.052831
6 629.97 89.77 638.93 99.54 0.052251
3 2.86 0.00 668.68 785.63 0.052238
3 452.79 14.40 613.40 168.59 0.052167
9 606.54 174.40 628.89 188.21 0.051872
3 700.05 462.20 717.30 489.45 0.051860
6 642.33 147.62 651.67 158.74 0.051858
6 439.22 81.89 450.63 92.62 0.051798
3 867.66 127.30 889.23 177.49 0.051607
9 642.29 148.36 652.01 158.98 0.051466
3 1184.55 282.29 1398.95 776.13 0.051299
3 938.14 479.69 1096.02 651.45 0.051214
3 31.91 289.55 54.05 301.96 0.050982
3 668.20 17.16 678.05 52.09 0.050948
9 670.73 212.59 722.02 312.96 0.050804
3 418.53 280.75 431.88 297.90 0.050642
3 943.25 599.43 1150.44 786.25 0.050632
3 448.93 466.31 476.20 538.30 0.050612
6 675.87 116.69 683.32 126.47 0.050553
3 587.99 168.48 867.35 191.49 0.050472
9 666.51 15.89 678.00 55.02 0.050363
3 449.63 15.04 612.38 143.15 0.050261
3 447.43 441.05 475.52 539.05 0.049930
3 590.77 201.68 727.83 313.81 0.049926
9 780.23 356.72 885.55 413.79 0.049916
3 592.21 168.73 731.50 191.83 0.049755
3 667.03 45.96 675.10 57.83 0.049478
3 689.22 2.74 703.46 84.91 0.049387
3 1171.62 165.46 1200.02 185.11 0.049235
3 316.94 532.82 406.74 630.48 0.049153
3 725.03 70.42 780.93 162.60 0.049072
6 660.92 0.25 670.57 9.72 0.048784
3 730.94 121.25 751.50 149.68 0.048772
3 1201.36 392.56 1238.75 417.39 0.048220
9 640.73 1.65 737.83 715.24 0.048091
3 673.48 416.09 694.81 447.71 0.048041
3 483.17 334.63 673.26 785.66 0.047875
3 1200.33 168.40 1218.02 182.02 0.047854
3 699.51 591.85 728.72 653.88 0.047544
3 736.47 536.73 758.89 570.24 0.047518
3 312.31 531.44 442.56 658.47 0.047388
3 896.41 79.17 913.15 91.17 0.047332
3 1043.30 205.50 1067.13 224.94 0.047164
3 814.03 133.41 849.49 152.56 0.047128
3 1052.93 461.61 1300.26 784.40 0.046933
3 935.18 251.18 951.79 269.84 0.046911
3 761.02 632.44 799.26 682.79 0.046770
9 691.34 263.83 702.78 284.34 0.046592
3 998.17 600.03 1148.19 785.45 0.046547
3 1312.74 383.52 1337.42 432.93 0.046447
3 618.03 392.05 632.04 408.82 0.046426
3 537.04 302.99 733.99 785.36 0.046424
3 464.82 195.10 605.48 672.76 0.046362
9 938.00 449.79 1394.53 786.16 0.046118
3 643.92 123.23 653.82 139.53 0.045980
3 934.74 250.60 952.71 279.84 0.045549
3 767.84 130.84 785.09 146.31 0.045487
3 561.29 341.50 571.01 356.81 0.045408
9 1131.40 300.69 1166.82 330.85 0.045395
9 667.51 31.15 676.91 46.52 0.045330
3 1071.54 298.77 1211.76 421.51 0.045327
3 937.64 480.79 1031.94 650.30 0.045247
6 803.88 361.17 831.13 401.76 0.045246
3 641.04 3.90 875.05 786.51 0.044945
3 384.18 61.15 418.81 98.85 0.044859
3 687.29 230.94 699.83 259.14 0.044585
6 1250.53 298.18 1285.25 348.79 0.044465
3 575.02 188.37 670.20 369.65 0.044378
3 643.12 97.78 687.32 165.68 0.044367
3 608.79 1.93 941.22 201.40 0.044282
3 725.89 89.80 936.01 162.45 0.044252
3 725.31 63.02 752.77 153.66 0.044235
3 590.31 195.10 669.00 314.74 0.044090
3 767.97 128.43 804.95 147.61 0.044071
6 644.11 92.56 694.78 141.15 0.044042
3 655.89 64.03 667.24 80.05 0.043951
3 590.15 167.07 870.76 196.48 0.043914
6 686.85 108.67 694.20 119.60 0.043725
3 619.35 4.89 742.37 735.07 0.043623
3 729.14 415.47 1391.96 785.52 0.043560
3 1.33 599.14 174.27 784.72 0.043553
9 896.11 79.00 913.50 91.58 0.043493
3 786.84 132.03 803.23 146.19 0.043316
3 418.73 190.58 485.06 283.24 0.043096
6 697.18 649.82 731.49 709.83 0.043055
3 828.86 42.61 895.99 92.09 0.042928
3 801.41 510.68 1156.15 786.39 0.042833
6 896.24 79.22 913.26 91.65 0.042790
3 548.62 192.01 605.64 311.17 0.042598
6 937.25 449.39 1393.16 786.26 0.042500
3 602.32 172.02 708.21 189.81 0.042426
3 1315.44 222.17 1356.70 242.36 0.042362
3 1227.07 703.16 1397.23 786.26 0.042310
3 457.35 172.78 1390.10 784.63 0.042283
3 410.45 621.71 483.15 786.03 0.042201
3 780.76 98.47 939.64 126.64 0.041931
3 726.00 93.87 873.60 164.60 0.041795
9 385.62 466.38 457.94 591.17 0.041779
3 1018.88 568.68 1081.39 608.11 0.041675
3 337.02 586.98 440.82 655.78 0.041673
9 700.41 398.15 715.29 421.59 0.041543
3 411.28 655.26 460.92 786.33 0.041518
6 711.99 113.67 721.16 142.45 0.041502
6 755.76 130.47 872.25 163.46 0.041401
6 699.83 591.42 728.35 654.33 0.041343
3 114.85 274.56 182.69 327.64 0.041296
9 1190.82 297.06 1221.61 312.58 0.041256
3 871.84 126.89 882.35 139.89 0.041204
6 1167.53 164.01 1199.98 185.54 0.041081
6 657.27 113.49 666.86 124.57 0.040877
3 384.73 466.87 457.31 589.09 0.040848
6 779.25 39.06 816.82 85.45 0.040828
9 935.66 252.28 951.46 269.81 0.040708
3 449.15 474.56 475.04 536.73 0.040615
3 737.57 613.04 811.41 707.72 0.040571
3 625.98 -1.20 745.35 781.69 0.040513
3 149.79 415.69 352.92 502.48 0.040411
9 665.52 15.28 677.12 29.53 0.040368
6 768.99 108.94 777.14 120.93 0.040344
3 667.87 601.69 687.47 626.05 0.040324
9 666.48 773.65 686.64 787.33 0.040317
3 737.90 553.33 758.54 570.43 0.040134
3 627.72 175.62 652.61 188.86 0.040064
3 463.56 16.08 588.75 83.02 0.040010
3 805.19 132.03 872.84 158.53 0.039873
3 545.01 189.00 669.87 490.62 0.039666
6 618.16 390.62 631.94 409.39 0.039666
3 314.01 531.74 412.94 658.85 0.039544
6 777.78 358.94 831.78 409.93 0.039541
9 673.64 32.67 685.26 43.84 0.039524
3 148.40 219.42 265.40 262.32 0.039466
3 175.82 -0.08 1385.87 787.68 0.039326
3 729.30 95.52 747.67 116.09 0.039313
3 484.76 377.85 498.33 398.69 0.039290
3 655.27 114.62 666.73 138.78 0.039262
3 652.92 0.35 679.58 83.25 0.039257
3 935.97 252.41 951.32 268.69 0.039237
3 487.12 173.71 530.34 286.17 0.039187
3 938.53 459.15 1186.99 654.77 0.039186
3 437.76 274.23 751.89 782.43 0.039146
3 704.48 489.60 727.17 522.04 0.039116
3 114.84 276.41 180.60 326.35 0.039114
3 640.86 -0.20 716.36 167.17 0.039110
6 654.17 0.36 678.11 82.43 0.039010
6 463.48 286.90 475.87 299.85 0.038899
9 778.97 38.84 816.52 85.76 0.038816
9 975.52 76.43 1025.52 96.02 0.038779
3 622.02 560.93 630.47 587.10 0.038550
3 619.38 0.95 728.81 308.63 0.038523
6 501.12 445.95 515.66 486.18 0.038449
3 825.65 90.77 837.90 102.00 0.038442
3 517.98 10.33 668.86 785.89 0.038416
3 823.08 555.24 846.30 596.36 0.038350
6 1201.67 392.03 1238.40 417.23 0.038315
6 732.15 121.17 750.86 136.66 0.038294
9 655.65 64.87 667.16 80.11 0.038273
9 786.44 132.18 803.42 146.47 0.038182
3 646.17 172.94 864.26 785.54 0.038128
3 780.03 39.35 816.56 85.26 0.038016
3 1042.07 452.89 1398.78 786.70 0.037925
6 737.50 601.46 804.81 707.94 0.037911
3 755.45 129.37 796.25 162.97 0.037597
9 152.01 622.69 391.90 786.90 0.037571
3 443.57 621.96 479.90 682.77 0.037562
9 828.54 42.31 895.48 92.28 0.037479
6 737.98 76.62 749.66 86.76 0.037452
3 1019.16 534.67 1088.02 607.35 0.037333
3 829.92 358.63 865.96 408.14 0.037328
3 1131.10 299.72 1167.70 331.08 0.037273
3 4.63 2.11 834.94 785.12 0.037262
3 672.16 96.40 684.82 126.58 0.037228
3 1225.54 685.75 1397.83 786.34 0.037213
3 364.28 116.65 557.91 288.39 0.037186
3 712.99 177.78 1095.19 460.23 0.037143
9 726.55 73.76 780.86 154.90 0.037123
3 664.15 342.21 669.50 360.10 0.037105
6 498.64 548.24 509.62 564.88 0.037103
3 760.36 602.74 806.92 679.43 0.037008
3 308.61 440.78 480.74 661.97 0.036973
6 655.06 128.11 666.37 138.70 0.036961
3 1285.26 499.55 1398.59 709.02 0.036958
3 690.42 294.22 707.76 316.31 0.036943
6 727.51 94.35 751.68 152.13 0.036888
3 627.74 12.94 651.44 99.61 0.036848
9 871.20 126.62 884.41 140.91 0.036781
3 665.60 11.07 677.37 58.69 0.036768
9 686.76 230.15 700.93 259.31 0.036762
3 1049.65 461.88 1299.10 698.25 0.036706
3 122.92 55.78 270.36 265.69 0.036695
3 153.55 35.84 226.25 65.08 0.036693
3 591.31 169.07 731.69 195.21 0.036621
3 716.10 176.77 1095.63 602.73 0.036575
3 469.24 724.61 478.14 753.41 0.036506
9 872.41 238.18 1092.14 456.34 0.036462
9 667.59 16.21 676.88 29.24 0.036350
3 26.61 267.30 49.87 281.43 0.036201
3 637.34 0.51 681.86 166.19 0.036028
6 810.32 44.85 831.02 60.41 0.036015
6 872.02 238.38 1091.53 456.18 0.035999
3 699.98 591.88 727.17 632.47 0.035983
6 648.87 4.95 733.98 713.06 0.035921
3 631.40 2.45 852.56 785.10 0.035921
9 689.18 188.48 699.65 200.01 0.035910
3 584.91 -0.96 709.00 786.86 0.035807
6 152.33 620.51 391.79 786.69 0.035755
3 1008.53 534.91 1091.54 642.21 0.035746
6 700.19 591.68 726.70 634.07 0.035740
3 1213.87 315.00 1393.97 493.69 0.035738
3 846.17 355.67 862.74 373.96 0.035731
3 754.54 129.33 828.84 177.13 0.035643
3 558.60 0.63 731.95 320.32 0.035538
3 691.37 295.07 707.77 315.42 0.035507
3 735.11 511.58 753.14 531.94 0.035477
3 10.10 2.32 1137.49 785.06 0.035434
3 1257.27 682.62 1360.86 710.08 0.035428
9 707.12 491.52 724.68 519.67 0.035364
3 590.01 167.71 865.10 198.57 0.035298
6 826.34 41.98 895.34 91.98 0.035293
3 1187.63 318.13 1223.24 349.38 0.035265
3 847.99 235.71 1091.72 576.58 0.035237
9 822.90 133.76 847.89 150.63 0.035232
3 707.99 184.55 866.59 704.42 0.035224
6 484.83 378.52 498.49 399.99 0.035144
3 810.77 44.96 831.10 59.88 0.035101
3 755.28 127.94 885.10 165.19 0.035066
3 691.08 265.71 702.79 285.60 0.035062
3 673.25 2.15 690.22 73.34 0.035051
3 668.04 80.47 712.90 168.93 0.034974
3 275.96 354.52 336.64 400.88 0.034960
3 703.31 285.71 876.51 708.88 0.034940
3 21.57 267.75 91.33 285.13 0.034892
3 777.90 355.66 887.40 415.63 0.034837
3 1186.08 282.39 1398.86 706.36 0.034812
3 830.01 359.47 863.60 408.27 0.034796
9 811.33 44.50 831.07 61.29 0.034769
3 1049.75 604.13 1087.66 639.42 0.034606
3 728.20 93.53 751.01 139.35 0.034606
3 508.30 477.24 654.81 785.35 0.034604
6 80.91 314.58 104.75 328.07 0.034582
3 758.36 632.79 780.40 666.40 0.034574
3 434.32 525.34 495.28 638.49 0.034546
3 1187.46 319.54 1223.91 352.08 0.034496
3 610.52 107.86 623.28 134.31 0.034476
3 777.22 358.82 832.29 410.26 0.034468
3 1309.70 264.77 1398.21 367.35 0.034455
3 338.41 591.55 403.40 652.14 0.034416
3 432.99 340.87 573.73 785.54 0.034387
3 345.17 430.89 385.12 481.21 0.034372
3 629.15 89.50 639.11 99.93 0.034362
6 1200.87 168.09 1217.97 181.73 0.034341
9 1221.92 157.99 1245.76 183.65 0.034292
3 399.85 197.56 484.18 214.79 0.034106
3 628.28 0.14 719.42 168.91 0.034013
9 775.03 360.30 793.85 409.60 0.034002
6 667.97 212.43 719.88 315.52 0.033973
3 1.44 403.28 151.69 522.90 0.033915
3 1285.06 499.83 1398.91 765.66 0.033876
3 733.39 121.16 750.53 131.11 0.033870
3 755.67 134.65 804.59 162.15 0.033811
3 699.96 398.65 715.30 421.76 0.033770
3 992.12 165.29 1034.17 193.56 0.033750
3 417.99 280.21 432.50 301.34 0.033718
6 501.75 446.62 511.76 462.74 0.033595
9 463.74 286.48 477.45 300.96 0.033558
3 231.23 747.48 264.72 784.64 0.033525
3 722.38 88.67 1398.41 498.85 0.033505
9 768.56 108.78 779.69 133.02 0.033492
3 848.36 577.45 876.42 600.49 0.033446
3 1068.71 419.22 1105.41 459.24 0.033264
3 667.17 602.47 687.80 626.45 0.033240
3 395.16 309.03 452.26 363.69 0.033140
6 1178.30 166.62 1199.43 184.76 0.033108
3 73.92 411.90 501.71 748.94 0.033056
9 599.47 110.87 612.02 131.75 0.033013
3 400.60 200.07 414.13 214.66 0.032966
3 617.25 9.14 657.70 167.58 0.032950
3 697.85 397.12 710.22 419.58 0.032883
6 668.90 32.91 677.50 45.72 0.032835
9 699.17 437.92 719.56 480.76 0.032777
3 665.19 0.58 681.18 167.18 0.032740
3 687.07 230.20 700.84 246.39 0.032672
3 582.39 6.50 669.79 329.88 0.032664
3 590.79 170.03 729.71 190.84 0.032653
3 673.16 81.27 712.38 95.12 0.032643
3 774.97 361.47 790.57 410.17 0.032567
3 768.71 108.88 779.46 134.37 0.032563
9 807.33 132.37 870.64 159.83 0.032421
3 645.04 81.34 713.08 165.99 0.032411
3 594.67 2.24 661.37 169.87 0.032396
9 1001.03 629.98 1034.58 659.63 0.032306
9 484.40 377.72 498.75 400.14 0.032295
3 84.07 415.14 354.82 620.07 0.032291
3 1294.07 382.57 1341.01 460.33 0.032285
6 3.25 263.15 547.59 785.69 0.032214
3 672.45 213.54 686.45 232.71 0.032184
9 732.34 120.60 751.30 130.98 0.032145
3 671.91 81.35 712.40 94.05 0.032140
3 761.55 602.10 811.89 678.68 0.032121
6 1190.89 323.05 1223.11 350.17 0.032060
3 328.89 563.53 404.08 629.54 0.031981
3 749.13 124.09 933.79 162.26 0.031943
9 708.75 279.35 725.87 306.86 0.031914
3 676.66 0.97 702.62 84.85 0.031784
3 945.01 736.19 975.32 785.97 0.031781
3 615.65 155.81 775.86 781.01 0.031767
9 771.09 124.44 783.92 139.85 0.031755
9 27.85 267.52 49.45 281.55 0.031740
3 123.52 415.64 354.20 622.19 0.031724
3 1082.95 355.18 1210.43 420.76 0.031694
3 466.23 344.05 572.88 668.94 0.031677
3 666.69 773.87 686.45 787.46 0.031671
3 672.45 363.20 724.62 588.26 0.031662
3 565.16 562.29 573.02 587.59 0.031658
3 108.04 -0.13 1153.79 786.85 0.031648
3 885.72 125.54 912.91 136.76 0.031636
3 1360.12 467.28 1382.97 488.39 0.031625
6 676.30 33.14 685.93 43.47 0.031616
3 673.41 154.22 686.64 167.31 0.031594
3 832.19 344.07 846.05 358.37 0.031533
3 80.46 421.22 478.85 785.41 0.031528
9 700.30 591.09 727.14 633.66 0.031522
6 1222.87 158.78 1245.51 184.44 0.031453
3 335.26 306.63 413.87 347.30 0.031429
6 228.99 400.90 252.80 424.65 0.031378
3 867.26 391.19 885.31 403.89 0.031373
3 0.71 615.90 393.31 786.57 0.031332
3 468.57 176.37 837.88 785.52 0.031204
3 142.78 0.29 1093.91 786.95 0.031180
3 663.48 1.70 706.70 167.73 0.031176
9 31.48 288.91 55.35 301.91 0.031140
9 766.05 98.36 774.64 109.33 0.031132
3 718.04 255.38 875.87 705.06 0.031122
3 751.68 105.93 895.56 177.82 0.031027
3 837.80 275.44 861.28 292.29 0.030984
3 715.99 21.15 1398.08 502.43 0.030970
9 699.81 591.31 728.98 658.60 0.030967
3 647.23 1.37 709.42 118.86 0.030939
3 708.10 278.91 726.00 306.09 0.030936
3 183.57 470.79 225.93 533.65 0.030935
3 439.65 82.13 450.68 92.83 0.030929
3 484.62 364.01 503.05 400.46 0.030920
9 705.71 779.95 725.83 787.45 0.030898
3 848.88 578.97 875.91 600.35 0.030892
3 720.83 21.18 946.99 197.92 0.030884
3 228.72 400.80 253.14 424.97 0.030868
9 643.46 -0.93 742.49 783.85 0.030816
6 607.31 174.68 626.93 187.23 0.030806
9 781.40 358.57 877.97 599.17 0.030797
6 443.10 622.65 479.11 682.65 0.030770
3 222.15 506.63 326.41 614.43 0.030731
3 400.18 199.39 414.86 215.97 0.030718
3 378.47 681.65 440.91 785.30 0.030697
3 398.91 115.76 503.26 171.06 0.030661
9 753.75 117.44 932.39 164.06 0.030638
3 1065.57 174.34 1151.63 280.63 0.030633
3 1182.99 301.82 1390.04 505.73 0.030545
3 847.91 573.77 876.00 600.12 0.030504
9 97.79 620.07 392.35 787.03 0.030425
9 984.22 323.61 1091.55 455.82 0.030414
3 675.28 260.88 682.04 273.69 0.030392
6 770.92 125.20 784.48 141.75 0.030279
9 697.54 397.10 710.01 420.51 0.030244
3 762.13 503.00 852.11 693.50 0.030213
3 377.42 159.71 944.07 199.44 0.030088
9 450.36 15.34 612.84 145.02 0.030081
