1 687.74 633.99 722.51 715.04 0.676502
1 1201.09 666.14 1254.96 750.75 0.616368
1 717.97 628.95 746.17 710.88 0.609937
1 1063.33 477.62 1094.45 544.69 0.605556
4 316.68 868.86 522.00 1049.11 0.576396
2 687.85 633.92 722.44 715.06 0.568850
4 800.35 599.55 1028.76 701.95 0.552935
2 1063.32 477.43 1094.59 544.60 0.543006
4 733.98 885.79 892.25 1048.77 0.523683
2 1201.20 666.07 1254.84 751.17 0.517064
3 319.11 868.92 521.71 1049.09 0.512491
3 800.60 599.68 1028.36 701.66 0.507957
2 717.79 628.52 746.24 710.79 0.503874
4 529.28 476.01 607.12 555.32 0.502433
3 734.26 885.79 891.91 1048.72 0.499167
1 696.77 378.54 718.16 428.34 0.496515
5 734.22 885.66 892.34 1048.64 0.495638
5 319.42 868.77 522.01 1048.97 0.494940
4 182.51 456.77 257.39 533.39 0.493707
4 967.92 524.49 1091.61 640.35 0.488650
4 256.10 334.52 323.25 381.15 0.470264
5 800.43 599.25 1028.90 702.02 0.468270
6 175.14 250.61 277.16 302.60 0.461028
5 176.02 250.59 277.24 302.79 0.460127
3 529.62 476.08 606.84 554.51 0.458522
3 182.84 457.37 256.02 532.63 0.458105
5 529.46 475.78 607.14 555.13 0.454696
5 182.51 457.05 257.45 533.26 0.453362
4 147.21 293.69 214.76 339.67 0.452917
4 912.44 430.70 998.94 520.10 0.452404
5 967.46 524.54 1091.75 640.35 0.443487
3 687.62 634.14 722.30 714.73 0.442012
3 968.35 524.46 1091.35 639.96 0.441251
4 682.08 229.98 1091.96 703.17 0.441097
4 763.32 535.72 943.14 615.60 0.440932
3 256.44 334.65 323.02 380.75 0.440767
4 67.30 418.13 195.11 487.75 0.438836
5 256.25 334.72 323.25 381.33 0.438514
6 734.45 885.59 892.41 1048.94 0.437778
5 912.59 430.74 998.98 520.12 0.428862
3 147.39 293.83 214.47 339.28 0.427377
5 147.08 293.76 214.72 339.61 0.421886
2 696.35 378.35 718.44 428.32 0.420407
3 912.67 430.83 998.66 519.85 0.416050
3 683.11 228.93 1091.71 702.99 0.414193
4 251.16 303.96 312.42 342.14 0.409960
3 67.69 417.92 194.94 487.34 0.404883
1 1327.20 605.64 1381.07 681.86 0.402321
3 176.27 250.73 277.09 302.64 0.398861
4 564.90 366.13 634.08 443.43 0.398283
6 318.09 868.96 521.84 1049.17 0.395598
3 763.79 535.86 942.93 614.92 0.395529
3 1063.47 477.62 1094.47 544.28 0.395408
5 824.62 306.20 867.77 353.56 0.394166
3 251.46 304.26 312.17 341.87 0.392126
3 717.76 628.74 746.25 710.30 0.389715
3 1200.87 665.96 1254.76 750.35 0.388267
4 673.67 284.01 709.78 315.77 0.383181
5 755.60 424.55 872.80 489.48 0.379049
5 763.45 535.66 943.26 615.44 0.377595
4 824.59 305.77 867.78 353.60 0.375097
2 1327.76 605.54 1381.21 681.61 0.368730
3 566.18 366.41 633.73 442.62 0.362533
3 824.88 305.91 867.58 353.56 0.361767
3 673.93 284.21 709.62 315.47 0.360122
5 68.42 418.25 194.42 487.88 0.354100
5 568.62 366.20 633.65 438.26 0.354032
5 673.78 284.08 709.82 315.70 0.353636
4 755.29 428.21 872.52 489.54 0.349099
5 741.69 358.85 854.08 405.04 0.347967
3 755.64 427.83 872.21 488.83 0.347576
4 177.89 250.79 277.18 302.69 0.347166
4 741.15 358.68 853.93 404.94 0.344223
4 761.15 487.32 927.77 551.73 0.341952
5 251.35 304.04 311.93 342.12 0.335776
3 741.50 359.01 853.71 404.57 0.331702
6 182.96 456.78 257.00 532.99 0.326240
5 777.25 258.12 806.00 286.29 0.316479
5 761.12 485.07 927.56 552.29 0.313797
3 696.64 378.82 717.93 428.07 0.312342
4 776.96 258.23 805.99 286.59 0.312229
3 761.11 487.36 927.31 551.27 0.310933
4 452.00 674.91 560.25 816.51 0.310159
5 681.68 230.02 1092.29 703.71 0.309528
3 777.19 258.50 805.79 286.31 0.309298
2 656.93 352.07 681.49 396.00 0.308783
1 657.24 352.25 681.24 396.06 0.307641
6 256.60 334.72 323.25 380.20 0.306199
3 1327.33 605.47 1384.74 681.62 0.305905
6 530.08 476.13 606.78 554.61 0.299727
6 912.96 431.16 998.73 519.63 0.298004
6 825.25 306.13 867.54 353.37 0.295673
3 889.75 362.60 978.85 446.63 0.295491
1 877.15 869.60 975.58 1014.95 0.286300
6 147.57 294.17 214.46 339.16 0.280968
6 756.03 422.87 872.45 488.54 0.280675
6 741.90 359.39 853.58 404.46 0.274657
3 453.09 675.27 559.37 815.93 0.270634
4 744.59 411.08 869.90 467.54 0.270428
3 873.06 865.56 978.02 1020.44 0.269581
4 0.48 338.21 90.83 403.87 0.268385
4 736.46 303.26 816.69 335.49 0.266327
3 690.68 232.66 1033.82 702.66 0.261000
4 461.44 758.10 550.74 816.59 0.256656
5 449.21 675.13 559.47 816.96 0.256064
3 0.40 338.46 87.69 403.04 0.255616
4 590.31 326.24 635.02 366.02 0.252548
3 590.13 326.68 634.81 366.07 0.252030
4 765.07 464.31 913.07 510.22 0.251093
5 736.89 303.23 815.29 335.88 0.248678
3 462.68 760.91 550.57 815.84 0.247898
3 736.49 303.43 816.35 335.60 0.241513
3 745.97 410.73 869.22 466.41 0.240859
3 114.78 321.27 163.48 361.36 0.239682
4 721.96 330.30 815.04 370.37 0.238929
4 706.26 260.50 771.91 301.33 0.238597
5 0.57 338.15 90.22 403.93 0.238452
4 761.04 466.72 924.36 550.25 0.236585
5 765.28 464.25 912.73 510.12 0.236352
3 1032.72 394.62 1074.12 437.53 0.235664
4 728.76 343.53 814.91 388.48 0.233840
3 765.28 464.48 912.67 510.32 0.233114
4 115.09 321.32 163.90 361.00 0.233046
3 624.15 246.22 649.79 274.81 0.232290
5 590.41 326.48 634.89 366.12 0.230617
4 625.24 245.66 650.05 274.22 0.228880
6 968.10 524.83 1091.52 640.03 0.228109
6 172.17 234.17 313.01 301.50 0.224216
4 824.29 249.23 863.28 278.07 0.223972
3 657.23 352.30 681.46 395.81 0.223445
3 0.27 339.54 60.37 401.07 0.221029
3 706.33 260.73 771.93 301.52 0.220297
3 722.26 331.70 814.16 370.45 0.218466
6 674.16 284.25 709.71 315.45 0.216017
3 892.78 362.86 931.06 396.39 0.215827
6 777.55 258.21 805.82 286.09 0.215206
3 729.21 343.76 814.48 388.20 0.214333
5 737.24 387.86 834.81 463.29 0.213989
3 889.56 369.43 978.39 445.67 0.212975
4 457.03 728.56 554.03 816.38 0.211821
6 251.89 304.33 312.28 341.74 0.211490
5 737.02 388.73 807.66 452.36 0.211479
5 625.26 246.25 649.96 274.76 0.211430
2 874.58 866.30 975.03 1016.51 0.211273
5 707.08 260.34 770.31 299.25 0.210422
4 0.35 340.14 58.19 402.10 0.208936
5 760.98 465.46 923.54 550.62 0.207432
3 1108.04 556.94 1169.62 603.25 0.207174
3 737.26 389.15 808.85 457.11 0.205230
4 791.75 239.72 830.71 265.91 0.204747
6 569.57 366.31 633.42 438.47 0.203269
4 634.04 219.62 653.69 238.62 0.201380
6 68.46 418.02 194.69 487.52 0.200673
3 457.85 729.29 553.88 815.72 0.200672
3 824.59 249.39 862.89 277.87 0.200126
6 448.49 675.90 559.37 816.98 0.198524
5 824.19 248.68 863.42 277.73 0.198031
3 633.95 219.76 653.47 238.76 0.197796
5 634.48 219.97 653.45 238.62 0.196040
3 946.45 400.08 976.31 435.57 0.195048
5 114.36 320.46 163.85 361.40 0.194846
4 29.72 340.28 94.19 400.91 0.194550
5 747.09 411.68 869.63 466.92 0.191583
5 729.37 344.22 813.96 387.98 0.190214
1 934.39 336.11 953.72 376.70 0.190006
4 722.06 333.31 785.49 366.40 0.188012
3 791.94 239.92 830.28 265.68 0.186801
2 922.81 334.40 954.12 377.46 0.186734
5 722.12 333.29 784.91 367.21 0.186641
4 721.68 319.18 819.29 366.57 0.186060
3 394.25 226.72 448.00 268.73 0.185528
5 737.23 314.63 820.09 348.27 0.184971
5 791.96 240.07 829.94 265.94 0.184799
4 736.98 388.61 807.38 447.01 0.184502
1 899.72 398.89 920.06 438.76 0.183964
5 721.99 319.48 818.83 367.19 0.183634
5 721.82 329.73 814.21 369.20 0.183350
5 0.40 340.04 58.54 401.86 0.181398
5 461.42 753.99 550.66 816.74 0.181360
3 16.73 190.91 1093.26 1046.36 0.180145
4 393.57 226.68 448.21 269.02 0.179376
3 889.31 324.64 979.18 446.91 0.178065
3 588.47 421.37 621.09 489.14 0.177265
4 733.24 306.06 819.02 344.01 0.174779
1 812.21 299.55 834.61 352.72 0.173317
3 1352.46 617.74 1399.19 686.35 0.172886
1 827.37 394.03 851.49 419.51 0.172445
3 899.02 398.93 920.76 440.12 0.170744
4 735.08 314.75 819.59 346.68 0.169921
6 590.70 327.13 634.89 366.08 0.169014
3 826.01 393.01 851.61 419.54 0.168970
6 737.22 303.39 815.10 335.86 0.168901
5 29.78 340.19 94.11 400.88 0.168069
3 30.26 341.03 93.46 400.00 0.167289
6 625.40 246.61 649.76 274.40 0.167151
3 251.07 300.18 344.77 341.88 0.166855
1 923.37 335.05 954.05 376.85 0.166657
3 889.55 398.31 976.94 445.22 0.166522
2 811.28 299.32 835.23 353.39 0.165912
4 250.90 299.19 345.15 342.41 0.162717
3 889.05 420.50 978.67 449.60 0.162378
3 722.40 333.48 785.08 366.37 0.161680
3 900.88 379.55 952.72 427.73 0.161067
4 102.46 320.82 163.90 363.98 0.160264
2 933.42 335.60 953.96 376.96 0.160206
3 1252.56 541.87 1306.43 594.46 0.160089
5 453.19 723.10 554.98 816.60 0.159572
3 619.17 192.95 662.92 277.73 0.158736
4 736.88 389.02 812.07 464.44 0.158015
3 707.59 274.12 778.10 306.83 0.157789
4 707.57 275.32 778.03 307.33 0.156128
1 616.62 364.51 635.00 403.78 0.155117
6 764.01 536.17 943.16 614.60 0.154287
6 461.72 758.63 550.53 816.44 0.153127
3 57.76 232.64 325.45 552.16 0.152170
6 114.92 321.14 163.97 361.10 0.152101
2 899.45 398.37 920.66 439.07 0.151454
2 826.81 393.33 851.36 419.30 0.151426
6 0.35 338.58 86.99 403.64 0.151109
6 761.51 487.00 927.36 551.43 0.150953
3 733.12 304.95 819.24 346.09 0.150805
5 820.33 489.53 927.50 548.46 0.150023
3 1108.40 571.80 1168.98 602.59 0.149891
6 634.82 220.39 653.38 238.30 0.149471
6 737.49 389.05 811.35 454.49 0.148817
6 453.22 725.85 554.04 816.33 0.148766
3 658.25 353.10 680.80 394.59 0.148451
2 635.59 224.02 1107.09 726.81 0.147126
2 615.95 364.38 635.43 404.05 0.146724
5 394.27 227.26 448.45 270.12 0.146462
3 569.04 366.58 633.36 445.91 0.145984
6 800.58 599.35 1029.02 701.52 0.144445
6 269.65 242.41 313.62 293.25 0.144419
3 553.46 419.87 620.83 489.55 0.144173
3 588.52 447.45 620.08 489.05 0.144068
3 739.15 315.59 819.77 346.13 0.143834
6 722.31 332.55 813.15 368.61 0.143644
1 959.35 399.35 977.21 433.53 0.141942
4 820.26 491.52 927.47 548.12 0.140657
6 680.61 224.77 1088.19 703.35 0.140299
2 687.50 627.91 746.28 716.45 0.138728
4 357.32 296.16 448.97 348.81 0.138524
3 722.02 319.27 819.64 366.07 0.138473
1 922.81 337.23 939.65 374.70 0.136901
4 28.78 337.74 125.30 400.70 0.135747
5 707.31 269.16 773.46 303.29 0.135655
5 702.76 240.81 747.33 273.04 0.133717
4 824.02 240.15 870.46 278.26 0.132354
3 760.83 465.17 927.17 551.54 0.132294
6 394.50 227.51 448.75 271.53 0.132008
1 1049.87 391.68 1072.31 434.93 0.131766
4 19.40 195.95 1095.28 1046.59 0.130702
3 737.65 388.28 846.90 464.78 0.130416
3 1052.70 410.48 1074.46 437.93 0.130293
4 553.69 418.51 620.11 487.85 0.129896
3 1106.89 555.96 1170.87 604.77 0.129708
6 30.06 340.69 93.63 400.88 0.129228
6 0.26 340.12 59.42 401.60 0.128881
3 761.40 464.89 917.95 547.93 0.128386
3 824.31 240.41 869.74 278.17 0.127757
3 1334.03 607.19 1398.88 686.60 0.127733
5 724.06 260.60 767.82 285.88 0.127615
5 171.92 233.46 313.18 300.42 0.127033
5 817.37 224.69 842.59 247.69 0.126681
3 811.98 299.80 834.82 353.01 0.126573
5 99.95 319.84 163.79 364.94 0.126482
3 890.90 399.27 921.33 441.48 0.126189
3 552.63 441.88 619.68 488.79 0.125327
3 722.81 260.55 767.70 285.68 0.125123
3 580.66 366.40 631.56 403.84 0.124442
3 914.61 381.65 952.94 424.13 0.124362
3 823.40 491.84 927.34 547.98 0.124303
2 958.57 398.94 977.54 433.93 0.124296
3 923.18 334.90 953.91 376.97 0.124219
2 587.47 205.54 1382.69 752.65 0.123629
3 172.23 233.91 313.22 300.76 0.123506
5 736.39 387.65 846.58 465.32 0.123142
5 270.75 243.14 313.42 293.47 0.122023
3 1354.02 611.97 1399.09 686.57 0.121745
4 702.99 238.89 748.55 264.18 0.121060
6 729.76 346.09 814.00 388.03 0.120936
3 770.60 411.22 868.61 443.21 0.120924
6 707.77 261.02 770.39 298.92 0.119987
3 272.95 245.92 313.50 293.98 0.119864
6 792.13 240.50 830.16 265.80 0.119122
3 944.73 399.51 977.21 437.51 0.119112
3 702.89 239.21 747.92 266.44 0.118993
3 516.66 676.64 555.51 810.84 0.118708
3 588.49 444.89 620.53 488.53 0.118480
4 722.58 260.64 767.94 286.03 0.118154
2 573.04 477.03 608.43 549.33 0.118112
6 722.42 334.06 784.79 366.41 0.117597
2 922.43 336.66 940.07 375.30 0.117381
6 765.67 464.77 912.94 511.51 0.117337
4 1.08 321.07 163.29 403.12 0.116686
6 825.35 248.73 863.69 277.53 0.116510
3 117.48 322.19 164.33 362.44 0.116312
3 555.92 366.19 633.25 488.67 0.116176
5 582.08 366.29 630.11 402.41 0.115778
3 29.31 339.19 124.58 399.90 0.115286
3 892.70 363.07 951.17 421.66 0.114107
3 933.79 335.77 953.83 376.69 0.113964
5 824.10 239.97 870.85 278.22 0.113734
1 573.86 477.31 608.38 550.19 0.113296
4 271.78 246.21 313.77 294.50 0.113085
1 657.13 352.90 672.84 395.65 0.112376
2 1049.21 391.78 1072.52 434.68 0.111862
3 92.14 321.39 163.50 367.67 0.111493
4 355.84 281.91 453.20 352.19 0.111471
3 572.37 477.60 608.03 551.20 0.111149
2 593.49 418.42 613.65 452.21 0.110961
3 1033.10 399.80 1058.57 428.50 0.110454
6 761.12 465.49 925.83 550.83 0.110429
3 359.46 296.67 450.53 349.31 0.110269
6 746.52 412.91 867.48 467.07 0.110178
3 726.87 188.53 759.88 209.50 0.110078
3 755.65 412.06 872.20 487.18 0.109921
6 312.53 869.23 896.71 1048.71 0.108469
4 889.27 397.91 977.51 445.80 0.107540
5 92.08 319.99 163.73 367.00 0.107494
2 614.42 363.45 636.13 424.51 0.107467
1 593.62 418.89 613.15 452.19 0.106694
6 583.21 366.38 628.77 401.82 0.106170
4 588.15 444.75 620.59 488.90 0.106142
3 559.49 225.65 1091.05 716.03 0.105721
4 552.11 442.59 619.86 488.98 0.105678
3 635.61 193.45 662.34 238.57 0.105654
4 726.54 188.50 760.43 210.04 0.105579
5 773.73 411.83 870.16 442.92 0.104993
4 619.25 193.15 663.51 277.47 0.104456
3 8.67 231.31 328.87 555.98 0.104450
4 49.70 204.83 486.78 563.45 0.104449
2 946.80 398.96 977.38 437.30 0.104268
4 581.36 366.33 631.13 402.97 0.104255
3 588.45 327.43 634.34 367.22 0.104196
3 0.63 321.19 162.73 402.61 0.104126
6 737.71 387.68 838.25 465.14 0.103453
1 799.14 598.78 1030.22 703.19 0.103387
4 384.53 300.84 450.89 351.38 0.103335
1 946.30 399.60 977.29 437.43 0.103257
3 738.07 389.08 803.76 445.37 0.103231
3 1032.23 390.22 1072.15 434.32 0.103172
5 765.01 465.01 913.37 516.04 0.102881
6 738.31 314.91 820.47 347.19 0.102770
3 888.72 422.90 998.21 519.44 0.101934
6 620.32 193.07 663.53 277.03 0.101911
1 1032.32 390.23 1072.54 434.23 0.101542
6 817.22 224.75 842.35 248.04 0.101024
4 347.05 293.88 396.02 338.46 0.100849
3 1049.53 392.06 1072.24 435.14 0.100843
4 736.69 388.74 850.85 465.45 0.100443
3 355.90 283.53 452.57 350.72 0.100039
3 616.48 365.48 634.32 403.91 0.099819
4 60.78 295.96 332.61 551.24 0.099818
5 29.30 338.13 123.21 401.22 0.099508
5 702.58 254.06 735.25 274.83 0.099218
3 764.58 465.08 913.71 515.67 0.099024
4 181.86 421.05 317.97 534.26 0.098788
6 702.71 240.50 747.49 273.41 0.098650
2 885.89 883.88 972.87 1006.39 0.098242
3 1108.59 573.33 1135.50 599.15 0.098136
5 371.74 297.16 450.07 352.07 0.097974
2 5.72 9.61 1395.04 1046.22 0.097699
3 945.35 400.44 978.18 445.95 0.097547
2 1032.57 390.33 1072.76 434.40 0.097095
3 889.05 421.22 919.65 443.94 0.096974
6 825.00 240.75 869.42 277.94 0.096745
4 275.73 260.78 313.83 295.04 0.096622
4 1330.56 606.82 1398.71 686.12 0.095937
3 729.26 347.60 816.18 388.24 0.095810
3 897.57 376.76 946.89 405.42 0.095740
4 173.20 236.07 313.11 302.11 0.095739
3 174.22 19.57 371.39 393.69 0.095516
3 587.85 305.62 636.58 367.74 0.095302
5 620.95 193.17 663.43 277.18 0.095219
4 570.25 327.89 634.22 369.69 0.094905
6 707.27 272.47 775.78 306.47 0.094695
3 593.92 419.01 613.26 451.17 0.094454
3 54.87 215.25 476.74 558.29 0.094383
3 346.52 294.75 395.60 338.37 0.094309
2 9.01 172.96 1393.29 1046.24 0.094242
6 635.93 193.58 662.42 238.32 0.093515
3 888.67 355.80 998.81 518.70 0.093325
3 958.83 399.50 977.63 433.98 0.092599
1 656.70 353.16 672.05 394.14 0.092053
1 821.68 306.15 837.71 348.24 0.091730
3 620.38 244.25 649.77 277.36 0.091674
4 702.64 254.15 736.17 274.69 0.091670
1 667.43 353.19 682.27 395.29 0.091645
3 687.39 628.08 746.05 716.40 0.091223
3 385.16 302.45 450.73 351.05 0.091040
5 707.65 273.30 775.08 306.03 0.091037
4 737.19 387.19 836.08 439.18 0.090964
3 583.55 368.28 633.31 488.56 0.090884
3 703.29 254.21 736.05 274.70 0.090575
3 1154.36 466.74 1191.89 521.24 0.090469
4 772.95 411.34 868.58 444.10 0.090145
5 152.94 452.16 271.59 557.35 0.090129
3 360.29 292.65 397.40 317.69 0.090105
3 913.15 302.85 954.70 339.33 0.089977
3 331.02 221.66 1095.15 1044.59 0.089743
3 882.04 294.00 906.85 315.41 0.089246
4 1356.02 612.84 1399.29 686.75 0.089171
3 705.86 271.71 742.61 303.04 0.088962
3 393.94 199.95 489.06 269.42 0.088774
3 818.56 224.97 842.09 244.71 0.088358
6 182.24 419.93 317.56 533.66 0.088335
3 913.36 314.04 955.33 339.93 0.088331
3 530.19 191.58 663.51 559.48 0.087981
6 724.46 213.23 767.62 244.53 0.087514
3 920.75 397.99 955.82 424.81 0.087251
6 100.39 320.58 163.87 364.95 0.086724
3 1372.06 625.68 1399.35 686.44 0.086714
3 271.01 244.23 313.58 293.74 0.086118
6 381.81 299.19 450.03 350.14 0.085875
4 28.69 322.78 161.91 400.90 0.085411
3 889.05 332.32 980.00 446.02 0.085264
5 46.90 231.41 331.63 555.74 0.085254
6 721.19 194.79 788.38 246.23 0.085223
4 729.25 346.56 814.53 387.46 0.085058
3 532.25 364.90 634.01 556.42 0.085014
1 870.64 864.06 940.36 924.48 0.084333
2 550.33 200.13 1392.54 1044.36 0.084312
4 84.67 321.07 163.91 369.13 0.084210
4 19.83 238.08 321.97 502.49 0.084134
2 799.56 598.35 1030.15 703.54 0.084092
4 347.90 210.19 475.52 358.52 0.083235
6 701.93 194.05 798.20 247.28 0.083184
6 723.64 297.41 869.42 482.50 0.083167
3 350.86 200.60 489.57 355.16 0.083105
5 181.75 420.09 317.06 534.44 0.082969
3 361.85 275.17 451.20 318.56 0.082777
3 7.62 186.10 1393.01 1046.37 0.082707
3 412.77 236.57 446.66 262.87 0.082433
5 553.27 416.85 619.16 487.36 0.082384
3 181.99 419.55 317.05 533.85 0.082293
3 823.54 304.67 868.59 354.95 0.082122
3 696.45 233.78 870.49 309.56 0.082026
5 344.86 300.18 449.20 362.36 0.081971
6 722.06 320.93 818.23 366.43 0.081857
4 817.53 224.94 842.89 248.73 0.081664
3 492.52 673.56 558.71 811.90 0.081621
4 969.38 524.41 1067.41 590.95 0.081578
3 969.21 524.56 1068.48 590.86 0.081320
6 723.87 261.11 768.03 285.71 0.081295
6 685.27 229.84 1031.92 700.79 0.080735
5 723.37 293.53 870.52 482.54 0.080502
6 37.88 230.26 328.20 554.68 0.080286
4 722.97 301.20 867.86 397.05 0.080182
5 727.09 189.01 759.95 209.38 0.079965
1 580.70 477.68 607.47 533.34 0.079907
4 694.71 233.22 870.80 309.81 0.079901
5 351.48 278.71 454.11 354.51 0.079696
6 589.08 444.94 620.32 488.93 0.079451
6 737.45 389.51 798.39 446.38 0.079296
3 562.78 599.84 604.88 686.91 0.079292
4 765.01 464.67 912.98 514.78 0.079241
1 1159.96 462.42 1193.73 519.21 0.079181
4 359.73 292.25 398.03 317.86 0.079143
4 311.97 868.93 896.89 1048.39 0.079134
3 571.61 364.58 634.75 443.47 0.079040
3 731.93 313.15 821.11 350.53 0.078375
6 29.54 338.38 124.48 400.49 0.078370
6 356.11 277.53 454.47 352.70 0.078322
3 412.30 275.46 452.95 311.65 0.078080
3 723.17 300.84 867.90 389.33 0.077960
5 347.55 294.53 394.35 337.63 0.077885
3 656.98 353.27 673.19 394.22 0.077646
3 206.66 233.83 312.82 293.94 0.077313
4 392.99 200.49 487.65 269.13 0.077300
3 881.87 290.02 920.18 316.55 0.077293
1 687.76 628.53 745.96 716.35 0.077246
2 871.19 864.15 941.00 924.84 0.077038
3 755.31 419.81 873.12 489.93 0.076928
3 461.97 765.52 550.32 815.53 0.076859
3 704.50 263.71 777.20 305.14 0.076676
3 700.10 202.65 724.20 238.80 0.076327
5 1329.61 606.84 1398.11 685.69 0.076276
3 554.76 452.88 619.57 489.57 0.076237
6 699.96 202.97 724.07 239.48 0.075686
4 1000.58 573.14 1091.02 639.76 0.075476
3 153.77 455.50 261.02 555.83 0.075398
4 361.42 274.97 451.55 318.71 0.075373
3 913.14 314.29 952.18 338.08 0.075318
6 197.05 868.51 522.51 1048.70 0.075210
6 554.78 419.69 618.97 487.83 0.075200
3 737.88 387.39 836.40 437.00 0.075082
5 699.91 202.81 724.55 239.34 0.074919
5 1.48 320.30 163.22 403.59 0.074769
2 580.06 478.28 607.52 531.73 0.074723
2 657.48 259.70 671.86 284.27 0.074343
4 152.52 452.55 268.22 559.93 0.074295
3 449.53 313.53 640.56 818.90 0.074167
3 822.79 850.65 987.12 1028.24 0.074069
3 922.71 337.36 939.89 374.74 0.073897
5 749.07 243.36 786.68 267.43 0.073375
3 1330.57 560.44 1399.18 687.06 0.073307
4 723.07 300.39 866.70 407.61 0.073248
3 587.30 450.15 620.71 490.91 0.072964
5 85.99 69.40 190.85 197.87 0.072891
6 207.93 234.52 313.65 293.22 0.072853
3 448.94 194.38 665.58 819.17 0.072810
6 1354.70 613.63 1399.37 686.55 0.072757
2 360.41 194.59 1386.03 1044.74 0.072695
1 658.69 260.07 671.72 284.23 0.072674
1 870.10 863.66 910.55 925.28 0.072649
3 999.60 573.03 1090.76 639.71 0.072615
4 412.06 236.27 446.88 263.49 0.072582
5 216.70 234.01 313.56 293.50 0.072472
4 881.69 294.09 906.78 315.94 0.072444
1 1106.54 555.96 1171.27 604.87 0.072320
5 968.99 524.35 1066.69 593.27 0.072148
3 1024.88 946.93 1079.93 973.66 0.072109
5 743.53 409.30 823.61 465.94 0.071914
3 740.00 357.53 854.16 407.13 0.071821
3 647.12 192.72 662.58 237.71 0.071120
5 635.94 193.64 662.35 238.57 0.071084
3 704.39 272.67 739.82 307.17 0.070990
3 561.99 589.97 621.22 686.68 0.070844
6 23.62 321.20 163.09 401.95 0.070796
4 750.98 241.31 787.97 264.96 0.070786
3 591.13 339.24 627.93 364.66 0.070743
3 36.02 198.72 1094.69 716.62 0.070698
6 648.10 193.73 662.55 235.78 0.070657
3 594.39 420.91 612.15 448.84 0.070540
3 705.81 273.62 780.45 307.68 0.070491
3 750.43 243.72 786.43 267.26 0.070481
3 1033.44 390.63 1070.54 431.94 0.070437
4 588.52 304.61 637.05 367.06 0.070366
2 1063.59 481.86 1090.03 545.17 0.070280
3 11.94 194.64 648.13 1046.28 0.069912
3 314.43 869.31 895.25 1048.27 0.069745
3 606.42 304.54 634.36 333.25 0.069553
6 776.51 412.80 870.55 442.38 0.069522
2 821.87 306.01 838.32 349.74 0.069502
5 174.70 19.01 371.22 398.46 0.069407
4 530.11 362.34 634.03 558.80 0.069153
3 751.32 241.84 786.49 264.33 0.068756
4 706.15 273.16 741.59 303.75 0.068479
6 819.53 490.73 927.45 548.38 0.068350
5 704.42 239.44 746.85 260.62 0.068337
4 556.14 413.70 612.21 450.25 0.068306
3 856.84 268.98 884.58 293.97 0.068273
3 871.52 865.19 942.01 923.47 0.068089
3 1159.93 463.06 1193.56 519.27 0.067908
3 29.59 321.41 163.89 400.07 0.067655
5 705.27 271.75 740.00 301.61 0.067463
4 635.22 193.43 662.65 238.78 0.067367
1 889.08 398.88 921.09 443.20 0.067365
4 13.58 195.05 651.34 1046.51 0.067316
1 173.66 19.17 371.68 392.01 0.067266
3 1152.12 275.38 1190.30 309.84 0.067230
5 701.27 202.40 722.86 225.33 0.067171
1 763.04 535.56 944.27 615.77 0.067054
5 33.36 193.95 1101.96 1046.03 0.066815
3 490.01 671.53 558.56 732.92 0.066507
3 764.97 464.55 912.33 519.17 0.066437
3 526.23 676.78 547.57 730.29 0.066431
3 688.51 235.90 993.77 621.00 0.066358
2 634.67 248.16 651.42 277.52 0.066349
3 1051.25 246.87 1137.27 279.87 0.066339
3 872.89 865.66 941.34 927.78 0.066130
3 85.16 68.60 190.74 199.40 0.066130
4 736.62 355.51 854.15 464.64 0.066130
5 1001.80 573.63 1091.34 639.88 0.065879
3 926.23 333.65 953.52 374.26 0.065733
4 743.99 411.28 820.41 465.87 0.065714
4 605.67 304.01 634.47 333.10 0.065702
3 566.64 306.65 638.44 489.80 0.065669
1 624.35 392.89 647.77 435.57 0.065485
3 727.38 316.49 821.37 355.89 0.065384
3 555.82 413.63 611.25 449.64 0.065378
3 173.71 20.19 371.29 294.15 0.065317
5 763.70 318.01 820.47 350.24 0.065144
6 722.86 192.98 768.62 244.95 0.064925
6 151.31 447.06 278.31 560.87 0.064588
3 673.26 283.59 710.66 316.55 0.064497
3 647.82 193.54 662.29 236.53 0.064369
5 606.06 304.23 634.01 332.96 0.064318
6 759.48 318.20 820.51 349.43 0.064296
6 889.87 399.19 977.57 445.98 0.064275
4 19.41 187.71 663.76 574.70 0.064134
4 412.84 275.81 453.40 312.86 0.063873
6 2.30 869.04 523.49 1048.88 0.063843
2 656.11 352.68 672.73 394.76 0.063762
4 1.56 237.73 315.12 404.97 0.063746
6 703.07 254.25 734.86 274.79 0.063710
1 965.58 524.08 1092.61 641.41 0.063706
3 551.77 418.88 583.66 448.81 0.063699
3 736.50 355.25 853.82 461.38 0.063667
3 66.36 379.57 246.14 488.25 0.063527
3 800.40 487.89 927.28 549.26 0.063348
3 241.26 234.29 313.88 293.96 0.063301
1 664.87 239.76 1094.87 713.74 0.063180
1 614.90 362.83 636.21 423.00 0.063152
4 1366.33 617.13 1399.30 685.45 0.063059
3 1.53 234.72 315.45 405.06 0.062921
2 624.79 218.13 1247.44 742.58 0.062731
4 699.71 202.44 725.07 238.70 0.062714
3 255.66 334.63 323.93 385.16 0.062668
3 650.11 213.61 1100.89 1041.03 0.062622
5 1107.77 556.09 1170.37 603.40 0.062327
4 1151.76 275.35 1190.58 309.97 0.062229
4 725.82 295.35 869.54 490.01 0.062170
3 580.20 478.54 607.40 532.90 0.062145
3 1023.79 946.03 1081.05 974.66 0.061828
5 412.41 236.26 446.98 263.90 0.061701
3 587.53 342.07 629.24 371.99 0.061567
5 722.96 299.78 866.79 409.83 0.061496
1 818.18 556.56 856.96 580.81 0.061470
3 744.04 411.16 822.25 465.65 0.061345
3 1160.47 342.98 1349.93 466.12 0.061316
3 66.69 373.88 253.31 488.27 0.061278
2 564.58 205.21 755.69 720.91 0.061136
4 1051.23 246.69 1137.70 279.59 0.061106
6 723.73 300.70 866.86 407.77 0.061100
6 90.06 321.11 163.64 367.91 0.061001
1 673.43 241.07 690.43 264.97 0.060877
4 342.93 313.44 403.99 362.09 0.060813
3 614.18 215.35 1159.26 728.09 0.060813
3 892.61 362.44 940.12 399.55 0.060620
1 1063.42 480.22 1089.90 545.64 0.060553
3 525.54 675.67 547.46 733.26 0.060415
3 1154.95 484.91 1186.86 518.44 0.060333
5 1355.96 613.15 1398.99 686.39 0.060271
6 726.90 188.85 759.28 209.30 0.060256
3 454.05 224.56 1090.36 822.91 0.060252
5 360.12 294.48 388.66 317.74 0.060205
3 488.50 667.88 556.85 731.05 0.060108
6 394.44 201.16 491.77 272.17 0.060060
4 603.42 256.40 622.93 273.65 0.060007
3 543.04 197.91 1393.15 1044.96 0.059572
5 889.79 397.71 977.29 445.09 0.059465
5 173.99 20.60 371.18 298.03 0.059404
2 672.99 240.78 690.20 265.30 0.059358
4 315.74 209.45 1092.99 1047.02 0.059330
3 1297.08 194.72 1354.42 230.83 0.059154
5 313.24 869.01 896.69 1048.26 0.059108
4 680.59 233.16 871.75 480.66 0.059096
3 1365.59 621.44 1398.91 687.36 0.058979
3 892.14 361.65 930.59 398.04 0.058823
3 821.86 306.16 838.82 349.80 0.058594
6 182.03 376.48 319.33 533.76 0.058569
5 1029.17 153.78 1093.84 205.16 0.058489
3 181.35 455.51 259.97 534.54 0.058477
1 1327.65 608.96 1370.13 680.61 0.058321
3 578.41 366.77 632.46 406.43 0.058223
1 587.32 456.40 620.83 491.42 0.058111
3 628.11 227.64 650.35 250.25 0.058065
3 397.01 228.63 448.66 269.37 0.057927
3 449.98 359.68 634.13 816.39 0.057915
3 577.52 366.92 632.39 422.12 0.057899
6 275.26 262.69 314.73 294.10 0.057749
1 635.11 249.42 651.17 277.29 0.057602
3 455.18 196.48 1103.17 1043.46 0.057254
6 729.17 341.91 813.74 387.36 0.057206
5 627.05 230.72 647.76 251.09 0.057040
6 589.10 305.98 636.84 367.36 0.056928
4 622.79 238.02 642.51 256.63 0.056875
5 394.09 201.02 492.18 272.04 0.056798
4 701.46 201.83 723.51 223.48 0.056757
5 591.61 339.00 628.68 364.99 0.056731
4 529.55 217.14 653.17 563.89 0.056573
3 807.24 777.27 829.59 809.87 0.056469
3 702.20 202.22 722.43 219.75 0.056467
1 533.06 474.94 608.74 556.37 0.056447
3 1034.04 392.96 1065.39 427.00 0.056430
4 2.09 868.67 523.56 1048.94 0.056407
5 724.60 213.56 767.58 244.07 0.056170
3 737.08 388.74 813.57 465.26 0.056091
6 152.99 454.80 261.57 555.88 0.055932
3 567.71 326.22 635.07 370.91 0.055926
3 1047.94 246.51 1141.35 291.56 0.055787
3 949.25 424.21 978.51 447.41 0.055701
6 410.72 275.25 453.14 312.60 0.055552
5 1160.98 342.76 1350.39 465.00 0.055540
3 445.15 675.72 561.82 818.35 0.055365
6 360.97 203.56 489.31 352.37 0.055089
3 581.23 192.42 665.49 490.02 0.055077
3 623.87 238.11 643.71 260.22 0.054911
3 935.08 336.06 952.90 373.17 0.054906
2 1158.38 463.36 1193.44 520.19 0.054866
5 720.47 194.79 787.65 246.27 0.054683
3 913.26 317.97 930.34 336.12 0.054615
3 632.73 193.19 662.66 239.72 0.054456
2 671.34 289.96 1102.20 720.80 0.054393
3 394.35 224.09 450.18 275.95 0.054297
3 818.47 556.43 856.92 581.12 0.054222
3 1015.95 347.57 1045.77 403.72 0.054021
3 348.51 232.40 457.73 353.30 0.053744
1 891.64 362.06 929.10 397.61 0.053622
3 614.25 366.17 634.84 424.65 0.053605
2 629.90 235.15 706.29 284.71 0.053561
5 408.69 274.64 454.20 313.71 0.053557
4 791.78 235.38 869.33 279.95 0.053445
1 813.79 299.12 830.60 319.47 0.053417
6 969.58 524.84 1065.01 593.63 0.053402
4 679.55 233.62 870.86 419.02 0.053389
4 33.75 205.30 1096.52 718.47 0.053278
3 313.17 193.28 1386.57 1045.79 0.053276
3 761.69 510.41 923.96 551.33 0.053245
5 567.69 325.64 635.12 370.58 0.053216
3 687.62 231.22 887.68 609.15 0.053211
4 591.01 338.83 628.37 365.27 0.053149
3 606.76 304.78 633.11 337.34 0.053098
3 1046.16 247.32 1190.32 312.45 0.052991
4 912.50 313.54 954.56 339.08 0.052924
4 693.14 232.89 943.93 627.37 0.052863
3 925.08 401.15 957.15 425.38 0.052823
3 889.24 396.39 979.26 446.21 0.052751
6 346.49 294.54 394.86 338.40 0.052617
4 181.54 334.92 323.42 533.51 0.052408
4 748.51 245.24 806.42 286.39 0.052370
5 1328.81 557.39 1399.14 685.89 0.052337
5 361.87 275.54 450.82 319.28 0.052184
4 588.10 343.66 628.63 371.87 0.052164
2 699.19 287.11 1101.31 711.11 0.052066
6 749.31 243.05 787.80 265.60 0.051988
3 738.08 388.67 857.55 466.23 0.051976
3 873.83 866.25 988.83 931.72 0.051951
2 1329.12 605.10 1387.85 682.80 0.051917
3 543.23 192.34 665.16 557.78 0.051826
1 561.80 600.35 605.32 688.19 0.051775
5 555.93 412.88 612.09 450.36 0.051693
1 910.98 430.37 999.92 520.86 0.051605
4 274.74 277.74 314.25 295.53 0.051605
3 891.44 366.52 912.41 397.10 0.051587
4 604.40 243.92 650.57 277.53 0.051568
3 360.97 295.72 382.94 315.80 0.051543
3 889.63 397.56 950.61 442.81 0.051526
3 413.66 277.37 476.23 330.17 0.051517
3 33.31 193.47 1095.84 816.60 0.051492
2 946.03 399.44 978.95 447.73 0.051485
1 84.45 68.11 190.87 200.23 0.051416
4 1047.92 246.09 1141.05 290.43 0.051372
2 655.72 351.24 719.92 429.21 0.051326
1 1362.84 614.39 1398.64 687.80 0.051275
4 743.75 415.86 812.73 466.14 0.051195
3 44.05 185.44 657.93 573.06 0.051118
4 181.68 374.81 319.49 534.13 0.051097
3 840.63 669.38 874.98 699.93 0.051092
3 738.96 303.27 810.12 328.40 0.051075
6 182.18 334.78 323.57 533.43 0.051073
3 0.22 362.37 24.95 400.72 0.050969
2 891.38 363.17 926.94 397.89 0.050792
2 587.15 454.78 618.68 490.92 0.050642
5 1050.55 247.20 1138.02 286.31 0.050500
1 173.12 19.59 371.44 293.09 0.050349
6 679.10 217.94 1081.01 1045.77 0.050309
2 870.44 863.89 909.72 926.10 0.050288
5 275.67 260.72 313.61 294.78 0.050192
5 736.51 357.22 853.53 450.34 0.050152
6 144.78 232.74 321.12 546.49 0.050109
3 822.83 848.65 845.77 883.39 0.050081
3 611.92 393.97 633.66 430.44 0.049994
6 33.76 189.82 1091.37 1047.19 0.049960
3 181.84 377.28 319.00 533.58 0.049930
3 658.41 260.57 671.81 284.08 0.049886
4 638.07 212.51 657.67 236.95 0.049812
2 763.70 535.34 943.29 614.59 0.049806
2 645.89 192.14 663.22 237.84 0.049708
5 1151.98 274.87 1190.11 311.29 0.049623
4 61.97 281.09 449.42 557.88 0.049603
3 588.24 400.70 631.92 488.41 0.049557
4 914.88 428.89 979.74 458.47 0.049555
6 362.45 275.61 451.19 319.38 0.049178
2 142.11 135.98 1371.59 1042.34 0.049162
6 1365.09 558.86 1399.65 684.12 0.049129
1 910.49 360.67 930.65 388.15 0.049070
2 561.59 599.16 604.27 687.17 0.049055
3 600.40 463.05 620.20 488.67 0.049001
3 66.62 235.11 318.67 492.82 0.048977
3 7.11 8.27 1394.19 1045.83 0.048977
3 881.64 290.22 936.98 317.77 0.048896
4 486.77 670.13 560.09 734.91 0.048890
2 525.83 675.15 548.50 731.96 0.048849
6 1329.69 556.72 1399.36 686.31 0.048824
3 914.37 428.47 977.97 454.17 0.048741
3 892.17 368.03 911.04 394.67 0.048739
6 715.83 294.78 1087.39 703.57 0.048652
6 706.28 273.21 743.63 303.54 0.048571
5 695.16 231.80 873.37 308.08 0.048535
3 764.83 317.53 821.03 350.32 0.048531
2 621.26 312.59 640.31 361.77 0.048507
4 360.65 295.18 384.12 316.00 0.048486
3 634.35 248.04 650.41 276.52 0.048332
3 54.69 208.25 1154.50 1045.75 0.048318
1 735.84 305.61 752.27 336.09 0.048276
6 699.39 232.79 898.11 610.32 0.048264
3 588.87 205.06 1376.85 748.45 0.048228
3 721.07 193.50 789.66 245.09 0.048151
3 700.83 193.17 795.69 245.96 0.048121
3 628.25 248.25 649.16 271.65 0.048095
4 561.09 599.32 605.70 686.49 0.048065
3 1052.22 875.71 1145.42 938.03 0.048056
3 522.47 676.32 554.08 764.99 0.048003
5 688.49 635.02 721.47 713.48 0.047990
5 774.79 235.22 796.16 253.01 0.047907
3 659.05 363.60 675.41 394.13 0.047736
4 1329.44 559.71 1399.26 687.39 0.047684
5 1352.38 426.61 1393.55 479.69 0.047673
3 181.73 334.32 323.09 533.05 0.047635
5 145.65 231.50 320.72 384.38 0.047585
4 1047.01 247.14 1190.23 311.54 0.047536
2 225.50 178.68 1384.70 1044.22 0.047524
5 603.54 256.64 622.79 273.81 0.047498
5 38.99 221.41 467.96 567.81 0.047410
1 891.27 366.75 910.24 395.81 0.047400
5 588.67 304.89 637.20 367.09 0.047355
3 835.00 739.27 1398.36 1047.75 0.047333
4 529.86 305.32 638.43 561.20 0.047189
3 14.97 191.48 647.34 820.29 0.047188
3 434.64 202.25 476.83 228.32 0.046960
3 2.66 868.57 523.24 1048.74 0.046959
3 360.28 233.16 449.75 316.31 0.046948
3 275.12 278.98 314.11 295.24 0.046911
3 347.57 295.13 395.88 335.89 0.046902
6 1330.78 607.21 1398.73 686.69 0.046895
5 587.92 444.94 620.88 489.31 0.046869
5 624.04 234.90 643.13 253.06 0.046843
5 701.66 191.77 795.80 247.02 0.046829
3 915.66 379.75 947.26 399.66 0.046775
1 1015.31 347.31 1045.53 404.67 0.046770
3 946.66 412.91 967.51 433.55 0.046622
3 393.89 226.98 423.38 253.93 0.046556
6 412.37 236.52 447.05 264.30 0.046444
3 729.95 356.90 763.53 388.59 0.046418
3 724.75 300.01 866.54 407.09 0.046390
5 181.79 377.96 319.14 533.97 0.046358
4 66.79 377.15 254.88 488.71 0.046256
3 913.78 434.47 938.80 467.08 0.046205
2 171.65 17.67 371.82 392.24 0.046094
6 687.98 233.25 872.77 492.47 0.046033
1 1031.54 395.06 1054.67 430.68 0.045974
4 413.19 277.36 476.28 329.72 0.045953
2 533.18 199.01 1099.53 1044.57 0.045902
4 729.79 355.15 769.20 388.98 0.045900
5 738.74 303.02 811.65 330.18 0.045871
4 629.55 247.92 649.63 270.61 0.045805
6 606.67 304.84 633.31 333.23 0.045804
3 776.50 193.19 799.18 216.55 0.045788
3 514.75 768.37 549.90 812.53 0.045776
3 623.32 243.96 650.94 277.72 0.045727
6 360.55 294.16 387.68 317.69 0.045642
2 966.00 524.11 1092.46 640.86 0.045552
3 273.41 259.44 305.88 294.30 0.045549
1 638.26 256.71 652.32 277.60 0.045435
6 390.00 275.14 452.88 322.52 0.045302
3 64.54 301.73 328.37 547.52 0.045275
2 638.91 258.50 673.24 284.47 0.045189
3 776.44 256.14 806.81 287.37 0.045180
3 603.68 256.47 623.32 273.50 0.045146
6 603.71 256.58 623.44 273.51 0.045079
2 83.11 66.73 191.38 199.97 0.044956
3 697.78 379.10 717.02 426.76 0.044947
3 51.50 320.32 163.52 369.79 0.044818
6 251.37 234.99 313.62 293.43 0.044818
5 637.68 211.79 655.53 236.14 0.044719
6 361.19 233.41 450.60 316.48 0.044680
6 688.54 233.09 946.81 617.66 0.044626
4 85.54 68.76 191.60 197.39 0.044597
1 576.49 364.30 635.26 442.80 0.044596
2 819.02 556.69 857.21 580.87 0.044586
4 66.16 334.38 323.82 489.55 0.044566
3 882.15 295.30 897.62 315.13 0.044531
2 638.04 256.92 652.89 277.49 0.044502
5 729.67 351.94 781.56 388.30 0.044392
3 1373.02 643.21 1399.37 686.96 0.044384
2 1106.57 555.74 1171.41 604.78 0.044316
6 1333.48 570.83 1399.26 686.12 0.044257
5 1.73 232.32 316.30 407.08 0.044254
6 743.13 409.44 820.33 465.62 0.044217
3 137.96 323.62 164.42 356.71 0.044158
1 581.42 212.73 1377.97 752.88 0.044134
2 688.64 239.60 706.39 277.29 0.043969
5 604.95 245.16 650.63 277.83 0.043905
4 881.78 289.95 939.84 320.00 0.043803
3 1029.40 247.50 1192.59 327.13 0.043781
3 808.18 778.53 828.58 808.78 0.043776
3 688.78 635.04 720.88 713.07 0.043674
3 345.39 295.14 447.63 358.67 0.043661
6 1.86 232.04 315.97 405.88 0.043587
4 434.61 203.27 473.71 227.41 0.043546
6 1005.46 571.46 1091.01 639.66 0.043541
1 580.80 459.15 619.63 534.50 0.043493
3 856.14 249.25 885.18 294.00 0.043423
1 525.14 675.27 549.60 732.36 0.043411
6 1161.15 343.12 1350.24 465.62 0.043355
3 569.37 480.37 606.59 552.14 0.043341
3 345.83 314.06 367.26 347.80 0.043277
1 900.89 873.63 942.23 918.46 0.043173
4 345.82 198.59 497.26 363.64 0.043154
3 1127.52 274.53 1192.42 326.36 0.043121
5 612.89 118.06 641.21 141.58 0.043087
4 64.70 371.84 320.41 558.20 0.043050
6 697.46 230.05 872.63 311.66 0.043019
3 1150.89 484.30 1217.48 540.05 0.043012
1 7.02 189.12 1393.00 1046.17 0.042991
1 734.69 884.70 893.28 1048.08 0.042945
5 776.81 194.61 799.99 219.39 0.042913
3 881.86 241.95 945.89 315.67 0.042749
4 173.71 17.33 370.48 297.10 0.042744
1 537.17 203.56 1390.48 1043.01 0.042721
2 589.78 418.85 615.92 480.41 0.042695
5 912.43 313.09 949.39 338.89 0.042689
2 735.31 305.49 752.90 336.25 0.042634
3 912.28 429.20 978.34 491.63 0.042518
4 0.27 361.70 22.25 400.97 0.042416
4 64.65 413.77 264.93 546.72 0.042218
3 722.75 153.43 778.99 199.85 0.042216
4 289.40 278.82 314.96 295.16 0.042171
3 894.41 328.41 955.56 435.21 0.042165
1 621.57 313.49 639.82 362.71 0.042107
5 684.35 233.59 873.84 488.95 0.042043
3 322.67 201.25 672.28 1044.91 0.042001
1 626.37 244.23 650.95 277.72 0.041995
6 744.04 410.09 854.92 465.50 0.041957
3 900.04 873.51 944.00 919.84 0.041945
6 703.78 239.18 747.01 260.20 0.041939
3 882.39 280.11 941.37 318.59 0.041935
2 1327.90 607.62 1371.10 680.73 0.041928
3 344.85 315.22 368.12 358.73 0.041927
3 33.59 225.77 625.26 820.45 0.041923
1 823.53 304.52 868.77 354.96 0.041915
3 359.63 246.00 413.41 315.14 0.041828
4 10.56 196.99 645.27 817.55 0.041825
4 63.85 444.65 95.09 481.35 0.041670
3 1064.62 478.46 1093.77 542.79 0.041649
1 1249.31 538.35 1309.75 597.55 0.041477
3 625.18 235.35 644.74 253.13 0.041475
5 736.72 389.33 794.50 446.21 0.041313
3 619.33 313.62 639.16 363.57 0.041311
5 915.78 429.41 979.71 459.99 0.041296
2 625.47 242.89 650.92 278.01 0.041257
3 613.41 118.23 640.73 140.74 0.041256
3 683.13 232.51 873.88 486.88 0.041222
5 181.59 334.01 323.51 533.76 0.041150
1 891.53 333.56 955.48 398.74 0.041074
1 896.43 395.90 979.33 442.69 0.041048
5 690.48 235.69 944.54 621.97 0.040990
3 488.38 670.32 559.77 769.30 0.040972
5 353.73 226.97 466.71 354.65 0.040966
3 729.56 353.09 777.28 388.32 0.040960
3 667.48 355.50 681.92 393.91 0.040959
4 750.20 244.25 787.65 267.26 0.040936
3 881.63 294.38 905.46 315.68 0.040907
3 735.73 305.32 753.39 336.68 0.040817
1 615.89 208.66 1117.56 720.68 0.040809
5 696.32 103.06 742.69 154.49 0.040719
2 1362.74 615.42 1398.46 687.74 0.040679
5 709.09 275.75 775.21 304.61 0.040664
6 912.71 314.62 951.49 338.88 0.040633
1 561.19 581.08 621.49 688.28 0.040608
5 354.70 199.93 499.34 356.91 0.040593
2 890.89 366.54 911.08 396.11 0.040495
5 66.05 373.26 321.51 558.15 0.040487
5 46.54 206.84 1097.21 717.64 0.040462
4 1033.19 390.70 1070.85 431.53 0.040455
3 291.38 279.19 314.92 294.99 0.040451
2 654.48 350.70 749.76 717.16 0.040435
2 893.58 395.10 979.33 444.43 0.040212
5 3.22 868.63 523.39 1048.71 0.040201
3 1330.76 607.71 1383.34 680.15 0.040123
2 813.65 298.89 830.96 320.18 0.040108
4 393.76 226.08 424.63 253.99 0.040083
3 705.80 287.82 733.77 309.23 0.040024
3 618.03 330.44 636.31 365.96 0.039954
1 321.54 868.41 523.46 1048.41 0.039916
5 362.24 275.63 451.22 325.95 0.039908
4 720.27 192.95 792.70 243.35 0.039801
4 210.18 236.03 312.77 295.75 0.039762
3 530.24 308.07 637.84 559.33 0.039747
2 1277.89 538.80 1311.35 592.29 0.039723
2 170.84 18.97 371.66 292.07 0.039707
3 915.28 428.07 979.18 456.52 0.039510
3 343.15 315.77 375.46 360.11 0.039349
1 739.28 356.09 854.23 407.13 0.039298
3 6.02 200.01 491.98 608.06 0.039258
2 1370.83 633.42 1398.79 688.30 0.039194
4 153.00 525.72 285.88 586.29 0.039140
3 343.39 294.17 453.44 363.81 0.039061
2 632.70 211.76 753.65 719.14 0.039049
4 1.56 287.62 327.41 406.21 0.038956
3 823.01 848.96 941.31 927.10 0.038927
3 700.56 203.05 723.58 241.80 0.038921
3 1295.15 193.65 1355.90 230.76 0.038863
4 316.24 200.63 657.44 1045.51 0.038854
2 1031.29 395.20 1054.29 429.72 0.038843
1 663.31 352.72 681.86 395.20 0.038808
6 7.09 229.41 335.88 571.11 0.038750
5 701.83 202.19 722.50 219.68 0.038742
6 771.58 217.65 804.81 245.02 0.038657
6 170.22 232.79 321.33 393.74 0.038604
5 738.12 386.59 837.72 430.25 0.038584
5 724.68 302.04 867.91 367.19 0.038570
3 760.86 500.02 833.53 549.44 0.038561
4 738.92 303.00 812.98 328.78 0.038470
6 587.31 342.65 628.46 371.58 0.038364
3 764.48 464.79 891.77 508.39 0.038357
2 532.32 474.37 609.36 557.41 0.038316
4 587.27 422.13 621.84 488.82 0.038217
3 673.49 241.15 689.34 264.74 0.038185
6 1152.43 275.32 1189.52 309.01 0.038167
5 1033.15 390.75 1071.96 433.37 0.038139
1 760.90 464.42 927.70 552.01 0.038125
2 448.55 194.75 1377.31 784.89 0.038047
3 875.57 867.95 981.06 1028.71 0.038010
3 870.20 863.91 1035.09 1047.16 0.037888
4 173.57 15.40 371.68 391.49 0.037819
6 882.15 293.91 904.93 315.41 0.037795
6 701.56 202.41 722.21 221.96 0.037729
4 775.41 192.28 800.75 217.06 0.037707
4 32.22 201.14 1098.00 808.77 0.037698
5 681.07 230.13 871.86 314.49 0.037692
3 703.91 260.26 774.21 301.84 0.037565
2 910.51 430.00 999.63 520.46 0.037519
3 869.86 864.37 908.78 925.31 0.037476
5 1329.35 607.34 1381.45 679.76 0.037474
3 695.17 102.73 743.06 156.14 0.037460
3 618.48 255.96 634.11 278.88 0.037397
3 760.58 521.74 792.86 549.16 0.037386
6 1107.96 556.39 1170.13 603.10 0.037359
3 324.78 325.89 641.15 1043.39 0.037324
2 659.45 352.31 681.55 395.23 0.037235
1 1327.48 605.14 1387.31 682.77 0.037219
1 754.92 416.69 873.82 490.15 0.037214
5 64.74 233.72 319.54 497.46 0.037211
3 742.69 408.99 855.66 453.04 0.037199
3 554.54 417.72 613.17 450.66 0.037173
2 891.40 333.42 955.25 398.46 0.037121
3 700.44 239.34 749.17 273.86 0.037075
5 881.80 242.49 945.55 315.48 0.037047
3 33.74 197.94 903.99 1046.64 0.036978
3 680.32 231.59 870.59 369.03 0.036965
3 813.56 299.31 831.11 320.47 0.036919
5 557.64 412.57 608.96 448.66 0.036913
3 723.60 152.38 779.69 206.25 0.036890
2 900.17 874.38 942.20 919.30 0.036876
3 912.36 361.54 931.27 381.63 0.036825
4 557.89 413.43 608.99 448.37 0.036767
3 824.07 849.30 844.42 882.26 0.036756
4 582.85 189.72 663.59 397.63 0.036745
2 624.90 311.95 639.71 340.15 0.036626
3 643.86 216.86 659.18 237.09 0.036615
3 1250.12 539.46 1308.12 596.26 0.036583
3 81.88 192.84 1079.50 644.58 0.036580
4 517.97 596.78 604.19 688.24 0.036528
3 1351.61 427.37 1391.22 480.04 0.036440
6 54.17 215.85 469.78 564.14 0.036389
2 576.49 363.42 635.81 444.77 0.036385
6 627.78 229.62 648.27 250.40 0.036356
6 530.24 305.40 639.03 559.53 0.036302
3 64.05 444.90 94.82 481.94 0.036294
5 881.89 293.67 905.44 315.93 0.036290
3 700.46 231.48 870.06 293.15 0.036269
3 1352.92 428.69 1390.40 478.04 0.036236
4 18.78 259.18 326.45 543.55 0.036234
3 580.81 365.50 633.12 405.99 0.036219
6 558.08 411.97 609.30 447.57 0.036193
3 733.59 302.51 816.42 339.60 0.036156
4 678.37 218.19 1086.38 1046.34 0.036091
6 68.37 377.56 246.65 488.84 0.036075
4 360.03 232.16 450.09 316.43 0.036056
3 28.54 347.06 58.39 398.94 0.036030
3 623.80 192.16 666.69 278.18 0.035864
5 711.77 280.69 779.38 308.37 0.035851
4 103.90 288.07 323.93 385.94 0.035817
3 587.25 459.69 605.45 481.39 0.035792
4 2.72 338.23 69.23 370.51 0.035749
3 717.40 296.11 955.64 617.14 0.035690
4 446.11 194.64 658.90 820.35 0.035687
6 1145.06 170.09 1228.50 223.83 0.035646
3 605.47 395.65 632.30 431.17 0.035635
1 1370.83 636.00 1398.62 688.20 0.035568
6 394.92 225.99 424.64 253.99 0.035562
3 298.33 242.98 314.10 294.25 0.035525
4 764.33 464.79 912.64 519.34 0.035503
2 1015.33 347.16 1045.41 404.16 0.035396
3 890.45 332.98 958.02 443.64 0.035371
5 1145.38 169.49 1228.64 224.17 0.035124
4 628.87 226.49 651.33 247.40 0.035098
3 550.57 192.43 1243.39 1042.82 0.035095
2 560.50 199.31 990.26 725.62 0.035088
2 735.23 884.36 893.52 1047.83 0.035034
3 1029.66 153.63 1093.81 205.65 0.035026
1 590.11 418.95 616.01 477.44 0.035022
5 393.85 226.21 424.74 254.96 0.035011
3 718.39 629.95 744.70 709.39 0.034943
5 65.76 282.42 431.72 563.10 0.034937
2 81.39 17.33 652.34 272.87 0.034867
6 604.52 244.77 650.33 277.35 0.034860
2 656.53 351.39 674.53 395.73 0.034860
3 729.31 350.15 813.80 387.33 0.034762
2 738.06 354.14 853.59 409.28 0.034751
6 360.45 233.90 468.12 349.94 0.034741
3 918.95 359.47 933.66 376.94 0.034686
6 734.36 302.05 868.18 356.54 0.034685
5 13.97 189.53 1360.98 1046.07 0.034652
3 66.72 334.24 323.85 489.27 0.034635
4 1195.09 194.14 1226.72 224.50 0.034490
3 8.64 189.22 602.27 585.75 0.034465
5 587.88 342.65 628.93 372.67 0.034448
3 533.17 304.01 640.06 689.54 0.034325
3 632.27 249.75 650.25 274.55 0.034324
3 1252.70 544.91 1301.79 593.65 0.034321
3 252.26 304.10 322.87 389.50 0.034273
1 647.00 192.63 662.79 237.66 0.034265
2 560.67 596.32 618.37 687.76 0.034164
3 1031.30 397.29 1055.16 430.93 0.034146
3 1366.71 561.87 1399.71 683.81 0.034122
1 689.14 240.35 706.27 277.07 0.034117
3 587.62 419.78 616.89 483.60 0.034086
4 688.97 232.54 885.87 623.92 0.034050
6 560.61 599.54 606.48 686.10 0.034047
6 697.63 218.02 926.65 1047.62 0.033949
5 689.22 232.37 909.58 616.86 0.033789
3 695.19 102.46 743.31 242.07 0.033694
5 893.02 361.58 932.49 397.42 0.033680
4 67.52 425.02 139.59 485.32 0.033646
3 607.28 304.84 628.05 328.33 0.033637
1 1279.65 538.05 1312.09 588.91 0.033577
4 700.30 190.93 796.40 244.39 0.033561
3 1061.93 735.95 1169.04 759.51 0.033434
5 648.08 193.58 662.82 235.54 0.033429
1 761.94 482.82 928.66 552.93 0.033428
6 1369.18 556.28 1399.87 634.78 0.033409
3 609.30 396.05 632.60 429.64 0.033332
3 1330.65 607.62 1379.17 679.36 0.033331
3 518.03 192.40 659.27 813.33 0.033313
3 863.78 501.14 926.00 551.32 0.033307
1 619.55 327.40 636.99 366.71 0.033274
3 619.21 255.42 650.04 278.14 0.033156
1 625.62 312.46 639.31 339.29 0.033134
3 760.84 492.84 838.48 549.46 0.033120
3 865.51 524.69 923.55 552.25 0.033044
3 681.83 230.50 871.50 450.26 0.033011
2 888.66 400.41 914.09 442.04 0.032972
5 718.28 629.78 745.65 710.87 0.032958
5 314.56 93.68 379.17 219.96 0.032944
1 673.14 283.23 711.23 317.03 0.032924
3 912.38 433.39 939.83 493.34 0.032913
3 1250.15 489.71 1309.48 592.37 0.032885
3 683.98 216.35 1087.58 1045.98 0.032856
3 580.16 222.05 1085.09 1043.65 0.032807
3 555.22 192.15 665.97 489.69 0.032779
3 343.65 295.83 397.68 359.96 0.032769
3 1253.64 504.69 1290.52 568.94 0.032763
5 50.81 443.56 95.66 487.64 0.032748
1 655.16 226.84 1104.82 1037.38 0.032739
5 435.28 203.33 473.72 227.71 0.032717
4 1.10 292.84 214.46 404.50 0.032709
4 360.59 200.03 488.84 318.75 0.032676
6 788.72 386.12 847.38 426.74 0.032668
6 944.51 400.50 977.31 437.07 0.032662
5 529.30 362.94 633.92 559.57 0.032642
3 1195.35 194.84 1226.57 224.23 0.032638
2 823.31 305.01 868.86 354.83 0.032565
4 749.83 246.09 782.65 269.28 0.032561
5 696.27 102.83 742.99 206.63 0.032499
4 90.60 335.28 127.70 370.16 0.032486
4 760.46 498.71 840.86 549.66 0.032475
6 1033.54 390.78 1071.12 431.74 0.032455
3 889.29 418.75 977.08 446.75 0.032409
6 152.31 334.73 325.17 560.15 0.032371
3 409.02 209.64 1144.44 756.77 0.032338
1 546.93 208.23 1099.92 1043.70 0.032333
1 854.39 241.92 876.20 292.40 0.032261
5 529.12 249.07 647.46 562.34 0.032246
3 962.14 430.77 978.92 447.77 0.032210
3 64.65 413.84 262.26 544.75 0.032183
3 32.41 190.31 646.67 591.34 0.032131
3 347.17 315.80 365.90 337.90 0.032082
6 1195.47 195.02 1226.61 224.24 0.032081
1 523.93 676.76 582.02 771.74 0.032031
6 10.21 867.75 911.37 1048.93 0.032024
1 824.54 392.67 842.50 417.54 0.031884
5 672.71 217.02 1092.31 1045.92 0.031859
4 1029.25 153.59 1094.40 205.34 0.031851
3 85.07 15.91 650.46 385.50 0.031841
5 169.57 18.68 372.13 535.83 0.031827
3 805.45 491.21 843.22 531.38 0.031770
5 695.07 102.41 778.36 248.34 0.031765
4 514.15 766.79 550.68 813.74 0.031668
5 68.02 379.43 245.79 489.07 0.031546
6 588.33 421.84 621.87 488.77 0.031488
3 1328.03 605.18 1391.54 683.45 0.031482
6 565.00 325.30 635.30 371.20 0.031452
3 1149.41 581.23 1169.05 601.42 0.031427
3 345.69 201.82 483.59 359.98 0.031400
6 1029.97 154.22 1093.69 204.79 0.031393
6 635.69 209.16 657.45 237.72 0.031391
4 729.18 350.02 813.93 387.53 0.031358
6 881.36 242.03 945.80 315.84 0.031309
6 937.59 264.84 1029.63 359.72 0.031277
4 558.89 154.03 576.88 171.20 0.031248
4 252.53 303.01 322.98 384.65 0.031233
5 1201.30 666.59 1253.86 749.91 0.031206
4 702.69 202.08 723.16 218.11 0.031173
4 273.96 260.77 303.75 293.77 0.031135
6 30.80 321.98 163.84 399.85 0.031120
4 1161.46 343.36 1349.01 465.78 0.031108
3 556.84 192.29 662.54 450.27 0.031104
3 699.48 236.53 810.21 308.86 0.031095
5 632.32 248.48 650.02 273.15 0.031038
3 760.19 464.40 943.23 615.10 0.031038
4 1024.80 946.58 1080.19 973.77 0.031036
3 521.59 676.18 559.96 804.53 0.031010
3 393.66 197.63 496.00 278.27 0.030982
5 1064.30 477.90 1094.56 543.12 0.030965
5 851.94 211.70 883.98 246.03 0.030954
3 530.21 420.08 620.47 557.13 0.030885
2 890.91 331.96 977.33 442.97 0.030883
4 48.76 282.48 605.10 820.76 0.030829
2 1160.30 342.93 1349.44 467.29 0.030802
2 1250.10 538.20 1310.22 597.16 0.030762
2 1294.98 193.25 1356.09 235.47 0.030747
4 779.51 386.05 846.97 425.37 0.030714
5 763.71 464.26 916.74 530.37 0.030713
4 520.56 676.00 581.56 763.35 0.030710
6 725.06 299.20 941.78 614.89 0.030666
3 824.08 248.66 864.22 276.75 0.030630
4 513.87 343.59 564.77 389.86 0.030612
6 513.54 344.63 563.02 389.26 0.030608
3 937.48 262.26 980.89 335.44 0.030590
3 888.56 419.97 919.41 444.24 0.030550
5 8.84 190.46 644.45 1045.21 0.030525
1 911.90 316.76 929.28 337.39 0.030506
2 657.45 353.27 673.75 394.23 0.030445
6 722.41 154.71 779.97 248.23 0.030372
5 592.68 326.36 634.71 363.67 0.030333
4 678.31 233.17 870.05 346.06 0.030323
6 736.50 356.71 853.28 451.49 0.030303
5 360.12 232.41 449.89 316.23 0.030293
6 737.51 388.19 847.22 463.61 0.030285
3 824.07 239.66 873.17 280.27 0.030276
3 449.50 594.23 617.92 816.29 0.030255
5 168.60 232.32 321.78 395.21 0.030230
2 853.97 242.04 877.56 291.93 0.030180
4 764.98 470.12 822.96 510.47 0.030176
3 617.26 368.10 633.78 400.35 0.030162
6 67.33 368.74 321.93 558.03 0.030102
6 175.14 15.83 370.30 393.90 0.030012
