4 302.06 558.83 391.70 635.96 0.607897
3 301.82 558.96 391.38 635.99 0.595887
3 960.97 383.77 1023.86 472.53 0.582124
3 823.58 529.29 901.61 608.02 0.572634
4 876.80 558.01 953.57 637.22 0.563784
4 824.05 529.10 901.61 607.70 0.557618
3 876.36 558.16 953.87 637.23 0.554876
4 854.29 647.07 943.11 735.46 0.547090
3 667.15 403.27 732.98 486.63 0.536554
3 854.09 647.01 943.18 735.36 0.534271
4 961.42 383.77 1024.01 472.51 0.508702
3 980.27 602.23 1052.93 693.59 0.505155
4 980.59 601.98 1053.03 693.40 0.492662
4 668.23 403.14 732.55 486.12 0.492462
3 210.56 76.81 289.50 147.63 0.483964
4 210.99 76.74 289.73 147.54 0.467069
3 378.60 200.80 452.32 277.88 0.463615
3 179.81 56.58 262.08 124.85 0.457027
4 179.88 56.52 262.19 124.45 0.453923
3 544.46 328.35 618.64 409.80 0.444432
3 1328.85 801.85 1399.48 902.46 0.435115
4 1329.88 801.79 1399.44 902.32 0.434281
3 1124.06 690.73 1194.94 785.83 0.429836
4 544.77 328.27 618.98 409.56 0.428155
4 378.70 200.86 452.02 277.27 0.427398
4 1124.25 690.73 1194.89 785.93 0.422953
3 687.83 286.56 739.91 334.44 0.418876
3 408.69 234.75 473.89 301.89 0.401317
3 522.62 304.19 583.87 368.74 0.400079
4 1213.94 745.79 1285.10 847.46 0.398056
3 431.70 259.01 508.99 328.96 0.396834
3 377.63 199.62 619.26 411.60 0.396468
3 1213.81 746.07 1285.06 847.72 0.391142
4 408.85 234.70 473.71 301.48 0.385038
4 522.61 304.05 583.90 369.77 0.383905
4 1298.40 615.09 1360.98 667.95 0.383691
4 432.05 258.90 509.33 328.92 0.381468
3 470.58 284.39 543.10 357.05 0.375890
4 470.59 284.22 544.29 356.84 0.353741
4 687.95 287.22 740.21 334.48 0.353717
4 377.64 199.22 619.57 411.34 0.352483
3 1179.68 717.46 1244.06 803.34 0.350953
4 1179.41 717.34 1244.02 803.87 0.349324
3 1298.12 614.78 1359.64 667.90 0.345304
4 1026.99 628.55 1101.65 722.79 0.345250
3 1124.30 369.12 1399.08 574.06 0.335596
4 1250.23 780.15 1330.51 870.44 0.325654
4 62.50 656.59 129.76 750.50 0.317392
4 0.22 263.72 54.33 341.23 0.316669
3 1250.61 780.46 1330.10 869.89 0.314763
3 1027.41 628.87 1101.67 722.35 0.301173
3 0.23 552.89 85.27 690.84 0.291754
4 642.27 223.51 685.44 263.16 0.286495
3 179.62 56.64 289.34 148.00 0.286299
4 1022.44 -0.05 1049.01 31.40 0.278778
3 641.76 223.33 684.76 263.15 0.271537
3 1076.53 449.87 1114.91 496.81 0.271305
4 0.24 553.49 85.44 689.53 0.270897
4 16.55 631.46 110.50 733.39 0.268246
3 61.74 656.48 129.75 750.04 0.267844
3 0.27 262.43 59.51 342.51 0.262046
4 179.66 56.34 289.70 148.18 0.260939
3 559.46 136.72 627.44 206.59 0.258913
4 0.19 552.71 85.73 620.87 0.258343
4 1117.10 327.43 1149.18 350.19 0.254140
4 371.89 193.49 408.93 233.26 0.253089
4 107.07 15.67 175.16 76.95 0.252073
3 0.22 264.88 55.18 341.19 0.249539
4 1237.84 505.99 1324.88 554.08 0.248992
3 0.56 552.40 130.96 750.83 0.248947
3 16.80 631.14 110.20 732.24 0.246698
3 15.75 630.92 126.77 750.22 0.240892
3 371.24 192.91 408.56 233.13 0.239310
4 1346.71 405.32 1375.85 422.15 0.239292
3 105.63 15.55 174.51 77.34 0.237325
3 576.29 152.62 624.13 205.41 0.232874
4 1304.66 369.57 1323.50 392.72 0.230871
3 1063.46 659.66 1144.29 756.35 0.230606
3 1236.96 505.44 1325.31 556.06 0.228885
4 1005.71 38.06 1027.93 70.00 0.226740
3 561.38 116.42 637.39 208.23 0.220381
3 1124.73 690.71 1329.61 871.20 0.215573
3 5.60 2.39 1396.79 1046.23 0.214852
4 16.67 630.69 128.67 750.00 0.213017
3 788.68 288.04 824.36 325.00 0.211497
4 0.61 552.55 131.05 750.78 0.211467
4 788.81 288.63 827.66 326.08 0.211237
3 1298.23 568.02 1399.15 668.26 0.210957
3 574.55 134.23 629.06 207.34 0.209710
3 559.16 148.90 607.46 192.56 0.208195
4 1062.80 660.71 1145.81 756.99 0.203796
4 1275.06 446.30 1349.96 493.84 0.201696
4 1125.62 369.31 1399.19 574.10 0.201206
4 1124.83 690.23 1329.76 872.32 0.198939
4 0.01 551.88 31.48 598.16 0.198543
4 564.33 135.82 626.45 205.77 0.197340
4 1329.14 802.36 1399.78 938.21 0.195054
4 987.53 110.03 1004.21 130.47 0.194815
3 743.93 274.90 825.95 326.81 0.193129
4 386.71 13.70 404.79 31.48 0.189752
3 979.24 599.77 1331.09 872.49 0.188766
3 0.29 553.30 85.29 620.51 0.186583
4 1350.94 276.18 1399.27 317.34 0.186423
4 841.78 273.57 862.09 290.93 0.180658
4 1156.52 290.90 1193.84 315.78 0.179555
4 576.23 151.94 624.65 205.99 0.179382
3 825.02 536.97 1398.78 904.98 0.178501
3 790.07 288.13 825.68 326.05 0.177524
4 477.96 49.48 502.66 64.28 0.176879
3 1118.95 478.27 1177.53 533.09 0.176618
4 1077.84 453.95 1113.04 497.39 0.172721
4 244.80 808.28 311.56 863.67 0.169345
4 733.27 254.24 755.52 280.92 0.168222
4 350.74 1.11 404.56 32.95 0.166501
3 493.00 99.94 541.50 145.81 0.165641
3 1188.61 476.20 1325.25 555.61 0.164312
4 1280.92 364.70 1302.96 383.59 0.163787
4 166.59 539.36 189.87 560.70 0.162731
3 1076.63 451.65 1113.21 496.92 0.162016
3 576.14 133.56 627.37 206.40 0.161898
3 1316.64 569.37 1399.24 655.24 0.159167
4 38.41 102.31 63.02 129.48 0.157090
4 563.08 132.91 629.36 206.72 0.155603
4 702.56 209.32 728.83 227.65 0.154363
4 576.75 149.80 623.05 204.90 0.154127
4 1092.64 438.16 1123.30 459.52 0.152827
3 824.55 533.02 1335.72 884.29 0.152018
4 559.33 152.35 607.41 192.61 0.151591
4 1179.62 392.50 1228.81 423.52 0.151137
4 980.05 599.02 1332.45 878.86 0.148457
3 1022.18 -0.23 1049.31 31.54 0.147268
4 824.82 533.93 1341.89 896.46 0.146413
3 771.74 282.21 796.97 316.74 0.145545
4 886.41 281.34 929.67 318.46 0.145417
4 423.46 496.37 463.98 522.00 0.145018
4 516.80 78.46 533.91 94.96 0.144974
4 232.55 330.61 276.20 364.67 0.143897
4 1077.21 438.52 1122.99 497.50 0.143804
4 559.87 148.84 607.55 192.25 0.142104
4 705.31 261.14 731.76 285.72 0.138740
4 -0.03 552.01 28.65 597.17 0.138604
3 1274.09 445.08 1349.25 493.29 0.136561
3 913.33 328.54 973.93 371.96 0.134571
3 51.04 214.18 131.88 288.23 0.134109
4 789.47 287.77 825.41 324.68 0.133957
4 328.45 149.29 350.25 169.61 0.133428
4 1214.83 746.25 1331.01 871.02 0.133107
3 344.02 2.01 403.95 34.76 0.132713
3 96.51 37.17 1394.80 992.18 0.131893
4 232.62 330.35 286.82 365.76 0.131884
4 1351.39 535.17 1399.22 566.25 0.131638
3 423.72 496.54 463.12 521.74 0.130725
4 3.87 297.29 51.09 338.48 0.130332
3 865.33 555.37 1329.54 874.41 0.128909
4 1350.31 551.88 1399.90 603.29 0.128437
4 458.07 38.61 504.28 64.84 0.127851
4 18.18 561.89 85.31 619.03 0.126551
4 1116.23 326.55 1148.85 350.64 0.126549
4 578.45 152.71 606.93 175.53 0.126440
4 679.20 192.27 698.21 210.95 0.126217
3 703.61 245.07 730.71 284.50 0.124912
3 1124.59 690.22 1285.77 852.10 0.124837
3 1124.97 719.61 1180.25 785.02 0.124399
4 886.78 283.55 918.72 316.69 0.123704
3 470.44 283.77 583.46 372.91 0.122727
4 1281.36 364.67 1323.84 392.80 0.122532
3 126.96 16.04 174.72 75.79 0.122396
3 492.36 79.78 564.19 146.28 0.122206
4 1088.48 -0.01 1118.47 17.23 0.122166
4 1298.37 555.08 1399.79 669.01 0.121651
3 1214.60 746.22 1330.31 870.04 0.121592
3 1123.54 478.35 1177.63 533.66 0.121591
4 704.35 246.74 731.46 285.41 0.121404
3 166.32 539.24 190.27 561.43 0.121176
3 559.12 145.57 608.30 193.36 0.121032
3 231.85 329.79 282.43 365.35 0.120727
3 681.68 71.07 998.50 307.77 0.120439
3 368.29 186.68 1394.14 897.66 0.119381
4 424.09 16.10 442.43 34.50 0.117700
4 889.99 29.75 922.74 50.83 0.117185
4 1179.94 718.00 1285.76 849.67 0.117159
4 886.56 280.70 922.74 302.08 0.116448
3 0.03 552.12 29.40 597.13 0.115972
4 1077.36 451.93 1113.53 496.62 0.115848
4 1304.08 368.37 1323.68 392.63 0.115639
4 470.74 283.73 583.51 374.45 0.114678
3 1349.99 274.45 1398.88 317.99 0.112977
3 841.08 273.11 862.02 290.70 0.111642
3 560.58 112.82 684.09 208.53 0.111368
4 771.90 162.43 792.40 179.79 0.110884
4 770.88 282.18 798.56 316.28 0.110812
3 576.30 147.94 607.75 181.18 0.110662
4 865.91 553.90 1333.07 877.34 0.110583
4 1094.80 419.85 1116.79 436.12 0.110434
4 458.12 39.22 477.29 57.35 0.110153
3 979.07 597.44 1398.38 904.55 0.109948
4 1052.85 406.74 1072.63 420.42 0.109898
4 1337.06 228.11 1359.44 250.86 0.109770
4 371.98 203.63 404.20 232.90 0.109368
4 1231.27 299.64 1256.50 336.38 0.109308
4 802.04 177.23 823.77 187.84 0.109280
4 255.45 345.91 287.65 365.61 0.109255
4 744.12 277.74 775.32 308.62 0.108606
4 984.53 228.14 997.39 240.63 0.108355
3 696.59 209.85 729.85 239.16 0.108016
3 886.17 279.62 925.83 316.88 0.107876
4 573.66 117.73 650.27 207.22 0.107641
4 676.48 213.43 696.55 230.31 0.107368
4 493.62 99.89 542.33 131.75 0.106960
4 352.15 2.23 377.57 26.34 0.106715
3 1123.00 488.63 1166.15 533.38 0.106692
3 1180.65 717.19 1284.77 848.14 0.105756
4 1346.08 404.22 1374.66 422.41 0.104884
3 106.28 31.12 1394.46 909.99 0.104629
3 1125.14 491.38 1160.41 532.09 0.104402
4 677.79 206.83 732.55 235.56 0.103759
3 742.93 277.23 772.79 308.33 0.103448
3 153.49 56.61 1391.74 935.58 0.103298
3 718.30 0.65 752.25 70.81 0.102978
4 1065.81 440.61 1101.97 470.41 0.102418
4 1156.28 292.55 1175.44 312.27 0.102165
4 493.37 100.03 541.11 140.07 0.102090
3 1076.70 439.67 1122.95 497.33 0.101757
4 1307.91 510.28 1399.34 572.36 0.101713
4 792.19 236.50 821.52 260.67 0.101622
3 457.49 37.26 504.47 66.30 0.101202
3 559.27 116.22 648.95 206.98 0.100863
4 893.98 296.27 916.65 318.36 0.100378
4 744.61 275.37 826.98 327.90 0.099933
3 1303.77 368.35 1323.72 392.78 0.099537
4 1094.76 410.21 1122.53 436.16 0.099077
4 662.51 159.44 680.27 179.00 0.098988
4 604.63 116.00 651.68 156.72 0.098054
4 873.69 272.00 887.05 289.05 0.097074
3 1348.18 534.36 1399.04 572.06 0.096969
4 538.97 90.19 565.68 111.50 0.096809
4 1317.33 567.44 1399.70 653.85 0.096740
4 947.88 256.22 977.44 282.46 0.096732
4 1179.77 391.38 1227.71 424.78 0.096727
3 1117.22 489.08 1157.43 533.18 0.096699
4 313.51 209.50 366.02 254.23 0.096291
4 1348.90 533.57 1399.05 571.20 0.096019
4 915.28 330.14 974.42 371.55 0.094217
4 385.06 13.08 404.85 31.33 0.093661
3 348.85 1.21 403.43 33.86 0.093392
3 0.33 267.97 53.79 342.47 0.093337
4 366.94 184.96 1389.54 899.38 0.092873
4 51.65 214.22 131.86 289.01 0.092723
3 604.23 114.87 651.46 157.61 0.092694
4 516.73 78.29 565.43 111.72 0.092654
4 1292.81 154.40 1323.63 182.22 0.092433
3 1116.08 326.98 1148.81 350.22 0.092033
3 347.50 0.39 509.02 70.91 0.091752
4 1179.07 392.09 1269.51 454.04 0.091123
3 178.70 54.88 620.81 412.84 0.090706
4 1117.65 478.63 1176.94 531.60 0.090581
3 244.52 807.53 311.13 863.02 0.090545
4 1189.35 477.19 1255.46 520.04 0.090425
4 1179.83 392.57 1218.50 414.93 0.090364
3 732.29 253.34 755.47 280.62 0.090120
4 561.19 116.42 650.45 206.44 0.089816
4 697.76 222.26 713.00 239.32 0.089644
3 1189.17 466.83 1397.40 572.52 0.089006
4 1153.57 479.71 1177.30 505.38 0.088933
4 716.60 293.64 740.83 335.05 0.088864
3 1190.49 743.91 1284.68 849.49 0.088656
4 738.28 226.40 772.62 254.07 0.088572
3 885.95 279.76 927.68 318.85 0.088503
4 1107.82 434.92 1141.47 455.25 0.088494
4 1340.37 480.60 1399.57 525.80 0.088201
4 802.59 288.77 821.48 304.35 0.088112
3 470.47 283.63 618.58 409.27 0.087461
4 1299.09 548.33 1332.48 590.01 0.087316
4 577.56 148.57 607.38 178.05 0.087140
4 719.46 0.64 751.45 70.69 0.086847
4 1117.69 487.86 1141.74 515.97 0.086422
4 37.77 101.76 63.10 130.72 0.086106
4 1189.18 476.37 1325.78 554.99 0.086095
3 570.55 136.49 625.91 205.75 0.086085
4 506.19 111.67 537.03 146.82 0.086055
4 343.01 2.76 380.85 36.22 0.085814
3 13.46 573.20 129.29 746.09 0.085472
4 1200.56 47.22 1216.53 71.43 0.085063
3 643.99 224.57 685.82 263.06 0.084684
3 737.61 225.22 774.21 254.03 0.084628
4 1126.13 441.75 1142.53 455.08 0.084603
4 1237.29 506.37 1272.43 540.54 0.084135
3 1116.48 100.19 1300.32 263.28 0.084067
4 342.79 18.65 360.07 36.82 0.083415
4 893.36 291.32 932.23 323.59 0.083292
4 1146.37 510.81 1182.94 546.45 0.083078
4 492.22 77.92 563.75 147.87 0.083075
4 885.67 278.87 922.28 302.87 0.082850
4 1188.71 476.81 1212.09 503.42 0.082482
3 1345.84 404.41 1373.81 422.37 0.082383
4 971.82 267.00 994.19 284.04 0.082053
4 303.72 559.39 369.13 619.51 0.081672
4 700.51 208.50 728.65 227.69 0.081594
4 1092.22 439.76 1107.45 455.26 0.081586
4 594.43 -0.09 621.78 13.13 0.081562
4 831.37 529.53 1395.39 907.48 0.081467
4 1190.26 466.44 1397.88 573.49 0.081429
3 493.33 99.28 541.51 132.31 0.081216
3 1124.04 689.60 1398.94 904.36 0.081117
4 578.75 141.97 608.00 174.34 0.081011
3 1179.63 391.20 1225.94 421.83 0.080969
4 1174.54 471.03 1206.06 502.54 0.080955
4 939.79 -0.05 987.49 10.15 0.080763
4 135.94 14.23 164.27 42.98 0.080336
4 648.92 151.19 682.02 178.70 0.079867
4 576.95 173.82 603.01 202.55 0.079844
4 470.32 281.83 619.09 409.55 0.079580
4 552.20 90.39 566.25 105.35 0.079505
3 1238.84 506.86 1323.01 555.25 0.079416
4 1124.64 690.59 1285.49 853.99 0.079317
3 1231.23 298.85 1256.30 335.98 0.079313
4 1147.80 422.06 1236.75 475.60 0.078550
4 232.30 330.55 259.95 360.12 0.078531
3 885.92 277.82 922.97 302.15 0.078079
4 1123.77 489.64 1162.09 532.72 0.078047
4 372.38 5.85 394.71 27.84 0.078021
3 0.70 214.24 131.36 343.42 0.077938
4 1213.38 464.95 1398.39 571.13 0.077896
3 886.01 280.69 921.78 317.22 0.077687
3 1179.19 391.21 1267.52 452.87 0.077678
3 1005.72 36.84 1027.99 70.22 0.077605
4 697.19 210.49 728.21 240.44 0.077552
4 1148.66 423.12 1179.22 442.09 0.077230
3 1076.53 428.84 1123.65 497.72 0.077215
4 961.59 431.35 1001.48 471.31 0.077131
4 676.73 209.26 706.11 232.11 0.077033
3 1052.22 429.75 1102.20 469.16 0.077004
4 1066.27 449.85 1085.41 469.99 0.076787
3 576.83 148.58 607.53 178.85 0.076709
4 743.05 277.15 773.55 308.21 0.076655
4 1280.46 363.69 1302.22 383.36 0.076650
4 1347.24 266.35 1363.28 282.36 0.076103
4 1081.70 372.91 1106.08 395.46 0.075963
4 695.97 208.99 729.08 239.05 0.075601
4 147.10 18.13 163.56 41.72 0.075600
4 1304.82 505.67 1398.05 571.58 0.075435
3 1146.26 510.80 1182.71 546.47 0.075264
3 886.24 276.95 924.24 313.30 0.075196
3 677.44 204.48 732.02 238.78 0.075090
4 478.10 48.71 503.18 65.59 0.074916
3 2.41 557.58 85.27 619.71 0.074713
3 1155.83 291.47 1196.19 316.37 0.074335
4 1066.95 438.20 1123.04 472.32 0.074125
4 1310.51 511.32 1351.03 532.52 0.073945
4 166.13 538.91 212.63 566.85 0.073881
3 1005.32 0.11 1050.92 70.56 0.073836
4 1280.85 363.45 1324.40 393.41 0.073539
3 1179.14 390.58 1350.13 495.84 0.073299
3 973.33 315.35 1047.68 360.80 0.072797
4 458.90 0.10 480.48 6.04 0.072788
3 1188.83 476.48 1255.12 523.03 0.072758
4 894.58 65.87 908.32 80.07 0.072574
4 457.98 37.85 503.71 66.01 0.072573
3 327.47 149.15 350.13 169.79 0.072337
4 1346.28 802.85 1399.63 853.05 0.072171
4 1230.67 466.24 1266.96 493.47 0.072116
3 61.01 573.42 128.09 659.78 0.071940
3 408.03 236.98 618.87 411.09 0.071755
4 1179.85 717.49 1330.00 870.91 0.071748
3 903.26 68.03 977.05 95.91 0.071649
3 37.59 102.03 63.17 130.61 0.071507
4 1051.25 431.38 1077.28 462.92 0.071493
4 1267.65 291.83 1299.23 312.83 0.071266
4 179.56 55.49 622.70 414.03 0.071078
4 1005.58 580.28 1049.45 604.37 0.071008
3 695.63 209.72 728.55 240.00 0.070109
4 822.99 527.93 1398.23 964.39 0.070017
3 1346.73 405.02 1372.44 422.17 0.069645
4 938.21 -0.00 961.98 9.17 0.069576
3 1155.33 287.22 1194.19 316.23 0.069575
3 677.39 205.40 730.15 238.05 0.069509
3 1213.32 464.72 1398.14 571.53 0.069415
3 1280.56 363.94 1324.61 393.57 0.069323
4 515.95 78.44 564.60 124.91 0.069311
4 1317.78 552.17 1399.72 655.63 0.069304
3 64.75 10.26 175.50 78.02 0.069251
4 445.66 206.65 467.21 237.54 0.069200
4 867.46 27.71 883.50 50.66 0.069183
3 1117.70 487.36 1140.73 515.83 0.069109
3 1230.41 298.59 1257.14 336.56 0.069033
3 165.87 538.70 209.18 566.19 0.068984
4 1220.98 312.34 1235.29 331.14 0.068786
4 964.32 266.89 977.23 281.27 0.068505
3 677.86 190.06 732.37 238.26 0.068385
4 493.58 110.06 521.63 129.97 0.068121
4 791.62 39.38 812.72 55.99 0.067846
3 5.39 298.93 51.53 339.20 0.067785
3 1180.13 391.60 1223.72 420.34 0.067780
4 1092.14 435.02 1123.75 459.96 0.067707
4 1103.05 434.07 1124.77 458.62 0.067660
4 679.30 191.11 729.92 228.89 0.067558
3 603.58 113.99 685.68 165.44 0.067489
3 408.78 235.47 509.28 330.20 0.067211
3 38.76 102.21 63.10 128.14 0.067050
3 980.11 602.17 1100.85 724.39 0.066908
4 423.07 15.27 465.75 41.47 0.066647
4 1091.87 0.07 1118.51 16.95 0.066583
3 1236.96 505.13 1332.89 587.13 0.066516
3 885.64 278.10 922.40 304.43 0.066468
4 61.80 573.90 129.30 656.47 0.066412
4 668.55 451.08 694.84 481.70 0.066297
3 1179.16 717.85 1330.21 870.85 0.066174
3 885.32 278.84 922.75 308.37 0.066119
3 893.40 296.03 915.42 317.74 0.066060
4 1005.01 -0.16 1050.28 70.44 0.065955
4 974.30 317.59 999.40 337.41 0.065387
4 986.73 108.77 1004.33 130.59 0.065360
4 327.15 217.51 366.05 253.93 0.065133
4 232.06 329.66 281.44 365.89 0.065080
4 1212.35 413.96 1269.12 453.70 0.065060
3 704.98 264.60 730.71 285.28 0.064894
4 771.18 282.29 796.47 312.89 0.064781
4 492.83 97.73 541.55 147.15 0.064759
4 677.43 205.30 729.90 236.53 0.064610
4 1388.67 680.51 1399.91 700.57 0.064525
4 409.41 236.02 510.97 331.98 0.064500
4 1124.42 688.93 1398.62 904.58 0.064436
4 917.59 299.80 933.19 323.18 0.064400
3 402.32 8.46 506.39 62.55 0.063950
4 256.12 347.35 275.65 364.47 0.063932
4 464.95 95.11 493.04 121.58 0.063833
4 1178.47 392.14 1350.93 497.16 0.063805
3 817.57 57.51 857.40 148.13 0.063616
3 303.50 559.42 369.33 619.15 0.063535
4 14.55 574.06 130.70 750.74 0.063497
4 973.56 315.10 1046.68 359.78 0.063453
3 464.70 94.02 492.87 121.75 0.063422
4 442.51 501.55 463.87 521.04 0.063145
3 384.86 13.50 404.43 31.21 0.062888
3 1132.96 479.26 1178.15 524.91 0.062733
4 604.42 115.03 685.63 162.70 0.062674
3 1349.61 552.80 1399.44 602.05 0.062393
3 231.90 329.98 260.50 360.28 0.062346
3 790.40 235.81 821.15 260.95 0.062342
4 899.75 292.63 924.68 316.89 0.062314
4 312.45 224.04 339.51 252.06 0.062291
3 445.31 205.77 467.77 237.30 0.062283
3 842.06 273.60 862.17 291.14 0.062142
4 569.86 307.81 595.89 334.67 0.062100
4 241.88 770.59 311.94 863.32 0.062082
3 820.71 939.10 940.92 1025.20 0.061963
4 1179.33 391.04 1266.98 451.71 0.061926
3 64.48 573.63 128.34 656.41 0.061890
3 1280.14 363.74 1301.95 383.67 0.061832
4 1223.21 466.09 1350.70 532.72 0.061804
4 1148.98 463.16 1200.33 502.82 0.061731
4 449.30 29.98 468.74 42.65 0.061705
3 515.50 78.13 565.26 119.82 0.061455
4 640.85 -0.03 659.50 5.12 0.061364
4 1188.89 476.76 1255.97 523.02 0.061348
3 700.14 208.60 729.05 228.38 0.061239
3 45.89 56.30 1389.88 941.89 0.061126
4 1005.78 581.11 1027.01 602.98 0.061025
4 885.85 279.94 932.77 322.99 0.060890
3 477.39 48.90 503.58 65.79 0.060797
3 504.61 112.77 532.80 146.13 0.060435
4 1237.45 506.90 1330.83 587.67 0.060383
4 1147.02 478.93 1177.20 524.99 0.060334
4 1166.25 1.17 1217.24 37.85 0.060236
4 732.16 0.69 751.28 42.31 0.059706
4 839.04 57.47 851.48 73.03 0.059652
4 548.41 426.13 588.82 458.69 0.059559
4 519.18 101.30 543.15 123.80 0.059533
3 987.35 622.27 1040.36 684.50 0.059438
3 1294.16 558.91 1346.90 621.28 0.059367
3 630.30 902.95 666.17 953.90 0.059357
3 385.40 12.29 404.53 31.32 0.059217
4 1345.98 802.35 1399.16 848.49 0.059207
4 781.49 239.96 796.11 252.83 0.058943
4 975.88 584.09 1396.67 908.93 0.058841
4 403.61 12.06 424.52 31.93 0.058831
3 1347.92 534.80 1399.60 576.43 0.058827
4 653.49 228.33 667.42 244.84 0.058690
3 1145.28 421.59 1397.74 570.10 0.058445
3 678.54 189.31 735.75 234.21 0.058398
3 915.39 332.61 974.13 372.54 0.058256
4 310.83 189.74 370.46 253.70 0.058127
3 744.16 277.44 774.12 308.64 0.057906
4 986.04 89.36 1008.77 131.16 0.057790
3 1091.47 437.10 1122.86 460.18 0.057503
4 774.23 282.44 797.47 303.15 0.057502
4 1065.80 430.32 1080.25 443.66 0.057414
4 811.31 241.02 821.43 253.81 0.057090
4 1053.61 429.91 1101.67 469.49 0.056960
3 492.65 80.79 565.08 134.67 0.056739
3 1178.86 716.99 1244.59 832.33 0.056616
4 19.78 310.53 49.74 338.12 0.056581
3 1294.33 564.92 1328.33 620.69 0.056550
4 710.59 505.89 740.74 523.48 0.056522
4 1021.87 -0.01 1116.50 32.17 0.056428
4 385.17 193.29 408.61 220.40 0.056358
4 961.97 407.71 1009.96 472.03 0.056239
3 539.87 88.96 565.67 111.99 0.056238
4 199.98 605.03 268.90 635.52 0.056160
3 1188.78 476.98 1272.06 537.93 0.055995
4 853.82 25.28 885.20 77.91 0.055930
4 480.03 94.01 494.15 108.18 0.055919
3 688.03 272.31 826.43 336.45 0.055834
4 932.72 -0.08 963.14 9.42 0.055674
4 -0.02 551.98 69.67 617.03 0.055647
3 961.02 429.43 1003.45 471.21 0.055434
3 1174.45 475.83 1193.48 502.91 0.055228
3 104.29 14.26 290.77 149.84 0.055176
4 111.34 67.39 1357.02 922.33 0.055091
3 696.88 220.39 713.70 239.59 0.055034
4 493.39 101.68 520.76 128.13 0.054978
4 986.47 625.72 1040.08 686.24 0.054930
4 338.70 584.30 367.71 618.26 0.054840
3 338.31 585.49 391.38 635.83 0.054818
4 566.08 113.26 685.74 206.46 0.054788
3 679.03 190.72 697.64 211.22 0.054753
4 744.30 286.27 761.85 307.59 0.054654
4 965.96 223.57 988.13 240.85 0.054651
4 404.33 9.63 442.76 34.12 0.054648
3 1152.65 478.43 1177.73 505.47 0.054617
4 480.68 70.59 495.75 83.23 0.054569
4 831.57 254.29 839.83 267.17 0.054274
4 970.54 266.75 997.67 300.60 0.054254
4 678.61 190.93 697.13 210.44 0.053942
3 22.03 136.08 1394.33 1037.72 0.053912
3 1143.99 478.52 1177.54 523.61 0.053840
4 1224.41 463.53 1267.81 498.25 0.053823
4 37.78 112.79 51.88 130.47 0.053798
3 1294.58 549.15 1339.42 620.32 0.053717
4 423.33 14.90 443.30 34.56 0.053468
4 692.31 403.91 732.00 437.85 0.053212
4 611.61 134.61 626.90 153.22 0.053173
4 984.95 91.81 1008.01 130.95 0.053155
3 1280.69 363.98 1302.79 383.29 0.053109
4 342.64 12.10 367.09 35.63 0.053064
3 1335.27 490.40 1399.02 563.83 0.052985
3 962.07 431.16 1001.28 471.29 0.052892
4 1376.08 548.50 1399.97 575.21 0.052813
4 776.97 461.95 793.04 473.79 0.052717
4 751.54 12.43 776.07 31.45 0.052650
3 960.98 412.05 1010.88 471.85 0.052643
3 7.44 303.18 51.20 339.02 0.052615
4 536.71 94.08 562.96 125.03 0.052469
3 19.78 563.96 84.69 617.92 0.052439
4 1296.99 410.07 1308.87 420.09 0.052388
3 576.73 171.60 603.30 204.28 0.052372
4 491.43 78.00 565.16 135.17 0.052311
4 610.13 134.31 627.42 154.87 0.052182
4 1124.91 719.29 1179.50 784.91 0.052116
4 1295.01 550.47 1335.24 618.34 0.052097
4 818.91 469.20 835.70 487.52 0.051944
4 821.01 938.58 941.54 1024.82 0.051866
3 678.99 194.74 930.99 312.06 0.051715
4 321.52 233.98 339.70 251.63 0.051345
4 778.96 94.98 792.15 106.87 0.051148
4 553.76 89.95 565.91 100.46 0.051068
3 891.17 0.38 926.11 50.57 0.051056
3 342.79 3.50 373.94 35.51 0.051054
3 1053.68 427.27 1122.17 474.93 0.051015
4 801.58 176.00 822.52 188.23 0.050981
4 1148.04 457.21 1168.79 478.79 0.050944
3 372.50 194.99 735.53 491.00 0.050931
3 1216.99 464.52 1350.87 533.98 0.050879
4 1311.32 228.13 1362.72 281.82 0.050802
3 307.34 561.60 371.59 619.46 0.050622
4 1333.95 562.75 1354.61 581.10 0.050608
4 1298.02 548.95 1333.80 588.90 0.050541
4 839.19 255.88 872.82 290.90 0.050536
3 914.23 299.32 932.18 326.53 0.050492
3 139.22 15.09 164.63 43.06 0.050491
3 576.98 141.65 626.82 205.49 0.050451
4 327.62 148.61 350.56 170.09 0.050297
3 736.46 204.77 783.08 253.73 0.050141
3 1121.99 294.29 1399.09 581.52 0.050126
4 831.37 186.09 852.90 203.12 0.050110
4 607.62 134.27 629.07 166.12 0.050047
4 1270.61 486.48 1350.52 533.52 0.050039
4 737.43 226.31 774.19 253.42 0.049984
3 703.50 245.35 732.15 285.44 0.049761
4 253.78 334.73 276.62 364.16 0.049728
3 1298.01 570.78 1361.56 668.29 0.049703
4 946.96 257.63 978.11 283.65 0.049605
4 1163.42 464.73 1182.24 479.55 0.049542
3 1005.78 580.69 1027.22 602.93 0.049534
3 1146.84 421.79 1231.89 477.03 0.049493
3 565.65 115.63 650.21 206.28 0.049441
3 986.24 620.61 1400.64 904.78 0.049416
4 1156.00 291.86 1175.67 313.70 0.049304
4 1347.06 262.48 1372.35 282.69 0.049262
4 1325.38 228.01 1363.40 278.24 0.049205
4 1012.22 281.13 1076.19 314.62 0.049159
4 370.34 11.13 391.18 29.86 0.049008
4 1226.21 464.53 1273.22 499.15 0.048820
4 371.80 206.89 392.74 231.66 0.048789
3 1145.17 509.12 1182.01 546.59 0.048765
4 938.40 -0.09 988.03 9.66 0.048733
4 1276.08 446.62 1312.58 469.97 0.048706
3 1066.08 446.62 1086.51 470.35 0.048685
4 642.53 223.83 652.78 236.81 0.048673
4 1215.44 308.94 1237.26 335.16 0.048671
3 1223.44 463.40 1270.75 499.98 0.048538
4 600.74 114.56 685.56 180.87 0.048530
3 937.66 315.65 1119.66 436.92 0.048529
4 971.69 266.23 994.13 287.50 0.048517
3 1091.41 0.06 1118.30 16.35 0.048363
3 1053.16 426.75 1123.15 472.51 0.048344
4 868.87 27.01 881.19 39.92 0.048239
3 846.82 0.26 923.90 87.09 0.048221
3 505.84 113.11 534.14 147.07 0.048136
4 6.10 92.15 61.27 132.03 0.048114
3 1304.22 507.03 1396.41 570.23 0.048064
4 1214.20 464.04 1352.27 538.05 0.048060
3 1074.88 433.40 1123.58 497.87 0.047937
3 736.83 205.66 788.20 253.06 0.047763
3 1189.29 476.57 1259.69 527.77 0.047718
3 886.30 278.29 931.98 323.06 0.047644
4 1269.06 480.37 1349.75 534.09 0.047592
4 849.30 0.79 907.20 84.58 0.047476
3 1346.76 802.53 1399.23 849.70 0.047414
4 764.19 188.77 805.82 220.69 0.047402
4 724.98 406.23 743.32 433.56 0.047368
4 1336.34 227.28 1359.53 251.30 0.047302
4 698.26 188.36 745.55 224.33 0.047213
3 1282.19 478.99 1397.01 570.31 0.047208
4 862.93 201.14 879.14 213.89 0.047065
3 1051.21 430.36 1075.73 463.79 0.047047
3 841.43 272.05 862.48 291.29 0.047046
4 630.79 903.43 666.33 954.35 0.047033
3 1338.06 489.54 1398.87 534.79 0.046953
3 691.48 403.18 731.97 439.83 0.046863
3 678.87 190.34 697.14 210.37 0.046847
4 866.78 26.21 884.30 49.51 0.046786
4 790.56 236.91 821.28 260.54 0.046755
4 889.21 1.99 926.20 50.87 0.046716
3 515.78 77.89 565.53 115.71 0.046557
4 930.98 339.16 953.70 356.76 0.046384
4 403.93 10.44 421.52 25.17 0.046383
4 1346.34 920.41 1372.33 939.85 0.046352
3 1180.80 742.60 1230.74 800.33 0.046233
3 1029.10 629.28 1144.64 756.11 0.046174
3 1182.69 383.55 1349.95 495.02 0.046169
3 1237.66 504.22 1399.02 577.29 0.046085
3 1189.10 474.08 1399.03 577.16 0.046037
3 736.11 217.84 927.38 313.17 0.045937
3 1189.29 476.55 1326.18 561.22 0.045923
4 747.57 1.10 778.90 31.53 0.045910
4 165.52 538.17 207.00 565.82 0.045899
4 538.88 109.31 560.52 125.78 0.045862
3 891.64 288.40 932.95 333.23 0.045822
4 873.25 272.30 896.68 292.10 0.045798
4 642.88 223.22 667.07 244.62 0.045716
3 1188.20 475.92 1208.51 503.14 0.045307
3 408.95 235.80 583.96 374.50 0.045199
4 0.33 555.14 37.74 657.16 0.045182
4 449.12 139.03 472.03 159.28 0.045161
4 678.36 189.56 732.33 231.58 0.045146
3 973.76 314.61 1047.13 358.14 0.045142
4 328.87 560.19 394.63 635.43 0.045136
4 766.73 280.37 803.30 315.52 0.045087
4 800.79 288.03 821.25 304.53 0.045053
3 342.81 2.87 404.86 37.39 0.044987
4 1152.33 477.48 1177.79 505.20 0.044949
3 986.37 108.61 1004.17 130.89 0.044897
3 323.46 560.52 394.52 635.58 0.044847
3 973.28 315.83 1106.77 394.92 0.044811
4 1209.85 424.55 1225.00 440.80 0.044771
4 1050.39 734.25 1091.25 768.46 0.044707
4 1217.67 462.58 1280.91 507.09 0.044653
3 371.18 204.86 400.35 232.00 0.044612
3 337.46 178.80 1396.01 956.39 0.044605
4 1165.38 0.26 1251.05 39.57 0.044604
3 576.59 173.28 603.87 204.88 0.044593
3 876.63 568.05 940.88 636.24 0.044537
4 471.67 47.28 486.70 61.18 0.044503
4 1051.87 405.80 1073.00 422.04 0.044475
3 1118.85 487.70 1141.19 515.67 0.044442
3 892.79 294.84 915.46 318.23 0.044333
3 771.38 280.87 799.16 312.33 0.044301
3 785.91 286.73 825.51 325.93 0.044284
3 549.08 425.15 589.15 460.51 0.044260
3 1347.57 533.16 1397.70 571.30 0.044212
3 535.23 90.30 565.25 124.42 0.044173
4 1108.22 446.20 1122.80 458.69 0.044139
4 1336.93 228.66 1399.32 277.79 0.044079
3 638.02 508.68 689.01 614.00 0.044067
3 576.19 154.44 622.06 205.26 0.044039
3 850.33 1.19 904.82 85.32 0.044027
4 1272.08 477.05 1398.34 571.66 0.044012
4 808.44 241.06 822.04 259.29 0.043895
3 443.92 206.06 467.70 237.85 0.043870
3 1338.70 486.06 1398.69 532.68 0.043858
4 348.28 0.51 507.04 67.54 0.043838
4 706.06 221.86 738.70 248.90 0.043790
3 1046.66 629.31 1101.12 683.65 0.043670
4 1090.86 420.34 1124.94 458.59 0.043578
4 892.87 292.79 931.82 327.78 0.043540
4 884.84 279.85 900.42 294.31 0.043497
3 577.62 146.99 607.48 179.29 0.043493
4 1298.43 567.76 1361.31 668.39 0.043464
3 1091.82 433.21 1123.71 460.78 0.043435
4 876.16 77.74 906.59 100.43 0.043406
3 312.83 564.82 368.68 618.40 0.043313
3 1236.60 506.07 1272.19 540.52 0.043253
3 1051.74 429.53 1078.29 464.62 0.043249
4 541.94 305.20 591.49 338.26 0.043243
3 403.78 8.28 442.75 34.92 0.043217
4 1075.72 441.10 1096.73 457.41 0.043206
3 1227.19 464.88 1268.88 496.87 0.043147
3 -0.07 551.89 27.17 597.40 0.042947
4 771.85 161.75 791.59 178.89 0.042854
4 1144.71 509.14 1182.81 546.92 0.042835
4 961.22 413.93 1010.87 472.68 0.042817
4 650.89 132.23 685.12 161.10 0.042789
3 793.88 288.04 823.48 324.61 0.042725
3 676.77 202.37 730.06 239.15 0.042677
3 771.40 161.63 791.90 179.46 0.042659
4 1048.27 628.98 1101.77 685.39 0.042626
4 1144.22 478.14 1177.29 522.53 0.042625
3 563.54 146.70 605.84 190.79 0.042578
3 1252.79 583.87 1277.25 618.46 0.042507
3 1101.77 442.19 1123.00 459.64 0.042453
4 738.59 146.51 761.08 169.11 0.042439
3 1346.51 403.70 1373.54 422.71 0.042181
3 1027.35 629.54 1193.38 784.87 0.042108
3 971.44 265.91 995.16 296.16 0.042094
3 735.89 206.80 785.73 253.13 0.042085
4 760.18 276.47 776.79 291.17 0.041971
4 1118.48 486.52 1141.28 515.66 0.041955
4 1117.44 486.82 1155.15 531.98 0.041950
3 801.33 176.20 822.65 188.25 0.041945
3 1011.44 279.84 1148.67 350.11 0.041860
3 875.28 849.91 990.84 931.65 0.041858
4 1063.37 435.02 1122.53 470.38 0.041770
3 231.34 329.25 284.95 366.53 0.041725
4 169.53 757.32 212.29 786.33 0.041708
4 761.09 17.96 776.18 31.23 0.041670
3 342.40 11.77 366.66 36.01 0.041666
4 893.03 28.81 923.10 50.16 0.041639
4 1096.24 409.16 1122.76 435.73 0.041597
4 1385.79 415.36 1399.84 434.00 0.041512
4 695.74 64.70 716.61 82.23 0.041467
3 117.53 16.54 622.14 413.59 0.041419
4 400.82 7.82 506.58 63.98 0.041361
4 973.54 314.56 1106.63 395.17 0.041301
4 457.51 38.50 478.41 58.77 0.041276
4 1252.92 584.03 1277.77 617.79 0.041262
4 310.53 209.61 341.13 250.21 0.041235
3 1155.88 292.83 1177.64 314.89 0.041128
3 893.96 647.29 943.32 696.27 0.041074
3 345.43 1.81 705.93 178.79 0.041067
4 676.20 188.86 741.64 235.02 0.041054
3 886.59 283.30 917.34 317.74 0.041048
4 1181.03 751.28 1227.99 800.49 0.041006
4 1074.81 -0.18 1128.12 6.16 0.040966
4 254.78 345.13 285.73 365.83 0.040937
3 987.68 618.27 1040.98 687.05 0.040855
4 232.28 329.74 265.78 361.07 0.040847
4 1215.65 464.60 1350.11 532.43 0.040843
4 463.10 93.37 493.64 121.87 0.040843
3 669.27 432.26 715.06 483.73 0.040785
4 653.26 154.72 681.67 179.60 0.040748
3 565.24 306.45 595.49 336.86 0.040714
4 708.47 188.76 740.81 208.19 0.040683
3 1289.91 227.97 1360.63 289.34 0.040663
4 1304.97 508.02 1350.65 535.39 0.040602
4 926.53 304.99 1122.69 437.77 0.040539
4 893.91 301.71 906.84 317.78 0.040500
4 3.27 6.62 1397.27 1041.30 0.040431
3 418.09 10.54 505.93 63.84 0.040418
4 980.42 601.57 1101.31 725.57 0.040391
3 769.34 280.90 821.44 324.03 0.040361
3 165.38 538.08 212.11 568.02 0.040176
3 254.64 345.33 286.57 365.91 0.040123
3 318.15 179.02 1398.38 1034.84 0.040106
4 746.29 442.37 763.12 454.18 0.040086
3 1180.27 390.66 1222.36 421.43 0.040055
4 834.66 501.15 849.70 509.86 0.040044
4 1188.65 477.05 1273.11 537.36 0.039958
3 1088.83 -0.12 1118.45 16.31 0.039928
4 385.06 193.02 407.30 213.95 0.039917
4 648.53 150.86 664.38 163.68 0.039885
3 743.09 285.11 762.24 307.89 0.039877
4 650.18 128.63 685.93 160.66 0.039815
3 1220.39 462.80 1276.27 506.24 0.039748
3 36.81 101.88 62.87 131.80 0.039707
4 274.37 211.07 338.92 252.33 0.039680
4 1096.11 417.67 1117.89 435.84 0.039675
4 397.56 3.59 507.00 62.77 0.039625
3 989.80 611.08 1043.62 685.34 0.039624
4 703.96 245.97 733.01 284.81 0.039573
3 668.97 448.95 696.05 481.41 0.039550
3 1103.43 438.99 1123.38 458.95 0.039537
4 620.85 154.07 639.90 170.12 0.039514
3 370.88 9.98 404.21 31.30 0.039505
4 694.87 185.55 743.36 223.72 0.039505
4 594.01 -0.25 659.97 12.14 0.039402
3 875.80 557.46 1320.54 891.45 0.039370
3 1308.18 509.24 1350.53 533.37 0.039364
4 1000.41 218.11 1022.46 234.19 0.039344
3 910.80 558.10 954.30 595.81 0.039326
4 423.27 497.04 441.29 515.47 0.039284
4 423.81 496.99 445.28 518.69 0.039267
3 457.22 37.77 477.14 58.11 0.039263
3 423.54 15.25 443.02 34.70 0.039197
3 1147.19 421.65 1226.06 475.66 0.039181
3 334.63 583.90 368.60 618.09 0.039017
3 1021.15 -0.07 1116.04 32.21 0.039013
3 658.68 156.87 681.41 179.89 0.039001
3 742.71 283.96 761.90 307.69 0.038962
3 1115.99 477.31 1181.13 535.96 0.038934
4 861.23 196.88 912.27 228.81 0.038887
3 683.14 186.46 932.94 316.03 0.038886
3 892.77 298.16 911.64 317.82 0.038839
3 494.02 103.92 522.30 129.64 0.038812
3 1096.55 409.10 1123.35 436.73 0.038786
4 692.30 67.58 720.10 100.35 0.038763
4 143.75 16.62 164.30 41.36 0.038743
3 939.21 0.04 987.13 9.91 0.038727
4 312.64 205.27 337.82 225.93 0.038723
3 1337.25 228.72 1397.77 278.50 0.038697
3 696.50 214.48 715.96 239.42 0.038665
4 1055.06 426.55 1123.46 471.56 0.038650
3 10.24 302.43 51.23 338.32 0.038584
4 594.93 -0.01 620.96 12.54 0.038561
4 804.18 60.21 821.02 73.41 0.038486
4 772.07 283.59 787.88 300.42 0.038353
4 818.12 72.80 855.79 127.09 0.038299
4 679.49 388.68 694.98 398.34 0.038298
4 1052.99 406.23 1117.15 437.97 0.038295
4 974.34 316.16 1002.22 338.17 0.038173
3 1345.57 404.32 1371.97 422.83 0.038154
4 989.65 67.23 1003.76 80.71 0.038084
3 850.48 0.58 1049.44 93.83 0.038071
4 1335.20 228.51 1399.40 318.18 0.038069
4 898.87 -0.24 994.27 10.54 0.037968
3 1091.77 425.58 1124.59 459.67 0.037965
3 1279.52 363.28 1373.55 422.27 0.037936
3 769.04 279.76 824.70 325.99 0.037907
3 1116.85 486.51 1158.99 533.59 0.037842
4 343.50 21.85 355.34 36.25 0.037826
4 477.85 50.69 505.72 78.06 0.037769
3 971.20 265.77 994.49 291.64 0.037710
3 11.75 0.77 175.75 78.14 0.037685
3 1004.73 579.91 1049.46 604.78 0.037652
4 1180.44 391.85 1218.30 415.98 0.037643
4 825.61 57.42 854.03 104.41 0.037613
3 1182.43 741.46 1329.12 869.74 0.037590
3 1376.35 546.74 1399.95 575.47 0.037485
3 1090.99 423.85 1125.44 459.68 0.037389
3 342.62 7.41 367.93 36.50 0.037269
3 1065.42 446.38 1085.51 470.40 0.037223
3 423.20 494.87 464.06 522.63 0.037171
3 983.32 91.01 1007.43 131.16 0.037125
3 800.24 288.34 821.11 304.78 0.037111
4 482.57 85.39 513.85 108.90 0.037094
4 823.24 533.56 881.32 607.27 0.037057
4 894.41 647.28 944.48 693.21 0.037020
3 1150.69 464.37 1202.40 504.17 0.036997
3 3.29 557.33 848.07 1047.41 0.036957
4 1065.21 446.03 1086.04 470.22 0.036944
3 931.92 -0.03 963.09 8.27 0.036886
4 710.70 245.19 729.54 260.46 0.036852
4 856.48 260.58 873.65 277.07 0.036812
3 936.52 -0.14 988.34 9.81 0.036741
4 1140.46 449.76 1153.37 461.32 0.036739
3 732.75 207.26 926.90 316.13 0.036616
4 1147.94 460.38 1203.45 503.29 0.036599
3 731.11 0.32 750.91 41.76 0.036576
4 966.88 222.88 997.03 243.06 0.036572
3 970.31 265.74 997.66 298.62 0.036554
4 972.83 314.26 1112.43 406.41 0.036498
4 1388.29 679.81 1399.72 701.15 0.036459
4 922.11 63.70 934.70 76.71 0.036454
4 886.15 30.11 924.90 80.32 0.036446
4 1251.49 529.47 1268.25 542.53 0.036440
3 1323.59 802.12 1399.52 974.95 0.036425
4 1356.67 246.10 1397.82 276.34 0.036392
4 1148.72 421.97 1177.52 443.54 0.036381
3 145.05 17.27 164.24 41.87 0.036380
4 1051.22 405.88 1113.06 437.71 0.036362
4 1086.03 660.43 1145.09 711.45 0.036358
3 981.32 89.56 1007.43 131.44 0.036276
3 310.22 193.18 367.47 254.00 0.036276
3 0.29 551.92 34.27 668.92 0.036260
3 491.15 80.37 632.28 207.23 0.036187
4 1127.03 519.71 1141.51 533.45 0.036165
3 895.04 647.07 943.07 693.11 0.036142
4 1105.28 432.87 1142.95 457.86 0.036122
4 1064.70 629.10 1102.04 683.89 0.036113
4 1027.02 628.66 1194.19 785.34 0.036084
4 885.16 277.05 937.53 303.63 0.036063
4 1082.58 372.84 1105.56 394.58 0.036059
3 1254.92 583.69 1278.05 617.71 0.036059
4 765.43 190.04 790.36 211.41 0.035929
3 516.44 77.90 534.30 95.33 0.035883
4 731.91 217.99 930.47 317.59 0.035835
3 886.38 276.69 923.30 299.32 0.035817
3 876.32 571.76 934.41 637.02 0.035805
4 887.58 977.83 940.09 1023.45 0.035796
4 1227.37 463.93 1272.23 500.60 0.035791
4 550.19 89.60 565.99 106.82 0.035733
4 1353.85 535.76 1397.52 557.10 0.035697
3 971.05 266.36 996.05 303.65 0.035673
4 635.69 -0.22 701.40 5.54 0.035605
3 491.98 83.44 565.42 147.25 0.035604
3 1298.75 548.39 1333.37 589.25 0.035593
4 710.40 507.00 723.98 521.41 0.035586
3 675.93 208.95 698.60 231.97 0.035570
4 875.68 69.86 907.66 100.00 0.035566
4 1224.80 465.41 1291.08 508.41 0.035546
4 1054.58 629.43 1101.95 685.63 0.035501
3 1011.85 280.00 1075.32 314.28 0.035480
3 1117.53 487.34 1154.25 532.89 0.035479
4 737.35 206.73 788.75 252.94 0.035384
3 735.11 143.61 914.57 232.01 0.035356
3 349.12 2.85 372.98 30.88 0.035271
3 1063.94 629.93 1101.40 682.58 0.035258
4 1088.78 0.27 1179.18 30.62 0.035244
4 818.72 75.21 839.49 108.51 0.035237
4 1236.56 746.40 1285.29 794.97 0.035220
4 962.34 -0.09 995.79 8.31 0.035187
3 697.66 221.16 713.73 239.24 0.035154
3 1356.61 241.96 1397.15 276.22 0.035084
4 577.98 133.38 625.18 176.10 0.035053
4 544.23 0.29 594.46 25.30 0.035050
4 910.39 558.56 955.25 597.12 0.034995
4 1179.55 717.80 1245.21 840.30 0.034972
3 1293.94 486.92 1397.74 571.02 0.034956
4 926.98 282.92 942.73 301.06 0.034922
3 694.15 0.21 752.18 84.93 0.034911
4 371.13 195.04 407.53 231.98 0.034897
4 496.65 99.81 539.90 128.61 0.034891
3 1294.35 561.95 1334.41 619.42 0.034891
4 902.83 68.45 978.55 95.57 0.034852
3 232.20 330.24 262.12 360.76 0.034850
4 797.91 239.82 863.70 291.19 0.034734
4 310.59 201.53 366.40 253.78 0.034680
3 910.67 298.73 932.42 332.44 0.034640
4 0.34 953.57 90.66 1049.63 0.034558
4 912.55 311.35 924.15 329.00 0.034468
4 696.88 212.26 717.40 239.14 0.034468
4 828.25 77.40 847.12 104.89 0.034383
4 871.07 -0.21 914.26 5.74 0.034382
3 385.43 14.49 404.77 30.93 0.034299
3 1103.22 441.16 1123.41 459.80 0.034211
4 697.51 221.39 714.37 239.63 0.034191
4 550.28 424.54 623.51 460.21 0.034176
3 946.19 256.03 978.83 285.86 0.034152
3 479.03 59.04 563.65 147.28 0.034106
3 688.45 250.86 827.59 338.69 0.034089
4 1006.54 602.29 1052.91 643.73 0.033959
3 924.01 333.01 974.09 371.44 0.033948
3 1066.91 629.73 1102.00 683.65 0.033832
3 817.75 70.35 992.95 187.29 0.033661
3 912.32 325.01 974.32 372.19 0.033614
4 -0.08 -0.25 23.39 9.98 0.033589
3 1095.91 409.92 1122.43 435.85 0.033576
3 1299.37 547.51 1334.82 590.27 0.033544
3 643.00 223.34 667.79 245.22 0.033471
4 2.45 561.11 85.72 619.44 0.033462
3 548.00 424.72 587.72 458.53 0.033401
3 1335.88 227.45 1359.54 252.12 0.033356
3 338.16 839.09 467.08 964.45 0.033350
4 589.78 141.95 605.71 157.45 0.033349
3 1149.42 461.37 1199.26 503.69 0.033343
3 423.65 497.25 446.74 518.70 0.033340
3 1062.86 435.58 1122.33 469.26 0.033272
4 101.69 44.24 120.21 62.17 0.033258
4 368.92 749.71 418.95 778.39 0.033239
3 675.56 203.16 933.08 319.37 0.033217
4 1389.68 648.32 1399.99 703.14 0.033192
3 1387.44 679.91 1399.76 702.56 0.033160
4 0.55 552.45 51.79 624.42 0.033125
3 347.71 0.96 1007.05 315.65 0.033105
3 675.80 210.10 696.45 231.39 0.033011
4 743.47 274.85 798.63 311.34 0.033011
3 1097.33 418.56 1117.96 436.38 0.033005
3 803.38 238.91 821.73 259.73 0.032883
4 1146.87 532.36 1164.76 546.39 0.032813
4 669.17 448.19 697.29 481.65 0.032805
3 1149.63 463.03 1196.80 503.39 0.032746
3 642.81 223.16 666.42 244.87 0.032739
3 1386.56 680.25 1399.80 702.78 0.032712
4 323.98 222.55 366.47 254.91 0.032702
3 800.69 174.65 913.12 230.44 0.032699
3 477.84 49.75 502.20 65.07 0.032688
4 1302.57 367.73 1376.80 422.78 0.032640
4 472.81 286.23 539.59 352.37 0.032634
4 821.15 939.08 870.82 1005.67 0.032603
3 346.15 0.36 567.01 120.23 0.032593
3 1076.00 443.04 1181.20 532.84 0.032558
3 680.00 4.85 1006.56 314.31 0.032538
4 89.49 29.25 120.64 63.33 0.032525
3 1220.14 460.78 1350.37 532.46 0.032500
3 771.85 281.14 801.05 313.86 0.032494
3 649.68 154.24 681.69 180.04 0.032366
3 403.57 10.72 422.67 30.74 0.032318
3 1292.62 153.42 1323.38 181.43 0.032289
3 367.96 5.10 404.45 31.05 0.032277
4 955.66 266.15 978.29 298.89 0.032232
4 64.76 28.33 118.94 66.33 0.032222
4 742.64 285.90 761.92 307.52 0.032191
3 647.97 130.39 685.46 162.18 0.032190
3 371.14 205.38 397.27 232.07 0.032140
3 771.42 282.72 797.74 314.76 0.032114
4 1004.44 579.86 1028.55 602.60 0.032113
3 309.53 213.55 340.16 252.17 0.032077
3 1307.73 507.65 1398.58 572.27 0.032076
4 668.96 397.89 1393.32 910.09 0.032048
4 808.97 334.28 832.40 356.76 0.031945
3 302.53 497.62 464.38 637.00 0.031918
4 938.74 318.12 973.65 344.47 0.031882
3 549.31 89.60 565.60 109.32 0.031875
3 803.87 244.80 863.28 291.66 0.031867
4 1053.56 424.48 1127.94 498.54 0.031865
4 794.75 561.07 832.14 603.39 0.031829
4 1188.33 475.81 1210.74 504.12 0.031792
4 1320.91 618.85 1360.49 648.57 0.031772
3 650.52 124.88 685.30 161.72 0.031748
3 593.98 -0.07 621.38 12.49 0.031739
3 817.64 74.86 856.63 148.31 0.031695
3 973.78 315.96 1023.37 344.38 0.031690
3 137.42 14.76 165.44 43.61 0.031688
3 1235.09 746.47 1284.79 795.51 0.031660
4 652.55 227.05 668.32 244.82 0.031655
3 339.61 589.59 390.21 635.55 0.031579
4 466.37 259.71 513.60 293.58 0.031549
4 662.76 164.57 673.35 178.34 0.031546
3 594.44 -0.00 620.76 11.83 0.031523
3 1183.17 370.07 1397.80 496.14 0.031519
3 1173.28 472.40 1201.29 502.80 0.031519
4 1219.66 234.85 1328.36 310.81 0.031518
4 885.68 255.06 978.72 304.29 0.031495
4 974.59 316.94 1023.79 349.99 0.031478
3 364.98 5.69 392.41 31.01 0.031444
4 895.82 0.68 926.61 49.82 0.031442
3 505.68 116.30 533.76 147.11 0.031395
3 51.99 604.72 846.99 1047.83 0.031341
4 1148.97 499.20 1169.29 524.62 0.031340
3 493.58 826.52 607.80 952.38 0.031340
3 914.65 299.36 931.93 323.47 0.031337
4 914.67 299.19 932.67 323.94 0.031318
3 1271.67 472.30 1395.60 570.06 0.031312
4 1249.81 604.25 1272.69 618.91 0.031310
4 875.99 849.82 990.24 930.51 0.031285
4 1125.29 440.35 1142.85 456.11 0.031263
3 1224.31 466.14 1350.65 530.67 0.031261
3 1188.14 475.82 1209.94 503.97 0.031242
3 824.77 528.04 1397.56 1025.27 0.031157
3 952.50 204.01 1218.27 344.75 0.031076
3 765.96 158.85 914.59 231.89 0.031055
3 928.80 -0.04 991.14 9.83 0.031051
3 1051.65 406.06 1073.25 422.79 0.031014
4 870.57 37.26 880.44 50.27 0.030940
4 313.39 967.55 335.11 989.23 0.030920
4 864.58 529.84 901.66 560.62 0.030906
3 804.36 239.86 821.83 260.22 0.030897
3 1051.45 406.22 1111.75 438.74 0.030875
3 717.51 0.38 798.28 71.14 0.030869
4 1011.62 278.55 1074.50 314.00 0.030833
3 360.39 172.58 409.38 232.24 0.030813
4 464.10 93.00 492.90 108.66 0.030771
4 1173.99 476.79 1192.83 501.79 0.030737
3 1276.24 483.56 1350.18 533.52 0.030660
3 892.72 289.93 932.23 332.34 0.030576
4 676.15 212.21 696.58 230.65 0.030543
3 955.69 259.30 1152.23 349.53 0.030535
3 866.56 26.68 882.97 49.77 0.030508
4 801.07 175.79 913.61 231.11 0.030460
3 866.23 26.46 882.37 50.39 0.030435
4 916.42 -0.15 1000.36 10.16 0.030421
4 36.80 16.34 175.42 130.38 0.030350
3 989.74 620.49 1042.13 679.83 0.030344
3 867.53 27.63 881.79 50.47 0.030308
3 326.39 148.39 350.65 170.60 0.030298
4 421.03 17.74 504.56 62.57 0.030274
4 422.47 14.96 454.06 39.22 0.030243
4 971.01 266.72 995.80 300.76 0.030214
3 501.53 51.83 537.17 92.96 0.030200
3 323.66 219.77 365.96 254.81 0.030192
3 668.30 448.33 696.97 482.23 0.030143
3 1173.18 556.49 1203.45 588.00 0.030129
4 982.73 226.87 996.85 241.20 0.030116
4 870.86 27.06 886.20 45.42 0.030096
3 1360.43 483.18 1399.57 521.14 0.030095
4 0.39 575.18 30.26 689.67 0.030095
3 688.66 286.44 717.96 324.17 0.030086
4 676.18 451.33 693.06 473.84 0.030068
4 1166.23 0.86 1220.51 40.34 0.030009
