9 704.91 257.82 732.20 308.99 0.551086
3 211.76 5.58 666.51 785.54 0.485135
3 611.77 1.26 878.27 786.72 0.473703
9 981.19 361.16 1108.51 408.48 0.449445
9 979.30 359.64 1343.42 413.28 0.446617
9 1247.34 364.45 1342.92 412.02 0.443556
9 586.29 67.71 617.13 118.85 0.433885
9 625.39 67.48 640.64 92.54 0.412942
3 717.64 123.20 743.27 188.28 0.330406
9 718.80 123.87 742.48 187.85 0.328108
9 657.33 59.34 670.21 86.04 0.326639
9 657.11 44.10 672.12 86.65 0.323832
9 731.22 40.01 743.68 53.46 0.312069
9 706.67 67.72 720.09 82.92 0.310743
9 746.74 20.22 758.74 35.85 0.298371
9 719.18 152.23 742.00 187.50 0.296820
3 704.24 258.37 732.94 309.07 0.295086
3 784.01 451.26 1083.99 786.85 0.294361
9 753.30 117.19 767.08 134.55 0.290442
3 979.65 359.77 1343.39 413.33 0.285879
9 801.07 52.22 830.69 70.72 0.269138
3 585.39 67.15 617.23 119.20 0.266563
3 613.09 3.13 1397.47 786.53 0.263643
9 572.34 78.76 585.63 93.37 0.258156
3 980.61 360.44 1109.70 408.63 0.257343
3 180.09 2.39 1392.28 785.67 0.256097
3 612.86 3.59 1088.70 785.76 0.254922
9 707.66 121.06 721.24 141.07 0.254363
3 201.56 1.91 1094.44 786.44 0.250954
3 5.85 1.58 1394.45 785.47 0.243761
3 476.64 4.29 703.48 784.90 0.239220
3 477.67 39.10 655.60 785.81 0.219034
3 753.37 62.21 1091.99 786.16 0.218033
3 752.59 116.26 767.59 135.30 0.217397
3 624.55 66.46 641.47 92.54 0.212922
3 1247.86 363.91 1342.86 412.14 0.212190
3 2.01 0.56 443.05 519.07 0.200892
9 657.22 58.43 670.57 86.48 0.196292
3 379.09 191.52 866.63 262.43 0.193318
9 829.78 32.35 844.51 82.65 0.188962
3 705.90 66.67 720.75 83.98 0.188068
3 757.37 53.02 1398.43 527.21 0.187755
3 480.77 2.61 1084.17 786.33 0.182103
3 753.87 45.60 1398.43 786.36 0.180389
3 213.27 240.87 569.56 785.97 0.180280
3 706.39 119.99 721.78 141.82 0.179211
3 208.73 1.66 843.19 785.15 0.178019
9 378.86 192.31 866.94 263.36 0.176580
3 212.39 2.67 709.91 784.41 0.174761
9 1.08 0.13 442.94 507.03 0.171490
3 730.44 38.85 743.85 54.20 0.160285
3 800.36 51.43 830.16 71.28 0.158046
9 587.32 715.17 622.04 783.21 0.155665
3 611.43 301.21 873.26 784.95 0.153359
3 762.91 355.47 1399.07 527.49 0.151463
3 478.80 1.07 872.33 785.27 0.150937
3 212.31 63.92 586.80 783.36 0.149193
3 211.24 49.93 652.88 785.32 0.147035
3 718.54 151.83 742.70 187.57 0.145504
9 826.36 0.37 1398.74 372.76 0.142624
9 647.82 47.60 657.14 57.21 0.142037
3 762.72 371.04 1094.70 786.51 0.140906
9 659.70 43.83 671.66 55.20 0.135933
3 115.16 1.62 700.93 786.23 0.134606
9 628.66 55.67 656.95 119.33 0.132691
9 894.10 339.79 983.73 364.35 0.131362
3 1059.64 305.58 1328.40 780.24 0.129978
3 656.46 59.21 671.14 86.47 0.129770
3 807.85 0.85 1398.37 390.82 0.129034
9 591.23 749.13 621.07 781.98 0.128498
3 2.17 0.82 445.55 781.54 0.128412
9 561.87 69.08 586.00 93.41 0.128087
3 655.71 43.46 673.21 86.94 0.127943
9 829.24 31.66 844.82 81.38 0.125840
3 378.97 190.02 868.06 268.41 0.124344
9 561.97 252.86 574.63 268.70 0.123293
3 513.36 43.27 654.10 196.88 0.119118
9 1022.51 609.23 1139.56 787.10 0.118346
9 800.73 51.38 831.33 71.07 0.117537
9 706.31 67.07 720.40 83.54 0.116154
9 1023.70 610.70 1069.90 670.60 0.115662
9 656.04 43.20 673.33 86.62 0.114944
9 629.49 57.97 654.53 118.68 0.114901
9 586.83 58.88 599.98 70.37 0.114094
9 707.30 120.58 721.59 141.64 0.107856
3 1.02 397.42 199.08 785.57 0.105819
3 1021.00 305.92 1391.12 784.27 0.105587
3 588.91 559.55 649.68 784.17 0.105290
9 602.80 311.57 621.69 391.18 0.104908
9 571.55 78.04 585.33 94.05 0.103393
9 201.41 519.94 239.38 549.81 0.103263
9 2.39 1.52 1396.38 786.30 0.102609
3 570.94 77.63 585.51 94.33 0.101843
9 839.26 0.21 1398.83 277.96 0.101695
9 746.39 18.44 759.05 36.40 0.101047
9 745.79 19.38 759.18 36.62 0.100554
9 730.82 39.28 743.74 53.75 0.099512
9 844.75 266.34 1393.97 369.54 0.099456
3 81.45 57.20 314.46 181.80 0.099440
9 337.05 1.00 388.38 38.81 0.098537
9 655.28 27.84 660.70 36.97 0.095489
3 610.19 252.34 875.14 786.25 0.093652
3 1056.42 176.03 1144.33 269.71 0.093306
3 3.88 1.63 622.50 784.90 0.092940
3 745.92 19.03 759.24 36.43 0.092593
3 832.30 0.64 1398.28 370.23 0.091813
9 311.21 0.81 388.80 40.89 0.089166
3 609.76 301.01 941.42 785.96 0.089049
3 2.09 0.49 444.73 625.66 0.088902
3 1142.24 4.52 1322.66 101.05 0.088322
9 629.22 55.71 652.09 118.97 0.088073
9 798.04 0.79 1398.74 405.94 0.087839
3 601.35 6.12 939.53 784.60 0.087345
9 705.54 288.72 731.51 308.56 0.087047
9 829.18 32.04 845.10 84.36 0.087028
9 578.15 55.92 600.01 78.33 0.086774
3 208.49 688.89 228.40 726.29 0.086652
3 697.56 3.68 751.42 102.30 0.086159
9 173.62 589.33 205.74 631.27 0.085673
9 323.50 20.66 345.77 52.91 0.085611
9 589.32 99.62 609.34 118.74 0.085072
9 1.99 1.29 868.46 514.88 0.084651
3 512.58 4.30 663.97 197.18 0.084232
9 823.56 55.59 832.12 69.64 0.083643
3 589.44 559.85 649.62 712.16 0.082636
9 641.09 2.86 658.99 30.64 0.081921
9 1059.82 347.08 1107.31 364.27 0.081614
3 863.76 483.00 1079.96 786.16 0.081035
9 861.97 267.88 936.97 282.21 0.080617
9 590.27 560.76 649.44 783.35 0.079538
3 650.97 2.01 830.85 201.39 0.078780
9 214.08 242.84 564.15 786.61 0.078758
9 311.66 1.43 346.05 52.29 0.078467
3 754.93 52.35 1397.71 672.34 0.078095
3 35.48 2.34 1132.93 784.98 0.078086
3 245.92 434.68 289.96 484.52 0.078076
3 1301.62 455.80 1398.90 524.82 0.077508
9 596.97 725.55 614.70 748.13 0.077463
9 830.00 33.07 844.41 67.14 0.076746
3 843.02 0.32 1397.31 281.34 0.076563
9 248.43 435.60 289.82 484.04 0.075893
9 654.74 27.40 661.29 51.08 0.075020
3 214.71 122.47 572.81 785.67 0.074796
3 765.41 349.00 1399.28 457.80 0.074462
9 784.39 12.27 802.67 25.34 0.073319
3 691.02 2.72 764.88 103.15 0.072995
3 480.24 250.28 629.82 786.37 0.072499
3 809.49 480.06 1080.04 786.14 0.072262
3 610.27 297.00 1078.10 785.69 0.071932
3 201.71 519.08 239.97 549.91 0.071903
9 869.99 301.01 897.01 313.18 0.071715
9 624.39 66.20 641.22 92.61 0.071559
9 591.28 561.05 649.33 713.63 0.071440
9 873.62 484.74 885.56 499.91 0.071279
3 655.68 1.92 767.27 201.15 0.071271
9 137.78 593.99 211.60 783.44 0.071102
3 765.54 379.61 1398.93 457.64 0.070740
3 759.85 359.28 1398.00 783.68 0.070476
3 704.88 65.91 721.48 84.63 0.070233
3 752.60 115.45 768.40 135.67 0.069454
3 1021.77 451.86 1398.53 526.49 0.069159
3 626.66 55.28 658.04 118.96 0.069072
3 778.09 444.87 1396.18 785.53 0.068839
9 707.07 267.40 729.18 291.83 0.068664
9 938.40 338.38 983.93 364.23 0.068580
9 140.86 588.25 205.86 670.31 0.068456
9 860.91 267.76 936.75 313.82 0.068137
3 607.90 253.29 941.59 785.45 0.068133
9 1299.47 314.28 1390.05 369.71 0.067496
9 894.30 342.57 943.68 364.10 0.066662
3 654.90 42.77 674.38 87.21 0.066644
3 624.09 65.77 642.45 92.76 0.066055
9 580.98 41.85 672.52 121.56 0.065277
9 629.19 43.45 673.13 119.96 0.065150
3 1021.07 607.10 1138.24 785.99 0.065127
9 993.10 540.90 1140.27 787.19 0.064799
9 312.60 19.18 345.04 42.82 0.064696
3 845.73 260.07 1147.43 359.86 0.064348
3 811.30 559.32 945.35 786.44 0.064248
3 926.37 412.42 1054.25 544.41 0.064000
3 594.25 559.68 649.86 715.08 0.063968
9 659.98 43.45 671.97 57.35 0.063895
9 588.88 715.79 617.65 750.10 0.063392
3 875.52 548.22 1077.68 786.57 0.063349
3 756.92 257.23 1398.07 527.31 0.063320
9 572.45 55.00 599.97 93.02 0.062999
3 992.60 540.65 1037.03 648.24 0.062638
3 515.06 1.29 828.40 200.25 0.062608
9 0.93 -1.38 444.16 624.04 0.062373
9 287.03 4.95 322.06 33.80 0.062117
3 707.47 267.71 728.84 292.42 0.061784
9 287.56 0.28 388.68 45.91 0.061286
3 606.96 1.56 967.32 785.72 0.061251
9 569.94 58.74 588.23 93.89 0.060825
3 577.23 49.75 658.89 121.41 0.060643
3 894.04 337.51 983.74 365.34 0.060118
3 607.11 59.36 942.74 784.73 0.059843
3 1079.65 305.93 1310.41 704.27 0.059533
3 749.15 45.58 831.44 137.45 0.059526
9 812.95 5.49 843.20 27.50 0.059375
3 705.72 119.24 722.21 142.33 0.058663
3 981.41 2.26 1398.65 182.31 0.058377
9 1331.29 199.16 1399.61 237.38 0.058367
3 612.48 103.29 874.85 786.49 0.058334
9 588.31 90.30 608.83 118.75 0.058297
3 285.50 0.51 388.64 44.31 0.058152
9 993.21 541.59 1036.24 648.23 0.058101
9 275.25 30.27 321.92 61.32 0.058024
9 378.51 190.96 866.78 310.39 0.057910
3 7.61 1.82 830.89 784.80 0.057723
3 702.01 257.44 735.12 311.49 0.057447
3 921.63 58.98 978.75 251.31 0.056882
9 247.59 422.24 290.03 485.41 0.056836
9 573.95 56.85 584.99 77.09 0.056603
3 843.00 251.93 1393.85 371.54 0.056411
9 1.92 1.48 872.40 785.46 0.056223
9 130.62 454.56 174.98 499.68 0.056215
9 699.15 30.61 704.89 41.09 0.056147
3 2.25 1.71 444.39 687.99 0.055999
3 852.28 627.07 944.28 786.11 0.055901
9 707.48 266.92 729.42 294.03 0.055886
3 1.66 1.15 439.74 383.71 0.055770
3 513.25 2.18 715.75 197.50 0.055490
9 571.68 59.70 586.25 93.25 0.055310
3 227.95 603.46 240.52 627.44 0.055139
3 515.47 81.79 633.54 196.79 0.054700
3 245.06 421.52 290.44 485.99 0.054684
9 565.90 43.18 583.70 52.86 0.054516
9 862.70 266.62 936.71 282.06 0.054459
3 873.05 413.74 1059.86 588.56 0.054363
9 1070.52 707.58 1130.17 786.04 0.053921
9 146.47 588.75 205.33 634.54 0.053535
3 843.61 258.11 1393.46 368.33 0.053402
3 979.13 307.84 1343.46 415.14 0.053398
3 698.27 1.04 1397.41 529.77 0.053081
3 1279.77 357.83 1399.02 526.78 0.053008
3 869.24 483.78 1030.18 589.45 0.052936
3 465.58 54.18 670.85 783.75 0.052597
3 866.40 307.10 1389.56 785.10 0.052415
9 1200.87 656.26 1237.68 695.61 0.052323
9 247.24 433.10 289.57 484.04 0.052169
3 993.77 450.96 1397.48 784.83 0.052152
3 758.97 53.40 1398.24 453.64 0.052090
9 625.02 49.19 647.89 93.24 0.051974
3 1133.07 1.23 1326.21 109.00 0.051972
3 847.89 0.89 1398.26 188.54 0.051746
9 687.25 8.37 694.38 29.04 0.051739
3 226.90 591.54 265.74 630.93 0.051553
9 625.49 79.25 637.62 92.65 0.051320
9 841.51 239.16 1397.41 370.63 0.051229
3 588.38 94.43 609.23 118.88 0.051194
3 590.20 560.29 649.41 577.00 0.051097
3 1269.68 268.16 1314.44 300.49 0.050884
3 274.27 0.56 389.08 60.95 0.050860
3 992.57 540.39 1135.41 786.34 0.050583
9 580.15 55.66 599.44 77.11 0.050462
9 801.04 55.46 816.08 69.95 0.050207
3 978.38 360.10 1398.00 526.54 0.050204
3 203.61 687.32 229.34 729.07 0.049926
3 244.27 431.73 290.93 486.90 0.049824
3 729.95 38.23 744.81 54.94 0.049511
9 193.94 488.84 257.75 550.22 0.049414
3 761.36 55.59 832.80 202.51 0.049404
3 705.51 287.72 731.51 308.69 0.049305
3 973.90 399.39 1399.10 525.90 0.049299
3 746.35 46.27 832.41 201.22 0.049226
9 571.40 56.02 586.48 93.33 0.049204
9 1194.60 610.67 1253.84 697.16 0.048959
9 705.51 66.63 720.96 83.92 0.048779
9 139.36 589.05 206.42 674.67 0.048423
3 786.94 446.26 1398.36 528.37 0.048414
3 714.89 121.98 746.32 191.25 0.048218
3 799.90 50.21 830.34 72.15 0.048172
3 259.17 609.95 266.56 623.84 0.048096
9 706.69 257.75 731.45 290.20 0.048078
3 812.22 544.89 1079.93 786.09 0.048074
3 613.64 313.08 1397.20 784.49 0.047889
9 1056.61 175.55 1144.22 270.05 0.047687
3 601.97 310.70 622.00 391.71 0.047550
3 322.60 315.45 363.03 467.86 0.047522
3 703.21 28.09 761.26 102.12 0.047394
9 1096.04 762.07 1129.86 787.51 0.046879
3 460.48 6.16 955.63 785.44 0.046860
3 273.85 28.08 319.80 62.36 0.046639
3 1024.00 610.29 1069.92 670.43 0.046588
3 1265.48 403.66 1398.74 526.50 0.046556
3 1004.99 493.93 1142.99 785.28 0.046479
3 1098.83 197.77 1143.94 226.28 0.046348
3 599.82 309.56 622.83 392.67 0.045862
9 759.23 11.93 771.13 34.25 0.045559
9 829.45 31.99 859.05 114.04 0.045539
3 476.91 2.05 834.59 199.48 0.045123
9 318.93 314.53 361.07 376.48 0.044921
9 425.28 172.49 451.87 194.67 0.044875
9 0.99 1.11 450.60 783.14 0.044768
9 196.89 488.93 257.69 523.34 0.044710
3 846.64 261.87 1146.43 314.93 0.044456
9 731.90 -0.20 761.49 3.50 0.044289
3 978.49 358.88 1112.24 411.90 0.044283
3 726.01 5.28 749.31 101.72 0.044209
9 704.86 -0.02 731.22 3.60 0.044164
9 1074.01 332.04 1122.08 359.95 0.044072
9 276.34 388.55 312.00 487.95 0.043608
3 216.17 240.56 1087.61 785.34 0.043489
3 1.92 1.90 561.91 784.10 0.043376
3 1080.91 306.44 1307.65 654.63 0.043303
9 539.42 77.27 566.54 127.45 0.043287
9 981.16 361.34 1259.24 409.70 0.043046
9 805.50 572.81 815.97 588.11 0.042851
3 615.86 2.16 699.13 197.79 0.042794
3 817.01 556.82 941.00 786.53 0.042790
3 846.10 263.56 1145.97 351.31 0.042782
3 837.08 628.70 847.35 651.38 0.042699
3 707.59 114.71 766.74 189.99 0.042620
9 1034.79 509.90 1141.19 602.31 0.042429
9 596.40 724.48 615.21 748.05 0.042392
3 1088.27 305.79 1303.11 779.62 0.042389
3 380.10 3.93 868.56 269.77 0.042378
3 133.28 454.10 174.97 497.14 0.042234
9 573.04 714.18 623.39 786.86 0.042110
3 754.33 325.84 1080.78 786.55 0.042027
3 869.67 300.15 897.26 313.82 0.041924
9 1195.18 606.61 1284.33 700.72 0.041866
9 752.84 116.28 767.83 135.22 0.041841
3 516.30 66.42 625.76 196.18 0.041752
9 1034.80 518.74 1098.09 601.49 0.041539
3 394.81 1.77 1213.82 786.12 0.041386
3 119.89 366.95 414.86 783.69 0.041382
9 820.22 124.04 835.51 202.67 0.041282
9 647.36 47.46 657.50 57.75 0.041183
9 572.26 57.03 593.91 91.73 0.041131
3 1008.47 559.54 1018.74 573.10 0.041094
3 753.54 243.36 1097.79 786.97 0.041090
9 720.23 171.73 741.25 187.51 0.041059
3 378.30 184.95 866.67 311.46 0.040924
3 732.36 18.16 761.65 102.50 0.040828
9 853.31 303.77 959.84 342.26 0.040743
9 853.48 304.96 904.27 341.93 0.040726
9 140.36 602.08 182.90 668.52 0.040658
9 590.46 715.75 618.11 750.58 0.040412
3 976.50 400.36 1398.74 451.69 0.040318
3 717.13 44.47 831.47 197.30 0.040161
3 1287.68 407.20 1399.04 525.29 0.040160
3 697.11 30.35 705.82 42.46 0.040157
3 0.90 0.43 218.35 176.54 0.040084
3 296.40 545.23 313.32 564.77 0.040006
9 539.78 79.20 553.80 98.42 0.039976
9 656.53 57.47 671.56 86.81 0.039927
9 566.68 100.72 582.08 133.05 0.039789
9 830.69 32.66 844.08 49.79 0.039755
9 155.85 192.56 868.30 785.76 0.039725
9 0.43 347.44 222.90 466.51 0.039705
3 602.70 42.98 655.83 119.84 0.039697
3 80.07 18.05 321.55 182.19 0.039567
3 703.23 16.96 762.28 190.08 0.039179
9 627.58 53.57 657.50 197.16 0.039104
9 757.24 0.08 843.70 52.70 0.039064
9 1.22 2.07 559.60 784.54 0.039036
9 598.59 0.90 658.65 32.99 0.039014
3 749.29 60.05 878.66 784.62 0.038961
9 821.38 566.48 832.99 583.79 0.038910
9 568.44 119.20 581.11 131.57 0.038831
3 152.23 656.91 210.57 781.78 0.038790
9 601.81 310.91 622.16 390.97 0.038746
3 689.57 1.65 828.58 107.55 0.038709
3 245.50 710.30 287.68 739.01 0.038695
3 283.65 0.29 390.37 50.75 0.038681
3 867.60 480.27 1139.10 785.81 0.038577
9 2.58 1.10 869.69 690.50 0.038398
9 0.70 0.12 217.29 175.44 0.038366
3 873.17 484.57 885.62 500.34 0.038283
9 1024.28 518.43 1142.17 787.47 0.038279
9 628.75 67.20 640.01 80.48 0.038076
3 985.63 84.14 1395.29 174.92 0.037807
9 1270.43 270.31 1312.80 300.18 0.037773
3 873.03 460.38 898.12 501.24 0.037759
3 1178.42 184.65 1248.17 253.85 0.037743
9 425.14 170.35 495.97 195.42 0.037685
9 805.80 565.67 833.84 588.50 0.037684
3 846.48 38.44 904.27 208.90 0.037605
3 1266.11 405.84 1399.10 450.34 0.037511
3 821.57 566.83 833.55 585.07 0.037210
3 199.58 700.78 213.85 728.52 0.037191
9 801.04 -0.04 1398.72 786.01 0.037126
9 2.90 2.18 1136.30 785.54 0.037115
9 318.71 315.27 362.96 467.02 0.037087
9 654.27 26.71 661.84 51.77 0.037069
9 1195.14 605.28 1255.65 695.17 0.036836
9 584.02 50.28 657.95 121.24 0.036787
9 846.16 272.31 1233.94 361.21 0.036452
9 782.33 6.26 802.36 25.32 0.036423
3 473.42 252.44 642.55 785.19 0.036416
3 766.13 303.48 774.41 320.19 0.036341
3 789.08 367.24 944.68 411.28 0.036236
9 780.96 0.90 843.45 27.73 0.036223
3 603.71 43.75 648.93 93.90 0.036180
9 561.83 251.96 575.07 269.45 0.036171
3 659.14 42.35 672.20 56.07 0.036154
9 593.32 716.35 617.87 749.26 0.036138
3 500.37 173.30 512.01 191.83 0.036019
3 488.06 171.14 512.71 195.21 0.035644
3 138.19 599.33 212.84 783.73 0.035612
3 238.62 591.73 252.32 623.76 0.035547
9 744.96 17.68 760.10 37.22 0.035485
3 826.42 245.17 1394.81 403.12 0.035425
9 828.87 31.98 845.99 108.71 0.035335
3 759.82 256.23 1398.08 457.23 0.035289
9 760.02 11.76 773.66 62.97 0.035121
3 787.25 1.41 1396.93 577.40 0.035053
3 275.81 387.33 314.07 488.73 0.035015
9 255.24 336.11 312.13 487.79 0.034909
3 1.17 348.00 223.11 468.87 0.034792
3 173.05 589.27 205.07 631.14 0.034788
3 760.79 303.14 1397.66 461.57 0.034742
3 629.24 102.77 638.73 116.53 0.034707
9 2.25 -0.30 1398.22 502.14 0.034692
3 753.26 45.43 831.07 107.03 0.034680
9 850.26 267.05 967.17 341.97 0.034617
3 993.11 540.84 1035.91 553.22 0.034579
3 243.94 709.24 288.66 740.10 0.034530
3 992.99 540.09 1070.42 671.07 0.034507
3 202.62 243.46 1386.14 785.42 0.034501
3 239.05 592.31 250.46 608.22 0.034497
3 319.90 315.73 363.31 465.01 0.034428
9 175.16 190.94 868.21 513.83 0.034280
3 134.30 594.68 217.49 784.54 0.034223
9 686.05 -0.01 731.58 3.87 0.034103
3 590.79 719.53 621.58 782.09 0.033834
3 808.07 251.05 1393.21 408.08 0.033680
9 1221.40 335.44 1297.17 354.84 0.033634
9 707.46 268.42 727.90 290.14 0.033612
3 1024.50 453.35 1118.42 499.02 0.033582
9 729.95 38.76 744.86 54.57 0.033477
3 417.52 42.64 656.31 195.87 0.033438
9 600.27 1.55 643.30 32.59 0.033319
9 732.01 0.35 760.21 15.64 0.033247
3 596.03 723.14 614.30 748.57 0.033160
9 873.57 479.38 896.32 500.96 0.033139
3 653.03 26.12 662.82 51.66 0.033075
3 760.12 57.43 1136.83 406.88 0.033061
3 413.70 4.25 1389.98 784.58 0.032994
9 572.40 759.97 605.74 787.43 0.032950
3 209.86 60.98 1103.64 785.98 0.032944
9 706.46 119.70 722.49 141.49 0.032886
9 274.17 314.48 361.70 488.23 0.032815
3 612.15 255.59 1396.59 783.58 0.032761
3 337.38 1.30 388.51 37.52 0.032670
9 850.95 266.93 937.31 341.49 0.032653
9 275.92 0.68 388.65 60.19 0.032588
3 765.64 353.53 985.71 493.06 0.032424
3 171.77 665.99 186.56 685.06 0.032407
3 37.78 14.81 321.28 179.78 0.032381
9 993.07 541.18 1069.48 670.78 0.032337
9 1200.07 633.79 1250.76 697.98 0.032307
3 655.93 58.89 671.78 86.97 0.032256
3 767.28 353.36 1125.05 452.98 0.032232
9 138.96 601.30 182.89 671.78 0.032197
3 708.85 49.08 832.32 191.20 0.032125
9 760.01 9.41 775.05 63.89 0.032034
3 936.65 335.88 983.49 364.40 0.031999
3 588.82 717.80 622.58 782.33 0.031963
3 760.66 2.33 1397.37 423.52 0.031938
3 482.78 303.01 1394.64 784.54 0.031920
9 275.90 42.59 295.77 62.22 0.031868
9 588.68 67.88 616.09 94.23 0.031865
9 205.33 233.21 1132.69 786.45 0.031776
9 956.98 306.37 1041.43 360.88 0.031638
9 762.37 34.76 773.81 61.87 0.031573
3 582.21 65.74 619.23 122.28 0.031565
3 1121.71 0.63 1397.73 166.57 0.031511
3 570.44 76.57 585.90 95.23 0.031380
3 603.86 110.25 942.72 785.97 0.031310
3 597.80 1.16 656.44 91.61 0.031307
9 599.25 1.11 655.50 34.00 0.031289
9 148.30 1.07 1397.46 787.10 0.031260
3 192.37 487.74 257.35 550.20 0.031255
9 884.96 117.05 905.83 140.42 0.031203
9 539.72 50.39 558.11 82.58 0.031143
9 479.43 114.87 502.75 149.48 0.031141
3 819.82 565.70 848.02 650.89 0.031137
3 221.72 87.61 867.69 783.42 0.031115
9 719.56 123.63 740.43 155.25 0.031057
3 454.44 571.53 488.61 685.08 0.030929
9 686.67 7.03 694.55 30.32 0.030878
3 1296.25 312.98 1391.64 370.33 0.030856
9 577.28 43.96 586.63 53.04 0.030836
9 852.11 265.10 937.42 313.89 0.030685
3 215.45 32.71 867.16 786.12 0.030664
3 482.61 314.53 1084.84 786.28 0.030645
9 732.63 0.62 764.59 35.93 0.030590
9 687.80 4.36 712.39 38.39 0.030565
9 869.92 480.54 1140.53 786.58 0.030558
3 992.62 403.23 1126.87 445.80 0.030490
3 532.78 30.99 1392.55 544.15 0.030402
9 846.51 268.10 1146.37 362.09 0.030387
9 860.97 268.25 967.93 314.51 0.030370
3 224.41 590.44 264.92 631.08 0.030367
9 1355.49 205.83 1399.80 230.92 0.030358
3 862.52 266.99 936.48 281.17 0.030296
3 654.51 26.39 661.90 38.87 0.030261
3 589.28 558.28 650.58 641.89 0.030232
9 629.79 105.84 638.29 116.26 0.030158
9 561.24 252.26 574.89 267.92 0.030040
