4 573.07 800.85 679.96 867.73 0.566032
3 573.15 800.94 679.25 873.45 0.509875
6 573.39 801.07 679.90 871.32 0.494745
5 573.16 800.84 679.73 871.53 0.491347
5 507.05 371.40 551.83 456.22 0.405600
4 993.37 94.27 1041.57 162.03 0.400040
6 506.61 371.50 551.38 456.90 0.400018
4 503.91 371.27 552.37 457.61 0.398511
4 1125.44 100.79 1208.92 144.30 0.389124
1 804.50 848.36 838.91 901.23 0.385751
4 814.48 621.59 887.08 750.83 0.383258
1 473.47 837.90 503.56 898.69 0.382150
3 502.65 371.42 551.68 457.47 0.379595
6 993.48 94.40 1041.27 161.75 0.379365
5 993.28 94.35 1041.57 161.89 0.374258
5 474.20 539.96 521.94 631.69 0.362349
3 993.62 94.26 1041.16 161.49 0.358393
2 4.86 1.97 1393.82 1046.56 0.356207
3 1125.69 101.06 1208.67 143.73 0.351085
5 505.62 185.73 543.06 280.50 0.349430
4 969.55 619.73 1050.49 731.72 0.343497
3 814.76 621.91 886.64 750.55 0.342274
5 1125.69 100.71 1209.98 144.73 0.341076
4 1095.69 154.40 1171.53 202.46 0.340647
5 814.72 621.65 887.14 751.11 0.335990
6 1125.70 101.10 1209.84 144.78 0.334846
4 1093.42 120.03 1150.76 159.57 0.332294
4 1050.37 314.23 1101.46 379.38 0.330846
6 505.95 184.66 542.74 280.18 0.329641
4 505.58 188.89 542.93 280.15 0.325572
4 1152.13 304.95 1213.20 379.43 0.324445
6 814.99 622.01 886.59 750.74 0.320658
1 430.18 455.69 452.71 499.40 0.318721
5 1095.76 150.83 1173.07 203.08 0.316423
6 504.24 84.58 543.68 281.21 0.313708
4 1093.84 188.77 1153.14 248.35 0.312851
3 805.22 848.80 837.87 899.98 0.311965
3 1096.07 153.41 1171.70 201.62 0.311477
3 506.05 188.86 542.41 279.82 0.309749
6 1050.91 315.05 1101.41 379.64 0.307803
2 804.58 848.35 838.56 900.72 0.305133
6 984.16 230.89 1052.21 328.02 0.303136
6 1096.05 150.72 1173.40 202.67 0.302943
4 1127.15 65.91 1183.61 100.73 0.302208
5 1050.64 314.69 1101.21 379.55 0.300407
3 1301.56 845.21 1372.12 898.02 0.297782
3 1093.67 120.24 1150.80 158.85 0.294907
6 1152.43 305.25 1212.81 378.79 0.294786
5 1301.35 845.66 1355.88 896.22 0.294462
3 1050.96 314.56 1101.15 379.04 0.290558
6 474.60 540.23 521.79 631.24 0.290154
5 1152.52 305.23 1213.16 379.09 0.288920
3 1152.73 305.18 1212.72 378.64 0.286687
3 970.12 619.96 1049.77 730.77 0.285528
3 474.78 540.17 521.77 631.40 0.285223
4 984.18 230.86 1052.31 327.14 0.278550
5 1093.03 120.12 1150.62 159.69 0.278396
3 984.34 230.75 1051.95 327.08 0.278258
4 503.35 84.27 543.91 281.43 0.277669
2 473.47 838.19 503.34 898.32 0.276726
1 408.51 123.14 431.68 172.16 0.275091
3 474.00 838.11 502.51 897.39 0.272706
6 1093.37 120.23 1151.41 159.18 0.269908
5 984.21 230.69 1052.39 327.38 0.268330
3 1094.42 189.08 1152.57 247.62 0.263884
1 859.97 914.29 906.57 951.47 0.259345
5 503.65 84.20 544.08 281.58 0.259328
3 18.34 364.74 263.45 506.92 0.256750
3 503.63 84.44 543.45 281.23 0.255545
3 1127.58 66.22 1183.15 100.15 0.251915
1 476.88 454.75 506.01 508.61 0.251875
3 312.12 498.23 365.87 532.07 0.251840
5 969.63 619.78 1050.82 731.62 0.250033
4 1301.37 844.95 1371.50 898.05 0.247032
4 474.26 540.08 522.09 631.92 0.243422
1 445.16 53.80 462.35 86.40 0.243037
4 829.70 684.82 886.65 750.55 0.238407
6 1301.41 845.25 1361.64 896.62 0.238319
3 806.66 850.21 836.52 898.04 0.237463
1 406.44 199.20 426.89 232.97 0.235152
3 505.86 128.29 542.75 280.56 0.233644
3 490.03 319.12 523.60 386.40 0.232528
5 1093.79 188.97 1153.45 248.32 0.230196
3 860.17 914.83 906.45 950.29 0.229813
4 489.39 318.59 523.66 386.50 0.228859
6 505.95 128.96 543.14 280.41 0.225751
3 430.69 456.05 451.92 498.50 0.223294
6 1301.33 832.57 1386.25 902.33 0.221877
3 1355.95 737.62 1399.12 811.25 0.220638
3 860.08 916.12 905.68 949.05 0.219928
4 1355.75 737.49 1398.97 811.98 0.219832
1 418.67 94.03 436.57 122.46 0.217154
6 1094.03 189.41 1153.57 248.92 0.215537
5 615.74 804.09 679.15 864.51 0.214359
6 490.18 319.01 523.53 386.15 0.212714
4 1355.31 712.63 1399.01 812.25 0.212421
2 430.05 455.38 453.03 499.48 0.212370
1 369.91 475.87 390.62 509.25 0.211050
5 490.04 318.95 523.22 385.93 0.210896
3 408.83 123.42 431.16 171.45 0.210348
6 1114.30 44.40 1183.76 102.78 0.208454
1 350.25 556.89 376.14 588.33 0.208123
1 364.05 719.11 393.08 766.26 0.206656
3 325.60 417.50 364.14 443.42 0.202493
3 1093.06 99.61 1208.76 204.41 0.201584
4 505.54 128.45 543.17 280.67 0.200300
5 1128.71 65.88 1182.93 101.44 0.199483
6 15.28 366.59 262.33 506.95 0.198933
1 412.08 234.57 435.94 270.31 0.197775
3 549.83 53.84 610.37 282.99 0.197450
3 1355.57 712.76 1399.21 811.70 0.195613
4 1045.31 632.41 1160.76 696.61 0.194481
5 573.42 801.28 622.27 852.02 0.192962
3 1021.85 313.03 1157.37 529.54 0.192512
3 375.67 171.42 403.90 202.05 0.192283
1 876.60 374.78 901.61 419.49 0.191139
6 521.27 462.89 563.14 533.96 0.191129
2 408.35 123.62 431.63 172.32 0.190797
3 830.24 685.84 886.35 750.41 0.190333
2 859.88 914.16 906.60 951.26 0.189008
3 446.02 54.26 461.65 85.59 0.188588
5 520.83 462.10 563.69 534.34 0.188230
5 505.54 129.01 543.62 280.47 0.187498
5 1301.02 831.89 1385.72 902.03 0.186505
4 1301.35 831.55 1387.47 902.76 0.185264
3 419.31 94.48 435.94 121.70 0.184345
1 157.98 966.31 184.72 997.58 0.183997
4 1092.87 99.52 1210.46 205.66 0.182481
3 407.19 199.72 426.35 232.20 0.182137
6 1128.93 66.47 1182.29 101.44 0.181191
2 476.56 454.58 506.28 508.52 0.181065
3 560.10 774.40 600.45 812.34 0.180383
3 1113.52 44.61 1184.85 101.72 0.178795
5 829.57 685.11 886.75 751.12 0.178543
4 1089.81 96.95 1216.58 245.92 0.177960
3 477.25 455.22 505.65 507.54 0.177390
1 65.18 428.76 114.64 480.80 0.177335
2 445.10 53.79 462.56 86.17 0.175533
4 2.96 403.93 115.49 479.06 0.175052
3 528.39 640.76 605.74 698.15 0.172181
1 1190.01 700.12 1229.89 753.17 0.172124
3 1301.58 831.19 1389.09 903.81 0.171664
3 478.50 456.15 504.94 506.36 0.171126
3 352.60 324.52 398.86 360.61 0.170809
3 366.05 222.75 389.20 246.95 0.170325
1 558.95 772.85 602.17 814.71 0.170212
6 375.45 171.53 403.86 202.05 0.169603
3 3.26 2.23 1395.97 1045.60 0.169579
3 412.71 234.89 435.10 269.31 0.166471
1 323.97 415.85 366.74 447.61 0.166090
6 1355.89 736.62 1399.07 811.45 0.165645
1 301.14 409.54 319.15 438.59 0.165549
6 1092.72 100.41 1217.33 204.82 0.165473
5 528.04 641.29 564.71 698.46 0.165159
5 530.65 547.30 573.53 633.27 0.165038
4 507.70 128.22 539.12 194.11 0.163044
3 158.38 966.85 183.93 996.87 0.161094
5 1092.15 100.01 1214.64 205.32 0.160816
4 1222.33 829.00 1285.87 875.08 0.160725
6 1355.48 712.63 1399.18 811.75 0.160575
6 312.09 498.23 365.92 532.27 0.160168
3 1090.37 96.87 1214.52 243.84 0.159569
5 1355.55 735.22 1398.90 811.31 0.159083
6 970.11 619.99 1051.02 730.90 0.158617
3 969.72 619.26 1159.78 731.12 0.157189
1 310.87 497.39 367.56 533.95 0.157151
3 350.88 557.28 375.47 587.68 0.157089
5 1113.96 44.34 1184.56 103.04 0.156622
2 406.23 198.95 427.13 232.92 0.155874
3 324.53 416.24 365.75 445.14 0.155326
6 615.67 804.41 679.24 864.26 0.154152
6 366.13 222.74 389.28 247.01 0.152743
3 326.99 323.72 403.35 361.11 0.152034
3 370.32 476.27 390.17 508.28 0.150899
3 521.73 464.27 562.99 533.05 0.150831
4 1113.70 44.61 1185.69 102.70 0.150742
5 311.83 498.06 366.09 532.83 0.150641
3 65.18 429.45 114.98 480.25 0.150545
5 1355.05 712.09 1399.01 811.84 0.148751
3 508.26 128.40 538.33 193.43 0.147992
3 146.41 199.52 268.65 280.55 0.147537
3 528.28 641.53 564.41 697.98 0.147366
4 14.93 366.49 263.35 507.25 0.147144
5 375.04 171.11 403.89 202.24 0.146685
1 367.23 279.72 391.03 312.16 0.146339
3 1242.21 365.88 1286.74 430.14 0.146306
3 487.78 1019.81 516.47 1047.16 0.146064
3 2.93 404.25 115.17 479.31 0.145965
3 301.25 409.20 318.84 438.48 0.145923
5 478.44 455.84 505.48 506.81 0.145833
1 5.69 2.18 1392.05 1046.38 0.145176
1 85.57 594.12 142.69 711.38 0.145098
1 548.22 53.00 612.78 283.98 0.144688
4 311.97 497.93 366.13 532.64 0.144275
4 521.05 463.08 563.52 534.07 0.143574
1 429.31 54.36 445.47 87.78 0.142761
6 478.53 456.18 505.11 505.99 0.142644
1 494.22 316.69 517.98 359.01 0.142474
3 135.51 362.30 256.17 445.75 0.142023
2 145.98 199.58 268.61 278.81 0.141395
4 938.08 48.98 972.51 81.75 0.141287
3 425.27 859.82 447.34 881.70 0.140913
3 431.88 457.44 450.11 496.98 0.140515
6 829.94 685.57 886.19 750.61 0.138821
1 812.34 618.61 889.27 753.92 0.138763
2 418.62 93.76 436.55 122.21 0.138664
3 1222.64 829.14 1285.61 874.52 0.138619
1 487.28 1019.26 517.28 1047.87 0.138568
5 508.16 128.30 539.23 193.54 0.138027
3 488.81 1021.06 515.97 1045.96 0.137974
3 1130.43 66.33 1181.62 96.87 0.137614
6 528.30 641.44 564.71 698.15 0.137464
1 490.55 316.42 521.69 386.06 0.137091
5 365.73 222.26 389.56 247.37 0.136767
1 380.32 756.62 414.15 813.39 0.136723
3 218.59 108.01 238.31 148.50 0.136546
6 573.53 801.49 622.87 851.91 0.136294
5 1280.30 888.61 1329.27 941.46 0.136284
3 219.87 109.03 237.15 146.80 0.135865
1 211.14 915.89 245.39 962.60 0.135658
4 374.70 170.56 403.96 202.25 0.135185
3 1190.34 700.49 1229.01 752.14 0.135160
1 1072.59 1002.37 1104.13 1028.05 0.134764
3 475.55 837.90 501.13 895.29 0.134486
3 159.74 968.15 182.84 995.47 0.134431
2 876.72 374.70 901.51 419.30 0.134388
4 1090.56 52.58 1216.61 239.64 0.134275
3 1073.24 1002.80 1103.30 1026.95 0.134245
6 1281.12 889.12 1329.23 940.67 0.133763
6 528.54 640.75 605.22 698.16 0.133294
2 548.16 52.86 612.83 283.45 0.133187
2 310.90 497.74 367.50 534.20 0.132970
2 1189.98 699.79 1229.88 753.45 0.132640
1 349.64 322.78 400.38 363.06 0.132636
3 336.47 280.95 391.19 313.20 0.132367
4 504.37 84.00 536.42 130.30 0.131804
4 573.30 801.35 623.85 852.08 0.131590
3 429.96 55.07 444.82 87.39 0.131412
3 1278.37 889.32 1329.29 941.19 0.131049
5 505.21 84.13 536.46 130.40 0.131028
3 158.67 914.32 247.60 997.48 0.131018
1 338.81 722.08 369.39 773.97 0.130939
4 1113.82 -0.18 1153.19 15.87 0.130486
4 508.65 159.80 537.30 193.26 0.130281
3 1045.36 632.40 1160.60 696.29 0.129954
3 559.27 773.62 601.56 814.14 0.129432
2 369.75 475.74 391.03 509.76 0.129288
3 1113.68 -0.19 1152.84 16.14 0.128824
4 969.00 619.32 1161.06 733.40 0.128697
4 365.65 222.19 389.56 247.21 0.128580
6 1241.92 365.40 1287.43 430.64 0.127953
3 341.23 723.63 367.86 773.45 0.127925
3 137.06 386.88 246.81 444.29 0.127226
2 158.28 966.35 184.39 997.25 0.126771
3 1265.37 889.33 1329.35 942.59 0.126563
1 564.32 636.07 606.40 694.09 0.126433
3 1021.45 301.46 1210.93 530.27 0.125678
3 1091.06 45.61 1215.75 228.12 0.125507
4 478.19 455.80 505.43 506.72 0.125458
5 528.11 640.61 604.85 698.50 0.125276
3 371.70 477.65 388.90 506.83 0.125140
2 411.86 234.55 435.52 270.29 0.124841
3 509.11 160.25 536.95 192.74 0.124803
6 135.48 362.03 256.25 446.24 0.124781
3 531.04 547.69 573.05 633.26 0.124349
3 475.75 837.76 500.11 892.60 0.124257
4 1241.76 365.57 1287.39 430.69 0.123927
3 211.70 914.93 246.10 961.78 0.123681
3 302.98 411.72 317.49 436.61 0.123585
3 573.57 801.54 623.11 851.79 0.123533
6 1265.68 889.05 1329.32 942.57 0.123397
4 352.74 323.78 399.84 361.12 0.122934
3 101.32 685.11 312.78 883.86 0.122923
2 558.71 772.71 602.25 814.71 0.122340
5 161.05 387.62 246.27 443.71 0.122310
3 509.53 371.75 548.42 453.97 0.122234
5 1241.67 365.26 1287.68 431.03 0.122083
6 3.49 404.26 112.92 479.01 0.122006
3 160.28 908.03 402.15 995.95 0.121563
3 1020.92 201.02 1218.66 529.49 0.121444
5 544.70 688.17 589.53 780.82 0.121423
6 164.20 387.24 245.75 439.81 0.121043
4 528.38 640.26 606.12 698.15 0.120610
6 136.67 386.42 247.49 446.03 0.120410
6 508.40 127.86 538.94 193.09 0.120294
2 65.33 428.94 114.78 480.65 0.119604
2 350.14 556.57 376.23 588.31 0.119200
5 496.03 318.55 516.97 355.87 0.118305
1 308.56 753.40 348.97 819.73 0.118082
5 1089.62 99.05 1216.48 244.86 0.117917
4 134.43 387.36 246.55 446.25 0.117815
5 1265.54 888.58 1329.46 943.57 0.116995
6 1113.87 -0.14 1152.91 15.78 0.116788
3 938.73 49.09 971.99 81.13 0.116713
1 967.86 618.60 1053.19 733.13 0.116345
3 617.15 804.78 678.84 864.14 0.116286
3 371.80 477.83 399.62 515.26 0.115641
3 312.87 776.53 346.87 819.43 0.115046
1 374.30 169.53 404.51 203.69 0.115019
3 404.14 839.31 502.42 914.23 0.114782
3 311.32 497.84 366.99 533.62 0.114136
5 4.36 404.75 112.15 478.79 0.113267
1 305.84 713.55 442.18 824.32 0.112921
4 634.17 137.88 672.50 174.54 0.112599
3 489.29 346.70 524.26 387.00 0.112438
3 325.66 281.14 405.03 362.06 0.111800
2 303.80 713.17 441.34 824.60 0.111321
2 300.30 5.72 613.38 918.35 0.111319
2 305.91 5.54 467.83 826.72 0.111308
4 302.36 303.29 326.12 367.65 0.111267
3 634.87 138.26 671.78 173.98 0.110956
4 616.95 804.79 679.33 864.57 0.110774
3 85.65 594.91 142.67 711.30 0.110542
4 633.21 115.25 673.61 174.58 0.110488
3 364.46 719.66 391.63 765.86 0.110417
3 878.63 376.96 899.14 416.28 0.109815
3 1222.78 847.20 1282.38 874.77 0.109232
1 377.90 98.67 392.11 122.25 0.109105
5 146.24 198.98 268.83 281.24 0.109042
2 364.19 718.98 393.59 767.28 0.108964
4 1007.52 231.52 1043.62 284.45 0.108852
5 352.76 323.89 397.76 360.76 0.108665
5 302.76 303.29 325.87 367.37 0.108087
6 1089.79 99.13 1220.08 245.83 0.108078
4 1222.53 846.74 1282.71 875.32 0.108031
2 324.10 415.89 366.80 447.29 0.107886
6 505.61 84.32 536.27 130.06 0.106986
5 1155.32 508.43 1248.34 641.77 0.106964
3 1098.90 44.10 1183.57 101.11 0.106960
4 3.80 2.06 1395.15 1046.05 0.106900
3 339.41 722.41 369.09 773.77 0.106729
3 414.18 236.04 434.32 268.18 0.106629
4 1269.35 889.09 1329.69 942.21 0.106623
2 301.09 409.47 319.35 438.75 0.106584
1 364.55 221.24 390.89 248.64 0.106534
4 878.09 376.44 899.63 417.04 0.106309
2 321.58 11.39 461.60 367.76 0.105715
1 16.09 365.60 264.06 507.96 0.105577
2 349.06 322.43 402.27 363.05 0.105532
5 278.26 379.07 309.69 454.95 0.105065
1 423.88 858.78 448.37 884.24 0.105008
1 370.24 54.16 387.98 96.60 0.104902
3 634.18 115.09 672.50 174.06 0.104856
5 1007.40 231.78 1045.42 285.88 0.104698
1 391.29 64.33 406.27 96.94 0.104025
4 129.29 362.65 256.48 446.65 0.103928
3 376.12 170.36 404.13 203.04 0.103859
5 877.99 376.50 899.84 417.21 0.103546
3 504.17 84.31 535.81 129.67 0.103382
3 1155.37 507.91 1249.97 641.74 0.103130
3 1093.80 120.38 1146.69 158.39 0.102884
1 145.65 199.52 269.02 280.81 0.102632
4 165.09 387.81 242.20 431.94 0.102610
1 327.97 277.96 405.98 364.33 0.102466
3 1191.47 701.94 1227.52 750.98 0.102411
4 495.63 318.31 517.39 356.15 0.102300
3 305.24 757.45 347.34 818.79 0.102138
3 560.05 761.78 626.11 813.05 0.101539
3 424.24 858.97 447.45 883.55 0.101499
1 217.96 107.53 239.09 149.31 0.101149
1 674.21 225.11 736.51 339.73 0.100879
6 530.83 547.30 573.02 632.88 0.100844
4 475.25 837.60 500.88 893.51 0.100468
5 277.41 378.89 313.70 472.46 0.100101
5 1113.98 -0.11 1153.38 15.69 0.100076
2 85.98 593.30 143.41 711.34 0.100061
3 981.42 70.22 1219.65 379.81 0.099974
3 365.37 221.78 390.19 247.98 0.099632
3 368.07 279.98 390.48 311.37 0.099584
2 429.26 54.11 445.75 88.28 0.099435
1 157.80 914.51 247.64 998.01 0.099112
3 66.53 431.11 112.97 478.65 0.098975
2 307.12 3.91 533.14 916.80 0.098967
1 369.83 475.96 401.23 517.36 0.098950
1 334.81 279.09 393.40 314.62 0.098937
3 314.03 10.10 450.73 531.33 0.098849
5 507.08 240.87 542.33 280.10 0.098725
5 133.38 386.76 247.64 446.30 0.098598
3 877.36 375.20 900.57 418.25 0.098020
3 506.05 371.59 551.00 456.04 0.097934
3 379.55 757.91 439.43 820.09 0.097727
3 212.89 917.35 244.02 959.76 0.097601
3 404.27 859.69 450.86 913.53 0.097474
3 302.74 303.55 325.31 366.88 0.097372
3 391.90 64.81 405.87 95.86 0.097354
3 273.89 504.89 313.94 564.98 0.097120
4 254.47 702.34 289.84 724.67 0.097064
3 303.61 734.81 325.02 776.61 0.097010
6 303.25 734.77 324.97 776.57 0.096772
5 1222.58 829.13 1285.49 875.01 0.096648
3 121.71 418.48 261.17 505.55 0.096359
1 314.66 722.20 368.58 776.47 0.096065
3 88.70 514.66 328.19 884.44 0.096030
4 507.08 241.16 542.22 279.86 0.095467
4 1155.34 508.03 1248.98 641.51 0.095453
1 1020.31 313.28 1159.18 532.30 0.095065
5 937.97 48.92 972.25 81.64 0.095031
2 316.19 7.86 463.27 525.32 0.094909
6 1222.77 829.20 1285.63 874.62 0.094676
3 496.09 318.86 517.27 355.46 0.094620
2 1020.23 313.94 1159.40 530.50 0.094541
5 273.48 504.62 314.51 565.25 0.094137
4 937.80 49.09 987.64 92.28 0.094082
3 254.80 702.50 289.57 724.34 0.093518
1 694.79 744.69 723.23 776.45 0.093354
3 350.42 323.24 397.82 361.77 0.093059
1 402.90 858.69 451.90 915.43 0.093006
3 490.77 317.34 521.22 386.43 0.092594
1 494.70 421.86 511.31 453.63 0.092525
3 482.98 863.11 502.28 896.65 0.092493
3 1290.76 335.27 1395.95 483.67 0.092489
3 408.81 200.75 424.69 229.71 0.092350
3 252.62 909.25 394.84 953.11 0.091901
5 96.52 685.85 314.34 888.66 0.091696
3 1292.10 377.92 1380.03 480.57 0.091546
6 1155.45 508.13 1246.38 640.49 0.091365
2 564.45 637.01 605.48 694.17 0.091356
6 354.32 324.04 396.56 360.61 0.091246
2 1073.04 1002.11 1104.05 1027.73 0.090676
4 527.96 641.12 565.06 698.34 0.090632
1 572.35 799.13 681.71 875.52 0.090194
1 501.73 82.98 545.51 282.47 0.089975
3 676.93 227.00 733.71 337.57 0.089863
6 938.39 49.22 972.08 80.66 0.089647
4 632.24 114.86 699.76 179.23 0.089360
4 121.38 418.54 260.40 505.07 0.089212
3 370.76 54.76 387.36 95.91 0.089199
5 528.14 641.66 547.91 697.60 0.089112
1 132.64 587.18 170.70 696.35 0.088751
3 825.92 1021.81 852.65 1048.23 0.088732
6 574.28 644.25 605.90 684.28 0.088687
1 412.19 776.74 447.64 822.28 0.088633
2 674.22 224.80 736.75 339.84 0.088585
6 496.34 318.80 516.95 355.68 0.088511
4 1092.89 119.24 1173.01 202.19 0.088483
3 573.62 642.92 606.85 686.39 0.088448
3 425.73 860.27 446.66 881.26 0.088256
3 166.19 387.84 242.47 432.07 0.088248
5 475.45 837.89 501.46 895.29 0.087693
3 167.79 362.22 256.07 439.98 0.087683
3 545.23 689.16 588.88 781.74 0.087615
3 20.00 365.94 250.91 448.55 0.087609
3 9.17 2.28 588.30 1043.88 0.087513
1 322.59 12.83 465.33 365.43 0.087416
4 425.25 859.88 447.36 881.71 0.087325
6 1007.81 232.43 1045.04 285.11 0.087206
4 84.87 596.16 142.67 710.60 0.087190
1 84.61 584.85 170.60 712.99 0.087109
1 825.27 1021.26 856.05 1048.38 0.086489
2 20.85 2.14 885.24 1045.39 0.086274
5 508.84 159.85 537.46 192.60 0.085902
4 530.55 547.28 573.09 633.24 0.085876
2 27.50 1.54 597.08 1043.10 0.085871
3 1007.87 231.37 1044.59 284.25 0.085427
3 1093.26 119.51 1172.78 201.26 0.085285
1 1166.55 876.43 1207.91 938.76 0.085177
3 830.71 693.89 886.24 750.94 0.084982
2 334.39 279.12 393.32 314.62 0.084936
5 302.99 734.45 325.17 776.93 0.084618
3 1252.20 180.18 1336.51 256.12 0.084502
5 937.68 48.87 987.52 94.74 0.084196
3 479.21 605.34 521.33 631.13 0.084182
3 938.50 49.17 987.91 94.70 0.084096
1 349.42 426.92 367.06 446.56 0.084020
3 1190.60 676.13 1315.47 751.67 0.083992
3 380.55 756.86 413.65 813.05 0.083901
3 495.06 317.44 517.17 357.45 0.083900
3 1074.62 1003.63 1101.99 1025.33 0.083593
2 490.82 316.35 521.49 386.15 0.083562
3 121.53 706.63 262.02 862.27 0.083174
2 366.97 279.62 391.24 312.07 0.082923
3 503.84 84.38 537.72 193.13 0.082765
3 2.24 319.60 264.73 506.72 0.082423
4 105.75 710.09 147.05 739.50 0.082123
6 494.40 318.67 521.45 366.64 0.082061
1 536.79 399.81 634.05 527.07 0.081944
5 528.36 640.17 605.95 785.04 0.081940
5 634.24 136.99 672.53 174.99 0.081751
4 478.94 604.96 521.66 631.66 0.081708
5 676.61 226.54 734.47 339.14 0.081692
1 300.48 407.88 367.75 449.98 0.081465
3 325.11 321.61 404.92 362.51 0.081110
3 378.83 99.35 391.35 121.80 0.081036
4 278.12 378.04 309.33 455.91 0.080956
3 1274.68 203.27 1333.52 254.39 0.080828
5 1092.15 118.40 1174.39 203.25 0.080742
3 335.36 279.43 392.70 314.09 0.080573
2 300.25 408.32 367.79 449.68 0.080427
5 504.40 84.10 539.17 192.62 0.080331
3 495.15 422.47 511.00 453.02 0.080268
1 527.89 310.87 589.05 378.40 0.080241
3 273.86 497.68 367.49 566.26 0.080203
3 813.35 619.49 888.49 753.37 0.080035
6 545.01 688.91 588.77 781.48 0.079804
1 379.25 756.58 438.70 820.73 0.079723
4 1244.46 478.43 1288.60 531.93 0.079723
5 574.52 644.34 605.79 683.60 0.079716
4 1290.98 377.45 1380.53 482.28 0.079633
3 507.61 241.47 541.79 279.72 0.079553
3 420.53 95.77 434.57 120.40 0.079505
4 403.85 838.25 502.41 914.80 0.079034
6 431.71 457.20 450.96 496.98 0.079002
3 83.87 589.78 168.21 712.11 0.078995
4 873.96 6.51 915.34 32.19 0.078845
5 431.26 456.91 451.07 497.42 0.078804
4 981.54 83.73 1220.73 380.54 0.078701
2 338.76 721.84 369.50 773.27 0.078645
3 304.82 716.24 439.96 823.19 0.078535
2 369.79 52.99 388.50 96.33 0.078510
3 1169.13 878.15 1205.39 937.48 0.078233
3 379.79 758.20 411.05 811.84 0.078059
4 303.18 734.62 324.95 776.85 0.078020
1 508.46 743.28 531.58 779.75 0.077914
3 696.89 746.63 721.21 774.55 0.077846
3 1091.75 97.00 1209.31 238.92 0.077713
5 399.50 805.89 420.00 827.76 0.077677
6 1290.78 334.70 1396.38 486.06 0.077658
4 504.18 84.16 538.76 193.56 0.077651
6 634.42 137.08 672.37 174.65 0.077641
4 633.52 135.46 699.99 178.14 0.077482
3 96.72 534.88 172.41 579.07 0.077409
6 122.38 419.32 260.19 505.26 0.077310
6 273.84 504.84 314.06 564.83 0.076891
6 938.10 49.15 987.37 92.82 0.076888
6 504.75 84.44 538.50 192.60 0.076695
3 566.40 638.88 605.13 693.10 0.076599
5 129.58 362.59 256.57 446.63 0.076489
4 153.40 464.56 216.07 521.94 0.076460
5 15.36 367.02 262.11 506.74 0.076395
3 403.44 858.85 452.13 914.87 0.076273
3 416.22 779.20 435.75 804.13 0.076063
4 937.86 48.77 989.70 96.53 0.076038
3 1.89 294.84 263.60 505.58 0.076014
1 108.44 106.40 139.29 154.84 0.075938
3 302.88 322.96 322.27 366.95 0.075869
4 104.88 685.92 314.17 882.43 0.075795
3 300.76 407.98 366.76 448.13 0.075759
2 375.99 169.83 404.90 203.57 0.075293
4 1274.76 203.37 1333.94 254.28 0.074691
5 84.27 516.87 329.74 889.52 0.074578
3 159.12 581.26 270.67 693.13 0.074552
4 19.83 366.58 250.05 447.59 0.074543
3 306.15 753.49 348.74 819.66 0.074517
6 168.57 361.75 256.19 441.55 0.074371
3 1016.54 65.50 1221.97 529.85 0.074107
3 324.66 416.73 350.61 441.88 0.073991
1 81.96 560.49 173.12 714.14 0.073912
5 1008.03 244.99 1036.22 283.89 0.073799
2 211.00 919.63 242.38 962.35 0.073752
1 309.71 8.30 536.02 917.48 0.073548
4 164.57 362.49 256.15 443.59 0.073423
3 1221.96 828.19 1390.81 943.27 0.073392
4 415.58 778.79 436.01 804.97 0.073291
2 487.70 1019.49 516.82 1047.41 0.073225
3 695.42 745.59 722.40 775.77 0.073223
3 352.32 557.95 374.63 586.75 0.073220
3 506.34 294.12 530.42 309.11 0.073200
4 273.71 504.58 314.10 565.12 0.073185
4 573.02 644.58 605.41 686.06 0.073117
3 357.09 909.03 400.30 930.89 0.072882
4 66.50 429.93 115.74 479.21 0.072725
2 218.00 107.65 238.96 148.86 0.072707
6 528.50 641.79 547.22 697.34 0.072624
3 447.49 55.44 460.52 84.45 0.072603
3 634.27 136.36 699.77 177.56 0.072592
1 413.55 777.14 437.34 807.30 0.072483
6 1292.09 378.27 1380.04 480.53 0.072405
1 472.94 538.91 522.86 632.60 0.072372
3 106.14 693.03 174.23 760.51 0.072074
5 478.74 605.21 521.66 631.55 0.072059
2 494.32 316.52 518.06 358.46 0.072017
3 388.77 173.34 404.73 202.79 0.071979
3 1134.19 66.82 1179.88 89.01 0.071892
3 506.22 169.17 542.31 280.38 0.071869
3 399.86 806.42 419.74 827.17 0.071792
3 278.79 378.33 309.21 454.92 0.071760
3 223.47 1029.32 289.47 1049.58 0.071587
1 321.97 318.86 342.29 350.22 0.071524
5 4.10 2.22 1395.15 1046.65 0.071510
5 302.66 322.37 322.79 367.22 0.071431
5 164.34 362.30 256.24 442.86 0.071243
3 106.66 687.98 312.82 869.53 0.071225
2 326.67 278.24 405.79 364.78 0.071169
5 310.58 498.01 367.50 568.25 0.071161
2 293.58 2.97 612.02 1034.85 0.071113
3 794.73 814.85 839.14 898.77 0.071066
6 97.10 685.11 313.97 888.73 0.071049
4 1223.72 451.88 1289.05 533.13 0.070976
6 1091.93 45.81 1219.06 209.31 0.070965
2 306.58 3.12 542.23 1039.97 0.070824
6 633.63 115.59 673.42 174.88 0.070819
4 495.04 83.01 556.01 461.89 0.070652
3 573.31 801.93 624.92 874.69 0.070615
5 314.61 236.35 342.24 312.99 0.070508
3 105.94 710.14 146.87 738.97 0.070486
1 387.58 172.62 404.88 203.05 0.070465
5 633.14 115.79 674.57 175.53 0.070396
1 324.64 416.35 346.44 438.19 0.070194
6 878.68 376.62 899.27 416.53 0.070173
1 364.58 703.68 404.37 769.31 0.070108
2 527.37 310.41 599.85 377.76 0.070024
5 273.59 497.85 368.01 567.93 0.069840
2 694.89 744.21 723.05 776.59 0.069772
3 52.52 535.15 173.83 600.48 0.069732
1 402.93 884.53 429.58 915.60 0.069542
5 153.83 463.91 215.84 521.89 0.069511
1 123.60 807.25 146.49 861.72 0.069496
3 95.43 520.52 318.53 882.36 0.069334
3 152.92 464.46 214.96 522.19 0.069231
3 369.31 281.54 389.23 309.97 0.069177
6 302.93 303.55 324.64 367.16 0.069173
3 325.05 16.31 444.12 363.66 0.069113
3 633.14 114.77 699.54 178.40 0.069107
1 820.50 124.61 842.11 164.08 0.069102
3 19.94 367.30 138.83 444.71 0.068926
3 117.27 521.50 285.76 867.61 0.068902
6 19.84 366.07 250.69 449.15 0.068823
1 126.66 716.41 150.82 758.35 0.068730
1 342.66 718.44 393.75 772.64 0.068648
1 1150.79 504.97 1225.26 643.47 0.068522
3 380.89 779.20 437.20 827.11 0.068510
3 133.22 589.59 169.85 695.09 0.068509
3 321.76 12.25 463.59 364.59 0.068489
2 391.19 64.26 406.06 96.68 0.068311
5 83.59 595.78 143.21 711.92 0.068107
3 305.38 722.56 442.11 841.20 0.068036
4 806.57 850.02 836.71 898.06 0.067950
3 16.45 51.31 82.27 99.00 0.067884
3 324.01 278.62 406.23 363.79 0.067874
4 506.03 293.68 531.11 309.28 0.067652
4 302.48 323.92 322.55 367.57 0.067608
3 424.87 839.08 499.33 882.73 0.067579
1 528.63 314.51 574.29 369.83 0.067448
3 873.89 6.08 916.71 31.12 0.067225
3 1242.43 477.63 1288.35 532.07 0.067200
5 1222.58 846.59 1282.63 875.39 0.067135
5 573.54 801.54 623.03 875.55 0.067037
3 475.58 839.28 498.28 875.59 0.066944
3 1250.66 141.10 1391.76 263.54 0.066913
2 536.13 399.42 633.92 525.78 0.066904
2 20.51 2.05 788.68 1044.65 0.066803
3 495.81 83.18 554.52 461.96 0.066741
3 1167.62 876.64 1206.60 939.23 0.066676
2 380.42 756.21 414.76 813.58 0.066666
3 158.13 523.75 274.75 696.29 0.066526
6 2.61 2.14 1397.01 1046.94 0.066461
3 312.52 11.44 462.99 533.92 0.066416
4 83.99 587.78 169.00 712.64 0.066362
3 1093.82 43.56 1131.87 78.30 0.066276
6 273.92 497.91 367.87 567.28 0.066245
3 1115.52 -0.08 1151.53 20.35 0.066205
3 1050.70 6.46 1088.97 31.20 0.066030
6 1092.54 115.58 1175.52 203.11 0.065885
3 4.35 1.34 403.34 893.52 0.065779
3 826.93 1022.73 851.04 1047.38 0.065688
1 379.53 15.43 395.29 50.14 0.065586
3 528.35 642.15 546.81 697.24 0.065498
1 684.00 637.93 782.21 757.38 0.065319
4 146.52 199.54 268.81 280.68 0.065273
1 12.40 1.95 594.83 1044.41 0.065257
5 1045.13 631.14 1161.52 697.29 0.065153
3 826.54 1021.70 864.58 1048.23 0.065152
1 299.44 6.39 614.91 927.75 0.065149
3 123.36 761.74 261.59 861.33 0.065144
4 431.13 456.67 451.24 497.39 0.065057
3 123.67 804.29 147.01 861.53 0.065035
5 167.09 388.77 241.61 429.74 0.064988
5 806.41 850.09 837.22 898.29 0.064964
1 606.96 758.83 630.66 803.02 0.064869
3 403.39 885.09 428.56 915.06 0.064854
6 315.39 235.78 342.00 313.59 0.064743
6 1022.10 314.53 1154.86 529.85 0.064734
3 127.47 717.30 150.55 758.90 0.064727
4 159.82 967.81 183.83 995.67 0.064722
5 82.69 563.54 114.22 596.70 0.064720
4 1193.53 134.50 1225.34 160.27 0.064568
4 137.43 692.05 174.89 728.33 0.064409
3 562.92 643.87 605.13 692.51 0.064409
2 825.40 1021.19 854.23 1048.23 0.064349
3 1300.96 829.52 1390.91 908.45 0.064321
4 95.47 507.55 133.31 536.30 0.064053
4 1289.87 336.24 1395.69 485.44 0.064013
2 14.73 365.17 264.44 507.89 0.063922
6 82.93 514.92 327.86 889.61 0.063901
3 83.29 563.80 114.02 596.35 0.063798
3 357.61 910.61 383.36 930.18 0.063766
2 273.88 1.93 632.38 1044.86 0.063742
5 1291.43 378.01 1380.33 483.05 0.063702
5 254.27 701.99 289.84 724.94 0.063699
6 0.99 298.73 262.73 508.99 0.063560
3 1158.30 201.32 1215.63 299.64 0.063550
1 558.58 759.32 628.40 815.66 0.063521
5 1193.23 134.29 1225.76 161.72 0.063367
3 407.08 93.69 436.39 173.23 0.063351
3 1091.50 45.03 1210.76 218.72 0.063268
4 529.13 317.76 596.25 372.11 0.063140
1 311.21 716.79 398.80 778.12 0.063045
3 1223.73 452.60 1288.43 532.91 0.062977
1 95.96 519.28 326.52 881.55 0.062904
5 96.60 535.00 170.97 579.58 0.062855
6 1242.20 331.96 1335.36 431.99 0.062733
3 106.10 692.67 174.19 738.93 0.062729
3 95.22 507.86 133.34 536.34 0.062650
6 223.40 1029.44 289.72 1049.69 0.062536
6 490.22 82.57 568.88 530.08 0.062529
5 415.87 779.06 435.94 804.50 0.062521
4 486.32 82.73 567.37 525.56 0.062485
2 85.17 585.72 171.39 712.97 0.062329
3 316.60 754.12 347.98 817.07 0.062319
3 575.64 652.89 599.80 680.34 0.062182
3 61.96 510.41 349.63 889.71 0.062176
1 234.25 717.51 258.40 784.06 0.062147
6 105.91 710.64 147.08 739.46 0.062026
6 509.14 160.27 536.53 192.56 0.061996
3 349.81 427.20 366.50 445.34 0.061957
1 527.76 309.42 602.23 379.37 0.061940
6 146.13 199.21 269.09 281.14 0.061887
3 322.60 318.86 341.85 349.63 0.061884
3 415.17 778.75 443.91 819.78 0.061751
3 158.42 837.83 501.68 996.07 0.061613
3 411.06 128.37 429.46 170.42 0.061591
1 402.63 836.75 504.84 915.99 0.061518
3 1193.60 134.85 1224.99 160.45 0.061512
3 21.11 365.14 234.63 450.98 0.061505
3 130.25 717.57 149.43 758.23 0.061173
5 1054.61 46.17 1072.49 73.38 0.060942
1 335.14 281.32 355.93 312.58 0.060887
3 234.63 717.19 257.97 783.52 0.060801
5 2.79 1.37 391.84 891.16 0.060784
3 368.95 15.89 431.77 516.27 0.060767
1 322.11 320.09 405.35 363.88 0.060758
1 298.89 386.55 319.06 437.76 0.060662
3 868.63 3.12 1225.68 532.97 0.060656
6 96.88 534.99 171.73 580.03 0.060443
3 7.62 1.68 781.51 1044.59 0.060371
4 475.57 840.18 498.86 875.97 0.060330
3 379.80 15.02 394.88 49.60 0.060330
5 968.63 619.12 1161.80 733.55 0.060289
3 5.23 0.69 461.51 1044.66 0.060193
3 1276.27 202.87 1331.36 255.63 0.060140
2 811.81 618.79 889.25 753.21 0.060077
4 19.55 367.26 139.50 444.70 0.060067
2 306.11 752.10 349.25 820.27 0.060049
3 510.85 745.28 529.35 777.75 0.060040
3 1094.01 100.23 1206.99 162.66 0.059850
6 254.35 702.42 289.38 724.74 0.059817
2 377.75 98.72 392.05 122.25 0.059798
3 109.16 106.75 138.35 154.09 0.059732
5 1248.40 139.06 1394.49 262.93 0.059711
3 354.31 325.22 388.48 357.84 0.059704
2 1166.55 876.20 1207.36 940.16 0.059670
4 356.91 908.57 401.74 931.55 0.059564
3 166.26 524.00 275.09 590.46 0.059529
3 985.05 46.64 1283.09 539.36 0.059384
3 379.23 785.67 401.77 851.30 0.059355
3 370.24 476.35 400.39 516.67 0.059325
3 94.10 507.68 177.10 580.85 0.059248
5 1090.91 45.68 1218.78 211.76 0.059243
5 696.84 746.36 721.90 774.65 0.059165
2 325.16 416.70 349.02 441.04 0.059047
1 1287.71 674.47 1317.54 701.03 0.059010
3 1289.92 676.62 1314.85 696.84 0.058936
3 315.04 236.78 341.61 313.02 0.058913
3 504.97 171.99 543.76 281.88 0.058892
6 416.16 779.32 435.59 804.53 0.058786
6 153.38 464.39 212.22 521.12 0.058691
6 19.49 367.35 138.44 444.34 0.058583
2 306.81 7.86 466.07 591.23 0.058554
3 2.65 1.85 695.04 1044.24 0.058515
1 529.54 637.04 606.00 698.95 0.058494
6 404.01 838.64 501.70 914.32 0.058457
3 202.69 428.49 263.88 505.94 0.058349
4 195.49 436.75 261.43 505.68 0.058258
3 355.69 907.98 400.21 932.41 0.058196
3 138.08 692.14 174.66 728.01 0.057978
5 157.76 523.17 274.87 696.87 0.057731
2 424.04 858.74 448.31 883.90 0.057607
3 379.67 784.51 420.98 827.69 0.057575
3 529.43 319.40 593.75 372.06 0.057522
6 1008.76 247.75 1031.80 282.57 0.057514
4 1074.35 1003.53 1102.41 1025.60 0.057433
5 83.16 589.34 168.03 713.75 0.057432
6 528.88 640.53 607.27 785.37 0.057412
1 305.97 714.83 507.68 914.61 0.057407
1 387.78 756.27 413.23 802.46 0.057372
3 825.28 1019.86 866.59 1048.55 0.057371
5 121.27 703.86 262.43 862.86 0.057351
6 1186.38 250.38 1250.21 355.52 0.057298
5 425.60 860.16 446.47 881.52 0.057271
4 325.34 417.03 363.95 444.13 0.057270
6 1236.58 474.17 1288.77 533.69 0.057239
2 499.80 83.45 545.81 282.70 0.057168
3 27.23 481.46 60.51 500.70 0.057137
1 1221.16 827.68 1287.26 877.90 0.057107
3 54.32 243.66 72.46 283.71 0.057086
3 357.84 129.19 376.50 161.62 0.057084
1 119.60 707.42 265.50 864.47 0.056943
3 53.25 243.09 73.60 284.91 0.056867
5 633.17 134.60 700.00 179.23 0.056862
6 630.69 115.00 699.75 179.91 0.056810
2 364.60 220.99 390.33 248.52 0.056768
1 350.00 324.20 369.32 350.23 0.056741
3 325.25 416.67 346.39 437.56 0.056655
1 157.94 574.90 272.43 696.99 0.056504
4 399.16 806.23 419.92 827.82 0.056423
3 413.50 777.33 447.40 821.87 0.056407
5 1006.49 231.61 1050.74 315.65 0.056312
1 684.16 148.55 702.37 181.40 0.056305
4 676.65 226.35 734.82 338.56 0.056222
4 0.82 294.56 263.49 509.56 0.056158
6 399.73 806.47 419.77 827.50 0.056080
1 483.15 863.90 505.57 900.24 0.056077
2 352.04 10.53 454.39 518.49 0.056044
2 820.38 124.46 842.22 164.28 0.055973
1 17.57 2.13 823.35 1044.19 0.055924
2 82.44 559.22 174.14 714.16 0.055913
3 528.69 640.27 607.26 785.98 0.055790
3 807.72 732.05 1123.30 940.70 0.055783
3 344.82 102.18 372.23 161.72 0.055737
3 213.49 915.84 245.20 959.55 0.055639
3 326.35 418.04 345.84 436.83 0.055451
2 807.53 730.71 1124.78 941.24 0.055422
5 1234.99 472.06 1289.19 534.35 0.055351
3 414.53 777.67 436.70 805.72 0.055344
3 379.96 758.03 437.57 827.56 0.055328
3 823.21 127.00 839.12 159.60 0.055302
6 479.01 605.28 521.45 631.12 0.055269
1 52.35 242.48 74.47 285.53 0.055268
3 52.35 508.39 178.60 601.23 0.055247
6 302.93 321.93 322.34 367.09 0.055217
3 404.22 885.99 428.54 913.65 0.055167
1 307.00 3.94 541.15 1040.02 0.055167
3 688.46 645.55 777.45 750.52 0.055115
4 273.69 497.62 368.11 566.84 0.055068
3 163.23 583.93 269.50 641.68 0.055031
4 1049.05 564.90 1151.39 629.19 0.055023
5 223.03 1029.17 290.16 1049.52 0.054977
3 153.62 464.56 203.48 519.78 0.054898
3 336.38 283.27 367.32 312.43 0.054821
6 310.80 498.08 367.43 568.14 0.054758
4 874.90 5.35 1225.47 387.75 0.054716
1 302.80 734.49 326.65 779.18 0.054715
2 91.70 3.53 506.85 999.67 0.054704
3 430.64 55.45 443.70 87.49 0.054688
4 1221.41 828.03 1389.72 942.20 0.054675
5 20.24 367.01 251.00 447.64 0.054663
6 633.41 135.31 699.96 178.38 0.054622
1 1188.01 673.74 1318.20 754.69 0.054611
5 576.04 654.22 599.06 679.66 0.054603
3 821.27 125.19 840.99 162.67 0.054569
3 496.33 423.61 509.68 451.14 0.054568
3 872.69 2.14 945.29 53.52 0.054552
6 497.18 82.89 553.76 462.13 0.054429
3 52.21 563.84 114.44 598.96 0.054408
4 96.26 534.31 173.55 582.29 0.054333
1 558.65 784.87 587.84 815.07 0.054316
1 309.63 11.16 463.57 524.83 0.054285
3 258.05 910.82 381.14 952.16 0.054272
2 494.55 421.87 512.61 453.68 0.054260
3 635.66 152.38 670.46 173.61 0.054255
5 1143.68 23.16 1170.70 53.79 0.054226
4 1168.71 878.09 1206.07 932.81 0.054185
3 1300.64 844.76 1363.25 897.96 0.054063
2 378.88 756.12 438.20 819.60 0.054043
5 123.11 761.35 261.60 862.22 0.054025
3 312.33 722.31 368.82 776.35 0.053997
4 872.40 1.39 944.47 49.40 0.053894
3 1006.66 231.40 1051.16 320.16 0.053884
6 1222.24 448.25 1289.27 533.89 0.053848
5 66.78 430.97 113.21 479.17 0.053800
3 323.14 319.51 340.35 348.31 0.053715
1 506.61 370.13 553.03 455.90 0.053624
3 1157.97 824.94 1395.92 1047.24 0.053496
2 505.98 256.41 790.17 774.38 0.053465
2 313.81 721.85 368.76 777.13 0.053434
3 484.54 865.27 504.70 899.20 0.053412
3 366.39 55.25 385.97 95.70 0.053410
1 134.89 690.74 176.17 730.84 0.053209
3 366.11 721.04 388.20 762.01 0.053179
6 507.51 241.16 542.11 280.07 0.053118
2 108.36 106.46 139.28 154.94 0.053114
6 84.57 595.83 142.84 711.18 0.053111
6 981.84 91.10 1222.42 381.66 0.053087
2 16.07 50.53 82.74 99.30 0.053054
6 1265.32 831.73 1390.37 943.29 0.053044
3 572.09 762.63 680.78 874.60 0.052997
3 198.53 436.53 261.37 504.97 0.052929
3 474.39 840.28 499.45 878.75 0.052883
6 1144.25 23.61 1170.12 53.43 0.052866
4 1171.15 828.26 1391.02 943.52 0.052850
1 355.02 907.58 400.58 933.15 0.052829
6 872.77 0.60 945.85 49.41 0.052813
4 544.82 688.63 590.95 781.05 0.052761
1 120.25 416.99 260.26 506.01 0.052756
3 302.62 733.35 325.30 778.00 0.052642
3 316.96 318.85 402.75 361.23 0.052638
4 1045.14 567.50 1160.87 694.90 0.052600
1 490.73 302.91 598.78 392.01 0.052521
3 390.16 174.84 403.58 201.25 0.052436
5 1186.15 250.28 1250.48 355.85 0.052435
6 969.30 619.45 1162.50 732.73 0.052413
1 317.39 754.57 348.34 816.18 0.052404
6 1193.52 134.77 1225.37 159.90 0.052358
3 1155.83 507.42 1208.83 635.30 0.052320
4 496.85 423.00 547.72 458.65 0.052303
3 1054.71 46.48 1071.95 72.96 0.052277
5 159.87 967.98 183.66 995.75 0.052185
3 304.01 734.80 324.23 775.15 0.052164
6 576.45 654.77 598.58 679.49 0.052095
3 1251.52 480.10 1287.99 528.45 0.052074
5 1241.42 332.30 1337.37 432.61 0.052049
4 1057.47 6.84 1088.93 31.07 0.052014
5 1290.24 335.37 1396.17 486.54 0.052013
5 159.40 580.61 270.87 692.83 0.051978
3 267.65 560.26 350.49 724.04 0.051932
6 1045.25 630.92 1161.37 696.49 0.051921
4 489.60 347.28 523.88 387.89 0.051894
6 477.46 455.89 513.14 526.64 0.051872
2 133.56 588.04 170.94 696.54 0.051785
1 632.65 329.48 722.63 442.59 0.051760
3 303.02 410.10 364.96 446.57 0.051713
2 76.13 2.60 468.02 892.06 0.051684
3 321.14 318.80 338.86 347.88 0.051657
4 106.12 692.34 174.76 739.03 0.051632
6 1222.82 846.69 1282.50 875.04 0.051594
3 1159.42 201.50 1214.34 293.67 0.051214
2 558.19 759.15 628.68 815.64 0.051207
3 302.46 411.08 317.75 436.44 0.051171
5 874.53 6.31 914.84 33.26 0.051156
4 1155.31 507.36 1208.53 635.57 0.051129
4 1253.12 185.11 1338.51 256.79 0.051068
5 506.23 293.74 530.92 309.99 0.050993
4 276.31 377.49 312.14 475.11 0.050987
4 403.92 859.97 451.97 914.11 0.050958
3 7.17 2.39 902.52 1045.43 0.050864
3 321.45 280.07 403.10 361.84 0.050854
4 84.10 523.38 327.31 888.92 0.050840
5 1273.27 201.92 1333.93 254.90 0.050822
5 106.02 710.41 147.20 740.32 0.050804
1 1041.87 5.40 1090.36 36.82 0.050797
3 133.74 592.74 167.76 691.69 0.050790
3 1334.69 183.15 1394.01 261.99 0.050743
3 51.89 567.07 82.68 598.32 0.050675
3 1008.69 247.91 1031.81 282.84 0.050518
6 1155.41 508.00 1207.81 634.28 0.050178
4 351.94 557.98 374.71 587.00 0.050167
3 303.21 686.09 342.75 724.98 0.050140
4 861.38 915.85 905.69 948.45 0.050130
3 528.66 312.17 595.75 376.10 0.050095
3 481.14 511.19 516.12 533.70 0.050076
4 1241.45 332.38 1338.54 432.69 0.050073
3 404.15 884.20 441.65 914.15 0.050029
6 94.51 507.97 175.99 577.98 0.050020
3 487.25 262.53 606.71 529.94 0.049996
1 344.19 509.11 364.44 532.12 0.049925
3 673.87 226.95 734.22 427.50 0.049924
6 1273.94 202.12 1334.03 255.19 0.049870
3 497.13 423.45 546.65 458.12 0.049823
1 485.74 263.41 608.18 531.77 0.049799
2 292.43 4.90 893.27 1044.66 0.049690
2 321.94 318.25 342.35 350.55 0.049660
6 302.65 686.20 342.92 726.65 0.049659
3 82.22 176.80 106.83 217.15 0.049423
3 341.56 720.37 388.80 772.55 0.049406
4 133.11 589.23 168.89 692.60 0.049336
6 66.78 431.55 112.42 479.02 0.049321
3 85.48 576.68 272.18 713.13 0.049274
4 82.63 562.97 114.79 596.93 0.049269
1 385.14 496.94 403.15 517.98 0.049265
3 521.58 466.68 561.10 531.78 0.049236
5 1222.43 828.79 1390.27 944.18 0.049232
6 425.49 860.33 445.93 881.24 0.049194
1 81.51 176.32 107.84 218.04 0.049169
3 123.99 760.73 232.71 798.94 0.049063
3 313.68 237.19 341.82 346.71 0.049031
3 1045.21 6.07 1089.10 32.84 0.048991
3 979.48 158.35 1023.16 226.05 0.048980
3 106.00 694.26 174.27 859.99 0.048944
3 376.62 4.64 393.12 49.19 0.048777
6 505.81 293.76 556.69 352.25 0.048769
3 393.13 66.47 404.96 94.96 0.048752
3 490.41 275.59 594.58 386.14 0.048659
1 120.87 558.60 171.24 584.71 0.048643
6 1159.24 201.84 1214.45 294.22 0.048641
3 355.87 909.34 384.72 931.90 0.048574
5 268.57 560.09 328.33 688.15 0.048555
3 160.01 636.02 269.01 692.82 0.048555
3 559.21 760.05 627.30 814.72 0.048523
3 236.21 719.65 256.26 781.17 0.048500
3 1221.67 827.96 1286.62 876.21 0.048413
5 325.21 417.21 364.37 444.08 0.048372
3 1094.77 197.12 1216.83 378.63 0.048199
6 279.10 378.47 309.11 454.74 0.048179
3 873.43 2.78 1042.20 165.34 0.048175
4 559.90 774.28 601.12 812.81 0.048090
6 82.88 563.35 114.45 596.59 0.048078
2 369.61 475.62 400.53 517.54 0.048067
3 1242.10 330.77 1336.69 431.71 0.048044
3 377.06 7.12 393.54 48.74 0.048010
4 404.23 885.16 430.97 914.22 0.048004
3 191.59 332.36 254.03 381.71 0.047989
3 49.50 5.30 409.17 890.67 0.047954
5 1141.70 0.69 1259.00 103.51 0.047911
1 190.21 312.96 219.55 365.32 0.047888
6 1223.76 828.76 1389.85 943.16 0.047880
3 873.28 0.52 947.65 50.44 0.047860
5 1021.96 314.56 1155.51 529.71 0.047820
6 0.34 55.85 89.28 282.09 0.047797
5 475.69 839.84 498.91 876.56 0.047776
5 299.22 385.19 318.32 436.05 0.047734
2 572.16 799.26 681.41 875.23 0.047644
1 155.92 522.46 275.98 700.58 0.047610
2 157.64 915.46 247.95 997.95 0.047601
4 978.99 159.28 1024.70 225.87 0.047560
3 1259.13 159.69 1355.12 306.07 0.047514
3 696.17 910.94 733.11 932.10 0.047487
2 967.60 618.71 1053.20 732.65 0.047482
3 136.12 691.10 175.70 729.73 0.047470
3 27.49 324.89 50.29 347.61 0.047438
4 576.35 654.76 598.57 678.83 0.047411
4 1063.44 661.33 1158.71 697.01 0.047364
2 16.65 2.23 1145.71 1045.74 0.047357
3 1144.09 23.54 1169.86 54.34 0.047333
3 686.34 152.06 699.90 174.54 0.047256
6 1113.04 43.71 1147.13 80.27 0.047236
4 1289.95 676.29 1315.36 697.06 0.047201
2 309.08 715.46 400.96 780.47 0.047190
5 369.24 281.29 389.54 310.39 0.047188
4 368.99 281.33 390.02 310.42 0.047177
3 342.27 718.91 393.04 772.27 0.047155
1 493.93 256.43 788.11 774.48 0.047099
3 375.03 335.75 402.19 360.18 0.047080
3 123.64 558.54 171.14 580.57 0.047079
3 3.34 358.52 357.01 889.60 0.047049
4 302.49 279.39 403.00 363.45 0.047018
2 1187.59 673.31 1318.50 755.41 0.047015
4 696.58 745.70 721.96 774.52 0.046986
1 504.41 166.11 544.24 282.94 0.046946
3 304.39 562.99 349.78 723.58 0.046885
2 234.47 717.32 258.40 783.09 0.046808
3 122.10 558.39 170.71 583.22 0.046753
5 95.68 507.63 133.26 536.99 0.046675
4 871.77 1.04 928.18 31.53 0.046665
5 529.24 318.80 592.33 372.51 0.046632
3 1063.15 661.87 1157.09 696.11 0.046599
3 106.14 708.27 149.72 760.17 0.046583
4 213.31 916.19 244.74 959.47 0.046581
3 530.38 313.54 591.98 373.59 0.046563
4 122.85 760.92 261.83 861.52 0.046538
4 116.39 403.91 164.24 444.15 0.046530
3 489.76 352.81 507.10 386.46 0.046415
3 1085.45 1.82 1187.07 102.81 0.046410
4 0.90 402.66 215.69 515.32 0.046228
3 335.72 282.03 363.40 312.20 0.046208
6 874.35 6.41 916.59 32.89 0.046183
3 1.41 2.24 99.35 122.63 0.046121
5 872.08 1.30 945.43 51.97 0.046065
1 406.91 93.19 437.17 173.56 0.046057
2 811.82 1.68 1395.00 1044.89 0.045957
2 473.08 538.98 522.90 632.61 0.045911
5 166.77 523.37 274.86 588.95 0.045904
4 1022.11 313.98 1155.62 529.28 0.045881
4 1334.38 182.63 1393.79 262.15 0.045874
3 345.37 509.51 364.79 530.04 0.045835
5 1250.16 479.25 1288.23 529.50 0.045810
1 116.40 714.91 151.36 780.41 0.045803
5 352.02 301.83 402.23 362.33 0.045744
5 408.31 200.26 424.62 229.79 0.045714
6 325.48 417.55 363.69 443.41 0.045681
3 1092.94 119.47 1148.00 160.06 0.045665
5 302.49 685.91 342.86 726.03 0.045613
3 318.01 778.84 346.91 816.84 0.045605
3 192.59 360.92 255.86 398.12 0.045580
4 509.74 1.20 541.73 75.34 0.045567
4 223.75 362.75 256.31 442.77 0.045566
6 1152.44 250.63 1248.86 379.34 0.045558
6 475.72 838.20 501.38 894.90 0.045474
6 1093.13 151.83 1172.90 248.16 0.045420
2 178.85 313.06 255.02 372.46 0.045409
3 1334.60 215.00 1384.73 261.94 0.045376
1 506.94 0.39 545.22 76.25 0.045324
5 981.55 94.20 1219.18 341.66 0.045273
6 83.92 588.80 168.65 713.66 0.045270
4 505.49 292.52 557.76 344.08 0.045215
5 1155.18 508.11 1206.93 634.74 0.045194
3 121.35 560.50 162.46 598.78 0.045132
4 529.34 323.82 560.92 358.04 0.045125
5 200.03 436.96 260.58 504.66 0.045071
3 1274.54 162.36 1353.75 254.30 0.045013
5 861.18 915.76 905.77 949.05 0.045010
1 488.52 348.39 524.16 389.39 0.044993
3 302.16 12.12 604.53 919.38 0.044958
3 134.60 594.33 167.69 656.27 0.044944
3 484.43 82.60 572.61 527.00 0.044912
6 550.40 54.37 612.01 283.33 0.044888
5 1189.76 133.90 1227.00 172.07 0.044878
3 1234.81 334.31 1395.51 531.29 0.044873
6 160.25 968.22 183.45 995.37 0.044830
2 99.30 517.94 323.28 876.19 0.044762
2 379.00 14.66 395.10 50.10 0.044750
5 137.00 691.82 174.90 728.82 0.044734
4 27.16 481.37 61.05 501.23 0.044730
4 0.10 287.99 20.82 331.97 0.044676
1 211.72 924.17 236.17 963.16 0.044661
3 805.93 848.95 906.56 950.67 0.044575
3 537.36 399.78 632.94 526.48 0.044488
6 1249.44 140.24 1392.54 262.58 0.044484
4 2.67 366.80 136.73 479.03 0.044483
6 137.73 692.19 174.68 727.76 0.044445
3 120.65 719.43 150.96 861.84 0.044437
2 838.57 3.71 1017.06 285.61 0.044417
6 979.17 34.40 1233.28 387.66 0.044414
1 489.08 284.35 602.79 462.80 0.044391
1 357.60 129.87 376.45 161.74 0.044357
3 407.95 19.30 434.16 171.43 0.044334
2 489.58 302.63 604.34 389.99 0.044320
2 123.74 807.34 146.74 861.64 0.044313
3 612.23 761.13 627.57 800.70 0.044216
5 233.83 442.98 290.77 487.56 0.044216
5 365.62 720.72 388.81 762.92 0.044135
6 315.03 194.48 345.96 315.71 0.044099
6 200.92 436.70 260.32 503.15 0.044090
3 344.63 510.16 364.04 531.61 0.044046
3 149.96 464.61 200.94 562.16 0.044044
3 356.29 179.68 369.05 201.78 0.044009
3 0.51 1012.76 30.29 1048.52 0.044002
3 992.10 93.50 1042.26 163.80 0.043971
6 697.06 746.18 721.78 774.29 0.043946
5 822.87 126.51 839.79 160.22 0.043945
2 412.72 776.50 442.46 816.14 0.043908
2 119.50 703.60 265.72 864.07 0.043896
3 1151.49 505.36 1222.09 640.18 0.043799
3 10.67 3.11 1191.53 1045.95 0.043792
2 302.25 12.59 781.13 916.70 0.043692
6 95.47 507.86 133.18 536.42 0.043690
5 490.20 348.49 523.77 387.60 0.043644
1 317.45 752.81 342.36 786.37 0.043587
6 490.35 348.63 523.60 387.45 0.043542
5 380.13 785.15 420.57 828.34 0.043455
5 122.09 418.24 260.05 505.32 0.043451
4 335.78 280.40 391.56 312.61 0.043429
3 353.62 324.99 387.34 353.03 0.043410
2 88.33 6.41 1125.85 1044.92 0.043405
3 82.68 523.66 276.44 716.44 0.043390
1 490.21 265.25 606.88 394.00 0.043331
3 299.90 385.50 317.76 436.31 0.043329
3 482.00 512.49 504.64 532.50 0.043317
5 1054.55 6.43 1088.81 31.50 0.043293
3 335.41 281.62 353.14 311.64 0.043269
4 223.10 1029.29 290.32 1049.37 0.043228
3 1266.15 831.75 1390.85 942.47 0.043217
1 829.46 693.14 888.40 753.99 0.043209
3 570.08 291.34 591.99 370.75 0.043204
2 158.66 576.53 271.91 696.96 0.043173
4 234.30 363.37 256.50 400.75 0.043160
4 1191.58 701.80 1228.29 750.86 0.043154
4 159.61 577.57 271.62 694.14 0.043129
3 336.29 282.96 352.99 309.88 0.043006
6 1054.77 46.47 1072.24 72.98 0.042960
6 506.62 294.20 530.82 309.28 0.042957
3 686.22 151.70 699.58 177.87 0.042954
4 122.33 556.71 171.38 586.56 0.042903
5 267.30 559.78 350.20 724.31 0.042902
3 560.23 789.63 582.35 812.03 0.042890
1 306.90 722.40 367.44 817.75 0.042875
3 233.32 442.85 290.71 486.94 0.042871
1 109.50 693.61 315.49 871.37 0.042853
4 1250.51 142.65 1392.35 264.79 0.042842
4 1006.34 231.42 1051.37 319.13 0.042719
3 312.02 504.56 331.11 531.74 0.042715
3 1185.81 250.66 1249.83 354.62 0.042710
3 1049.40 564.27 1155.35 629.18 0.042694
5 115.88 521.92 302.62 871.10 0.042644
4 635.34 151.36 670.71 173.81 0.042563
1 1204.37 700.02 1228.97 724.88 0.042558
4 314.44 236.69 342.05 311.89 0.042514
3 370.60 58.28 385.33 94.47 0.042504
5 1221.01 448.63 1289.63 534.17 0.042424
6 2.36 367.03 136.40 478.29 0.042420
3 507.72 2.81 538.28 75.59 0.042405
4 120.86 705.36 261.59 862.44 0.042397
3 1229.02 463.17 1288.62 532.54 0.042392
6 268.47 560.68 328.15 686.66 0.042291
1 310.58 505.60 328.95 533.33 0.042268
4 352.61 299.97 402.51 362.74 0.042223
6 1043.56 6.07 1089.71 33.83 0.042221
5 224.50 362.85 256.42 440.66 0.042168
6 233.76 443.05 290.77 488.59 0.042155
3 311.02 498.01 367.46 570.25 0.042155
3 826.68 1014.61 877.48 1048.38 0.042053
3 401.35 15.24 442.68 269.23 0.041978
3 151.06 3.55 458.23 997.44 0.041925
6 1006.39 231.39 1051.55 318.14 0.041884
1 15.67 50.22 82.86 100.30 0.041862
5 495.59 82.83 555.89 461.18 0.041848
4 117.69 363.89 261.53 505.98 0.041791
6 366.39 55.59 386.52 95.69 0.041768
5 1334.53 182.34 1395.61 262.74 0.041761
2 349.54 426.89 367.28 446.20 0.041741
3 507.25 261.26 607.45 373.96 0.041735
4 505.49 291.61 556.21 312.29 0.041670
5 674.69 226.38 735.17 428.26 0.041611
3 1247.41 138.28 1396.05 335.39 0.041608
3 1150.48 304.06 1213.69 380.66 0.041579
3 488.62 989.63 561.87 1045.54 0.041552
4 380.75 777.63 438.33 825.39 0.041545
3 527.20 641.30 548.17 698.55 0.041491
1 316.88 774.03 348.62 819.38 0.041487
2 394.12 13.75 446.03 271.52 0.041446
3 317.94 11.54 606.48 539.04 0.041437
3 496.12 319.08 516.12 354.67 0.041405
4 1244.34 333.41 1392.87 488.41 0.041364
6 369.49 281.55 389.44 310.07 0.041354
5 352.35 558.13 374.54 587.25 0.041322
2 52.35 242.05 74.64 285.57 0.041251
1 157.20 905.16 405.12 998.19 0.041223
5 93.96 507.85 175.30 576.82 0.041171
2 340.82 717.94 396.42 773.60 0.041159
5 314.33 200.07 345.94 314.90 0.041155
6 1058.20 7.55 1088.17 30.73 0.041148
1 318.16 8.88 464.44 923.11 0.041130
5 510.40 370.81 548.64 443.65 0.041099
1 334.26 280.99 368.28 313.88 0.041031
4 134.15 593.18 167.97 657.03 0.041029
5 1252.50 141.78 1353.73 252.42 0.041023
3 151.36 505.27 182.56 563.10 0.041007
2 119.84 417.37 263.97 506.46 0.040994
3 1086.08 0.87 1133.54 81.99 0.040990
4 94.22 507.25 176.99 577.81 0.040990
3 495.06 155.46 554.59 462.43 0.040964
3 978.77 68.90 1226.29 528.42 0.040963
1 121.58 559.82 145.76 584.57 0.040960
3 318.92 786.69 343.58 817.75 0.040928
5 560.19 774.35 601.55 813.26 0.040908
2 5.05 -1.33 479.86 1042.58 0.040851
1 377.58 782.37 410.41 817.10 0.040839
2 413.93 777.08 437.32 805.95 0.040811
3 1288.57 675.16 1316.47 699.25 0.040776
4 123.40 760.92 233.00 798.87 0.040755
1 276.95 365.85 311.46 459.17 0.040744
2 334.90 281.05 356.69 312.82 0.040735
1 1149.49 504.80 1242.51 677.81 0.040714
6 1092.97 120.05 1174.33 201.97 0.040697
3 1206.09 701.95 1227.14 721.01 0.040684
6 1143.41 0.60 1256.70 103.36 0.040680
2 402.93 858.54 451.16 915.12 0.040678
3 1265.52 142.72 1352.66 207.04 0.040667
1 151.22 504.85 183.48 563.89 0.040644
2 120.67 558.09 171.78 584.71 0.040637
5 1265.11 141.34 1352.85 207.44 0.040543
2 824.41 1016.35 866.98 1048.30 0.040534
4 1133.52 66.52 1179.69 93.01 0.040464
1 399.62 14.84 444.98 271.30 0.040413
3 1365.28 758.03 1398.58 797.42 0.040330
6 352.83 558.51 374.52 586.53 0.040214
3 54.55 249.95 72.26 283.54 0.040176
5 403.75 838.27 502.85 914.73 0.040170
3 304.05 722.29 367.74 818.71 0.040154
3 350.76 324.45 368.72 349.71 0.040112
3 1096.50 189.23 1138.57 227.42 0.040104
1 554.36 658.45 585.30 695.75 0.040096
2 507.79 742.41 531.42 780.15 0.040069
2 493.59 255.11 887.02 783.16 0.040036
4 758.42 0.15 783.19 6.56 0.040020
4 171.27 391.16 202.60 413.85 0.039910
3 386.72 498.67 400.67 515.22 0.039909
4 302.62 338.34 320.01 367.28 0.039901
3 505.86 292.77 556.24 312.68 0.039882
3 0.13 288.43 19.78 323.46 0.039863
3 248.51 699.61 305.23 779.18 0.039815
3 83.63 177.51 105.90 215.12 0.039808
5 132.96 589.23 168.80 694.22 0.039772
1 345.81 128.53 362.89 161.50 0.039753
4 195.02 331.98 252.56 372.01 0.039719
1 564.77 317.84 597.12 374.60 0.039699
3 489.78 295.82 556.72 386.88 0.039687
3 1203.86 676.58 1314.92 722.65 0.039685
1 115.72 691.42 175.82 778.31 0.039638
3 1045.06 567.07 1161.95 695.25 0.039625
3 609.84 161.48 629.12 208.44 0.039584
3 0.98 803.02 27.43 832.40 0.039578
3 684.81 640.09 781.39 758.22 0.039554
4 124.14 419.11 163.05 446.26 0.039532
2 117.44 521.69 285.18 868.84 0.039479
3 875.19 4.72 1225.10 386.84 0.039433
4 1334.42 217.11 1383.94 262.09 0.039422
1 2.13 287.46 264.00 508.53 0.039404
3 360.59 131.43 375.19 159.54 0.039404
3 379.87 784.86 404.70 816.95 0.039328
5 121.06 561.04 161.91 599.44 0.039301
2 606.76 758.82 630.45 803.17 0.039283
5 1074.53 1003.51 1102.49 1025.52 0.039266
3 308.55 718.64 397.83 776.72 0.039256
3 943.48 31.93 1388.13 541.21 0.039209
2 1288.04 674.47 1317.47 701.14 0.039198
1 341.92 425.56 366.63 446.80 0.039179
3 80.65 507.94 180.36 715.05 0.039172
6 1.77 0.92 391.69 893.77 0.039150
5 340.12 722.68 369.11 773.12 0.039146
3 489.73 351.30 518.84 388.30 0.039144
4 317.60 779.08 347.39 817.33 0.039141
5 219.35 108.22 238.13 147.40 0.039127
1 503.92 83.72 537.63 134.82 0.039126
5 937.63 25.14 1228.16 388.41 0.039124
1 314.20 562.47 352.66 696.16 0.039123
4 822.67 126.34 839.79 160.21 0.039113
6 223.67 362.60 256.26 441.96 0.039094
4 0.14 288.18 20.01 322.98 0.039024
3 119.62 364.46 262.86 506.16 0.039013
3 26.11 480.86 133.38 538.37 0.039013
1 178.35 313.13 255.22 371.77 0.038999
3 303.10 338.96 319.62 366.70 0.038967
5 610.37 111.21 700.74 182.63 0.038956
3 315.59 562.52 350.08 694.89 0.038951
3 608.39 759.45 629.55 802.53 0.038949
6 1246.22 332.50 1393.65 489.25 0.038928
2 528.43 317.25 570.06 366.82 0.038910
2 683.47 638.76 780.66 757.69 0.038878
6 313.87 236.40 341.97 346.86 0.038876
3 1113.05 43.55 1131.57 75.80 0.038827
3 685.09 149.38 701.30 180.38 0.038823
1 561.91 660.97 596.85 697.07 0.038817
5 1158.82 201.21 1215.24 293.12 0.038769
5 134.13 592.23 167.80 657.57 0.038756
5 19.80 367.30 137.63 444.40 0.038714
3 1095.55 43.70 1209.00 150.73 0.038670
3 414.91 18.56 425.74 39.33 0.038659
2 481.24 270.90 611.42 531.09 0.038657
6 260.85 475.39 292.00 545.74 0.038599
3 505.69 292.84 557.08 331.61 0.038586
4 528.00 641.63 547.32 697.45 0.038573
1 24.91 312.12 53.64 350.51 0.038555
1 526.40 640.98 549.61 698.67 0.038548
1 305.38 713.15 412.43 819.15 0.038524
6 159.39 523.56 274.52 695.41 0.038459
4 781.97 93.57 840.38 162.09 0.038441
4 353.25 324.57 387.67 352.58 0.038386
3 0.07 288.09 21.09 338.40 0.038385
3 234.77 363.57 256.32 400.13 0.038376
1 555.31 556.59 669.24 687.92 0.038358
1 153.15 463.06 201.42 517.57 0.038341
3 148.08 4.61 542.29 1020.35 0.038324
3 110.45 107.88 137.00 152.47 0.038309
4 26.76 325.17 50.74 347.60 0.038308
2 684.18 148.47 702.33 181.14 0.038253
3 124.99 808.19 145.15 859.69 0.038246
3 52.40 506.78 180.70 715.09 0.038221
6 302.41 199.94 346.34 367.84 0.038207
2 155.70 521.50 276.68 700.53 0.038204
5 250.68 698.83 304.84 778.97 0.038187
3 324.94 418.11 347.23 440.31 0.038126
3 1164.76 33.74 1206.22 70.66 0.038126
4 1185.59 250.60 1250.23 355.13 0.038088
1 119.91 718.58 151.46 862.42 0.038060
3 200.69 426.40 228.18 456.73 0.038059
3 506.58 293.98 555.63 332.50 0.038026
3 105.87 708.46 148.16 738.75 0.038024
3 558.82 786.50 585.71 814.22 0.038023
4 1048.84 565.28 1080.35 601.35 0.038003
6 267.37 560.05 350.19 724.60 0.038000
3 1221.75 846.49 1283.31 876.33 0.037980
1 991.49 93.56 1042.85 165.01 0.037951
4 1205.99 701.73 1227.41 720.77 0.037943
3 324.37 563.07 345.21 618.60 0.037934
3 188.61 330.84 254.81 377.40 0.037933
2 307.35 7.29 518.25 585.84 0.037925
6 475.93 839.96 498.73 874.62 0.037910
6 53.17 508.88 176.40 600.72 0.037906
4 299.14 385.52 318.48 436.61 0.037904
6 121.69 703.44 261.83 861.93 0.037887
3 213.86 931.23 234.71 960.58 0.037879
4 365.80 720.81 388.36 762.26 0.037865
5 52.56 535.38 172.28 600.95 0.037854
3 379.51 784.03 425.40 849.35 0.037842
5 1112.00 0.75 1261.73 106.72 0.037842
3 352.66 326.22 368.52 349.00 0.037822
1 785.31 122.69 805.93 161.90 0.037812
5 301.82 411.88 317.86 435.98 0.037800
6 153.67 464.33 216.73 522.55 0.037796
1 119.28 523.97 280.55 869.53 0.037789
6 1050.25 302.73 1213.21 383.00 0.037752
4 4.58 1.65 656.77 1043.61 0.037695
5 336.04 280.31 391.12 312.58 0.037683
5 302.60 337.90 320.27 367.08 0.037637
6 806.96 850.47 836.79 897.74 0.037627
3 489.86 355.27 508.03 387.93 0.037607
4 963.98 59.82 989.40 93.92 0.037597
3 337.26 157.60 364.47 203.94 0.037552
4 984.16 229.36 1103.53 380.15 0.037423
5 635.05 151.53 670.82 174.16 0.037423
1 806.17 730.88 1125.62 940.69 0.037390
5 497.08 422.31 548.17 458.34 0.037371
1 528.49 319.94 560.04 360.56 0.037311
6 1189.38 134.07 1226.84 173.21 0.037302
1 355.87 179.31 369.11 202.19 0.037294
1 351.58 288.58 370.14 313.95 0.037271
1 803.37 847.14 908.10 953.80 0.037267
5 1274.29 162.60 1353.85 252.90 0.037238
1 1221.23 845.50 1283.57 877.83 0.037238
1 1123.64 98.47 1209.48 144.52 0.037204
3 378.08 783.04 406.96 816.05 0.037203
3 23.40 478.26 179.57 575.94 0.037188
5 1112.63 43.53 1138.53 77.69 0.037174
3 348.16 102.06 362.85 133.72 0.037174
3 93.47 507.15 133.78 536.99 0.037142
3 524.74 290.90 594.38 371.85 0.037096
1 349.96 324.07 382.30 356.51 0.037091
3 969.29 618.40 1315.68 748.31 0.037067
5 162.83 583.24 269.22 642.10 0.037055
1 0.83 767.27 44.26 834.85 0.037048
3 828.51 669.29 885.60 750.54 0.037014
3 1043.92 11.76 1056.38 36.10 0.036978
3 1074.17 290.43 1211.96 379.51 0.036951
1 1149.70 303.36 1214.63 382.16 0.036907
3 315.31 278.07 330.32 305.61 0.036901
3 377.82 4.66 392.08 29.20 0.036891
3 248.63 693.78 307.21 866.27 0.036869
4 982.47 69.51 1228.62 528.41 0.036842
4 872.65 4.16 1042.95 163.82 0.036822
2 1042.06 5.66 1090.56 37.28 0.036784
4 115.13 401.85 208.34 445.08 0.036717
3 334.78 281.52 368.29 313.59 0.036690
5 3.75 367.08 135.49 479.30 0.036683
6 1234.07 333.87 1395.05 534.66 0.036662
3 1247.87 828.51 1285.55 849.35 0.036659
6 1.98 0.48 403.53 1046.68 0.036649
3 574.19 801.60 678.18 867.65 0.036600
4 1125.09 100.50 1158.34 131.92 0.036595
5 371.27 476.90 389.32 505.91 0.036564
6 570.37 291.68 591.63 370.58 0.036528
6 1252.12 142.39 1352.65 253.22 0.036498
4 303.09 685.88 343.46 725.52 0.036475
4 984.43 275.16 1012.18 306.93 0.036422
3 24.13 480.75 176.73 593.73 0.036299
5 249.69 697.11 306.82 865.02 0.036254
4 356.79 912.17 382.02 930.99 0.036215
3 316.83 5.87 455.68 897.00 0.036197
5 269.17 560.42 327.64 644.24 0.036188
4 154.53 465.18 200.84 520.76 0.036118
1 276.38 364.68 315.48 471.05 0.036094
3 351.81 291.28 368.44 312.26 0.036076
3 569.15 291.38 591.04 370.72 0.036051
3 374.03 297.62 404.37 515.22 0.036037
3 351.06 428.68 364.92 443.83 0.036015
3 0.55 771.29 42.49 832.88 0.035992
1 251.56 581.25 272.89 634.51 0.035979
4 0.54 1012.48 30.60 1048.44 0.035972
5 51.57 566.97 82.95 598.73 0.035968
2 308.40 452.47 509.73 536.28 0.035948
6 823.16 126.88 839.31 159.49 0.035946
3 379.02 784.65 407.71 815.24 0.035911
3 415.32 779.24 447.61 821.04 0.035878
4 379.78 784.21 406.23 815.41 0.035825
4 1274.54 162.72 1354.18 254.15 0.035814
6 299.85 385.49 318.02 435.79 0.035807
5 550.34 53.97 612.02 283.39 0.035730
6 509.52 371.60 548.94 454.87 0.035688
3 192.42 360.21 256.43 400.61 0.035682
4 902.70 15.17 1388.81 548.25 0.035680
1 489.16 356.95 509.12 388.53 0.035676
3 152.80 464.55 201.31 517.67 0.035658
3 252.10 582.97 271.45 633.11 0.035612
3 106.40 691.89 175.65 779.22 0.035606
6 676.99 226.67 734.38 337.85 0.035579
1 197.03 424.34 224.28 458.41 0.035499
5 7.86 405.64 83.15 471.53 0.035471
5 2.58 0.64 406.74 1045.99 0.035455
3 1255.30 158.68 1388.91 347.54 0.035436
6 106.34 692.39 174.49 738.66 0.035425
6 268.95 560.89 327.38 644.05 0.035420
6 404.32 860.09 453.19 913.78 0.035411
2 158.00 4.15 717.76 1003.39 0.035399
1 528.97 546.02 575.79 634.40 0.035380
3 584.39 774.70 600.53 795.78 0.035376
4 573.54 801.95 624.41 875.23 0.035354
1 370.57 323.33 390.27 347.02 0.035336
6 123.67 761.75 261.77 861.41 0.035330
3 1335.15 228.28 1367.71 260.58 0.035328
3 97.25 535.26 129.96 567.62 0.035284
6 121.63 561.45 161.85 598.38 0.035276
3 94.87 463.97 202.82 545.84 0.035267
2 343.98 509.22 364.31 532.07 0.035256
3 297.24 2.78 528.62 1037.84 0.035226
5 356.83 908.36 401.65 931.73 0.035211
3 489.08 348.49 523.12 388.60 0.035207
1 50.46 566.23 83.60 600.21 0.035185
6 357.15 908.70 401.64 931.34 0.035182
5 123.42 760.87 233.05 797.86 0.035174
5 807.92 735.68 1123.36 944.06 0.035172
6 984.41 228.33 1102.78 380.26 0.035152
2 388.49 173.03 404.72 202.43 0.035149
6 978.07 156.43 1023.40 226.39 0.035116
3 224.15 362.70 256.10 441.82 0.035115
2 349.66 323.80 371.18 351.72 0.035105
3 866.22 7.22 1396.24 951.12 0.035096
6 1074.72 1003.78 1102.12 1025.36 0.035071
3 380.18 100.58 389.97 117.61 0.035060
3 758.57 0.01 782.18 6.61 0.035029
4 379.83 757.84 439.00 825.87 0.035024
2 632.24 328.89 723.20 442.66 0.035003
2 121.01 716.02 151.39 781.08 0.034993
2 4.07 307.34 265.26 508.55 0.034987
1 591.16 805.97 619.31 840.40 0.034919
2 309.56 9.87 612.27 819.28 0.034903
3 414.94 150.12 427.80 171.60 0.034883
4 84.97 568.70 273.58 716.72 0.034819
5 51.74 563.48 114.69 599.69 0.034801
3 0.68 768.08 43.64 834.18 0.034800
2 345.62 130.35 364.45 163.52 0.034789
5 221.48 399.52 246.66 440.50 0.034719
1 414.22 18.10 426.46 40.11 0.034708
3 131.83 718.41 147.88 739.27 0.034695
3 256.98 933.22 278.77 952.61 0.034692
5 319.89 318.13 339.25 348.00 0.034682
3 1168.38 34.22 1203.74 68.49 0.034660
3 1112.34 43.95 1132.65 75.25 0.034634
6 1113.20 43.76 1137.26 75.93 0.034627
3 509.27 0.70 541.43 74.78 0.034619
1 149.94 463.53 201.30 561.69 0.034609
3 311.21 505.06 330.41 533.06 0.034555
6 167.17 523.31 274.46 589.06 0.034540
5 365.46 55.13 386.45 96.14 0.034526
3 376.48 334.31 403.17 514.49 0.034508
3 529.69 546.31 574.72 634.15 0.034505
3 1235.01 37.23 1317.77 150.57 0.034505
2 1361.55 744.57 1399.01 805.09 0.034494
3 530.12 292.16 593.22 373.53 0.034475
6 87.43 535.33 173.37 599.85 0.034457
3 12.56 353.92 326.31 885.54 0.034453
1 74.88 6.78 456.28 892.95 0.034452
3 513.28 20.70 538.50 74.24 0.034446
3 1135.46 66.42 1179.50 91.43 0.034444
3 878.60 331.48 1024.95 605.96 0.034431
5 0.51 1012.40 30.60 1048.30 0.034424
4 408.10 200.10 424.71 229.97 0.034404
3 378.95 786.09 396.59 811.85 0.034360
5 936.84 48.45 990.60 107.31 0.034359
3 506.46 292.24 554.77 314.00 0.034329
5 414.17 235.48 434.54 268.59 0.034325
3 26.01 480.99 61.68 502.17 0.034317
4 814.24 620.29 864.20 686.86 0.034298
1 474.03 840.73 499.88 879.93 0.034286
3 491.45 288.94 599.96 388.43 0.034270
6 567.08 325.66 592.74 371.65 0.034263
4 937.49 48.47 1042.08 163.03 0.034261
1 538.71 643.13 583.40 695.48 0.034250
3 278.51 364.96 312.76 458.08 0.034225
5 2.34 403.99 210.18 517.65 0.034209
4 3.53 802.63 27.60 830.55 0.034200
3 206.62 434.17 259.62 502.90 0.034196
3 366.17 57.04 386.00 97.53 0.034195
2 301.90 732.64 325.95 778.00 0.034176
6 1335.12 182.04 1395.43 262.11 0.034173
3 150.41 464.00 204.72 560.35 0.034144
3 312.58 6.81 465.45 919.44 0.034118
2 1240.48 364.58 1288.59 432.15 0.034103
4 158.29 523.91 275.02 698.10 0.034093
5 980.76 89.38 1221.23 383.71 0.034069
3 1042.08 4.19 1090.68 36.91 0.034066
5 259.20 478.52 286.30 546.29 0.034058
3 303.10 327.76 321.92 366.60 0.034042
1 669.63 224.61 736.57 431.17 0.033986
3 139.28 389.07 239.03 445.66 0.033955
3 153.39 506.31 182.75 562.14 0.033950
3 362.81 2.02 392.59 114.44 0.033949
3 119.27 558.53 171.18 599.13 0.033939
4 1.41 402.98 46.24 441.56 0.033895
1 1239.88 364.33 1289.05 432.99 0.033877
3 159.79 948.53 222.28 995.68 0.033870
6 83.56 177.71 106.19 215.51 0.033866
1 325.17 562.35 345.69 586.62 0.033865
1 347.93 125.39 375.28 163.12 0.033843
2 531.88 635.70 606.63 698.68 0.033833
1 18.13 4.71 1218.87 1045.30 0.033830
4 310.76 497.84 368.07 572.64 0.033815
3 0.83 1.55 102.23 148.12 0.033810
1 1263.30 887.40 1330.65 946.37 0.033776
3 377.43 6.22 395.37 49.29 0.033774
3 1204.80 700.26 1228.20 723.80 0.033771
5 495.04 317.97 520.12 367.17 0.033766
5 1140.80 0.36 1302.21 104.33 0.033729
3 235.62 363.25 255.85 398.54 0.033728
3 1081.42 6.10 1217.17 245.89 0.033725
5 984.35 275.43 1011.89 307.21 0.033713
3 46.55 8.45 469.86 934.37 0.033676
4 94.53 506.54 171.71 547.88 0.033666
3 690.01 33.54 701.68 54.46 0.033659
3 429.98 52.70 461.62 87.48 0.033654
2 1204.43 699.90 1228.81 724.37 0.033625
6 1276.02 163.01 1353.86 253.64 0.033619
3 741.43 709.75 769.91 748.53 0.033618
3 313.90 200.83 346.15 316.13 0.033611
5 1245.09 135.65 1396.97 334.83 0.033603
2 81.74 176.24 107.71 217.69 0.033596
2 304.03 721.79 368.09 819.22 0.033578
4 528.50 639.84 608.21 785.82 0.033562
5 1191.53 701.59 1228.54 751.05 0.033558
3 127.28 709.22 255.99 793.66 0.033515
2 837.38 3.44 1181.00 599.52 0.033515
4 1167.66 857.52 1216.56 936.96 0.033513
6 1247.73 479.16 1288.17 530.81 0.033512
1 581.96 772.58 602.66 800.88 0.033496
3 25.51 314.82 52.37 349.64 0.033486
5 381.26 778.30 437.16 827.45 0.033472
4 512.94 19.97 539.55 74.38 0.033452
3 1150.14 306.35 1289.08 531.56 0.033421
4 1008.58 247.12 1031.17 283.58 0.033400
2 305.76 9.30 526.91 729.24 0.033399
4 1265.88 831.96 1390.45 941.99 0.033392
5 977.79 158.15 1024.20 225.97 0.033385
5 508.81 -0.27 544.12 25.10 0.033380
5 1314.49 162.76 1353.57 206.32 0.033372
6 133.00 589.79 168.62 691.98 0.033370
5 1092.91 151.68 1172.68 247.31 0.033318
6 0.39 1012.60 30.58 1048.55 0.033292
5 343.13 101.87 365.39 162.11 0.033244
3 408.69 119.54 430.29 170.97 0.033195
2 135.09 690.53 176.56 730.83 0.033180
5 404.07 860.06 451.89 914.20 0.033174
3 1264.27 888.00 1330.17 944.50 0.033149
4 124.08 556.96 170.59 577.42 0.033142
3 834.39 2.70 1396.47 1044.12 0.033126
3 984.85 275.70 1011.56 306.22 0.033103
5 176.76 483.39 217.03 520.65 0.033102
5 1234.93 36.38 1337.73 152.53 0.033087
3 501.30 372.17 556.74 526.57 0.033081
4 872.06 2.34 947.82 69.80 0.033079
5 380.30 757.66 436.84 827.97 0.033079
3 689.81 32.30 702.40 54.75 0.033068
3 483.86 865.19 500.52 893.61 0.033066
6 371.68 302.34 402.24 361.47 0.033063
4 267.91 560.63 328.82 688.03 0.033051
5 1044.72 3.90 1090.03 33.88 0.033048
6 1255.73 187.33 1337.54 255.20 0.033040
5 18.00 51.90 82.00 98.57 0.033038
2 189.58 312.34 220.66 366.64 0.033030
4 630.71 104.21 842.09 178.52 0.032998
5 570.00 291.06 592.59 371.04 0.032998
3 380.88 18.07 393.59 49.00 0.032990
1 344.30 12.79 448.88 365.21 0.032982
3 529.87 547.42 607.67 696.33 0.032964
6 160.72 577.36 271.00 692.88 0.032933
4 320.76 318.21 338.98 347.57 0.032923
4 51.71 563.03 115.19 600.00 0.032893
3 269.05 560.13 328.01 688.86 0.032892
5 1289.85 676.21 1315.39 697.24 0.032891
1 355.22 909.10 384.89 932.22 0.032887
2 276.95 365.08 313.08 457.33 0.032865
6 213.68 915.49 244.96 959.45 0.032796
6 861.28 915.97 905.49 948.36 0.032792
3 327.02 563.39 344.50 583.64 0.032784
2 403.07 884.93 428.98 915.48 0.032780
2 157.15 905.32 403.80 997.89 0.032746
4 0.57 441.16 62.62 501.16 0.032744
2 803.21 846.81 908.19 953.81 0.032730
2 25.98 315.34 52.81 350.25 0.032702
6 302.30 411.25 317.61 435.88 0.032698
6 529.17 322.35 588.50 371.40 0.032691
2 558.44 786.66 585.96 814.86 0.032673
3 338.96 426.53 363.81 442.72 0.032663
3 94.43 506.87 176.76 554.38 0.032645
6 521.14 290.94 593.43 371.96 0.032633
6 1245.59 138.78 1396.75 339.32 0.032631
3 407.74 117.76 420.85 138.62 0.032623
3 151.96 506.44 180.92 563.65 0.032612
6 52.08 563.51 115.05 599.28 0.032594
3 521.53 467.63 538.55 509.77 0.032589
2 1234.03 39.09 1316.01 152.25 0.032581
4 343.00 101.93 366.15 162.61 0.032504
3 321.75 8.83 456.12 705.29 0.032479
4 177.63 484.88 216.98 519.34 0.032451
3 74.00 6.08 602.09 939.00 0.032440
4 156.22 420.58 206.76 445.19 0.032435
5 529.35 325.64 554.28 357.62 0.032423
3 1252.98 481.00 1286.71 525.02 0.032421
3 1050.01 313.12 1103.14 381.28 0.032365
6 347.59 101.65 363.53 134.54 0.032353
3 1095.59 148.54 1173.69 203.67 0.032334
5 447.39 55.03 461.35 84.36 0.032332
4 301.92 411.44 318.26 436.67 0.032329
3 304.99 723.08 367.31 776.63 0.032323
3 1245.71 332.74 1393.78 487.22 0.032316
3 254.52 770.03 305.27 861.77 0.032312
3 480.01 476.34 502.67 506.09 0.032295
4 492.25 293.12 557.20 460.21 0.032289
6 529.27 325.03 559.32 359.04 0.032274
3 27.01 324.14 51.11 348.16 0.032274
5 686.04 151.15 700.51 175.74 0.032253
6 972.81 31.28 1243.07 396.92 0.032246
5 872.18 0.71 935.27 33.10 0.032244
3 1049.60 565.40 1078.26 599.60 0.032242
1 407.34 117.22 421.74 140.15 0.032236
3 346.86 128.61 362.48 160.49 0.032209
1 429.66 54.59 442.84 74.02 0.032208
5 1169.09 878.35 1206.75 936.37 0.032207
4 340.39 722.88 368.81 773.51 0.032197
3 508.95 -0.25 544.42 24.53 0.032176
4 685.69 151.05 700.45 175.02 0.032155
4 123.49 560.12 144.46 580.17 0.032146
3 213.97 925.56 233.67 958.99 0.032139
1 399.54 562.33 415.57 580.32 0.032084
3 351.02 288.72 369.44 313.50 0.032076
3 1232.40 34.11 1339.47 155.98 0.032068
4 0.21 288.84 50.84 349.18 0.032037
2 836.93 3.38 1039.72 411.48 0.032025
4 371.02 476.90 389.83 506.09 0.032022
6 408.74 200.58 424.41 229.68 0.032012
6 219.88 108.71 237.66 147.02 0.032003
3 312.99 720.29 440.63 828.13 0.032002
2 77.25 506.34 332.77 886.97 0.031965
5 0.48 57.30 88.71 280.94 0.031935
4 829.72 -0.66 1395.96 1035.29 0.031899
4 969.15 568.56 1164.97 733.20 0.031888
3 1143.87 3.14 1253.98 102.91 0.031869
2 364.92 703.35 405.77 770.24 0.031846
5 758.08 -0.02 782.96 6.80 0.031834
3 1170.70 36.75 1204.45 65.78 0.031802
5 97.32 535.00 129.16 567.67 0.031795
6 234.65 363.05 256.43 400.55 0.031794
3 701.21 114.35 717.90 132.73 0.031777
3 122.87 718.62 149.22 860.15 0.031739
3 586.94 803.32 620.63 844.14 0.031718
3 632.93 329.65 721.63 441.59 0.031708
3 1288.91 227.37 1377.67 344.02 0.031685
3 504.47 130.74 543.97 280.84 0.031671
2 315.78 753.87 349.29 818.42 0.031649
3 1314.71 162.27 1353.62 205.77 0.031638
3 303.29 313.75 403.01 364.63 0.031623
3 385.60 497.77 402.04 516.94 0.031612
4 1049.93 300.47 1213.39 382.73 0.031607
3 503.82 84.18 536.91 133.69 0.031555
6 506.58 294.32 532.62 332.52 0.031531
3 529.63 326.27 554.14 356.63 0.031511
3 1276.08 204.30 1305.62 235.32 0.031508
4 583.66 774.46 601.42 796.44 0.031497
5 83.16 177.23 106.51 215.77 0.031479
4 377.06 7.00 393.63 49.76 0.031465
6 635.39 151.79 670.67 173.66 0.031451
3 52.56 177.24 106.57 285.09 0.031448
3 253.30 325.75 320.85 369.34 0.031446
3 120.92 560.66 172.03 695.08 0.031441
1 240.80 770.86 264.12 842.81 0.031418
5 0.75 0.48 147.67 215.28 0.031400
4 403.31 881.65 452.03 914.83 0.031393
4 559.95 789.62 583.10 812.99 0.031359
1 608.22 159.98 630.89 210.28 0.031335
3 508.39 744.14 530.78 779.65 0.031304
6 321.04 318.44 339.17 347.85 0.031297
5 116.48 402.71 164.52 443.35 0.031263
6 371.32 477.26 389.29 505.43 0.031260
3 1086.59 49.05 1217.13 361.39 0.031258
6 404.41 885.41 430.17 913.83 0.031255
1 1262.83 913.94 1287.46 939.71 0.031216
1 1300.00 844.88 1355.59 897.72 0.031194
3 1259.80 205.25 1332.32 305.57 0.031162
3 608.82 160.80 630.01 210.51 0.031130
4 83.44 177.27 106.39 215.49 0.031121
5 52.86 508.40 176.44 601.36 0.031120
3 82.35 562.70 115.25 597.82 0.031093
3 133.82 571.73 272.56 695.49 0.031045
2 313.69 562.09 351.85 696.16 0.031038
1 982.81 228.37 1053.49 326.35 0.031015
1 221.45 1028.49 292.15 1049.22 0.031003
2 334.10 280.97 367.30 313.76 0.031001
3 114.59 570.26 277.60 864.23 0.030960
2 406.87 92.06 437.14 173.76 0.030933
3 326.03 563.08 345.03 585.56 0.030930
4 1149.65 112.81 1200.05 143.30 0.030884
4 488.58 1021.10 515.35 1046.05 0.030876
6 4.80 1.27 669.35 1045.51 0.030864
5 488.62 1021.08 514.98 1046.10 0.030850
3 0.32 931.93 29.69 986.13 0.030777
3 107.68 711.85 151.29 780.53 0.030748
3 497.22 92.80 507.89 109.67 0.030722
1 557.93 340.24 581.21 375.56 0.030704
5 213.39 916.25 244.83 959.79 0.030696
3 554.83 660.28 580.76 694.98 0.030662
5 314.93 276.33 331.95 307.81 0.030615
4 232.83 442.81 291.10 486.88 0.030587
3 829.85 694.14 887.44 753.56 0.030584
1 10.60 3.51 1058.32 1044.36 0.030571
4 167.28 523.65 274.72 586.17 0.030558
3 298.51 383.78 319.20 439.14 0.030555
1 623.54 617.27 670.38 686.06 0.030532
4 526.94 289.35 596.75 372.46 0.030484
3 181.67 326.97 254.29 372.96 0.030480
4 1193.49 -0.20 1216.93 5.69 0.030465
3 281.07 686.01 307.90 720.51 0.030463
1 1361.61 751.91 1398.56 803.91 0.030461
3 322.81 563.06 350.95 693.48 0.030443
3 21.43 323.99 136.50 401.58 0.030438
3 686.48 640.98 777.45 772.78 0.030421
6 318.02 779.39 347.36 817.06 0.030406
1 646.10 657.01 664.93 685.50 0.030400
2 505.90 370.34 554.99 457.16 0.030362
5 2.81 0.48 389.56 520.99 0.030322
6 335.86 280.46 391.11 312.44 0.030271
3 669.22 225.41 735.44 431.54 0.030248
5 347.15 101.40 364.12 135.67 0.030240
3 254.08 585.17 270.66 629.14 0.030229
3 631.63 25.78 720.49 179.10 0.030227
3 550.56 49.97 604.76 81.99 0.030212
3 212.58 926.04 236.21 962.50 0.030207
3 105.88 709.11 173.27 736.51 0.030201
1 429.20 52.14 462.53 87.75 0.030194
6 984.64 275.85 1011.31 306.48 0.030178
2 489.11 351.35 520.91 388.92 0.030170
2 1.86 2.42 99.70 123.83 0.030163
4 414.54 778.59 447.79 821.10 0.030155
3 571.44 336.44 589.18 371.40 0.030142
3 158.40 759.88 506.21 997.05 0.030099
3 871.82 -0.07 936.69 22.22 0.030093
2 1150.82 505.07 1224.60 642.90 0.030090
2 1221.15 827.61 1287.68 877.82 0.030090
6 1234.48 36.67 1338.46 152.04 0.030088
4 155.80 417.64 208.12 446.55 0.030083
4 115.76 522.62 308.72 878.70 0.030066
3 124.02 561.25 143.87 579.32 0.030059
6 343.48 101.88 364.93 160.93 0.030039
3 688.46 31.57 703.20 56.40 0.030031
3 360.83 141.69 375.26 160.49 0.030015
5 1212.17 145.05 1260.52 203.12 0.030011
4 25.73 480.45 133.18 537.93 0.030003
