4 442.89 264.68 461.41 283.08 0.994611
4 452.36 228.12 461.20 236.49 0.936176
4 473.49 268.78 490.00 286.78 0.916774
1 444.22 474.46 456.78 507.09 0.906468
4 563.34 369.82 593.99 400.22 0.876323
1 519.21 332.42 527.31 354.68 0.872913
1 82.78 249.24 95.77 284.64 0.813890
4 483.85 215.99 495.41 225.43 0.803651
1 533.59 377.97 546.78 403.19 0.733023
4 533.80 328.34 557.37 354.07 0.707105
1 534.31 378.08 545.06 395.43 0.700847
1 540.52 435.58 551.46 464.64 0.671926
1 500.43 334.20 510.14 356.56 0.666524
4 521.13 278.29 535.32 291.39 0.586685
3 501.23 344.12 509.67 357.11 0.552593
3 541.70 448.26 551.17 466.60 0.550535
5 533.48 310.32 557.89 354.35 0.546103
2 501.31 256.52 507.90 271.49 0.522659
6 519.17 246.64 545.87 273.87 0.516400
3 520.44 341.40 527.04 355.19 0.494436
3 445.93 490.56 456.24 515.14 0.494423
3 533.64 387.86 547.97 405.11 0.416474
2 507.94 263.95 513.94 279.10 0.411145
4 529.53 293.70 546.25 315.78 0.196648
9 471.77 166.18 485.87 181.06 0.193487
2 517.88 313.01 525.62 331.81 0.193184
4 474.71 254.79 493.87 276.13 0.181862
6 476.13 237.98 488.94 254.31 0.180450
