1 114.81 662.71 136.11 723.68 1.008273
4 615.16 454.90 661.53 489.37 0.991558
4 834.05 458.57 868.36 487.61 0.989736
4 880.34 470.86 919.46 509.60 0.988677
4 978.38 603.21 1041.51 665.84 0.988063
4 912.90 352.48 939.23 377.03 0.988016
4 1020.15 866.96 1109.96 978.11 0.987142
4 810.22 603.87 866.07 660.12 0.986970
4 995.47 708.42 1069.12 784.45 0.984934
4 881.76 659.45 948.74 732.32 0.983988
4 952.72 462.72 991.58 496.62 0.982437
4 876.15 342.73 901.34 364.96 0.978030
4 968.46 525.39 1010.04 565.95 0.977397
4 877.62 832.85 957.62 937.62 0.976466
4 768.89 352.18 795.85 376.97 0.975647
4 932.88 325.57 955.24 346.22 0.974813
4 767.41 457.50 800.91 474.29 0.962244
4 727.62 905.73 828.41 1044.26 0.962221
4 726.66 312.25 746.73 331.58 0.957649
4 604.44 566.40 672.87 629.67 0.955489
4 572.04 633.91 660.92 709.87 0.946872
1 683.49 369.75 697.48 406.71 0.945061
4 431.89 671.68 517.51 757.80 0.941424
1 13.27 655.38 36.83 713.06 0.940231
4 329.01 679.22 429.74 769.19 0.939635
4 862.22 372.62 889.89 388.63 0.939265
1 78.48 563.06 94.18 605.03 0.939072
4 678.66 471.66 725.39 514.78 0.938125
4 988.26 366.72 1013.97 389.17 0.932341
4 895.60 247.27 910.90 260.64 0.931888
4 729.99 341.04 757.01 368.02 0.924800
4 795.54 312.80 816.23 332.81 0.924752
4 808.78 294.11 827.95 311.24 0.922774
4 884.01 289.47 902.88 307.88 0.921740
4 421.71 788.32 524.20 902.14 0.919230
4 491.57 521.58 550.54 571.97 0.914913
4 563.50 537.78 622.14 590.06 0.912148
4 749.61 325.10 772.77 350.40 0.889849
4 843.90 276.40 862.78 293.30 0.873388
4 73.11 461.66 173.36 501.59 0.868259
1 234.58 665.20 253.94 711.35 0.864926
4 658.81 511.24 706.57 558.85 0.862159
1 805.24 388.34 816.83 410.54 0.842393
4 97.27 493.38 192.53 554.53 0.832845
4 878.17 310.46 899.22 332.72 0.826918
4 37.12 504.02 119.03 546.12 0.823143
4 0.17 910.43 133.96 1055.80 0.821802
4 948.56 257.46 962.06 273.23 0.818245
4 939.04 280.15 957.58 300.80 0.812082
4 1860.40 341.49 1919.66 365.27 0.800253
1 1044.69 381.03 1058.39 415.99 0.798215
4 961.21 272.45 985.24 288.89 0.793857
4 707.20 453.67 741.09 467.07 0.773638
4 706.87 358.72 734.87 384.87 0.766588
4 431.94 406.17 474.08 426.57 0.740290
4 160.41 855.92 318.17 1036.90 0.673008
6 465.90 699.15 674.60 1023.63 0.671928
4 582.55 452.45 623.89 464.42 0.613893
6 1040.57 482.00 1137.21 610.12 0.566474
3 293.96 619.07 315.13 652.33 0.562426
2 1156.16 396.91 1179.47 437.98 0.552377
3 283.35 583.60 322.86 627.82 0.540361
4 957.33 373.63 1004.10 393.33 0.537137
2 22.71 679.87 46.17 727.20 0.530306
2 245.50 432.03 263.86 473.32 0.519939
3 179.54 627.34 204.67 666.04 0.494935
9 732.37 276.94 769.13 317.54 0.478976
2 496.82 474.28 512.23 512.01 0.478611
6 427.90 452.07 509.97 516.92 0.474847
6 960.32 250.93 986.87 288.91 0.469550
2 301.76 405.77 333.68 454.94 0.467319
2 265.91 501.11 289.17 550.35 0.457186
2 1705.75 333.07 1725.47 358.59 0.456576
3 1286.60 815.66 1342.92 866.92 0.454269
9 759.52 254.72 786.87 287.14 0.439517
3 1155.85 416.40 1180.93 439.44 0.437264
9 732.19 245.18 765.99 279.43 0.420334
2 1559.01 761.77 1583.16 816.21 0.392314
2 123.61 539.58 141.18 580.32 0.385158
1 145.22 658.24 170.40 720.60 0.254736
1 231.67 592.84 250.70 636.77 0.245672
2 267.96 648.75 287.16 687.19 0.234342
1 567.51 368.22 584.10 405.92 0.224732
1 593.50 367.05 609.50 405.95 0.203586
9 735.34 249.07 787.63 287.29 0.200994
6 1164.49 418.32 1348.77 618.23 0.200560
6 402.42 450.55 511.79 516.99 0.197706
1 34.00 496.20 53.12 529.19 0.197158
4 883.01 273.98 899.35 290.95 0.194051
4 947.27 306.13 968.66 325.16 0.193506
3 379.66 366.33 412.50 398.29 0.191157
2 1238.93 378.16 1258.65 422.60 0.188877
2 1257.24 379.42 1271.02 420.46 0.188126
2 504.21 380.65 515.84 405.70 0.186639
1 130.76 594.36 148.68 640.31 0.044327
3 1174.74 370.67 1210.37 417.19 0.036678
