4 269.26 218.57 330.70 243.85 0.976462
4 175.95 246.72 197.48 262.71 0.953898
4 625.57 300.53 661.66 334.46 0.946657
4 221.83 283.25 283.19 310.93 0.935870
4 1102.59 540.18 1163.25 605.81 0.914003
4 1039.06 384.55 1084.78 420.91 0.902201
4 960.78 355.16 1055.63 389.78 0.884684
4 686.57 283.38 717.23 307.06 0.845316
4 998.71 444.03 1085.44 522.67 0.818498
5 1043.39 405.99 1146.77 467.03 0.816753
1 1043.50 241.84 1054.77 266.40 0.807690
4 162.97 294.46 257.37 331.76 0.798861
1 695.80 246.81 705.87 271.26 0.795336
1 493.97 300.66 506.15 328.44 0.794819
4 689.78 271.74 716.67 286.54 0.784429
4 690.51 298.19 724.05 328.96 0.765114
6 630.82 265.02 665.80 306.10 0.730544
1 797.55 346.50 817.91 371.74 0.717025
4 599.91 196.72 621.12 218.43 0.691784
4 609.67 154.69 625.52 169.19 0.686766
6 362.15 205.02 396.39 235.77 0.686514
4 755.84 162.64 771.71 177.62 0.675127
4 119.39 540.72 177.76 586.29 0.674068
4 678.77 184.42 691.68 204.11 0.671413
4 539.36 204.07 553.36 224.46 0.669354
4 606.89 121.30 618.85 132.34 0.628052
3 494.97 310.82 506.21 331.92 0.570400
4 951.95 384.26 1005.87 440.78 0.569219
7 671.90 259.43 693.58 285.72 0.548568
1 482.37 268.10 495.21 295.63 0.545764
3 177.68 259.02 192.60 276.41 0.534347
3 1075.51 466.98 1120.57 512.62 0.480135
1 472.20 266.97 484.32 295.01 0.471955
3 1075.36 437.94 1120.70 512.40 0.468231
4 679.29 192.54 691.49 204.07 0.455971
4 118.84 526.87 203.18 586.91 0.452549
2 472.55 264.84 494.94 296.58 0.442773
3 50.69 339.43 90.09 380.45 0.441217
4 955.30 347.98 1010.11 381.06 0.426690
9 663.53 67.32 676.72 78.79 0.396516
2 1034.43 241.39 1055.98 275.14 0.387827
9 0.26 248.80 100.16 377.57 0.341064
4 1295.53 632.21 1359.54 712.89 0.212885
2 676.44 251.74 685.44 265.08 0.210796
2 655.39 128.08 663.53 141.34 0.196358
9 686.10 147.83 696.32 156.37 0.195563
4 64.66 579.86 144.48 645.57 0.195374
4 749.71 152.00 759.68 164.00 0.191740
4 597.71 184.32 619.76 206.65 0.191305
4 624.54 121.35 635.39 131.68 0.188848
4 601.19 173.75 619.93 185.63 0.187122
5 1039.06 384.78 1129.60 422.68 0.186511
4 675.31 114.53 684.34 125.14 0.185438
4 1056.72 720.67 1139.93 764.26 0.183170
