4 527.11 0.32 575.43 22.39 0.994146
4 99.76 157.66 240.45 229.30 0.990281
4 1173.04 135.67 1289.98 190.77 0.989322
4 287.60 35.43 335.17 74.02 0.988679
4 854.15 70.61 916.75 114.07 0.988378
4 286.18 92.46 345.79 144.68 0.984126
4 957.46 78.97 1061.24 124.64 0.982578
4 724.91 55.14 783.81 93.13 0.981721
4 1199.22 248.95 1359.61 343.88 0.981579
4 591.65 326.94 753.54 462.44 0.977705
4 1064.04 71.95 1153.75 114.94 0.966698
4 759.62 66.14 840.54 108.12 0.963038
4 425.26 0.03 463.62 23.72 0.961521
4 952.86 53.91 1048.60 89.42 0.958927
4 74.38 223.59 283.80 310.97 0.949674
1 949.45 232.79 976.11 292.62 0.944934
4 170.58 53.32 226.87 98.78 0.941435
1 146.21 352.21 195.82 441.53 0.934702
4 658.49 41.38 734.68 85.27 0.931030
1 87.67 370.07 126.53 467.54 0.922088
4 75.29 55.62 139.12 112.55 0.907866
4 84.65 28.14 143.16 76.48 0.837052
4 600.00 19.69 647.14 58.42 0.814129
4 49.19 8.25 100.67 41.43 0.812448
4 171.03 22.80 222.70 66.75 0.800794
4 622.85 30.58 694.42 71.21 0.796481
1 827.00 246.31 855.42 305.32 0.795127
1 488.78 314.71 528.55 377.86 0.708101
4 1268.01 55.16 1359.50 95.94 0.700846
4 502.92 -0.05 531.51 6.30 0.666413
4 162.26 6.78 202.62 35.17 0.641437
6 541.89 9.46 566.33 42.31 0.615015
3 479.46 336.06 537.94 395.26 0.598001
2 486.59 4.07 508.73 38.03 0.569847
4 1279.40 40.86 1337.60 70.21 0.553134
2 825.75 246.47 865.03 308.05 0.550746
2 841.88 251.48 865.40 301.80 0.531616
3 962.67 265.29 986.64 298.26 0.513590
3 949.20 264.64 986.52 298.76 0.512190
3 843.47 38.33 903.96 63.49 0.487422
7 1033.16 33.03 1104.71 58.31 0.442323
3 818.91 270.97 854.76 314.26 0.441131
2 87.40 351.56 196.64 468.36 0.438375
2 648.78 2.01 776.34 55.14 0.366046
6 1231.10 11.74 1336.17 46.57 0.362774
1 87.54 369.79 145.26 467.62 0.358458
1 486.60 4.94 497.44 37.92 0.251359
4 171.68 36.89 222.91 67.01 0.205822
3 881.70 40.55 904.42 63.37 0.200502
3 765.11 29.16 784.26 50.44 0.197608
3 843.27 30.01 904.17 63.76 0.194538
6 1269.53 12.42 1343.14 45.18 0.186138
2 496.49 6.15 509.19 35.95 0.184917
3 927.28 41.99 976.22 63.70 0.181355
7 1067.98 34.81 1104.06 57.69 0.041185
