4 744.03 84.54 840.63 125.79 0.996068
4 1202.76 107.46 1308.08 145.71 0.995804
4 105.40 65.26 189.86 108.37 0.989844
4 1098.06 80.54 1199.58 120.80 0.988024
4 273.74 119.94 382.79 170.74 0.982691
4 482.14 465.35 638.99 554.38 0.963198
5 997.36 258.34 1132.82 325.46 0.942108
1 353.71 70.80 368.33 102.42 0.935826
4 551.80 -0.03 628.32 19.07 0.931046
1 254.45 302.40 277.11 352.36 0.907241
1 96.20 278.99 117.75 324.18 0.904782
1 364.74 419.92 388.72 471.75 0.901964
6 1065.12 364.68 1220.45 441.47 0.889500
1 59.54 240.69 83.05 284.77 0.887128
5 453.75 112.85 538.07 160.24 0.875114
1 614.12 390.76 634.28 440.62 0.874389
7 168.56 443.76 289.14 519.07 0.863547
1 272.78 440.41 296.57 490.75 0.851626
3 343.18 83.93 378.20 106.88 0.813831
1 597.30 411.88 619.10 463.72 0.810808
5 238.28 157.16 351.25 215.60 0.800312
7 438.37 45.73 493.16 73.70 0.798585
7 337.36 401.98 449.25 464.25 0.795572
6 264.50 282.39 425.24 369.06 0.793071
7 845.51 396.13 952.23 450.02 0.791696
5 874.53 263.06 999.96 327.49 0.778064
7 536.08 54.93 569.37 75.84 0.712994
4 1114.59 251.11 1164.37 272.80 0.698705
4 764.87 192.45 841.22 227.61 0.695238
4 728.17 40.48 744.34 57.52 0.686646
2 793.89 313.02 812.71 338.47 0.669468
3 425.84 321.60 466.28 354.15 0.654809
4 1038.75 50.78 1073.40 67.95 0.639506
2 1027.51 413.67 1044.99 453.01 0.629191
2 456.96 360.89 481.76 397.85 0.628482
2 81.81 231.04 101.36 269.73 0.628326
2 228.82 335.67 256.43 379.03 0.622780
4 764.26 192.38 842.35 247.75 0.620076
2 1042.35 409.10 1058.80 437.01 0.598245
2 1103.61 365.58 1125.22 393.06 0.590133
2 876.49 390.05 892.71 416.46 0.580445
7 569.35 274.28 658.37 330.49 0.571772
2 467.00 322.45 486.70 371.50 0.562540
2 1060.05 406.51 1078.93 436.81 0.549509
7 446.94 279.43 555.33 354.32 0.544310
2 1229.62 308.29 1250.11 344.91 0.535404
2 716.88 423.61 733.84 454.47 0.520739
2 546.94 45.35 563.86 70.25 0.517392
2 516.49 322.41 539.25 355.71 0.516091
4 830.45 257.29 897.70 285.89 0.514132
2 758.41 289.92 779.95 335.10 0.503774
3 502.21 454.85 534.38 478.38 0.501938
3 7.57 177.87 44.65 212.04 0.497582
3 219.28 352.46 269.83 383.67 0.495633
4 853.21 257.76 897.83 282.55 0.495631
2 1058.05 369.95 1075.88 407.95 0.494490
7 508.61 324.18 552.74 371.26 0.491990
3 1332.48 336.44 1359.82 360.99 0.487110
2 1136.43 377.99 1164.14 412.59 0.485636
2 744.99 295.60 759.51 336.60 0.483190
2 1128.99 375.61 1155.01 401.64 0.478859
3 442.47 371.87 500.55 407.15 0.476772
2 256.78 34.30 268.02 59.69 0.474584
3 78.81 243.23 101.17 269.87 0.474511
3 638.75 287.66 658.95 317.61 0.467110
3 168.46 466.27 194.07 518.91 0.465502
4 0.16 15.97 12.52 39.26 0.461474
3 502.23 447.78 575.22 477.92 0.461311
7 639.98 409.00 753.04 455.68 0.455194
7 569.71 274.92 628.02 330.20 0.453694
2 544.09 293.34 560.30 335.72 0.448900
3 1215.92 321.63 1260.07 352.02 0.446063
3 245.64 45.42 277.95 65.78 0.444791
3 418.04 402.45 449.41 442.37 0.441685
3 45.73 11.43 67.75 33.60 0.441026
3 502.20 414.80 602.80 478.18 0.416903
3 623.81 286.43 658.98 319.02 0.396630
4 1038.00 50.39 1093.97 68.32 0.394485
4 900.92 -0.08 954.22 12.06 0.364438
3 502.21 429.58 535.20 478.13 0.361103
5 350.65 283.08 424.73 348.79 0.352890
1 728.65 293.28 744.20 338.28 0.284868
4 835.31 0.05 889.40 14.86 0.268711
2 738.37 343.48 762.58 400.20 0.266792
2 79.59 226.38 101.15 269.50 0.247920
2 12.22 168.73 39.82 197.16 0.232439
2 461.67 36.10 474.66 59.84 0.225703
2 11.84 168.55 42.23 203.51 0.223221
2 509.36 334.34 530.99 367.26 0.209186
4 1257.49 -0.10 1332.89 7.32 0.202954
7 1180.23 263.10 1263.48 314.03 0.202648
3 1059.93 386.07 1085.60 408.79 0.196027
3 509.42 340.44 544.46 371.41 0.194785
3 83.64 246.11 100.67 270.36 0.194691
6 666.76 251.17 731.24 330.22 0.194669
4 1181.91 263.11 1259.10 295.23 0.194077
2 47.70 1.18 66.87 30.78 0.188350
5 1198.79 263.60 1255.44 288.34 0.187325
4 728.45 40.02 780.86 58.89 0.184714
1 839.24 380.13 859.17 405.63 0.043646
3 438.31 48.01 462.73 72.62 0.040372
