1 362.29 400.95 381.79 444.13 0.975188
1 446.88 412.10 457.06 433.87 0.974738
4 785.51 299.93 865.50 342.13 0.973204
4 934.64 355.32 1004.59 424.28 0.972656
4 736.07 40.64 763.42 53.67 0.971610
4 722.19 81.10 743.00 99.09 0.970940
4 636.89 69.33 656.63 86.31 0.967767
4 726.45 294.50 786.05 358.73 0.965707
4 685.46 29.31 701.64 42.31 0.957420
6 130.26 316.46 348.44 419.42 0.953751
4 979.52 728.69 1069.00 764.53 0.952229
4 641.45 35.74 656.98 50.96 0.949764
4 622.86 46.84 639.79 61.39 0.946528
4 744.74 545.87 848.63 669.32 0.941200
1 626.96 160.62 635.31 180.36 0.913086
1 346.45 407.28 363.19 449.47 0.909660
4 593.20 0.42 606.17 13.13 0.899622
1 739.83 59.64 747.36 74.43 0.897385
1 599.15 161.30 609.60 191.31 0.889867
1 294.92 404.34 309.34 445.00 0.889558
4 618.20 3.00 631.79 17.06 0.887162
1 6.00 363.22 24.52 406.32 0.876072
4 768.73 36.72 802.97 50.67 0.835877
1 857.60 516.43 879.69 554.97 0.822532
1 393.61 403.78 409.77 444.98 0.819570
4 648.44 -0.14 660.67 6.38 0.768983
4 1244.37 46.90 1259.11 62.69 0.762094
3 501.69 450.78 525.85 482.39 0.688977
1 645.23 168.15 657.18 191.01 0.658323
7 399.63 427.71 562.63 526.29 0.657487
4 260.33 191.37 279.34 207.15 0.657402
3 223.71 261.80 256.12 285.03 0.627494
4 915.06 8.41 943.01 23.79 0.622191
4 1003.31 10.60 1026.28 22.55 0.596010
3 312.02 263.39 338.81 287.71 0.595891
4 309.87 63.63 327.85 76.47 0.579827
2 404.42 383.96 427.14 420.01 0.579488
3 645.08 176.27 657.28 192.02 0.569751
3 622.85 479.64 645.30 518.39 0.569399
4 1089.27 27.01 1110.97 41.19 0.546963
3 3.97 386.45 35.69 412.74 0.536529
3 589.58 187.70 598.92 205.71 0.521107
3 408.51 395.39 428.30 425.17 0.520939
3 454.50 254.65 472.13 273.85 0.503667
3 723.41 40.57 733.67 55.45 0.503478
3 382.65 236.33 394.44 256.66 0.500932
4 799.77 89.65 821.89 110.86 0.488443
3 730.82 617.56 764.01 670.77 0.486967
3 859.03 536.85 880.35 573.77 0.475864
3 1328.17 549.90 1359.69 586.67 0.456951
3 223.86 249.51 256.45 284.37 0.435488
4 282.03 57.96 303.25 69.64 0.413739
3 1327.90 539.75 1359.78 586.65 0.283842
7 409.46 428.12 562.54 508.95 0.253067
4 1318.57 112.96 1358.19 134.99 0.196998
3 623.40 479.36 637.77 507.51 0.190784
1 858.00 516.95 879.52 552.30 0.190675
10 409.70 431.81 484.05 508.56 0.189110
4 1295.78 59.89 1329.95 76.20 0.187299
