4 647.93 240.90 667.19 267.07 0.985271
4 554.82 249.59 574.81 270.38 0.974352
4 557.71 397.12 585.07 430.88 0.969325
4 640.33 56.78 655.04 73.99 0.964670
4 648.13 177.15 666.77 201.27 0.952288
4 640.59 9.12 651.63 20.62 0.951497
4 577.73 16.40 588.07 27.08 0.950245
4 884.72 208.99 900.48 225.47 0.920546
4 448.83 550.04 492.90 611.86 0.912822
4 678.87 179.65 696.42 198.93 0.886189
4 699.54 45.32 708.70 55.76 0.859375
4 573.95 161.84 591.82 185.02 0.848383
4 530.08 82.19 541.36 94.88 0.831595
4 595.00 5.69 604.22 16.88 0.825513
4 694.63 61.71 705.93 74.97 0.763631
4 534.88 54.69 546.55 66.05 0.754576
4 149.26 85.26 180.77 101.70 0.733277
4 681.09 13.88 693.04 25.39 0.708738
4 533.36 54.68 547.71 75.78 0.692622
4 134.88 99.05 162.80 111.88 0.667058
9 420.33 37.90 513.43 66.43 0.639619
4 407.28 109.43 425.81 121.18 0.632912
4 884.71 227.70 911.19 254.62 0.598637
4 439.96 131.49 475.58 146.13 0.591477
4 402.64 54.04 418.84 71.86 0.591062
4 263.22 51.37 277.90 68.39 0.574172
4 720.13 44.53 735.62 61.05 0.561027
4 884.79 234.97 904.01 254.22 0.538619
6 183.66 96.06 240.87 137.59 0.482348
4 460.60 771.24 501.57 787.70 0.467002
9 516.66 34.16 539.22 57.24 0.439680
5 663.18 76.91 684.10 110.28 0.426058
6 263.49 22.97 323.86 66.89 0.414359
6 378.40 41.41 402.53 70.55 0.395381
6 713.79 32.66 740.57 61.58 0.370937
4 678.69 170.50 696.65 199.12 0.292879
3 890.21 435.87 904.23 458.13 0.254945
4 666.70 88.87 683.20 109.72 0.199367
4 370.43 78.63 379.85 89.08 0.193858
2 532.84 120.05 539.59 132.87 0.189114
4 777.50 436.41 790.84 447.42 0.184294
