4 1349.54 1168.89 1537.62 1280.60 0.968184
4 701.66 1359.87 811.81 1499.55 0.965985
4 1088.20 1377.44 1228.47 1499.25 0.957829
4 861.54 806.58 913.24 858.69 0.954826
4 908.14 720.52 952.98 757.01 0.946430
4 685.28 973.22 753.47 1062.64 0.944292
4 676.52 879.27 728.87 938.85 0.930240
4 945.96 763.58 1007.40 806.43 0.929646
4 900.77 660.79 940.43 694.86 0.916818
4 688.70 1079.69 791.76 1196.35 0.916080
4 670.28 656.40 703.32 686.92 0.914122
4 794.41 667.63 836.64 705.76 0.906843
4 1088.78 905.38 1167.18 975.44 0.897989
4 661.85 629.57 694.40 656.59 0.897246
4 938.96 882.50 1030.93 964.73 0.890617
4 661.34 537.88 683.00 557.77 0.863887
4 842.08 613.32 890.65 641.88 0.858777
4 675.36 725.90 711.87 766.74 0.845985
4 662.47 500.97 691.69 520.51 0.832858
4 456.96 749.01 519.60 780.44 0.831516
4 440.44 779.33 498.24 822.41 0.827304
4 859.23 623.44 910.24 653.26 0.823207
4 679.39 809.79 725.29 866.70 0.818396
1 426.41 717.45 443.80 750.41 0.814938
1 1158.20 852.68 1177.17 896.61 0.791925
4 662.23 469.55 677.36 485.04 0.788569
4 671.98 685.64 704.28 718.74 0.780154
4 396.48 842.00 495.50 910.97 0.766067
4 663.98 614.60 694.94 640.11 0.756693
1 347.94 884.46 368.10 921.38 0.750160
4 661.13 567.16 683.93 585.14 0.748641
4 800.56 555.96 835.86 578.08 0.745753
4 792.43 543.71 833.00 570.83 0.744582
1 1273.90 1124.78 1291.57 1153.86 0.736036
4 714.28 475.91 739.28 492.96 0.722131
1 723.56 691.89 739.46 724.68 0.710303
1 1574.78 1172.02 1607.45 1222.69 0.703561
4 761.59 523.98 791.98 545.17 0.679374
4 481.50 558.18 511.17 578.81 0.672329
4 681.67 828.51 724.42 866.58 0.671021
1 1315.86 1168.27 1335.63 1199.43 0.651392
4 762.64 523.15 805.00 546.58 0.641672
4 709.11 455.22 729.35 469.26 0.629219
4 658.13 722.60 712.28 767.27 0.628775
4 545.62 584.90 577.18 600.17 0.615089
4 531.94 618.72 560.79 639.09 0.613947
3 1511.04 1121.31 1560.56 1183.10 0.600346
3 1413.55 1031.18 1447.53 1075.90 0.583347
4 528.25 593.75 562.65 617.47 0.583177
4 677.70 712.60 709.60 735.89 0.567810
3 1313.07 1066.11 1363.21 1106.20 0.562612
4 532.01 585.25 577.27 611.50 0.562383
3 1223.79 972.33 1291.44 1016.76 0.561986
3 737.29 843.48 772.68 901.34 0.559180
3 1023.67 794.14 1057.65 819.20 0.532222
4 605.19 708.20 625.71 738.64 0.531429
4 1034.92 694.29 1069.68 718.64 0.525144
3 1248.97 973.07 1290.96 1015.83 0.459722
6 966.96 710.47 1002.24 757.08 0.455457
6 1023.08 647.33 1064.32 676.89 0.418779
2 1045.31 745.43 1096.89 794.34 0.411348
2 1023.51 725.33 1101.95 818.88 0.361314
4 677.53 707.64 709.04 732.36 0.226218
10 1501.24 1385.20 1525.11 1422.13 0.223123
4 530.00 611.94 562.28 638.72 0.222933
4 529.09 594.78 558.32 615.03 0.213905
4 823.34 582.62 866.66 609.45 0.199987
4 751.41 496.39 795.00 525.92 0.199071
4 791.74 525.91 815.28 542.01 0.195367
4 806.37 564.19 857.10 598.79 0.191431
4 862.93 580.59 884.24 599.55 0.189612
4 662.32 636.01 693.15 661.91 0.188884
2 1044.13 726.34 1100.03 794.62 0.187648
4 519.70 555.62 539.71 575.77 0.186860
1 1082.71 726.84 1097.64 753.87 0.184738
3 1324.28 951.91 1351.36 986.37 0.184004
3 1201.11 947.25 1233.55 974.75 0.045044
3 1247.92 989.36 1290.93 1016.00 0.043635
