4 768.86 390.91 810.71 437.45 0.992471
4 865.03 101.37 906.27 144.35 0.991853
4 818.01 186.65 859.35 230.03 0.990506
4 617.74 481.52 660.35 526.75 0.986972
4 1298.18 7.36 1343.56 53.47 0.976988
4 440.44 602.43 484.04 647.27 0.975485
4 545.82 246.11 583.42 287.17 0.971378
4 474.54 377.28 509.06 412.86 0.948779
4 1076.66 262.32 1118.66 305.28 0.941083
4 210.97 727.63 253.70 764.82 0.927745
4 435.09 561.26 478.97 605.19 0.923916
4 187.63 702.24 233.91 739.73 0.919642
4 577.23 325.47 611.35 368.40 0.917651
4 670.10 604.72 710.68 649.82 0.914467
4 241.29 530.95 284.09 573.10 0.880298
4 745.57 667.43 775.91 714.96 0.862729
4 820.09 718.38 843.23 767.10 0.857633
4 190.50 588.65 230.81 629.90 0.857287
4 864.23 691.57 879.00 729.62 0.856821
4 987.90 245.00 1025.82 284.07 0.846444
4 1014.65 100.59 1056.77 146.48 0.811479
4 1027.87 331.22 1097.47 399.80 0.767176
4 665.84 52.64 699.28 68.44 0.746942
4 55.54 751.11 95.11 786.60 0.726376
4 1272.53 112.32 1300.18 146.01 0.724177
4 854.20 771.23 873.07 787.55 0.711532
4 241.03 518.52 296.43 574.05 0.704072
4 288.91 700.22 309.11 717.97 0.682963
5 221.08 222.10 338.51 293.02 0.681683
4 609.72 82.06 639.05 97.73 0.675842
4 1116.92 104.26 1153.43 143.14 0.675482
4 500.27 417.47 531.20 465.14 0.661584
4 260.67 555.12 292.62 587.56 0.658048
4 552.93 36.24 581.19 49.46 0.655896
4 469.81 163.36 497.60 190.13 0.648176
4 502.77 764.55 527.34 787.21 0.643567
5 187.46 422.46 273.55 512.48 0.640989
4 1111.49 180.24 1151.05 216.59 0.631482
4 690.81 13.66 715.35 29.77 0.630353
4 532.71 62.80 569.00 80.73 0.629476
5 103.47 513.42 192.34 602.60 0.607322
4 654.04 103.87 679.92 122.22 0.605534
4 502.92 763.01 543.02 787.10 0.590755
4 523.23 33.43 547.89 47.18 0.588225
4 389.16 301.48 407.23 317.02 0.586400
4 528.17 125.55 545.25 151.82 0.577491
4 820.22 730.78 840.20 766.46 0.573518
5 453.20 290.09 496.64 351.03 0.569151
4 988.45 260.34 1012.67 283.63 0.568182
4 620.59 52.68 650.87 67.95 0.546638
4 1384.11 311.80 1399.84 344.63 0.525829
6 734.32 0.25 821.58 78.68 0.513578
4 824.18 718.46 842.75 734.43 0.511396
4 8.23 729.97 68.99 771.06 0.504791
4 929.64 394.53 957.36 425.67 0.498311
6 103.01 421.81 274.03 603.15 0.497596
4 917.55 638.72 938.67 662.89 0.486396
4 62.00 485.20 98.03 510.06 0.481038
4 128.69 774.63 151.97 787.67 0.456622
6 321.90 449.98 382.79 515.54 0.427855
4 1355.40 0.16 1399.53 28.80 0.413976
4 821.89 781.59 838.80 787.86 0.396802
6 993.82 540.06 1067.47 605.75 0.357750
5 1144.00 110.48 1216.24 184.67 0.353554
6 315.67 646.44 357.87 696.30 0.306497
4 461.46 288.87 496.11 323.57 0.197880
4 1214.68 68.49 1245.36 100.06 0.194411
4 977.55 436.36 1003.57 468.80 0.192870
4 216.40 774.13 246.09 787.67 0.191923
6 761.16 678.46 814.29 787.02 0.189180
4 670.76 19.31 688.23 39.27 0.188917
4 432.66 382.91 451.87 404.55 0.188912
4 466.14 285.14 489.34 304.57 0.185104
4 820.50 750.50 837.68 766.74 0.181269
4 1374.86 96.26 1399.61 109.75 0.181259
