4 653.47 525.55 678.40 583.16 0.988901
4 430.68 286.49 488.86 322.27 0.769192
4 985.61 287.09 1009.57 306.58 0.686883
4 788.71 91.93 809.39 144.06 0.655786
4 409.61 707.89 437.72 730.39 0.606271
4 761.56 214.50 782.20 267.03 0.600861
2 1004.02 263.72 1017.32 284.20 0.528704
6 82.09 641.94 442.36 787.35 0.328372
4 728.63 0.76 749.70 50.51 0.261820
5 701.10 225.34 720.78 281.69 0.195690
4 54.72 465.57 84.65 487.43 0.194849
6 1122.20 409.90 1399.06 613.18 0.186384
4 1234.02 513.92 1275.26 545.76 0.181225
