4 506.83 33.08 581.69 124.67 0.961330
4 1118.83 733.27 1260.29 839.50 0.953215
4 260.80 232.09 336.94 335.13 0.925952
4 277.92 358.93 365.65 473.55 0.912223
4 324.96 83.86 400.42 173.22 0.842468
4 1103.93 858.16 1255.04 940.39 0.810614
4 72.37 2.90 137.24 59.98 0.801996
4 1868.84 466.53 1915.81 510.40 0.698642
4 0.20 201.89 58.58 310.19 0.668532
4 220.97 512.12 310.88 604.85 0.661152
1 1306.98 218.32 1330.10 262.12 0.645787
4 1757.70 1004.50 1837.82 1076.97 0.622694
4 211.33 511.48 313.06 645.85 0.614212
4 260.36 231.70 392.42 335.19 0.613829
4 1101.30 76.24 1150.09 172.18 0.613679
1 1277.81 280.73 1305.34 330.57 0.607021
4 37.79 61.26 117.28 165.16 0.596864
4 1718.67 475.91 1799.17 519.40 0.581975
5 391.38 69.46 464.14 153.59 0.559319
6 324.78 69.01 464.51 174.85 0.534423
2 462.37 470.49 524.02 513.62 0.528110
4 404.54 -0.07 477.07 32.46 0.518293
2 1222.39 418.31 1243.49 452.23 0.510900
4 1642.47 481.64 1669.92 505.75 0.454876
2 1616.05 294.11 1643.76 341.07 0.451036
9 1149.27 319.85 1277.50 372.89 0.409749
2 1615.51 275.42 1679.85 341.74 0.399943
4 1103.94 858.21 1255.49 960.91 0.205954
2 1242.44 377.84 1260.13 409.12 0.202703
4 221.25 537.23 284.75 603.15 0.186354
9 993.99 49.89 1073.94 192.10 0.182835
