4 628.83 475.93 639.89 488.70 0.901226
4 645.08 749.90 660.92 769.54 0.900531
4 846.35 772.59 881.46 787.82 0.866734
4 645.84 550.91 657.58 568.05 0.857939
4 614.27 549.46 624.65 566.17 0.852765
4 828.82 605.83 845.23 627.30 0.820385
4 913.11 554.93 924.97 567.26 0.814895
4 632.77 498.69 642.88 512.20 0.808110
4 590.70 571.91 603.12 590.70 0.807199
4 634.10 520.49 645.61 540.92 0.804051
4 909.93 606.72 925.32 622.42 0.777310
4 895.46 760.17 932.38 780.48 0.773981
4 616.76 636.04 629.77 656.10 0.767112
4 613.85 492.17 623.06 506.88 0.765199
4 646.02 736.35 659.07 751.99 0.757951
4 585.13 685.44 600.13 709.75 0.733177
4 699.31 758.82 716.13 775.79 0.731887
4 618.85 710.11 633.59 723.66 0.730424
4 547.43 567.36 572.93 584.32 0.721230
4 655.59 478.54 664.39 492.58 0.719289
4 597.96 407.04 606.62 416.85 0.701516
4 771.51 609.15 787.07 629.47 0.663210
4 637.09 459.28 649.65 475.67 0.659616
4 624.21 405.55 631.98 415.95 0.645338
4 585.46 408.64 594.61 418.57 0.636862
4 617.16 698.05 634.02 724.11 0.617252
4 1181.49 315.10 1200.77 333.83 0.589568
4 590.95 520.64 600.74 534.92 0.565324
4 638.27 425.44 646.67 436.85 0.555600
4 663.12 538.06 678.68 559.69 0.555551
4 1178.32 554.53 1192.28 569.10 0.532900
4 636.90 411.54 645.68 420.63 0.521910
4 1337.10 389.75 1346.48 400.62 0.514594
6 903.68 514.71 951.69 548.71 0.474168
4 566.35 773.07 583.53 787.59 0.470147
4 1268.30 439.99 1281.99 451.14 0.467053
6 1138.84 234.64 1162.96 264.19 0.449717
4 553.22 419.20 567.26 431.96 0.442831
9 664.68 440.10 679.95 476.54 0.436108
4 1202.37 737.65 1222.73 751.89 0.403373
5 693.77 729.11 716.52 775.98 0.395004
4 1348.56 693.79 1366.43 704.30 0.386172
4 1314.49 696.27 1338.42 707.54 0.377530
6 1172.33 238.24 1217.71 256.92 0.372482
4 777.77 744.12 802.78 757.36 0.342328
6 570.61 366.66 584.17 392.45 0.335162
6 862.62 575.58 909.86 621.52 0.289830
6 666.44 678.87 681.25 702.03 0.272031
6 862.44 575.61 925.63 624.05 0.219320
4 647.28 397.24 655.34 408.33 0.196516
4 912.89 645.31 931.27 662.26 0.196297
4 579.20 465.95 588.25 480.29 0.191851
4 614.76 387.48 622.45 396.40 0.191585
4 666.80 465.51 678.65 477.17 0.191031
4 614.92 341.72 622.63 349.34 0.191007
4 649.08 416.98 657.44 427.04 0.190545
4 650.28 436.83 660.06 450.60 0.190102
4 612.71 365.01 620.29 375.22 0.186272
4 1102.42 288.65 1113.74 298.45 0.186238
4 1062.91 359.75 1077.34 369.55 0.186128
4 638.62 441.03 647.82 453.23 0.184886
4 593.71 465.35 604.81 479.07 0.182352
4 599.48 337.99 607.27 347.27 0.181337
4 483.47 467.57 493.38 481.10 0.181207
