4 568.98 383.76 607.78 420.00 0.980724
4 609.49 317.26 640.87 344.80 0.973361
4 677.21 252.50 701.25 273.63 0.970981
4 905.31 385.57 927.43 411.40 0.963476
4 802.58 149.97 817.37 164.59 0.958663
4 739.30 685.62 773.35 744.96 0.955117
4 853.82 221.77 865.32 236.06 0.944161
4 978.43 213.63 992.01 225.31 0.908253
4 810.95 108.92 823.93 122.67 0.905963
4 750.22 182.54 767.39 197.64 0.905941
4 794.69 95.93 805.61 105.92 0.860150
4 791.09 385.41 812.67 399.68 0.848560
4 779.67 147.85 796.25 161.86 0.841436
1 1262.02 493.00 1271.38 511.84 0.840579
4 249.17 212.38 278.70 224.75 0.826957
4 822.85 88.07 832.72 98.56 0.809282
1 505.12 338.99 518.10 361.53 0.808193
4 816.60 220.65 829.10 234.99 0.784737
4 794.89 68.39 805.10 78.55 0.739401
4 808.98 258.53 826.01 280.13 0.731158
4 197.77 212.86 223.25 223.72 0.719403
4 769.07 186.38 788.22 202.82 0.683421
1 1122.43 496.84 1132.41 515.80 0.671580
4 231.34 229.89 255.60 240.11 0.668433
4 844.02 172.52 856.56 184.85 0.651841
4 891.83 22.77 899.30 29.72 0.648963
4 814.22 40.50 822.57 47.86 0.642677
4 799.65 53.37 812.02 65.97 0.636704
4 867.14 18.56 876.34 25.58 0.629698
4 837.74 151.22 851.42 163.66 0.628791
4 709.61 125.14 726.29 136.71 0.624948
4 712.68 304.86 735.01 325.51 0.624175
4 853.87 323.18 869.47 334.43 0.621585
4 838.74 87.92 850.84 99.89 0.609299
4 880.82 217.68 894.79 227.85 0.603143
4 786.76 79.33 797.89 90.59 0.602658
4 683.48 0.01 698.42 6.90 0.602351
4 833.79 59.99 842.75 69.36 0.599770
6 111.88 114.18 167.02 161.71 0.596283
4 853.52 40.00 862.95 48.04 0.595101
4 954.77 6.48 971.73 16.59 0.592957
4 848.89 37.05 856.54 43.62 0.558889
4 899.03 17.56 910.40 25.13 0.546683
5 197.40 588.91 323.32 726.35 0.542713
4 816.23 180.63 832.52 203.20 0.537969
6 92.59 231.17 145.02 254.55 0.536451
4 914.82 10.26 924.89 17.30 0.535776
6 955.66 289.72 1046.17 424.45 0.517074
9 438.27 128.78 490.80 145.73 0.513974
3 504.86 347.13 518.01 362.06 0.510356
4 830.12 71.96 840.82 83.15 0.490870
4 827.01 40.59 834.59 47.92 0.475019
6 222.03 624.03 379.22 787.32 0.450558
2 1246.84 492.81 1271.36 515.43 0.426489
9 524.87 88.54 563.36 113.32 0.382895
9 497.45 88.36 563.80 114.92 0.377984
9 911.37 47.16 950.71 71.37 0.343429
9 657.77 87.48 746.68 122.92 0.342154
9 363.66 79.05 395.64 95.57 0.341827
9 910.61 47.02 951.71 79.15 0.219036
4 768.33 182.48 788.79 202.79 0.205295
4 189.06 144.12 208.43 154.47 0.198594
2 309.75 223.94 321.02 241.45 0.197326
9 512.51 115.03 532.48 127.95 0.197283
4 471.82 114.38 496.07 128.27 0.194397
4 1358.14 375.95 1389.23 404.34 0.192466
1 1052.74 599.04 1064.78 619.39 0.190159
1 1246.74 499.80 1256.87 515.17 0.189759
4 994.26 207.91 1007.11 218.58 0.186022
9 659.56 87.96 745.76 114.60 0.185812
6 119.50 231.44 144.79 253.92 0.182955
6 789.94 364.72 824.10 399.85 0.181401
