4 460.34 237.00 473.83 251.54 0.896496
4 407.13 121.35 420.18 137.10 0.867132
4 339.01 393.85 370.68 445.60 0.825323
4 728.75 478.30 762.20 510.13 0.752642
1 1120.46 473.88 1130.88 493.65 0.751769
4 240.99 410.48 269.70 435.81 0.748371
4 604.04 321.04 635.66 339.93 0.740011
4 310.52 193.71 339.61 211.54 0.734681
4 321.46 450.65 353.73 506.35 0.712459
1 457.37 658.57 469.59 679.98 0.687349
4 282.46 85.86 307.00 103.58 0.671978
1 262.27 465.81 273.58 486.89 0.668344
4 302.74 636.29 350.98 693.99 0.650231
4 175.05 316.32 246.01 356.16 0.649313
4 421.94 160.31 437.71 169.88 0.646120
4 669.98 116.42 686.84 128.46 0.623185
4 838.83 148.64 851.26 158.98 0.556700
6 459.06 5.24 504.47 53.90 0.546697
4 844.77 686.62 861.56 709.33 0.528859
4 638.81 210.46 659.97 226.76 0.526937
4 244.65 88.04 267.55 104.26 0.498663
6 673.68 52.73 744.78 84.62 0.481373
4 202.93 571.95 218.31 604.04 0.481141
4 859.23 708.99 874.16 724.81 0.447710
4 994.99 138.84 1025.47 152.45 0.443700
6 1073.70 132.41 1124.05 165.05 0.439699
4 318.92 73.47 338.44 90.03 0.438362
4 878.63 70.71 900.55 79.95 0.437892
4 910.49 93.56 941.39 106.28 0.416912
9 569.35 20.88 603.83 37.28 0.408398
4 1008.22 5.91 1027.95 14.71 0.197228
4 267.01 166.13 286.49 182.61 0.193198
4 205.87 149.85 265.42 180.27 0.190338
4 291.13 247.38 314.36 263.62 0.186824
6 649.50 222.62 687.33 257.41 0.184351
4 966.80 33.46 993.51 44.73 0.180797
4 53.29 90.26 84.45 105.24 0.180071
