4 530.16 352.52 552.99 386.67 0.986259
4 501.17 49.22 515.62 63.42 0.975569
4 460.33 19.47 474.48 32.99 0.960527
4 575.35 628.69 611.14 693.73 0.910339
4 508.56 21.07 522.31 34.93 0.908274
4 450.16 -0.03 463.54 9.55 0.901064
4 666.86 153.86 688.32 172.77 0.859440
4 662.11 32.18 673.94 43.69 0.844698
1 338.63 685.07 352.48 710.89 0.830770
9 675.78 59.81 722.83 116.30 0.794167
1 392.63 619.25 405.93 649.60 0.716567
4 502.27 18.65 522.68 35.32 0.704997
4 939.54 49.79 956.99 64.31 0.669974
1 293.68 715.20 306.00 745.13 0.669861
4 55.79 114.39 76.72 129.15 0.618066
6 743.05 626.20 799.71 786.67 0.592522
5 694.37 267.12 718.52 299.05 0.581283
4 877.40 38.21 912.69 54.12 0.552998
4 1090.78 18.28 1117.24 36.33 0.539478
4 1215.02 54.12 1234.46 66.28 0.532185
2 384.72 618.83 405.95 649.70 0.503437
2 438.84 494.24 450.58 514.49 0.497248
4 1334.29 26.11 1358.29 44.45 0.488901
3 1211.55 466.03 1223.04 479.58 0.476098
6 98.70 86.39 205.00 128.06 0.474549
2 1005.89 322.89 1021.30 347.64 0.458293
2 711.15 490.61 720.68 513.42 0.451899
2 680.36 482.73 690.42 505.22 0.443922
9 726.51 512.48 800.27 786.43 0.437391
2 404.67 358.72 481.01 518.00 0.432257
2 276.93 680.39 352.79 755.54 0.426053
3 454.12 480.76 474.21 508.95 0.417996
2 282.29 716.98 296.74 749.69 0.412507
5 728.39 513.13 778.31 643.19 0.409854
2 686.49 467.46 696.83 487.68 0.400796
2 1133.01 457.98 1162.14 482.44 0.390531
2 443.78 561.68 455.85 595.57 0.387888
2 703.64 491.92 712.38 513.80 0.371127
2 384.49 620.24 394.59 642.82 0.241749
1 1073.24 310.62 1083.79 327.74 0.221290
2 312.19 680.67 330.72 715.82 0.220515
2 1011.80 323.28 1022.18 344.20 0.219874
2 455.33 477.08 474.24 508.78 0.201987
2 317.79 690.36 330.85 715.92 0.200690
2 277.42 729.67 293.22 756.74 0.197028
4 165.16 31.01 195.97 41.31 0.196413
4 328.50 96.65 357.40 115.82 0.192456
2 447.00 459.58 457.84 480.85 0.187409
4 33.64 46.93 59.65 62.16 0.186865
2 440.62 437.59 449.23 456.27 0.186295
9 732.52 290.29 820.75 537.41 0.185329
7 101.03 576.86 143.50 616.96 0.184293
6 89.46 182.29 134.48 215.01 0.180692
1 306.82 701.96 323.06 732.91 0.047382
1 1211.79 455.40 1228.95 478.65 0.046977
