4 945.01 328.18 997.26 401.21 0.994299
4 417.54 58.51 490.71 111.03 0.975878
4 904.90 0.91 961.03 77.17 0.947277
4 434.42 4.37 472.29 39.96 0.888600
4 814.79 473.60 892.80 595.84 0.762592
4 722.58 460.94 752.29 494.05 0.699343
4 399.31 8.31 434.08 38.45 0.632284
4 866.47 321.49 914.92 369.80 0.620015
10 375.94 144.13 501.08 230.31 0.423354
9 865.81 238.25 953.91 370.33 0.386744
10 489.57 122.97 536.67 173.70 0.214504
10 374.83 121.38 536.41 231.32 0.207445
4 424.62 0.38 472.64 41.54 0.197411
4 399.75 13.17 425.14 38.61 0.189786
