3 462.61 264.63 480.61 299.26 0.417716
1 499.96 270.65 519.96 336.50 0.415888
1 478.54 264.63 501.09 332.15 0.412205
1 462.14 248.38 481.90 292.44 0.412170
4 342.18 294.21 419.02 372.47 0.408287
3 534.02 352.42 619.21 413.63 0.407853
4 562.42 194.70 586.48 212.99 0.406653
3 342.49 304.14 376.43 372.33 0.402691
1 914.59 372.66 959.43 436.22 0.400294
3 542.93 281.21 574.74 322.23 0.398436
2 461.85 248.12 520.36 336.02 0.398065
4 580.73 190.47 598.06 203.66 0.395495
1 744.47 420.80 807.27 539.15 0.394841
3 828.69 466.66 897.44 539.37 0.388520
5 563.15 181.40 584.39 213.71 0.377304
2 738.89 347.87 774.71 386.87 0.374909
2 914.59 372.66 959.43 436.22 0.360102
1 873.83 191.17 880.18 204.40 0.353249
4 788.01 181.76 799.89 190.45 0.338214
3 531.62 288.70 553.30 322.38 0.334715
4 577.70 196.05 587.15 209.17 0.324700
2 816.40 194.81 827.37 213.29 0.320649
2 462.14 248.38 481.90 292.44 0.319554
3 915.05 390.53 959.66 436.84 0.288665
3 738.71 347.66 826.70 387.81 0.269990
2 873.83 191.17 880.18 204.40 0.267429
3 636.76 186.98 648.64 197.44 0.260568
4 830.30 184.69 842.28 192.23 0.245768
1 678.63 178.57 688.13 193.03 0.241847
3 850.31 207.46 870.26 222.76 0.240816
2 802.87 196.00 814.00 207.96 0.231329
6 750.17 169.99 774.23 180.39 0.230770
6 762.19 170.08 774.41 177.94 0.229840
2 562.32 194.67 570.42 212.53 0.223984
2 839.55 204.11 848.17 217.00 0.223742
1 637.12 182.29 647.27 196.48 0.223192
7 342.18 294.21 419.02 372.47 0.223051
4 739.48 348.07 768.01 369.45 0.221946
1 706.05 176.08 712.55 189.18 0.214973
3 925.21 416.32 957.14 436.83 0.211725
9 784.40 151.49 811.11 158.78 0.207809
7 534.02 352.42 619.21 413.63 0.207345
10 342.23 294.27 418.81 372.23 0.205828
10 534.23 352.24 619.16 413.47 0.204062
10 599.99 365.32 618.12 384.32 0.199490
10 803.53 355.79 827.11 375.74 0.199271
