4 306.33 558.91 496.57 637.88 0.995914
4 774.66 515.70 877.75 596.53 0.992566
4 31.22 764.90 284.40 903.76 0.989952
9 962.42 586.07 1399.46 835.96 0.982447
4 586.53 526.28 747.09 606.63 0.981681
10 962.42 586.07 1399.46 835.96 0.970779
1 475.83 677.90 503.34 751.84 0.958798
1 501.99 687.82 529.56 766.06 0.955189
4 903.09 497.33 1065.56 571.78 0.904427
4 1164.03 471.43 1242.02 495.50 0.896625
3 472.63 830.70 569.92 896.48 0.889150
1 680.94 442.75 712.84 497.89 0.863482
4 244.85 421.88 327.08 505.20 0.859542
1 418.93 696.68 453.17 776.92 0.854294
1 1346.61 534.81 1382.64 585.15 0.853275
4 1368.62 467.65 1399.86 511.44 0.852187
4 0.14 474.79 76.16 557.31 0.846187
1 28.70 520.79 56.08 577.78 0.841898
4 1167.72 483.59 1288.08 540.21 0.813346
4 326.54 242.74 343.43 262.37 0.805425
1 498.67 802.06 544.06 883.31 0.787010
4 291.17 337.41 344.34 384.10 0.786305
1 731.19 570.28 756.02 629.90 0.780887
1 1074.13 534.33 1105.86 584.91 0.771398
1 359.96 629.46 396.06 698.25 0.767640
4 28.42 405.55 123.22 476.87 0.763270
4 265.31 256.34 304.96 290.86 0.723642
4 290.97 195.32 318.09 219.96 0.708350
4 82.61 379.69 133.74 412.53 0.675586
3 1066.69 554.70 1107.20 588.23 0.657965
2 419.58 697.26 452.26 776.57 0.654455
1 233.54 407.26 252.39 453.45 0.629072
4 324.45 181.10 342.83 201.22 0.626401
3 316.99 310.78 339.74 331.94 0.603489
3 805.48 635.86 897.35 694.43 0.601525
2 351.78 560.61 378.39 603.93 0.599754
2 681.74 443.41 712.39 497.41 0.581361
3 1320.27 488.78 1364.83 524.41 0.580502
2 1348.13 535.47 1381.85 583.91 0.577216
2 233.54 407.26 252.39 453.45 0.576038
4 319.07 263.93 340.94 299.74 0.567349
4 82.57 374.07 160.41 413.72 0.565443
3 805.34 639.25 863.06 693.84 0.556374
3 1190.50 589.35 1246.84 613.82 0.550698
2 499.81 802.57 543.75 883.44 0.547147
3 727.59 603.38 771.36 643.59 0.543580
2 476.55 678.67 503.18 750.86 0.540315
2 502.55 688.41 528.72 764.88 0.510334
3 1190.93 590.24 1221.94 613.37 0.505626
7 909.77 613.82 1036.34 703.05 0.500796
4 275.21 197.83 288.38 215.61 0.498254
2 1014.82 613.89 1035.88 640.39 0.492248
2 731.04 569.75 753.99 629.70 0.490715
3 941.72 614.44 1036.42 698.72 0.490160
2 399.87 718.26 420.80 747.86 0.487201
3 1321.05 503.85 1349.49 524.26 0.487188
2 472.75 801.92 543.71 895.76 0.481790
7 910.28 618.10 967.55 702.66 0.480511
3 292.07 209.12 309.41 238.27 0.473276
1 7.12 418.31 32.87 470.82 0.470838
3 1199.71 486.64 1288.62 534.74 0.466557
4 1167.89 483.98 1239.49 539.90 0.465843
2 1074.33 535.10 1105.53 587.42 0.454003
3 264.86 287.69 283.64 308.19 0.453709
2 399.85 718.08 424.57 777.07 0.446414
4 0.27 468.01 112.50 558.57 0.441130
2 973.40 398.05 990.46 435.63 0.428051
2 1322.15 489.51 1350.20 523.28 0.413402
2 267.26 286.62 282.20 307.75 0.411802
2 1206.23 723.59 1233.33 755.08 0.401130
2 290.85 205.72 308.67 237.21 0.401046
2 1332.51 490.27 1350.27 521.63 0.399429
2 211.13 407.26 232.19 457.72 0.398474
2 1140.38 523.03 1155.97 567.62 0.391130
2 353.38 624.11 537.80 778.62 0.388943
2 364.00 630.33 395.59 697.81 0.387153
1 1320.20 487.80 1354.35 524.77 0.384653
2 863.79 402.41 876.19 422.09 0.375727
2 736.52 570.67 751.41 605.44 0.370213
2 1294.83 712.02 1319.48 738.62 0.370185
2 1214.07 381.53 1231.54 408.00 0.365502
1 1071.87 533.80 1106.55 585.26 0.362893
3 1067.00 551.80 1107.46 588.57 0.354478
2 291.36 279.71 308.65 317.23 0.353222
2 862.35 402.56 877.17 445.68 0.352645
2 313.09 200.44 324.85 226.99 0.352566
2 1267.15 717.90 1288.55 744.71 0.352386
2 28.93 521.04 54.61 576.86 0.348316
2 352.56 170.45 363.48 201.33 0.346039
2 627.98 440.32 639.03 480.93 0.344359
2 1322.98 687.65 1357.50 733.42 0.343217
2 941.94 638.73 968.02 696.03 0.342644
2 289.74 206.92 298.93 232.29 0.340867
2 1061.91 735.77 1090.28 776.85 0.337207
2 1228.59 379.26 1247.94 430.35 0.330290
2 1213.49 381.57 1232.51 428.40 0.327915
1 292.26 281.27 309.36 317.52 0.327740
2 292.27 281.55 308.82 317.38 0.321980
3 1321.26 489.55 1352.32 523.60 0.321150
2 317.22 196.10 332.90 228.26 0.314710
2 409.93 675.94 534.68 778.68 0.304216
1 27.44 519.63 57.69 577.95 0.303631
1 398.03 716.61 426.07 776.84 0.296454
7 902.55 495.26 1065.20 572.43 0.295316
7 27.14 402.65 125.31 477.44 0.289802
2 338.74 147.21 350.48 181.97 0.286841
1 398.97 716.92 421.85 748.77 0.272692
10 910.24 616.44 968.07 701.35 0.270513
7 0.17 472.93 77.39 558.73 0.262991
1 207.62 403.31 254.74 459.06 0.260066
3 1167.21 480.77 1288.38 540.23 0.253623
1 469.73 799.52 571.98 899.63 0.250725
10 909.19 612.16 1036.22 703.22 0.244953
4 1161.72 469.87 1244.72 539.09 0.232340
2 305.53 555.02 548.60 777.56 0.231857
1 1059.49 734.90 1091.94 778.58 0.229490
7 1.21 397.00 131.91 576.65 0.229313
1 1139.85 521.09 1158.00 567.63 0.227388
7 1161.75 469.37 1288.64 540.02 0.226696
10 59.11 465.57 132.04 583.25 0.226546
10 675.64 617.73 738.57 738.46 0.219261
3 1190.18 587.17 1247.20 614.75 0.215293
3 1056.31 542.35 1115.06 595.23 0.212567
1 290.37 205.27 310.62 237.86 0.209797
10 263.53 252.15 306.04 293.03 0.202956
1 1062.12 530.26 1112.32 592.45 0.202012
3 1317.73 482.93 1365.05 528.40 0.199445
2 1140.08 521.85 1157.23 565.69 0.190352
1 1336.06 530.44 1388.40 595.66 0.189126
1 23.86 484.33 67.83 578.25 0.187615
2 388.78 666.59 544.68 786.73 0.186439
6 972.44 387.05 1012.78 417.10 0.184735
10 283.71 190.01 334.36 234.07 0.183204
2 210.14 405.52 252.64 457.92 0.183113
3 427.51 740.67 458.09 778.10 0.182858
1 1338.79 534.93 1382.89 594.80 0.181536
1 861.04 401.41 877.28 445.77 0.180035
1 673.60 435.80 721.09 503.64 0.179381
3 471.93 836.90 518.68 896.59 0.178372
7 0.38 466.64 111.82 560.14 0.176956
4 1367.80 465.55 1399.17 512.64 0.175278
10 289.52 192.81 320.12 222.27 0.170766
10 914.90 616.25 966.97 682.58 0.170060
7 1114.53 773.73 1176.88 822.55 0.167845
10 287.97 199.15 317.19 236.89 0.167656
2 287.78 539.98 577.55 801.31 0.167560
1 316.04 197.49 334.09 229.33 0.165802
4 20.09 729.34 320.03 939.12 0.163951
3 804.65 657.88 854.85 694.55 0.163645
2 471.68 675.37 534.18 767.96 0.163603
7 0.94 465.56 130.49 583.28 0.161171
3 1320.62 501.53 1350.06 524.96 0.161072
4 299.08 540.63 509.79 652.45 0.157808
10 240.87 247.95 307.48 305.65 0.156498
1 1008.92 612.02 1037.12 641.43 0.156464
2 201.22 398.41 260.56 463.28 0.156282
7 5.79 398.62 127.88 478.40 0.153811
1 1293.02 710.10 1319.92 740.08 0.150320
1 458.89 789.07 585.48 913.71 0.149431
4 318.44 262.57 342.11 300.84 0.148593
10 59.72 465.76 115.89 546.26 0.148165
3 1310.61 473.71 1370.28 537.36 0.147599
3 1189.52 573.13 1277.36 614.72 0.147109
1 726.22 567.63 770.28 642.54 0.146433
10 273.99 196.02 290.23 217.67 0.146048
1 862.18 401.43 876.56 424.20 0.142137
10 81.12 388.18 117.31 410.89 0.138742
10 80.97 383.37 131.69 413.57 0.137528
4 1133.19 463.94 1243.31 540.18 0.136724
1 1360.80 679.58 1385.20 711.91 0.136348
7 772.74 491.43 1067.87 597.55 0.136240
7 288.38 310.07 345.97 386.12 0.134169
2 346.48 620.23 576.10 897.43 0.133899
1 1206.96 721.33 1233.82 755.54 0.132790
4 229.19 407.99 338.92 515.23 0.132643
10 1142.65 595.03 1393.25 681.88 0.131763
2 310.01 570.63 577.12 898.10 0.131672
1 1213.81 380.25 1232.35 409.33 0.129895
7 1132.89 463.40 1288.42 540.89 0.129082
4 323.20 180.15 343.69 202.05 0.127258
4 574.18 510.95 767.50 632.84 0.127147
10 973.98 590.93 1395.34 727.32 0.127005
10 1143.35 606.99 1304.72 680.62 0.126567
1 1074.97 534.22 1105.86 579.61 0.126513
10 54.20 464.24 181.64 692.01 0.123667
1 352.22 558.46 381.74 601.79 0.122111
10 60.82 467.71 108.88 526.97 0.121841
1 345.83 621.73 406.21 705.59 0.121610
3 472.63 800.22 544.79 896.78 0.121207
10 249.10 246.51 307.65 308.67 0.121006
4 17.39 389.30 141.06 485.18 0.120980
3 263.31 285.62 284.35 309.37 0.120535
4 1163.82 468.90 1242.91 498.65 0.119842
7 733.73 600.88 762.03 630.16 0.119423
1 352.09 171.41 364.56 203.25 0.118379
10 847.15 417.10 875.63 448.57 0.117576
1 735.25 568.44 752.69 608.09 0.117241
1 1234.76 726.89 1256.22 752.08 0.116218
3 803.87 656.19 883.95 694.89 0.114971
1 1179.68 730.41 1203.42 760.77 0.114814
10 1338.01 560.38 1378.95 594.87 0.113149
1 1212.44 380.12 1232.84 427.12 0.112116
1 1267.27 716.30 1289.51 745.28 0.111327
3 238.47 275.75 284.34 310.64 0.110919
10 237.81 267.83 282.48 308.47 0.110581
1 252.74 250.63 269.07 276.35 0.109697
1 247.66 254.30 269.09 298.78 0.105988
3 1337.59 533.00 1384.61 594.47 0.105405
10 99.74 393.96 132.61 413.94 0.104019
1 995.59 611.48 1037.97 644.13 0.103396
2 206.38 186.85 355.50 510.26 0.103117
1 878.16 400.56 892.68 444.54 0.102845
10 306.72 195.38 334.26 229.66 0.102024
10 93.84 535.50 131.61 583.62 0.101850
1 81.93 389.25 103.55 408.27 0.100845
8 289.74 206.92 298.93 232.29 0.048678
8 863.79 402.41 876.19 422.09 0.048616
7 289.74 206.92 298.93 232.29 0.048238
8 313.09 200.44 324.85 226.99 0.048230
8 267.26 286.62 282.20 307.75 0.048210
7 863.79 402.41 876.19 422.09 0.048154
8 352.56 170.45 363.48 201.33 0.048088
8 320.85 197.66 332.95 228.10 0.047912
8 294.99 208.69 308.52 237.56 0.047786
1 289.74 206.92 298.93 232.29 0.047740
10 289.74 206.92 298.93 232.29 0.047734
8 338.74 147.21 350.48 181.97 0.047686
7 313.09 200.44 324.85 226.99 0.047640
1 863.79 402.41 876.19 422.09 0.047627
10 863.79 402.41 876.19 422.09 0.047627
7 267.26 286.62 282.20 307.75 0.047613
8 627.98 440.32 639.03 480.93 0.047456
7 352.56 170.45 363.48 201.33 0.047451
8 1214.07 381.53 1231.54 408.00 0.047379
3 289.74 206.92 298.93 232.29 0.047357
3 863.79 402.41 876.19 422.09 0.047231
7 320.85 197.66 332.95 228.10 0.047215
8 736.52 570.67 751.41 605.44 0.047066
7 294.99 208.69 308.52 237.56 0.047048
1 313.09 200.44 324.85 226.99 0.046971
10 313.09 200.44 324.85 226.99 0.046966
8 292.98 280.89 307.76 317.17 0.046961
1 267.26 286.62 282.20 307.75 0.046936
10 267.26 286.62 282.20 307.75 0.046931
7 338.74 147.21 350.48 181.97 0.046915
8 1332.51 490.27 1350.27 521.63 0.046842
8 1014.82 613.89 1035.88 640.39 0.046835
8 1267.15 717.90 1288.55 744.71 0.046748
1 352.56 170.45 363.48 201.33 0.046723
10 352.56 170.45 363.48 201.33 0.046723
7 627.98 440.32 639.03 480.93 0.046607
7 1214.07 381.53 1231.54 408.00 0.046506
8 399.87 718.26 420.80 747.86 0.046487
3 313.09 200.44 324.85 226.99 0.046460
1 320.85 197.66 332.95 228.10 0.046421
10 320.85 197.66 332.95 228.10 0.046420
8 862.35 402.56 877.17 445.68 0.046376
8 973.40 398.05 990.46 435.63 0.046366
8 1294.83 712.02 1319.48 738.62 0.046284
1 294.99 208.69 308.52 237.56 0.046205
10 294.99 208.69 308.52 237.56 0.046204
3 352.56 170.45 363.48 201.33 0.046177
7 736.52 570.67 751.41 605.44 0.046087
8 1140.38 523.03 1155.97 567.62 0.046058
1 338.74 147.21 350.48 181.97 0.046034
10 338.74 147.21 350.48 181.97 0.046034
7 292.98 280.89 307.76 317.17 0.045948
3 320.85 197.66 332.95 228.10 0.045823
7 1332.51 490.27 1350.27 521.63 0.045790
7 1014.82 613.89 1035.88 640.39 0.045780
7 1267.15 717.90 1288.55 744.71 0.045664
1 627.98 440.32 639.03 480.93 0.045639
10 627.98 440.32 639.03 480.93 0.045638
1 1214.07 381.53 1231.54 408.00 0.045508
10 1214.07 381.53 1231.54 408.00 0.045507
3 338.74 147.21 350.48 181.97 0.045373
7 399.87 718.26 420.80 747.86 0.045317
7 862.35 402.56 877.17 445.68 0.045168
8 1206.23 723.59 1233.33 755.08 0.045162
7 973.40 398.05 990.46 435.63 0.045155
8 233.54 407.26 252.39 453.45 0.045063
7 1294.83 712.02 1319.48 738.62 0.045045
1 736.52 570.67 751.41 605.44 0.044970
10 736.52 570.67 751.41 605.44 0.044970
8 1213.49 381.57 1232.51 428.40 0.044950
3 627.98 440.32 639.03 480.93 0.044911
1 292.98 280.89 307.76 317.17 0.044808
10 292.98 280.89 307.76 317.17 0.044790
8 1322.22 490.20 1350.54 522.76 0.044774
3 1214.07 381.53 1231.54 408.00 0.044758
7 1140.38 523.03 1155.97 567.62 0.044744
1 1332.51 490.27 1350.27 521.63 0.044590
10 1332.51 490.27 1350.27 521.63 0.044587
1 1014.82 613.89 1035.88 640.39 0.044576
10 1014.82 613.89 1035.88 640.39 0.044575
1 1267.15 717.90 1288.55 744.71 0.044427
10 1267.15 717.90 1288.55 744.71 0.044425
8 1228.59 379.26 1247.94 430.35 0.044395
3 736.52 570.67 751.41 605.44 0.044131
1 399.87 718.26 420.80 747.86 0.043988
10 399.87 718.26 420.80 747.86 0.043979
8 211.13 407.26 232.19 457.72 0.043976
3 292.98 280.89 307.76 317.17 0.043922
1 862.35 402.56 877.17 445.68 0.043788
10 862.35 402.56 877.17 445.68 0.043787
1 973.40 398.05 990.46 435.63 0.043772
10 973.40 398.05 990.46 435.63 0.043770
3 1332.51 490.27 1350.27 521.63 0.043685
3 1014.82 613.89 1035.88 640.39 0.043671
1 1294.83 712.02 1319.48 738.62 0.043632
10 1294.83 712.02 1319.48 738.62 0.043629
7 1206.23 723.59 1233.33 755.08 0.043549
3 1267.15 717.90 1288.55 744.71 0.043496
8 351.78 560.61 378.39 603.93 0.043466
7 233.54 407.26 252.39 453.45 0.043417
8 1061.91 735.77 1090.28 776.85 0.043392
7 1213.49 381.57 1232.51 428.40 0.043267
1 1140.38 523.03 1155.97 567.62 0.043256
10 1140.38 523.03 1155.97 567.62 0.043242
7 1322.22 490.20 1350.54 522.76 0.043032
3 399.87 718.26 420.80 747.86 0.042975
3 862.35 402.56 877.17 445.68 0.042752
3 973.40 398.05 990.46 435.63 0.042732
8 731.72 570.25 753.42 629.84 0.042672
8 7.88 419.72 32.29 473.09 0.042616
3 1294.83 712.02 1319.48 738.62 0.042567
7 1228.59 379.26 1247.94 430.35 0.042526
3 1140.38 523.03 1155.97 567.62 0.042115
7 211.13 407.26 232.19 457.72 0.041967
8 28.93 521.04 54.61 576.86 0.041872
8 398.92 717.27 423.34 776.77 0.041764
1 1206.23 723.59 1233.33 755.08 0.041707
10 1206.23 723.59 1233.33 755.08 0.041706
10 233.54 407.26 252.39 453.45 0.041536
8 941.94 638.73 968.02 696.03 0.041527
1 1213.49 381.57 1232.51 428.40 0.041343
10 1213.49 381.57 1232.51 428.40 0.041343
7 351.78 560.61 378.39 603.93 0.041287
7 1061.91 735.77 1090.28 776.85 0.041189
1 1322.22 490.20 1350.54 522.76 0.041043
8 1322.98 687.65 1357.50 733.42 0.041042
10 1322.22 490.20 1350.54 522.76 0.041041
1 211.13 407.26 232.19 457.72 0.040835
8 1348.13 535.47 1381.85 583.91 0.040739
8 681.74 443.41 712.39 497.41 0.040616
1 1228.59 379.26 1247.94 430.35 0.040391
10 1228.59 379.26 1247.94 430.35 0.040391
3 1206.23 723.59 1233.33 755.08 0.040324
7 731.72 570.25 753.42 629.84 0.040229
7 7.88 419.72 32.29 473.09 0.040154
3 233.54 407.26 252.39 453.45 0.040126
3 1213.49 381.57 1232.51 428.40 0.039900
10 211.13 407.26 232.19 457.72 0.039672
3 1322.22 490.20 1350.54 522.76 0.039548
7 28.93 521.04 54.61 576.86 0.039163
8 476.55 678.67 503.18 750.86 0.039104
7 398.92 717.27 423.34 776.77 0.039018
1 7.88 419.72 32.29 473.09 0.038998
1 351.78 560.61 378.39 603.93 0.038802
10 351.78 560.61 378.39 603.93 0.038798
3 1228.59 379.26 1247.94 430.35 0.038790
7 941.94 638.73 968.02 696.03 0.038703
1 1061.91 735.77 1090.28 776.85 0.038673
10 1061.91 735.77 1090.28 776.85 0.038672
8 502.55 688.41 528.72 764.88 0.038656
7 1322.98 687.65 1357.50 733.42 0.038057
3 211.13 407.26 232.19 457.72 0.037951
8 364.00 630.33 395.59 697.81 0.037918
7 1348.13 535.47 1381.85 583.91 0.037652
7 681.74 443.41 712.39 497.41 0.037489
10 731.72 570.25 753.42 629.84 0.037438
10 7.88 419.72 32.29 473.09 0.037341
3 351.78 560.61 378.39 603.93 0.036931
3 1061.91 735.77 1090.28 776.85 0.036784
10 28.93 521.04 54.61 576.86 0.036066
1 398.92 717.27 423.34 776.77 0.035890
10 398.92 717.27 423.34 776.77 0.035880
1 941.94 638.73 968.02 696.03 0.035475
10 941.94 638.73 968.02 696.03 0.035475
7 476.55 678.67 503.18 750.86 0.035472
3 731.72 570.25 753.42 629.84 0.035344
8 419.58 697.26 452.26 776.57 0.035309
3 7.88 419.72 32.29 473.09 0.035231
7 502.55 688.41 528.72 764.88 0.034874
1 1322.98 687.65 1357.50 733.42 0.034646
10 1322.98 687.65 1357.50 733.42 0.034644
10 1348.13 535.47 1381.85 583.91 0.034124
10 681.74 443.41 712.39 497.41 0.033914
7 364.00 630.33 395.59 697.81 0.033891
3 28.93 521.04 54.61 576.86 0.033744
3 398.92 717.27 423.34 776.77 0.033527
3 941.94 638.73 968.02 696.03 0.033054
3 1322.98 687.65 1357.50 733.42 0.032086
3 1348.13 535.47 1381.85 583.91 0.031483
10 476.55 678.67 503.18 750.86 0.031321
7 291.17 337.41 344.34 384.10 0.031237
3 681.74 443.41 712.39 497.41 0.031234
10 502.55 688.41 528.72 764.88 0.030553
7 419.58 697.26 452.26 776.57 0.030412
8 499.81 802.57 543.75 883.44 0.029854
10 364.00 630.33 395.59 697.81 0.029288
3 476.55 678.67 503.18 750.86 0.028208
3 502.55 688.41 528.72 764.88 0.027312
3 364.00 630.33 395.59 697.81 0.025837
10 419.58 697.26 452.26 776.57 0.024815
7 499.81 802.57 543.75 883.44 0.023139
3 419.58 697.26 452.26 776.57 0.020617
