4 763.10 600.72 818.06 667.47 0.925662
4 679.88 112.79 724.47 144.96 0.913754
4 551.44 376.06 573.79 392.95 0.621774
4 544.34 390.88 567.90 410.94 0.558076
2 267.25 735.96 307.85 812.58 0.446319
4 892.93 189.37 920.25 220.42 0.415308
2 261.12 724.43 322.09 818.52 0.409024
2 939.52 92.36 974.95 141.57 0.375702
7 257.25 767.76 320.17 818.98 0.342890
4 677.71 109.88 725.82 146.14 0.342067
7 760.78 597.80 819.24 668.85 0.328292
2 610.06 805.41 658.81 892.24 0.316093
4 673.30 104.76 730.75 149.48 0.311198
7 619.34 143.86 689.07 187.88 0.304914
3 662.60 156.07 687.43 182.89 0.273791
7 543.21 387.37 569.19 412.93 0.245544
7 617.85 107.08 728.09 189.39 0.245161
10 144.53 921.75 210.62 983.12 0.243741
10 1026.88 754.20 1087.92 865.94 0.237392
4 760.90 597.82 819.23 668.77 0.232250
4 752.63 589.95 827.01 676.89 0.230833
1 263.20 727.00 313.91 814.93 0.229038
4 664.30 98.34 740.81 159.79 0.199577
1 526.82 332.34 539.86 357.45 0.192547
7 231.31 887.41 252.58 906.15 0.191514
4 665.25 159.52 686.24 181.36 0.188905
3 654.05 149.57 695.07 188.06 0.186266
1 274.34 727.51 319.57 780.48 0.174702
3 647.58 152.79 688.57 185.23 0.171906
4 746.99 585.15 834.04 684.51 0.171631
7 502.27 353.82 544.52 387.70 0.171061
7 923.59 88.45 980.73 144.98 0.169546
6 135.19 910.92 219.57 988.55 0.168622
10 1008.75 749.71 1094.57 899.60 0.165457
7 265.68 860.14 287.41 879.40 0.163364
1 254.44 718.21 331.53 821.75 0.161931
3 249.93 760.15 327.74 824.20 0.158000
1 540.04 373.19 577.82 414.76 0.157950
10 1005.07 747.56 1396.32 1031.29 0.154790
1 502.72 354.54 520.53 380.44 0.154047
1 609.03 803.46 661.27 894.10 0.153110
7 499.20 348.61 577.58 417.13 0.152772
7 862.15 186.25 924.01 258.00 0.151297
10 1007.73 748.74 1395.93 992.32 0.147578
7 937.93 90.43 977.92 142.08 0.147212
4 737.17 576.24 845.95 699.71 0.142241
7 661.98 109.03 727.48 183.32 0.141861
2 594.34 782.92 1077.22 1046.40 0.141601
10 862.33 228.04 896.21 258.02 0.141507
6 286.45 768.06 320.74 807.55 0.141462
10 988.31 751.26 1091.02 953.59 0.140808
1 502.28 354.87 530.86 385.71 0.136959
7 230.14 858.55 289.41 907.57 0.135203
1 542.28 378.60 572.41 413.21 0.133556
10 258.41 766.97 318.54 817.43 0.130748
1 524.05 331.79 543.18 380.17 0.130167
10 1012.96 754.43 1088.29 895.94 0.129143
4 546.35 369.46 578.35 395.69 0.126943
1 255.48 664.50 353.68 820.79 0.126339
1 210.33 620.81 254.96 692.58 0.125157
10 860.31 219.99 897.48 258.28 0.124648
1 274.83 738.28 305.93 778.75 0.124159
6 143.29 921.17 211.50 983.63 0.124021
1 110.40 2.04 1077.48 1046.44 0.123812
2 162.92 573.31 1102.41 1045.18 0.123692
10 1020.38 753.06 1394.61 974.32 0.122507
1 520.75 287.29 542.25 324.77 0.120076
7 532.26 364.53 584.47 420.44 0.118978
7 503.60 367.07 530.72 386.95 0.116678
2 593.47 721.41 1089.75 1046.61 0.115216
9 730.96 570.10 856.46 707.53 0.114680
7 614.06 136.16 698.19 216.77 0.114407
6 521.25 837.35 572.99 891.02 0.112901
7 919.58 83.45 990.60 150.40 0.112252
2 457.32 534.06 678.29 764.12 0.111313
2 110.40 2.04 1077.48 1046.44 0.110357
10 543.54 388.12 568.82 412.95 0.109959
10 632.93 158.16 654.24 183.73 0.109870
6 160.45 936.38 198.06 981.42 0.109794
7 619.92 146.66 658.20 184.65 0.108779
2 403.27 532.95 682.66 834.47 0.107305
10 662.48 155.74 687.76 183.06 0.105914
4 676.64 108.92 726.79 146.78 0.105819
1 191.35 613.04 260.35 699.76 0.105679
2 592.31 886.92 1076.34 1047.10 0.105089
3 256.19 723.62 328.34 819.61 0.104875
2 151.08 680.98 1088.11 1046.07 0.103914
4 549.76 376.53 572.15 394.12 0.103360
2 147.67 490.13 1114.92 1043.75 0.101667
1 271.82 725.65 323.61 812.35 0.100119
10 679.49 111.75 723.60 144.99 0.043594
8 939.52 92.36 974.95 141.57 0.040117
10 762.62 600.04 817.52 667.57 0.038248
7 939.52 92.36 974.95 141.57 0.036823
1 939.52 92.36 974.95 141.57 0.033089
10 939.52 92.36 974.95 141.57 0.033058
3 939.52 92.36 974.95 141.57 0.030235
7 762.62 600.04 817.52 667.57 0.022282
