4 772.26 409.54 812.61 445.88 0.994611
4 427.31 99.11 446.93 119.84 0.988111
4 509.99 102.99 532.63 127.71 0.972317
4 802.98 368.80 842.26 406.86 0.952632
4 519.83 9.92 537.69 28.41 0.948273
4 906.89 418.20 956.87 461.44 0.943763
4 732.29 264.62 764.43 296.73 0.928272
4 552.84 82.84 573.89 104.75 0.897261
4 641.05 249.79 671.91 280.97 0.858158
4 565.46 171.39 580.49 181.33 0.848840
4 524.36 77.17 544.60 104.16 0.817216
4 980.30 550.17 1010.11 584.57 0.789275
4 591.49 157.86 607.48 169.19 0.747323
4 490.83 0.11 506.81 14.59 0.716896
1 1218.60 265.57 1247.83 319.85 0.666857
4 437.50 57.58 452.19 67.81 0.635095
4 545.54 15.22 563.30 34.63 0.587921
1 1194.97 256.33 1231.67 315.05 0.585843
4 327.35 19.06 344.57 32.30 0.583882
5 421.56 182.06 457.11 236.20 0.582918
2 1192.22 256.55 1232.23 314.36 0.577761
6 412.11 160.35 457.69 237.61 0.565575
2 1218.72 265.78 1247.57 319.56 0.553904
4 402.60 184.24 420.88 215.14 0.552708
1 1190.89 253.98 1250.18 320.70 0.548909
4 403.59 200.14 419.97 215.08 0.528457
2 1044.41 189.20 1079.59 243.36 0.495272
2 374.31 414.85 385.06 435.57 0.481750
2 1194.02 256.13 1247.36 319.69 0.465506
2 315.27 226.71 329.24 254.33 0.457265
2 115.09 297.83 140.67 333.63 0.440581
6 444.33 24.89 471.78 62.81 0.440175
2 155.64 296.92 176.83 345.57 0.436327
1 1044.05 188.64 1081.35 244.47 0.428130
2 159.71 321.17 175.06 345.34 0.420088
6 450.95 38.20 470.88 61.46 0.417555
2 165.87 296.51 176.24 322.82 0.416721
2 155.98 296.79 166.30 325.40 0.405400
2 1134.67 287.35 1164.58 325.86 0.403928
6 125.19 0.28 219.84 49.05 0.396562
2 259.79 461.85 269.63 480.76 0.396317
4 941.86 719.50 975.13 787.19 0.386497
2 368.00 417.20 375.57 436.36 0.379987
2 114.79 301.17 128.22 329.67 0.365841
4 771.13 407.63 813.72 447.03 0.353073
2 1026.27 208.59 1059.41 272.54 0.349228
2 1026.65 188.96 1079.58 272.03 0.347804
7 905.26 415.93 958.34 462.35 0.331150
7 506.49 71.43 576.93 132.00 0.330301
4 426.19 97.16 447.93 121.09 0.323335
10 419.91 180.06 458.21 237.58 0.308559
2 1190.94 254.71 1249.75 320.46 0.303205
10 940.18 718.19 976.63 785.99 0.303091
7 801.92 367.00 843.48 407.82 0.301478
4 508.62 100.80 533.53 128.48 0.291598
7 768.73 364.12 845.28 449.31 0.281164
7 521.49 73.73 575.87 107.59 0.268498
10 122.82 0.52 222.47 50.45 0.255636
4 552.07 80.82 574.60 105.61 0.245846
4 935.21 714.52 981.27 786.16 0.232630
10 412.68 171.79 464.77 247.14 0.230136
10 730.57 262.72 765.80 298.02 0.227382
7 640.03 248.09 673.08 281.71 0.222215
10 363.01 22.82 934.87 364.50 0.209758
1 113.91 296.49 141.69 334.59 0.206539
1 154.65 295.45 178.10 345.56 0.203543
7 523.18 75.70 545.33 104.78 0.202112
7 902.19 410.13 966.59 467.69 0.195665
10 1024.29 176.51 1398.74 405.92 0.192828
4 802.06 366.96 843.33 407.86 0.188578
4 327.56 2.27 351.12 15.92 0.186611
4 905.21 416.04 957.58 462.30 0.185285
7 978.54 547.73 1011.54 590.27 0.178053
4 767.77 402.32 817.37 451.34 0.176493
4 518.78 8.44 538.45 29.09 0.173147
1 1025.91 187.05 1082.51 273.13 0.170416
10 1246.78 343.97 1286.70 394.40 0.170324
5 143.94 571.69 190.55 611.93 0.169036
1 257.42 459.47 279.94 482.83 0.164554
10 119.67 225.70 333.40 286.98 0.161635
4 423.87 93.89 450.63 123.61 0.161386
10 362.62 7.66 1036.96 367.26 0.160064
1 112.69 291.02 180.16 347.10 0.158374
4 489.35 0.04 507.90 15.38 0.155019
1 164.82 295.99 177.74 324.18 0.154385
2 1040.96 188.29 1082.36 245.68 0.151218
7 499.30 60.69 585.71 139.48 0.149393
3 398.60 91.39 423.55 158.38 0.148303
10 1141.88 314.82 1189.33 350.54 0.146966
10 441.16 70.12 454.18 85.62 0.146383
2 1184.92 248.95 1258.63 327.29 0.145113
6 404.01 157.18 462.69 249.17 0.144990
1 366.14 409.94 391.46 438.80 0.141471
10 1037.20 207.32 1061.33 235.40 0.140614
1 258.24 460.61 271.64 481.13 0.140343
1 741.08 268.09 762.86 295.89 0.138215
6 419.94 179.91 458.14 237.72 0.138090
3 439.93 69.66 456.99 100.82 0.136547
10 203.37 174.82 252.57 234.72 0.133927
4 523.16 75.73 545.41 104.89 0.133342
6 1251.38 344.05 1286.76 383.94 0.131992
10 1170.47 397.61 1189.12 417.40 0.131460
7 932.00 435.14 955.86 462.50 0.129951
4 640.06 247.95 673.15 281.82 0.129854
10 1168.81 386.29 1191.63 417.74 0.126834
4 743.05 274.91 765.49 297.60 0.124990
4 940.22 718.18 976.81 786.00 0.124900
7 831.32 338.07 862.65 360.09 0.124739
10 434.64 56.18 457.89 101.15 0.124547
2 105.28 282.01 191.85 355.98 0.124399
10 366.94 73.76 771.11 361.26 0.123068
1 1051.68 189.03 1080.75 244.28 0.122346
1 467.62 321.52 481.29 342.39 0.122109
10 570.46 298.81 654.82 528.24 0.121575
4 401.58 183.34 422.22 216.40 0.120324
6 139.09 563.25 193.61 616.46 0.119193
3 1025.79 187.72 1081.74 272.92 0.118663
3 235.62 82.19 266.18 109.68 0.117307
1 228.03 226.70 249.45 262.86 0.117295
3 371.77 71.21 423.94 159.76 0.117130
10 119.41 158.08 332.58 289.78 0.116257
6 911.38 360.29 956.27 397.90 0.115279
4 797.64 361.41 848.24 412.77 0.114401
1 913.21 396.01 928.96 420.52 0.114149
10 731.17 263.39 746.67 285.11 0.113678
10 606.62 396.82 653.88 527.42 0.112664
1 1049.39 189.01 1074.70 224.22 0.112499
6 442.57 23.17 473.20 63.25 0.112302
10 624.55 698.38 689.16 786.07 0.111975
10 435.45 56.04 455.07 84.27 0.111816
1 313.30 225.43 331.76 254.56 0.110237
4 761.98 397.68 821.67 459.20 0.110152
10 949.70 267.34 981.70 301.33 0.107409
6 423.55 21.55 473.62 64.96 0.107089
10 906.77 356.02 1396.50 643.79 0.105211
10 988.77 417.88 1028.88 476.81 0.105073
10 1130.00 286.31 1166.10 335.67 0.104234
3 1266.63 431.78 1320.06 470.38 0.103624
3 1135.18 364.54 1192.65 419.87 0.103065
4 506.81 98.53 535.44 130.59 0.101769
3 152.72 291.98 179.98 346.25 0.100714
8 368.00 417.20 375.57 436.36 0.048904
8 259.79 461.85 269.63 480.76 0.048594
7 368.00 417.20 375.57 436.36 0.048539
8 374.31 414.85 385.06 435.57 0.048317
8 167.10 296.94 175.94 322.53 0.048291
7 259.79 461.85 269.63 480.76 0.048125
1 368.00 417.20 375.57 436.36 0.048125
10 368.00 417.20 375.57 436.36 0.048122
3 368.00 417.20 375.57 436.36 0.047809
8 155.98 296.79 166.30 325.40 0.047770
7 374.31 414.85 385.06 435.57 0.047756
7 167.10 296.94 175.94 322.53 0.047722
1 259.79 461.85 269.63 480.76 0.047591
10 259.79 461.85 269.63 480.76 0.047589
8 159.71 321.17 175.06 345.34 0.047196
3 259.79 461.85 269.63 480.76 0.047188
1 374.31 414.85 385.06 435.57 0.047125
10 374.31 414.85 385.06 435.57 0.047115
8 114.79 301.17 128.22 329.67 0.047110
8 315.27 226.71 329.24 254.33 0.047085
1 167.10 296.94 175.94 322.53 0.047072
10 167.10 296.94 175.94 322.53 0.047071
7 155.98 296.79 166.30 325.40 0.047027
3 374.31 414.85 385.06 435.57 0.046634
3 167.10 296.94 175.94 322.53 0.046583
7 159.71 321.17 175.06 345.34 0.046262
1 155.98 296.79 166.30 325.40 0.046180
10 155.98 296.79 166.30 325.40 0.046177
7 114.79 301.17 128.22 329.67 0.046147
7 315.27 226.71 329.24 254.33 0.046113
3 155.98 296.79 166.30 325.40 0.045540
1 159.71 321.17 175.06 345.34 0.045198
10 159.71 321.17 175.06 345.34 0.045193
1 114.79 301.17 128.22 329.67 0.045046
10 114.79 301.17 128.22 329.67 0.045046
1 315.27 226.71 329.24 254.33 0.045004
10 315.27 226.71 329.24 254.33 0.045003
3 159.71 321.17 175.06 345.34 0.044392
3 114.79 301.17 128.22 329.67 0.044220
3 315.27 226.71 329.24 254.33 0.044170
8 115.09 297.83 140.67 333.63 0.043084
8 1135.21 287.56 1164.35 324.93 0.041777
7 115.09 297.83 140.67 333.63 0.040779
7 1135.21 287.56 1164.35 324.93 0.039036
8 1218.72 265.78 1247.57 319.56 0.038279
1 115.09 297.83 140.67 333.63 0.038146
10 115.09 297.83 140.67 333.63 0.038145
8 1046.73 189.77 1079.27 242.81 0.036964
3 115.09 297.83 140.67 333.63 0.036169
1 1135.21 287.56 1164.35 324.93 0.035923
10 1135.21 287.56 1164.35 324.93 0.035904
7 1218.72 265.78 1247.57 319.56 0.034373
8 1026.27 208.59 1059.41 272.54 0.033993
3 1135.21 287.56 1164.35 324.93 0.033560
7 1046.73 189.77 1079.27 242.81 0.032619
10 1218.72 265.78 1247.57 319.56 0.029908
7 1026.27 208.59 1059.41 272.54 0.028657
1 1046.73 189.77 1079.27 242.81 0.027707
3 1039.30 209.37 1080.42 245.31 0.027669
10 1046.73 189.77 1079.27 242.81 0.027653
3 1218.72 265.78 1247.57 319.56 0.026573
3 1046.73 189.77 1079.27 242.81 0.023947
1 1026.27 208.59 1059.41 272.54 0.022560
10 1026.27 208.59 1059.41 272.54 0.022560
