4 667.00 438.00 727.00 524.00
4 665.00 341.00 714.00 409.00
4 666.00 270.00 711.00 323.00
4 655.00 176.00 693.00 224.00
4 467.00 372.00 521.00 463.00
4 459.00 512.00 526.00 615.00
4 778.00 340.00 832.00 406.00
4 835.00 537.00 912.00 645.00
4 1021.00 665.00 1190.00 757.00
4 687.00 598.00 759.00 729.00
4 370.00 624.00 471.00 763.00
4 977.00 553.00 1087.00 649.00
5 778.00 93.00 844.00 134.00
4 746.00 64.00 813.00 96.00
5 846.00 56.00 900.00 83.00
4 399.00 169.00 474.00 211.00
4 367.00 155.00 434.00 195.00
4 363.00 77.00 427.00 107.00
1 509.00 187.00 521.00 222.00
1 947.00 642.00 971.00 696.00
1 521.00 404.00 541.00 451.00
10 530.00 410.00 547.00 452.00
10 617.00 179.00 637.00 200.00
10 578.00 139.00 591.00 157.00
10 585.00 72.00 595.00 89.00
10 627.00 42.00 647.00 57.00
10 696.00 47.00 708.00 68.00
10 711.00 108.00 726.00 130.00
10 692.00 142.00 704.00 162.00
10 745.00 207.00 760.00 233.00
3 715.00 157.00 728.00 181.00
2 625.00 168.00 636.00 197.00
2 578.00 127.00 590.00 149.00
2 585.00 64.00 597.00 85.00
2 630.00 32.00 641.00 49.00
2 696.00 41.00 707.00 62.00
2 713.00 101.00 727.00 125.00
2 692.00 133.00 704.00 158.00
2 714.00 150.00 727.00 175.00
2 745.00 201.00 760.00 227.00
2 469.00 104.00 480.00 126.00
2 415.00 106.00 427.00 129.00
10 413.00 112.00 433.00 134.00
3 463.00 113.00 484.00 128.00
10 411.00 321.00 451.00 348.00
10 419.00 310.00 453.00 333.00
10 426.00 295.00 457.00 331.00
10 425.00 292.00 464.00 319.00
1 489.00 191.00 505.00 222.00
1 747.00 48.00 756.00 73.00
1 768.00 10.00 775.00 32.00
1 761.00 11.00 767.00 33.00
1 724.00 5.00 731.00 27.00
10 1108.00 581.00 1167.00 616.00
