4 728.00 577.00 818.00 706.00
4 840.00 545.00 944.00 664.00
4 717.00 465.00 795.00 560.00
4 704.00 402.00 766.00 464.00
4 776.00 377.00 849.00 450.00
4 154.00 257.00 261.00 296.00
4 293.00 282.00 394.00 321.00
4 296.00 241.00 392.00 272.00
2 236.00 297.00 253.00 317.00
10 220.00 303.00 267.00 324.00
4 269.00 212.00 317.00 245.00
2 603.00 281.00 618.00 306.00
7 562.00 358.00 615.00 418.00
4 609.00 266.00 693.00 301.00
4 796.00 281.00 895.00 318.00
4 665.00 291.00 757.00 326.00
4 736.00 191.00 763.00 214.00
2 729.00 327.00 751.00 357.00
2 768.00 340.00 792.00 379.00
10 594.00 288.00 633.00 311.00
10 732.00 337.00 754.00 366.00
10 767.00 353.00 789.00 383.00
2 569.00 222.00 582.00 244.00
2 583.00 217.00 599.00 246.00
2 606.00 224.00 618.00 247.00
2 608.00 223.00 622.00 248.00
10 569.00 228.00 583.00 249.00
10 585.00 227.00 598.00 248.00
7 604.00 231.00 618.00 252.00
4 623.00 200.00 650.00 227.00
4 573.00 196.00 599.00 224.00
4 590.00 187.00 614.00 211.00
4 627.00 184.00 652.00 207.00
4 631.00 170.00 656.00 193.00
4 633.00 156.00 652.00 176.00
4 629.00 145.00 650.00 162.00
4 683.00 146.00 704.00 165.00
1 738.00 150.00 747.00 172.00
1 587.00 150.00 596.00 171.00
1 669.00 131.00 677.00 149.00
1 673.00 128.00 681.00 146.00
1 761.00 174.00 769.00 196.00
1 768.00 171.00 776.00 193.00
4 531.00 133.00 575.00 153.00
4 550.00 117.00 586.00 136.00
5 589.00 124.00 608.00 144.00
4 577.00 102.00 596.00 123.00
4 608.00 110.00 623.00 126.00
10 631.00 113.00 639.00 122.00
2 632.00 109.00 639.00 120.00
4 675.00 93.00 689.00 106.00
4 642.00 81.00 656.00 94.00
4 625.00 82.00 637.00 93.00
4 665.00 69.00 677.00 80.00
4 651.00 61.00 663.00 72.00
5 773.00 180.00 815.00 205.00
4 777.00 169.00 827.00 191.00
4 768.00 160.00 819.00 181.00
4 755.00 154.00 805.00 175.00
4 748.00 150.00 793.00 168.00
4 754.00 135.00 794.00 156.00
4 748.00 128.00 787.00 146.00
4 740.00 122.00 779.00 142.00
4 735.00 101.00 761.00 115.00
4 724.00 95.00 750.00 106.00
4 715.00 84.00 732.00 95.00
4 564.00 92.00 598.00 102.00
4 555.00 86.00 589.00 96.00
3 354.00 205.00 376.00 222.00
1 387.00 172.00 398.00 195.00
1 394.00 172.00 406.00 195.00
4 602.00 82.00 621.00 93.00
2 602.00 88.00 606.00 101.00
1 1301.00 564.00 1324.00 636.00
1 1280.00 561.00 1303.00 633.00
