4 675.00 47.00 758.00 96.00
6 961.00 5.00 1035.00 98.00
4 1046.00 167.00 1119.00 243.00
4 1148.00 179.00 1231.00 247.00
5 1195.00 249.00 1295.00 333.00
4 1278.00 357.00 1353.00 457.00
4 859.00 572.00 958.00 765.00
1 533.00 748.00 560.00 764.00
1 668.00 650.00 696.00 711.00
2 741.00 574.00 773.00 616.00
7 736.00 550.00 776.00 649.00
2 824.00 541.00 851.00 573.00
2 373.00 578.00 404.00 613.00
2 574.00 533.00 608.00 564.00
7 545.00 531.00 609.00 639.00
1 671.00 478.00 692.00 535.00
1 483.00 437.00 501.00 479.00
1 493.00 428.00 517.00 483.00
2 586.00 430.00 613.00 465.00
1 700.00 449.00 714.00 481.00
1 681.00 428.00 703.00 482.00
1 829.00 489.00 848.00 542.00
1 832.00 474.00 847.00 519.00
1 864.00 450.00 888.00 496.00
1 961.00 196.00 977.00 241.00
1 816.00 389.00 832.00 443.00
1 775.00 365.00 794.00 401.00
1 754.00 350.00 778.00 401.00
7 834.00 356.00 891.00 441.00
7 809.00 288.00 879.00 362.00
2 789.00 294.00 811.00 326.00
2 773.00 278.00 789.00 319.00
3 534.00 398.00 571.00 451.00
1 550.00 300.00 570.00 349.00
1 521.00 267.00 541.00 310.00
4 481.00 276.00 544.00 401.00
1 331.00 83.00 349.00 121.00
10 455.00 189.00 478.00 224.00
1 466.00 174.00 485.00 221.00
1 502.00 178.00 513.00 204.00
1 605.00 239.00 617.00 271.00
1 593.00 195.00 607.00 238.00
7 583.00 179.00 635.00 233.00
1 617.00 225.00 631.00 265.00
1 620.00 243.00 633.00 285.00
7 628.00 242.00 667.00 305.00
1 677.00 236.00 688.00 263.00
1 666.00 216.00 682.00 261.00
1 656.00 200.00 672.00 245.00
10 645.00 210.00 687.00 237.00
1 734.00 188.00 752.00 228.00
10 739.00 202.00 757.00 237.00
2 761.00 171.00 773.00 203.00
10 760.00 183.00 770.00 217.00
1 780.00 166.00 795.00 210.00
7 771.00 197.00 843.00 288.00
