1 64.00 707.00 105.00 765.00
4 253.00 564.00 364.00 689.00
4 324.00 444.00 418.00 542.00
4 170.00 410.00 330.00 478.00
4 136.00 349.00 289.00 394.00
4 175.00 306.00 314.00 361.00
4 321.00 331.00 455.00 389.00
4 329.00 315.00 453.00 358.00
1 452.00 337.00 463.00 382.00
4 949.00 585.00 1084.00 710.00
4 871.00 507.00 992.00 603.00
5 865.00 416.00 959.00 505.00
4 796.00 387.00 940.00 443.00
4 853.00 352.00 976.00 407.00
4 822.00 328.00 955.00 378.00
4 843.00 295.00 964.00 338.00
4 813.00 282.00 914.00 324.00
4 802.00 270.00 904.00 309.00
4 834.00 256.00 925.00 291.00
4 753.00 246.00 843.00 282.00
4 743.00 233.00 821.00 265.00
4 745.00 220.00 818.00 246.00
5 740.00 206.00 807.00 233.00
5 741.00 195.00 797.00 222.00
5 722.00 188.00 779.00 215.00
4 736.00 181.00 810.00 206.00
5 696.00 194.00 724.00 230.00
4 649.00 196.00 680.00 224.00
5 714.00 163.00 770.00 193.00
4 742.00 167.00 797.00 190.00
4 714.00 153.00 763.00 172.00
4 706.00 146.00 753.00 167.00
4 705.00 140.00 755.00 156.00
4 701.00 134.00 749.00 152.00
5 702.00 127.00 748.00 146.00
5 698.00 124.00 732.00 139.00
4 721.00 118.00 757.00 134.00
4 715.00 113.00 734.00 127.00
5 714.00 106.00 732.00 121.00
4 709.00 102.00 727.00 116.00
5 710.00 95.00 726.00 110.00
5 706.00 91.00 719.00 105.00
4 740.00 96.00 762.00 112.00
1 515.00 325.00 530.00 367.00
1 526.00 324.00 543.00 366.00
1 524.00 336.00 541.00 381.00
5 578.00 334.00 636.00 408.00
4 464.00 281.00 514.00 331.00
4 459.00 260.00 560.00 299.00
4 477.00 243.00 536.00 277.00
4 496.00 223.00 557.00 256.00
4 518.00 203.00 564.00 238.00
5 509.00 188.00 572.00 216.00
4 521.00 174.00 583.00 197.00
4 520.00 168.00 584.00 191.00
1 574.00 215.00 584.00 248.00
1 579.00 187.00 586.00 215.00
1 583.00 185.00 591.00 214.00
4 540.00 156.00 593.00 177.00
4 542.00 148.00 603.00 170.00
6 541.00 131.00 605.00 154.00
5 556.00 126.00 596.00 145.00
4 560.00 124.00 606.00 140.00
5 565.00 117.00 586.00 133.00
4 583.00 111.00 603.00 128.00
4 573.00 106.00 592.00 120.00
2 622.00 128.00 630.00 143.00
10 622.00 133.00 629.00 147.00
2 613.00 115.00 617.00 126.00
10 613.00 120.00 617.00 131.00
5 645.00 104.00 663.00 121.00
2 677.00 111.00 683.00 125.00
10 677.00 114.00 683.00 128.00
1 670.00 83.00 674.00 97.00
5 687.00 76.00 711.00 89.00
5 511.00 106.00 541.00 125.00
4 540.00 102.00 559.00 118.00
5 555.00 97.00 593.00 116.00
5 534.00 96.00 567.00 110.00
4 541.00 94.00 577.00 108.00
4 565.00 86.00 593.00 101.00
4 567.00 76.00 593.00 89.00
2 601.00 78.00 605.00 89.00
7 598.00 80.00 612.00 89.00
5 714.00 77.00 739.00 90.00
4 759.00 90.00 775.00 104.00
5 735.00 87.00 754.00 102.00
4 778.00 88.00 796.00 103.00
1 797.00 141.00 803.00 162.00
1 811.00 141.00 816.00 159.00
10 818.00 184.00 844.00 201.00
1 886.00 204.00 892.00 224.00
1 852.00 201.00 860.00 230.00
7 822.00 199.00 877.00 227.00
10 864.00 227.00 893.00 245.00
