4 905.00 23.00 953.00 48.00
10 947.00 46.00 963.00 61.00
10 950.00 51.00 968.00 68.00
2 965.00 29.00 975.00 44.00
1 956.00 24.00 964.00 47.00
4 594.00 415.00 653.00 485.00
1 395.00 233.00 408.00 265.00
5 442.00 183.00 500.00 239.00
10 961.00 66.00 980.00 81.00
4 860.00 55.00 891.00 80.00
4 810.00 20.00 860.00 41.00
1 774.00 0.00 779.00 12.00
2 759.00 24.00 767.00 43.00
3 758.00 30.00 767.00 45.00
4 734.00 11.00 757.00 35.00
4 775.00 30.00 801.00 56.00
4 783.00 52.00 808.00 78.00
4 695.00 143.00 727.00 175.00
4 775.00 130.00 807.00 163.00
4 795.00 168.00 852.00 194.00
5 907.00 81.00 978.00 114.00
4 927.00 99.00 990.00 130.00
10 874.00 214.00 892.00 237.00
4 938.00 182.00 1023.00 215.00
4 944.00 160.00 1024.00 193.00
4 937.00 148.00 1017.00 178.00
4 937.00 134.00 1012.00 161.00
4 939.00 122.00 1004.00 145.00
10 1053.00 302.00 1088.00 326.00
4 759.00 268.00 808.00 322.00
4 665.00 241.00 709.00 291.00
4 817.00 316.00 920.00 364.00
4 810.00 353.00 931.00 411.00
4 789.00 185.00 863.00 214.00
5 853.00 444.00 990.00 520.00
10 691.00 544.00 716.00 597.00
2 693.00 557.00 710.00 589.00
2 692.00 547.00 712.00 583.00
4 466.00 277.00 535.00 348.00
1 383.00 217.00 394.00 247.00
1 396.00 219.00 405.00 245.00
1 400.00 211.00 413.00 242.00
4 267.00 161.00 349.00 200.00
4 557.00 68.00 602.00 97.00
4 582.00 36.00 615.00 69.00
4 573.00 17.00 616.00 36.00
6 480.00 14.00 531.00 67.00
5 468.00 49.00 502.00 81.00
4 449.00 85.00 521.00 112.00
4 474.00 71.00 528.00 97.00
1 448.00 63.00 457.00 87.00
4 420.00 29.00 461.00 59.00
4 433.00 16.00 488.00 40.00
4 451.00 7.00 498.00 26.00
2 315.00 86.00 328.00 103.00
10 361.00 74.00 384.00 90.00
4 445.00 136.00 520.00 176.00
4 426.00 119.00 497.00 151.00
4 243.00 185.00 330.00 225.00
4 205.00 213.00 300.00 253.00
4 170.00 236.00 267.00 277.00
4 139.00 270.00 246.00 313.00
5 91.00 290.00 210.00 345.00
4 7.00 327.00 131.00 383.00
4 0.00 365.00 62.00 426.00
