2 113.00 175.00 126.00 197.00
2 122.00 183.00 133.00 203.00
10 109.00 182.00 135.00 206.00
4 148.00 148.00 210.00 177.00
1 234.00 151.00 244.00 178.00
1 248.00 149.00 258.00 177.00
1 260.00 163.00 267.00 186.00
1 243.00 179.00 259.00 209.00
4 0.00 235.00 76.00 280.00
8 148.00 258.00 203.00 305.00
2 308.00 210.00 321.00 235.00
3 300.00 215.00 339.00 244.00
2 94.00 421.00 121.00 469.00
2 89.00 420.00 111.00 464.00
10 86.00 434.00 128.00 479.00
1 92.00 729.00 120.00 765.00
2 308.00 413.00 332.00 461.00
10 304.00 431.00 342.00 467.00
2 500.00 365.00 518.00 389.00
2 499.00 369.00 516.00 393.00
2 519.00 372.00 540.00 409.00
2 526.00 370.00 547.00 406.00
7 472.00 372.00 562.00 418.00
4 505.00 297.00 620.00 347.00
4 385.00 227.00 482.00 265.00
2 295.00 162.00 305.00 175.00
2 307.00 162.00 315.00 182.00
2 309.00 158.00 316.00 172.00
2 317.00 157.00 325.00 171.00
1 357.00 142.00 368.00 167.00
1 368.00 141.00 378.00 169.00
1 373.00 130.00 385.00 157.00
1 427.00 121.00 437.00 148.00
1 437.00 128.00 448.00 153.00
1 443.00 125.00 451.00 150.00
2 383.00 160.00 395.00 183.00
10 390.00 161.00 401.00 181.00
3 396.00 145.00 408.00 167.00
10 468.00 146.00 482.00 166.00
10 417.00 181.00 442.00 202.00
10 479.00 158.00 490.00 179.00
10 495.00 142.00 515.00 160.00
2 513.00 144.00 521.00 160.00
10 539.00 135.00 555.00 152.00
1 550.00 132.00 557.00 147.00
1 542.00 126.00 548.00 142.00
1 579.00 121.00 589.00 144.00
1 582.00 124.00 593.00 145.00
4 535.00 148.00 592.00 177.00
4 565.00 143.00 621.00 169.00
5 536.00 175.00 604.00 214.00
1 476.00 183.00 492.00 212.00
1 506.00 200.00 517.00 233.00
2 622.00 173.00 636.00 201.00
7 483.00 181.00 526.00 204.00
2 515.00 175.00 527.00 191.00
10 614.00 180.00 645.00 200.00
2 612.00 220.00 625.00 248.00
3 602.00 229.00 631.00 252.00
1 632.00 461.00 662.00 512.00
1 631.00 449.00 651.00 503.00
2 1283.00 713.00 1318.00 765.00
10 1255.00 726.00 1348.00 765.00
4 1133.00 308.00 1241.00 356.00
4 993.00 256.00 1076.00 304.00
1 992.00 247.00 1002.00 281.00
1 993.00 248.00 1006.00 267.00
1 968.00 243.00 979.00 272.00
1 950.00 240.00 962.00 273.00
2 957.00 243.00 964.00 258.00
1 958.00 235.00 973.00 267.00
4 952.00 204.00 1003.00 245.00
4 945.00 170.00 991.00 207.00
1 736.00 219.00 751.00 256.00
1 747.00 216.00 756.00 252.00
1 756.00 213.00 771.00 249.00
1 1316.00 166.00 1329.00 194.00
1 1325.00 169.00 1340.00 194.00
1 1322.00 160.00 1336.00 189.00
1 1338.00 167.00 1351.00 196.00
1 1351.00 167.00 1360.00 192.00
1 1229.00 183.00 1238.00 210.00
1 1226.00 179.00 1237.00 207.00
2 1195.00 139.00 1206.00 157.00
10 1197.00 143.00 1206.00 162.00
4 999.00 128.00 1034.00 154.00
4 1060.00 99.00 1087.00 120.00
7 1331.00 139.00 1355.00 162.00
1 1340.00 120.00 1350.00 142.00
2 1321.00 100.00 1332.00 117.00
3 1322.00 105.00 1330.00 120.00
1 1332.00 82.00 1341.00 99.00
2 1330.00 76.00 1338.00 89.00
3 1329.00 79.00 1338.00 92.00
7 1325.00 55.00 1335.00 66.00
4 1145.00 41.00 1164.00 54.00
4 1179.00 46.00 1195.00 59.00
4 1231.00 57.00 1251.00 72.00
7 1233.00 23.00 1244.00 36.00
8 1242.00 29.00 1255.00 47.00
1 1317.00 28.00 1324.00 41.00
1 1326.00 10.00 1332.00 21.00
1 1259.00 10.00 1266.00 21.00
1 1231.00 4.00 1236.00 17.00
4 1241.00 0.00 1252.00 10.00
1 928.00 128.00 938.00 151.00
4 879.00 80.00 916.00 99.00
5 847.00 60.00 875.00 80.00
