6 779.00 516.00 881.00 646.00
4 1262.00 541.00 1339.00 590.00
2 1644.00 610.00 1666.00 643.00
1 1685.00 589.00 1710.00 653.00
1 1669.00 587.00 1692.00 646.00
1 635.00 468.00 654.00 508.00
1 703.00 477.00 717.00 522.00
1 718.00 476.00 731.00 521.00
1 728.00 474.00 741.00 519.00
4 885.00 451.00 916.00 475.00
4 1119.00 457.00 1164.00 484.00
4 1075.00 451.00 1113.00 472.00
4 1044.00 449.00 1082.00 470.00
4 1021.00 442.00 1059.00 463.00
4 947.00 435.00 1001.00 457.00
4 921.00 439.00 950.00 462.00
4 827.00 434.00 865.00 461.00
6 863.00 423.00 931.00 461.00
7 832.00 448.00 871.00 473.00
2 853.00 443.00 866.00 468.00
