10 1164.00 1002.00 1270.00 1050.00
4 1134.00 852.00 1400.00 1027.00
4 800.00 771.00 946.00 939.00
4 937.00 630.00 1057.00 761.00
1 1000.00 591.00 1027.00 643.00
4 1054.00 535.00 1150.00 619.00
1 1253.00 706.00 1300.00 771.00
1 1290.00 649.00 1327.00 705.00
4 1291.00 452.00 1356.00 534.00
4 1138.00 405.00 1228.00 492.00
4 1192.00 384.00 1245.00 445.00
4 1311.00 418.00 1400.00 458.00
4 1326.00 439.00 1400.00 488.00
4 1334.00 396.00 1400.00 439.00
4 1269.00 341.00 1325.00 391.00
4 1204.00 325.00 1268.00 366.00
2 1265.00 298.00 1280.00 324.00
2 1249.00 368.00 1268.00 391.00
3 1257.00 310.00 1287.00 325.00
10 1243.00 366.00 1270.00 405.00
1 934.00 309.00 951.00 345.00
4 1015.00 273.00 1067.00 314.00
4 955.00 310.00 1021.00 359.00
4 877.00 359.00 955.00 415.00
4 931.00 394.00 1011.00 459.00
4 785.00 416.00 871.00 477.00
2 777.00 329.00 791.00 355.00
2 782.00 327.00 794.00 351.00
10 770.00 335.00 801.00 363.00
4 593.00 409.00 694.00 475.00
9 470.00 426.00 801.00 696.00
4 390.00 546.00 530.00 661.00
4 123.00 583.00 325.00 717.00
4 28.00 704.00 272.00 879.00
4 207.00 722.00 423.00 898.00
2 239.00 484.00 265.00 531.00
2 362.00 437.00 386.00 479.00
3 352.00 452.00 398.00 489.00
3 226.00 501.00 279.00 544.00
1 318.00 422.00 345.00 471.00
4 0.00 450.00 109.00 544.00
4 63.00 440.00 183.00 520.00
4 61.00 355.00 178.00 396.00
4 62.00 388.00 214.00 441.00
4 134.00 406.00 244.00 490.00
4 205.00 393.00 310.00 467.00
4 279.00 376.00 367.00 440.00
4 241.00 348.00 349.00 387.00
4 225.00 315.00 332.00 361.00
4 308.00 356.00 417.00 419.00
4 345.00 326.00 456.00 387.00
4 587.00 314.00 669.00 359.00
4 592.00 282.00 663.00 322.00
4 627.00 276.00 691.00 313.00
4 641.00 256.00 720.00 301.00
4 672.00 251.00 741.00 291.00
4 698.00 239.00 764.00 286.00
4 723.00 238.00 786.00 275.00
4 738.00 226.00 804.00 267.00
4 788.00 244.00 849.00 280.00
4 775.00 210.00 843.00 247.00
4 912.00 202.00 958.00 232.00
4 966.00 170.00 1018.00 196.00
4 1033.00 174.00 1077.00 199.00
4 1140.00 148.00 1180.00 172.00
