4 388.00 672.00 488.00 722.00
4 531.00 536.00 608.00 568.00
1 535.00 546.00 550.00 575.00
4 565.00 769.00 720.00 851.00
4 607.00 686.00 727.00 744.00
4 731.00 513.00 794.00 543.00
4 10.00 622.00 110.00 655.00
4 141.00 605.00 223.00 643.00
4 70.00 563.00 158.00 594.00
8 185.00 525.00 237.00 568.00
4 324.00 468.00 346.00 488.00
4 400.00 448.00 433.00 475.00
4 429.00 444.00 471.00 471.00
4 458.00 440.00 496.00 465.00
4 565.00 461.00 611.00 486.00
4 619.00 439.00 649.00 452.00
4 619.00 447.00 661.00 465.00
4 620.00 496.00 675.00 521.00
4 641.00 468.00 681.00 486.00
4 657.00 472.00 703.00 496.00
4 720.00 452.00 756.00 473.00
4 765.00 440.00 796.00 464.00
4 735.00 435.00 770.00 457.00
4 813.00 446.00 852.00 461.00
4 902.00 482.00 923.00 505.00
4 954.00 598.00 1044.00 646.00
4 1135.00 636.00 1235.00 685.00
1 545.00 785.00 563.00 839.00
1 819.00 592.00 835.00 622.00
10 835.00 560.00 852.00 590.00
1 858.00 540.00 871.00 573.00
10 252.00 509.00 281.00 534.00
1 307.00 515.00 317.00 535.00
1 319.00 510.00 329.00 534.00
1 413.00 497.00 420.00 522.00
1 421.00 496.00 435.00 522.00
1 396.00 480.00 404.00 497.00
4 674.00 418.00 711.00 447.00
9 278.00 558.00 508.00 669.00
9 1.00 650.00 182.00 757.00
5 275.00 453.00 314.00 476.00
6 144.00 474.00 214.00 517.00
4 161.00 460.00 214.00 484.00
4 222.00 468.00 272.00 490.00
1 192.00 505.00 202.00 526.00
1 181.00 503.00 189.00 524.00
1 403.00 490.00 412.00 503.00
4 863.00 496.00 897.00 523.00
4 812.00 424.00 843.00 439.00
4 711.00 422.00 734.00 437.00
4 364.00 457.00 392.00 481.00
5 313.00 482.00 384.00 510.00
2 837.00 562.00 848.00 584.00
2 262.00 509.00 277.00 533.00
1 591.00 451.00 597.00 469.00
