4 560.00 8.00 579.00 48.00
4 560.00 57.00 579.00 98.00
6 560.00 108.00 579.00 151.00
5 405.00 106.00 427.00 144.00
4 499.00 250.00 534.00 283.00
4 503.00 321.00 531.00 360.00
4 448.00 405.00 483.00 425.00
4 455.00 485.00 471.00 519.00
4 522.00 416.00 541.00 448.00
4 515.00 505.00 548.00 541.00
4 501.00 652.00 518.00 691.00
4 171.00 600.00 214.00 617.00
4 485.00 919.00 502.00 958.00
4 483.00 966.00 500.00 1013.00
4 788.00 926.00 824.00 956.00
4 842.00 232.00 882.00 254.00
4 852.00 589.00 894.00 611.00
10 774.00 860.00 781.00 880.00
10 847.00 941.00 861.00 953.00
10 766.00 689.00 774.00 703.00
10 845.00 644.00 856.00 655.00
10 841.00 661.00 854.00 667.00
10 839.00 665.00 853.00 670.00
10 838.00 675.00 851.00 680.00
10 840.00 669.00 852.00 675.00
10 829.00 717.00 846.00 728.00
10 827.00 725.00 845.00 733.00
10 813.00 723.00 824.00 736.00
10 786.00 753.00 791.00 767.00
10 766.00 627.00 771.00 643.00
10 796.00 426.00 802.00 437.00
10 533.00 13.00 540.00 28.00
10 449.00 963.00 458.00 979.00
10 459.00 997.00 471.00 1013.00
10 465.00 955.00 475.00 970.00
1 528.00 799.00 535.00 809.00
1 541.00 806.00 546.00 812.00
1 538.00 803.00 542.00 807.00
1 841.00 23.00 848.00 34.00
1 850.00 27.00 856.00 37.00
1 718.00 677.00 725.00 684.00
