8 356.00 15.00 410.00 39.00
8 473.00 52.00 515.00 83.00
8 377.00 84.00 436.00 134.00
1 410.00 86.00 419.00 110.00
2 523.00 14.00 533.00 37.00
1 556.00 10.00 569.00 37.00
2 507.00 50.00 520.00 73.00
1 488.00 88.00 497.00 108.00
2 489.00 89.00 495.00 102.00
2 493.00 107.00 504.00 124.00
3 489.00 114.00 506.00 125.00
10 592.00 20.00 609.00 46.00
4 686.00 32.00 725.00 85.00
8 450.00 119.00 518.00 169.00
1 450.00 142.00 464.00 169.00
1 448.00 152.00 458.00 174.00
1 483.00 154.00 495.00 175.00
1 503.00 160.00 517.00 186.00
1 506.00 184.00 519.00 205.00
2 489.00 183.00 505.00 203.00
2 488.00 195.00 506.00 213.00
10 474.00 162.00 493.00 181.00
10 476.00 236.00 492.00 264.00
3 418.00 188.00 444.00 213.00
1 427.00 194.00 444.00 220.00
2 395.00 186.00 405.00 205.00
1 402.00 194.00 411.00 210.00
2 587.00 163.00 596.00 184.00
7 587.00 169.00 595.00 197.00
5 616.00 202.00 660.00 261.00
8 549.00 213.00 576.00 259.00
8 522.00 262.00 559.00 322.00
10 528.00 312.00 551.00 331.00
2 531.00 228.00 546.00 243.00
2 522.00 230.00 531.00 250.00
2 514.00 249.00 527.00 267.00
2 513.00 279.00 531.00 295.00
1 528.00 261.00 536.00 280.00
2 463.00 318.00 474.00 335.00
1 684.00 275.00 698.00 296.00
3 795.00 220.00 824.00 240.00
2 808.00 237.00 817.00 252.00
1 797.00 241.00 804.00 260.00
10 1293.00 382.00 1334.00 401.00
2 1308.00 380.00 1330.00 397.00
10 1143.00 304.00 1176.00 329.00
10 1131.00 315.00 1160.00 338.00
10 1115.00 345.00 1153.00 367.00
2 1127.00 346.00 1146.00 366.00
5 1305.00 417.00 1400.00 473.00
2 1326.00 471.00 1346.00 491.00
1 1328.00 493.00 1344.00 503.00
1 1284.00 515.00 1302.00 525.00
1 1246.00 468.00 1266.00 494.00
2 1224.00 479.00 1244.00 496.00
2 1164.00 436.00 1182.00 450.00
8 1161.00 398.00 1186.00 436.00
8 1087.00 389.00 1135.00 423.00
4 1189.00 405.00 1284.00 452.00
2 1138.00 468.00 1155.00 476.00
1 1115.00 459.00 1129.00 479.00
2 1115.00 460.00 1121.00 472.00
1 1127.00 414.00 1147.00 433.00
1 1135.00 395.00 1153.00 414.00
4 1024.00 290.00 1109.00 334.00
5 930.00 261.00 1018.00 318.00
1 949.00 308.00 959.00 329.00
1 1012.00 354.00 1026.00 374.00
1 999.00 402.00 1017.00 425.00
2 995.00 421.00 1008.00 435.00
1 1016.00 437.00 1030.00 459.00
1 1005.00 417.00 1024.00 446.00
1 1020.00 416.00 1036.00 439.00
2 1024.00 408.00 1040.00 422.00
1 1027.00 393.00 1038.00 409.00
8 1020.00 377.00 1074.00 402.00
8 960.00 366.00 1017.00 394.00
1 976.00 376.00 990.00 402.00
1 960.00 356.00 975.00 373.00
1 976.00 359.00 986.00 380.00
8 884.00 357.00 940.00 388.00
2 894.00 381.00 905.00 400.00
2 927.00 426.00 942.00 439.00
3 884.00 412.00 899.00 441.00
2 839.00 409.00 852.00 428.00
8 814.00 350.00 858.00 373.00
2 828.00 370.00 840.00 384.00
1 816.00 352.00 824.00 378.00
8 758.00 330.00 801.00 369.00
8 818.00 390.00 856.00 444.00
8 700.00 323.00 743.00 363.00
8 665.00 325.00 702.00 361.00
8 623.00 382.00 685.00 412.00
1 771.00 339.00 781.00 362.00
1 771.00 321.00 780.00 337.00
1 779.00 325.00 795.00 342.00
1 747.00 286.00 756.00 310.00
2 702.00 303.00 715.00 324.00
3 700.00 306.00 717.00 326.00
2 713.00 347.00 723.00 366.00
2 692.00 345.00 703.00 359.00
2 642.00 393.00 654.00 412.00
1 607.00 386.00 621.00 409.00
4 558.00 459.00 617.00 551.00
4 449.00 751.00 515.00 857.00
4 414.00 876.00 485.00 992.00
5 323.00 893.00 402.00 1010.00
10 254.00 433.00 296.00 452.00
8 482.00 376.00 518.00 434.00
1 477.00 386.00 490.00 408.00
1 509.00 390.00 525.00 411.00
10 234.00 474.00 269.00 493.00
10 505.00 420.00 527.00 453.00
10 473.00 468.00 496.00 502.00
10 75.00 843.00 107.00 872.00
10 126.00 824.00 166.00 849.00
10 158.00 634.00 201.00 655.00
1 225.00 692.00 247.00 711.00
10 302.00 574.00 335.00 593.00
1 395.00 511.00 418.00 530.00
6 424.00 577.00 520.00 705.00
3 554.00 1016.00 586.00 1050.00
10 517.00 1021.00 557.00 1049.00
1 514.00 1022.00 538.00 1048.00
1 592.00 1036.00 603.00 1049.00
8 601.00 1023.00 632.00 1049.00
10 542.00 965.00 579.00 988.00
3 533.00 950.00 568.00 966.00
10 572.00 864.00 615.00 886.00
10 581.00 847.00 622.00 866.00
1 642.00 894.00 659.00 919.00
10 592.00 799.00 630.00 822.00
10 605.00 783.00 642.00 808.00
10 559.00 755.00 596.00 789.00
10 588.00 744.00 626.00 764.00
10 626.00 723.00 641.00 757.00
10 607.00 695.00 642.00 716.00
10 305.00 876.00 339.00 928.00
2 300.00 893.00 325.00 910.00
3 266.00 841.00 310.00 856.00
8 339.00 788.00 384.00 828.00
1 374.00 682.00 389.00 697.00
1 735.00 692.00 748.00 713.00
1 715.00 613.00 726.00 631.00
1 698.00 598.00 713.00 613.00
1 727.00 605.00 741.00 616.00
1 743.00 503.00 752.00 525.00
1 682.00 459.00 695.00 476.00
1 622.00 483.00 634.00 501.00
2 706.00 460.00 722.00 476.00
10 641.00 591.00 665.00 626.00
1 504.00 1005.00 525.00 1018.00
10 419.00 565.00 444.00 601.00
1 433.00 576.00 452.00 594.00
3 393.00 463.00 427.00 481.00
8 393.00 444.00 444.00 468.00
2 435.00 471.00 448.00 488.00
1 467.00 453.00 482.00 471.00
1 408.00 580.00 425.00 604.00
1 392.00 584.00 411.00 602.00
1 376.00 591.00 398.00 608.00
1 368.00 584.00 387.00 603.00
2 379.00 619.00 398.00 636.00
1 369.00 636.00 386.00 657.00
1 362.00 606.00 381.00 622.00
1 340.00 606.00 358.00 622.00
