4 0.00 510.00 48.00 559.00
4 617.00 729.00 668.00 787.00
4 668.00 644.00 713.00 699.00
4 790.00 622.00 834.00 691.00
4 839.00 648.00 876.00 704.00
4 897.00 506.00 934.00 558.00
4 993.00 455.00 1020.00 509.00
4 906.00 396.00 943.00 442.00
6 759.00 349.00 816.00 420.00
9 971.00 317.00 1022.00 397.00
4 934.00 266.00 965.00 306.00
4 978.00 260.00 1009.00 300.00
4 1006.00 193.00 1036.00 229.00
4 1030.00 230.00 1058.00 272.00
4 1079.00 210.00 1109.00 253.00
4 1069.00 134.00 1097.00 169.00
4 1046.00 124.00 1072.00 156.00
4 927.00 76.00 955.00 104.00
4 1067.00 63.00 1093.00 99.00
4 1109.00 57.00 1132.00 85.00
4 1087.00 18.00 1108.00 47.00
4 1139.00 29.00 1158.00 59.00
4 475.00 388.00 529.00 423.00
4 478.00 358.00 533.00 395.00
1 658.00 312.00 665.00 321.00
1 553.00 471.00 564.00 488.00
