4 116.00 89.00 129.00 100.00
4 118.00 118.00 132.00 131.00
5 100.00 103.00 112.00 120.00
6 150.00 88.00 173.00 108.00
4 75.00 144.00 101.00 161.00
4 438.00 462.00 464.00 488.00
5 466.00 562.00 512.00 597.00
9 538.00 153.00 596.00 188.00
4 674.00 363.00 705.00 378.00
4 841.00 320.00 869.00 336.00
2 952.00 138.00 956.00 144.00
10 952.00 139.00 956.00 147.00
5 888.00 30.00 898.00 40.00
5 952.00 4.00 964.00 12.00
5 988.00 17.00 999.00 26.00
5 1134.00 140.00 1153.00 151.00
4 1112.00 67.00 1129.00 78.00
4 1202.00 121.00 1222.00 136.00
5 1164.00 95.00 1182.00 111.00
1 1199.00 171.00 1203.00 181.00
1 1177.00 177.00 1182.00 185.00
1 1181.00 178.00 1186.00 188.00
9 1341.00 161.00 1399.00 188.00
9 1357.00 147.00 1400.00 173.00
9 1376.00 133.00 1400.00 158.00
6 1059.00 16.00 1082.00 28.00
6 1065.00 14.00 1084.00 26.00
5 1161.00 39.00 1177.00 50.00
6 1103.00 50.00 1124.00 66.00
6 1180.00 47.00 1204.00 61.00
5 1167.00 1.00 1181.00 7.00
5 1211.00 3.00 1222.00 8.00
9 1267.00 3.00 1291.00 13.00
