1 1106.00 211.00 1113.00 224.00
1 1142.00 228.00 1149.00 241.00
1 1154.00 230.00 1162.00 243.00
1 1150.00 220.00 1157.00 232.00
1 1178.00 205.00 1183.00 217.00
1 1241.00 141.00 1248.00 152.00
1 1185.00 205.00 1192.00 217.00
1 1158.00 222.00 1167.00 235.00
1 1235.00 318.00 1242.00 329.00
1 1188.00 197.00 1195.00 209.00
6 93.00 892.00 219.00 1018.00
6 533.00 572.00 621.00 664.00
7 411.00 604.00 442.00 630.00
7 424.00 597.00 453.00 623.00
7 437.00 591.00 465.00 615.00
7 468.00 633.00 498.00 662.00
7 461.00 627.00 488.00 655.00
7 395.00 622.00 431.00 654.00
7 423.00 653.00 459.00 683.00
7 405.00 731.00 462.00 785.00
7 313.00 786.00 387.00 849.00
7 475.00 672.00 529.00 726.00
4 213.00 832.00 286.00 902.00
5 234.00 758.00 294.00 810.00
4 569.00 470.00 608.00 493.00
5 632.00 549.00 674.00 593.00
4 740.00 477.00 772.00 512.00
4 775.00 449.00 802.00 475.00
6 685.00 492.00 736.00 536.00
4 697.00 386.00 732.00 408.00
4 721.00 373.00 753.00 390.00
4 767.00 344.00 797.00 358.00
4 733.00 365.00 764.00 382.00
4 750.00 358.00 778.00 373.00
4 760.00 353.00 790.00 365.00
4 940.00 276.00 971.00 291.00
4 929.00 287.00 958.00 302.00
4 974.00 251.00 1000.00 263.00
4 1297.00 288.00 1314.00 303.00
6 1284.00 232.00 1304.00 251.00
6 1282.00 88.00 1354.00 107.00
10 139.00 790.00 166.00 813.00
3 74.00 841.00 99.00 863.00
1 79.00 841.00 94.00 856.00
2 145.00 793.00 158.00 807.00
1 281.00 714.00 296.00 729.00
1 117.00 826.00 133.00 842.00
4 0.00 797.00 24.00 850.00
2 309.00 792.00 320.00 807.00
7 304.00 766.00 356.00 816.00
10 523.00 549.00 531.00 565.00
1 667.00 483.00 672.00 494.00
4 1305.00 531.00 1332.00 563.00
4 1379.00 476.00 1400.00 496.00
1 1381.00 442.00 1390.00 457.00
1 1374.00 439.00 1385.00 454.00
1 1347.00 418.00 1356.00 429.00
5 1368.00 338.00 1384.00 357.00
4 1385.00 270.00 1400.00 286.00
5 1387.00 343.00 1400.00 362.00
6 1359.00 57.00 1370.00 69.00
4 1350.00 75.00 1359.00 80.00
1 1150.00 528.00 1157.00 542.00
