4 154.00 231.00 290.00 328.00
4 218.00 27.00 353.00 124.00
4 332.00 183.00 457.00 277.00
4 267.00 279.00 421.00 401.00
4 65.00 372.00 226.00 519.00
1 453.00 498.00 484.00 549.00
1 582.00 487.00 612.00 538.00
4 127.00 834.00 363.00 973.00
1 887.00 309.00 907.00 366.00
1 891.00 265.00 925.00 322.00
1 1026.00 227.00 1049.00 278.00
10 865.00 229.00 908.00 265.00
1 876.00 214.00 898.00 244.00
4 1040.00 76.00 1124.00 156.00
1 1076.00 38.00 1096.00 83.00
9 1197.00 278.00 1400.00 417.00
6 801.00 0.00 908.00 64.00
10 898.00 54.00 948.00 80.00
1 916.00 32.00 934.00 64.00
4 649.00 173.00 749.00 261.00
4 522.00 134.00 623.00 209.00
4 530.00 70.00 637.00 133.00
3 711.00 65.00 748.00 98.00
2 717.00 55.00 739.00 83.00
4 621.00 0.00 717.00 50.00
4 487.00 20.00 587.00 93.00
4 487.00 0.00 581.00 37.00
