4 669.00 0.00 717.00 17.00
4 669.00 11.00 715.00 31.00
4 679.00 24.00 722.00 46.00
4 674.00 37.00 716.00 57.00
4 670.00 52.00 718.00 71.00
4 667.00 67.00 715.00 82.00
4 667.00 80.00 718.00 98.00
4 673.00 97.00 721.00 118.00
4 722.00 50.00 742.00 84.00
4 672.00 146.00 728.00 169.00
4 676.00 164.00 728.00 183.00
6 662.00 176.00 729.00 203.00
5 681.00 214.00 724.00 242.00
6 678.00 257.00 751.00 288.00
6 679.00 281.00 746.00 310.00
6 679.00 302.00 748.00 334.00
6 682.00 323.00 757.00 359.00
6 683.00 352.00 754.00 383.00
5 686.00 376.00 754.00 411.00
4 684.00 411.00 752.00 442.00
4 682.00 440.00 760.00 474.00
4 694.00 469.00 771.00 504.00
4 686.00 551.00 762.00 584.00
4 691.00 604.00 771.00 645.00
6 697.00 647.00 786.00 686.00
5 690.00 687.00 776.00 729.00
4 701.00 731.00 790.00 774.00
6 684.00 769.00 793.00 816.00
1 725.00 812.00 736.00 824.00
4 698.00 821.00 791.00 864.00
4 695.00 926.00 799.00 975.00
4 702.00 986.00 800.00 1040.00
4 594.00 1000.00 639.00 1050.00
5 548.00 934.00 614.00 1042.00
10 507.00 839.00 551.00 862.00
10 580.00 806.00 619.00 821.00
10 540.00 801.00 577.00 816.00
10 581.00 793.00 621.00 806.00
10 582.00 782.00 620.00 797.00
10 543.00 792.00 578.00 802.00
10 544.00 781.00 577.00 793.00
10 544.00 761.00 579.00 773.00
10 545.00 751.00 577.00 762.00
10 543.00 740.00 580.00 752.00
10 544.00 727.00 580.00 739.00
10 545.00 719.00 580.00 732.00
10 585.00 758.00 622.00 777.00
10 583.00 750.00 621.00 764.00
10 586.00 738.00 622.00 753.00
10 588.00 729.00 622.00 742.00
10 587.00 714.00 622.00 733.00
10 680.00 636.00 698.00 678.00
10 587.00 675.00 621.00 690.00
10 587.00 659.00 621.00 676.00
10 590.00 630.00 626.00 647.00
10 549.00 680.00 583.00 698.00
10 548.00 671.00 584.00 685.00
10 548.00 664.00 585.00 676.00
10 547.00 656.00 585.00 668.00
10 548.00 647.00 586.00 660.00
10 557.00 619.00 586.00 632.00
10 557.00 606.00 587.00 621.00
10 696.00 594.00 730.00 611.00
10 697.00 582.00 731.00 597.00
10 715.00 862.00 758.00 881.00
10 740.00 536.00 767.00 553.00
10 719.00 528.00 753.00 542.00
10 733.00 516.00 761.00 533.00
10 731.00 503.00 763.00 521.00
10 579.00 282.00 607.00 296.00
10 578.00 271.00 608.00 286.00
10 577.00 259.00 608.00 274.00
10 578.00 248.00 607.00 265.00
2 749.00 178.00 755.00 197.00
10 743.00 178.00 758.00 202.00
10 734.00 167.00 747.00 184.00
10 728.00 127.00 748.00 146.00
10 674.00 118.00 688.00 135.00
1 606.00 111.00 615.00 132.00
1 755.00 73.00 762.00 93.00
1 763.00 75.00 769.00 96.00
1 781.00 44.00 789.00 65.00
4 640.00 55.00 662.00 82.00
4 723.00 5.00 744.00 36.00
4 745.00 12.00 768.00 41.00
4 634.00 80.00 656.00 111.00
4 645.00 117.00 670.00 149.00
1 796.00 78.00 801.00 100.00
4 793.00 158.00 818.00 194.00
4 833.00 158.00 874.00 180.00
6 820.00 185.00 870.00 209.00
10 816.00 314.00 845.00 334.00
10 838.00 302.00 871.00 317.00
1 815.00 479.00 823.00 497.00
10 891.00 672.00 923.00 692.00
10 899.00 693.00 927.00 714.00
10 884.00 796.00 918.00 822.00
10 889.00 812.00 918.00 840.00
10 894.00 838.00 919.00 866.00
10 870.00 825.00 888.00 865.00
10 918.00 777.00 948.00 797.00
10 919.00 792.00 952.00 808.00
10 922.00 805.00 954.00 823.00
10 924.00 820.00 958.00 835.00
10 925.00 833.00 962.00 849.00
10 928.00 848.00 963.00 864.00
10 898.00 903.00 938.00 927.00
10 897.00 922.00 938.00 940.00
10 900.00 936.00 941.00 957.00
10 903.00 949.00 945.00 970.00
10 905.00 965.00 947.00 985.00
10 939.00 914.00 977.00 928.00
10 942.00 929.00 979.00 943.00
10 947.00 939.00 985.00 955.00
10 947.00 951.00 987.00 967.00
10 950.00 966.00 989.00 982.00
10 954.00 982.00 995.00 999.00
10 916.00 1033.00 961.00 1050.00
10 963.00 1035.00 1004.00 1050.00
10 908.00 985.00 952.00 1003.00
