4 573.00 602.00 595.00 639.00
4 583.00 762.00 604.00 787.00
4 444.00 536.00 473.00 559.00
4 609.00 477.00 628.00 506.00
4 644.00 380.00 663.00 404.00
4 634.00 296.00 652.00 316.00
4 715.00 249.00 731.00 268.00
4 758.00 207.00 771.00 224.00
4 756.00 174.00 769.00 188.00
4 741.00 152.00 756.00 166.00
4 729.00 142.00 741.00 157.00
4 787.00 121.00 800.00 136.00
4 760.00 104.00 773.00 115.00
4 814.00 88.00 825.00 101.00
4 840.00 64.00 853.00 76.00
4 857.00 64.00 868.00 75.00
4 815.00 52.00 830.00 64.00
4 889.00 345.00 902.00 365.00
4 902.00 326.00 916.00 343.00
4 893.00 293.00 906.00 312.00
6 229.00 447.00 278.00 475.00
6 367.00 434.00 418.00 461.00
6 524.00 252.00 573.00 287.00
9 490.00 276.00 528.00 298.00
9 574.00 245.00 616.00 269.00
6 847.00 201.00 872.00 238.00
9 774.00 136.00 804.00 177.00
5 700.00 315.00 716.00 343.00
5 1323.00 421.00 1356.00 443.00
5 1348.00 476.00 1386.00 498.00
4 1283.00 409.00 1315.00 424.00
4 1287.00 432.00 1322.00 457.00
9 1319.00 406.00 1374.00 429.00
4 841.00 116.00 850.00 128.00
4 878.00 35.00 890.00 44.00
4 731.00 383.00 744.00 397.00
6 719.00 385.00 733.00 408.00
6 704.00 385.00 716.00 410.00
4 704.00 373.00 715.00 387.00
5 732.00 364.00 743.00 381.00
5 730.00 343.00 740.00 363.00
5 718.00 356.00 731.00 373.00
5 719.00 371.00 730.00 387.00
4 734.00 395.00 744.00 411.00
4 719.00 345.00 727.00 360.00
4 751.00 280.00 774.00 290.00
4 749.00 274.00 774.00 287.00
4 752.00 270.00 773.00 280.00
4 752.00 291.00 772.00 302.00
4 750.00 284.00 778.00 297.00
1 709.00 427.00 713.00 436.00
1 704.00 426.00 708.00 438.00
1 698.00 425.00 702.00 435.00
