10 147.00 77.00 172.00 107.00
5 202.00 102.00 266.00 160.00
10 43.00 83.00 69.00 114.00
10 31.00 59.00 66.00 85.00
10 117.00 52.00 146.00 80.00
4 182.00 238.00 264.00 281.00
4 412.00 155.00 478.00 212.00
8 465.00 174.00 507.00 206.00
4 525.00 188.00 585.00 246.00
4 391.00 262.00 480.00 312.00
4 530.00 560.00 626.00 635.00
4 650.00 320.00 735.00 389.00
10 694.00 408.00 714.00 436.00
1 789.00 380.00 802.00 406.00
3 811.00 415.00 843.00 444.00
10 846.00 407.00 879.00 437.00
4 666.00 525.00 759.00 596.00
4 868.00 440.00 942.00 514.00
4 915.00 458.00 987.00 533.00
4 878.00 647.00 979.00 730.00
4 1059.00 572.00 1159.00 635.00
4 691.00 749.00 811.00 844.00
4 1314.00 667.00 1387.00 754.00
10 1394.00 726.00 1420.00 762.00
10 1469.00 822.00 1508.00 863.00
10 1500.00 808.00 1523.00 850.00
4 1538.00 792.00 1612.00 887.00
4 1597.00 829.00 1686.00 936.00
4 1181.00 1001.00 1287.00 1077.00
5 663.00 119.00 750.00 211.00
