2 198.00 859.00 245.00 909.00
2 245.00 820.00 282.00 870.00
1 1.00 1273.00 42.00 1339.00
10 48.00 925.00 78.00 996.00
10 168.00 948.00 240.00 994.00
10 79.00 942.00 133.00 1007.00
10 115.00 936.00 175.00 997.00
10 74.00 901.00 94.00 965.00
10 99.00 908.00 123.00 956.00
7 267.00 875.00 329.00 957.00
10 262.00 817.00 308.00 882.00
3 241.00 795.00 296.00 827.00
1 334.00 817.00 359.00 872.00
8 364.00 796.00 446.00 848.00
10 351.00 820.00 377.00 886.00
10 390.00 820.00 459.00 885.00
10 427.00 838.00 480.00 904.00
8 446.00 798.00 523.00 858.00
8 610.00 756.00 684.00 838.00
6 65.00 1221.00 425.00 1499.00
5 390.00 1216.00 714.00 1469.00
5 680.00 1327.00 1099.00 1499.00
8 576.00 1070.00 748.00 1185.00
10 438.00 904.00 500.00 972.00
10 462.00 906.00 522.00 981.00
10 490.00 910.00 553.00 986.00
10 504.00 913.00 571.00 991.00
10 530.00 929.00 593.00 1004.00
10 562.00 931.00 620.00 1011.00
10 587.00 946.00 656.00 1018.00
10 645.00 956.00 701.00 1037.00
10 694.00 973.00 759.00 1044.00
1 1049.00 1325.00 1077.00 1392.00
1 1124.00 1391.00 1157.00 1469.00
1 1115.00 1454.00 1152.00 1500.00
1 1294.00 1380.00 1356.00 1500.00
1 1293.00 1257.00 1346.00 1372.00
1 1228.00 1243.00 1282.00 1350.00
2 1164.00 1090.00 1205.00 1164.00
2 1169.00 896.00 1196.00 940.00
2 1185.00 862.00 1215.00 909.00
2 1342.00 902.00 1358.00 926.00
1 1281.00 884.00 1306.00 955.00
1 1334.00 861.00 1362.00 925.00
2 1230.00 732.00 1259.00 775.00
3 1144.00 966.00 1173.00 1023.00
3 1030.00 597.00 1046.00 635.00
4 780.00 224.00 814.00 238.00
4 936.00 305.00 991.00 326.00
4 1074.00 238.00 1114.00 256.00
1 993.00 602.00 1016.00 653.00
1 1253.00 610.00 1268.00 662.00
1 1274.00 597.00 1292.00 651.00
5 1129.00 577.00 1290.00 651.00
5 1426.00 704.00 1511.00 816.00
5 1532.00 728.00 1709.00 816.00
5 1600.00 782.00 1810.00 879.00
8 1907.00 843.00 1975.00 930.00
5 1429.00 576.00 1490.00 658.00
1 1621.00 674.00 1651.00 733.00
1 1754.00 703.00 1784.00 758.00
2 1621.00 645.00 1653.00 670.00
2 1775.00 639.00 1801.00 664.00
2 1648.00 627.00 1682.00 652.00
4 1141.00 518.00 1251.00 556.00
4 1148.00 486.00 1259.00 528.00
4 1178.00 466.00 1288.00 513.00
4 1202.00 458.00 1307.00 501.00
6 1206.00 420.00 1312.00 480.00
5 1214.00 400.00 1326.00 454.00
4 1436.00 527.00 1524.00 597.00
2 1364.00 487.00 1381.00 512.00
10 1363.00 498.00 1376.00 529.00
1 1430.00 498.00 1445.00 547.00
1 1441.00 506.00 1452.00 552.00
1 1491.00 501.00 1505.00 548.00
1 1539.00 497.00 1553.00 539.00
1 1571.00 467.00 1588.00 514.00
1 1643.00 451.00 1654.00 490.00
1 1746.00 541.00 1764.00 600.00
5 1626.00 498.00 1752.00 568.00
6 1581.00 459.00 1731.00 541.00
4 1452.00 465.00 1498.00 530.00
4 1431.00 441.00 1492.00 491.00
4 1446.00 407.00 1490.00 451.00
4 1054.00 370.00 1113.00 401.00
4 1140.00 369.00 1220.00 410.00
4 1219.00 375.00 1305.00 404.00
1 1321.00 391.00 1329.00 415.00
3 1327.00 408.00 1336.00 425.00
1 1524.00 403.00 1534.00 442.00
4 1484.00 398.00 1573.00 439.00
4 1530.00 390.00 1600.00 424.00
4 1640.00 398.00 1716.00 439.00
4 1761.00 414.00 1838.00 451.00
5 1587.00 394.00 1676.00 447.00
4 1115.00 313.00 1180.00 338.00
4 1306.00 345.00 1382.00 372.00
4 1219.00 318.00 1279.00 344.00
6 1584.00 306.00 1753.00 370.00
