10 450.00 999.00 488.00 1050.00
2 451.00 1017.00 484.00 1041.00
5 41.00 936.00 215.00 1024.00
4 28.00 847.00 215.00 933.00
4 139.00 677.00 302.00 760.00
5 442.00 599.00 532.00 738.00
4 496.00 498.00 570.00 615.00
5 318.00 336.00 455.00 406.00
1 455.00 390.00 475.00 422.00
1 283.00 539.00 309.00 576.00
10 231.00 524.00 273.00 552.00
10 240.00 545.00 272.00 564.00
10 594.00 416.00 610.00 453.00
4 536.00 376.00 604.00 477.00
4 563.00 288.00 625.00 385.00
4 594.00 220.00 649.00 300.00
1 570.00 56.00 585.00 89.00
4 646.00 91.00 687.00 149.00
4 914.00 390.00 969.00 488.00
4 916.00 296.00 963.00 380.00
4 666.00 41.00 707.00 104.00
4 454.00 114.00 555.00 168.00
4 519.00 0.00 602.00 22.00
4 831.00 14.00 871.00 69.00
2 713.00 94.00 728.00 115.00
10 716.00 103.00 727.00 129.00
6 781.00 0.00 824.00 49.00
4 338.00 966.00 432.00 1050.00
