1 458.00 809.00 478.00 847.00
1 481.00 791.00 504.00 825.00
1 509.00 790.00 524.00 820.00
1 514.00 842.00 530.00 873.00
1 524.00 834.00 545.00 866.00
1 930.00 601.00 944.00 635.00
1 937.00 602.00 954.00 631.00
1 950.00 598.00 968.00 633.00
1 941.00 587.00 957.00 609.00
1 950.00 575.00 965.00 601.00
1 930.00 563.00 945.00 593.00
1 1038.00 551.00 1056.00 577.00
1 1042.00 562.00 1062.00 587.00
10 1106.00 649.00 1146.00 682.00
1 957.00 507.00 969.00 535.00
1 962.00 512.00 977.00 537.00
1 958.00 417.00 973.00 440.00
1 827.00 316.00 838.00 338.00
1 922.00 274.00 934.00 294.00
1 823.00 239.00 834.00 257.00
1 963.00 271.00 976.00 290.00
1 982.00 322.00 995.00 346.00
1 1172.00 336.00 1185.00 357.00
1 1163.00 333.00 1179.00 355.00
1 1116.00 314.00 1126.00 334.00
1 1101.00 317.00 1115.00 336.00
1 1114.00 310.00 1123.00 327.00
1 1097.00 308.00 1109.00 327.00
1 1097.00 305.00 1105.00 324.00
1 1088.00 313.00 1101.00 333.00
1 1083.00 307.00 1094.00 327.00
1 1078.00 304.00 1091.00 324.00
1 1054.00 319.00 1066.00 341.00
1 1050.00 317.00 1062.00 338.00
1 1043.00 311.00 1056.00 335.00
1 1035.00 337.00 1047.00 361.00
1 1029.00 336.00 1041.00 359.00
1 1022.00 331.00 1034.00 355.00
1 1007.00 327.00 1022.00 349.00
1 1004.00 325.00 1016.00 347.00
1 999.00 319.00 1010.00 342.00
1 963.00 314.00 974.00 335.00
1 960.00 309.00 973.00 332.00
1 931.00 263.00 944.00 283.00
1 935.00 260.00 945.00 278.00
4 871.00 161.00 898.00 176.00
6 837.00 149.00 872.00 176.00
1 769.00 408.00 784.00 432.00
1 767.00 390.00 781.00 413.00
1 770.00 381.00 780.00 405.00
1 699.00 353.00 711.00 375.00
1 659.00 356.00 671.00 379.00
1 707.00 360.00 719.00 384.00
1 696.00 360.00 706.00 384.00
1 739.00 342.00 748.00 365.00
1 752.00 323.00 760.00 343.00
1 758.00 322.00 765.00 342.00
1 630.00 372.00 640.00 396.00
1 614.00 379.00 626.00 406.00
1 618.00 377.00 630.00 400.00
1 648.00 354.00 660.00 377.00
1 651.00 350.00 661.00 373.00
2 666.00 331.00 677.00 351.00
3 661.00 336.00 681.00 353.00
1 624.00 338.00 634.00 358.00
1 592.00 335.00 604.00 356.00
1 605.00 330.00 613.00 350.00
1 598.00 326.00 606.00 347.00
1 574.00 342.00 581.00 365.00
1 568.00 345.00 577.00 366.00
1 559.00 338.00 568.00 359.00
1 553.00 350.00 562.00 369.00
1 539.00 341.00 547.00 358.00
1 477.00 363.00 484.00 380.00
1 471.00 360.00 479.00 377.00
1 442.00 370.00 450.00 396.00
1 328.00 435.00 341.00 463.00
1 313.00 431.00 328.00 458.00
1 323.00 389.00 336.00 412.00
1 324.00 383.00 340.00 406.00
1 284.00 377.00 297.00 398.00
1 279.00 369.00 291.00 391.00
1 199.00 387.00 218.00 413.00
1 212.00 382.00 226.00 409.00
1 215.00 378.00 231.00 404.00
1 228.00 388.00 240.00 411.00
1 237.00 391.00 248.00 415.00
1 242.00 386.00 259.00 412.00
1 214.00 363.00 227.00 383.00
1 219.00 359.00 237.00 382.00
1 147.00 374.00 164.00 398.00
1 155.00 370.00 171.00 395.00
1 143.00 363.00 154.00 384.00
1 150.00 359.00 162.00 378.00
4 139.00 321.00 179.00 355.00
1 89.00 349.00 105.00 371.00
1 98.00 345.00 114.00 370.00
1 109.00 348.00 125.00 372.00
1 115.00 348.00 131.00 369.00
1 82.00 336.00 95.00 360.00
1 87.00 334.00 100.00 355.00
1 62.00 320.00 76.00 343.00
1 70.00 319.00 83.00 338.00
1 78.00 317.00 91.00 336.00
1 66.00 304.00 79.00 326.00
1 48.00 320.00 64.00 344.00
1 39.00 323.00 59.00 347.00
1 28.00 327.00 47.00 356.00
1 21.00 266.00 36.00 285.00
1 26.00 248.00 38.00 266.00
1 31.00 248.00 44.00 267.00
4 70.00 248.00 99.00 270.00
4 45.00 219.00 79.00 253.00
10 117.00 253.00 133.00 267.00
2 119.00 248.00 128.00 261.00
2 116.00 246.00 126.00 259.00
5 10.00 157.00 37.00 178.00
1 333.00 166.00 341.00 181.00
1 339.00 165.00 347.00 181.00
1 314.00 123.00 321.00 136.00
1 275.00 123.00 284.00 140.00
1 301.00 115.00 310.00 130.00
1 306.00 114.00 313.00 130.00
4 287.00 553.00 347.00 623.00
1 382.00 544.00 398.00 573.00
4 621.00 130.00 646.00 145.00
