4 533.00 55.00 549.00 85.00
4 569.00 266.00 597.00 309.00
4 711.00 257.00 734.00 301.00
4 673.00 187.00 692.00 227.00
4 671.00 24.00 691.00 54.00
4 693.00 133.00 714.00 169.00
5 735.00 47.00 755.00 92.00
5 786.00 58.00 807.00 95.00
5 824.00 286.00 853.00 349.00
4 792.00 320.00 812.00 373.00
9 728.00 422.00 852.00 548.00
9 685.00 446.00 710.00 493.00
4 632.00 569.00 654.00 627.00
4 711.00 667.00 733.00 730.00
4 968.00 581.00 1039.00 627.00
5 957.00 45.00 983.00 77.00
5 975.00 53.00 1007.00 85.00
5 994.00 63.00 1023.00 93.00
5 1009.00 73.00 1039.00 102.00
