4 38.00 1129.00 144.00 1181.00
4 0.00 1175.00 142.00 1263.00
8 36.00 990.00 107.00 1050.00
4 94.00 825.00 166.00 862.00
5 1020.00 1375.00 1114.00 1496.00
5 1072.00 1145.00 1138.00 1234.00
4 1091.00 1062.00 1149.00 1134.00
4 995.00 1064.00 1055.00 1130.00
2 1590.00 802.00 1603.00 822.00
10 1576.00 815.00 1608.00 831.00
3 1244.00 713.00 1287.00 751.00
2 1054.00 745.00 1065.00 757.00
10 1056.00 757.00 1066.00 771.00
2 768.00 786.00 780.00 805.00
10 761.00 796.00 787.00 814.00
4 1135.00 698.00 1165.00 726.00
2 948.00 719.00 954.00 727.00
10 947.00 724.00 955.00 740.00
6 952.00 697.00 986.00 750.00
6 986.00 676.00 1038.00 768.00
4 978.00 680.00 1004.00 705.00
4 1019.00 684.00 1043.00 707.00
4 1033.00 662.00 1058.00 687.00
5 1035.00 646.00 1058.00 668.00
4 999.00 663.00 1025.00 684.00
5 1007.00 643.00 1029.00 667.00
4 1021.00 635.00 1039.00 655.00
6 1017.00 617.00 1040.00 642.00
5 1024.00 607.00 1041.00 628.00
4 1034.00 603.00 1054.00 622.00
4 1061.00 603.00 1083.00 622.00
4 1066.00 587.00 1084.00 603.00
4 1076.00 569.00 1090.00 585.00
6 1035.00 586.00 1057.00 607.00
6 1043.00 561.00 1072.00 593.00
6 1051.00 538.00 1079.00 569.00
9 1078.00 538.00 1103.00 576.00
6 1061.00 526.00 1080.00 546.00
6 1069.00 515.00 1087.00 537.00
6 1070.00 502.00 1089.00 528.00
6 1084.00 483.00 1102.00 509.00
5 1129.00 502.00 1141.00 515.00
8 1152.00 505.00 1160.00 518.00
4 1172.00 532.00 1206.00 546.00
4 1213.00 535.00 1239.00 547.00
2 1148.00 665.00 1158.00 675.00
10 1148.00 672.00 1157.00 686.00
2 1028.00 544.00 1035.00 552.00
3 1030.00 551.00 1035.00 559.00
10 1096.00 491.00 1106.00 502.00
4 1111.00 492.00 1122.00 503.00
1 1183.00 498.00 1186.00 508.00
4 1216.00 476.00 1236.00 485.00
9 1144.00 450.00 1156.00 468.00
4 1131.00 448.00 1139.00 455.00
4 1138.00 441.00 1146.00 447.00
5 1173.00 437.00 1182.00 446.00
4 1164.00 437.00 1170.00 444.00
4 1158.00 432.00 1172.00 438.00
4 1147.00 428.00 1153.00 434.00
4 1177.00 424.00 1184.00 430.00
4 1172.00 421.00 1177.00 427.00
6 1169.00 407.00 1180.00 420.00
6 1153.00 419.00 1162.00 427.00
4 1151.00 416.00 1157.00 421.00
4 1149.00 414.00 1158.00 422.00
4 1150.00 409.00 1154.00 413.00
6 1158.00 405.00 1165.00 413.00
4 1161.00 401.00 1167.00 405.00
4 1159.00 391.00 1163.00 395.00
4 1166.00 390.00 1169.00 393.00
6 1166.00 385.00 1173.00 392.00
6 1172.00 386.00 1177.00 394.00
7 1175.00 394.00 1178.00 398.00
9 1677.00 500.00 1714.00 529.00
9 1710.00 502.00 1740.00 530.00
9 1709.00 493.00 1750.00 512.00
9 1682.00 488.00 1739.00 506.00
9 1658.00 484.00 1732.00 518.00
4 123.00 762.00 210.00 790.00
