1 233.00 916.00 247.00 952.00
1 243.00 912.00 262.00 951.00
1 237.00 902.00 250.00 935.00
1 302.00 893.00 314.00 925.00
1 319.00 891.00 330.00 921.00
5 328.00 888.00 366.00 924.00
1 90.00 986.00 112.00 1039.00
1 106.00 997.00 127.00 1049.00
1 94.00 1134.00 129.00 1207.00
1 376.00 1203.00 423.00 1330.00
4 466.00 986.00 626.00 1041.00
4 680.00 984.00 828.00 1038.00
4 849.00 980.00 993.00 1032.00
4 1035.00 974.00 1181.00 1029.00
1 1080.00 1031.00 1109.00 1108.00
1 1514.00 1211.00 1562.00 1323.00
4 1507.00 1046.00 1654.00 1122.00
6 1469.00 890.00 1612.00 958.00
4 1765.00 909.00 1867.00 950.00
1 1989.00 952.00 2000.00 1005.00
