5 11.00 260.00 75.00 291.00
5 1.00 299.00 56.00 330.00
4 7.00 347.00 69.00 375.00
4 213.00 332.00 270.00 359.00
4 103.00 234.00 155.00 264.00
4 182.00 221.00 235.00 262.00
9 247.00 193.00 332.00 234.00
4 337.00 353.00 394.00 395.00
4 409.00 475.00 477.00 500.00
4 435.00 579.00 501.00 617.00
4 370.00 688.00 425.00 751.00
4 286.00 743.00 341.00 787.00
10 424.00 755.00 442.00 779.00
4 604.00 735.00 638.00 787.00
4 677.00 647.00 711.00 727.00
4 727.00 672.00 762.00 750.00
4 779.00 681.00 816.00 766.00
4 541.00 552.00 586.00 623.00
4 683.00 439.00 716.00 505.00
4 705.00 344.00 741.00 415.00
4 607.00 508.00 669.00 539.00
4 591.00 448.00 659.00 480.00
9 584.00 384.00 733.00 445.00
4 802.00 478.00 835.00 547.00
4 800.00 317.00 836.00 387.00
6 611.00 121.00 656.00 215.00
4 651.00 84.00 678.00 133.00
5 766.00 5.00 794.00 60.00
5 798.00 0.00 824.00 36.00
4 812.00 64.00 840.00 115.00
4 779.00 85.00 809.00 139.00
4 822.00 131.00 848.00 181.00
5 822.00 199.00 845.00 245.00
4 862.00 154.00 883.00 206.00
9 1052.00 157.00 1124.00 272.00
9 1096.00 295.00 1178.00 420.00
9 1280.00 489.00 1400.00 621.00
4 519.00 209.00 577.00 242.00
