1 73.00 631.00 98.00 663.00
1 73.00 606.00 95.00 633.00
1 85.00 603.00 108.00 629.00
1 37.00 577.00 64.00 613.00
1 63.00 576.00 84.00 607.00
1 81.00 557.00 105.00 587.00
1 97.00 543.00 118.00 576.00
1 50.00 514.00 73.00 543.00
1 65.00 511.00 88.00 539.00
1 23.00 481.00 48.00 510.00
1 40.00 477.00 61.00 506.00
1 51.00 471.00 71.00 502.00
1 67.00 465.00 88.00 494.00
1 85.00 467.00 104.00 496.00
1 75.00 457.00 92.00 485.00
1 15.00 463.00 33.00 490.00
1 14.00 478.00 34.00 505.00
1 24.00 459.00 46.00 484.00
1 120.00 578.00 147.00 609.00
1 129.00 572.00 150.00 598.00
1 122.00 553.00 143.00 579.00
1 148.00 586.00 170.00 619.00
1 158.00 575.00 183.00 608.00
1 225.00 587.00 245.00 615.00
1 240.00 580.00 260.00 606.00
1 248.00 567.00 267.00 597.00
1 235.00 561.00 254.00 589.00
1 279.00 573.00 303.00 600.00
1 315.00 582.00 336.00 610.00
1 320.00 574.00 343.00 604.00
1 339.00 608.00 357.00 642.00
1 348.00 599.00 367.00 632.00
1 408.00 611.00 429.00 646.00
1 264.00 712.00 292.00 744.00
1 282.00 698.00 304.00 733.00
1 345.00 701.00 365.00 731.00
1 355.00 696.00 371.00 723.00
1 424.00 768.00 452.00 803.00
1 441.00 758.00 466.00 792.00
1 437.00 720.00 462.00 758.00
1 455.00 707.00 476.00 740.00
1 134.00 763.00 169.00 799.00
1 350.00 946.00 380.00 985.00
1 634.00 848.00 654.00 876.00
1 642.00 839.00 663.00 871.00
1 610.00 679.00 625.00 713.00
1 428.00 605.00 446.00 635.00
1 438.00 593.00 454.00 626.00
1 685.00 674.00 695.00 705.00
1 690.00 672.00 702.00 701.00
1 717.00 670.00 731.00 708.00
1 726.00 661.00 741.00 698.00
1 718.00 639.00 733.00 669.00
1 736.00 635.00 752.00 672.00
1 753.00 627.00 767.00 663.00
1 741.00 578.00 756.00 611.00
1 716.00 583.00 729.00 617.00
1 673.00 579.00 691.00 614.00
1 594.00 537.00 608.00 569.00
1 617.00 531.00 631.00 562.00
1 630.00 529.00 641.00 560.00
1 642.00 527.00 656.00 561.00
1 641.00 482.00 655.00 512.00
1 585.00 473.00 598.00 504.00
1 581.00 460.00 592.00 484.00
1 599.00 459.00 610.00 488.00
1 612.00 437.00 625.00 468.00
1 593.00 415.00 608.00 446.00
1 567.00 410.00 577.00 432.00
1 566.00 394.00 577.00 417.00
1 582.00 391.00 592.00 418.00
1 573.00 378.00 583.00 405.00
1 691.00 466.00 708.00 488.00
1 724.00 449.00 735.00 479.00
1 738.00 454.00 749.00 482.00
1 706.00 405.00 715.00 430.00
1 711.00 404.00 720.00 430.00
1 749.00 407.00 759.00 432.00
1 744.00 400.00 755.00 425.00
1 755.00 464.00 768.00 486.00
1 751.00 453.00 763.00 476.00
10 766.00 385.00 777.00 405.00
3 773.00 379.00 798.00 395.00
1 821.00 432.00 829.00 457.00
1 826.00 434.00 836.00 458.00
1 840.00 428.00 850.00 451.00
1 850.00 413.00 859.00 438.00
1 857.00 415.00 868.00 442.00
1 745.00 757.00 759.00 797.00
1 751.00 744.00 768.00 782.00
1 836.00 679.00 850.00 709.00
1 865.00 678.00 877.00 704.00
1 886.00 749.00 899.00 779.00
1 897.00 747.00 911.00 777.00
1 881.00 900.00 900.00 931.00
1 965.00 993.00 985.00 1027.00
1 897.00 971.00 914.00 1005.00
1 866.00 1002.00 895.00 1037.00
1 874.00 986.00 898.00 1020.00
1 854.00 930.00 872.00 968.00
1 852.00 905.00 875.00 940.00
1 835.00 862.00 854.00 903.00
1 844.00 854.00 866.00 891.00
1 993.00 1028.00 1022.00 1050.00
1 1114.00 1005.00 1146.00 1043.00
1 1134.00 1031.00 1157.00 1050.00
1 1196.00 1017.00 1228.00 1049.00
1 1261.00 1013.00 1294.00 1050.00
1 1306.00 1010.00 1351.00 1045.00
1 1359.00 993.00 1400.00 1037.00
10 1271.00 458.00 1292.00 481.00
2 1275.00 455.00 1291.00 472.00
2 1275.00 451.00 1291.00 469.00
2 1276.00 446.00 1291.00 467.00
1 1111.00 353.00 1126.00 371.00
1 1087.00 346.00 1103.00 367.00
1 1083.00 342.00 1099.00 365.00
1 1136.00 340.00 1152.00 359.00
1 1116.00 340.00 1130.00 360.00
1 1165.00 332.00 1175.00 352.00
1 1180.00 336.00 1191.00 356.00
1 1223.00 311.00 1236.00 332.00
1 1218.00 309.00 1231.00 331.00
1 1199.00 265.00 1212.00 286.00
1 1205.00 267.00 1218.00 287.00
10 1319.00 283.00 1332.00 298.00
2 1323.00 277.00 1335.00 292.00
1 1255.00 245.00 1268.00 267.00
1 1247.00 244.00 1259.00 266.00
1 1242.00 242.00 1255.00 264.00
1 1236.00 243.00 1249.00 264.00
1 1210.00 244.00 1222.00 264.00
1 1205.00 244.00 1216.00 264.00
1 1196.00 243.00 1208.00 264.00
1 1190.00 246.00 1203.00 266.00
1 1184.00 242.00 1195.00 263.00
1 1172.00 189.00 1182.00 207.00
1 1179.00 189.00 1190.00 207.00
10 1262.00 213.00 1273.00 226.00
2 1266.00 207.00 1273.00 221.00
10 1273.00 164.00 1284.00 176.00
2 1277.00 158.00 1283.00 170.00
1 1307.00 111.00 1316.00 124.00
1 1317.00 112.00 1325.00 126.00
1 1325.00 110.00 1333.00 120.00
1 1331.00 109.00 1339.00 121.00
4 1192.00 45.00 1205.00 58.00
1 1238.00 141.00 1246.00 156.00
1 1235.00 140.00 1241.00 157.00
1 1241.00 128.00 1249.00 142.00
1 1235.00 127.00 1243.00 141.00
1 1251.00 106.00 1258.00 119.00
1 1264.00 115.00 1271.00 127.00
1 1260.00 112.00 1268.00 126.00
1 1221.00 106.00 1229.00 121.00
1 1216.00 105.00 1224.00 120.00
1 1213.00 103.00 1221.00 117.00
1 507.00 322.00 517.00 346.00
1 517.00 321.00 525.00 345.00
1 490.00 318.00 500.00 340.00
1 1382.00 422.00 1400.00 452.00
1 1386.00 416.00 1400.00 441.00
1 1380.00 385.00 1400.00 413.00
1 1383.00 393.00 1400.00 417.00
