3 478.10 461.71 639.57 556.44 0.438859
3 2.89 47.19 1356.99 602.48 0.393565
3 995.69 254.87 1135.87 326.73 0.284007
3 1095.63 76.49 1202.16 123.47 0.279162
3 1.31 50.71 245.10 472.26 0.251281
3 231.85 153.40 353.59 217.65 0.251106
3 12.07 55.72 245.03 286.04 0.228782
3 1057.57 360.54 1224.25 443.72 0.204344
3 3.94 43.72 1355.86 752.11 0.201801
3 840.89 388.71 958.79 453.39 0.183689
3 450.53 110.08 541.08 163.74 0.180403
3 565.24 269.95 660.93 333.37 0.176994
3 449.73 441.19 667.95 580.28 0.174081
3 347.66 279.26 426.14 352.81 0.150951
