4 207.27 440.10 265.86 469.05 0.398354
5 186.24 483.43 252.35 537.26 0.387419
5 471.23 455.82 502.14 529.11 0.333242
4 513.01 512.96 573.21 536.70 0.299405
4 428.82 418.07 455.69 450.86 0.298828
5 283.50 404.78 315.21 440.64 0.269748
4 519.85 488.10 579.96 519.35 0.245842
4 201.15 432.67 271.34 475.62 0.237175
4 528.83 452.15 580.96 481.57 0.219699
4 424.12 413.29 460.89 456.33 0.213375
4 470.67 499.46 502.57 529.40 0.203043
5 463.49 449.99 509.89 533.14 0.202997
5 278.24 399.80 320.44 445.42 0.184428
5 174.99 472.71 266.46 536.46 0.165451
