1 166.03 211.09 355.55 626.48 0.384373
6 933.97 36.93 1355.43 373.87 0.380481
1 171.17 351.63 309.10 622.77 0.359741
1 258.14 215.93 347.17 425.09 0.345142
3 933.48 36.99 1354.90 374.07 0.298492
3 163.96 209.42 359.45 628.42 0.274299
3 97.68 27.68 1343.67 673.49 0.248903
5 933.89 36.51 1355.45 374.55 0.234236
3 136.84 193.67 390.69 645.12 0.229573
3 913.76 27.94 1354.46 392.39 0.226040
5 937.36 40.84 1198.51 246.11 0.220703
3 39.26 21.70 1343.44 730.71 0.217102
3 803.99 4.59 983.99 122.11 0.211251
3 800.10 4.20 1005.08 127.65 0.190988
3 808.54 4.79 947.39 80.73 0.186329
3 102.33 174.09 442.55 674.58 0.183417
