3 638.54 547.67 707.59 654.63 0.516225
3 714.17 448.88 777.47 528.90 0.451468
3 726.81 637.41 804.79 753.65 0.421554
3 614.71 447.51 668.95 524.76 0.392532
3 606.92 673.31 688.21 761.09 0.382386
3 592.44 5.11 830.80 760.20 0.360976
3 741.80 530.94 821.67 632.02 0.354830
3 702.74 354.03 761.51 438.96 0.322005
3 573.38 4.76 845.20 761.28 0.293892
3 546.84 3.82 904.15 759.85 0.285160
3 621.95 324.46 663.94 374.79 0.282777
3 620.84 381.44 669.28 442.23 0.249193
3 690.03 317.28 735.31 367.03 0.244771
3 623.81 249.69 658.76 285.42 0.197331
3 628.83 539.72 718.18 662.72 0.196790
3 623.44 285.41 661.99 326.96 0.193048
10 611.41 81.17 815.74 755.45 0.159849
3 606.11 9.34 817.99 757.96 0.156911
10 613.07 12.82 775.50 533.17 0.156512
