3 815.25 655.73 872.12 703.40 0.397857
3 803.67 644.05 882.09 711.24 0.302637
3 115.65 2.28 425.47 184.25 0.295532
3 3.60 4.83 1139.39 781.88 0.284925
3 534.49 494.48 584.76 533.07 0.272895
3 3.36 154.15 415.19 422.80 0.262522
3 800.10 254.86 888.51 318.21 0.216499
3 796.20 237.46 902.43 319.53 0.209581
3 1003.60 354.94 1028.91 394.65 0.196990
3 5.87 143.70 1361.77 783.58 0.196844
3 5.16 4.81 1339.99 782.81 0.196576
3 793.50 635.06 896.03 724.80 0.190946
3 1108.54 4.68 1289.60 559.45 0.190898
3 794.68 212.86 934.16 324.08 0.181265
4 989.52 205.31 1015.84 239.66 0.180732
3 5.09 190.00 44.62 220.28 0.177216
3 528.56 486.49 591.31 540.27 0.172858
3 2.49 305.22 277.11 501.78 0.171033
3 574.99 446.96 800.10 649.92 0.168968
3 953.13 2.02 1139.58 103.13 0.166631
3 799.67 240.62 888.92 300.11 0.165811
4 983.31 199.05 1022.13 245.19 0.159793
