3 187.42 455.86 262.24 558.27 0.496535
3 314.22 461.83 373.70 548.41 0.461268
3 512.23 215.76 566.39 334.43 0.419213
3 32.97 11.64 1135.40 783.61 0.369398
3 230.32 16.05 1129.69 783.49 0.338544
3 275.73 220.04 332.75 284.34 0.317808
3 500.72 208.40 578.97 344.86 0.246241
3 469.04 150.21 519.59 210.50 0.244907
3 297.82 449.02 393.72 564.24 0.235191
3 306.89 455.68 383.12 554.97 0.225737
3 1125.64 694.68 1168.29 740.10 0.224466
3 175.50 442.63 271.46 567.10 0.210316
3 245.23 27.03 672.25 782.38 0.203801
3 633.34 18.44 1124.73 783.15 0.189845
3 0.59 404.56 67.03 565.30 0.175254
3 14.16 8.31 1383.28 782.01 0.156335
3 491.51 452.75 575.32 749.77 0.154720
3 265.92 209.17 342.82 295.89 0.153076
