6 544.46 184.71 582.28 275.68 0.491415
3 527.05 517.05 561.36 568.13 0.382223
3 73.36 613.43 144.51 651.98 0.374062
3 355.57 8.77 840.57 783.28 0.315601
3 520.32 407.02 547.06 446.24 0.304460
3 103.84 639.43 177.22 676.63 0.276901
3 519.91 511.74 567.72 573.49 0.244165
3 664.54 519.34 690.97 571.64 0.234377
3 366.05 105.75 811.16 781.46 0.229112
3 442.93 10.48 781.43 782.30 0.213259
3 72.86 609.20 179.42 707.86 0.198021
6 710.28 137.48 741.40 199.77 0.195141
3 885.87 45.36 925.88 68.57 0.184137
6 698.21 501.37 725.92 552.37 0.181712
3 366.96 44.29 806.00 782.59 0.178925
3 349.09 6.82 1392.20 782.52 0.172674
3 544.75 185.08 582.26 275.13 0.164880
3 813.32 80.84 842.89 106.96 0.159917
6 537.14 179.36 590.66 280.63 0.159659
3 787.04 110.32 815.10 140.57 0.159492
3 72.86 611.12 178.02 679.06 0.159239
3 350.68 14.57 1002.92 783.08 0.156888
6 525.91 172.04 603.13 291.82 0.152659
