1 772.72 462.06 795.19 516.23 0.578775
1 1037.86 250.85 1058.38 295.29 0.568642
1 909.63 440.82 936.01 485.70 0.555426
1 1035.14 348.60 1061.99 383.02 0.530678
1 362.37 418.54 383.65 450.09 0.422596
1 472.53 359.70 494.23 391.91 0.394215
1 91.81 493.67 127.70 539.34 0.393704
1 311.27 402.00 331.25 430.10 0.383968
1 1053.08 401.59 1081.89 444.04 0.365371
1 135.42 484.16 168.95 529.16 0.363975
1 487.40 328.15 504.87 353.41 0.358467
1 188.63 450.04 213.64 478.83 0.356534
1 224.26 464.53 259.91 511.12 0.354271
1 571.87 340.28 592.61 365.63 0.341856
1 255.79 424.65 275.28 453.22 0.336661
1 37.53 490.40 55.56 519.80 0.331029
7 37.67 481.81 192.61 604.49 0.330392
1 211.62 415.22 240.34 456.00 0.326209
1 585.01 277.70 599.12 304.10 0.325183
1 625.30 297.30 650.28 336.52 0.314068
1 328.24 326.37 353.74 367.50 0.308747
1 664.83 216.82 680.77 253.91 0.304337
1 297.84 292.44 321.72 344.42 0.299105
1 574.91 228.52 594.73 261.09 0.292626
1 541.73 316.90 563.51 361.14 0.291629
1 461.75 154.76 473.96 176.58 0.286203
1 400.27 319.85 417.27 352.88 0.286179
1 656.80 215.72 668.35 244.23 0.285675
1 625.44 268.01 640.18 298.12 0.277785
7 1109.28 1.47 1238.55 125.23 0.277740
1 317.51 297.19 337.80 336.96 0.273853
3 598.54 451.23 629.31 474.42 0.271193
1 553.81 312.97 571.88 340.23 0.264213
1 520.49 191.87 534.62 220.53 0.260508
1 386.04 301.56 403.05 335.25 0.260208
1 1036.32 401.30 1082.01 445.18 0.255919
3 1076.38 285.83 1262.10 429.22 0.253333
1 533.59 242.60 549.67 271.04 0.247705
1 544.30 246.35 560.62 275.57 0.247479
1 400.57 250.29 416.74 286.77 0.242302
3 670.53 407.26 698.38 428.54 0.240142
3 518.49 500.03 552.89 525.23 0.239070
3 433.95 553.57 470.39 580.65 0.237043
7 539.42 236.74 632.49 335.60 0.235565
1 382.96 250.83 401.83 285.96 0.229426
2 1037.91 250.63 1058.59 295.23 0.226390
3 993.21 473.97 1026.78 500.78 0.223416
2 1035.23 348.56 1062.17 383.12 0.220751
1 657.00 213.41 681.63 254.73 0.220696
1 220.69 427.31 240.89 455.58 0.217573
1 249.06 354.92 265.29 377.50 0.217201
2 772.45 461.82 795.45 516.32 0.216601
1 4.99 498.47 20.30 522.98 0.214268
3 339.12 611.40 379.77 641.26 0.212820
1 320.47 205.90 334.79 225.73 0.212520
3 1038.14 582.85 1050.50 594.00 0.209608
1 16.58 500.35 31.81 519.27 0.207009
3 1162.83 590.00 1204.59 623.18 0.206198
1 509.22 260.08 524.63 278.34 0.205369
1 91.82 493.73 119.70 524.91 0.203155
7 304.00 146.15 374.14 192.29 0.198772
2 368.14 247.89 417.00 292.11 0.198087
1 366.11 258.18 386.67 293.01 0.191312
2 472.66 359.65 494.28 391.88 0.186266
3 879.93 283.64 893.76 296.85 0.184453
2 31.35 211.67 1095.18 595.35 0.181258
2 228.35 464.47 259.97 509.91 0.178879
2 362.63 418.64 383.58 449.96 0.178609
1 228.64 400.19 246.00 415.79 0.174432
1 413.64 241.53 426.41 261.67 0.173856
1 8.23 499.39 31.10 520.49 0.172958
7 303.59 145.85 375.29 225.10 0.172748
3 593.99 445.53 633.45 480.75 0.169561
3 739.69 421.38 751.32 433.80 0.166434
2 211.66 415.05 239.64 455.43 0.165361
3 1036.11 580.26 1052.69 596.09 0.165092
2 91.99 493.42 127.47 539.18 0.161215
3 697.00 284.39 708.57 294.91 0.160758
2 533.14 241.72 561.26 276.07 0.159202
3 666.64 402.37 702.06 434.43 0.157112
7 303.29 143.51 447.01 225.42 0.156586
3 950.21 452.04 962.28 463.57 0.156481
2 256.01 424.72 275.17 452.99 0.153865
2 3.28 489.66 56.10 525.97 0.153763
2 311.45 402.13 330.32 429.54 0.151318
