6 1147.28 527.86 1228.71 607.61 0.578904
4 1133.67 268.37 1166.95 299.12 0.467905
6 1237.23 517.89 1292.93 600.74 0.353341
3 793.82 388.48 945.18 852.15 0.311012
3 1451.52 571.75 1540.66 625.91 0.280431
4 1133.31 113.68 1147.96 131.56 0.265671
3 1165.33 592.48 1341.83 888.88 0.261075
4 1086.09 174.92 1104.23 199.50 0.259307
6 758.28 694.53 833.68 752.66 0.255526
4 961.36 644.84 1029.63 731.24 0.251742
4 1152.70 132.33 1170.49 150.86 0.250079
3 1142.14 520.73 1345.68 893.42 0.245934
6 520.52 262.58 611.12 344.14 0.216049
4 1142.31 150.53 1157.84 168.75 0.210775
4 1077.60 165.02 1093.88 186.10 0.203547
6 959.14 603.83 1039.20 733.87 0.202610
6 192.81 572.69 336.22 682.19 0.197076
4 732.85 310.32 778.54 356.46 0.186972
6 1145.85 517.50 1295.82 612.91 0.183626
3 7.32 6.54 1901.89 1071.82 0.163673
4 979.70 179.79 1018.42 202.30 0.161580
4 1085.40 125.83 1100.80 141.23 0.151257
