5 878.87 245.83 916.59 292.04 0.395100
5 878.28 78.02 907.12 113.45 0.370141
3 344.73 12.29 1103.67 1043.18 0.333761
5 870.93 236.89 924.91 301.89 0.329047
3 634.30 16.98 1073.85 1036.85 0.291812
3 719.04 17.18 1065.34 1036.48 0.262986
5 870.34 72.68 916.21 119.10 0.260571
3 323.53 7.82 1386.36 1044.10 0.259715
3 878.14 77.86 907.18 113.64 0.231106
5 887.86 14.16 912.91 43.21 0.226485
3 874.47 240.65 921.10 296.60 0.219588
3 543.18 18.27 1087.76 1040.12 0.214853
3 338.94 10.65 1188.40 1043.21 0.196103
3 26.13 6.59 1387.90 1043.59 0.195776
5 873.65 74.97 912.31 116.29 0.184822
3 887.91 13.89 913.00 43.11 0.167567
3 866.34 234.01 929.22 306.76 0.150771
