3 607.04 276.41 637.02 326.43 0.393211
3 781.03 415.94 812.20 471.15 0.334568
3 874.55 411.28 908.72 460.78 0.322765
3 447.33 213.61 472.76 260.63 0.293658
3 807.30 309.52 837.28 360.48 0.274192
3 496.07 360.60 522.84 404.03 0.270179
3 444.97 5.07 907.09 781.62 0.263550
3 1036.72 740.00 1085.41 784.23 0.232861
3 840.15 700.26 872.98 754.41 0.224919
3 488.33 353.76 530.42 413.19 0.213264
3 439.22 4.42 1166.06 783.04 0.212369
3 867.07 405.48 916.05 468.33 0.210454
3 597.07 269.82 644.79 332.27 0.206046
3 440.83 208.22 478.61 265.68 0.205686
3 773.66 409.28 818.49 476.78 0.198429
3 978.30 741.07 1036.75 784.20 0.194038
3 656.98 315.27 691.26 371.50 0.193724
3 829.51 288.33 859.05 338.22 0.184583
3 11.77 4.23 1182.13 782.49 0.170568
3 656.18 144.81 707.78 262.34 0.156836
