3 113.49 3.33 1392.07 783.44 0.518649
3 1148.93 146.18 1251.31 304.06 0.417009
3 901.32 78.42 956.64 172.18 0.370478
3 419.45 211.23 476.96 312.34 0.344328
5 293.95 292.42 350.82 396.24 0.337819
4 556.10 353.66 612.51 447.86 0.333765
3 836.50 71.72 893.78 179.87 0.330503
3 297.80 0.59 351.91 77.37 0.324163
4 394.75 312.95 453.99 420.51 0.323545
3 358.34 0.90 416.71 81.64 0.314590
3 822.47 404.85 889.95 522.64 0.309833
3 566.66 574.79 624.15 677.75 0.307420
4 529.20 223.57 583.43 329.51 0.306066
4 620.45 36.63 672.84 136.85 0.305005
4 699.15 0.38 743.73 31.97 0.303862
3 659.67 373.15 716.82 479.83 0.301293
3 1004.56 529.74 1114.35 592.10 0.298578
4 634.18 249.82 688.52 357.72 0.297581
5 848.20 291.32 910.59 403.97 0.297074
4 779.40 54.93 836.17 172.61 0.296733
3 413.02 0.96 475.98 100.06 0.296100
5 1001.95 583.56 1098.58 641.27 0.293473
4 808.01 1.10 851.11 57.08 0.290030
3 580.24 236.18 636.20 340.88 0.288938
4 567.81 24.74 626.40 120.67 0.287948
5 241.85 508.07 308.27 626.04 0.284106
4 712.89 381.89 767.78 495.34 0.283112
5 950.29 731.70 1062.32 785.66 0.282862
5 1127.97 323.70 1190.68 437.12 0.279585
3 793.77 285.50 852.36 394.97 0.279524
3 508.09 568.57 564.27 666.76 0.278814
5 34.43 0.85 105.97 106.98 0.272859
3 511.22 14.19 565.30 120.13 0.260960
5 591.86 701.60 649.55 784.99 0.257475
3 298.63 517.18 359.65 622.15 0.256713
3 502.61 337.24 559.79 452.84 0.254202
5 762.94 732.02 817.37 785.44 0.252691
3 761.98 398.07 826.36 515.73 0.252311
3 776.42 615.17 842.45 737.48 0.251688
3 674.00 29.05 729.18 142.07 0.250749
4 594.02 0.05 637.03 15.91 0.245874
4 1062.34 760.48 1177.33 786.07 0.244969
4 685.10 258.25 742.04 365.56 0.243855
3 977.00 634.87 1101.13 708.86 0.243058
5 444.86 330.35 505.66 442.54 0.241686
3 719.06 45.45 779.42 169.11 0.236316
3 1321.32 655.25 1398.55 715.64 0.235671
3 612.85 585.64 675.47 707.37 0.231798
5 14.65 113.01 77.42 230.65 0.230458
3 725.75 593.24 786.95 716.97 0.229950
5 1330.57 596.68 1398.47 649.60 0.228891
5 472.06 206.47 534.90 324.68 0.224036
3 1231.82 353.74 1303.78 461.73 0.223262
4 296.19 1.65 964.56 186.65 0.214499
3 1287.70 357.50 1352.25 466.31 0.212578
3 1338.21 188.09 1398.55 356.17 0.208235
3 390.04 201.50 914.98 525.04 0.204971
3 1098.48 658.93 1214.04 726.62 0.201465
3 1074.09 304.12 1144.94 421.70 0.192838
4 671.10 600.37 730.07 720.12 0.188448
4 1326.09 595.96 1398.49 671.91 0.170920
3 1338.92 360.02 1398.62 484.43 0.167769
3 1213.11 558.40 1277.48 592.67 0.165951
5 739.46 263.74 797.45 377.70 0.160991
3 1128.60 127.18 1273.65 322.51 0.156041
