5 464.44 965.18 551.94 1046.86 0.587929
3 36.60 8.57 1357.44 1045.54 0.338424
3 478.02 688.83 553.91 767.63 0.314411
3 623.61 702.61 690.03 772.80 0.305569
3 830.46 582.46 883.34 637.31 0.294021
3 777.67 567.02 829.90 620.21 0.290785
3 457.90 820.16 678.80 1020.83 0.285783
3 684.34 21.54 1333.54 1045.40 0.257002
3 657.70 717.23 765.24 837.80 0.256053
3 531.21 753.24 638.74 881.48 0.218888
3 932.53 406.89 1000.61 494.07 0.210281
3 510.87 819.92 678.60 1006.28 0.208824
3 841.66 485.35 885.44 530.07 0.196600
3 455.90 755.52 679.93 1026.68 0.192613
3 886.69 456.46 932.35 499.15 0.191900
3 692.15 124.62 1306.19 1043.21 0.189398
3 464.26 679.00 565.91 776.14 0.182649
5 704.18 618.67 764.25 678.77 0.171549
