5 1037.52 741.50 1113.02 832.67 0.559093
3 845.17 989.69 960.49 1159.68 0.351375
3 1072.42 999.84 1186.29 1153.53 0.339460
3 451.94 269.25 1258.35 1493.78 0.324382
3 629.51 951.32 738.28 1114.15 0.319676
3 854.46 682.77 932.44 771.67 0.309259
3 761.92 472.85 821.44 528.95 0.300339
3 472.53 273.29 1198.95 1493.15 0.290279
3 445.26 267.02 1332.29 1494.27 0.247366
3 671.17 804.32 764.51 913.86 0.245386
3 862.60 337.13 915.29 386.98 0.235986
3 588.59 277.16 1159.67 1485.90 0.225653
3 12.17 13.24 1987.00 1491.21 0.225445
5 1023.04 728.02 1128.84 849.61 0.217823
3 854.34 328.68 923.60 394.53 0.214251
3 830.28 976.87 977.13 1176.69 0.213214
3 843.90 670.59 943.42 786.43 0.210237
3 1125.01 1400.92 1216.22 1496.12 0.207477
3 690.42 723.61 773.03 811.87 0.201718
3 703.63 655.41 782.66 728.13 0.197653
3 725.72 299.49 1029.44 1028.42 0.168163
3 664.37 280.92 1040.89 1032.11 0.166918
3 1058.92 978.97 1204.81 1179.70 0.162994
3 757.97 307.09 1025.61 1022.34 0.162210
3 1055.33 935.44 1212.84 1187.81 0.152474
