3 545.57 3.01 1107.11 783.77 0.389186
3 654.29 560.08 686.03 615.01 0.365453
3 627.03 401.09 657.53 454.35 0.296829
3 723.92 75.99 752.05 122.53 0.286404
3 808.11 183.03 858.67 311.09 0.273086
3 679.29 495.13 710.15 549.92 0.270061
3 647.49 554.50 692.89 620.33 0.269336
3 792.56 613.01 829.54 673.68 0.255957
3 842.01 559.64 880.26 622.32 0.252321
3 874.37 202.71 904.90 260.21 0.224489
3 835.07 553.67 887.70 628.02 0.210167
3 603.28 141.67 644.43 275.82 0.206090
3 620.66 394.84 663.67 460.14 0.192540
3 708.65 289.40 737.68 342.10 0.189727
3 576.91 15.41 977.46 766.16 0.187274
3 694.98 152.74 722.86 203.08 0.184768
3 713.76 68.96 760.37 129.01 0.182921
3 672.65 489.84 717.11 555.06 0.176311
3 637.30 547.29 703.68 631.39 0.174021
3 783.68 605.50 838.79 682.26 0.165731
3 736.02 502.95 768.22 561.07 0.163100
3 663.17 375.34 691.48 429.48 0.159688
3 783.62 177.24 868.66 316.57 0.155528
