3 1142.06 576.06 1221.79 619.43 0.512548
3 324.33 650.46 418.95 696.63 0.471999
4 339.89 615.55 435.71 659.93 0.450472
3 98.33 732.48 185.81 840.30 0.379112
10 321.82 848.65 392.87 904.30 0.342697
3 279.17 738.14 414.01 816.32 0.318978
4 124.09 568.73 176.05 627.30 0.318452
4 449.71 742.11 537.06 859.54 0.300016
10 934.11 700.52 1002.91 771.54 0.286959
10 311.13 837.22 405.86 916.26 0.277011
3 315.66 640.79 430.21 706.90 0.263185
4 332.08 604.36 444.29 669.21 0.251277
10 1078.07 629.94 1183.76 709.41 0.248861
4 653.25 469.66 690.24 511.41 0.222490
3 271.20 717.52 420.98 823.97 0.217612
3 82.53 718.99 202.08 854.02 0.213279
3 518.72 500.04 597.46 572.54 0.211982
4 1180.11 545.53 1252.13 593.65 0.207925
3 433.03 724.75 559.02 879.85 0.203820
4 1100.82 610.43 1192.82 657.74 0.201826
3 441.97 731.94 546.47 867.57 0.199041
3 112.23 559.00 189.37 636.85 0.182846
3 1056.30 609.38 1194.68 711.50 0.180842
3 448.95 740.58 537.05 859.87 0.157419
