3 87.52 708.26 294.63 1021.07 0.527945
3 13.99 5.11 1389.03 1042.68 0.408508
3 948.74 2.35 1059.34 133.29 0.390143
3 665.74 423.88 795.63 661.45 0.339798
3 947.22 375.76 1062.57 582.81 0.285085
3 592.77 135.06 695.84 317.05 0.282326
3 643.41 1.69 733.18 134.79 0.275820
3 37.69 225.42 358.81 615.61 0.259521
3 738.84 1.54 822.74 104.31 0.253512
3 545.14 308.34 672.43 521.02 0.251128
3 337.10 0.67 533.09 64.94 0.216949
3 734.14 105.13 834.05 262.05 0.207092
3 13.59 6.99 575.34 1039.25 0.201786
3 1045.76 364.36 1393.47 1043.26 0.181915
3 910.79 364.24 1115.78 1044.16 0.176561
3 608.74 668.29 770.01 995.72 0.173601
3 644.81 407.32 822.08 677.28 0.173373
3 121.56 232.61 355.61 465.27 0.173363
3 907.68 349.59 1391.47 1042.85 0.171754
3 58.09 635.43 344.55 1032.60 0.168705
3 737.03 107.63 830.48 217.82 0.168394
3 39.20 441.93 275.55 605.11 0.164023
3 248.49 6.75 1387.02 1041.23 0.163328
