4 1191.26 297.86 1221.97 312.43 0.987227
4 673.53 493.62 693.06 525.80 0.964151
4 696.99 364.89 712.50 386.04 0.944458
4 675.52 417.42 693.40 446.47 0.932932
4 698.66 398.27 716.57 422.41 0.930894
4 667.36 581.50 688.28 626.81 0.929544
4 706.70 492.33 725.40 520.21 0.915578
4 691.84 296.64 706.36 314.99 0.906212
4 688.10 230.88 700.45 245.26 0.885120
4 700.95 541.64 721.35 584.98 0.881568
4 675.11 155.85 685.85 166.36 0.879084
4 675.45 365.47 690.72 386.90 0.865237
4 690.83 270.17 703.56 286.30 0.861013
4 706.86 257.39 720.03 274.34 0.847940
4 674.11 215.23 685.80 232.54 0.748540
4 504.13 305.18 520.29 319.48 0.735044
4 630.21 90.27 639.20 99.33 0.705061
4 675.74 117.13 684.20 126.39 0.703624
4 686.42 97.72 694.49 106.06 0.619033
4 644.44 123.38 653.62 139.77 0.616790
4 685.72 11.66 694.19 23.74 0.612929
4 32.11 290.36 53.18 302.26 0.612577
4 823.54 556.59 846.45 591.16 0.593530
4 1043.11 206.02 1066.91 223.50 0.586954
4 28.65 268.57 49.17 281.67 0.583632
3 800.34 144.34 828.40 177.82 0.569595
4 1240.02 361.77 1264.36 381.34 0.569129
4 647.78 109.37 655.72 117.96 0.561681
4 642.41 147.65 652.33 158.55 0.550931
5 698.59 437.86 720.85 489.26 0.543226
6 839.14 508.76 878.07 600.89 0.536828
4 657.53 114.19 666.77 123.85 0.522402
4 499.63 339.59 514.28 360.76 0.500577
4 1360.26 467.38 1383.61 487.86 0.482649
4 112.07 321.62 133.70 336.81 0.481452
4 463.82 287.38 477.28 300.66 0.435800
4 418.61 281.35 432.05 294.54 0.435763
7 737.78 630.84 802.23 708.98 0.348028
10 695.56 589.80 734.85 711.92 0.340782
5 697.06 591.53 732.51 710.92 0.313584
4 699.43 539.56 722.92 585.64 0.313149
4 666.19 580.05 689.82 627.86 0.279513
4 672.18 491.69 694.40 526.83 0.264550
3 798.39 139.93 828.73 178.56 0.247431
4 697.19 436.40 721.88 489.50 0.233163
4 674.00 415.96 694.37 447.48 0.233045
4 695.93 363.47 713.68 386.94 0.228235
4 705.76 491.07 726.67 521.15 0.222263
4 673.96 363.93 691.75 387.79 0.216922
10 688.61 584.90 742.72 716.37 0.216498
4 697.25 396.89 717.34 423.00 0.210057
4 555.99 369.99 564.93 389.41 0.198859
10 836.93 508.57 879.16 600.61 0.197969
4 1080.65 152.10 1117.86 173.34 0.197879
4 1190.39 295.81 1222.89 313.35 0.197501
10 912.28 561.23 947.50 618.51 0.194967
4 659.61 99.84 668.04 110.23 0.194764
3 689.66 269.09 704.80 287.58 0.194262
7 756.52 630.91 801.97 684.29 0.194203
4 689.75 188.95 699.28 200.56 0.194037
4 80.71 315.62 105.02 328.06 0.191542
7 738.21 633.09 799.29 709.27 0.190198
4 690.49 295.16 707.92 316.44 0.184781
4 657.10 130.74 667.31 139.14 0.184574
4 768.91 110.12 777.98 121.19 0.184526
4 700.07 462.55 717.92 489.78 0.184216
4 766.05 99.40 775.14 108.21 0.184115
4 686.86 111.75 694.71 119.88 0.181093
4 672.42 213.49 686.70 233.52 0.172767
10 999.78 628.27 1036.27 661.62 0.164514
7 803.93 131.04 873.54 163.92 0.162720
10 40.22 598.47 169.59 717.93 0.162650
3 688.85 264.03 705.16 287.87 0.161935
7 693.23 587.59 804.15 714.84 0.160693
3 754.00 130.41 829.22 178.96 0.160565
1 466.96 722.85 479.87 748.37 0.158541
7 672.93 361.02 715.20 389.59 0.157655
4 686.96 229.62 701.54 246.44 0.154833
1 176.72 633.86 195.35 667.61 0.154424
10 560.39 340.69 572.59 357.52 0.152642
1 787.30 608.55 813.14 673.44 0.152346
1 661.12 283.81 671.73 310.52 0.146514
10 605.25 168.62 732.99 190.69 0.145581
6 20.70 266.37 93.35 287.53 0.144896
2 3.48 1.16 1396.13 786.44 0.144311
4 695.51 535.88 727.38 588.55 0.138241
3 754.12 134.87 806.66 164.34 0.136725
4 502.76 303.33 521.56 321.06 0.133357
10 147.89 216.71 262.30 257.73 0.132644
7 758.20 631.10 800.96 669.04 0.130848
4 705.75 255.34 721.01 275.63 0.130564
3 754.45 133.01 796.22 163.52 0.130468
3 808.05 153.32 829.20 178.73 0.129505
10 574.41 330.73 669.16 369.79 0.127617
10 911.29 560.92 948.33 633.02 0.127458
1 497.22 546.64 511.55 566.92 0.127139
6 670.19 576.43 756.51 725.18 0.125876
9 1166.19 163.00 1200.80 186.36 0.124698
1 554.98 368.85 565.54 390.71 0.122585
4 462.19 285.19 478.61 302.34 0.118770
1 798.14 136.25 815.14 165.66 0.118299
6 829.00 359.35 862.65 411.29 0.117322
3 807.14 149.88 828.96 178.07 0.114745
10 737.38 630.55 802.67 708.89 0.113253
1 473.09 671.15 486.74 689.98 0.111629
10 798.53 143.66 814.54 165.17 0.111175
6 202.90 265.57 240.67 282.29 0.110455
6 827.63 354.65 886.43 414.20 0.108790
4 642.96 122.14 654.72 140.58 0.107911
6 18.96 265.43 94.81 300.91 0.107825
10 867.53 138.49 900.13 178.48 0.107558
10 737.70 607.65 812.40 710.51 0.107414
1 3.48 1.16 1396.13 786.44 0.107096
4 673.46 154.31 687.15 167.84 0.106818
1 633.71 416.66 643.19 438.19 0.106122
10 672.20 79.98 713.75 97.99 0.105558
1 760.44 671.98 781.85 695.99 0.104829
1 1309.48 496.94 1328.31 523.08 0.104287
6 141.76 648.60 176.04 683.30 0.104229
1 248.62 512.19 264.49 544.51 0.103192
4 1199.82 394.49 1239.85 419.23 0.101330
