4 699.43 708.49 726.53 761.06 0.974031
4 727.39 284.83 743.61 300.36 0.944812
4 674.51 424.90 695.90 447.29 0.939437
4 739.85 453.81 758.83 480.80 0.929156
4 787.35 543.83 809.98 579.35 0.926994
4 742.84 640.73 768.97 689.14 0.908381
4 755.63 304.62 771.73 322.66 0.905074
4 723.15 548.50 742.93 583.51 0.892608
4 804.00 199.35 814.82 213.14 0.858032
4 1047.16 528.18 1096.11 551.44 0.835180
4 638.97 179.98 660.48 191.34 0.826603
4 600.59 178.59 626.16 189.88 0.811118
4 786.12 229.60 798.10 244.60 0.802616
4 769.28 248.45 784.43 269.66 0.792739
4 754.64 138.36 766.07 150.76 0.788649
4 796.41 87.99 805.63 98.26 0.743837
4 787.93 176.57 798.95 191.08 0.735813
4 746.32 204.64 757.17 217.55 0.713212
4 763.29 95.27 772.53 105.14 0.707957
4 805.61 179.85 817.04 193.28 0.707652
4 771.18 172.32 783.36 184.94 0.700561
4 808.66 101.33 816.80 111.45 0.698272
4 777.86 213.36 789.77 228.19 0.698050
4 774.35 159.84 785.57 173.67 0.668248
4 783.63 86.99 791.89 96.47 0.631052
4 1030.95 554.32 1052.91 569.76 0.609275
1 1053.91 732.94 1064.29 751.75 0.597769
4 1071.75 554.61 1110.31 579.41 0.577209
4 804.52 148.76 815.95 159.59 0.576470
4 794.32 105.46 803.92 119.35 0.572159
4 790.29 154.90 803.55 166.43 0.553109
4 754.85 81.05 762.53 90.46 0.547980
4 857.44 252.98 881.26 271.65 0.524089
4 794.67 318.69 813.97 346.43 0.521016
4 801.38 233.08 812.52 247.55 0.504919
6 793.72 285.59 815.68 346.49 0.485331
4 940.42 526.97 966.26 539.87 0.464294
2 690.21 332.13 696.43 343.96 0.461786
2 763.08 199.35 769.96 214.21 0.429123
5 701.43 295.60 721.48 324.57 0.426354
2 1053.88 733.70 1063.49 751.48 0.325759
2 939.01 489.27 991.10 515.16 0.279213
4 697.70 706.64 727.85 761.86 0.274913
4 738.42 451.94 760.48 481.99 0.274323
4 740.69 638.84 770.86 690.51 0.272936
1 1052.47 731.55 1065.45 752.57 0.268948
10 700.20 294.08 723.72 325.68 0.267069
1 979.81 381.48 997.00 406.64 0.264621
4 721.67 546.99 744.39 584.84 0.259999
7 1152.59 602.42 1201.58 631.97 0.257356
4 785.70 541.88 811.17 580.41 0.235086
4 755.01 303.06 773.61 324.38 0.227736
3 792.64 102.85 805.62 121.36 0.215698
7 1045.97 524.65 1096.77 552.30 0.214753
7 672.98 423.08 697.94 448.96 0.212141
3 762.45 198.72 771.85 215.70 0.197157
4 598.99 176.55 626.66 191.15 0.194927
4 938.57 526.84 981.11 548.09 0.193921
4 1015.57 550.66 1033.85 564.57 0.193239
4 767.64 84.46 776.27 92.66 0.192392
7 697.73 280.92 745.93 327.94 0.190172
6 870.31 490.07 910.07 509.30 0.187154
4 638.10 178.32 661.43 192.44 0.185083
5 475.09 349.56 505.39 378.87 0.184938
4 838.34 123.08 850.30 133.32 0.183383
10 1331.47 493.76 1391.96 529.41 0.179497
3 726.51 282.94 745.14 301.63 0.179005
6 695.26 290.69 727.61 329.39 0.176688
4 767.62 247.22 785.53 271.05 0.171082
3 780.11 282.80 798.79 308.27 0.162807
10 866.92 488.08 911.67 510.31 0.158638
6 791.82 284.33 817.77 347.48 0.151194
10 858.06 485.85 912.07 511.20 0.150310
4 736.57 635.87 774.85 693.63 0.147092
1 1210.45 237.95 1228.01 278.37 0.138393
4 1029.12 551.54 1054.55 570.55 0.138282
3 1124.59 298.99 1151.39 332.00 0.137944
4 753.65 136.69 767.33 151.59 0.135651
1 1360.37 627.48 1387.57 653.60 0.133843
9 700.10 294.12 723.71 325.81 0.133247
10 1196.96 599.38 1322.55 679.13 0.131261
4 734.65 447.91 765.14 485.68 0.131079
4 688.77 700.12 735.88 766.27 0.129713
2 673.58 73.08 826.83 768.86 0.126381
10 857.19 485.14 1032.32 515.04 0.124754
10 1199.82 599.83 1299.30 663.73 0.124587
4 717.23 542.80 748.73 588.19 0.123048
4 473.12 347.88 507.73 380.33 0.122807
1 663.23 317.66 674.79 331.88 0.122802
3 760.92 197.28 772.74 216.03 0.120333
5 1070.09 553.09 1112.47 585.60 0.118803
10 1330.61 463.40 1392.45 529.50 0.117943
4 668.26 419.13 703.52 453.12 0.117145
4 1045.96 524.86 1096.77 552.23 0.114070
1 1372.21 629.59 1387.96 650.72 0.114017
1 1142.04 575.10 1156.06 603.56 0.113445
10 1238.72 366.47 1305.74 398.27 0.112800
10 1113.44 371.92 1157.49 399.95 0.112190
4 672.90 423.10 698.09 449.09 0.111680
1 688.06 331.01 698.66 344.88 0.109988
10 1193.30 597.65 1271.13 638.63 0.109402
4 776.71 211.94 791.00 229.03 0.109368
1 1289.44 733.66 1314.34 754.75 0.109320
2 757.11 77.71 823.29 350.42 0.108506
10 762.55 176.29 775.76 191.88 0.108366
1 1155.68 379.19 1171.91 401.85 0.108143
10 673.48 330.11 697.58 358.15 0.107761
4 793.49 316.70 815.10 346.98 0.106769
6 872.09 103.03 904.85 135.14 0.106509
4 785.01 228.07 799.36 245.36 0.106471
10 1103.72 224.53 1125.09 276.91 0.105272
4 936.81 524.92 981.79 548.93 0.102013
1 1321.79 549.71 1339.32 580.77 0.100395
8 690.21 332.13 696.43 343.96 0.049445
7 690.21 332.13 696.43 343.96 0.049260
8 763.08 199.35 769.96 214.21 0.049227
1 690.21 332.13 696.43 343.96 0.049050
10 690.21 332.13 696.43 343.96 0.049048
7 763.08 199.35 769.96 214.21 0.048969
3 690.21 332.13 696.43 343.96 0.048890
8 1053.88 733.70 1063.49 751.48 0.048709
1 763.08 199.35 769.96 214.21 0.048679
10 763.08 199.35 769.96 214.21 0.048675
3 763.08 199.35 769.96 214.21 0.048454
7 1053.88 733.70 1063.49 751.48 0.048279
10 1053.88 733.70 1063.49 751.48 0.047787
8 981.13 382.80 995.12 404.74 0.047682
3 1053.88 733.70 1063.49 751.48 0.047418
7 981.13 382.80 995.12 404.74 0.046909
1 981.13 382.80 995.12 404.74 0.046028
10 981.13 382.80 995.12 404.74 0.046026
3 981.13 382.80 995.12 404.74 0.045365
