5 863.56 414.67 960.68 510.89 0.504570
4 323.07 442.20 420.52 546.12 0.495605
4 319.92 336.64 456.77 389.99 0.438814
4 251.91 563.89 366.84 691.11 0.485970
1 448.67 334.75 465.68 382.75 0.337827
4 577.12 332.34 636.30 409.25 0.470385
1 61.95 707.45 100.80 764.08 0.449269
4 869.99 505.95 993.72 604.83 0.485565
3 310.68 277.88 348.10 300.76 0.363604
4 1015.51 725.54 1130.43 764.33 0.440272
4 189.18 402.43 332.60 477.92 0.405969
4 647.82 194.96 679.84 225.39 0.400413
4 172.83 717.64 296.05 764.15 0.448224
1 513.45 323.46 527.38 367.03 0.321011
1 524.09 332.56 541.47 382.07 0.341926
4 465.49 280.28 513.56 334.21 0.379003
4 948.08 584.37 1085.13 713.49 0.470229
2 513.30 322.35 542.71 382.50 0.259069
4 643.99 103.81 663.48 122.07 0.384819
4 267.66 319.40 314.50 361.00 0.370945
4 751.29 247.14 843.61 282.10 0.303223
4 795.41 385.80 939.87 443.29 0.432503
1 573.45 213.43 584.77 246.91 0.316723
4 851.55 349.99 964.97 403.56 0.398078
4 843.26 295.90 964.96 339.18 0.362559
3 424.79 194.74 446.15 212.71 0.305223
4 327.11 310.40 444.00 355.18 0.346312
4 695.08 193.97 722.95 230.23 0.358234
4 229.77 352.48 288.38 390.40 0.307570
4 494.92 222.27 558.21 256.27 0.304746
4 685.92 75.42 709.01 89.35 0.300151
4 742.31 95.63 761.78 112.02 0.299041
2 675.89 108.90 684.60 127.23 0.278236
4 740.97 233.13 821.01 264.82 0.265633
4 811.69 283.10 888.00 322.03 0.249233
2 578.97 184.90 592.87 212.51 0.276418
4 458.19 260.64 560.51 297.95 0.328730
4 801.50 266.79 904.43 304.12 0.298645
4 739.51 205.82 806.93 234.61 0.235806
4 486.46 177.46 504.42 194.57 0.253096
4 852.63 256.52 925.90 291.07 0.308057
5 712.97 162.38 797.29 193.79 0.250959
4 475.22 242.79 533.51 272.82 0.245978
6 942.19 268.61 1026.13 319.78 0.234882
2 621.61 127.85 630.85 148.19 0.221191
4 507.04 186.71 572.65 216.37 0.240744
4 517.33 202.18 564.22 238.64 0.279883
4 820.83 327.85 954.09 376.92 0.353987
4 704.78 90.39 726.33 105.73 0.213527
4 541.14 102.12 558.51 119.19 0.225796
3 981.03 338.68 1010.02 359.84 0.232275
4 715.55 75.95 742.42 89.05 0.259977
3 1146.58 440.58 1173.94 489.38 0.240611
3 981.11 305.94 1034.51 359.32 0.200710
4 569.44 75.42 594.39 88.56 0.212087
2 611.60 113.12 618.72 130.62 0.210832
7 1054.31 507.59 1099.45 553.04 0.226604
4 720.86 184.74 783.35 216.20 0.201209
3 1341.39 701.63 1359.78 763.76 0.323165
