5 537.32 175.78 604.02 214.51 0.560269
4 504.60 298.71 619.66 346.71 0.571495
7 472.18 372.33 562.66 417.68 0.444172
4 1132.43 307.67 1239.84 356.11 0.604282
4 386.07 227.56 480.96 264.83 0.538972
4 1060.04 98.76 1087.02 120.00 0.512770
4 153.05 148.27 208.96 176.63 0.514878
5 148.66 259.66 203.48 304.25 0.428319
4 999.24 129.63 1033.94 154.31 0.519506
4 0.25 235.91 76.89 280.71 0.551239
4 1232.13 56.59 1249.68 70.81 0.433722
4 1179.42 45.78 1195.16 59.54 0.394693
3 601.64 230.65 631.05 252.30 0.471865
4 953.12 204.64 1002.19 244.66 0.347078
2 306.90 412.53 332.34 456.41 0.441271
3 304.48 433.76 342.67 468.11 0.365642
1 91.73 728.64 121.11 764.23 0.443020
4 944.78 170.06 991.00 205.81 0.432572
2 498.61 366.02 518.13 394.71 0.315137
2 1283.88 712.81 1315.10 762.02 0.358692
4 573.90 143.26 621.02 168.50 0.378716
3 496.57 143.67 522.34 159.48 0.299099
4 993.39 256.66 1075.77 304.45 0.433951
4 1146.76 41.97 1162.89 54.01 0.390684
2 243.07 178.61 259.56 208.64 0.311902
2 94.45 420.62 120.81 467.12 0.344895
1 506.17 202.81 516.54 232.43 0.316882
7 1332.91 139.55 1355.52 160.11 0.267543
7 301.90 215.26 338.73 243.98 0.359042
2 477.06 182.59 490.71 212.60 0.300857
2 632.38 449.25 651.01 499.99 0.358725
2 622.86 173.09 635.72 198.46 0.272590
3 111.88 184.36 134.79 204.81 0.263542
4 175.38 122.32 189.71 135.62 0.300430
4 536.26 149.67 590.41 175.70 0.368114
2 735.62 219.29 752.08 255.37 0.310711
4 879.94 81.51 894.98 95.51 0.387788
2 372.19 130.18 384.32 155.11 0.252554
3 418.31 182.40 441.09 201.58 0.277898
2 523.02 369.96 545.36 407.92 0.273776
3 616.41 181.38 644.54 199.93 0.288635
3 91.50 442.56 128.80 479.61 0.348002
2 949.19 235.03 977.95 272.85 0.219142
4 861.04 60.95 874.14 79.07 0.309083
2 611.97 220.04 626.91 248.47 0.353504
2 759.28 213.56 769.88 247.64 0.330282
2 745.91 217.03 757.47 250.16 0.262711
4 681.42 153.32 704.82 168.35 0.250328
2 1307.93 724.94 1327.96 759.73 0.262140
9 1199.00 95.26 1211.71 116.00 0.245850
7 486.45 186.22 510.21 203.86 0.221592
2 1314.87 161.08 1356.22 194.58 0.218383
2 87.99 419.87 102.16 456.97 0.234961
3 397.13 149.42 408.00 166.68 0.208748
4 1325.08 55.94 1336.51 65.83 0.245252
2 439.45 125.59 451.00 151.92 0.219962
4 1233.83 23.60 1243.80 34.51 0.311000
2 357.68 140.55 368.78 166.49 0.210319
3 632.06 483.51 661.88 511.76 0.300125
3 1256.00 730.64 1342.59 764.64 0.277617
2 518.07 371.55 534.51 404.07 0.227223
2 991.83 246.27 1005.75 276.94 0.223386
2 580.25 122.29 590.64 144.05 0.232490
9 1113.54 85.22 1124.43 106.44 0.226659
4 1135.91 41.01 1148.87 50.13 0.229778
4 1296.82 36.48 1310.89 47.49 0.234594
4 1228.97 9.24 1240.32 15.91 0.231094
9 1155.57 89.93 1166.34 110.76 0.215652
2 233.60 150.73 243.20 177.73 0.230824
2 384.94 160.71 395.67 183.56 0.203393
2 949.50 240.75 962.74 272.72 0.207597
2 550.29 296.41 563.09 323.58 0.250965
3 913.28 113.46 931.27 131.95 0.264683
2 428.28 120.62 438.62 146.50 0.211139
4 1341.09 53.24 1359.08 69.66 0.204903
4 1119.07 44.78 1130.55 55.64 0.231578
4 1242.02 0.85 1251.50 9.01 0.288647
