1 761.11 442.19 779.63 473.54 0.447061
5 246.79 186.29 281.96 228.84 0.424405
4 128.97 354.63 193.36 430.63 0.429400
7 704.43 203.56 748.87 265.79 0.326958
4 594.64 416.92 692.41 464.52 0.464808
6 202.08 142.34 245.71 191.70 0.332017
4 381.39 133.91 405.19 162.19 0.410120
4 46.39 491.88 124.15 539.47 0.464642
4 631.99 327.67 695.96 396.90 0.481375
4 499.88 384.07 543.28 460.94 0.488194
4 266.53 210.50 321.18 250.87 0.381808
4 403.60 56.28 419.46 74.41 0.341497
4 462.53 15.26 484.23 29.39 0.345809
1 797.22 295.37 814.43 322.24 0.338673
4 614.61 195.76 650.38 246.64 0.446396
1 234.88 178.59 244.81 200.41 0.293566
4 470.04 255.61 488.32 287.02 0.480968
2 342.53 147.37 354.67 166.54 0.227910
4 496.44 86.00 513.81 106.86 0.302248
4 619.44 251.18 667.75 296.46 0.395164
4 552.50 288.48 627.66 328.03 0.315211
4 543.84 238.12 610.01 267.83 0.361532
4 120.02 188.30 182.72 215.35 0.282851
4 544.13 329.55 620.14 374.91 0.346929
1 240.38 312.81 252.30 336.16 0.330711
4 491.89 53.07 506.21 69.62 0.279908
3 133.07 345.55 146.98 363.94 0.319001
1 38.38 198.77 55.86 220.75 0.327653
4 78.67 100.37 124.10 119.24 0.279699
4 611.65 70.66 631.40 96.18 0.334989
2 111.16 127.44 123.85 149.37 0.281229
4 358.85 38.64 378.93 57.19 0.258700
4 376.74 3.22 389.86 14.77 0.278570
4 543.93 260.29 616.78 296.41 0.329814
4 389.84 40.29 404.81 56.86 0.280154
1 147.37 267.94 161.56 289.55 0.266654
4 509.58 218.74 526.71 245.53 0.359866
4 303.03 114.94 331.46 141.38 0.305602
4 415.63 28.63 429.91 45.00 0.277229
4 345.68 80.13 376.25 95.82 0.265575
1 143.57 211.27 161.90 233.52 0.249134
4 134.74 176.41 192.61 196.64 0.258010
4 0.07 197.01 23.59 226.94 0.261630
4 355.66 97.87 368.35 114.05 0.245695
1 445.33 41.34 450.54 54.04 0.246905
4 447.78 0.16 458.38 9.65 0.276353
4 296.69 159.35 315.10 185.71 0.282982
4 497.98 71.22 514.59 86.94 0.282231
4 151.52 95.46 182.89 117.15 0.220384
4 334.00 14.28 359.31 29.19 0.287206
4 586.85 19.27 608.08 32.79 0.274162
4 358.44 25.19 375.18 43.05 0.248706
2 129.31 332.56 155.21 363.46 0.251072
4 537.52 127.98 584.22 150.60 0.232302
4 419.72 10.05 433.41 24.87 0.263963
4 272.67 146.62 305.39 177.12 0.282437
4 374.10 86.08 390.34 106.93 0.257749
4 0.27 144.58 50.96 166.74 0.243573
4 344.95 88.61 359.15 107.58 0.233839
2 554.46 1.62 560.62 14.87 0.218401
7 243.70 332.63 271.79 358.73 0.262795
6 533.57 79.70 584.65 104.85 0.396664
4 267.41 176.11 290.97 193.47 0.230021
4 51.55 115.83 99.29 136.55 0.243232
4 519.56 53.40 555.76 73.24 0.229161
4 177.91 131.33 219.07 147.24 0.204994
4 108.35 90.41 136.55 103.05 0.213170
4 399.37 28.22 413.40 43.82 0.257133
1 343.48 147.24 353.44 165.69 0.248373
4 206.82 89.24 225.34 104.91 0.202400
4 399.72 11.44 408.56 23.42 0.240099
3 342.49 153.24 354.64 167.19 0.356694
4 597.27 39.52 612.48 55.42 0.237068
7 566.28 355.18 643.72 413.82 0.210222
4 158.50 142.58 214.31 163.09 0.204705
4 404.89 0.77 416.61 13.20 0.241659
4 0.11 158.27 38.97 181.83 0.224741
4 519.41 115.31 550.08 139.64 0.228577
4 129.54 99.56 144.10 116.97 0.235145
4 582.65 26.19 596.54 40.90 0.256869
4 335.51 54.89 360.62 71.77 0.202403
4 148.04 157.76 203.01 178.84 0.210471
2 582.05 431.50 596.10 454.15 0.208746
4 705.29 220.65 748.63 265.44 0.288250
4 309.78 91.10 330.23 114.23 0.241157
2 573.87 21.00 579.09 32.36 0.209052
6 180.81 103.88 223.82 131.05 0.205432
4 249.05 176.91 264.13 192.44 0.200777
6 576.27 0.37 610.96 15.35 0.209862
1 51.57 452.30 71.00 479.95 0.203952
4 636.52 87.99 648.40 109.87 0.267083
6 529.26 154.98 588.10 190.67 0.225849
4 360.16 192.50 387.40 230.15 0.248668
