4 979.03 550.22 1090.39 650.15 0.526651
4 666.17 435.90 725.93 523.68 0.518246
4 686.50 599.08 760.32 726.49 0.500796
4 747.54 63.49 816.17 92.55 0.453847
4 458.54 513.98 528.10 618.64 0.499814
4 464.12 372.43 522.63 460.66 0.494234
4 667.86 270.25 713.24 323.99 0.456537
4 1023.72 661.97 1192.23 755.44 0.513043
4 664.42 339.90 713.41 409.08 0.464841
4 778.42 341.03 831.73 405.34 0.397582
4 834.93 536.67 911.92 635.65 0.527745
4 778.20 92.59 830.58 126.89 0.363435
1 521.99 404.06 542.86 448.39 0.399636
1 951.05 640.24 972.67 693.99 0.437939
6 673.02 93.48 692.48 124.25 0.349625
4 398.27 170.44 455.13 210.57 0.380153
1 508.69 187.32 520.61 220.10 0.350652
4 844.34 56.67 899.78 90.24 0.367522
4 374.36 625.76 474.92 764.17 0.410353
1 584.82 65.45 596.16 91.22 0.367165
4 654.76 174.83 694.38 222.93 0.353288
4 1204.67 737.12 1290.16 764.49 0.416158
4 390.10 75.93 429.27 103.37 0.391434
1 744.91 200.17 760.04 233.36 0.365308
4 395.61 154.44 433.69 189.41 0.342997
4 1110.57 573.50 1163.67 612.93 0.280063
1 712.43 101.00 724.81 128.79 0.344435
1 695.77 43.43 706.78 66.63 0.315022
1 713.10 149.92 726.70 178.36 0.340285
1 625.21 166.61 638.27 194.58 0.320792
4 534.93 100.96 553.59 115.94 0.334654
3 745.34 212.02 759.22 234.14 0.327377
1 689.74 134.33 704.16 161.91 0.327138
3 578.80 140.39 589.64 157.60 0.288247
3 343.54 512.70 393.18 543.33 0.273854
3 690.40 145.36 703.25 162.97 0.307592
3 297.49 661.33 329.82 695.28 0.213281
2 671.23 0.00 680.21 16.59 0.261308
1 578.13 129.00 591.21 155.15 0.312498
4 218.76 95.95 252.14 129.53 0.257735
2 627.68 32.99 641.49 55.68 0.245481
2 414.44 104.91 428.94 131.86 0.269599
3 627.25 40.86 641.72 57.32 0.202603
3 528.83 413.80 546.95 453.46 0.211070
3 713.01 113.66 723.78 130.72 0.257419
2 469.83 104.20 479.99 127.28 0.262169
4 933.81 91.75 957.31 115.38 0.237940
4 865.46 54.81 900.27 71.24 0.206332
3 521.83 434.43 544.79 471.82 0.229848
