9 366.43 509.43 543.06 662.75 0.695218
4 1397.07 723.65 1552.09 792.94 0.481087
4 990.73 844.63 1079.46 961.49 0.497003
4 170.36 713.60 281.60 803.40 0.504114
4 1015.20 564.91 1064.97 610.99 0.426979
3 147.83 593.89 175.02 631.43 0.453090
4 528.71 557.26 594.07 610.69 0.452457
4 838.41 720.56 903.89 796.46 0.500097
4 921.55 621.92 976.91 678.83 0.444787
4 316.64 883.99 451.62 1029.35 0.450655
4 354.26 710.23 450.62 799.99 0.457725
4 443.34 716.18 536.57 823.74 0.430818
4 535.07 632.83 615.61 706.68 0.454525
3 628.73 853.68 679.83 902.28 0.551236
4 851.76 567.55 901.08 615.54 0.437635
4 1241.00 543.45 1289.66 590.04 0.343490
4 642.03 527.00 700.17 576.73 0.422652
4 933.83 560.34 982.61 606.16 0.406435
4 694.93 476.56 740.68 516.48 0.375999
4 1387.75 589.29 1497.14 636.05 0.355324
4 612.05 490.42 660.46 531.32 0.349170
3 10.70 647.84 36.15 683.09 0.378453
4 1326.21 648.65 1436.33 705.13 0.396648
4 0.17 569.84 57.65 615.00 0.383015
3 365.28 484.80 385.50 514.27 0.264342
6 713.65 308.17 747.38 348.19 0.323954
4 1021.44 481.51 1068.92 524.40 0.355247
4 128.37 917.50 285.09 1078.29 0.423839
3 1552.98 702.22 1590.63 742.17 0.388840
4 908.77 502.65 945.41 541.18 0.340232
4 650.21 417.60 694.94 449.99 0.346340
3 1149.33 552.81 1186.73 583.44 0.240928
4 110.23 814.55 250.44 946.18 0.396853
4 465.70 470.07 546.55 507.88 0.361184
3 273.44 536.29 294.24 569.35 0.335696
4 1824.12 566.68 1891.35 622.83 0.412904
4 1125.64 519.73 1176.16 563.75 0.343718
4 1070.79 447.74 1104.71 479.37 0.307121
4 875.90 473.11 917.74 508.73 0.310524
4 899.28 392.95 927.40 421.79 0.287047
4 483.88 345.73 542.04 369.09 0.299388
6 598.03 328.93 641.37 371.15 0.255434
4 823.46 1051.69 917.44 1079.50 0.356150
4 949.24 478.60 988.20 519.71 0.325920
4 735.52 421.62 779.24 461.90 0.317810
4 1062.07 421.66 1092.20 451.72 0.255504
4 933.88 426.52 965.37 455.80 0.213748
4 975.95 435.80 1008.20 468.44 0.302346
4 1008.90 421.87 1039.41 449.07 0.273480
4 918.10 357.98 941.46 381.47 0.243913
4 726.08 399.86 759.42 429.16 0.286764
4 1189.17 363.03 1255.73 387.88 0.217557
4 1507.48 632.75 1615.28 686.47 0.353158
4 764.06 369.22 793.07 395.02 0.265550
4 58.52 438.67 124.39 469.58 0.277521
4 794.99 427.54 830.38 456.84 0.282105
4 133.12 440.89 207.14 470.58 0.299488
4 649.98 383.43 689.39 415.40 0.282904
2 1852.29 950.19 1889.70 1032.37 0.320893
4 880.95 431.65 919.38 465.04 0.291698
4 962.27 398.15 990.01 428.42 0.268096
4 986.52 377.87 1011.13 400.57 0.247226
4 1031.31 271.05 1056.12 303.04 0.272946
4 736.02 362.90 764.93 388.01 0.258620
4 567.70 468.33 624.17 518.33 0.287149
4 665.43 324.79 691.05 345.41 0.234238
4 778.37 395.43 812.74 422.85 0.251245
3 401.37 469.93 420.54 495.77 0.241920
4 1002.02 247.15 1016.75 261.29 0.219197
4 1253.82 456.25 1317.36 487.99 0.223206
1 633.24 835.52 667.75 887.00 0.279532
4 566.90 449.29 605.53 484.50 0.279058
3 471.04 451.44 499.18 480.54 0.201366
3 426.36 501.32 443.64 527.61 0.309577
4 2.00 423.48 65.08 454.41 0.264274
4 808.51 333.41 830.70 353.50 0.240597
4 955.43 349.28 978.38 371.20 0.227895
1 1723.12 727.06 1746.53 784.94 0.261675
3 1855.42 995.84 1873.14 1036.48 0.279551
3 1694.63 705.23 1714.62 742.20 0.319525
4 981.90 297.08 1001.74 313.08 0.212908
4 728.57 347.35 759.37 368.53 0.239914
4 50.32 417.94 95.35 443.94 0.236794
1 9.90 628.77 35.72 679.43 0.273539
3 1638.79 651.91 1670.34 689.11 0.243905
4 797.51 312.94 819.39 332.62 0.201063
4 970.87 269.84 986.59 284.48 0.244853
4 928.03 333.59 952.90 353.69 0.222406
1 1602.75 586.36 1622.92 627.80 0.241353
4 808.23 471.66 833.08 495.77 0.208424
4 974.61 311.80 993.54 330.02 0.201194
4 984.91 353.53 1003.64 375.43 0.213841
1 1392.22 424.76 1403.50 454.23 0.222291
4 834.71 314.26 855.84 330.44 0.206034
3 1817.69 720.77 1881.15 779.27 0.214178
4 1270.47 344.29 1299.52 368.58 0.233837
3 151.69 512.42 172.78 545.00 0.311322
4 98.43 426.78 149.18 453.55 0.227268
2 1753.32 534.93 1771.22 573.20 0.200949
4 1343.03 569.28 1467.60 613.62 0.252600
1 1882.11 739.22 1905.72 788.60 0.235364
4 813.29 403.70 852.68 437.75 0.258474
4 1250.69 337.33 1281.15 358.11 0.207323
4 1886.95 569.06 1919.75 622.78 0.352850
1 1217.57 541.38 1234.18 584.12 0.250307
4 831.68 379.67 866.05 413.22 0.201460
2 148.74 580.12 173.58 619.91 0.215697
2 1780.21 629.67 1801.50 668.45 0.200430
2 1694.22 592.17 1711.57 641.57 0.211220
2 1710.37 726.59 1730.67 778.86 0.206481
3 1337.83 390.53 1354.85 412.36 0.221489
3 199.96 500.00 221.41 529.01 0.220916
3 0.26 753.97 38.61 806.29 0.403631
3 1897.23 765.44 1919.34 807.82 0.253748
1 1892.70 953.32 1919.73 1027.73 0.300351
