4 478.83 164.80 498.57 185.69 0.508555
4 317.30 499.15 383.17 539.42 0.518039
6 328.59 372.82 378.55 419.98 0.331285
7 506.34 308.58 525.68 347.45 0.391930
4 490.93 227.25 511.52 251.30 0.424890
7 551.54 266.32 575.07 305.31 0.299314
1 624.11 428.24 639.86 469.11 0.427007
4 481.78 95.53 493.40 106.74 0.387405
4 479.67 141.80 488.24 154.57 0.348302
4 492.00 90.39 500.62 99.82 0.379469
3 562.62 322.49 579.57 345.03 0.258408
2 254.96 511.28 286.51 539.30 0.400544
7 97.21 379.01 147.26 452.20 0.304248
3 606.06 382.72 620.22 409.62 0.333398
1 490.81 265.72 501.98 291.66 0.324515
1 151.35 417.84 173.11 454.71 0.340709
7 634.79 380.00 667.20 416.56 0.311283
3 670.02 388.81 686.09 408.00 0.314437
4 681.92 234.73 703.91 252.95 0.260228
3 487.19 350.51 502.28 373.68 0.361189
3 521.72 372.48 537.93 397.69 0.357762
2 529.91 335.08 544.00 366.19 0.269509
1 255.71 353.54 269.73 377.99 0.286960
2 714.77 321.35 729.62 352.78 0.213197
3 262.76 393.33 279.60 424.92 0.237452
7 886.49 414.18 958.93 469.07 0.203325
2 546.83 436.62 563.55 468.28 0.331210
3 531.40 351.15 542.76 367.12 0.254926
7 244.51 370.01 268.04 395.24 0.250287
6 572.10 239.49 602.65 269.99 0.238070
3 504.60 260.05 516.56 280.25 0.295413
2 805.16 410.22 822.63 450.66 0.258010
7 544.71 445.14 565.03 480.77 0.261416
2 548.96 326.75 561.66 354.14 0.269458
1 598.14 374.99 610.27 406.70 0.277342
2 521.98 363.71 538.65 393.76 0.235107
6 525.47 219.18 545.73 241.30 0.223304
2 364.38 302.80 380.62 333.65 0.213286
4 595.89 280.11 619.09 298.24 0.286019
2 548.66 303.87 563.38 330.29 0.206168
3 437.11 245.78 448.79 268.38 0.234481
2 681.49 368.01 692.66 395.35 0.280539
7 341.72 293.19 384.57 330.90 0.203672
9 515.40 205.66 527.32 232.36 0.232949
4 487.20 203.69 499.38 217.53 0.204739
2 652.43 375.12 669.34 407.11 0.220972
7 507.28 131.69 518.35 148.10 0.220744
2 567.41 310.23 579.65 333.18 0.218876
3 646.29 387.68 669.51 416.71 0.224380
