4 42.60 309.34 125.28 409.48 0.588749
4 655.89 238.86 803.00 313.07 0.508973
4 656.15 178.18 775.89 243.26 0.516068
4 750.44 373.97 834.14 455.23 0.495036
5 767.49 624.38 916.37 764.39 0.433119
1 416.64 44.54 436.07 90.23 0.380147
3 760.23 205.51 799.69 241.70 0.394533
1 415.32 338.45 461.95 407.74 0.383873
4 562.68 107.25 681.81 160.46 0.550506
4 530.37 589.22 662.67 764.54 0.380272
3 737.66 147.06 755.34 183.92 0.373420
1 429.24 155.23 444.90 199.37 0.339018
2 262.30 52.44 293.71 99.12 0.286147
2 711.51 71.02 737.41 115.21 0.266494
5 459.24 428.03 569.58 555.33 0.301495
1 1243.60 599.11 1272.45 643.65 0.278342
2 217.30 0.00 236.52 29.14 0.258152
3 686.08 55.91 706.45 84.43 0.287649
2 589.72 0.23 603.99 29.16 0.257509
2 429.35 134.26 448.25 199.67 0.212396
1 435.41 134.46 448.62 177.16 0.248373
4 355.09 83.31 396.70 132.70 0.320324
3 1056.62 426.61 1103.27 468.80 0.203785
