1 144.33 316.15 222.01 447.46 0.633995
1 525.34 265.09 593.38 376.80 0.685551
1 324.58 395.01 388.60 539.39 0.625459
2 440.20 147.21 469.00 220.75 0.613821
2 641.41 316.42 693.34 459.86 0.615555
2 724.25 339.15 808.83 473.96 0.576449
2 785.39 368.73 862.33 536.15 0.568804
2 778.79 108.93 801.59 164.72 0.391627
2 908.54 248.68 949.51 310.98 0.495917
2 859.79 245.01 903.75 297.39 0.496187
2 295.08 104.96 312.37 158.08 0.485476
2 197.27 136.54 232.66 215.94 0.432091
2 0.07 85.79 21.53 137.42 0.470583
2 548.69 61.17 564.18 104.84 0.418152
2 147.96 166.33 179.18 203.05 0.400859
2 877.40 148.05 907.70 228.74 0.370100
2 795.63 129.96 830.05 208.46 0.420589
2 303.37 61.34 326.29 106.55 0.359115
2 139.91 38.18 154.73 71.66 0.392325
2 470.68 46.79 484.85 79.90 0.360175
2 805.63 47.68 828.76 88.61 0.344729
2 175.26 141.91 196.72 193.41 0.399698
2 882.44 46.67 900.11 86.76 0.334654
2 250.05 72.57 280.22 118.91 0.336301
2 434.16 33.03 444.76 65.81 0.345466
2 902.74 128.61 930.37 204.87 0.342819
2 229.04 129.13 255.93 203.04 0.343589
2 523.82 34.05 534.74 67.42 0.336175
2 544.61 38.15 556.17 70.42 0.311918
2 52.84 32.77 67.28 64.50 0.342085
2 405.52 31.25 422.13 63.72 0.321806
2 857.40 93.71 883.83 156.51 0.335683
2 872.01 107.84 904.69 171.07 0.313417
2 167.61 24.77 179.47 50.29 0.312312
2 924.68 124.29 947.38 194.92 0.266791
1 785.44 368.63 862.32 536.12 0.267458
1 641.35 316.21 693.54 459.87 0.303366
2 203.26 72.17 231.12 127.59 0.294593
2 229.62 85.48 248.12 133.91 0.289004
2 249.25 139.33 272.62 176.67 0.234266
2 764.35 29.23 778.49 55.21 0.220206
1 724.13 339.05 809.05 474.05 0.253256
1 440.29 147.13 469.18 220.80 0.242828
2 310.90 38.53 321.04 65.97 0.272955
3 59.38 7.94 82.76 28.26 0.231404
2 865.27 43.97 880.30 82.43 0.240448
2 168.82 78.92 180.81 107.89 0.266201
2 223.60 32.88 239.32 56.60 0.243970
2 289.91 32.00 298.60 52.50 0.246556
2 821.37 36.78 833.41 59.39 0.206296
1 908.52 248.61 949.59 310.97 0.226430
2 341.13 41.84 357.89 68.77 0.231168
2 854.94 39.70 871.92 80.40 0.233805
2 464.42 31.02 474.88 63.96 0.223669
2 245.78 59.39 260.77 102.71 0.208517
1 859.77 244.98 903.68 297.51 0.229352
4 252.53 8.38 290.27 24.91 0.209711
1 0.07 85.79 21.60 137.44 0.228249
