2 218.28 523.84 316.38 710.72 0.617085
2 2.97 551.48 114.24 727.09 0.570151
2 1146.83 387.31 1207.70 551.38 0.631141
2 1002.28 333.75 1045.78 464.77 0.634759
2 998.02 529.41 1057.65 674.29 0.625129
2 80.00 84.37 118.53 170.89 0.524913
2 251.93 111.23 286.50 213.90 0.554779
2 519.73 118.39 552.55 206.01 0.553467
2 199.77 111.14 239.06 205.82 0.516660
2 422.46 47.31 441.03 117.04 0.564556
2 801.68 109.50 829.41 194.71 0.508858
2 570.99 0.12 588.21 35.77 0.484603
2 1110.72 7.98 1129.46 54.79 0.436400
2 1070.96 88.92 1103.89 166.73 0.579447
2 114.71 129.08 138.91 178.04 0.461855
2 1166.19 15.58 1198.63 74.32 0.408101
2 514.18 156.49 534.39 212.32 0.410694
2 1120.91 599.28 1171.58 694.47 0.473862
2 780.10 109.98 804.14 188.01 0.512375
2 522.47 0.10 535.91 31.24 0.441803
3 1043.50 6.70 1090.61 43.38 0.445063
2 1239.83 0.08 1253.31 23.62 0.385902
2 57.97 0.12 83.89 34.28 0.343090
2 975.83 0.02 990.46 32.65 0.365939
2 76.63 0.12 100.70 33.73 0.346744
1 218.11 523.70 316.62 710.84 0.381600
2 1293.53 0.04 1314.52 33.09 0.369977
1 2.95 551.29 114.49 727.29 0.337705
1 1146.67 387.20 1207.89 551.47 0.328454
2 1006.37 2.99 1025.10 35.06 0.294275
2 1191.29 0.17 1207.77 49.82 0.286982
2 1022.08 0.77 1039.35 36.51 0.306351
1 1070.90 88.85 1104.04 166.79 0.319947
1 1002.20 333.81 1045.93 464.80 0.311937
2 404.70 405.67 422.35 467.00 0.219460
2 19.56 119.77 48.65 183.02 0.325634
1 997.93 529.29 1057.91 674.34 0.291125
2 1303.40 285.43 1359.34 422.71 0.357608
1 251.97 111.18 286.68 213.99 0.218445
1 801.73 109.51 829.60 194.76 0.217913
3 837.61 0.00 862.53 19.03 0.206249
1 199.93 111.14 239.03 205.42 0.206329
2 792.35 0.00 805.95 14.03 0.272588
1 1120.93 599.22 1171.83 694.57 0.213168
1 79.94 84.36 118.22 170.91 0.232216
1 422.43 47.22 441.15 117.01 0.299593
2 4.43 83.62 35.31 170.74 0.403989
1 520.00 118.30 552.78 205.87 0.221478
2 1349.90 0.42 1359.86 33.65 0.346079
2 1255.40 0.00 1270.23 3.98 0.209199
