4 662.11 381.27 690.06 421.50 0.477539
4 808.99 607.37 899.18 652.28 0.493963
4 630.86 175.90 653.69 203.01 0.410796
4 697.28 314.12 722.59 346.90 0.460213
4 688.51 240.51 710.81 267.33 0.437525
4 544.90 253.11 595.42 285.83 0.379022
4 701.62 147.08 721.99 169.20 0.381380
4 714.64 59.53 729.63 76.00 0.378110
4 744.58 142.27 785.81 166.18 0.338453
4 1230.41 246.49 1258.59 271.05 0.422142
4 1165.06 324.20 1231.56 357.96 0.400915
4 499.48 339.01 556.13 367.02 0.414581
4 742.98 113.70 760.84 133.12 0.351843
6 770.87 371.73 864.03 428.18 0.321267
4 703.91 88.96 719.62 107.46 0.343085
4 741.69 636.48 826.99 729.68 0.488352
4 691.79 182.10 713.69 206.45 0.406766
4 746.93 315.15 801.13 342.77 0.324992
4 1032.04 322.28 1083.07 356.28 0.404779
4 793.45 120.53 814.65 142.77 0.355551
4 706.57 116.48 723.52 135.44 0.355543
4 859.09 714.64 964.60 762.76 0.456849
4 569.09 295.64 594.52 332.18 0.361342
4 1172.81 377.38 1203.76 396.11 0.364092
4 1214.28 304.64 1278.46 335.44 0.336788
4 895.01 160.92 916.20 187.82 0.305327
5 744.65 517.46 799.90 616.69 0.328282
4 503.13 305.47 563.24 333.77 0.385816
4 765.25 352.71 824.70 377.46 0.303977
4 711.68 30.91 724.94 45.40 0.310443
4 594.84 231.66 620.21 265.85 0.298926
5 774.65 295.24 840.41 325.56 0.287433
4 556.20 338.29 598.53 389.97 0.319028
4 785.49 331.07 845.35 360.18 0.293595
6 628.59 87.84 653.08 118.48 0.251861
4 781.69 198.61 834.12 220.88 0.269128
4 654.87 16.42 672.67 33.95 0.277631
4 795.50 171.07 844.57 191.12 0.262877
4 641.82 43.26 656.52 60.78 0.278298
4 828.79 272.69 886.09 298.55 0.296489
4 1136.20 372.76 1165.26 399.74 0.274545
1 639.98 121.08 649.29 141.00 0.261619
4 1294.29 243.54 1341.64 271.87 0.316521
6 680.76 1.75 703.53 48.33 0.284126
6 630.08 67.00 647.53 88.56 0.229991
4 768.99 274.40 813.19 297.34 0.240005
4 1246.80 199.40 1279.89 231.41 0.277217
4 869.13 155.88 890.61 182.67 0.243347
4 911.50 322.33 939.95 357.06 0.293183
4 734.27 14.09 749.38 28.01 0.227546
4 1275.84 244.20 1293.95 263.42 0.219362
4 793.17 160.37 836.16 178.00 0.225851
4 844.56 112.72 855.84 134.41 0.235144
4 1288.31 231.99 1322.44 248.91 0.265240
4 596.33 90.31 621.38 104.22 0.274743
4 755.84 244.78 810.28 267.49 0.228216
3 838.84 552.74 868.48 578.16 0.233369
2 692.33 120.34 699.31 136.03 0.210676
4 770.86 213.03 810.85 233.38 0.222014
4 788.34 222.17 831.76 243.29 0.234320
2 734.49 85.70 742.22 103.53 0.204161
4 1265.37 131.83 1277.61 149.99 0.201677
4 775.77 257.96 831.78 281.30 0.270098
4 765.27 233.14 817.19 256.51 0.218830
4 681.97 32.24 698.98 48.02 0.213226
6 867.54 107.40 920.61 134.32 0.257364
4 711.04 0.12 722.69 8.79 0.227891
4 798.43 284.09 849.46 308.69 0.215062
4 1334.89 367.67 1359.71 391.29 0.312018
