6 226.75 271.02 431.48 432.92 0.628941
5 617.65 126.38 656.97 158.31 0.554314
4 61.07 391.13 153.91 453.77 0.668251
4 496.58 228.79 532.18 256.97 0.556762
6 529.47 98.96 576.76 140.20 0.451486
4 616.14 104.60 631.55 115.34 0.434590
6 527.29 159.09 604.83 225.65 0.381657
4 678.82 139.24 698.42 155.01 0.460885
4 595.48 117.31 612.81 129.56 0.458447
6 20.59 154.41 82.18 178.61 0.344844
4 842.89 46.05 862.74 56.68 0.321462
4 695.35 113.38 708.41 124.21 0.398593
6 656.91 79.57 686.95 96.50 0.285316
1 482.84 135.74 491.78 151.31 0.233744
1 565.77 239.20 577.09 258.76 0.301766
1 527.34 143.24 536.63 157.13 0.332536
3 565.34 245.07 576.91 259.53 0.251925
1 60.54 311.31 89.08 337.74 0.323646
4 773.18 95.28 793.79 105.75 0.309565
6 702.20 41.30 723.25 55.12 0.257045
4 605.01 70.94 620.71 81.71 0.245323
4 596.42 79.01 609.37 89.68 0.255332
4 634.57 72.99 639.95 80.31 0.277536
4 666.76 68.11 693.37 81.69 0.250427
4 496.80 66.87 515.00 76.06 0.243409
4 49.75 139.12 70.25 150.27 0.296521
4 663.50 63.51 672.71 72.37 0.240111
4 803.75 83.55 813.96 90.22 0.232580
6 699.36 58.96 714.38 75.08 0.242143
4 831.24 114.31 837.86 124.08 0.279840
4 786.40 47.35 800.00 57.14 0.246045
5 529.59 113.89 551.40 140.09 0.224761
4 575.08 91.75 594.01 101.95 0.213863
4 777.05 61.66 785.60 70.34 0.258576
4 644.80 121.24 658.36 132.03 0.239914
4 683.45 37.53 695.89 45.10 0.212692
