4 1001.30 477.07 1052.55 515.92 0.488620
4 658.22 28.80 698.07 82.98 0.469190
4 1026.35 566.94 1081.56 614.00 0.470848
4 964.06 634.18 1019.97 684.57 0.443961
4 969.59 277.70 1024.24 326.34 0.446581
4 1067.44 521.69 1115.82 577.88 0.451728
4 348.52 149.12 401.04 200.47 0.385606
4 343.17 615.87 394.91 668.81 0.391114
4 375.23 652.06 430.57 704.15 0.404292
4 726.12 22.66 750.56 72.72 0.442398
4 391.94 693.05 450.53 735.96 0.414807
4 891.49 227.29 958.15 276.11 0.405551
4 973.68 207.63 1017.91 254.91 0.385051
4 193.69 516.67 237.05 576.23 0.367081
4 1177.43 542.01 1205.21 593.81 0.407572
4 212.73 280.75 259.71 334.53 0.414275
4 891.13 149.07 946.10 199.07 0.350827
4 644.54 581.02 671.91 646.39 0.378515
4 148.62 435.36 214.34 464.07 0.351357
4 1077.75 258.41 1110.89 318.37 0.330969
4 1134.77 610.37 1180.26 653.69 0.366605
4 250.69 235.16 301.82 280.24 0.329731
4 492.14 579.63 557.35 624.70 0.385722
4 870.57 126.46 919.37 175.45 0.333525
4 1049.68 209.20 1073.73 230.09 0.266301
4 1209.66 536.26 1249.81 597.90 0.369607
4 927.43 173.74 981.72 225.57 0.393291
10 807.47 14.53 848.57 71.09 0.266350
4 859.35 90.69 910.28 138.98 0.332716
4 325.19 172.90 374.00 220.58 0.335188
4 948.66 679.40 1007.87 720.83 0.379405
4 169.58 274.55 209.42 330.66 0.316989
4 313.59 591.62 363.06 645.41 0.357923
4 1080.18 372.86 1106.61 386.25 0.236220
4 68.13 252.26 100.63 312.14 0.307998
4 925.15 706.07 987.58 749.69 0.333240
1 1232.54 287.88 1251.46 337.15 0.219242
4 1231.38 282.51 1261.96 335.63 0.255645
10 841.71 58.83 890.62 108.06 0.206838
4 1187.49 200.14 1254.26 236.51 0.264704
4 1275.11 415.12 1330.86 438.16 0.272488
4 368.06 126.04 420.82 177.61 0.277550
4 1120.00 266.76 1152.20 324.45 0.200175
4 392.75 107.08 445.37 157.95 0.237800
4 1258.44 525.69 1292.22 589.06 0.230328
5 1157.46 267.28 1192.13 329.94 0.218888
4 272.73 211.12 322.80 259.99 0.213543
