3 673.99 253.36 723.81 288.54 0.526355
3 871.35 351.76 951.00 396.43 0.500353
4 881.68 86.77 976.25 144.71 0.493695
3 578.09 355.61 616.12 392.56 0.427168
3 287.40 349.76 355.86 403.42 0.379540
3 713.80 226.09 749.43 259.27 0.399514
2 4.82 78.30 1330.63 756.53 0.274917
2 1201.33 262.12 1230.15 325.60 0.303639
3 367.05 254.45 397.36 291.16 0.326571
2 633.18 320.99 662.65 398.05 0.338044
1 15.09 220.05 43.51 282.23 0.303515
1 344.69 480.73 384.12 558.40 0.347297
2 530.81 456.01 567.33 552.18 0.315789
7 1252.89 186.17 1315.50 231.86 0.297237
2 520.66 619.18 555.85 716.84 0.323433
2 464.55 582.57 502.69 678.86 0.295181
2 574.11 434.58 612.38 520.41 0.300979
2 895.12 333.40 918.60 398.92 0.257378
2 252.78 382.75 303.26 459.41 0.271450
2 388.32 646.44 419.64 725.22 0.298222
2 126.60 232.56 160.73 296.63 0.264273
2 1128.31 592.23 1194.51 683.62 0.232804
2 1209.48 553.27 1254.19 638.75 0.256193
2 1004.78 489.52 1055.53 570.89 0.273840
2 525.22 264.88 548.16 324.66 0.251012
2 931.45 246.57 959.16 312.22 0.262075
2 366.31 227.00 397.08 291.18 0.243999
7 762.72 152.92 848.87 188.65 0.270575
3 323.48 260.62 343.27 288.14 0.283069
2 319.38 230.03 343.36 287.88 0.226477
2 637.22 264.39 658.66 325.89 0.243745
2 986.15 308.00 1013.15 376.28 0.249382
2 455.46 522.63 487.68 593.96 0.284787
2 96.07 150.92 120.85 197.55 0.242459
2 350.05 626.81 382.37 710.89 0.275792
2 690.03 226.55 714.79 284.88 0.219906
2 533.33 347.58 563.56 415.13 0.231931
2 1007.13 166.64 1026.47 214.55 0.234422
2 153.35 152.80 177.41 206.08 0.227561
2 1075.52 334.10 1108.76 402.21 0.205842
2 1005.37 449.65 1039.54 540.48 0.255213
4 933.90 108.91 976.27 144.27 0.208142
3 100.04 173.71 120.63 198.32 0.205275
3 1199.93 186.57 1238.93 221.36 0.218770
2 1088.81 422.97 1131.46 473.61 0.220336
2 833.96 215.39 859.90 272.64 0.200074
2 302.30 325.25 341.78 392.43 0.236602
2 707.71 333.66 733.26 405.26 0.228326
2 101.46 387.37 134.97 440.80 0.221278
2 218.95 532.31 257.96 633.46 0.207502
2 886.19 219.61 912.03 275.74 0.215018
4 1159.26 40.95 1231.69 84.73 0.204923
2 1231.94 469.86 1273.96 541.51 0.209516
2 1245.74 489.60 1296.48 577.57 0.211538
3 520.94 382.87 568.66 415.67 0.202855
2 807.22 201.40 824.14 259.46 0.200467
2 1160.61 657.29 1200.13 752.59 0.239132
2 1071.00 487.04 1109.80 545.73 0.257914
3 1091.04 446.84 1130.68 475.87 0.201923
