5 964.73 352.15 1103.71 414.60 0.595853
4 669.29 375.66 791.62 430.64 0.584170
4 386.95 23.53 443.10 53.46 0.587764
4 746.91 435.30 877.00 494.12 0.574550
4 530.98 434.15 661.15 500.78 0.509126
4 120.09 457.72 266.10 524.55 0.460537
4 1314.45 568.78 1359.77 641.81 0.518630
4 621.87 27.84 658.75 56.15 0.539242
4 664.36 666.48 745.22 764.42 0.501197
1 614.18 291.55 626.40 325.21 0.407265
1 765.04 240.09 778.55 273.52 0.417532
4 7.86 271.48 66.26 330.38 0.425764
7 477.01 293.06 540.73 334.00 0.283876
1 324.89 339.23 342.48 378.27 0.436199
1 595.83 291.62 609.12 327.67 0.388878
3 201.66 709.01 241.55 763.92 0.459516
1 343.39 163.22 358.75 193.47 0.366861
1 374.55 109.47 385.24 138.54 0.322837
3 696.30 192.35 711.91 213.69 0.284835
2 581.32 299.04 598.04 338.40 0.384040
2 725.23 183.87 737.42 215.79 0.342871
1 696.59 180.30 710.56 208.10 0.320491
1 1005.95 330.26 1022.22 360.40 0.369555
2 581.73 290.10 627.20 338.04 0.201530
2 717.35 184.12 728.64 215.69 0.335979
4 1086.54 15.57 1117.02 34.79 0.328680
1 389.81 105.10 402.26 136.93 0.268598
2 714.82 141.25 727.56 173.08 0.285482
6 457.37 222.48 540.26 303.81 0.255809
2 460.15 694.51 468.18 710.97 0.251085
3 171.68 717.83 221.51 764.22 0.345451
2 434.78 672.34 443.16 690.61 0.232867
4 929.24 169.90 962.32 202.17 0.293226
2 413.59 657.02 423.45 679.28 0.228563
3 583.12 314.88 597.40 339.14 0.310227
4 150.41 283.43 239.53 351.01 0.230155
3 1006.10 341.09 1019.64 361.08 0.241903
4 1241.61 112.25 1293.60 131.90 0.245857
6 296.83 241.00 343.21 299.29 0.220833
4 297.78 262.18 339.30 298.10 0.215970
2 481.22 717.33 489.32 732.71 0.220153
2 296.45 274.67 311.18 311.40 0.247936
2 495.98 733.45 503.72 750.11 0.236984
2 511.95 750.52 520.10 764.59 0.219158
2 393.89 644.05 404.76 664.16 0.200905
3 343.05 175.32 357.74 194.74 0.200471
2 171.98 702.73 197.58 762.68 0.276431
