4 419.04 440.00 486.36 543.17 0.477171
4 653.89 234.93 694.91 294.22 0.549004
4 830.32 704.18 919.52 764.37 0.511103
4 460.31 323.61 512.22 409.01 0.457135
4 369.71 585.07 462.63 736.11 0.468131
4 515.63 184.04 567.98 239.82 0.484405
1 279.22 384.31 297.95 424.45 0.411785
4 827.87 625.39 998.75 730.06 0.418338
3 341.62 547.81 390.87 584.30 0.489768
2 449.73 665.45 472.35 720.28 0.440353
4 505.15 142.63 566.06 192.22 0.466368
1 161.79 605.98 185.92 660.94 0.394710
1 475.97 663.87 499.18 710.84 0.444032
4 482.39 252.33 545.28 307.48 0.502791
1 149.73 652.20 176.64 708.53 0.422747
4 638.04 559.70 706.08 679.80 0.447386
1 153.12 479.19 175.73 527.76 0.382313
1 96.03 651.49 128.26 701.47 0.419553
1 181.91 611.54 205.32 658.72 0.410216
3 222.33 404.49 241.44 432.54 0.385544
2 224.46 391.71 242.85 422.51 0.354226
2 803.30 228.13 831.18 310.08 0.268376
3 295.69 389.42 312.22 415.20 0.340253
4 540.01 45.40 568.63 77.40 0.349760
2 294.21 376.83 311.74 413.57 0.311059
4 759.11 227.49 805.69 279.04 0.353382
4 795.97 417.34 859.96 502.99 0.363022
2 315.20 242.65 335.00 278.27 0.277783
7 304.05 594.85 363.64 643.63 0.334799
4 718.95 91.73 765.07 134.53 0.248617
7 703.70 28.55 765.07 94.83 0.216615
4 705.56 60.17 764.25 94.26 0.258951
3 803.09 273.86 824.46 313.25 0.330423
4 347.53 242.44 386.52 270.03 0.287107
3 345.56 421.20 390.19 445.96 0.256459
2 265.04 528.47 278.94 570.72 0.253355
2 306.71 604.51 329.33 641.51 0.257425
2 305.50 601.92 357.94 642.59 0.216380
3 760.36 123.42 847.82 156.33 0.237309
2 327.74 580.33 346.18 618.22 0.208877
4 548.27 29.50 584.24 53.89 0.224046
