4 1098.06 80.54 1199.57 120.80 0.615266
4 1202.76 107.46 1308.08 145.71 0.616532
4 105.40 65.26 189.86 108.37 0.576460
5 238.28 157.16 351.25 215.60 0.556359
5 453.75 112.85 538.07 160.24 0.532708
4 744.03 84.54 840.63 125.79 0.511639
5 997.36 258.34 1132.82 325.46 0.532174
4 273.74 119.94 382.79 170.74 0.467552
4 482.14 465.35 638.99 554.38 0.508759
5 874.53 263.06 999.96 327.49 0.499918
7 168.56 443.76 289.14 519.07 0.438846
3 425.84 321.60 466.28 354.15 0.412541
6 1065.14 364.69 1220.45 441.47 0.443520
4 551.80 0.00 628.32 19.07 0.506261
1 364.74 419.92 388.72 471.75 0.389015
3 343.18 83.93 378.20 106.88 0.550665
7 845.51 396.13 952.22 450.02 0.393901
1 96.20 278.99 117.75 324.18 0.423533
1 59.54 240.69 83.05 284.77 0.397670
1 614.12 390.76 634.28 440.62 0.355527
6 350.64 283.08 424.73 348.79 0.354048
7 337.36 401.98 449.25 464.25 0.384016
3 168.46 466.27 194.07 518.91 0.281842
3 245.64 45.42 277.95 65.78 0.232521
1 272.78 440.41 296.57 490.75 0.432876
7 438.37 45.73 493.16 73.70 0.371468
1 597.30 411.88 619.10 463.72 0.344619
4 728.17 40.48 744.34 57.52 0.359148
7 446.94 279.43 555.34 354.32 0.278170
1 254.45 302.40 277.11 352.36 0.384196
7 508.61 324.18 552.74 371.26 0.256242
3 45.73 11.43 67.75 33.60 0.246384
4 1038.75 50.78 1073.40 67.95 0.382371
2 1027.83 413.72 1045.28 453.49 0.365504
2 1230.37 308.60 1249.50 344.49 0.321396
7 569.35 274.28 658.37 330.49 0.299541
7 535.85 54.63 569.71 75.71 0.290977
2 759.31 290.36 780.61 335.41 0.294948
2 467.35 322.42 487.04 371.91 0.307364
2 81.81 231.04 101.36 269.73 0.261380
3 502.21 454.85 534.38 478.38 0.229550
2 728.65 293.28 744.22 338.29 0.283953
2 793.28 312.72 812.53 338.93 0.297051
2 1135.97 377.12 1164.17 413.26 0.280096
4 764.26 192.38 842.35 247.75 0.370174
2 1103.91 365.80 1125.62 393.23 0.305384
2 456.96 360.89 481.76 397.85 0.287992
2 1058.53 370.05 1076.41 407.91 0.311325
7 639.98 409.00 753.04 455.67 0.261187
1 353.71 70.80 368.33 102.42 0.373182
3 7.57 177.88 44.65 212.04 0.301747
3 442.47 371.87 500.55 407.15 0.282207
3 219.28 352.46 269.83 383.67 0.297137
2 1042.75 409.33 1059.10 437.54 0.295027
6 264.49 282.39 425.24 369.06 0.274521
3 638.75 287.66 658.95 317.61 0.268501
2 717.25 423.84 734.19 454.80 0.277845
3 1215.92 321.63 1260.07 352.02 0.247536
2 839.72 380.35 859.57 405.83 0.292038
2 744.46 295.22 760.08 336.88 0.276037
2 228.81 335.67 256.43 379.03 0.330387
4 853.21 257.76 897.83 282.55 0.228236
4 835.31 0.05 889.40 14.86 0.247814
4 900.92 0.00 954.22 12.06 0.246888
4 1114.59 251.12 1164.37 272.80 0.255298
2 876.90 390.32 893.20 416.39 0.250181
2 12.22 168.72 39.76 197.15 0.234400
2 256.78 34.30 268.02 59.69 0.206925
2 509.36 334.35 531.01 367.28 0.208996
2 546.93 45.35 563.86 70.25 0.225537
2 544.09 293.34 560.31 335.72 0.247190
2 516.49 322.41 539.25 355.71 0.232817
2 1059.68 405.41 1079.28 437.22 0.248843
3 418.04 402.45 449.41 442.37 0.227875
4 1257.49 0.00 1332.89 7.32 0.242710
3 502.20 414.80 602.80 478.18 0.208903
2 461.67 36.10 474.66 59.84 0.226833
3 502.23 447.78 575.22 477.92 0.204467
2 1128.85 374.93 1154.25 401.52 0.271115
3 1332.48 336.44 1359.82 360.99 0.360421
3 78.81 243.23 101.17 269.87 0.208355
2 738.36 343.48 762.57 400.19 0.269581
4 0.16 15.97 12.52 39.26 0.244850
