5 547.46 540.25 715.97 764.29 0.586195
4 998.12 515.67 1283.83 646.67 0.606115
4 437.88 246.60 514.50 327.58 0.577357
1 864.60 300.40 885.43 361.88 0.370374
3 517.84 195.94 536.91 226.33 0.549115
4 577.07 114.60 623.07 163.77 0.443857
4 786.40 389.40 939.08 497.80 0.556590
1 395.60 251.24 417.74 303.43 0.474957
1 777.44 187.39 794.99 228.95 0.467477
4 674.87 407.84 796.97 532.06 0.540621
1 895.12 311.08 917.25 377.10 0.375232
1 14.63 462.19 54.12 529.07 0.387813
3 778.01 207.65 793.44 232.83 0.556454
6 0.16 409.49 70.38 512.61 0.419576
4 669.58 221.86 726.09 280.45 0.556161
4 519.94 297.25 600.87 400.09 0.490592
4 462.64 118.61 513.70 168.47 0.399247
3 654.38 74.91 672.79 100.58 0.355706
4 560.50 169.78 614.65 226.55 0.512914
4 785.06 646.47 906.66 764.41 0.439452
4 605.55 27.93 628.86 50.39 0.308524
1 885.85 294.57 904.56 355.80 0.358797
7 149.02 341.43 224.67 411.71 0.314858
4 649.30 56.16 674.90 80.49 0.297294
3 61.36 455.75 101.99 515.81 0.295660
4 529.69 69.65 561.65 96.65 0.286371
2 864.42 295.14 917.30 377.78 0.272136
3 41.54 348.53 134.30 410.14 0.293053
3 397.89 272.33 422.84 314.25 0.427433
4 704.17 53.04 728.53 75.76 0.254913
1 517.34 179.66 536.93 217.87 0.395108
4 639.57 19.18 658.42 36.33 0.255879
4 466.65 92.89 509.04 120.97 0.274788
7 380.46 171.82 415.79 201.23 0.211935
4 486.13 69.00 516.98 91.94 0.232464
4 574.36 6.43 592.69 23.83 0.221660
4 498.34 82.51 528.99 114.55 0.270283
4 404.78 131.52 428.50 157.67 0.264541
4 648.11 39.60 672.95 62.32 0.231200
4 687.65 5.03 705.51 22.05 0.209281
3 672.03 27.83 688.84 46.45 0.233671
6 254.07 263.08 295.01 367.00 0.202566
4 570.85 56.66 581.72 70.06 0.202133
7 0.25 409.19 101.47 516.84 0.218291
4 1347.36 146.40 1359.75 167.97 0.333336
3 403.11 181.56 414.80 201.97 0.203901
