4 155.86 501.43 289.89 624.26 0.529408
4 334.12 572.49 540.70 719.16 0.442734
1 343.22 462.01 374.01 521.91 0.501401
2 793.77 525.39 812.58 560.39 0.462489
2 751.23 487.08 778.14 539.10 0.462723
3 1000.99 74.84 1112.85 132.51 0.399150
2 352.91 266.88 376.55 309.59 0.230360
1 793.73 525.26 812.67 560.28 0.345977
3 121.68 340.73 146.41 384.53 0.280468
6 569.88 420.77 685.40 545.36 0.260014
2 329.35 324.47 346.12 355.89 0.206488
1 751.37 487.17 778.09 538.89 0.303643
3 426.77 397.25 461.27 432.68 0.222257
4 0.12 412.24 26.32 450.54 0.263834
