1 733.56 659.81 756.62 716.15 0.573685
1 1131.94 508.80 1147.88 544.77 0.274020
7 882.80 473.07 918.24 503.80 0.278784
4 497.23 350.01 512.87 360.64 0.309125
4 212.77 390.54 231.96 408.58 0.301556
4 17.60 383.64 36.70 396.19 0.317427
2 952.88 470.82 1127.43 536.63 0.308030
7 1270.73 467.11 1304.01 485.41 0.287554
4 1151.21 341.77 1181.63 354.14 0.221792
4 854.27 353.14 870.15 362.55 0.298754
7 1181.04 517.77 1223.45 553.50 0.265129
4 587.39 339.88 599.83 349.51 0.262919
4 676.82 348.53 690.26 357.66 0.253025
7 953.44 510.48 983.55 534.18 0.243269
6 175.76 283.89 192.27 291.60 0.204284
7 226.44 474.17 249.43 495.18 0.282928
10 1198.92 610.75 1253.18 655.13 0.275415
6 830.50 384.02 851.99 397.67 0.252761
3 1104.63 485.17 1127.19 507.77 0.237092
4 829.13 350.10 842.80 359.87 0.233620
4 1151.27 345.94 1166.58 354.23 0.205713
1 232.96 465.22 247.29 489.00 0.210471
6 853.57 382.15 871.57 395.76 0.215997
