4 309.95 269.12 376.93 321.36 0.454630
4 1019.77 654.16 1085.54 714.01 0.445658
4 1027.15 235.18 1091.81 292.69 0.445637
4 287.94 626.17 350.00 689.61 0.375407
4 113.32 508.24 165.33 579.10 0.384303
4 140.63 233.19 194.30 296.04 0.408243
4 1117.19 376.73 1186.97 412.34 0.456685
4 1031.88 153.22 1084.52 208.12 0.387470
4 977.49 113.12 1041.81 173.92 0.390655
4 1093.37 575.80 1158.95 630.74 0.449384
4 1309.83 540.25 1358.23 613.75 0.368938
4 299.52 80.28 362.59 140.18 0.362268
4 1142.14 522.03 1198.84 587.79 0.397127
4 935.34 82.81 1000.69 141.54 0.362942
4 1002.34 707.54 1072.07 755.56 0.419078
6 1048.42 582.54 1190.06 707.14 0.289656
4 248.73 295.23 270.70 312.25 0.334550
4 923.77 566.06 974.37 622.67 0.363196
4 252.95 597.92 312.42 661.74 0.385179
4 272.99 107.93 331.04 174.53 0.304237
4 1146.70 447.03 1216.23 486.30 0.423807
4 185.37 180.38 242.71 232.39 0.359717
4 912.32 57.82 969.67 115.00 0.300801
4 344.82 719.74 414.22 763.98 0.336298
4 434.78 258.27 466.98 289.95 0.292642
2 774.69 87.53 793.41 109.13 0.301485
4 936.81 174.95 1014.78 233.25 0.333814
4 1154.52 212.46 1194.32 283.02 0.335045
4 1270.09 546.78 1305.19 608.35 0.405885
4 1203.93 222.56 1243.50 290.78 0.268177
4 353.70 32.23 413.67 91.59 0.259249
2 798.76 56.48 816.96 80.09 0.292100
4 325.04 670.48 390.63 730.94 0.360902
4 412.98 43.31 435.80 62.25 0.254724
4 904.75 258.74 940.66 291.15 0.332071
4 360.36 231.10 379.88 246.97 0.271585
4 1256.55 224.16 1290.66 260.03 0.261100
4 88.48 225.29 135.98 291.45 0.316509
4 324.07 53.10 387.23 113.58 0.264492
4 210.44 151.98 268.80 210.08 0.276381
4 1122.07 155.22 1150.46 178.32 0.238420
4 898.31 15.88 958.98 74.14 0.227979
4 1158.12 347.88 1187.15 363.55 0.242631
4 1249.49 223.72 1291.17 298.29 0.219268
4 973.64 738.50 1039.34 764.32 0.301968
2 506.68 72.38 519.63 96.17 0.290553
2 523.94 70.80 534.15 92.28 0.307610
4 919.26 258.43 940.34 279.19 0.202630
4 797.79 258.82 830.11 290.57 0.242379
4 1253.77 127.40 1292.28 157.17 0.200230
4 1055.90 94.95 1084.56 117.33 0.226814
4 878.25 0.12 931.55 36.50 0.203561
4 1336.51 242.65 1359.30 306.73 0.269508
