5 0.09 259.88 45.22 334.56 0.522120
4 547.09 344.77 640.44 387.55 0.537683
4 292.13 462.03 357.52 529.42 0.540902
4 1217.26 296.32 1277.87 329.01 0.580941
4 1077.74 316.14 1152.62 357.36 0.519813
4 976.51 742.02 1068.03 764.40 0.447429
5 1020.08 258.10 1081.19 290.43 0.505333
4 229.08 356.73 273.37 405.05 0.496858
4 541.24 387.40 602.20 431.05 0.530920
4 207.48 307.39 248.53 344.68 0.440377
4 691.48 619.83 815.61 725.47 0.462948
4 5.34 196.90 31.38 223.01 0.460914
4 235.81 257.98 273.82 291.34 0.395527
3 837.06 383.49 858.09 409.05 0.423640
4 175.96 250.70 211.68 280.54 0.381557
4 1089.70 251.11 1152.79 279.84 0.475185
4 204.16 223.77 239.99 249.72 0.338344
4 719.29 267.10 792.33 297.96 0.331531
3 664.18 296.11 710.19 339.40 0.239166
1 1144.82 722.62 1174.40 763.73 0.330887
1 84.00 412.17 108.44 448.83 0.352624
4 157.13 107.43 173.75 124.75 0.331362
6 1015.35 232.16 1054.41 261.38 0.252344
3 1106.45 713.27 1153.27 754.67 0.334014
3 955.51 286.50 977.12 304.21 0.273653
4 509.18 240.53 542.80 267.42 0.324065
4 561.11 246.37 618.51 273.70 0.305302
4 5.95 108.60 25.26 124.94 0.312443
3 664.47 297.61 687.28 320.65 0.300820
3 864.01 371.43 894.71 397.96 0.386950
4 527.68 175.20 559.20 193.59 0.287230
2 399.80 294.93 421.10 328.67 0.203685
4 299.87 316.22 338.44 340.66 0.315136
2 784.78 297.16 815.76 358.20 0.223280
4 106.60 135.72 127.77 154.42 0.272810
1 792.18 315.70 809.27 357.98 0.263670
4 154.85 213.10 187.62 244.52 0.279016
3 400.44 307.65 420.52 329.13 0.234016
1 894.07 299.04 907.06 326.68 0.239054
1 51.82 292.48 65.73 326.99 0.258495
4 100.87 66.88 112.56 76.46 0.255092
9 523.90 191.71 590.05 237.86 0.256425
4 281.90 299.11 330.64 331.48 0.291321
4 274.32 158.44 287.31 171.67 0.261935
4 79.49 68.72 92.30 78.96 0.268746
6 177.67 177.66 227.77 218.32 0.215765
3 918.42 345.48 945.27 370.09 0.213685
4 145.47 191.53 176.72 219.90 0.241295
3 143.31 257.23 155.41 274.95 0.232028
3 787.33 334.42 811.72 359.55 0.237161
4 954.35 266.69 995.40 287.95 0.239942
4 557.02 172.76 587.86 194.10 0.220821
3 87.27 429.34 108.48 449.56 0.314870
4 85.95 52.95 97.43 62.85 0.243858
1 837.99 369.42 856.64 401.40 0.250529
1 1129.73 708.93 1158.82 751.96 0.286799
4 627.43 257.81 666.91 287.42 0.225650
1 869.39 358.82 893.27 392.37 0.214363
4 479.40 231.51 512.28 254.57 0.228942
4 692.95 264.08 718.24 291.40 0.208294
4 118.73 154.64 137.21 173.91 0.231094
4 1257.79 248.75 1313.93 275.82 0.255079
4 1097.22 196.44 1142.93 217.05 0.282632
4 445.00 208.63 468.61 232.64 0.237112
4 158.02 171.49 185.77 197.01 0.208227
4 766.60 294.22 817.17 323.90 0.201055
3 894.37 310.55 906.09 327.01 0.225754
1 926.55 338.76 942.89 362.94 0.213938
