3 133.38 857.01 162.53 912.76 0.613894
9 914.58 421.01 1066.01 536.42 0.509998
3 143.19 763.09 168.50 813.95 0.569394
6 487.27 738.78 656.86 1079.02 0.456586
9 810.34 370.45 948.06 475.49 0.501847
6 1175.94 845.14 1586.79 1079.38 0.457025
9 710.42 382.39 841.23 495.43 0.459013
3 1288.17 616.76 1320.25 651.14 0.400131
4 709.44 721.83 806.06 827.69 0.516475
3 1215.68 553.39 1242.58 583.95 0.364019
4 1571.49 988.23 1775.56 1079.41 0.469761
7 1537.26 667.46 1597.55 714.52 0.387050
5 1071.79 801.61 1206.97 914.03 0.486948
4 62.91 499.07 132.25 545.92 0.432245
3 86.24 629.97 100.94 657.34 0.446534
4 991.96 714.56 1113.65 807.38 0.426673
3 149.38 497.80 170.47 530.01 0.374491
3 1390.48 601.20 1424.04 638.44 0.370085
4 1101.65 443.63 1159.61 484.39 0.399992
3 136.51 698.20 161.74 740.74 0.441680
1 84.63 732.01 110.19 792.87 0.391274
4 1040.31 664.61 1172.34 754.82 0.405656
4 208.70 392.18 252.26 435.97 0.387593
1 1562.55 736.55 1587.86 810.59 0.360282
4 407.78 791.29 491.69 909.71 0.421575
4 1398.26 577.07 1499.29 634.86 0.387635
4 334.44 199.61 356.81 216.01 0.346031
4 851.96 460.86 914.50 502.42 0.362293
4 910.06 639.64 1008.93 710.19 0.402098
4 1284.09 762.25 1429.11 857.96 0.441792
1 1810.16 724.24 1838.88 800.33 0.313798
4 841.57 579.61 930.65 640.72 0.398953
1 130.00 827.37 164.29 903.58 0.335797
4 950.25 585.29 1053.78 661.40 0.344463
4 370.27 207.85 395.14 223.72 0.334518
3 1296.78 552.50 1321.70 581.32 0.318843
1 79.69 603.91 101.85 654.59 0.352161
4 746.97 497.97 813.00 542.18 0.355328
4 392.27 220.82 414.37 238.55 0.329029
4 434.86 274.24 463.70 297.10 0.307898
4 883.70 539.30 966.38 590.33 0.379095
4 1138.14 757.45 1273.49 852.54 0.394235
3 1672.30 798.13 1729.22 851.71 0.431256
4 825.40 494.82 896.41 540.10 0.369202
4 1320.19 870.86 1456.60 980.84 0.361286
4 807.89 317.27 830.96 334.80 0.273556
4 623.70 397.23 672.94 432.43 0.308798
4 791.49 533.28 862.25 584.38 0.355575
4 657.54 428.25 712.87 466.00 0.336581
4 1149.69 674.53 1259.12 746.96 0.392204
2 1563.14 753.69 1588.54 810.17 0.247816
4 44.78 394.63 102.11 454.97 0.317120
4 1149.90 472.84 1228.65 515.25 0.282602
4 701.24 454.95 763.58 497.25 0.335054
4 458.98 291.19 491.40 314.89 0.270615
2 1780.60 746.86 1808.24 814.16 0.320935
1 161.75 1041.76 192.91 1079.12 0.316134
9 692.49 315.32 778.99 385.07 0.441142
4 583.62 371.52 629.44 404.25 0.290140
1 93.81 409.87 110.21 448.86 0.267017
3 1722.34 799.30 1752.41 834.34 0.319359
4 973.84 541.77 1069.02 603.55 0.315717
4 836.57 435.10 864.07 472.47 0.298145
4 1194.44 636.06 1319.16 709.39 0.330051
4 507.17 318.80 544.10 346.98 0.258503
4 503.51 268.05 532.10 291.82 0.237046
1 141.58 737.32 168.98 809.66 0.327683
4 926.93 504.07 997.48 551.49 0.342766
3 1356.50 555.45 1387.10 584.54 0.293228
4 486.20 304.05 518.27 329.83 0.228516
4 1062.36 601.12 1172.10 673.07 0.317882
2 1709.35 749.79 1734.70 797.01 0.242066
4 555.57 350.55 598.33 383.68 0.275631
1 134.59 671.01 162.64 728.66 0.337404
4 474.56 277.48 508.36 298.58 0.245478
4 1004.21 143.73 1036.65 157.73 0.258271
4 652.56 350.24 699.92 379.28 0.271430
1 173.48 684.09 195.45 722.07 0.277060
2 1308.68 540.36 1324.69 578.31 0.232044
4 526.32 335.42 566.80 361.65 0.247911
4 296.97 223.31 319.72 241.90 0.214853
2 146.94 379.19 161.35 415.47 0.225461
4 1330.49 573.94 1368.32 610.87 0.233056
4 575.75 285.28 608.28 307.16 0.236766
2 1686.17 785.50 1725.03 833.44 0.230700
4 515.18 261.91 539.34 282.91 0.253549
4 610.92 354.36 652.65 383.19 0.255866
6 0.28 295.59 68.96 550.65 0.200054
4 582.70 338.64 619.82 364.20 0.249436
4 327.61 179.56 344.42 194.59 0.259095
4 696.24 371.29 735.58 399.87 0.204804
2 148.15 483.00 163.33 521.95 0.232311
4 555.45 320.31 593.10 344.94 0.240453
4 765.97 377.28 814.00 412.85 0.218110
4 262.01 168.79 277.53 183.26 0.250107
4 558.18 298.31 594.65 321.08 0.203855
2 172.90 683.91 197.22 729.91 0.214464
4 362.97 477.50 397.27 514.15 0.295539
4 512.38 299.02 546.89 320.33 0.212782
3 173.41 707.35 209.46 739.09 0.254803
4 639.66 375.75 689.17 403.02 0.255626
4 1185.80 484.37 1228.67 514.72 0.228927
4 293.72 174.79 316.00 195.39 0.248917
2 1734.76 744.18 1756.71 782.17 0.260614
2 1303.84 598.95 1319.73 641.07 0.239728
1 180.66 509.47 196.97 552.85 0.264809
3 336.56 774.75 372.44 833.74 0.283376
3 182.43 525.84 195.00 555.09 0.238536
3 140.15 251.31 151.27 272.84 0.227735
2 1226.53 537.09 1243.63 579.15 0.223584
4 624.85 334.24 663.12 358.35 0.206494
2 1722.47 771.42 1751.16 832.89 0.227862
2 1333.77 615.64 1353.86 652.52 0.211825
4 199.67 178.33 216.97 192.57 0.205336
2 1563.90 661.55 1579.79 687.90 0.201110
3 86.45 753.36 109.16 792.03 0.201552
3 1692.13 787.30 1752.57 833.33 0.236135
3 147.29 393.37 160.70 416.27 0.279424
3 1371.66 563.66 1387.49 583.98 0.243963
3 1616.62 646.55 1656.59 681.52 0.217206
2 340.80 754.47 372.52 803.46 0.216497
