5 362.14 383.20 433.24 486.39 0.581369
6 962.92 101.17 1042.90 157.69 0.552792
4 928.47 479.43 1037.09 585.26 0.507744
4 718.19 272.07 808.27 336.34 0.503211
4 201.92 127.01 255.79 161.07 0.500080
4 716.76 331.14 786.62 399.64 0.494482
1 702.73 251.72 718.02 292.00 0.383265
1 957.58 322.71 973.41 362.86 0.425906
4 166.49 189.76 211.15 226.65 0.447531
1 1115.50 449.10 1148.47 501.67 0.444504
3 454.88 218.07 469.61 245.81 0.441550
3 762.57 252.00 792.52 278.17 0.383961
3 523.53 330.25 543.21 366.48 0.469043
1 1128.05 538.86 1151.18 594.79 0.483047
4 302.70 479.24 390.11 560.94 0.484447
6 408.38 574.03 473.20 686.20 0.387894
1 1023.10 459.66 1044.14 509.85 0.430136
4 802.87 464.66 891.37 562.74 0.425669
4 555.87 0.02 572.08 11.19 0.336034
4 479.92 120.15 514.04 154.14 0.349405
3 319.56 399.49 339.44 424.25 0.349403
1 816.36 624.02 855.70 692.60 0.466057
4 614.99 65.95 639.04 90.56 0.326134
2 628.67 139.67 642.53 168.04 0.351183
4 888.04 133.57 922.99 156.06 0.391300
2 1032.58 360.41 1049.75 404.75 0.413307
3 1153.96 419.62 1201.52 458.92 0.398124
4 513.60 102.40 543.10 133.88 0.314259
4 178.12 201.49 212.85 239.15 0.363107
2 467.04 126.87 477.28 156.61 0.342184
4 693.37 85.33 724.00 103.91 0.299556
3 292.44 110.09 311.89 129.91 0.336507
2 1011.79 240.73 1029.27 278.47 0.303677
3 1023.87 613.56 1092.20 658.92 0.361119
1 1138.63 463.23 1173.77 514.87 0.465422
4 512.89 73.56 539.78 101.31 0.273377
3 953.59 286.58 965.38 313.64 0.295558
3 564.52 66.51 582.88 87.50 0.259467
3 1062.44 614.10 1091.74 655.30 0.220596
2 999.44 367.89 1019.06 411.97 0.415703
2 707.32 178.23 724.17 213.31 0.231198
4 665.16 105.16 694.67 128.83 0.290104
3 629.14 150.86 642.26 169.05 0.362254
7 968.81 259.20 1005.57 298.71 0.209409
2 319.75 387.52 338.92 421.98 0.267761
4 672.68 36.91 686.52 54.85 0.266456
3 596.88 66.06 607.74 83.28 0.293964
4 312.97 328.69 425.67 386.84 0.317447
3 998.91 382.26 1017.47 413.27 0.338644
1 56.81 665.21 95.39 735.37 0.262903
7 907.39 345.10 942.09 379.44 0.260083
2 750.64 177.18 761.45 202.97 0.266493
4 535.84 22.62 543.06 40.25 0.206235
2 724.68 177.76 737.15 214.15 0.271968
7 828.61 345.84 877.21 377.62 0.245161
2 766.37 237.58 782.67 269.95 0.256600
1 454.19 208.20 468.47 238.78 0.325252
2 250.05 134.22 263.33 162.03 0.291774
4 644.46 59.41 674.05 82.63 0.251424
3 703.05 269.94 716.73 292.75 0.320539
4 702.91 66.47 716.86 80.84 0.235730
3 985.33 299.11 1029.65 333.70 0.293242
2 596.99 59.74 607.48 82.86 0.227332
4 631.40 42.86 654.75 62.51 0.230583
4 487.61 60.78 518.50 86.63 0.226290
4 1031.85 116.19 1045.85 141.19 0.210277
4 652.73 95.20 679.14 113.28 0.202236
3 1042.57 275.29 1064.73 312.20 0.211291
2 523.09 313.74 542.73 349.95 0.247158
3 61.08 687.97 91.18 735.21 0.249544
4 622.52 0.00 637.08 7.40 0.274377
9 285.32 301.90 426.50 386.80 0.204324
3 821.02 631.81 854.30 699.95 0.401222
