2 840.72 198.79 870.19 243.25 0.462444
2 632.06 146.33 647.11 189.30 0.408891
2 485.09 96.99 499.33 130.50 0.408117
2 203.54 338.21 230.55 387.52 0.522470
2 458.69 162.34 470.46 199.62 0.439967
2 436.31 173.51 451.17 212.57 0.430511
3 363.46 59.68 396.79 89.21 0.358542
1 203.50 338.07 230.67 387.47 0.222688
2 259.30 84.85 274.41 121.44 0.388757
2 655.71 72.08 672.30 107.45 0.388382
2 263.61 235.37 280.53 276.75 0.425558
2 382.48 285.20 401.34 334.89 0.460658
2 296.50 226.98 313.41 272.62 0.424783
2 499.20 61.29 509.50 93.75 0.379460
2 383.23 131.42 397.70 173.17 0.447784
2 447.36 247.94 466.79 296.86 0.418667
2 520.68 304.88 544.20 354.24 0.435246
2 306.65 151.81 323.04 193.14 0.383838
2 666.75 227.83 703.03 270.63 0.372930
2 923.13 251.76 957.46 303.13 0.447585
2 507.03 215.92 522.94 254.75 0.422740
2 326.94 301.97 347.36 350.88 0.424975
2 353.05 212.52 369.77 256.72 0.429785
2 689.35 413.34 712.98 463.47 0.454272
2 735.26 194.62 757.38 236.22 0.370168
2 760.92 209.97 784.81 254.55 0.378039
2 604.89 156.16 621.63 200.75 0.379499
2 319.60 35.61 331.88 70.81 0.356696
2 537.30 129.35 552.47 168.59 0.356316
2 621.78 245.65 643.29 294.05 0.346366
2 166.92 54.29 185.25 84.14 0.325994
2 804.11 20.51 818.23 46.74 0.389438
2 104.50 74.05 125.41 111.83 0.358521
2 688.72 33.18 699.20 55.87 0.327460
2 8.42 1.13 956.52 533.08 0.206525
2 715.56 39.20 727.92 67.90 0.325789
2 185.53 35.90 201.60 70.56 0.295118
2 557.61 42.35 568.18 70.31 0.310215
2 600.47 19.36 612.27 41.74 0.267856
2 85.12 210.63 111.35 256.49 0.294408
2 122.70 160.89 150.26 207.45 0.335181
2 392.52 27.27 402.94 55.47 0.289182
2 553.81 124.24 565.06 160.37 0.271870
2 637.86 240.08 658.08 284.92 0.265115
2 562.33 115.47 572.32 149.64 0.289453
2 769.46 422.43 804.49 480.69 0.350034
2 779.54 201.23 801.06 240.41 0.298852
2 251.54 22.84 264.95 51.08 0.217246
2 273.35 44.77 282.58 73.10 0.208993
2 654.74 204.29 673.73 244.84 0.237217
2 119.12 33.63 135.39 63.37 0.218412
2 333.52 79.81 358.84 95.89 0.203492
2 306.37 74.25 316.24 101.10 0.214669
1 689.43 413.20 713.17 463.53 0.216562
2 93.53 51.70 107.63 76.76 0.255474
