6 91.10 263.41 205.39 334.90 0.492888
4 370.82 589.67 452.70 729.55 0.520885
4 0.10 409.73 65.71 500.68 0.520782
4 644.40 391.26 702.99 461.27 0.522850
1 509.44 259.89 529.83 294.29 0.435927
4 546.16 122.14 578.20 157.46 0.363508
1 876.39 438.80 894.81 491.43 0.419027
4 688.55 677.54 782.40 764.48 0.482680
3 1115.01 471.36 1159.75 500.68 0.419938
4 635.19 19.86 657.51 40.99 0.405213
4 661.04 514.66 738.28 624.17 0.482797
4 180.36 413.75 231.03 482.19 0.445980
4 721.45 467.94 798.02 557.25 0.472528
4 773.57 415.46 837.37 498.58 0.448650
1 1091.27 321.53 1109.66 359.64 0.398893
3 708.89 175.32 735.03 199.37 0.227011
1 484.16 683.29 513.98 757.39 0.362986
4 549.56 12.54 569.95 32.66 0.341691
4 521.31 7.53 541.28 26.56 0.355317
1 1147.76 302.91 1166.65 337.83 0.397343
4 124.61 543.94 298.50 631.90 0.379724
3 890.19 354.64 929.85 383.88 0.403717
5 137.46 263.90 205.06 311.45 0.392734
6 947.12 167.78 1005.96 208.28 0.356344
4 242.11 279.11 277.12 314.51 0.367346
3 488.44 711.33 511.49 758.77 0.471655
3 1014.00 321.22 1058.34 357.30 0.414195
3 1090.58 444.80 1120.00 476.95 0.318966
4 549.99 97.06 578.14 126.87 0.329061
3 1156.41 352.08 1184.56 382.64 0.303993
4 595.55 11.24 606.14 23.49 0.319590
4 788.21 52.24 804.74 67.50 0.352002
3 1074.81 356.89 1113.52 389.43 0.291363
3 1076.23 416.88 1109.06 449.11 0.252331
1 618.04 70.53 627.50 92.86 0.290646
1 778.07 210.52 788.37 239.78 0.263376
4 475.38 29.34 494.53 47.42 0.297298
2 750.42 214.73 762.69 241.63 0.253756
4 552.58 0.00 571.01 10.06 0.301461
1 717.43 167.83 730.83 190.20 0.266222
3 1176.41 339.53 1197.86 372.10 0.279175
4 495.53 8.96 507.65 21.05 0.246561
2 500.87 78.53 509.66 102.00 0.237670
3 1114.54 336.16 1152.47 361.45 0.280021
3 1116.65 383.15 1156.15 413.83 0.248093
2 757.90 201.96 769.51 231.90 0.249133
4 623.56 8.02 630.90 21.55 0.201823
2 511.66 51.35 519.36 73.26 0.221243
4 689.56 93.58 705.44 110.82 0.218467
4 140.59 33.97 166.78 52.89 0.216394
3 1098.10 361.84 1113.62 389.08 0.249646
3 1062.52 401.36 1121.62 448.65 0.201580
3 1136.52 381.64 1172.05 412.98 0.212449
3 1194.64 336.27 1228.22 359.60 0.242300
2 530.42 56.75 538.74 78.38 0.234744
3 1139.30 336.78 1152.57 361.52 0.227553
2 509.42 78.14 517.76 102.54 0.210826
4 1197.48 172.07 1274.89 204.08 0.219875
4 529.08 0.31 547.59 4.27 0.214571
7 698.77 171.55 735.45 199.86 0.213020
