4 799.07 476.83 1040.98 590.66 0.543738
4 826.42 586.59 1071.07 714.30 0.533761
3 639.36 384.91 658.75 418.51 0.550209
4 91.59 75.39 182.95 158.42 0.534374
4 298.85 22.86 360.39 69.82 0.577570
4 788.12 390.62 1021.30 493.42 0.444810
1 634.60 352.91 661.69 414.83 0.518287
4 812.03 205.06 883.24 294.37 0.461641
1 536.20 187.44 555.61 239.00 0.434230
4 552.94 43.19 590.72 94.72 0.457084
4 877.68 714.56 1088.83 764.39 0.310205
2 570.36 353.10 596.32 402.07 0.465895
3 570.69 357.51 599.82 408.78 0.507118
4 561.40 1.27 592.37 37.13 0.420480
1 872.68 209.43 893.42 265.32 0.323398
3 94.03 32.35 123.12 65.61 0.279680
3 1205.03 694.99 1276.71 764.37 0.251392
2 1231.62 719.09 1271.90 761.99 0.241354
4 85.80 722.30 200.44 764.10 0.270248
6 1121.66 191.40 1359.39 764.30 0.333627
1 570.71 353.14 595.09 400.35 0.219182
3 875.53 236.54 890.34 267.01 0.203764
