9 415.19 183.27 464.88 243.05 0.557768
1 623.80 380.09 637.58 402.89 0.570017
3 623.42 390.62 637.62 406.21 0.466971
4 373.04 132.21 385.45 142.48 0.476054
5 499.66 301.71 552.90 356.60 0.421838
7 714.06 166.91 726.81 181.00 0.246605
5 332.72 96.94 349.42 119.64 0.383925
1 804.29 399.30 816.79 424.97 0.363371
4 351.50 96.95 363.15 110.94 0.317108
4 350.51 137.09 362.71 147.81 0.473600
1 942.74 485.66 954.66 508.89 0.280104
3 804.13 409.33 819.23 426.74 0.251601
4 299.70 225.43 312.72 239.60 0.317234
3 764.89 391.94 784.94 421.64 0.287086
5 323.16 84.36 337.78 101.82 0.374807
4 341.72 86.79 350.07 93.88 0.263582
4 286.28 179.46 294.68 190.98 0.245767
4 289.55 167.10 302.52 177.57 0.255930
4 281.46 127.18 291.31 136.51 0.209746
4 294.56 71.45 303.71 79.41 0.202391
4 285.91 158.34 297.88 169.42 0.209232
2 942.43 485.36 959.42 516.79 0.240015
1 765.98 391.35 783.11 417.27 0.274128
