5 983.63 386.53 1039.24 443.90 0.526444
4 1165.52 541.87 1246.66 591.78 0.566929
3 1429.27 612.69 1489.81 651.71 0.393813
9 166.31 459.08 359.85 562.75 0.605339
4 561.22 811.55 655.18 938.23 0.589097
4 874.00 477.20 920.52 519.20 0.513755
4 950.45 470.09 994.98 506.63 0.505394
3 1826.46 805.74 1919.62 860.98 0.374177
4 746.40 751.19 827.06 858.69 0.567294
1 1865.49 799.02 1906.32 847.10 0.491207
4 1034.28 500.75 1086.59 549.53 0.494976
4 829.11 433.99 864.16 468.08 0.478768
4 904.27 419.11 941.90 450.38 0.462225
4 823.94 381.69 855.18 410.40 0.461535
4 599.14 614.32 695.43 686.75 0.498904
4 766.15 441.00 806.41 485.77 0.465149
4 1010.32 676.26 1144.55 756.37 0.565001
6 805.82 272.21 840.35 310.44 0.350483
4 709.33 301.89 731.09 320.11 0.453215
1 1446.35 596.17 1469.81 632.64 0.453192
1 338.99 1006.38 380.49 1078.58 0.453867
4 891.52 343.54 917.70 365.02 0.431486
4 878.11 367.30 907.94 392.64 0.427590
4 679.42 283.70 696.98 298.19 0.405352
4 734.28 277.89 755.57 293.00 0.361184
3 571.43 570.79 616.93 608.75 0.348476
4 752.75 268.77 769.94 283.33 0.334451
4 583.57 520.50 626.04 535.69 0.355464
6 767.66 301.66 813.16 346.22 0.351504
3 341.55 1054.56 372.56 1078.86 0.205277
1 1059.07 397.82 1073.80 436.59 0.360999
1 585.38 564.51 607.53 599.71 0.420100
4 700.42 269.12 718.52 281.61 0.334457
1 1208.39 486.56 1224.02 520.02 0.293435
4 780.12 318.74 814.06 355.18 0.302385
6 504.24 307.06 542.64 343.27 0.278404
3 1059.29 414.47 1072.24 437.91 0.328506
4 388.81 480.33 446.45 502.60 0.378784
4 792.79 300.50 820.70 324.25 0.262987
4 251.11 322.51 284.14 354.06 0.303231
1 271.92 318.04 285.03 350.66 0.219152
6 675.65 227.29 747.14 274.44 0.202297
4 31.63 439.74 65.46 474.99 0.251366
9 303.54 357.34 333.68 378.98 0.224967
4 118.64 454.56 161.93 492.78 0.290961
9 1129.24 208.56 1206.35 223.90 0.268483
4 642.70 260.94 657.68 270.69 0.276650
4 268.37 425.39 327.73 457.74 0.412334
4 724.61 263.40 744.57 276.34 0.237605
4 1250.29 259.19 1281.03 279.50 0.208783
9 1248.81 256.42 1650.87 402.49 0.216155
2 1434.93 611.44 1459.36 640.22 0.243273
3 342.81 1030.65 384.23 1078.70 0.331906
6 250.69 319.13 297.90 354.40 0.238324
4 679.65 262.25 695.19 272.56 0.215657
3 1205.33 497.49 1222.38 526.55 0.213975
