4 926.47 676.19 1106.70 763.41 0.528350
4 422.70 732.29 506.40 764.14 0.519815
1 276.07 368.92 296.75 416.70 0.411673
7 467.43 365.30 528.85 430.07 0.406140
4 779.98 403.56 866.12 484.43 0.409725
3 590.06 289.48 604.75 315.19 0.496564
4 637.88 88.06 676.13 129.99 0.401189
1 319.21 370.83 340.57 419.18 0.407957
1 681.88 265.82 696.36 299.21 0.387448
1 588.60 272.95 605.35 309.89 0.395760
1 587.46 119.25 598.19 148.90 0.315427
4 781.94 296.53 829.58 351.00 0.425947
4 732.65 24.85 764.35 53.33 0.367247
4 628.80 15.98 655.02 49.69 0.397562
4 484.08 545.09 535.27 630.50 0.335583
4 737.52 78.25 777.26 117.30 0.384303
3 584.51 369.64 606.43 402.27 0.375335
3 1269.98 679.74 1299.75 709.06 0.259744
4 703.45 39.63 742.83 73.16 0.374059
1 585.28 355.49 603.74 399.33 0.367412
4 542.72 87.11 576.50 112.88 0.345074
4 509.38 100.19 535.72 126.09 0.300925
3 220.69 654.94 258.40 694.15 0.368346
4 727.12 126.72 801.54 187.83 0.291340
4 1039.73 584.84 1103.91 640.99 0.326952
3 189.16 417.17 220.31 439.05 0.237122
2 594.62 121.07 606.40 154.08 0.311311
2 1146.61 306.79 1177.11 391.07 0.216492
2 271.79 287.85 291.11 335.60 0.228401
4 548.11 24.80 575.60 49.94 0.302364
5 541.98 48.32 580.11 112.40 0.299641
5 821.59 464.24 895.95 644.47 0.237413
4 1313.27 708.17 1358.57 743.80 0.232985
2 1071.78 224.11 1087.31 264.96 0.217713
4 1297.00 675.36 1334.12 709.90 0.212678
4 1329.54 738.25 1359.55 764.14 0.243314
2 587.90 356.63 603.13 380.31 0.213985
2 820.35 352.86 847.89 409.20 0.200505
2 600.25 5.56 609.03 29.67 0.230433
4 821.84 501.90 888.01 614.61 0.215246
4 670.81 31.42 697.52 67.64 0.250409
3 593.62 131.21 606.63 154.83 0.245405
