4 115.31 55.01 154.49 104.13 0.407300
4 622.61 141.77 665.31 176.70 0.341355
4 102.11 679.38 133.70 721.20 0.390215
7 288.52 182.28 353.88 265.97 0.240906
4 878.65 416.22 954.69 502.65 0.303428
6 884.94 416.36 1019.89 543.49 0.297253
4 537.87 53.11 572.63 88.82 0.309763
4 356.91 16.09 387.74 53.13 0.272057
4 568.36 79.64 608.42 119.02 0.324973
4 584.45 97.06 624.87 137.22 0.310736
4 338.25 2.78 376.91 43.96 0.321252
4 623.94 168.41 662.70 198.80 0.283476
4 142.26 39.84 184.28 64.61 0.274130
4 554.87 66.09 592.95 106.12 0.283676
4 527.03 38.10 559.43 73.60 0.290103
4 858.64 301.32 889.64 330.83 0.203781
4 418.08 693.46 507.09 764.07 0.218074
6 369.37 55.84 471.51 189.70 0.215342
6 185.00 353.65 328.96 513.07 0.284436
6 305.43 572.20 484.21 749.33 0.219843
4 599.31 112.75 639.17 151.80 0.321426
6 972.27 542.56 1052.31 626.48 0.225181
4 219.27 339.33 266.17 377.57 0.201815
5 895.67 424.64 993.36 522.20 0.204006
6 397.02 654.02 542.56 764.32 0.202568
4 1112.56 668.99 1165.63 733.42 0.248797
5 773.67 292.66 832.80 353.13 0.248081
