4 674.09 46.50 757.30 95.04 0.638369
4 1279.14 357.31 1359.74 460.00 0.609959
3 534.09 398.86 572.89 450.65 0.605317
4 1148.13 182.63 1232.18 246.53 0.551519
5 474.63 276.38 544.85 400.68 0.458858
6 959.70 6.24 1034.33 96.52 0.479116
4 1194.44 248.13 1294.46 334.71 0.519332
4 1044.47 167.27 1118.26 243.78 0.468535
1 550.94 299.91 570.24 348.44 0.420819
1 670.14 480.43 690.88 535.01 0.422068
1 372.42 576.21 405.00 610.22 0.424660
1 959.75 195.75 977.83 241.61 0.399092
1 816.40 388.63 833.92 443.23 0.381772
1 671.27 652.67 696.54 712.47 0.457042
7 807.26 287.05 874.27 355.85 0.254948
2 679.53 429.21 703.53 485.23 0.385044
2 585.63 430.48 612.74 463.71 0.340925
2 481.75 436.14 500.61 480.33 0.350307
7 737.32 550.55 777.24 646.03 0.349362
2 465.75 174.89 485.44 220.31 0.355424
7 630.16 243.24 667.06 307.23 0.337706
2 495.98 426.44 518.23 482.79 0.375452
2 522.44 267.12 540.31 299.67 0.338667
1 572.82 532.08 606.96 562.00 0.347521
3 740.74 599.33 772.56 646.26 0.334177
7 584.77 182.36 634.66 236.15 0.305599
3 644.79 211.06 660.08 236.47 0.328147
7 832.59 346.80 891.48 440.32 0.251430
2 776.65 363.89 792.75 402.69 0.357566
2 741.12 571.62 775.06 610.48 0.339277
2 755.17 350.51 776.68 402.78 0.337114
7 544.66 554.72 604.93 638.91 0.262874
2 757.95 170.87 776.15 214.49 0.304505
2 331.62 83.02 348.81 121.42 0.330669
2 781.47 166.33 794.82 208.32 0.364032
1 502.51 178.44 513.41 206.46 0.351635
2 536.12 747.27 560.70 764.58 0.356194
2 734.38 189.55 753.44 232.56 0.277197
3 737.73 201.60 758.07 236.46 0.367863
2 665.87 218.01 686.33 263.43 0.294202
2 821.98 539.26 851.71 572.55 0.309968
2 698.41 448.48 713.83 482.29 0.314896
7 615.28 407.86 662.53 485.44 0.225836
6 230.34 63.00 335.68 129.34 0.237132
7 852.95 387.12 890.10 440.56 0.200858
6 859.52 571.49 962.46 764.32 0.339408
7 751.66 228.13 776.52 268.63 0.254453
5 787.43 209.71 844.63 283.33 0.281216
2 591.21 195.69 608.61 236.30 0.245105
2 827.57 479.51 848.03 542.40 0.251659
2 654.94 201.17 670.60 244.79 0.245724
2 604.34 332.87 626.60 381.08 0.279151
2 772.71 278.91 792.00 317.46 0.258199
2 858.49 448.74 877.15 483.01 0.247402
3 454.20 191.78 477.31 225.49 0.276739
2 605.27 239.51 617.68 270.31 0.253219
3 754.36 366.08 775.27 399.64 0.236524
7 780.05 312.85 811.25 354.08 0.205948
3 869.05 407.36 887.46 441.75 0.267212
7 839.75 537.67 875.51 653.76 0.218531
3 757.83 198.86 771.48 215.78 0.236921
3 586.29 441.91 602.42 464.29 0.205659
2 617.50 245.14 633.99 285.77 0.205691
2 595.74 303.82 614.22 348.20 0.264193
3 677.68 236.85 688.60 263.12 0.218668
3 1338.47 125.81 1359.78 158.16 0.229336
