5 999.39 546.65 1162.94 764.47 0.617769
4 1104.75 393.89 1302.80 488.28 0.541260
4 1208.10 466.18 1359.51 575.55 0.548232
4 529.01 168.40 578.48 216.02 0.475068
4 1.35 381.31 218.84 480.36 0.505496
4 400.10 205.54 472.75 270.19 0.573127
2 277.85 421.84 316.69 484.53 0.459851
3 508.94 198.85 525.51 228.42 0.530665
3 447.99 256.39 468.83 292.38 0.502668
1 268.58 658.85 332.14 750.06 0.487318
4 533.26 127.02 578.62 171.15 0.452454
7 710.40 501.93 755.12 570.64 0.420723
1 1196.61 546.27 1239.08 618.22 0.412280
7 316.85 684.20 381.20 753.14 0.328401
2 711.22 482.96 747.60 555.25 0.358352
7 491.29 110.32 515.35 149.68 0.423592
4 873.72 208.67 930.94 258.96 0.475702
1 899.61 542.22 938.26 591.40 0.425836
7 805.52 272.61 886.91 327.72 0.207414
1 926.95 182.09 946.89 224.23 0.371019
2 844.71 272.13 869.93 315.85 0.343169
3 256.50 443.07 339.17 490.75 0.373638
3 440.33 470.54 527.31 526.05 0.419505
2 685.17 490.12 713.01 560.25 0.391421
4 733.48 115.99 756.69 145.18 0.418161
1 773.50 172.30 789.55 214.23 0.340913
2 794.87 581.75 837.49 673.44 0.431689
2 507.15 180.24 525.77 224.31 0.342535
7 892.83 581.15 968.86 685.07 0.327207
4 420.09 69.33 463.81 97.41 0.334344
2 462.54 451.41 499.28 507.71 0.342006
7 801.73 602.46 847.54 678.24 0.334799
2 449.79 433.48 473.90 482.25 0.309461
2 397.21 192.30 418.94 237.87 0.317378
2 884.64 481.02 910.97 535.27 0.305864
3 1289.53 271.21 1310.11 291.79 0.230555
4 771.49 147.96 873.13 192.45 0.340593
2 1246.23 263.88 1274.84 314.75 0.280038
7 258.77 236.26 306.20 284.02 0.284047
2 811.32 187.30 827.56 228.41 0.316849
2 827.15 235.19 848.83 289.24 0.261073
2 901.92 468.20 939.14 525.53 0.295774
3 942.96 183.01 961.76 214.76 0.304288
7 698.06 99.64 715.14 119.12 0.288240
3 816.25 254.69 843.97 289.97 0.312940
2 383.44 29.44 395.49 55.88 0.250948
4 418.33 47.08 471.63 63.60 0.229032
6 1068.61 205.73 1145.24 251.46 0.305834
2 472.22 423.85 492.39 455.92 0.282252
3 498.83 451.42 528.70 489.05 0.217933
4 470.06 36.50 485.45 49.28 0.213910
2 447.53 240.21 466.81 280.83 0.331838
3 807.79 289.58 887.14 327.77 0.334014
7 884.68 485.79 940.52 544.18 0.300997
4 735.04 87.98 753.14 105.00 0.215711
3 1048.13 232.75 1077.44 262.21 0.304511
5 861.30 178.73 906.30 209.67 0.240536
4 344.38 40.24 388.87 63.79 0.219592
4 489.19 19.68 500.38 30.88 0.217060
3 284.69 236.41 306.04 266.68 0.282954
4 418.31 53.74 470.10 79.85 0.236450
4 657.28 9.45 669.90 27.13 0.206480
3 919.09 140.69 943.14 165.89 0.227993
4 769.04 134.17 827.58 162.08 0.257631
4 764.50 121.44 783.97 141.24 0.205357
9 691.40 31.93 706.09 46.05 0.219355
4 4.89 201.90 46.64 251.35 0.222340
2 471.87 424.18 509.84 479.29 0.237886
2 1148.79 237.63 1170.38 275.28 0.218260
1 277.73 421.86 316.73 484.57 0.210897
3 397.58 208.31 418.12 238.92 0.271454
3 1248.94 285.29 1274.41 317.82 0.220324
3 0.06 576.93 20.99 619.83 0.275691
6 862.11 164.99 906.41 210.10 0.241875
