4 694.32 488.97 731.24 525.05 0.519484
4 920.12 571.43 966.89 618.26 0.538475
4 776.89 685.76 834.42 754.60 0.506218
4 378.64 509.58 429.92 553.06 0.431828
4 833.79 526.33 874.04 567.66 0.486471
4 436.40 462.46 481.91 500.41 0.427625
4 764.21 537.37 805.36 581.77 0.475974
4 302.99 578.87 371.81 644.90 0.416526
4 70.33 623.16 148.15 685.59 0.447715
4 731.65 315.16 752.76 334.55 0.403611
4 832.68 429.02 862.97 458.04 0.463094
4 876.18 322.32 896.20 341.07 0.396580
4 767.65 461.25 804.75 502.82 0.429907
4 4.92 756.89 113.79 845.14 0.417831
4 548.81 1008.28 642.90 1079.49 0.471240
4 728.53 610.05 775.93 659.59 0.503729
4 502.96 297.38 527.07 321.83 0.349320
4 356.44 418.40 395.91 450.42 0.377850
4 284.78 437.72 331.09 471.48 0.389831
4 352.16 467.37 402.11 517.06 0.360108
4 154.83 628.39 239.81 703.27 0.389203
4 183.00 702.97 263.86 780.90 0.480620
4 175.43 552.17 245.29 606.95 0.426176
4 250.23 485.50 307.93 534.84 0.401526
4 466.55 435.54 504.11 459.05 0.394039
4 806.77 270.40 823.37 285.57 0.312773
4 779.94 348.70 803.55 376.37 0.407067
4 742.49 240.60 758.32 261.24 0.271237
4 395.62 391.10 414.74 420.08 0.376192
4 770.57 293.07 790.01 311.10 0.296956
4 846.67 293.54 870.48 323.22 0.286331
4 838.85 275.95 857.47 291.30 0.311976
4 816.57 239.17 833.54 252.01 0.258280
4 816.23 220.31 830.53 233.68 0.292024
4 235.51 544.33 311.68 618.52 0.377371
4 0.06 702.80 80.41 782.78 0.365612
4 770.11 231.52 785.21 246.96 0.274092
4 557.54 327.66 586.44 352.65 0.256591
4 380.47 360.11 391.32 382.78 0.311002
4 773.19 250.74 789.30 265.36 0.268941
4 772.20 272.56 790.70 288.21 0.286496
4 738.55 177.99 750.44 193.41 0.207551
4 598.34 252.83 614.15 266.17 0.250285
4 757.97 187.42 768.98 198.14 0.204668
4 532.38 317.61 555.18 342.34 0.249256
4 911.30 304.62 922.21 323.11 0.277764
9 701.02 146.60 721.31 165.86 0.204172
4 616.86 271.69 632.90 288.49 0.222062
4 610.42 173.84 622.86 186.28 0.205861
4 628.54 192.57 643.11 202.05 0.222110
4 630.38 212.51 644.22 223.82 0.273219
4 508.21 342.37 539.89 362.36 0.279339
4 716.30 179.68 727.56 189.38 0.249847
4 602.63 283.34 623.65 305.32 0.205718
4 924.15 271.59 937.19 296.30 0.204209
4 776.72 201.55 787.89 211.08 0.229884
4 580.42 305.53 605.33 330.40 0.216161
4 751.22 201.96 763.99 212.78 0.218318
4 541.59 362.36 563.20 387.89 0.249070
4 644.29 181.10 655.02 189.21 0.208428
