4 181.71 190.08 293.67 234.99 0.515407
4 619.80 179.53 719.11 227.53 0.528463
4 429.13 35.22 468.81 69.52 0.471743
4 1223.29 227.36 1342.31 276.86 0.576591
4 796.67 188.99 906.58 238.42 0.510254
4 1163.75 112.38 1229.21 151.02 0.558431
4 222.97 266.35 350.93 325.57 0.537889
4 485.57 219.58 595.78 274.02 0.491898
1 1232.29 503.88 1258.29 556.68 0.510479
4 969.61 272.18 1089.48 322.48 0.506002
4 1008.02 233.75 1121.48 279.88 0.491365
4 384.73 209.27 492.07 264.60 0.496070
4 1133.24 55.30 1171.49 90.21 0.439841
2 665.81 627.34 699.28 706.77 0.384311
4 1303.96 103.34 1359.72 145.60 0.497873
4 512.10 678.38 604.41 764.48 0.463578
3 367.76 177.61 405.28 200.44 0.356643
2 1044.81 610.47 1078.84 668.04 0.482368
3 72.81 72.19 103.99 90.11 0.420368
2 56.50 568.26 92.06 617.27 0.402663
2 451.50 537.91 483.84 582.83 0.407865
1 1239.22 81.11 1253.83 111.60 0.375934
4 1006.80 74.79 1046.99 101.22 0.289830
4 576.39 55.78 613.82 92.23 0.461290
3 1034.03 192.59 1072.25 216.23 0.288342
2 432.60 549.03 457.87 589.04 0.396512
1 42.65 103.19 59.64 136.31 0.360938
2 1036.71 126.61 1049.14 154.25 0.362406
1 470.21 52.62 480.60 80.62 0.351776
2 253.65 85.20 272.62 117.16 0.345664
2 377.24 167.46 394.11 196.40 0.357824
4 408.04 1.55 436.99 27.68 0.334484
2 61.77 610.63 96.46 658.80 0.364674
4 1052.72 40.33 1086.06 58.88 0.332658
6 1000.81 74.90 1047.38 111.22 0.224476
4 886.27 34.11 919.48 59.92 0.398365
4 873.74 13.27 906.22 40.45 0.332567
3 1047.88 629.85 1078.35 668.80 0.302608
4 642.03 0.00 665.53 8.64 0.383062
3 959.83 42.31 984.25 61.47 0.290335
2 1027.24 125.32 1038.80 151.88 0.295198
4 857.08 0.00 881.68 9.52 0.279247
2 568.04 92.16 582.64 119.91 0.328482
3 451.79 547.01 503.10 586.68 0.394237
7 221.70 53.36 245.98 73.25 0.234144
2 1308.87 260.49 1328.66 289.10 0.319754
3 256.48 99.76 274.61 118.02 0.286263
2 999.93 81.81 1013.23 111.73 0.208336
3 115.20 75.96 143.43 93.54 0.263025
2 1052.93 184.28 1067.35 210.63 0.286413
4 1249.96 28.56 1272.46 56.08 0.223353
4 394.83 28.00 416.01 56.96 0.221367
2 265.65 43.79 276.67 63.70 0.213324
2 919.78 34.80 928.54 58.85 0.245056
3 46.50 585.00 117.02 624.61 0.321586
3 265.64 52.16 285.30 65.83 0.222367
3 566.55 102.81 583.79 122.86 0.294456
4 836.57 188.81 896.76 206.43 0.209577
4 1278.99 0.26 1300.67 19.36 0.242088
3 1000.66 93.73 1026.49 114.06 0.224812
2 139.50 64.00 150.30 85.08 0.216571
3 662.37 658.85 698.44 700.16 0.200661
3 3.36 57.01 26.41 78.96 0.235213
2 330.66 26.07 340.02 43.31 0.221910
4 0.03 231.98 14.73 273.13 0.431431
7 49.89 626.00 114.43 666.62 0.240475
