3 97.76 555.98 126.84 598.20 0.518000
4 489.36 522.08 615.62 581.11 0.469251
4 556.05 502.39 657.37 557.32 0.448256
6 408.51 364.10 620.43 456.59 0.405217
4 441.96 720.36 605.69 764.49 0.440253
4 462.68 573.71 608.70 626.86 0.444425
4 453.19 607.59 608.64 682.00 0.431783
6 439.83 297.96 632.59 378.53 0.377133
6 857.01 329.45 952.65 491.96 0.373829
4 444.07 671.50 607.11 739.15 0.430789
6 936.46 129.37 1021.74 177.93 0.339567
6 934.55 325.69 1077.27 557.73 0.350683
6 832.62 125.60 907.27 177.14 0.311520
6 1207.59 205.19 1359.57 252.28 0.301652
5 986.37 456.69 1077.27 557.04 0.341595
6 545.38 165.81 663.64 220.06 0.211681
4 1128.94 174.62 1163.46 214.41 0.261117
6 484.18 269.93 644.06 339.03 0.307349
6 1310.03 254.69 1359.49 310.69 0.210098
4 1135.22 92.46 1154.49 107.15 0.271855
6 1076.64 140.67 1165.27 170.37 0.246654
6 570.46 128.79 644.21 167.83 0.216925
4 885.73 408.54 952.68 491.28 0.307497
1 425.66 337.72 441.29 363.13 0.227473
6 600.72 132.85 626.19 164.60 0.229875
5 1220.22 728.81 1358.67 764.56 0.212270
6 684.62 120.31 906.90 179.80 0.235550
6 1105.35 149.77 1276.23 192.71 0.279941
6 801.71 124.45 841.03 175.85 0.211117
6 684.78 120.81 713.61 156.05 0.208236
6 537.73 222.67 666.50 269.66 0.228750
6 1164.18 171.63 1340.45 214.49 0.266362
