4 0.27 519.74 117.62 665.35 0.584825
4 112.41 426.08 275.01 560.47 0.585184
4 777.80 289.44 876.56 394.68 0.503692
1 1321.12 367.98 1359.58 425.88 0.524425
4 652.97 0.00 693.18 22.12 0.517447
4 522.57 252.63 599.12 362.50 0.412776
1 955.75 70.79 973.60 115.97 0.418504
3 1200.32 374.56 1264.45 419.15 0.577379
1 824.58 40.92 840.34 80.49 0.404809
1 924.85 70.71 940.80 104.85 0.339976
4 1005.35 219.17 1048.41 279.96 0.368655
4 951.41 222.94 983.63 275.32 0.329157
3 848.19 30.10 881.11 66.76 0.219014
4 386.10 285.13 410.53 314.47 0.319565
3 880.92 95.35 935.24 128.83 0.317271
3 793.66 0.00 809.92 17.43 0.207955
4 640.11 218.86 701.45 293.14 0.242430
4 1288.65 193.35 1322.70 224.23 0.201475
2 976.36 74.34 994.05 113.84 0.226685
