5 346.13 326.43 473.66 423.42 0.542512
6 119.89 446.98 270.45 575.65 0.451746
4 1072.17 87.59 1167.65 136.49 0.649019
4 1134.33 39.19 1186.66 73.52 0.566948
4 594.51 186.67 672.98 253.59 0.472254
3 998.99 673.98 1071.47 718.31 0.495777
3 375.26 387.53 432.76 439.12 0.491062
6 0.30 18.76 110.27 117.39 0.293318
7 539.71 376.49 648.70 450.85 0.335708
1 523.02 666.18 552.08 725.19 0.325369
1 876.60 670.22 906.37 727.56 0.354919
2 561.14 510.74 585.82 567.42 0.326470
7 266.28 434.09 361.99 497.98 0.297828
2 780.40 340.18 805.56 391.11 0.327783
2 24.32 563.70 61.70 629.05 0.371000
3 323.30 698.52 407.79 750.46 0.348523
7 378.41 490.03 454.47 549.12 0.300793
2 1007.43 707.08 1038.41 763.80 0.373254
1 54.96 544.93 92.69 602.04 0.387135
2 472.94 498.43 500.46 556.96 0.338232
2 620.16 518.22 639.77 584.48 0.289916
2 559.18 270.98 573.22 319.15 0.319054
7 616.47 666.03 687.77 740.17 0.304597
2 838.44 264.97 859.33 307.40 0.328581
2 209.33 615.82 240.92 674.17 0.319056
7 481.95 297.43 554.07 350.32 0.271329
2 166.81 610.70 214.05 683.45 0.243593
2 680.10 481.22 702.86 542.95 0.288046
2 120.55 553.88 154.25 616.45 0.369140
2 944.20 658.68 971.57 701.43 0.330830
2 642.99 522.82 661.44 580.04 0.303974
2 776.94 391.42 798.94 448.42 0.289684
2 897.06 575.71 942.00 656.81 0.226822
7 266.48 452.14 315.02 497.76 0.211106
2 815.96 640.23 839.61 706.30 0.310572
2 641.94 592.03 665.61 652.56 0.267816
2 999.27 123.64 1014.79 159.27 0.273747
2 984.33 122.99 1002.68 159.51 0.273336
2 640.69 386.38 657.74 434.70 0.255069
2 675.81 432.48 690.29 475.50 0.269648
2 765.50 283.03 781.13 329.42 0.259879
2 759.31 461.10 781.23 493.20 0.265775
2 519.90 487.09 534.77 530.46 0.252350
1 1183.65 651.64 1225.12 700.25 0.291831
2 931.49 404.52 954.23 444.81 0.254641
2 628.74 288.68 646.43 335.59 0.231652
2 660.13 350.51 679.30 406.08 0.230653
3 602.94 288.35 631.26 318.26 0.205693
2 680.56 215.77 700.12 253.46 0.219853
2 1042.96 430.19 1067.25 480.26 0.262115
2 841.46 386.74 862.77 427.17 0.254225
2 545.37 506.39 563.26 563.08 0.255418
2 772.11 555.98 797.57 607.47 0.204454
2 777.24 286.52 791.26 328.90 0.241989
2 559.98 614.05 593.29 685.96 0.247847
2 214.99 708.76 240.11 757.44 0.298668
2 1123.92 17.92 1143.11 55.14 0.241141
2 955.53 415.95 970.82 446.64 0.251086
2 615.39 604.26 641.02 664.59 0.242767
2 591.82 282.63 606.35 318.55 0.207391
2 383.11 459.55 401.29 504.65 0.271103
2 231.12 573.95 316.08 622.96 0.229385
2 639.40 260.68 654.77 301.93 0.219145
2 126.29 685.57 154.94 725.64 0.262390
2 596.43 318.20 615.12 353.63 0.205345
2 652.94 289.45 669.04 323.91 0.214945
2 710.12 486.18 734.35 535.89 0.214313
3 1031.29 219.34 1089.61 273.30 0.268960
4 660.96 173.40 721.01 212.76 0.282249
2 408.63 698.93 455.07 755.88 0.224730
3 671.13 392.63 705.43 420.49 0.261823
2 454.81 723.22 482.86 763.95 0.214238
7 515.69 322.57 601.35 383.11 0.223400
2 660.30 676.48 690.08 736.40 0.220789
2 867.22 143.87 879.05 170.17 0.206786
2 988.74 52.39 998.07 72.77 0.216671
2 1030.07 15.13 1044.72 47.68 0.210127
2 1064.34 693.36 1105.55 735.69 0.212470
2 598.94 585.30 619.33 624.56 0.224545
3 742.80 600.11 788.86 643.65 0.252897
2 896.84 98.83 908.23 130.70 0.226702
3 1104.92 237.93 1174.57 291.81 0.263639
2 1082.16 27.83 1095.35 58.51 0.202467
3 920.80 643.92 957.79 672.85 0.270980
2 878.42 132.30 893.25 170.02 0.206258
5 13.65 19.26 110.53 91.93 0.308675
3 1196.47 538.10 1268.36 588.82 0.218587
7 632.68 328.95 733.72 377.46 0.212667
3 573.39 641.59 619.80 697.69 0.209734
3 1037.12 443.59 1094.79 481.97 0.201935
