7 243.65 416.73 526.57 557.66 0.456143
7 950.48 207.47 1020.14 297.65 0.432336
4 62.37 158.01 150.90 201.14 0.594971
6 0.33 193.23 142.27 307.07 0.449383
7 1176.48 241.65 1254.15 334.51 0.417689
5 597.12 243.96 777.29 350.68 0.418708
6 597.50 343.60 748.80 477.31 0.393725
6 784.12 158.26 879.23 246.63 0.428716
6 1096.92 151.87 1194.49 243.70 0.428345
1 213.47 188.54 234.43 226.97 0.375926
5 0.51 327.02 198.65 434.98 0.343205
1 209.17 370.22 236.89 432.51 0.423249
1 1088.03 192.60 1102.83 226.97 0.364063
1 935.33 110.96 950.31 139.29 0.363679
6 295.54 143.43 520.64 230.58 0.377326
1 239.44 187.39 256.70 225.84 0.389346
1 736.74 236.82 750.97 274.64 0.352596
6 207.10 246.30 338.37 350.09 0.364784
7 549.59 553.42 792.36 764.35 0.348362
5 413.92 85.12 493.10 137.49 0.365398
2 347.67 196.78 364.19 242.02 0.332912
1 1131.43 104.32 1145.92 133.11 0.334660
6 223.83 298.55 427.33 427.22 0.337374
1 1051.38 273.36 1068.43 316.74 0.345007
6 1274.89 253.99 1358.51 352.40 0.315372
1 1157.10 52.31 1168.09 77.83 0.313537
4 560.28 33.08 582.11 53.23 0.316615
4 656.45 11.69 704.58 49.40 0.318306
2 1037.71 274.65 1053.75 318.43 0.315175
2 326.41 190.53 343.15 233.02 0.313119
6 669.77 61.69 727.45 115.44 0.330406
4 891.74 654.13 1033.24 764.43 0.335142
6 251.33 113.37 380.04 181.84 0.353017
4 1060.54 40.48 1104.29 81.33 0.337435
1 271.56 345.24 297.97 401.30 0.291030
2 299.86 193.74 320.66 241.36 0.304689
3 1035.98 297.36 1050.53 320.11 0.296325
1 152.80 306.26 177.08 357.84 0.278491
1 897.64 18.05 907.73 39.01 0.237324
2 106.64 290.45 129.23 319.88 0.238257
2 205.47 272.71 223.16 304.12 0.278636
2 129.05 288.49 149.26 317.53 0.211774
2 299.45 188.50 364.69 243.05 0.211409
4 1190.61 50.44 1242.40 101.54 0.302724
6 747.31 0.00 790.70 20.13 0.271838
2 124.25 301.47 151.19 344.95 0.244517
2 106.42 287.62 177.68 358.25 0.220549
6 626.82 100.57 736.43 198.97 0.305848
3 1050.31 289.03 1065.90 317.46 0.220861
10 622.31 374.89 678.26 434.98 0.200768
6 1327.17 349.81 1359.81 436.32 0.223655
10 347.65 426.10 396.48 499.72 0.201875
6 647.44 0.10 716.31 16.97 0.227979
6 0.32 303.18 198.80 435.05 0.289650
