5 559.35 264.80 649.54 305.77 0.441636
4 481.87 181.37 503.52 201.87 0.495099
4 759.47 391.16 813.70 435.85 0.461602
6 464.57 201.00 480.17 226.39 0.344606
3 462.97 497.94 483.91 539.10 0.553202
4 401.70 245.46 415.47 262.04 0.418853
1 375.90 487.53 405.87 539.26 0.365309
7 134.99 438.61 208.22 501.10 0.294883
7 146.83 352.79 238.17 402.39 0.359995
6 595.88 370.71 664.07 451.19 0.368080
4 783.07 413.66 918.25 486.08 0.338520
3 312.73 227.48 331.75 241.43 0.270419
3 489.59 268.64 504.67 290.94 0.302832
2 416.00 312.26 431.31 343.92 0.316469
3 417.39 326.03 429.54 344.33 0.307077
1 462.41 471.42 483.64 520.82 0.359888
3 520.25 266.91 528.81 282.20 0.374744
2 519.49 255.81 530.11 281.17 0.275667
6 447.40 119.57 473.36 136.62 0.286320
2 489.62 262.79 504.57 288.82 0.293824
2 264.83 417.38 289.51 450.42 0.245358
2 387.39 266.94 400.80 295.43 0.269639
7 448.15 242.34 466.93 266.52 0.256441
7 84.47 343.06 123.55 374.10 0.274338
2 462.06 471.50 484.02 537.62 0.235106
2 346.56 227.19 356.20 250.78 0.234752
6 316.94 207.84 336.29 227.62 0.215504
3 147.00 359.42 177.81 393.30 0.227160
4 289.96 223.46 300.08 233.22 0.315337
3 385.95 276.40 400.66 295.67 0.237313
9 433.02 107.85 464.85 119.17 0.214767
4 440.52 140.64 454.51 151.67 0.216855
2 349.60 273.55 364.11 294.18 0.258061
3 113.27 467.44 151.94 507.65 0.235032
4 477.31 104.39 494.68 113.04 0.210577
2 239.98 447.47 255.78 479.01 0.227220
2 324.37 427.04 339.83 466.21 0.227714
2 687.54 298.15 706.58 342.04 0.216829
6 510.18 107.04 568.30 126.59 0.212616
6 723.86 361.13 815.09 438.56 0.208686
2 366.80 224.86 374.86 246.80 0.210611
7 0.09 425.62 48.22 476.43 0.218429
7 305.08 440.46 356.94 490.24 0.208170
1 19.15 386.26 54.64 411.28 0.209510
