2 1156.28 466.51 1203.70 561.31 0.588629
2 584.48 48.49 609.58 110.43 0.486143
2 231.07 59.79 264.00 131.03 0.451444
2 392.39 90.36 416.83 169.47 0.565046
2 1068.14 138.71 1109.84 228.14 0.487500
2 176.44 81.93 205.02 126.73 0.484823
2 11.84 20.81 46.25 81.94 0.481744
2 972.57 109.58 999.15 187.67 0.458581
2 932.27 117.56 955.19 176.13 0.457433
2 753.55 123.86 778.52 207.93 0.490295
7 1146.35 507.03 1204.85 581.83 0.360868
2 953.76 98.09 983.00 180.69 0.416879
2 1093.36 218.24 1137.29 261.23 0.466896
1 231.00 57.16 261.32 130.84 0.211028
2 713.29 89.02 739.50 173.27 0.401260
2 788.67 67.53 810.54 127.98 0.381708
2 621.18 44.07 638.97 95.37 0.353198
2 220.15 0.11 241.99 41.68 0.386200
2 100.24 2.29 118.60 40.46 0.397737
2 735.10 82.37 758.26 164.41 0.348651
2 1052.81 220.39 1110.97 269.97 0.512322
3 635.60 68.71 696.44 110.17 0.235355
2 640.88 47.95 667.60 91.66 0.326969
2 49.31 1.86 74.54 43.18 0.254649
3 46.61 14.85 75.50 45.88 0.266769
7 475.26 49.88 507.64 93.13 0.210512
1 1052.62 220.48 1110.76 269.91 0.228733
2 772.37 74.33 790.23 124.34 0.313175
3 698.17 73.04 728.77 108.35 0.236163
1 392.45 90.43 416.84 169.56 0.287463
1 1068.15 138.65 1109.74 228.15 0.234671
1 11.69 20.94 46.26 81.91 0.310699
1 176.36 82.06 205.07 126.76 0.234649
1 1093.71 218.25 1137.35 261.09 0.222622
1 953.70 98.25 982.03 180.49 0.201318
1 753.46 123.85 778.61 207.92 0.284483
1 1155.88 466.43 1203.88 561.31 0.225573
1 220.03 0.00 241.88 41.73 0.220080
