4 900.90 209.73 920.90 228.17 0.458309
4 1645.51 788.55 1814.00 860.47 0.490029
4 1714.21 856.99 1843.80 931.33 0.441451
5 1295.94 437.73 1408.92 487.96 0.420876
6 1149.07 808.40 1339.31 1073.98 0.489497
4 965.90 268.18 994.63 298.61 0.259952
4 889.88 175.92 904.79 190.88 0.410310
4 1311.13 490.79 1401.33 535.76 0.390721
4 1406.22 503.03 1482.63 548.42 0.318422
1 1739.49 626.17 1771.89 663.50 0.342946
6 1864.91 307.60 1919.46 351.90 0.247807
4 1353.14 266.84 1421.90 291.97 0.352123
4 1785.77 903.32 1852.46 989.86 0.350177
6 1601.40 376.77 1718.26 458.22 0.288157
6 1012.49 363.37 1062.74 422.83 0.334153
4 1577.52 729.05 1745.52 804.49 0.390349
5 1403.70 346.94 1452.43 387.83 0.282896
4 1281.00 464.07 1367.28 505.45 0.318243
7 1763.86 485.66 1908.72 614.88 0.269857
6 1273.07 229.07 1325.16 262.67 0.247941
6 993.74 306.07 1063.50 423.84 0.279568
6 919.85 166.55 942.67 201.01 0.279135
6 1442.87 311.82 1531.20 377.99 0.273046
6 1406.02 203.38 1482.97 236.15 0.234189
6 941.06 211.29 969.53 246.45 0.290194
4 1117.11 281.73 1161.27 306.34 0.224983
3 1814.36 809.55 1843.21 846.32 0.217692
6 1362.33 548.52 1630.72 706.34 0.213821
4 1319.28 276.78 1376.10 301.45 0.321707
4 746.02 176.57 770.56 192.31 0.217247
1 944.01 269.98 957.02 295.15 0.235312
4 860.23 150.50 869.30 162.82 0.237071
6 1485.80 214.46 1542.93 248.80 0.227267
4 888.08 155.18 900.07 166.22 0.263834
6 1833.44 302.79 1885.64 342.51 0.203728
4 943.33 223.33 967.52 245.96 0.203023
