4 521.73 360.05 550.52 386.67 0.476743
9 934.48 260.04 995.35 293.22 0.421562
4 169.46 619.08 274.67 696.80 0.533851
6 918.67 330.50 953.04 371.47 0.317424
4 899.48 738.24 967.95 764.59 0.462038
3 54.64 571.08 91.71 609.85 0.417603
4 557.55 316.91 577.03 338.03 0.423991
4 909.68 625.33 969.24 691.62 0.399971
3 1096.80 538.60 1111.51 562.51 0.339375
6 662.22 353.45 705.44 425.95 0.331850
4 709.02 574.96 754.79 631.25 0.376665
4 1060.29 731.90 1214.34 764.54 0.347176
4 1013.17 347.31 1047.71 368.79 0.329042
4 1019.24 673.07 1146.26 733.65 0.392663
4 661.31 429.77 693.83 462.13 0.370087
4 839.50 588.63 895.54 641.11 0.364708
4 784.45 633.47 838.01 697.17 0.403413
4 708.22 664.53 769.79 747.01 0.435187
5 955.89 533.10 1060.75 579.00 0.385459
4 986.88 604.14 1096.77 666.33 0.358293
9 542.18 228.54 575.91 254.20 0.231398
4 829.81 539.59 877.30 587.37 0.330532
4 801.47 718.31 870.55 764.62 0.406177
4 340.66 318.58 378.32 338.60 0.262763
4 830.99 499.85 875.81 543.36 0.306967
3 969.67 447.52 985.55 465.96 0.278054
4 776.94 569.20 827.58 627.62 0.365878
4 943.83 492.28 1032.95 525.23 0.308095
4 814.01 457.61 851.34 492.65 0.286095
3 1147.16 590.53 1159.50 614.60 0.327663
4 968.47 569.63 1082.72 619.81 0.359372
3 998.49 446.20 1009.77 472.50 0.268771
4 779.06 525.04 824.97 571.70 0.333407
3 1170.80 629.59 1190.24 659.39 0.298731
4 792.34 352.93 813.80 373.15 0.244737
1 1204.24 599.84 1225.47 647.23 0.283559
4 719.22 460.10 752.80 494.94 0.300757
4 720.75 531.23 765.63 584.02 0.324189
4 766.24 451.27 800.26 484.02 0.251949
4 769.83 482.93 809.65 523.05 0.305638
4 712.41 491.76 747.90 529.10 0.292150
2 201.26 19.69 258.73 122.05 0.243541
4 429.95 295.41 463.27 313.21 0.252206
1 1229.53 598.09 1248.77 646.63 0.281444
1 1197.09 502.23 1212.64 537.69 0.256683
4 350.50 336.68 411.21 360.96 0.219950
1 243.79 481.15 256.20 514.67 0.276626
4 942.13 386.73 973.99 413.78 0.258725
4 720.25 421.97 751.09 453.47 0.236799
1 1142.44 569.49 1160.56 612.28 0.247485
4 829.81 362.97 853.10 384.82 0.226782
4 763.05 425.81 791.83 453.53 0.257950
6 690.35 294.52 718.28 340.29 0.249960
4 628.77 279.50 645.97 297.17 0.256810
4 942.14 512.40 1038.43 546.87 0.321307
4 397.68 319.57 434.09 339.99 0.207067
5 287.15 374.67 347.24 427.50 0.211884
4 808.35 430.05 841.14 458.94 0.267487
1 250.50 559.16 263.02 602.52 0.216936
1 45.23 616.40 64.13 652.05 0.308638
3 205.65 558.57 231.28 588.09 0.287106
2 243.75 557.73 262.46 604.22 0.221705
4 156.30 550.02 193.14 574.82 0.214652
3 1030.59 461.59 1046.60 485.95 0.215723
4 586.69 269.88 601.59 285.36 0.232044
1 913.73 465.95 928.46 491.85 0.240215
4 801.12 406.84 829.65 434.54 0.224959
2 1096.85 526.45 1113.25 560.86 0.212367
4 802.04 367.67 827.44 390.21 0.227805
4 720.56 397.02 748.07 422.89 0.239294
2 61.87 540.09 84.64 593.22 0.246869
1 1113.09 504.10 1126.47 537.45 0.243204
6 697.42 181.80 719.67 196.19 0.235391
4 929.62 387.40 951.61 408.63 0.210506
4 762.59 403.08 787.99 428.73 0.223078
3 243.85 496.12 256.58 515.71 0.215368
4 785.28 332.96 805.62 352.90 0.200031
4 761.17 380.22 784.33 404.31 0.205641
2 1170.70 617.11 1193.17 659.05 0.230317
2 1207.52 553.80 1223.92 593.13 0.231261
1 1214.87 494.08 1229.04 526.79 0.232118
2 1198.13 554.66 1211.50 593.40 0.216596
4 802.87 388.43 829.44 413.16 0.200727
4 556.68 255.58 567.81 267.63 0.216286
4 1049.02 536.83 1087.62 572.79 0.221961
1 337.21 436.92 346.07 464.90 0.226872
1 300.14 513.46 310.74 531.72 0.206513
