3 468.93 545.28 483.03 568.90 0.491271
4 645.91 413.07 676.13 442.81 0.483318
3 487.91 499.56 499.77 520.85 0.492381
4 376.32 397.95 413.10 432.50 0.458069
3 838.09 745.52 855.03 764.54 0.479819
4 672.37 530.81 718.79 582.88 0.485832
3 95.89 643.81 117.26 671.01 0.379050
4 563.91 462.94 603.21 509.81 0.425186
1 333.98 425.81 344.76 453.80 0.361819
4 661.61 355.54 685.01 379.17 0.405982
4 584.55 346.10 607.02 368.81 0.457700
1 834.47 720.15 856.77 763.77 0.387433
4 591.81 309.75 609.58 327.78 0.403372
4 591.78 257.74 605.46 269.25 0.339901
4 916.06 326.43 942.90 346.14 0.301262
1 487.13 487.69 500.30 519.06 0.369980
1 541.19 326.56 548.90 343.43 0.345204
4 589.90 273.81 604.31 287.73 0.364137
5 706.55 266.85 728.05 294.53 0.384532
1 346.48 426.47 357.49 454.02 0.345917
4 642.75 269.03 654.40 282.94 0.399590
1 468.52 531.64 484.15 560.26 0.359647
4 561.42 251.77 574.38 264.57 0.335741
4 618.66 243.40 630.38 254.09 0.294329
1 783.49 348.20 790.91 367.90 0.267552
4 139.55 555.37 243.95 599.07 0.375743
4 943.30 292.49 964.76 308.28 0.240990
4 888.97 314.34 918.01 331.91 0.265636
2 758.76 308.11 766.66 326.26 0.247377
9 321.67 291.82 366.14 329.07 0.203469
4 869.82 293.07 891.99 307.87 0.226445
4 892.08 294.29 914.57 308.11 0.217238
4 573.47 237.86 581.39 248.14 0.297437
4 885.61 322.91 908.64 345.32 0.267439
4 506.57 308.20 527.16 318.91 0.292504
2 1015.97 416.81 1026.23 436.51 0.271816
4 854.47 291.94 865.64 304.87 0.257912
4 574.38 220.60 585.93 229.22 0.205230
4 619.25 200.94 627.79 207.83 0.243357
3 64.85 701.56 105.78 731.49 0.257239
4 614.00 225.41 623.63 235.95 0.202578
4 617.15 231.22 628.19 241.07 0.217350
4 692.64 246.40 702.54 258.93 0.202549
1 790.21 352.66 797.59 370.42 0.212649
3 87.72 705.61 105.95 731.03 0.205536
2 783.66 347.59 797.66 371.11 0.226960
