4 253.41 410.74 312.21 513.86 0.578658
4 184.25 324.01 284.74 371.92 0.465859
4 457.59 247.57 497.15 302.82 0.468513
4 45.55 500.64 171.78 539.45 0.488544
4 270.61 147.13 313.63 177.35 0.394499
5 357.96 95.98 394.00 164.95 0.390166
4 214.95 216.65 263.53 251.38 0.424972
1 405.50 170.99 415.57 194.11 0.406712
3 405.85 180.84 415.74 197.48 0.437280
1 434.10 94.52 441.72 112.39 0.344800
4 157.37 260.02 248.99 303.43 0.336761
4 244.23 120.01 290.53 140.13 0.360189
5 93.41 299.57 153.27 341.80 0.278479
4 420.47 3.70 432.48 16.52 0.322210
4 406.42 3.97 420.24 20.79 0.335565
2 408.96 257.54 424.92 285.78 0.217535
4 406.68 249.50 426.53 269.87 0.259015
4 259.19 106.31 299.58 124.00 0.317634
3 410.19 266.25 423.89 285.93 0.230857
1 65.82 374.47 82.81 407.44 0.230969
4 211.84 298.65 261.61 329.26 0.269933
6 341.20 48.95 366.65 79.94 0.240932
2 89.42 361.74 109.51 394.07 0.217986
3 406.39 249.54 427.33 287.20 0.287032
4 567.75 105.04 592.28 119.04 0.222608
2 54.37 251.76 69.24 276.52 0.201701
6 0.56 29.29 256.46 394.65 0.228603
