5 1019.11 516.64 1094.23 595.94 0.548255
3 1259.57 537.90 1280.13 579.08 0.502486
3 448.15 436.90 464.99 467.68 0.524838
4 1212.43 671.74 1359.55 750.03 0.581409
4 875.88 174.16 919.29 195.08 0.510068
4 167.56 718.89 259.73 764.30 0.529502
4 912.46 248.26 985.58 275.16 0.429896
4 950.58 280.31 1001.37 309.66 0.462447
5 968.43 430.69 1040.79 514.39 0.512255
3 71.23 477.42 117.32 508.66 0.471767
3 1256.43 630.06 1300.87 667.60 0.543505
1 338.90 613.32 365.34 664.60 0.452196
3 337.34 636.36 362.37 682.82 0.548013
1 1143.20 574.51 1167.58 632.79 0.400323
4 634.34 146.02 668.39 168.15 0.461899
1 1243.58 478.67 1263.31 523.81 0.349970
4 553.73 183.58 578.79 208.61 0.480945
4 598.83 119.54 615.08 135.37 0.446112
4 634.25 72.70 647.38 84.46 0.401915
1 448.38 422.12 465.99 457.47 0.438262
1 483.39 333.01 497.05 365.10 0.419437
3 482.98 346.24 495.78 368.58 0.520314
4 940.21 318.00 999.82 355.65 0.413489
4 434.21 203.50 459.51 227.56 0.350178
4 667.30 66.58 677.62 79.88 0.430848
3 1143.18 599.52 1164.92 632.04 0.276725
4 326.89 235.67 372.59 263.28 0.256839
4 774.14 77.70 787.34 91.10 0.355490
4 0.13 567.51 90.49 685.19 0.273076
4 807.22 265.10 843.40 298.03 0.340984
4 260.11 165.29 311.72 187.15 0.258392
9 383.13 55.59 416.95 79.28 0.223806
3 851.45 215.19 860.37 231.49 0.301517
4 754.07 30.30 765.88 39.51 0.224491
4 295.49 150.81 342.42 173.87 0.245061
4 640.88 25.24 653.54 39.76 0.210166
4 706.68 14.39 717.16 25.57 0.220585
4 199.54 350.66 248.93 394.78 0.252261
2 850.87 187.36 863.56 210.42 0.263187
3 98.83 448.22 150.17 485.20 0.250334
2 1215.40 476.44 1263.35 536.74 0.221320
2 1215.88 499.32 1240.90 536.33 0.207240
3 598.86 173.41 613.90 190.97 0.263306
2 31.59 511.29 51.93 540.22 0.228281
4 701.53 35.30 710.97 42.98 0.254946
2 798.80 121.50 806.70 138.91 0.202187
4 659.20 37.40 675.66 46.72 0.202360
2 586.42 140.55 592.65 159.16 0.246948
3 874.00 286.71 883.68 302.55 0.286495
2 1228.93 477.74 1247.15 520.37 0.240277
3 972.40 218.15 987.19 237.95 0.209891
4 770.27 206.12 785.76 222.92 0.211411
4 553.08 44.94 564.93 54.81 0.222613
4 780.37 248.20 830.56 277.36 0.240548
4 792.09 219.24 815.62 233.06 0.233395
3 929.64 226.65 942.34 242.67 0.232801
2 871.69 274.58 885.53 301.81 0.261801
3 931.88 198.77 947.01 211.86 0.200964
