4 1454.10 534.31 1552.64 577.29 0.552208
4 534.08 394.11 581.63 463.79 0.476543
4 1466.74 793.58 1527.18 892.05 0.447596
4 1683.80 577.04 1742.71 663.50 0.465989
4 1025.25 744.90 1075.12 783.99 0.430618
4 634.09 406.41 686.32 478.54 0.426538
4 1579.98 785.23 1654.76 878.87 0.431139
4 549.52 694.95 605.50 758.42 0.413300
4 1817.26 744.34 1890.01 847.57 0.413008
4 307.33 685.52 378.25 768.18 0.380035
4 299.68 477.73 395.79 509.80 0.389927
4 1330.26 776.49 1384.96 826.30 0.400351
4 1712.52 7.55 1748.15 51.92 0.363153
4 218.68 471.19 301.30 512.01 0.368266
4 671.73 713.63 725.18 771.91 0.356912
4 1389.29 785.72 1453.30 877.08 0.345509
4 248.89 439.21 336.57 479.30 0.374329
4 1215.39 759.42 1266.60 817.28 0.403851
4 1858.17 718.11 1915.72 773.46 0.270138
1 439.05 392.28 457.59 426.73 0.266949
3 479.41 678.29 510.07 732.18 0.259008
4 872.90 420.81 914.02 499.19 0.316786
4 1689.99 248.89 1728.79 298.72 0.276997
1 150.50 682.48 179.86 720.70 0.250877
4 812.26 426.14 855.61 496.67 0.308282
6 199.13 557.79 356.05 624.15 0.243785
4 280.70 559.61 355.54 619.09 0.251503
5 224.25 684.75 378.53 769.59 0.288168
4 812.58 466.43 847.89 496.06 0.227941
4 201.20 539.75 237.40 573.99 0.263738
4 605.34 717.05 671.63 771.19 0.201760
