4 1108.90 357.21 1191.98 431.16 0.492591
4 965.93 206.83 1021.93 259.56 0.429167
4 1035.36 277.80 1106.36 352.54 0.474646
4 580.26 217.55 634.01 274.38 0.477482
4 695.01 309.59 752.56 376.60 0.378302
4 595.34 628.94 666.74 744.44 0.326974
4 733.64 384.01 801.41 468.39 0.382169
4 748.73 727.48 835.39 856.90 0.291102
4 402.84 110.72 439.64 167.24 0.319384
4 1069.60 973.41 1160.52 1049.51 0.307924
4 898.62 669.17 983.88 783.63 0.284000
4 1130.72 744.19 1221.44 811.40 0.279133
4 916.52 145.87 975.98 203.75 0.321413
2 576.33 741.28 681.55 896.17 0.289135
3 1170.86 523.49 1277.57 623.21 0.264829
4 1041.39 598.88 1117.59 659.44 0.311482
4 695.27 90.23 764.97 133.49 0.212986
9 1250.57 540.80 1399.42 833.38 0.263681
3 1238.95 505.26 1310.92 573.35 0.304390
4 207.05 388.92 274.01 440.29 0.259560
4 861.61 320.90 943.92 372.98 0.301117
4 427.27 177.85 457.58 213.98 0.276700
4 839.80 289.96 919.06 342.17 0.252267
4 1093.91 692.56 1181.84 763.51 0.240297
4 163.41 105.69 223.91 172.37 0.245426
4 553.22 507.24 598.96 572.82 0.248392
4 752.07 162.09 813.50 206.09 0.235400
5 1185.91 813.48 1300.84 937.07 0.214526
4 664.12 767.23 723.84 903.84 0.218951
4 672.76 49.89 735.19 90.01 0.215868
4 1356.93 519.77 1390.67 550.34 0.225432
4 758.84 186.31 833.81 238.51 0.250139
4 959.64 793.46 1056.25 906.03 0.248626
4 955.17 458.76 1050.43 522.64 0.290039
4 1094.76 652.63 1155.82 702.60 0.242056
1 754.74 47.41 766.40 72.62 0.225797
4 905.57 392.36 990.39 454.00 0.306559
4 265.33 653.36 342.52 716.81 0.208134
4 787.03 212.74 854.34 257.27 0.204765
4 947.17 428.63 1022.27 476.63 0.253197
4 695.40 69.89 749.20 107.22 0.204165
4 345.46 720.58 404.57 840.24 0.208714
4 1187.01 813.70 1281.85 888.65 0.215062
7 795.65 21.51 858.46 75.69 0.214794
3 1191.50 523.50 1250.96 579.47 0.217108
4 564.21 553.51 612.35 611.63 0.215393
2 754.06 45.08 777.96 73.52 0.231932
4 469.22 313.97 518.80 367.34 0.231010
