5 852.90 392.18 933.52 567.44 0.534762
4 1150.92 487.29 1217.31 541.99 0.547145
4 568.74 148.79 597.83 192.74 0.513596
4 618.76 447.09 656.01 520.92 0.514423
4 520.86 675.18 569.07 771.18 0.517776
4 1082.34 134.97 1133.61 170.34 0.492042
4 1110.10 384.63 1172.42 434.97 0.432627
4 502.51 200.88 538.28 261.46 0.425963
5 625.14 107.60 658.97 187.58 0.365926
4 741.50 5.12 769.31 43.46 0.512639
4 1097.05 353.86 1157.82 401.52 0.421586
1 951.54 204.05 966.36 229.95 0.375637
4 1119.11 103.20 1157.56 141.32 0.416777
4 1026.25 207.28 1068.85 232.76 0.451556
4 1081.92 199.31 1126.86 239.09 0.407944
4 1054.15 245.63 1106.72 284.95 0.382524
5 1070.79 6.61 1136.77 92.98 0.420754
5 820.70 678.58 877.30 787.36 0.457985
4 562.20 295.31 596.25 354.27 0.425982
1 924.76 198.44 934.84 217.25 0.356174
4 1268.08 30.43 1317.80 53.89 0.349255
4 1296.20 606.56 1359.99 685.19 0.383628
4 1247.76 718.54 1312.38 787.66 0.379362
4 1259.82 88.84 1296.59 119.04 0.341704
4 574.97 0.32 614.92 58.64 0.309210
4 884.86 193.94 912.17 217.71 0.354258
4 619.06 257.13 655.91 319.65 0.452714
4 1063.57 268.55 1119.27 310.64 0.418766
6 1246.95 142.79 1395.57 176.21 0.301139
1 979.70 177.45 990.13 197.29 0.292109
1 305.59 196.12 316.97 212.31 0.265025
4 578.28 29.54 611.08 57.07 0.250145
1 966.97 106.98 975.77 126.32 0.229921
4 1288.45 321.76 1312.66 341.50 0.259861
2 296.46 181.43 413.87 213.51 0.234279
5 1080.21 773.86 1243.04 787.88 0.201052
4 1051.92 242.88 1063.56 263.04 0.214384
2 959.77 105.54 975.98 127.10 0.217513
6 1327.12 376.31 1399.58 524.35 0.215762
