2 908.22 423.48 929.59 460.95 0.500990
2 300.63 313.73 322.03 348.52 0.481346
2 1160.17 426.23 1183.83 454.92 0.493715
2 338.53 324.04 367.06 358.52 0.489267
2 882.11 426.91 905.00 462.00 0.481547
1 782.69 602.53 812.60 646.07 0.515270
2 1138.24 463.71 1164.04 496.30 0.499678
2 60.56 222.17 81.83 241.44 0.301113
2 542.27 26.00 577.33 68.36 0.288024
2 647.23 27.42 671.46 55.78 0.227179
1 1160.09 426.09 1183.85 454.81 0.258196
1 908.25 423.48 929.72 460.99 0.267489
4 652.94 169.94 685.98 191.85 0.231286
1 300.58 313.57 322.10 348.50 0.275910
1 882.02 427.09 905.01 462.25 0.285762
1 338.58 324.12 366.99 358.60 0.266162
1 61.19 222.22 81.77 241.36 0.245786
1 1138.12 463.70 1164.11 496.47 0.263130
