4 219.28 565.40 361.50 732.37 0.465196
1 566.86 282.15 590.04 331.28 0.461029
9 778.21 0.15 851.24 53.30 0.515715
4 770.14 684.11 863.88 855.54 0.544919
3 500.07 314.22 537.47 345.18 0.331467
4 936.64 503.84 1012.55 629.35 0.472553
4 1232.29 272.87 1341.03 322.59 0.410838
4 1202.04 351.20 1328.13 411.86 0.426189
4 1095.35 239.05 1141.79 294.57 0.402426
4 1109.66 602.44 1186.63 729.73 0.441747
4 1097.45 20.24 1176.15 67.29 0.343403
4 1086.21 177.28 1133.02 232.32 0.379092
4 1303.48 447.47 1399.65 526.65 0.386873
4 1173.17 81.51 1260.46 116.96 0.350519
4 1000.06 5.18 1037.42 51.82 0.442932
1 608.39 133.74 623.83 172.60 0.327717
4 1215.50 228.34 1318.97 282.26 0.369429
4 329.97 458.44 439.09 587.98 0.392401
4 1027.90 475.88 1098.28 588.38 0.445460
4 1036.46 229.43 1083.72 291.66 0.405550
4 1110.38 478.46 1178.23 603.00 0.419583
4 1050.30 0.00 1087.45 28.49 0.405245
5 1001.67 743.02 1110.33 969.26 0.362068
4 506.81 251.33 582.36 329.79 0.379570
4 860.70 130.96 905.25 188.14 0.440441
4 1184.03 106.87 1272.44 145.00 0.349754
4 1270.61 400.63 1398.38 471.32 0.386012
4 556.17 185.75 619.66 265.55 0.400717
4 1199.01 150.35 1300.49 200.94 0.313549
4 1143.74 201.60 1195.21 260.85 0.283866
1 638.21 170.73 652.12 205.26 0.316631
4 265.51 543.97 333.00 601.44 0.330089
4 1030.98 156.55 1078.13 230.37 0.341467
4 1128.79 743.29 1223.56 930.89 0.353008
4 1014.52 588.58 1083.82 707.93 0.399580
3 566.05 326.16 593.04 377.42 0.399219
1 1042.59 49.15 1059.12 82.53 0.305469
1 673.44 96.84 688.94 128.33 0.317794
4 1189.81 315.68 1326.62 367.15 0.371182
4 1092.96 147.73 1168.53 188.33 0.276080
1 1139.95 332.46 1165.01 374.93 0.343196
4 701.13 28.56 736.11 63.54 0.308929
1 700.42 63.40 713.75 96.28 0.271275
4 994.48 1029.40 1064.36 1049.52 0.216771
3 1328.90 533.50 1395.86 580.47 0.236892
2 668.89 61.21 710.10 129.17 0.237788
3 1140.98 342.52 1162.17 379.26 0.330990
2 670.75 63.36 686.78 95.80 0.231124
4 1119.00 0.00 1173.36 19.66 0.260577
1 687.68 69.65 702.50 105.44 0.250335
4 1198.42 188.66 1292.09 234.81 0.271136
3 633.57 182.54 649.90 206.93 0.227687
4 1203.35 683.04 1344.58 861.81 0.229202
4 1171.75 0.00 1230.98 33.43 0.224491
6 1000.78 741.09 1225.41 969.97 0.222929
2 1131.68 44.14 1145.51 74.43 0.202594
4 1317.64 99.43 1368.42 156.90 0.207677
2 632.22 170.43 652.00 206.80 0.245027
