4 0.31 713.12 171.73 885.23 0.505287
2 1356.20 636.80 1707.37 840.45 0.476953
2 74.65 578.88 121.72 653.29 0.474954
1 663.80 647.18 692.41 740.47 0.528664
1 227.35 600.89 269.67 681.07 0.480473
1 1203.18 642.23 1232.28 735.59 0.496064
1 193.39 633.24 221.43 701.08 0.460372
2 1357.88 700.32 1394.02 804.02 0.315316
4 329.54 180.64 353.20 192.48 0.401269
4 475.61 177.89 499.21 187.14 0.360630
2 1762.04 650.88 1793.11 715.67 0.344757
2 1450.75 657.32 1478.36 726.35 0.250200
2 1654.66 733.06 1704.57 838.88 0.223280
1 74.46 578.90 121.61 653.35 0.411250
2 1485.46 718.83 1518.79 820.01 0.209643
2 1676.28 638.03 1703.38 707.26 0.207935
2 1395.37 669.94 1425.08 761.75 0.254290
4 128.39 190.59 157.54 204.06 0.219599
