4 1107.91 793.72 1193.18 833.47 0.562550
4 55.89 865.61 113.46 931.42 0.523883
4 79.26 773.43 126.21 823.22 0.490197
4 220.00 649.58 254.51 680.85 0.456490
4 952.35 756.76 1029.39 792.92 0.479163
4 1559.71 636.74 1615.71 662.36 0.434559
4 729.12 806.27 825.82 862.56 0.426023
4 833.98 784.27 914.51 824.35 0.521460
5 1452.19 637.51 1527.79 682.97 0.433613
4 1649.14 763.95 1731.46 798.45 0.504733
4 1217.73 779.74 1281.30 810.25 0.494584
4 260.78 548.65 279.25 565.02 0.437356
4 223.62 540.45 243.73 556.98 0.385588
4 1374.78 739.64 1446.02 773.92 0.381839
4 295.23 494.57 310.20 507.35 0.364013
4 266.80 571.28 291.09 592.57 0.395638
4 1582.33 536.65 1629.93 553.99 0.322330
4 1843.31 735.48 1932.51 771.85 0.362075
6 711.35 427.53 774.37 460.68 0.276711
4 121.48 610.87 161.40 639.72 0.332835
4 278.99 511.92 294.81 524.98 0.361884
4 474.61 641.82 501.00 662.28 0.402563
4 1296.69 759.62 1368.50 792.68 0.402487
4 230.89 513.43 253.25 531.50 0.281064
2 1920.29 1097.26 1998.51 1152.15 0.241143
4 192.84 548.19 216.90 568.95 0.303110
9 1850.23 410.16 1998.73 447.32 0.301424
1 1923.13 1101.34 1952.35 1150.21 0.301041
1 1528.42 894.71 1546.60 938.50 0.310502
4 1432.95 631.18 1470.71 652.80 0.282674
4 304.96 435.47 321.24 452.40 0.224571
6 1909.93 483.34 1987.10 522.05 0.278704
1 1692.62 1350.64 1727.98 1417.86 0.389656
4 443.62 580.69 471.82 621.36 0.231198
5 1927.50 552.98 1967.66 591.92 0.309362
4 1831.18 488.09 1866.83 506.00 0.237891
1 1759.87 1133.87 1786.92 1183.05 0.285660
4 729.48 613.88 764.02 634.44 0.209594
4 601.02 711.09 651.57 745.73 0.305484
4 886.30 550.66 922.40 563.93 0.250139
4 1084.48 917.19 1146.86 956.87 0.232440
1 1888.87 1057.32 1910.52 1097.20 0.269994
4 269.48 470.09 291.08 487.57 0.217446
4 358.92 450.99 380.50 461.12 0.221774
3 807.37 756.88 831.74 791.84 0.250950
1 1971.76 1099.82 1999.38 1130.70 0.246896
4 1867.23 507.61 1899.66 526.20 0.224899
4 252.23 486.87 270.33 502.78 0.215331
2 66.49 718.38 84.65 746.58 0.201076
6 1882.59 683.71 1960.16 728.05 0.236238
9 757.46 424.89 824.82 454.99 0.204717
6 427.33 535.73 455.16 572.53 0.203176
4 418.24 495.53 437.94 508.92 0.209541
1 816.42 1233.36 837.81 1286.47 0.209064
2 1688.71 1055.13 1995.45 1423.31 0.207855
2 1647.94 1018.98 1678.61 1054.18 0.246046
4 440.38 563.39 462.99 581.21 0.220387
