3 386.12 638.65 484.12 705.47 0.495330
9 574.39 256.16 616.97 280.44 0.484819
4 794.24 320.81 808.77 341.62 0.325789
6 1000.46 185.03 1070.05 282.36 0.318904
4 668.64 542.85 681.86 567.87 0.394339
4 661.70 623.14 677.00 651.92 0.428693
4 819.35 648.56 835.30 679.74 0.436548
4 694.36 588.31 710.87 615.44 0.380204
4 826.38 288.92 839.08 305.05 0.279262
4 976.62 553.26 1011.45 570.60 0.322529
4 681.06 430.93 694.44 448.32 0.320675
4 756.70 280.10 768.56 295.87 0.324176
4 704.94 420.56 717.68 438.84 0.306270
4 709.71 448.28 725.62 467.68 0.311698
4 824.12 234.83 833.88 248.64 0.287730
4 661.33 704.67 676.86 738.14 0.415700
4 1053.89 450.59 1079.30 482.59 0.288363
4 828.74 512.62 845.06 541.43 0.327623
4 764.68 367.41 776.01 384.33 0.293251
4 868.46 274.53 884.53 291.11 0.289858
4 1019.29 502.82 1047.45 536.01 0.298679
4 651.71 508.72 667.30 531.54 0.289178
4 796.54 262.93 808.27 279.17 0.276614
4 729.18 613.20 744.99 643.36 0.380554
4 962.46 284.57 981.90 298.09 0.276401
4 896.28 215.46 908.12 230.42 0.283840
4 930.43 533.85 971.25 553.23 0.279801
4 849.17 196.62 859.74 210.02 0.277677
4 682.76 510.86 698.31 533.71 0.311501
4 803.72 97.28 813.29 107.33 0.241721
4 787.34 583.68 802.70 615.50 0.320003
4 787.10 487.70 801.71 504.73 0.270601
4 746.39 644.06 765.04 680.22 0.337879
4 1018.38 631.03 1048.90 655.27 0.284808
4 1038.73 533.87 1064.66 562.25 0.274941
5 703.39 480.04 723.47 521.21 0.272052
4 810.62 276.24 824.30 292.06 0.273930
4 825.61 396.41 840.14 413.94 0.241114
4 799.60 191.23 809.60 203.54 0.249582
4 814.44 205.23 824.74 218.22 0.279060
4 958.54 408.85 982.33 434.31 0.270355
4 968.03 523.62 1004.42 547.34 0.285965
5 605.59 336.75 627.00 376.00 0.273545
5 687.22 366.01 712.15 401.32 0.254495
4 884.76 383.74 912.21 401.61 0.226838
4 802.95 124.73 812.64 138.69 0.216179
5 618.09 300.25 639.07 337.12 0.288344
4 1021.66 670.90 1038.28 693.17 0.311004
4 813.25 470.18 827.26 485.86 0.243259
4 854.67 242.23 867.46 259.24 0.247614
4 798.63 227.95 809.33 244.56 0.252470
4 1008.98 463.12 1036.88 492.76 0.276041
4 1065.31 499.07 1084.11 517.44 0.273401
4 726.41 379.59 736.88 394.37 0.219832
4 730.89 354.74 739.50 370.73 0.220579
4 137.10 636.91 149.85 654.57 0.223036
4 680.34 297.18 693.28 315.22 0.238310
4 1015.84 439.39 1041.13 460.05 0.231264
4 672.94 336.93 682.13 348.73 0.201738
4 599.78 245.32 621.58 254.32 0.206457
4 687.55 725.45 704.08 755.67 0.273657
4 898.88 454.45 919.27 475.39 0.246625
4 788.13 384.67 804.78 404.42 0.207483
9 879.22 469.48 1029.81 725.85 0.251974
4 642.06 283.04 652.66 298.91 0.200347
4 606.10 358.68 621.22 375.83 0.228406
4 895.91 478.61 929.08 495.87 0.270181
4 843.03 145.58 853.20 157.08 0.210886
5 702.79 379.50 721.32 409.88 0.251069
4 980.42 611.38 1013.50 643.56 0.233751
