1 410.85 674.72 433.86 721.88 0.508882
4 672.44 720.90 738.20 833.52 0.515500
4 1048.46 651.55 1115.91 743.67 0.491560
4 694.20 622.52 750.64 704.65 0.496484
4 622.00 599.70 680.09 688.54 0.467727
4 757.18 331.49 804.64 414.96 0.352773
4 760.99 743.21 824.89 861.50 0.458050
4 766.66 227.92 789.23 257.42 0.278148
4 783.49 259.17 809.67 295.05 0.293858
4 800.54 154.04 816.04 169.61 0.258268
1 89.01 390.59 151.34 482.10 0.349086
6 0.99 168.68 549.23 789.14 0.265082
4 817.23 63.69 830.45 79.89 0.255471
4 820.97 147.16 837.32 163.31 0.244698
4 776.29 302.79 802.81 334.28 0.326430
4 771.24 653.85 827.00 744.25 0.469782
4 701.69 144.94 730.89 175.60 0.214631
4 799.45 112.57 812.46 128.61 0.231377
4 792.79 171.08 809.09 187.31 0.219636
4 955.57 85.57 977.37 108.77 0.240586
4 797.67 236.48 819.36 264.81 0.267136
4 163.97 979.83 216.25 1015.62 0.224781
4 261.29 923.42 309.22 958.37 0.208001
4 935.32 41.48 954.43 73.33 0.209534
2 411.23 674.95 434.05 721.95 0.208921
4 816.71 118.15 832.37 136.63 0.207786
4 678.29 166.48 696.19 188.34 0.212156
