3 1227.18 594.14 1339.26 712.64 0.560871
4 1187.84 796.35 1438.99 1058.31 0.399695
2 1235.68 401.69 1349.59 517.43 0.485190
2 789.17 565.69 939.77 710.13 0.411521
1 1223.69 569.89 1332.00 664.60 0.446125
5 1406.64 92.44 1666.37 271.79 0.478788
2 360.56 0.63 442.74 114.44 0.312223
3 49.38 191.60 354.65 424.57 0.348675
2 545.77 0.41 664.09 109.14 0.269147
3 788.62 565.18 942.46 711.38 0.315732
3 1233.24 425.25 1352.33 515.04 0.262304
7 1234.10 403.14 1352.65 516.87 0.356049
3 873.81 642.41 942.72 711.81 0.218396
7 545.62 0.75 665.01 110.65 0.293454
3 359.51 36.38 446.04 115.33 0.230217
1 811.64 578.07 933.75 707.48 0.269694
