4 696.05 421.20 791.71 476.18 0.478910
4 227.73 375.77 332.55 431.69 0.468477
4 685.84 483.79 788.58 540.87 0.416816
4 353.95 339.18 450.36 393.87 0.400786
4 1235.20 238.74 1289.03 334.21 0.489197
4 381.56 415.38 484.64 467.85 0.424095
4 88.85 345.48 191.47 399.49 0.494871
4 48.78 268.94 147.23 320.98 0.523937
4 1155.74 334.95 1213.93 434.70 0.483044
4 1145.55 589.91 1200.49 686.48 0.446873
4 1258.16 31.03 1316.92 127.28 0.390851
4 551.77 385.56 645.81 437.39 0.422326
4 385.14 664.82 420.20 685.40 0.366699
4 987.84 0.00 1012.26 17.59 0.303031
4 1212.32 0.25 1259.94 38.33 0.462459
4 209.82 303.06 310.04 359.94 0.429781
4 951.11 109.42 989.17 132.05 0.264696
4 532.98 450.78 634.97 505.13 0.447883
4 924.15 137.35 952.83 161.70 0.285811
2 966.34 960.27 989.15 1002.89 0.310092
4 753.11 580.49 780.96 598.86 0.300161
2 905.02 40.67 921.17 63.28 0.277625
4 1234.34 1029.12 1281.42 1049.55 0.251361
2 813.61 659.80 841.19 683.02 0.273683
2 839.54 633.67 871.31 653.35 0.245743
4 653.99 143.22 687.60 159.59 0.250870
4 1335.84 0.00 1371.49 11.98 0.359950
4 915.73 463.14 934.53 479.38 0.235527
2 960.59 716.79 979.15 753.13 0.317284
4 1368.50 233.56 1399.79 321.52 0.362007
2 1089.25 177.99 1114.01 216.31 0.299350
2 1060.77 548.90 1081.84 585.22 0.295976
2 1004.36 724.10 1025.35 762.13 0.324885
2 622.06 9.45 654.61 42.61 0.247370
4 429.42 601.67 469.37 620.21 0.274738
4 823.10 151.41 850.55 172.47 0.265101
2 1027.90 436.84 1053.51 473.43 0.248802
4 726.43 845.16 746.88 866.69 0.205749
2 821.23 877.45 839.03 901.50 0.260905
3 749.79 619.53 771.81 644.24 0.215095
2 1079.23 475.34 1103.77 513.38 0.236246
2 763.47 808.49 779.87 831.26 0.222931
2 1030.14 779.07 1054.56 818.52 0.266051
2 1029.96 610.79 1051.24 641.88 0.274487
2 1099.15 28.83 1119.74 65.46 0.219775
4 842.24 959.40 869.17 997.36 0.234750
2 792.70 842.91 814.30 872.33 0.215520
2 747.20 796.20 763.35 818.82 0.219404
3 1061.00 561.39 1081.23 586.57 0.228443
2 714.21 790.65 729.99 821.48 0.206404
3 1004.95 736.71 1024.89 762.70 0.235769
4 606.55 801.07 639.53 841.94 0.207545
