4 125.94 223.72 186.00 280.15 0.445812
4 193.67 351.01 266.47 416.26 0.513626
4 57.52 229.86 124.36 293.47 0.467662
4 0.20 342.12 34.97 397.06 0.478593
4 575.87 0.28 619.42 53.53 0.461591
4 544.65 1036.62 570.73 1049.66 0.294016
4 179.22 225.77 242.23 291.69 0.450128
4 1.57 224.76 70.83 293.56 0.458185
4 699.81 268.26 729.16 340.37 0.386388
4 701.55 1034.03 727.71 1049.52 0.260502
4 615.36 640.75 647.45 711.00 0.297126
1 600.69 729.00 616.09 760.81 0.285975
1 611.64 348.60 625.93 381.53 0.307086
4 560.05 697.07 576.40 710.85 0.258744
1 577.61 306.83 589.63 333.49 0.291788
3 787.18 964.19 813.76 1005.02 0.222285
4 792.53 765.12 817.14 796.66 0.220404
2 599.40 568.91 614.32 599.58 0.277640
4 403.71 394.72 419.88 409.78 0.228866
4 524.52 715.28 541.69 730.33 0.234260
4 508.30 576.81 532.72 595.47 0.238596
4 38.68 117.52 64.07 133.49 0.233635
6 454.92 375.87 475.04 397.56 0.229658
4 696.24 813.47 723.97 886.92 0.289971
4 652.88 478.98 677.69 499.33 0.234831
10 522.56 872.14 589.32 928.56 0.293428
4 497.31 528.06 513.33 552.53 0.225159
1 611.84 901.89 625.51 933.85 0.267214
2 559.52 132.29 585.48 162.00 0.200626
4 700.96 632.06 727.81 697.92 0.251164
3 513.08 960.64 536.64 979.58 0.236717
2 700.80 383.47 729.00 435.06 0.275778
4 0.04 227.60 10.29 255.59 0.257279
6 1073.67 962.50 1156.62 1006.71 0.212511
6 694.29 101.86 744.44 259.34 0.258326
4 504.39 689.53 537.29 715.96 0.221726
6 652.59 478.89 689.20 539.44 0.236518
3 587.04 888.00 606.04 914.31 0.335155
4 706.79 0.34 737.90 70.74 0.471591
2 693.88 456.24 722.06 511.93 0.263332
2 626.19 160.82 639.22 188.72 0.244991
3 549.77 747.90 573.54 766.30 0.211839
1 605.68 849.15 619.66 879.70 0.269650
4 644.08 549.99 669.35 596.50 0.226504
3 576.19 933.34 595.39 958.69 0.282910
4 700.32 912.16 726.87 990.48 0.230061
2 506.86 931.65 535.57 951.24 0.217671
1 552.78 802.36 567.39 832.54 0.219668
2 560.44 595.95 574.55 627.39 0.225638
3 551.25 726.02 574.19 748.42 0.220423
6 700.41 718.73 728.54 794.42 0.279251
7 1070.28 959.73 1158.28 1007.25 0.227621
3 600.18 579.63 613.07 599.96 0.245295
4 696.34 210.00 740.64 258.53 0.261951
