4 291.21 602.05 400.81 730.52 0.516199
4 262.23 321.61 364.02 359.49 0.512111
4 275.28 301.49 367.89 332.54 0.483233
4 701.43 339.36 783.28 383.16 0.448589
4 54.53 207.56 106.69 244.72 0.494101
4 177.51 783.49 341.81 999.65 0.532905
4 120.65 211.02 161.86 239.77 0.454129
4 523.09 327.70 612.48 365.90 0.629719
4 564.51 52.55 578.50 68.89 0.447598
1 590.95 675.44 617.70 745.57 0.422159
2 193.51 246.90 229.06 284.62 0.277685
3 762.15 463.58 799.55 500.24 0.546154
1 409.14 350.85 429.67 385.45 0.366496
2 895.90 420.54 913.37 450.69 0.290154
2 207.02 248.56 221.06 277.17 0.243811
1 193.38 254.45 209.27 284.47 0.283212
6 433.08 143.43 514.31 248.66 0.285673
4 389.76 110.15 422.44 128.51 0.259979
1 216.15 247.90 229.43 275.55 0.274723
1 772.35 449.33 795.19 486.96 0.362984
9 542.32 151.41 555.18 174.57 0.296295
6 108.35 163.66 240.36 238.30 0.228926
4 79.67 756.76 151.93 820.01 0.258285
4 600.89 122.55 609.75 136.98 0.256397
3 407.88 363.62 430.40 388.80 0.290319
6 627.53 32.15 652.87 62.59 0.200025
3 1069.88 313.34 1103.33 343.23 0.220599
6 796.78 777.06 1058.96 1049.54 0.237458
1 931.63 322.41 945.84 353.44 0.242047
2 858.99 419.76 871.92 443.98 0.275152
5 192.05 169.92 225.66 198.67 0.212814
2 409.18 351.11 422.06 385.47 0.213965
4 1186.38 337.27 1230.23 360.80 0.222874
3 396.71 376.31 416.78 414.07 0.243428
7 937.34 322.26 1028.40 353.59 0.299017
4 107.87 189.35 147.44 223.01 0.254584
9 503.97 152.42 515.48 174.62 0.285791
5 108.03 184.59 180.81 223.73 0.250471
3 848.88 436.10 864.67 460.42 0.227707
