4 347.51 731.09 467.00 803.90 0.541359
4 95.12 438.80 184.87 486.26 0.502862
4 276.03 674.90 353.83 772.60 0.399878
4 210.38 474.67 251.59 509.26 0.438361
2 850.79 317.95 869.30 353.49 0.361804
1 889.02 496.84 908.94 531.50 0.421049
4 753.29 414.78 792.73 460.62 0.359077
4 711.57 415.95 745.42 435.67 0.323186
5 400.19 505.82 441.80 583.82 0.394493
4 223.77 631.38 261.45 674.46 0.392684
2 663.36 372.32 684.37 404.10 0.259650
4 258.90 659.68 309.92 716.31 0.366850
1 919.62 394.38 934.56 426.92 0.339541
4 663.58 495.69 708.63 575.96 0.383747
5 597.68 503.44 641.00 580.64 0.386228
4 993.14 456.30 1032.15 520.23 0.341412
5 344.30 507.03 392.34 574.30 0.342441
4 860.30 74.65 878.80 93.03 0.360686
4 297.22 533.75 340.26 567.78 0.323903
4 5.72 415.37 86.75 460.04 0.359458
4 927.44 287.28 954.88 337.09 0.329479
3 850.09 333.56 862.66 357.31 0.322143
7 904.88 62.98 926.69 95.21 0.220124
1 802.22 695.15 822.54 739.87 0.403871
4 545.60 503.48 592.65 584.45 0.345551
6 344.00 504.67 442.76 584.45 0.276951
1 986.65 46.60 1000.02 73.57 0.289875
3 956.27 372.03 969.07 395.33 0.297595
4 770.56 345.71 808.32 384.30 0.222964
4 964.14 1001.34 1004.31 1049.79 0.227907
4 823.13 176.62 851.95 205.25 0.285788
3 802.25 709.86 820.79 741.10 0.285426
5 753.63 381.55 799.73 461.11 0.256109
6 770.33 322.10 810.29 384.29 0.272034
1 513.48 175.97 556.97 278.59 0.313105
6 297.32 503.15 341.76 568.08 0.283179
2 956.42 361.98 975.48 394.49 0.244102
4 933.80 287.31 954.85 308.07 0.235997
3 889.59 511.13 904.46 531.99 0.278633
4 90.54 419.10 124.71 444.22 0.233300
3 920.17 407.80 932.57 428.33 0.316049
4 304.36 503.49 334.01 526.18 0.217870
4 762.59 406.08 790.44 423.85 0.233629
4 1012.79 207.75 1030.76 258.53 0.218018
4 0.35 364.38 52.59 399.89 0.223145
3 662.34 385.79 677.08 405.56 0.245509
