4 915.46 281.83 989.31 313.13 0.586574
4 1404.68 230.63 1472.03 260.80 0.506516
4 1500.60 231.41 1570.37 257.41 0.500415
4 382.10 243.69 441.10 271.56 0.501512
4 685.34 189.27 738.29 213.68 0.522714
4 1421.73 296.12 1504.62 327.71 0.520997
4 1651.27 217.48 1702.91 248.79 0.461702
5 1778.86 284.88 1843.29 316.93 0.408409
4 1757.19 202.68 1802.80 231.54 0.467777
4 125.93 499.70 233.07 545.83 0.413326
4 1530.80 289.44 1594.08 325.45 0.379791
7 796.39 375.89 832.40 423.11 0.331163
5 1287.82 224.77 1372.73 264.03 0.368314
4 238.28 419.06 309.19 455.81 0.388454
5 184.55 433.53 303.09 488.85 0.393272
4 848.06 106.40 863.10 126.67 0.376942
7 1000.46 408.36 1033.64 463.74 0.327694
4 903.49 147.66 926.25 171.10 0.379931
5 945.71 193.15 985.78 233.68 0.358268
7 1012.35 199.34 1036.80 224.80 0.297508
4 472.56 239.40 516.35 268.24 0.402049
4 847.82 456.08 894.42 522.59 0.453565
5 1176.17 258.67 1287.52 306.23 0.397520
4 1587.38 231.88 1624.18 256.30 0.417381
6 754.89 105.63 820.81 134.98 0.399732
5 0.25 353.75 116.32 427.45 0.352277
4 424.90 419.49 458.32 447.05 0.277576
4 174.21 468.63 287.41 517.82 0.344374
7 995.07 594.15 1030.94 666.16 0.271699
4 0.21 360.71 46.21 392.31 0.354664
6 394.82 376.05 443.75 424.17 0.324887
4 1136.11 411.78 1199.66 452.14 0.379387
5 265.81 391.67 337.09 436.18 0.265388
4 265.97 210.55 310.04 236.86 0.360210
4 897.59 200.06 937.42 231.80 0.331954
7 955.27 335.09 983.01 382.14 0.307852
6 566.55 660.36 648.86 716.63 0.290485
4 0.28 483.25 70.12 526.94 0.307354
7 1080.29 645.38 1117.80 724.62 0.247088
3 672.62 833.79 720.44 901.10 0.307348
1 878.69 330.18 892.35 358.12 0.310636
3 1142.87 651.93 1164.61 689.18 0.302707
1 845.46 314.57 858.68 342.33 0.307071
4 1471.88 207.62 1501.51 226.77 0.326324
7 1014.98 532.34 1041.83 586.96 0.244004
4 1025.60 727.36 1100.33 833.90 0.335940
7 804.76 440.07 836.36 496.72 0.293698
4 695.62 212.40 715.53 238.05 0.304667
1 1000.56 756.03 1022.78 798.03 0.330640
7 1701.25 267.79 1745.26 304.84 0.240915
4 1376.14 209.83 1409.02 230.40 0.247533
4 638.75 187.37 660.51 213.35 0.250203
1 1106.14 615.32 1125.57 653.07 0.234025
3 1092.44 633.27 1130.85 660.17 0.255501
1 1050.30 229.83 1061.86 256.74 0.287666
1 1216.05 715.02 1233.69 759.79 0.278192
1 943.99 752.70 965.72 801.48 0.312050
1 1204.00 719.70 1220.99 760.00 0.263992
1 829.94 172.39 840.90 195.15 0.274507
4 1861.13 377.72 1915.69 406.21 0.281704
1 981.24 757.48 999.83 797.42 0.307567
2 1176.18 673.90 1196.69 715.37 0.243361
2 880.72 735.20 904.74 771.68 0.281338
1 1080.83 752.81 1102.67 795.85 0.263265
4 760.12 253.69 788.36 265.21 0.261446
7 1010.27 476.77 1040.58 533.26 0.277889
4 727.78 213.41 749.98 231.63 0.243180
4 728.21 102.16 744.81 120.27 0.225923
7 1137.29 742.25 1220.22 827.73 0.235170
4 588.82 337.85 645.24 356.45 0.239440
4 0.10 461.23 55.01 487.15 0.249029
3 1416.23 793.98 1461.88 873.84 0.223594
1 1181.36 392.01 1198.59 422.08 0.275088
6 787.44 87.00 824.71 107.43 0.202473
4 105.49 435.10 153.52 468.42 0.228554
7 1166.41 505.80 1201.70 558.78 0.228289
10 28.95 680.65 101.54 747.70 0.265170
1 1239.38 384.59 1253.88 413.87 0.242435
6 292.40 244.07 375.32 315.45 0.207693
3 870.14 747.74 919.33 779.14 0.268195
7 1184.83 227.31 1238.03 258.10 0.208691
4 1575.92 208.51 1606.35 232.42 0.212758
2 1767.05 296.29 1782.14 323.52 0.204803
4 780.65 95.89 816.25 113.96 0.215696
2 1204.17 715.13 1233.36 761.59 0.207628
4 29.78 208.10 72.44 231.92 0.209810
4 1610.70 208.10 1650.25 234.93 0.273685
2 788.73 704.09 807.76 737.49 0.221440
