4 793.54 277.37 874.65 317.48 0.544671
4 1120.97 483.16 1219.20 544.02 0.525233
4 1021.36 135.72 1073.01 160.01 0.497495
4 574.42 303.98 664.58 344.65 0.459289
4 1154.44 99.03 1200.61 122.69 0.530427
4 183.05 360.29 287.20 406.26 0.490585
6 384.97 240.62 496.10 289.63 0.483984
5 562.08 234.88 648.89 281.57 0.522970
4 1287.48 971.96 1397.46 1047.56 0.516776
4 511.98 139.48 574.61 166.41 0.462921
4 894.63 961.23 1093.77 1047.37 0.489195
4 1235.56 228.02 1296.46 262.82 0.499472
4 682.94 566.82 803.22 659.66 0.367245
4 863.65 866.48 1017.80 987.51 0.439082
1 542.39 417.53 557.53 455.26 0.411324
4 170.10 148.36 218.21 183.43 0.493511
4 459.19 203.43 526.51 232.22 0.496674
4 1120.26 782.48 1280.40 937.66 0.434096
4 502.88 278.90 559.63 327.34 0.451690
3 239.69 490.73 281.29 524.56 0.382961
1 1125.85 449.10 1149.05 489.27 0.444296
6 1209.06 528.70 1358.23 631.68 0.375903
4 774.96 510.60 857.56 615.82 0.450577
4 169.78 324.77 265.60 375.64 0.492289
7 1156.00 589.28 1222.62 654.26 0.369220
6 810.79 730.27 895.75 801.41 0.365623
4 25.71 99.75 53.18 126.84 0.364387
1 599.33 371.01 614.80 403.53 0.416763
4 56.65 116.87 90.46 146.99 0.434808
1 363.79 167.88 378.08 195.44 0.364334
1 70.15 932.46 118.55 972.02 0.402095
4 1265.57 67.50 1289.79 81.45 0.309558
4 338.90 202.55 370.84 232.10 0.399050
4 1294.59 400.93 1382.98 468.04 0.412998
4 1013.15 468.34 1103.65 557.47 0.374913
1 1143.07 586.12 1167.42 627.08 0.398314
1 149.74 189.67 167.47 218.81 0.358293
1 647.77 436.34 661.93 471.90 0.352195
4 1166.46 710.37 1312.78 852.62 0.385101
4 896.10 496.48 984.88 585.72 0.382470
4 1245.07 309.94 1305.19 344.08 0.499920
4 1249.77 410.93 1344.88 481.15 0.365078
1 164.84 869.96 208.53 917.15 0.413069
4 947.85 475.46 1034.51 562.83 0.391431
4 44.23 289.66 142.33 340.70 0.461581
2 281.31 949.26 300.73 994.95 0.249229
2 300.71 959.92 318.67 995.42 0.252348
1 1374.71 551.58 1397.90 584.01 0.367468
6 355.82 125.33 387.13 165.22 0.310494
3 843.92 510.88 878.46 537.11 0.244902
4 125.67 0.00 144.43 8.27 0.352845
4 1088.21 127.34 1131.96 154.62 0.371213
2 460.36 828.92 483.53 888.07 0.295276
5 0.21 108.40 40.09 155.10 0.325600
4 974.53 100.21 1008.83 121.56 0.350691
4 1321.42 64.31 1344.60 77.68 0.270811
3 1215.27 249.60 1238.27 270.12 0.269602
1 1231.74 1022.15 1260.60 1047.50 0.330006
4 0.44 126.29 32.62 154.67 0.292563
2 747.89 371.02 764.14 397.09 0.295835
2 319.28 635.65 350.29 676.97 0.272022
2 1.05 191.78 20.47 221.24 0.254949
2 606.01 268.63 618.72 288.17 0.301668
2 348.08 141.84 358.36 162.68 0.201962
1 281.25 948.79 318.67 997.67 0.392304
4 956.72 218.67 1003.95 236.16 0.204848
4 795.18 112.09 838.54 132.48 0.329970
6 1297.82 298.00 1371.57 364.70 0.218180
3 391.35 496.27 435.74 525.58 0.226437
2 241.90 485.84 266.89 518.38 0.243171
4 590.93 140.93 615.32 153.67 0.203525
1 686.72 228.79 700.71 262.60 0.290099
3 215.36 703.99 272.20 749.89 0.227679
3 1256.54 332.63 1276.19 357.84 0.221456
9 944.01 28.66 1011.23 74.71 0.232113
4 1376.86 55.21 1397.72 70.47 0.206852
2 361.99 203.23 373.59 227.17 0.215313
4 1383.93 88.94 1397.68 104.95 0.204718
2 1293.25 70.31 1304.22 92.63 0.207076
3 320.54 652.67 348.49 684.21 0.281143
4 435.30 150.90 461.20 164.49 0.218322
4 1356.62 743.66 1397.86 823.79 0.224065
4 1338.91 331.91 1374.05 359.50 0.206120
3 738.26 373.86 774.36 406.44 0.250390
