4 317.17 464.97 371.48 546.30 0.528735
4 625.46 95.38 647.38 114.70 0.480667
4 471.04 152.47 518.27 210.26 0.531040
5 514.61 219.23 564.24 331.99 0.475397
6 496.46 457.18 570.55 746.71 0.421299
4 189.27 461.13 260.64 556.67 0.472279
4 276.78 222.59 331.35 282.42 0.507486
1 1328.57 624.78 1348.47 650.02 0.464179
1 146.98 206.25 170.48 241.61 0.444062
1 133.33 275.55 154.44 305.56 0.408100
3 149.90 217.03 171.35 242.16 0.292931
9 945.11 119.78 990.54 146.89 0.268433
4 1130.37 709.76 1164.69 736.41 0.390459
1 47.80 503.08 68.66 528.44 0.222824
6 0.24 407.45 64.63 564.05 0.231612
2 183.17 202.14 205.52 229.31 0.221342
4 58.07 214.63 133.09 293.49 0.236048
4 59.11 248.51 103.41 291.60 0.227867
3 139.29 285.19 155.18 306.15 0.268541
