4 1379.19 1264.33 1445.34 1338.04 0.487420
4 1120.00 747.86 1150.18 778.93 0.458561
4 1409.20 937.97 1455.15 980.74 0.407425
4 1225.28 668.74 1258.76 695.95 0.385352
4 1545.40 1177.07 1606.37 1241.76 0.461089
4 1437.01 982.64 1488.05 1030.59 0.432774
4 1605.24 1341.01 1691.07 1427.87 0.458632
4 1140.58 635.71 1164.52 660.62 0.365508
4 585.57 568.09 623.76 587.54 0.382142
4 1079.82 588.20 1099.70 606.58 0.376652
4 1202.22 644.47 1230.09 666.16 0.356221
4 1066.96 493.42 1085.63 511.31 0.309428
4 1111.56 650.69 1135.69 672.69 0.370822
6 1165.43 555.16 1220.64 582.00 0.296718
4 932.25 1014.58 971.08 1071.42 0.355550
4 1502.03 1099.20 1568.52 1167.73 0.351589
4 1102.59 570.61 1123.23 592.23 0.371177
4 1127.44 689.25 1157.20 715.19 0.398228
4 929.54 910.19 960.87 962.57 0.337020
4 1183.44 616.06 1207.32 636.83 0.366683
4 1142.89 536.91 1165.25 555.48 0.321076
6 1455.42 1278.22 1627.02 1499.50 0.342313
4 1060.75 535.53 1081.27 553.01 0.337791
4 1173.60 591.20 1195.57 609.76 0.376964
4 1084.41 530.43 1107.58 551.22 0.333206
4 921.93 818.34 943.09 841.19 0.324118
4 1049.44 506.53 1068.75 522.86 0.329147
4 1001.63 439.28 1018.67 455.96 0.296110
4 1016.75 486.42 1032.22 503.38 0.341717
4 925.90 1069.66 962.23 1130.68 0.350674
4 923.11 845.81 955.42 889.32 0.331535
4 932.57 1314.84 973.98 1409.54 0.331893
4 892.64 512.77 907.78 531.24 0.251284
3 1504.22 1186.74 1526.99 1219.14 0.315783
5 907.76 677.29 942.34 737.62 0.304407
4 1352.54 843.35 1380.21 863.68 0.307536
4 926.42 1218.62 966.00 1294.63 0.341626
4 974.44 414.59 990.40 429.63 0.213092
4 1034.34 475.50 1055.54 492.65 0.308360
4 1051.52 450.65 1071.61 471.74 0.213608
4 1051.32 403.02 1074.99 418.47 0.212514
4 923.53 1139.71 961.14 1207.66 0.321843
9 1641.29 993.15 1692.14 1037.06 0.246963
3 1310.99 904.63 1329.82 927.86 0.204468
4 1319.99 796.06 1346.22 819.27 0.207240
4 941.89 408.97 958.46 425.31 0.270159
4 1029.69 431.04 1049.91 447.41 0.204383
4 1854.40 1421.23 1921.57 1481.06 0.308943
4 872.86 267.45 898.12 284.32 0.210906
4 912.31 334.79 924.91 349.21 0.254122
4 1641.28 598.53 1668.59 621.82 0.230666
4 927.41 331.22 942.64 346.25 0.227125
4 959.94 728.04 973.89 748.08 0.269867
4 1023.91 443.76 1044.19 459.96 0.229157
9 1585.22 999.67 1642.21 1035.58 0.233830
4 1523.77 1135.67 1567.36 1166.98 0.200657
3 1805.72 1440.43 1836.20 1466.73 0.220057
4 943.38 699.74 960.25 719.05 0.268044
4 902.18 308.36 917.28 320.47 0.222934
4 905.37 660.16 928.33 679.30 0.205948
4 1422.52 519.38 1437.74 537.09 0.209586
3 1344.87 935.55 1367.62 961.53 0.234858
3 1370.17 903.48 1387.79 928.11 0.205622
4 972.88 362.55 986.49 377.19 0.210282
4 1477.92 517.89 1500.92 532.30 0.215078
4 909.54 638.17 931.70 659.13 0.203807
4 916.94 783.68 939.71 809.31 0.241893
4 1462.55 1165.85 1490.84 1202.78 0.220519
4 940.14 797.90 967.85 814.33 0.228391
4 1043.43 558.64 1066.24 578.01 0.212322
9 1162.13 554.05 1232.37 604.90 0.219905
6 907.26 676.39 945.63 755.65 0.229189
