4 670.22 609.52 880.28 708.63 0.633992
4 566.48 810.67 785.59 966.40 0.631532
1 834.31 1337.62 899.41 1482.28 0.679090
4 958.48 423.76 1017.85 489.57 0.528628
4 943.59 522.87 1023.83 610.41 0.520270
4 856.83 476.75 930.20 543.53 0.554882
4 1471.01 986.57 1740.76 1306.76 0.523402
4 966.33 307.87 1011.94 350.74 0.498368
4 1468.62 598.18 1612.18 733.84 0.470402
1 1096.95 538.47 1125.48 613.97 0.527538
6 1448.10 307.70 1607.18 427.47 0.412598
4 1525.01 290.38 1606.80 319.11 0.399989
4 1577.35 371.61 1632.25 430.60 0.486333
4 1669.91 350.29 1727.75 391.92 0.466433
3 389.08 824.41 515.16 915.96 0.420271
3 1831.93 406.45 1902.27 459.37 0.353858
4 1473.19 263.52 1545.14 301.48 0.399050
5 1302.98 208.19 1352.09 259.06 0.382489
4 1049.96 137.94 1070.70 157.71 0.302956
4 673.40 489.13 722.88 536.58 0.401389
4 969.02 259.29 1006.96 295.65 0.373138
3 1900.45 408.08 1930.88 442.16 0.281624
4 1012.26 119.10 1043.68 137.05 0.222415
4 1222.84 147.83 1252.61 167.45 0.232915
6 853.93 211.28 918.98 251.46 0.208528
4 1344.64 194.46 1376.12 223.27 0.306737
4 1282.44 178.28 1320.29 201.79 0.241189
4 1064.48 113.50 1102.10 136.36 0.225208
4 1317.97 186.63 1344.67 208.37 0.245877
6 1187.87 150.62 1215.69 181.89 0.345038
2 940.26 223.68 950.84 248.18 0.342601
4 1046.93 161.57 1063.71 177.13 0.297541
4 812.66 291.39 849.43 321.55 0.232796
4 1708.96 351.43 1792.27 414.95 0.335005
4 953.66 163.97 971.53 184.29 0.277781
4 976.69 170.44 1000.83 186.71 0.257871
7 890.56 324.20 920.69 345.12 0.233137
3 1098.71 568.85 1120.31 615.23 0.316862
7 917.99 289.47 958.73 321.78 0.240561
4 978.81 160.45 1005.75 181.99 0.219246
4 1132.14 126.64 1153.39 143.80 0.238916
3 388.91 845.84 454.07 915.85 0.243093
10 910.71 1285.42 965.58 1350.36 0.306571
2 777.30 416.57 792.37 449.80 0.282438
9 1104.57 96.02 1149.99 118.70 0.242524
2 1045.92 248.12 1064.98 279.31 0.232516
4 977.68 240.67 1008.20 259.49 0.299198
4 1163.13 147.01 1188.86 164.30 0.239741
2 1022.62 244.41 1033.87 270.03 0.253138
2 1444.99 232.86 1464.21 267.23 0.228020
4 1026.54 124.49 1045.10 137.94 0.207830
4 1393.83 203.59 1421.47 228.99 0.207525
