9 349.23 609.34 434.67 775.43 0.524291
4 864.71 519.66 894.43 550.21 0.464418
4 581.00 390.81 601.31 420.99 0.479122
4 440.90 389.52 476.85 435.13 0.430810
4 657.64 150.28 671.23 163.54 0.321292
4 561.90 209.77 577.75 223.89 0.356195
5 765.93 239.06 822.25 260.92 0.348414
4 476.20 426.20 505.95 459.42 0.409876
4 624.53 275.07 640.31 294.98 0.389866
4 524.13 286.40 547.90 316.07 0.379392
4 1001.70 601.67 1035.33 641.73 0.374499
4 977.00 566.65 1008.36 602.18 0.374697
4 794.66 303.20 811.21 319.73 0.293253
4 1025.08 642.95 1061.32 686.49 0.380221
4 866.91 409.59 904.38 448.19 0.273934
4 658.18 92.95 668.80 102.84 0.224238
4 733.36 184.17 744.63 195.54 0.263951
4 352.61 735.07 400.78 773.52 0.299364
4 793.08 268.11 809.42 285.26 0.300888
4 587.68 136.64 600.02 147.52 0.246363
4 566.50 151.40 580.73 165.28 0.269609
4 587.08 191.39 602.07 206.64 0.301065
4 609.09 254.50 623.61 271.83 0.317305
6 681.70 214.43 733.17 290.52 0.203383
4 600.23 146.80 611.21 156.53 0.218358
4 848.42 390.37 870.42 417.13 0.248894
4 770.55 390.84 788.92 419.73 0.331859
4 820.79 315.16 842.66 333.64 0.219788
6 753.28 134.51 768.81 150.11 0.241919
4 649.82 348.33 671.37 374.74 0.331186
4 827.07 241.52 848.94 256.15 0.209649
4 832.44 331.89 848.86 351.30 0.219824
4 911.92 143.87 924.26 154.63 0.233263
4 849.80 356.21 868.90 382.57 0.251935
4 350.43 705.81 393.63 742.15 0.231498
6 798.87 205.72 829.81 231.85 0.218334
6 824.50 204.39 850.85 226.27 0.206425
4 802.82 511.93 830.85 543.66 0.219029
