4 985.95 812.10 1069.94 854.00 0.570497
4 1067.29 465.05 1089.37 495.86 0.430534
4 1026.36 577.51 1089.78 607.85 0.408769
1 974.78 890.96 999.67 956.56 0.464754
4 1181.04 120.92 1207.21 136.13 0.286977
6 1066.77 252.52 1111.71 305.51 0.291019
4 1107.19 549.33 1133.59 591.71 0.282323
4 1115.29 333.55 1136.18 363.26 0.286135
6 1031.31 512.96 1072.69 556.19 0.294990
3 1222.90 931.17 1238.78 957.74 0.298285
4 1258.74 142.16 1281.73 156.60 0.236571
4 1537.37 87.53 1555.46 99.49 0.215813
2 84.56 643.76 128.37 673.68 0.234160
6 1074.29 143.40 1111.70 174.41 0.218210
4 1145.92 268.75 1158.29 287.33 0.229594
4 1073.68 546.92 1087.67 569.06 0.244209
6 896.76 245.81 948.34 293.99 0.205365
2 1221.65 921.01 1239.32 957.20 0.224365
