4 407.72 410.37 447.55 447.67 0.454025
4 1080.09 48.77 1112.19 84.33 0.427972
4 576.04 597.34 624.34 635.90 0.427650
4 154.06 323.42 206.73 365.56 0.338351
4 227.89 340.54 353.89 422.01 0.335941
4 1122.78 0.59 1163.24 43.51 0.282905
5 60.60 304.50 175.27 398.38 0.313226
4 184.88 464.40 237.96 505.03 0.317923
4 1077.73 0.25 1100.22 25.85 0.325624
4 213.28 480.54 237.55 503.94 0.248932
4 535.12 517.36 582.32 567.82 0.291178
6 129.41 186.88 176.03 235.75 0.247004
4 1315.76 14.75 1344.11 45.57 0.277215
1 1306.79 719.38 1335.01 763.97 0.287764
4 855.32 570.41 882.22 602.30 0.241590
4 1271.34 290.40 1308.21 328.64 0.218591
