4 613.94 931.55 743.99 1049.33 0.594270
4 788.42 787.10 907.38 1021.46 0.554267
4 1089.56 500.13 1216.48 669.48 0.561559
4 579.26 572.55 667.87 738.54 0.552014
4 771.78 530.33 856.53 705.63 0.487290
4 886.79 494.26 998.69 685.04 0.418294
4 955.57 123.43 1043.74 221.23 0.447171
1 559.69 375.28 584.61 423.48 0.440205
1 587.05 410.34 611.64 454.08 0.453787
1 403.29 467.31 430.04 512.55 0.431536
1 593.84 147.66 613.79 192.77 0.409517
2 439.41 277.51 491.85 360.34 0.319429
7 470.95 104.06 518.28 144.72 0.340556
3 595.26 164.59 612.53 192.75 0.343296
1 157.38 77.18 183.20 111.61 0.266624
3 431.94 440.54 492.18 478.20 0.350039
7 520.42 77.32 552.87 119.90 0.233956
2 556.90 59.98 572.02 101.67 0.340841
4 399.57 634.80 435.93 717.98 0.335644
2 353.01 393.53 372.83 434.28 0.261183
2 170.62 206.16 200.19 255.75 0.272299
7 286.17 588.66 341.20 659.16 0.209573
2 477.29 90.08 496.99 137.99 0.237302
3 372.36 201.01 410.01 244.15 0.212227
3 30.08 57.83 60.01 94.72 0.223532
4 313.79 477.37 343.67 512.99 0.202581
2 442.89 290.53 459.29 324.43 0.216174
2 183.80 168.47 211.19 219.55 0.230393
4 321.90 421.81 357.82 476.58 0.212673
2 456.07 289.75 474.16 323.30 0.200962
4 133.56 181.98 181.45 221.87 0.218196
2 474.01 290.15 490.18 325.12 0.220728
