3 1337.68 1077.97 1431.68 1171.28 0.498685
4 864.03 839.19 913.16 892.35 0.493474
4 999.13 682.10 1030.53 719.89 0.436882
4 980.60 718.41 1018.00 755.64 0.466796
4 1234.17 536.33 1266.79 553.43 0.418505
4 920.88 854.83 968.04 910.89 0.513965
4 1012.53 636.19 1055.52 674.70 0.400287
4 1173.80 533.35 1218.90 552.87 0.362326
4 799.65 901.83 857.69 964.92 0.441932
4 963.90 762.38 1004.30 807.00 0.442688
4 923.00 760.68 956.41 798.05 0.415705
4 934.97 796.17 981.81 852.19 0.424840
6 710.07 952.77 905.37 1314.84 0.424903
6 696.93 962.05 821.12 1161.88 0.423496
4 963.32 644.19 997.34 681.79 0.387770
4 1048.15 580.20 1069.06 601.34 0.411850
4 1140.64 405.75 1156.21 418.24 0.384704
4 889.44 785.47 931.58 841.69 0.440906
4 1014.27 601.75 1059.64 642.67 0.357249
4 981.12 607.33 1012.64 645.76 0.358017
4 1111.08 413.07 1123.59 425.79 0.374885
4 881.22 917.52 933.88 980.40 0.377196
4 1002.80 563.28 1035.99 590.05 0.314749
4 1153.39 527.47 1166.63 544.53 0.328981
4 1177.37 374.20 1192.63 388.24 0.296542
4 964.75 674.50 993.46 708.76 0.367491
4 1091.15 453.27 1114.46 471.57 0.301496
4 1089.47 434.57 1105.19 448.93 0.285378
4 1127.71 473.91 1142.48 489.12 0.425992
4 1041.00 485.43 1067.50 505.87 0.299241
4 1230.08 440.10 1255.91 454.89 0.248779
4 919.29 720.31 955.70 764.67 0.367763
4 1157.38 382.63 1172.83 395.60 0.339274
4 712.40 1179.94 825.77 1314.23 0.280150
4 1037.19 511.73 1058.89 531.79 0.317562
4 1120.95 375.00 1137.48 387.56 0.266361
4 1070.68 437.48 1090.53 450.67 0.232528
4 940.34 693.57 965.79 728.05 0.323087
4 1019.10 531.16 1049.69 561.92 0.244508
4 1106.45 361.86 1128.31 373.93 0.200770
4 1161.84 405.53 1171.63 416.86 0.227238
4 1152.86 467.62 1163.04 479.86 0.244074
9 1401.97 373.87 1563.02 413.33 0.200385
4 1003.02 582.03 1027.55 604.36 0.231609
4 1191.76 451.08 1205.68 469.30 0.215448
4 1172.80 534.47 1190.56 550.95 0.235550
4 1029.83 521.18 1053.47 540.86 0.205792
4 1078.87 456.50 1095.19 473.60 0.200970
4 1063.38 475.83 1078.66 491.11 0.203403
4 1199.14 537.18 1219.69 556.42 0.207352
