4 1183.33 1.41 1270.67 62.07 0.484326
3 1406.58 645.70 1439.57 695.27 0.487263
4 1139.57 109.81 1244.30 171.73 0.402719
4 1531.57 713.79 1663.79 898.35 0.385225
7 1508.92 501.23 1581.69 553.88 0.315888
3 1473.27 488.23 1501.97 538.83 0.361200
7 1540.89 641.60 1619.70 706.28 0.338885
6 1244.99 315.43 1309.72 407.61 0.284584
4 1467.70 295.96 1542.31 399.93 0.355266
1 1552.46 929.34 1609.04 992.31 0.364872
1 1619.26 956.42 1681.26 1015.58 0.379545
1 1311.23 248.27 1334.36 301.41 0.311778
6 1504.93 376.08 1617.20 475.83 0.269454
1 1320.32 565.87 1350.08 626.90 0.338004
4 1417.78 142.22 1474.84 191.67 0.240171
7 995.24 836.23 1125.00 938.32 0.223683
1 1418.37 310.87 1448.52 366.83 0.340875
1 1689.18 959.00 1749.57 1015.16 0.368890
1 1445.15 410.64 1473.68 467.41 0.305192
6 486.48 1412.64 658.37 1499.43 0.213188
3 1213.30 953.56 1259.40 1015.26 0.259144
7 1646.47 674.08 1718.62 742.67 0.296000
7 993.64 607.77 1138.11 937.53 0.317436
1 1157.85 676.98 1182.89 733.11 0.259214
7 1116.91 1195.03 1556.25 1489.83 0.225787
7 1259.76 608.24 1284.79 644.43 0.217645
6 1434.97 94.98 1478.81 124.52 0.225994
7 1454.21 173.15 1478.54 212.26 0.225629
2 1301.17 479.84 1330.33 551.99 0.239357
4 1430.14 121.26 1467.85 160.07 0.204807
1 1320.35 165.57 1339.22 214.04 0.278442
2 1156.16 720.71 1191.92 808.83 0.235495
2 1468.72 449.17 1501.31 525.61 0.234330
2 1408.50 622.85 1445.56 688.53 0.266672
4 1414.14 33.52 1448.27 76.28 0.217319
3 1322.62 593.17 1347.14 627.43 0.266960
6 1416.36 117.74 1475.54 192.39 0.215583
3 1299.69 507.85 1325.58 560.05 0.269994
3 1445.90 430.84 1465.35 468.38 0.326191
4 1167.15 0.00 1202.56 7.83 0.202348
3 1418.98 332.41 1437.09 367.20 0.240376
