4 545.13 708.02 639.44 751.98 0.541149
4 840.82 477.67 892.12 505.85 0.440630
4 1199.50 638.15 1246.58 699.29 0.465790
4 1087.74 402.51 1112.00 422.91 0.479009
4 629.05 489.45 678.47 513.60 0.427520
4 880.72 910.62 997.33 982.71 0.461601
6 1065.75 496.96 1125.25 581.48 0.348690
6 807.90 412.94 865.30 487.78 0.367038
4 642.50 459.31 700.05 485.25 0.362342
4 1303.86 427.07 1332.65 455.81 0.398370
4 769.15 575.60 795.66 612.97 0.412808
4 1051.43 411.01 1080.55 449.01 0.338238
4 902.95 959.85 1010.35 1056.22 0.346516
4 914.41 520.21 959.07 543.24 0.271587
6 1045.47 304.05 1092.28 352.11 0.362746
6 1090.98 535.66 1124.64 581.25 0.273672
3 452.22 720.79 491.39 746.68 0.251849
1 816.74 533.67 832.42 561.78 0.332974
4 686.33 317.88 725.50 336.84 0.224205
4 1349.87 377.22 1385.61 400.89 0.235134
4 809.81 235.61 836.40 254.25 0.200156
4 862.30 441.85 885.89 464.33 0.261219
9 810.17 193.05 828.31 217.85 0.254274
6 449.17 871.44 522.81 929.29 0.238455
4 502.54 582.68 537.29 606.13 0.221976
4 423.62 691.65 439.71 718.30 0.213787
6 655.56 399.93 708.93 445.93 0.225364
4 725.89 212.99 745.13 223.69 0.208485
4 1289.09 408.94 1304.17 424.08 0.226138
4 1340.98 339.12 1361.08 350.62 0.220137
4 672.42 440.62 707.31 458.04 0.218182
