9 563.34 209.96 653.25 346.09 0.544500
9 570.42 144.60 648.97 262.30 0.497407
4 475.94 264.63 517.92 317.35 0.510760
4 289.17 69.37 314.34 98.30 0.514088
6 1010.09 443.07 1228.11 543.66 0.552379
4 399.62 203.52 431.60 241.25 0.482644
4 324.70 136.34 352.22 167.81 0.486909
4 260.46 336.45 296.38 383.44 0.496033
4 349.47 201.39 384.29 241.54 0.477977
4 223.25 182.48 248.53 214.41 0.498714
6 513.32 64.76 582.03 162.74 0.411974
4 466.56 138.09 499.51 181.39 0.412237
4 220.57 661.57 273.99 738.96 0.366537
4 513.67 179.22 551.83 218.26 0.432481
4 450.96 37.49 475.10 64.28 0.475336
4 828.57 483.00 910.55 533.22 0.439442
4 475.63 76.90 503.58 110.71 0.446021
4 507.39 133.22 538.33 167.52 0.420312
4 408.55 10.59 428.97 26.87 0.427229
4 434.88 3.09 456.39 23.13 0.418562
4 487.22 706.09 541.89 787.45 0.352074
1 340.01 535.10 353.50 561.32 0.362729
1 730.27 732.40 746.16 763.30 0.331014
4 386.06 92.29 424.26 142.05 0.378369
4 710.05 415.95 743.83 445.90 0.404719
1 761.34 759.00 779.63 786.92 0.367345
4 1047.98 59.41 1071.32 81.96 0.368035
1 588.39 118.59 599.96 146.36 0.277990
4 236.39 661.49 273.27 689.06 0.275837
4 137.87 107.74 175.01 147.40 0.303320
2 593.23 13.51 607.41 54.92 0.249836
4 1320.64 421.71 1399.01 469.21 0.520821
1 756.19 732.12 770.51 759.39 0.306153
4 891.34 0.35 936.77 17.89 0.281531
4 524.24 572.01 578.15 665.14 0.351057
4 604.77 139.23 627.92 164.14 0.290037
2 319.99 497.25 345.37 528.24 0.235290
1 330.89 499.43 345.07 527.81 0.250365
