4 725.44 1294.02 778.72 1379.03 0.583255
4 668.64 1022.10 712.56 1087.24 0.544331
4 751.14 816.50 785.79 858.19 0.514072
4 392.15 1210.11 453.69 1284.19 0.531951
4 734.22 953.69 777.06 1011.81 0.429209
4 326.79 1310.23 404.94 1408.23 0.515144
4 820.02 652.82 846.72 680.38 0.444257
4 449.31 1405.34 525.46 1499.54 0.485279
4 513.75 987.48 558.45 1046.78 0.453575
4 802.17 594.37 830.00 623.45 0.387086
4 441.47 1111.99 499.19 1193.89 0.445265
4 267.29 1414.32 346.19 1498.89 0.475078
4 638.27 788.09 667.58 826.29 0.425705
4 837.59 533.44 856.44 553.27 0.368525
4 843.49 1057.70 892.22 1123.95 0.460463
4 790.37 715.24 826.56 747.98 0.420100
4 1026.30 958.12 1062.53 1007.64 0.376944
4 836.60 591.03 864.79 617.88 0.387949
4 966.51 981.78 993.37 1025.13 0.392504
4 1020.74 1407.58 1085.52 1498.86 0.467882
4 890.24 524.62 910.94 543.10 0.354053
4 593.03 921.85 611.65 950.76 0.365141
4 862.67 521.98 883.57 542.74 0.362363
4 1024.92 809.78 1061.79 839.23 0.364923
4 542.92 935.11 582.68 994.87 0.395978
4 1007.39 1266.75 1059.23 1343.89 0.389688
4 666.52 735.28 698.96 767.12 0.389177
4 854.91 552.71 877.04 575.93 0.388552
4 594.88 866.84 630.15 902.64 0.425623
4 886.21 415.75 905.34 431.53 0.349627
4 1016.52 1039.67 1082.15 1084.44 0.369044
4 1120.17 958.57 1141.98 975.13 0.258282
4 914.77 394.64 928.93 410.15 0.317162
4 883.56 471.50 903.96 490.01 0.339079
4 721.39 685.02 755.12 710.75 0.289987
4 1033.00 444.25 1050.64 470.36 0.317747
4 1666.56 757.57 1710.57 798.13 0.386008
4 1031.95 565.82 1052.90 582.91 0.326535
4 1031.95 420.21 1048.70 433.34 0.319728
4 873.44 498.03 894.58 516.93 0.332678
4 909.33 470.09 926.01 482.40 0.318165
4 944.03 362.23 958.03 376.68 0.295849
4 983.53 347.47 998.18 362.51 0.283844
4 938.88 326.04 953.95 343.56 0.252510
4 925.28 367.14 940.24 380.57 0.322275
4 837.19 430.12 857.55 450.88 0.268533
4 1035.26 481.62 1051.04 499.41 0.301643
4 535.74 1104.17 557.60 1137.74 0.239489
4 759.62 684.16 791.12 713.42 0.325969
4 835.04 725.73 848.97 753.30 0.260262
4 1026.30 772.87 1052.87 804.17 0.362898
4 685.51 411.92 700.70 426.71 0.273210
4 976.72 277.21 991.48 291.31 0.205267
4 861.13 473.09 878.63 495.12 0.320291
6 853.40 360.30 891.12 382.07 0.232692
4 796.57 502.37 816.72 521.23 0.357704
4 1903.08 861.86 1944.54 889.11 0.269362
3 953.41 1087.88 996.43 1124.88 0.219881
4 667.57 881.08 683.76 897.87 0.205953
4 827.50 449.90 844.25 464.93 0.260944
4 757.17 569.36 780.02 593.19 0.263025
4 1801.99 786.36 1877.09 814.29 0.208871
4 970.17 977.05 991.80 997.15 0.240346
4 977.25 322.81 990.99 334.79 0.249070
4 1087.77 779.39 1103.30 800.77 0.244226
4 1501.00 751.93 1565.24 777.69 0.220904
4 1033.38 374.10 1050.00 395.83 0.242745
4 976.07 935.94 987.96 957.92 0.235568
6 45.05 1207.68 316.48 1498.99 0.276356
4 1057.90 438.98 1073.20 454.13 0.256347
1 968.23 1078.05 985.29 1115.61 0.236476
2 990.33 914.69 1003.00 941.39 0.224698
4 1968.97 819.95 1999.76 858.80 0.239676
4 1012.20 705.37 1024.10 722.79 0.207756
4 938.53 341.36 953.05 355.76 0.233636
4 482.36 1052.03 534.14 1116.71 0.408831
4 811.71 475.13 827.69 494.36 0.242366
4 822.18 468.90 839.47 489.30 0.219092
4 1029.39 606.38 1046.34 628.04 0.212182
3 1129.81 1157.70 1168.76 1202.75 0.227070
4 1009.86 772.72 1022.08 794.75 0.251576
4 1034.22 506.64 1048.59 522.33 0.269481
4 892.63 599.89 912.42 618.66 0.208737
4 779.59 529.47 802.89 553.83 0.283814
4 932.14 393.68 948.36 406.81 0.261174
4 888.16 496.69 902.00 513.24 0.206967
4 1031.26 536.13 1050.32 557.80 0.265685
4 1033.63 545.16 1052.01 563.45 0.227642
