4 410.01 463.40 587.62 555.83 0.556501
4 417.54 392.45 589.23 475.69 0.498767
4 376.27 549.17 549.48 644.66 0.583861
4 315.91 641.04 501.66 736.04 0.589041
4 279.07 741.81 482.16 837.65 0.604608
4 44.02 961.20 177.72 1047.31 0.607803
4 73.69 337.36 188.95 414.96 0.589543
4 227.45 844.51 448.25 966.52 0.553472
4 273.76 431.29 380.12 594.30 0.548157
4 31.32 211.72 168.80 284.67 0.478551
4 167.49 223.20 309.95 308.96 0.549787
4 197.90 974.80 450.90 1047.43 0.500320
4 1334.11 82.37 1397.43 177.34 0.470998
4 786.58 996.85 1002.94 1047.61 0.431792
7 788.66 349.84 830.93 408.19 0.399648
1 757.96 318.68 780.95 366.31 0.417518
1 722.57 107.79 737.73 150.80 0.355467
7 799.96 284.61 831.71 323.64 0.389904
6 1130.87 290.78 1200.48 388.81 0.316108
3 582.80 784.26 616.83 824.75 0.411851
3 669.47 62.92 686.25 95.97 0.308974
1 668.65 424.09 694.66 465.53 0.396021
2 772.30 130.42 792.09 175.06 0.338931
3 675.06 441.08 691.24 465.96 0.315070
1 750.19 136.20 768.77 185.25 0.351232
7 866.74 308.89 893.93 342.58 0.296042
1 844.07 267.43 864.44 305.81 0.323478
4 1368.99 0.00 1397.66 24.93 0.244886
2 749.25 129.96 819.96 199.52 0.250165
1 573.06 602.10 603.55 646.67 0.348901
4 847.84 760.36 1046.23 908.10 0.268551
2 796.92 156.32 816.41 199.56 0.332787
2 789.93 133.78 809.47 176.04 0.320873
4 582.70 898.85 688.36 1017.51 0.291964
7 598.40 155.97 638.32 190.03 0.236292
7 83.78 543.24 180.29 649.53 0.231394
1 964.50 500.98 995.32 544.03 0.330498
2 627.85 45.12 647.81 87.31 0.240139
1 595.54 575.90 623.47 614.68 0.317751
7 586.99 402.00 653.89 468.61 0.251747
6 202.80 0.49 642.74 236.46 0.257780
6 0.16 264.19 139.63 501.00 0.243035
4 874.58 62.36 927.28 128.22 0.220572
4 84.25 609.82 137.40 649.07 0.205107
4 615.55 431.54 653.17 467.76 0.218159
2 820.33 158.58 834.53 194.00 0.291243
1 741.52 0.00 756.45 27.48 0.247939
2 1159.43 273.92 1183.02 295.36 0.216692
1 988.47 871.84 1044.78 922.52 0.281650
4 97.31 175.12 166.75 224.16 0.214714
2 274.71 325.39 291.37 352.72 0.260158
2 586.53 400.48 614.29 423.89 0.245861
1 586.55 400.38 614.47 424.07 0.248436
4 1154.18 288.73 1200.21 334.35 0.200785
9 274.18 105.76 577.14 235.25 0.222804
2 868.33 297.94 885.37 323.82 0.226215
2 590.09 742.13 622.46 804.39 0.220248
2 307.02 337.31 321.44 357.69 0.237086
3 964.15 512.70 993.22 543.37 0.205386
