3 1060.93 560.11 1082.99 607.84 0.559636
1 906.52 492.57 923.66 533.63 0.404836
4 767.08 482.05 878.66 544.43 0.571837
1 1099.83 680.31 1127.58 737.97 0.431094
1 985.11 602.59 1009.50 658.70 0.467588
4 688.24 731.35 851.82 857.08 0.492689
4 0.52 909.04 188.76 1049.17 0.408237
4 623.76 448.50 698.33 500.14 0.496073
1 735.73 406.38 751.75 446.19 0.420494
4 998.24 966.37 1158.07 1049.60 0.530042
4 278.15 349.19 316.27 376.24 0.494364
3 1034.51 682.58 1070.52 731.32 0.316218
4 637.55 802.89 801.61 966.63 0.465948
1 756.65 410.65 771.05 447.70 0.421101
4 813.33 363.18 882.50 414.75 0.373397
4 688.76 376.85 733.52 418.32 0.397979
4 596.94 498.80 660.52 558.95 0.431802
4 381.62 355.33 416.72 386.13 0.360636
4 111.65 503.32 215.77 577.95 0.348539
4 549.07 547.67 605.15 617.40 0.439230
4 956.72 325.98 1041.05 360.01 0.334845
4 665.07 216.60 689.15 236.73 0.308076
4 503.90 305.91 547.88 337.14 0.299031
4 758.64 314.12 788.28 342.29 0.312697
4 733.61 331.88 765.79 361.40 0.338224
4 725.30 182.04 744.82 198.31 0.279916
4 538.23 866.57 695.34 1049.28 0.399660
4 932.80 205.42 966.94 224.52 0.279296
4 88.43 545.58 236.54 651.48 0.259241
7 1027.99 672.70 1072.10 732.34 0.249109
4 961.77 249.03 984.49 274.67 0.260572
4 434.78 313.39 498.25 338.79 0.307209
1 1077.64 376.09 1090.53 400.80 0.322717
4 572.75 269.82 604.98 295.46 0.266332
4 195.25 673.11 302.84 749.17 0.324320
4 777.49 277.25 811.83 302.33 0.294532
4 953.64 179.50 987.33 193.38 0.258831
4 665.58 193.60 689.51 210.93 0.265520
4 402.33 333.30 468.58 364.11 0.315691
4 0.09 548.50 67.04 613.89 0.328453
6 980.46 242.70 1020.77 281.32 0.291376
4 503.16 281.12 551.46 305.18 0.280727
4 811.46 250.98 837.73 274.43 0.248378
4 856.51 188.25 875.34 203.83 0.239717
9 947.56 169.25 985.78 192.27 0.240538
4 947.10 285.15 1020.02 311.97 0.283161
1 1040.85 373.88 1056.86 413.67 0.348246
4 475.63 297.81 519.22 324.46 0.251295
4 530.78 267.42 579.21 288.31 0.234704
4 72.07 489.89 189.69 546.96 0.311034
2 736.03 406.09 771.18 448.54 0.226832
4 770.84 293.20 798.42 321.08 0.276138
4 575.24 435.09 611.06 468.13 0.248324
4 831.25 211.08 864.91 231.00 0.220732
4 597.82 252.37 629.76 279.83 0.209648
6 1001.55 215.50 1039.71 244.57 0.213942
4 133.47 269.57 177.03 301.05 0.224374
4 634.59 236.80 660.44 258.03 0.210967
4 0.17 751.33 13.13 793.75 0.254716
4 749.76 171.68 764.79 184.85 0.250610
4 824.04 231.91 843.54 251.11 0.244473
2 980.00 418.59 997.82 456.74 0.216357
4 791.71 263.01 821.06 286.00 0.227447
3 983.36 431.48 999.86 457.70 0.209343
