4 602.97 137.83 626.53 167.64 0.518539
4 608.12 409.38 632.93 455.91 0.485721
4 611.15 51.38 631.83 76.60 0.509231
6 556.36 49.79 596.86 129.90 0.373506
4 520.29 264.34 547.08 302.97 0.452285
4 78.97 375.54 110.91 414.97 0.459851
4 518.80 408.67 544.44 450.46 0.465812
4 552.03 400.78 577.98 442.36 0.472219
4 308.30 49.61 335.11 70.76 0.476769
4 777.64 199.69 792.79 233.32 0.454194
4 111.55 427.37 145.18 463.43 0.419318
4 778.36 373.05 799.48 413.57 0.439593
4 505.52 660.94 536.47 720.28 0.395995
4 136.40 459.85 166.92 494.22 0.381616
4 651.07 207.73 671.85 244.54 0.454682
4 20.20 172.32 43.27 196.26 0.363896
4 688.86 158.12 701.32 176.25 0.323043
4 134.93 347.00 164.20 376.96 0.383439
4 384.50 386.91 408.75 426.40 0.336213
3 34.95 388.63 78.12 452.55 0.288801
6 287.25 450.13 353.61 521.59 0.264675
4 51.93 215.15 80.69 245.02 0.366257
4 1233.27 83.86 1248.93 106.20 0.345074
6 1225.08 314.41 1378.19 447.68 0.271813
5 454.71 675.37 497.66 773.17 0.289278
4 635.76 4.15 649.71 15.85 0.256677
4 586.89 541.09 611.61 598.58 0.291642
6 14.57 683.15 146.92 787.44 0.201623
4 325.00 330.51 363.26 358.76 0.296649
6 239.10 284.81 343.72 412.03 0.234359
6 392.00 225.23 424.86 265.24 0.248189
6 911.87 0.38 1268.42 202.48 0.217482
4 395.13 133.43 411.47 148.57 0.232299
4 367.38 47.68 389.51 64.84 0.203884
4 114.50 247.18 135.70 276.19 0.216973
3 329.01 756.08 355.74 787.54 0.241826
4 786.84 127.86 805.72 165.88 0.283011
4 283.89 373.15 305.26 395.39 0.213904
4 557.23 101.34 580.12 129.55 0.241180
4 2.93 147.00 26.76 172.69 0.356130
