5 1145.53 780.53 1397.80 1049.31 0.487670
4 223.42 151.29 337.35 206.44 0.567026
4 649.43 161.48 706.27 220.41 0.596912
4 589.01 78.90 636.91 118.39 0.515980
3 1100.68 477.92 1156.18 527.62 0.565655
4 909.17 83.13 997.47 119.11 0.443022
5 833.61 361.28 948.82 515.27 0.386520
4 257.23 29.56 336.12 66.30 0.410631
4 422.95 342.71 500.29 458.62 0.389233
4 832.19 61.70 878.67 94.64 0.346188
1 386.96 122.83 402.33 157.70 0.367876
4 977.08 812.08 1162.98 1049.34 0.378307
7 930.69 295.92 977.02 362.20 0.432006
1 294.17 64.73 308.81 100.82 0.371553
4 401.04 749.88 477.58 806.82 0.410091
4 313.57 874.26 445.78 1049.00 0.395865
1 741.49 222.20 758.27 266.10 0.359146
4 499.52 23.54 536.82 63.67 0.406522
4 887.31 511.03 969.49 606.70 0.336553
4 248.20 0.03 327.20 40.04 0.279509
4 946.91 139.39 1004.24 181.11 0.402735
4 421.68 453.40 499.32 588.99 0.310792
1 926.62 272.50 946.19 323.60 0.338100
4 208.46 50.18 271.72 87.38 0.367231
4 644.96 0.00 702.90 20.77 0.300377
4 458.07 269.14 521.41 352.15 0.368993
4 629.32 37.20 679.04 78.64 0.362702
1 983.33 273.97 1013.36 346.43 0.313819
1 1046.92 375.28 1072.01 427.26 0.355172
4 948.43 111.82 1020.10 152.20 0.368652
4 444.42 44.93 481.57 81.49 0.331078
1 766.74 112.74 779.76 145.63 0.356460
4 391.78 42.25 426.32 80.55 0.358037
1 926.37 179.95 943.48 224.04 0.350102
4 472.48 225.78 524.34 289.83 0.336208
1 784.60 55.76 798.83 90.28 0.310273
4 836.15 203.90 912.77 268.65 0.392118
4 800.56 270.81 873.23 368.85 0.315161
4 601.59 0.00 643.86 28.71 0.282095
4 72.93 291.95 131.42 337.02 0.341356
3 981.84 306.13 1007.72 349.93 0.451052
4 571.17 8.35 611.25 41.78 0.332573
1 1227.04 439.47 1329.91 559.87 0.265472
1 975.09 232.35 996.37 274.68 0.314405
4 337.03 247.32 400.21 294.27 0.297647
4 621.52 16.48 669.39 45.98 0.340195
4 915.45 47.59 948.44 82.81 0.275884
1 1139.97 346.28 1170.11 398.73 0.280847
9 0.97 0.01 241.15 107.49 0.209662
3 973.83 489.28 1029.29 551.26 0.389415
6 0.59 178.90 114.74 326.43 0.234380
4 174.71 63.00 238.47 107.09 0.289711
4 431.84 7.79 472.87 47.83 0.281269
3 1046.92 397.17 1065.66 428.29 0.306646
2 694.67 94.86 708.51 129.52 0.305454
3 917.39 148.39 937.29 175.44 0.206347
3 979.00 177.05 1005.49 202.40 0.229226
3 1383.45 688.49 1399.89 737.40 0.275927
3 428.67 428.78 455.56 477.86 0.249195
3 903.86 130.75 938.77 175.71 0.213814
2 885.97 187.42 901.80 217.89 0.244514
1 1326.54 782.00 1387.64 910.36 0.274665
4 997.52 71.59 1029.15 106.55 0.240943
4 1040.02 15.81 1093.42 42.21 0.259770
2 791.34 25.05 804.97 53.25 0.243448
3 1074.90 435.03 1137.20 471.27 0.237291
7 811.97 80.06 875.67 125.83 0.220296
2 466.49 100.27 486.33 144.54 0.233218
2 939.40 130.80 952.16 163.35 0.254916
2 1341.76 26.15 1363.06 58.79 0.229172
10 1057.10 562.51 1084.26 584.77 0.209344
2 667.95 57.10 681.14 89.78 0.237302
3 974.53 245.66 995.66 278.97 0.281013
2 389.18 82.51 400.65 106.63 0.206832
4 916.34 28.93 960.09 58.31 0.215973
3 1210.16 561.76 1286.05 615.55 0.223597
