6 386.93 411.63 532.69 522.61 0.560682
4 0.64 627.20 124.66 691.57 0.591006
4 915.94 557.13 986.87 624.59 0.468000
4 796.33 364.94 860.15 415.42 0.526805
4 917.38 838.68 1037.76 958.31 0.493578
4 819.26 736.45 926.82 836.27 0.457670
4 1043.90 975.01 1162.95 1049.68 0.503924
4 31.76 368.82 109.87 414.41 0.461976
4 277.04 186.00 338.14 216.37 0.385745
4 78.46 141.46 138.09 169.28 0.440036
4 179.29 205.25 211.06 244.08 0.429907
4 417.59 308.93 491.28 352.24 0.440079
4 352.51 283.99 418.50 322.88 0.390443
4 0.10 219.63 26.84 244.16 0.405844
4 307.12 207.12 379.66 239.38 0.347786
3 823.57 603.71 843.82 641.66 0.348755
5 1.31 319.24 114.15 396.59 0.395363
4 8.25 262.55 78.62 295.90 0.340901
1 628.46 588.39 662.16 634.77 0.304485
4 689.12 839.39 772.18 962.64 0.390025
5 259.50 421.24 334.54 493.62 0.392093
4 0.07 978.89 28.83 1040.97 0.351816
3 112.97 246.32 128.44 274.53 0.364324
4 118.48 125.60 166.53 148.53 0.348123
3 127.11 156.57 146.28 180.50 0.240318
4 883.21 494.92 951.87 550.15 0.342465
4 308.26 15.29 323.27 32.18 0.304241
5 847.57 511.05 914.66 575.30 0.333226
4 266.18 42.39 299.22 60.54 0.309717
4 5.05 297.42 96.79 337.45 0.291155
1 209.34 495.06 233.08 531.59 0.307077
4 384.51 294.57 452.88 334.27 0.363268
2 655.34 274.29 674.00 299.06 0.245679
6 139.55 44.94 178.18 93.49 0.274913
4 289.23 244.26 337.44 270.73 0.260457
4 321.48 268.80 391.70 303.60 0.352468
3 661.01 402.57 692.65 432.20 0.286159
2 0.35 515.43 28.51 570.25 0.218588
1 218.75 236.64 232.70 262.87 0.286932
4 296.02 255.17 364.33 293.83 0.290667
2 813.58 449.13 838.90 483.33 0.230449
2 864.80 607.93 881.04 640.85 0.227504
4 939.10 476.01 1003.83 520.97 0.292227
4 841.60 509.00 873.78 538.60 0.294769
4 223.96 1.32 260.54 18.98 0.261767
4 428.18 522.00 470.47 552.41 0.268562
1 701.10 301.28 713.11 327.92 0.261192
4 781.00 673.96 849.21 746.15 0.267609
4 545.41 311.42 566.35 332.58 0.318445
3 866.85 382.82 907.09 411.59 0.236827
2 828.48 555.31 846.21 587.86 0.233147
4 408.30 219.97 435.50 243.17 0.240329
4 812.59 674.43 848.65 710.97 0.212371
4 634.71 336.86 663.13 360.00 0.314438
4 921.18 488.55 978.00 534.73 0.278045
4 8.56 280.15 69.79 315.90 0.268720
4 312.93 123.35 337.27 150.40 0.234693
2 589.15 894.97 626.09 942.77 0.240407
2 891.29 614.55 906.53 643.05 0.273799
1 151.28 229.29 164.42 253.84 0.297034
2 842.63 580.76 861.65 610.40 0.243322
4 1269.83 147.39 1323.16 168.06 0.203581
4 278.21 61.41 302.70 77.56 0.224370
3 827.74 572.33 849.00 607.24 0.211270
2 823.91 554.98 906.17 643.35 0.240456
2 0.09 515.33 12.55 542.13 0.210372
3 959.01 786.68 986.88 832.20 0.234756
1 17.73 514.18 40.96 543.80 0.282905
3 624.87 599.79 660.12 637.61 0.292298
7 870.82 718.39 917.01 749.27 0.220096
