4 1812.58 842.90 1999.59 1017.32 0.602908
4 1006.46 639.95 1203.03 902.98 0.574961
4 1360.38 1061.47 1705.09 1499.21 0.510745
4 1900.24 1062.59 1999.54 1235.54 0.562503
1 1137.85 479.31 1177.77 568.29 0.500771
4 1211.28 212.75 1296.92 324.36 0.443303
4 680.56 229.65 770.56 353.13 0.482719
4 1228.21 1313.70 1469.05 1499.07 0.575448
4 673.28 358.02 782.65 525.49 0.503074
4 678.67 529.60 802.68 743.59 0.533691
4 699.94 828.96 867.92 1159.97 0.477571
4 1373.85 506.11 1539.10 659.45 0.502251
4 1307.35 373.86 1459.87 511.80 0.465657
4 1092.54 903.74 1327.75 1236.33 0.418351
4 884.66 155.04 975.23 287.50 0.386206
4 676.50 139.73 753.61 243.93 0.440889
4 1075.27 90.10 1150.57 166.73 0.477124
4 861.57 82.79 934.08 173.20 0.446296
4 999.94 212.55 1094.15 330.05 0.438958
4 834.36 21.65 900.49 99.34 0.456366
4 1059.62 9.84 1137.69 82.55 0.422377
4 1144.57 143.49 1250.02 233.64 0.326215
4 659.70 24.91 744.89 92.25 0.292214
7 1797.59 148.22 1859.51 193.58 0.227704
3 1796.78 133.17 1860.26 192.88 0.282574
10 548.39 1336.33 596.26 1407.82 0.215145
4 1084.19 0.00 1130.32 21.73 0.247142
