3 592.97 828.74 614.39 870.77 0.628321
4 880.69 537.34 959.65 614.05 0.455891
6 691.16 206.90 779.31 258.48 0.427559
4 788.56 457.26 879.44 510.40 0.473714
4 1345.81 761.21 1399.74 828.55 0.437970
4 1275.18 615.73 1372.44 705.43 0.417245
4 1265.03 826.45 1399.65 990.91 0.410216
4 1193.22 879.44 1356.01 1049.49 0.479418
4 433.79 601.94 497.55 715.84 0.407148
1 492.78 361.56 507.44 395.40 0.349353
4 321.58 506.12 413.62 579.81 0.414609
4 1012.55 846.45 1132.68 985.55 0.441605
4 148.36 668.18 232.11 788.51 0.408477
4 593.78 103.72 615.19 123.48 0.369200
1 507.34 329.69 520.80 361.12 0.351757
4 428.68 542.09 474.34 610.03 0.417387
4 165.84 575.02 244.15 675.73 0.400480
4 664.79 351.71 708.07 399.71 0.424363
4 337.60 640.95 405.43 760.58 0.397857
4 1179.88 550.32 1245.10 632.61 0.421461
4 892.90 473.20 966.01 537.86 0.405563
4 317.97 559.85 423.27 645.32 0.404154
4 424.19 457.26 470.36 530.23 0.369930
4 460.96 61.15 479.50 78.60 0.333990
1 477.58 361.65 491.43 394.83 0.335551
4 307.85 205.75 341.51 245.29 0.308578
4 289.17 264.28 322.26 307.10 0.348037
4 303.61 247.21 337.75 277.53 0.330818
6 664.71 164.59 736.25 216.05 0.359478
4 278.24 306.19 319.04 342.52 0.359246
4 652.14 214.16 684.24 247.30 0.362808
4 1042.06 551.84 1134.36 649.85 0.383286
6 842.14 390.70 919.95 464.36 0.300182
4 231.56 434.46 282.63 502.45 0.358512
4 213.80 500.05 271.52 578.05 0.376656
4 428.98 398.00 470.58 457.27 0.336304
4 458.14 12.73 471.60 27.30 0.312024
4 464.75 294.96 484.46 318.04 0.326842
4 946.98 540.60 1026.51 623.21 0.401767
4 611.37 140.11 636.65 164.95 0.272993
4 789.82 406.58 849.92 458.47 0.374772
4 475.22 268.24 494.56 287.98 0.281626
4 439.52 192.09 467.15 220.96 0.295764
4 1098.72 544.33 1184.66 638.44 0.361271
4 252.98 394.22 299.78 441.06 0.343263
6 766.75 290.64 805.48 332.47 0.257501
4 366.34 329.19 405.94 366.38 0.292202
4 264.54 333.07 309.33 390.32 0.314240
1 590.08 809.63 614.84 848.42 0.331725
4 417.13 135.21 433.55 160.84 0.238502
4 794.39 357.37 870.07 402.67 0.316125
6 433.13 217.38 469.35 272.54 0.256402
4 349.15 121.16 371.03 146.78 0.239963
1 638.75 207.13 649.19 231.22 0.272211
6 791.57 305.54 859.39 365.71 0.254686
1 939.06 446.22 954.76 476.78 0.259626
4 1355.06 829.03 1399.77 906.31 0.399084
2 772.34 122.20 797.18 157.22 0.236351
6 621.10 159.36 649.64 200.50 0.205782
4 325.48 161.83 354.23 193.55 0.246793
4 440.28 152.45 463.88 178.78 0.286247
4 433.89 175.12 454.84 199.59 0.218072
4 282.49 1026.20 367.75 1049.71 0.206970
4 435.88 365.68 474.42 404.49 0.274694
4 668.99 62.88 685.97 78.05 0.210733
4 439.76 133.35 461.72 151.72 0.205784
2 477.90 359.57 507.64 396.43 0.203611
6 624.64 140.26 779.99 259.09 0.206925
4 403.44 248.05 424.78 264.56 0.237019
4 429.99 317.42 466.46 357.01 0.262571
4 371.81 140.72 384.28 159.42 0.208771
4 339.83 478.51 387.44 516.49 0.212783
6 639.21 141.41 691.59 213.19 0.219918
4 429.40 287.35 461.62 320.03 0.212055
5 842.68 390.88 896.74 433.62 0.210443
