4 773.32 175.27 895.02 379.58 0.522649
4 1153.79 193.75 1355.17 301.34 0.520545
4 890.80 214.12 993.84 413.90 0.513123
4 1089.23 305.19 1202.44 492.88 0.506738
4 992.72 246.03 1101.73 436.54 0.509100
4 604.33 16.61 799.50 141.54 0.519092
4 436.67 599.18 557.76 838.02 0.472612
1 336.69 109.31 372.59 154.83 0.457193
4 638.38 161.75 779.87 383.60 0.384754
4 521.80 138.57 663.28 333.32 0.383431
4 290.16 581.69 403.50 799.91 0.411623
4 1189.13 337.79 1307.98 538.74 0.490817
4 1287.54 345.23 1397.41 546.83 0.476395
3 889.32 45.73 925.48 115.85 0.514752
1 96.81 58.16 158.47 115.11 0.403559
1 175.23 31.92 226.96 99.44 0.415607
1 619.04 443.46 655.11 473.85 0.417181
1 43.04 253.23 103.09 300.13 0.398011
4 596.59 694.01 688.21 902.51 0.334349
2 660.42 451.29 698.27 506.91 0.237903
1 940.00 0.02 978.88 27.37 0.301002
1 105.13 339.57 171.98 381.49 0.339877
7 1366.08 791.85 1397.82 885.14 0.269977
3 258.29 61.47 325.07 152.68 0.285114
2 617.70 411.65 646.94 438.84 0.349658
1 613.10 500.79 686.36 540.36 0.316407
1 1100.27 709.86 1156.58 751.95 0.280866
2 1127.84 555.41 1218.46 613.36 0.251249
2 719.15 346.69 745.60 386.42 0.316879
2 1069.52 614.26 1110.81 646.50 0.301593
2 881.66 582.42 943.13 616.42 0.291012
2 660.84 451.54 685.33 484.27 0.304426
2 634.97 286.98 663.26 338.59 0.241639
7 0.45 438.52 216.77 757.02 0.340308
