4 1069.91 959.65 1119.92 985.56 0.490407
4 852.30 1101.59 896.99 1155.72 0.488894
4 861.95 1029.53 898.41 1071.06 0.514736
5 1232.60 1196.39 1351.35 1259.13 0.447810
4 840.18 1164.04 892.24 1229.98 0.538401
4 906.52 1188.03 979.49 1260.74 0.522463
4 1294.46 1373.78 1394.24 1455.75 0.475677
4 1116.53 1011.65 1192.28 1047.71 0.456537
4 38.05 1190.46 164.15 1276.20 0.476552
4 979.43 855.92 999.56 874.86 0.402763
4 1085.22 1180.96 1189.45 1254.15 0.376234
3 962.85 966.75 985.05 991.65 0.389603
7 687.70 1114.25 770.69 1246.18 0.348310
4 991.67 1132.22 1039.15 1204.57 0.394663
4 955.34 824.50 971.09 839.37 0.387640
4 1312.66 1274.08 1456.43 1337.50 0.438488
1 748.11 1451.38 780.58 1499.05 0.437059
4 0.27 1193.62 17.71 1225.54 0.326450
6 755.03 1055.43 813.50 1158.20 0.356526
1 1402.16 1212.71 1421.89 1272.45 0.374009
1 1065.68 1121.28 1083.78 1159.16 0.351559
4 859.42 887.24 884.29 912.99 0.264622
4 1034.42 901.49 1055.58 924.20 0.312946
4 604.62 1454.71 680.28 1499.45 0.300860
4 882.24 964.62 910.34 988.45 0.321846
4 1155.05 1084.94 1230.16 1125.51 0.284764
3 1196.07 1156.48 1234.27 1206.77 0.324865
4 1023.72 855.34 1059.37 878.17 0.274128
4 920.02 933.29 939.55 955.09 0.273427
4 909.67 858.07 928.73 873.33 0.301005
4 922.71 813.98 938.11 827.17 0.286291
4 1173.28 1096.20 1244.87 1141.52 0.276868
4 886.35 989.88 915.62 1016.34 0.347737
1 1244.82 1141.28 1268.27 1196.29 0.239903
7 1497.55 1336.56 1600.78 1498.09 0.205026
4 902.83 886.66 923.56 912.77 0.248047
1 1330.39 1443.25 1370.46 1498.09 0.247203
4 893.72 921.30 917.65 940.36 0.279710
4 1009.40 822.08 1041.56 840.20 0.207454
4 757.23 1112.47 799.98 1156.69 0.286504
4 1202.42 1085.48 1269.45 1123.54 0.232577
4 965.05 799.62 979.72 813.15 0.302596
4 1046.77 877.97 1066.02 895.35 0.285666
4 1179.32 1115.87 1282.87 1166.71 0.270572
4 888.65 940.98 911.24 963.35 0.261631
4 1010.00 816.84 1034.64 832.40 0.210758
4 929.34 850.13 949.15 865.16 0.350041
4 931.78 792.07 952.39 806.42 0.214879
4 1304.60 1327.40 1460.03 1387.18 0.339866
4 1064.90 839.35 1087.65 856.70 0.208754
4 1050.90 915.36 1071.64 934.72 0.285802
4 1.70 1336.92 88.27 1390.31 0.226761
3 1074.44 923.35 1096.35 945.12 0.210201
4 1063.95 895.76 1084.69 918.38 0.206021
3 986.98 873.07 999.45 892.61 0.207669
2 1196.51 1144.89 1266.73 1205.04 0.211736
3 1066.25 1136.73 1083.39 1159.89 0.343098
