4 1184.36 529.03 1243.21 584.97 0.497118
4 1361.86 198.42 1399.23 241.41 0.461183
4 1152.06 394.75 1189.68 443.17 0.411075
4 293.69 1005.11 315.34 1025.78 0.451209
4 919.39 779.02 957.83 839.53 0.395844
4 521.57 1012.11 554.53 1045.47 0.463732
6 1115.11 274.35 1199.52 386.80 0.352049
4 1038.83 613.41 1083.75 674.89 0.379408
4 1275.52 77.21 1302.33 110.67 0.401479
4 1155.98 709.26 1218.37 787.80 0.371450
4 1001.07 608.33 1040.56 663.50 0.369984
4 1234.02 229.69 1269.22 270.76 0.377060
4 1261.33 330.64 1302.47 374.75 0.418095
4 364.04 998.33 386.76 1022.12 0.452844
4 1179.19 343.24 1213.28 388.46 0.392144
4 1198.90 291.45 1229.51 330.23 0.378162
4 1110.13 378.76 1149.65 417.88 0.396898
4 1225.16 200.40 1249.37 231.36 0.348602
4 1260.19 182.77 1291.38 219.25 0.362016
4 1015.36 550.23 1047.76 597.95 0.349844
6 1010.13 84.01 1130.07 182.43 0.340886
4 1022.00 744.08 1071.46 822.75 0.359957
4 1307.19 22.96 1330.72 48.99 0.297194
5 947.80 668.09 1047.64 820.82 0.296841
4 1250.24 118.96 1290.20 161.18 0.312729
4 1089.42 425.46 1137.96 476.45 0.317282
4 1204.26 176.26 1236.72 221.41 0.291759
4 1365.07 11.08 1377.40 25.94 0.344659
4 1038.84 546.26 1067.59 601.35 0.307253
4 1061.41 501.41 1089.85 539.08 0.293853
4 948.86 764.95 999.00 820.04 0.356834
4 738.00 777.26 752.56 791.62 0.267637
4 360.99 826.33 379.48 844.51 0.253275
4 955.88 692.09 1014.89 754.60 0.328722
4 1056.97 532.29 1110.24 594.89 0.267391
6 606.03 536.72 753.94 666.41 0.225016
4 1185.85 258.25 1213.44 290.61 0.321940
4 1277.49 144.12 1306.65 181.29 0.299323
6 939.06 152.29 1086.36 314.99 0.213795
4 994.97 151.28 1022.35 183.10 0.237800
6 1047.24 140.99 1137.57 206.59 0.212760
4 261.80 970.41 274.41 987.36 0.268613
4 1089.10 449.99 1118.22 476.41 0.245137
6 1060.53 461.39 1154.63 573.87 0.223169
4 1071.02 100.32 1087.37 116.06 0.210151
4 1140.81 63.16 1164.12 90.42 0.208037
4 1022.13 301.35 1049.21 331.00 0.403381
5 1196.98 266.15 1242.64 330.58 0.206081
4 1007.36 288.91 1029.57 317.63 0.215435
4 1252.70 155.73 1276.77 183.21 0.282821
