4 385.87 602.06 491.48 649.86 0.578264
4 1804.94 866.96 1888.27 984.88 0.479256
4 1649.74 562.16 1711.55 655.79 0.417313
4 1733.96 443.97 1826.24 489.56 0.493016
4 806.22 568.91 850.90 658.32 0.388897
4 560.02 537.14 614.62 626.47 0.394417
4 1242.26 596.27 1290.94 693.99 0.413558
4 1180.95 592.52 1230.60 690.24 0.406443
4 743.13 557.67 792.20 651.06 0.382267
1 1124.73 611.94 1151.56 661.64 0.377104
6 121.16 359.77 189.35 536.48 0.331594
1 750.85 887.87 780.64 933.05 0.331808
4 1200.13 569.31 1244.94 592.34 0.322028
4 936.56 19.30 965.16 61.30 0.312432
4 1565.55 655.20 1597.92 686.01 0.262657
1 1426.93 599.25 1444.90 628.40 0.278134
1 502.52 660.90 519.98 684.62 0.247470
4 1272.23 572.89 1317.24 605.12 0.229292
4 1859.45 670.55 1915.69 731.00 0.234213
2 1656.03 926.70 1678.95 949.29 0.210954
3 1857.49 738.15 1904.07 785.20 0.222272
2 1098.40 914.28 1115.70 951.38 0.234938
