4 795.64 751.14 900.08 820.20 0.480476
4 479.31 683.36 580.58 753.48 0.472804
4 728.43 786.53 840.43 859.55 0.418966
4 465.92 622.47 545.92 684.42 0.462581
4 908.28 737.11 1019.35 805.21 0.481236
4 933.30 803.17 1057.98 885.39 0.464606
5 1063.08 768.84 1209.84 870.69 0.456283
4 897.00 859.37 1024.04 946.38 0.397253
4 1110.17 934.43 1270.50 1039.86 0.444699
4 118.87 481.10 186.63 517.89 0.416564
1 249.04 436.22 269.30 464.78 0.305289
4 599.92 739.54 702.30 811.82 0.461021
1 1331.58 773.72 1365.91 820.70 0.393076
4 221.83 515.16 288.66 557.19 0.424434
4 393.82 580.76 462.72 629.20 0.420393
4 388.64 625.06 476.62 690.12 0.404881
1 17.27 339.14 48.25 393.86 0.282595
4 225.02 559.19 297.30 605.20 0.395372
4 304.86 590.65 381.40 645.13 0.414721
4 571.05 676.55 669.78 737.86 0.475302
4 1103.47 858.64 1236.59 946.14 0.380881
3 419.67 449.01 483.03 486.72 0.357915
1 193.75 430.13 208.67 453.84 0.283988
4 671.93 710.49 768.12 775.48 0.473875
6 547.72 602.74 874.37 753.00 0.319982
1 632.55 494.07 653.64 566.76 0.312843
4 169.78 523.37 242.49 574.23 0.338009
4 116.83 509.03 174.54 548.70 0.363148
4 1362.01 689.22 1399.60 747.61 0.275016
2 181.88 435.21 195.04 458.43 0.238029
5 786.40 658.51 873.48 751.26 0.237250
4 1329.62 476.66 1374.54 510.09 0.229780
3 23.75 371.39 52.73 394.08 0.237020
6 270.75 420.57 307.97 456.76 0.217007
2 1349.73 527.53 1392.31 560.69 0.221311
2 275.87 435.17 295.21 460.30 0.214746
3 608.94 513.19 677.47 571.19 0.288704
3 575.52 652.83 652.65 687.97 0.221305
2 245.89 418.37 269.90 465.73 0.218907
