4 503.53 1109.72 661.08 1206.98 0.547554
4 974.97 884.72 1066.83 948.11 0.533896
4 944.43 836.05 1043.48 897.72 0.519932
4 1154.39 1410.73 1371.33 1499.47 0.556394
4 1170.49 1234.56 1346.16 1363.16 0.438373
4 1025.65 1029.50 1184.50 1110.97 0.449786
4 1025.94 964.17 1150.86 1043.64 0.401159
6 1108.87 1098.55 1310.61 1235.55 0.466820
4 980.94 718.20 1021.28 762.17 0.501989
4 580.00 1059.30 715.71 1133.76 0.522169
4 811.25 544.79 858.06 567.22 0.466021
4 727.94 756.95 822.44 797.92 0.413672
4 708.00 822.41 807.71 867.64 0.430553
4 954.89 674.00 1004.65 711.71 0.445779
4 715.50 789.56 814.78 831.94 0.418287
4 945.13 608.23 992.42 640.66 0.465780
4 949.55 644.32 1006.89 678.50 0.418514
4 687.82 849.04 796.24 905.48 0.428574
4 665.97 938.57 787.84 1010.22 0.380288
4 650.67 988.29 765.47 1076.56 0.411424
4 1027.75 1084.24 1170.42 1196.82 0.433274
1 839.98 899.99 859.94 950.41 0.464215
4 951.03 559.55 977.31 584.68 0.410544
4 921.96 986.23 990.47 1090.56 0.467978
4 933.44 467.54 960.99 490.87 0.385908
4 748.75 702.42 822.88 736.88 0.349878
4 752.02 677.63 836.09 717.49 0.285387
4 192.07 748.01 234.36 774.16 0.352361
4 684.31 887.71 786.32 942.72 0.360139
3 145.59 774.81 172.90 809.80 0.336291
4 774.70 646.86 849.62 679.54 0.299428
4 125.63 518.42 162.11 538.87 0.294929
4 944.96 443.95 962.85 460.87 0.359208
4 798.74 571.98 828.93 600.19 0.369204
4 739.96 722.46 822.93 764.63 0.385506
1 1492.11 989.33 1508.93 1025.14 0.326822
4 786.78 598.01 846.32 624.90 0.328546
4 931.92 513.36 973.37 537.90 0.339776
4 836.66 466.98 857.72 487.61 0.388145
1 202.51 897.64 225.89 926.33 0.318409
4 839.88 446.46 869.11 467.65 0.310306
3 841.61 920.35 858.39 950.77 0.393507
9 274.50 441.53 389.86 484.73 0.214203
1 69.30 802.62 94.18 850.63 0.260202
4 939.26 535.97 980.42 562.54 0.307224
4 923.24 339.80 936.55 354.24 0.231779
7 1718.84 1239.85 1929.96 1427.27 0.227787
4 127.07 469.92 158.84 490.45 0.208749
4 945.18 483.43 965.28 504.16 0.350178
4 848.06 429.19 869.35 446.56 0.324453
1 1474.63 988.39 1510.43 1070.68 0.200797
1 413.90 669.03 432.43 700.96 0.203097
4 773.08 637.30 844.98 664.80 0.230176
4 754.73 665.25 829.43 696.46 0.210970
4 775.37 621.49 847.74 651.95 0.269696
