9 298.16 164.01 400.16 230.44 0.517536
1 1019.05 485.50 1054.34 576.17 0.545101
1 328.74 829.64 393.51 1018.18 0.575295
4 514.55 325.21 641.48 395.62 0.524413
4 724.21 491.57 1027.53 674.45 0.443442
4 662.02 371.82 825.37 461.40 0.491973
5 342.69 230.89 441.89 323.54 0.401718
4 156.18 353.62 268.76 445.97 0.490900
4 717.30 349.40 874.37 414.39 0.524067
1 46.38 301.62 76.61 363.51 0.452657
4 531.07 233.56 596.80 266.89 0.423082
4 286.45 255.50 347.14 297.74 0.402673
1 1002.18 275.55 1016.08 313.13 0.417529
4 213.66 223.89 266.21 262.18 0.385275
4 650.22 296.14 774.72 344.65 0.525987
6 1092.51 280.72 1139.96 360.30 0.381482
5 428.82 278.75 527.73 352.92 0.471283
6 249.71 154.03 294.35 191.42 0.393335
4 252.24 204.55 308.45 238.92 0.372414
3 1352.18 379.40 1399.10 419.79 0.351383
4 265.17 239.10 322.89 275.70 0.348347
4 185.00 208.82 227.08 244.02 0.323348
4 40.44 133.94 64.10 151.18 0.225156
4 644.28 256.03 672.48 285.09 0.300412
4 158.88 203.78 195.74 233.27 0.256096
3 0.35 356.18 64.54 468.49 0.244686
1 758.93 228.30 775.27 265.93 0.306944
7 1051.25 280.07 1141.22 361.20 0.231762
4 447.90 234.51 545.77 281.41 0.304877
3 49.84 323.33 75.65 362.81 0.207920
3 1050.17 317.37 1090.56 354.84 0.236410
4 1200.82 300.34 1314.75 339.51 0.218068
4 698.18 217.16 726.12 228.63 0.207652
2 432.78 194.16 446.96 217.92 0.210122
4 275.99 174.25 301.61 195.77 0.212920
