4 0.54 1138.93 309.94 1281.32 0.640779
4 1058.06 1001.21 1188.23 1183.67 0.551795
4 1131.14 1201.31 1304.27 1452.02 0.558951
4 1020.87 862.05 1120.41 988.86 0.466309
4 778.25 666.36 826.38 714.75 0.506862
4 700.54 583.32 798.90 627.47 0.480558
5 716.06 1168.86 849.24 1452.33 0.507762
4 491.94 672.22 564.34 709.49 0.474217
4 740.13 970.73 834.14 1155.56 0.418044
3 339.79 1107.18 434.57 1161.24 0.436773
4 968.07 499.33 1033.05 525.33 0.528928
4 752.27 546.64 830.09 582.26 0.511290
1 1018.71 630.37 1039.37 671.04 0.407533
6 762.13 443.20 884.31 519.44 0.361611
4 765.93 766.88 840.11 876.93 0.376734
4 968.31 672.74 1022.56 726.50 0.466567
4 1004.40 793.27 1081.19 870.51 0.431114
4 1252.33 500.14 1322.29 524.01 0.410209
1 885.54 534.05 900.73 559.22 0.368156
4 1123.84 435.44 1161.26 457.70 0.330346
7 111.69 944.05 210.12 1053.87 0.223467
4 1095.57 425.20 1118.17 442.14 0.351171
4 435.34 688.98 549.91 755.59 0.447091
6 1189.72 416.11 1263.37 475.40 0.284241
4 774.29 723.79 835.23 775.03 0.298250
4 1539.82 491.17 1613.73 525.01 0.262553
4 939.60 592.90 981.45 616.73 0.338825
4 751.01 886.13 823.47 974.66 0.421804
4 1123.03 471.69 1183.83 495.17 0.311784
4 1150.91 439.02 1188.56 461.45 0.293689
4 1176.54 407.14 1202.71 421.96 0.255202
4 1284.50 393.52 1322.90 414.63 0.253951
4 146.01 516.16 186.31 551.01 0.251434
4 423.72 531.26 457.37 556.05 0.232353
4 1022.20 862.53 1090.84 924.63 0.273076
1 1004.10 530.48 1025.89 559.54 0.306912
4 1090.88 397.60 1108.86 415.58 0.230225
3 339.06 1061.39 501.14 1164.50 0.203998
4 635.98 681.58 656.63 725.68 0.212384
4 636.82 482.89 697.92 511.65 0.214863
