9 859.05 225.39 1055.51 307.98 0.749520
5 660.30 256.68 807.16 319.22 0.517505
5 1110.89 221.84 1252.29 279.79 0.514693
4 616.07 690.11 672.54 781.51 0.555218
4 0.16 331.77 86.66 378.53 0.596700
4 102.12 320.61 206.07 366.59 0.569579
5 1307.72 207.86 1399.53 262.63 0.450344
4 367.53 369.53 476.29 420.74 0.454000
4 207.52 303.16 314.62 355.37 0.500436
4 983.64 0.00 1006.45 13.95 0.370756
1 1019.52 400.85 1035.76 428.36 0.406374
1 1177.78 392.51 1198.46 416.16 0.399589
1 280.64 508.45 294.85 531.66 0.393273
6 44.28 23.10 93.40 97.53 0.331702
3 327.23 310.75 343.57 350.17 0.283402
2 1076.31 202.31 1095.19 235.99 0.345595
2 1322.51 397.03 1339.32 415.02 0.378548
1 1032.67 137.43 1043.04 158.56 0.324839
4 239.30 0.51 276.41 47.31 0.279444
4 39.12 502.72 82.14 527.10 0.319065
1 1227.34 405.78 1244.32 424.25 0.364892
1 138.48 11.28 151.78 37.01 0.308917
4 169.67 0.00 204.31 41.69 0.293235
1 760.13 577.82 773.61 599.22 0.349802
1 689.81 440.64 704.27 462.84 0.344485
1 78.63 280.22 97.17 303.70 0.309967
1 873.72 446.47 886.24 462.20 0.378258
1 1112.95 587.85 1126.76 607.59 0.303653
1 1030.98 760.79 1050.24 786.96 0.306479
4 73.35 492.63 138.77 514.34 0.296613
2 399.85 268.24 411.10 288.39 0.298900
4 280.83 0.66 313.40 42.10 0.282583
2 428.73 302.27 442.37 338.93 0.242693
2 605.67 472.81 619.90 491.66 0.307530
4 223.79 86.36 274.99 119.94 0.219934
3 1065.53 228.92 1105.32 252.65 0.263337
2 986.89 166.89 1003.75 200.76 0.251423
4 154.36 483.18 216.10 507.26 0.334351
2 956.39 624.83 968.84 643.21 0.274708
4 355.13 0.50 378.40 23.65 0.269853
2 921.55 585.09 936.76 605.48 0.259512
2 726.80 220.74 737.46 249.58 0.233512
6 0.16 0.24 97.85 181.92 0.245965
6 176.64 71.34 274.54 122.25 0.208812
2 955.86 548.29 970.72 578.36 0.223194
1 715.42 466.46 728.58 479.86 0.318117
2 1019.12 670.53 1041.34 693.45 0.215885
4 562.16 737.60 590.55 787.17 0.315037
2 1067.18 644.31 1087.12 695.21 0.220095
4 314.98 0.00 344.21 28.11 0.213027
2 591.11 525.91 606.81 547.93 0.234919
7 583.42 273.35 633.26 323.33 0.204541
6 56.14 71.12 277.25 168.93 0.215691
2 1193.75 554.47 1211.73 581.86 0.211366
2 687.89 73.84 700.86 91.56 0.207204
2 602.43 472.70 620.46 511.12 0.234916
2 925.50 604.25 936.49 624.10 0.200054
4 61.03 5.88 97.38 39.38 0.244365
2 725.74 626.32 735.41 646.57 0.200192
2 736.16 607.92 747.88 626.01 0.209673
7 377.44 286.84 427.30 339.70 0.203779
7 523.00 276.51 570.33 327.35 0.218210
