4 310.89 167.99 434.29 233.23 0.458010
4 1295.18 160.03 1387.46 223.07 0.394547
4 893.63 351.37 1018.52 418.54 0.344127
3 1335.01 76.40 1357.15 101.72 0.248328
4 516.18 425.81 561.00 474.73 0.228795
4 1262.26 44.32 1314.00 115.73 0.272911
4 302.52 458.83 357.66 539.51 0.200259
4 1318.04 8.45 1365.06 46.28 0.309405
2 2.55 252.88 394.18 546.00 0.261933
4 521.13 529.28 575.46 612.13 0.213444
6 1040.95 214.89 1227.04 313.82 0.246405
4 840.97 531.48 925.10 592.43 0.241235
6 988.15 32.10 1180.59 144.59 0.228841
