9 543.84 237.67 774.50 345.58 0.748855
5 266.15 298.60 446.60 392.69 0.528146
5 835.78 229.69 1004.51 311.18 0.589368
4 837.97 6.39 865.45 34.97 0.524535
1 412.56 704.78 430.14 737.94 0.456800
4 819.79 61.28 848.10 90.00 0.550993
7 1090.23 234.89 1159.80 288.05 0.318134
1 284.11 470.63 300.98 502.33 0.412001
5 0.14 330.82 159.76 406.59 0.463618
2 1042.38 292.12 1058.31 320.91 0.397579
2 1006.10 299.49 1021.18 327.00 0.407694
1 856.90 307.86 873.08 341.70 0.366411
2 892.87 320.91 904.75 342.03 0.368722
2 628.64 127.00 642.83 151.13 0.280314
7 1036.37 237.47 1089.56 297.69 0.310723
6 514.20 127.24 570.45 170.48 0.263229
2 1273.59 92.46 1286.36 120.81 0.268906
1 682.18 137.34 691.28 156.75 0.287680
2 1200.01 268.73 1217.63 298.61 0.303317
6 800.02 1.25 823.13 23.62 0.290886
2 1328.61 100.33 1339.94 121.69 0.303338
1 541.99 353.20 566.27 386.91 0.418511
2 733.49 153.26 745.34 177.69 0.268003
1 1024.04 377.86 1034.38 397.35 0.319109
4 931.13 4.91 945.72 18.40 0.287138
6 187.65 2.28 244.65 59.91 0.261376
2 710.67 155.89 721.27 184.51 0.279763
2 1241.68 108.26 1260.55 133.46 0.231545
4 799.97 459.76 819.02 481.54 0.258467
7 400.72 571.34 427.26 618.48 0.220501
2 529.44 179.12 541.86 207.03 0.258640
2 901.83 98.98 910.41 118.01 0.216531
2 236.99 402.97 262.43 441.74 0.267552
2 1298.38 92.13 1311.71 111.83 0.244281
3 847.21 332.87 862.89 356.03 0.262645
1 469.81 671.98 485.01 696.07 0.342541
2 331.73 468.83 354.18 502.38 0.219141
2 1030.41 251.61 1044.44 273.50 0.228313
2 1217.58 279.34 1230.04 298.45 0.239729
4 932.28 39.25 952.56 61.77 0.201086
2 244.72 403.28 261.95 425.67 0.205521
