4 430.05 75.93 458.51 97.69 0.491712
4 497.60 150.11 530.62 176.00 0.513161
4 865.41 389.44 939.50 469.02 0.444755
4 649.93 88.34 685.34 118.34 0.484457
4 684.88 292.51 728.49 332.30 0.507918
4 400.54 24.94 423.44 42.45 0.468233
4 743.93 154.53 792.08 202.89 0.397132
4 578.07 608.38 635.14 710.08 0.379305
4 1112.27 571.41 1238.65 709.61 0.356261
4 470.70 7.48 498.59 35.13 0.267192
6 1067.04 210.82 1154.27 267.02 0.242373
5 1279.33 16.80 1307.37 39.81 0.278040
4 481.41 8.11 498.31 19.85 0.220081
