4 726.32 800.01 762.71 839.11 0.552992
4 1152.47 741.54 1228.75 777.41 0.532631
4 1681.08 983.05 1813.63 1040.60 0.570418
5 1296.02 649.03 1364.13 683.17 0.464224
4 1547.77 899.17 1660.41 952.28 0.547632
4 1662.48 1318.84 1887.34 1425.25 0.553256
4 1148.72 671.25 1191.19 698.30 0.492120
4 1038.44 635.14 1100.07 661.36 0.462071
4 1695.03 883.40 1732.75 909.54 0.459901
4 1295.83 887.47 1414.04 944.95 0.402521
4 1945.66 1208.99 1999.59 1283.38 0.498706
4 1462.30 832.04 1562.09 867.99 0.491785
4 1888.00 1116.96 1994.87 1210.43 0.467556
4 1490.32 1114.22 1636.55 1193.57 0.454309
4 776.48 621.65 801.68 648.64 0.467882
4 1226.81 662.20 1273.85 691.35 0.463545
4 1177.80 542.92 1227.58 560.66 0.377617
4 1515.76 855.86 1599.10 899.41 0.476184
4 773.89 520.08 805.07 536.21 0.392214
4 537.54 527.76 562.45 544.86 0.382105
4 720.47 521.62 744.20 537.05 0.401303
4 930.27 528.75 961.27 543.19 0.353794
4 1539.22 1160.91 1711.19 1261.11 0.335601
2 1552.07 1065.71 1597.97 1117.56 0.415661
4 850.79 529.52 875.05 544.57 0.436981
1 1575.91 1066.09 1597.74 1114.68 0.364261
4 1249.49 618.40 1268.26 636.97 0.364682
4 632.39 521.75 654.06 537.71 0.314115
1 1603.90 863.83 1622.17 901.79 0.322920
4 1216.13 652.66 1257.33 676.73 0.361756
4 1006.35 611.75 1066.10 635.05 0.270092
7 1130.04 1013.13 1182.23 1089.08 0.285295
4 749.33 531.36 774.31 543.73 0.402298
4 778.51 792.62 828.69 821.81 0.327904
4 610.31 528.87 634.56 545.73 0.364623
1 1552.08 1072.03 1572.95 1117.74 0.376787
6 1435.05 1021.28 1531.16 1084.46 0.239247
4 992.99 548.32 1009.70 561.53 0.418651
9 1.23 580.23 538.23 1359.56 0.262089
4 464.33 623.95 480.36 639.11 0.324279
4 1132.17 611.23 1192.03 632.93 0.318042
6 931.94 644.10 958.91 685.86 0.206378
7 1005.70 761.57 1038.50 810.91 0.225384
6 778.45 774.22 830.41 822.34 0.227890
4 1407.18 1021.71 1458.10 1065.25 0.285268
4 1135.71 592.83 1175.86 612.25 0.272118
4 1209.63 593.53 1225.43 611.32 0.223728
4 608.60 512.62 633.60 528.73 0.231173
4 570.10 516.19 585.65 531.50 0.278120
1 1536.67 884.43 1551.17 915.14 0.209424
4 1006.00 609.71 1027.12 627.81 0.289957
4 963.38 531.20 980.13 544.82 0.220668
4 1177.94 544.30 1199.75 559.81 0.221980
