4 862.79 318.50 930.86 351.96 0.524989
4 1114.69 187.19 1154.88 217.17 0.570575
4 1346.85 107.05 1370.61 124.80 0.563257
4 1241.28 73.14 1274.27 94.92 0.518189
4 1025.25 435.08 1112.23 474.93 0.482723
5 89.95 329.87 182.90 357.77 0.360935
4 65.14 240.71 94.30 258.80 0.336963
1 211.63 599.69 229.30 637.99 0.359032
4 176.05 127.23 210.24 140.57 0.327803
9 465.57 46.70 553.80 73.85 0.333576
4 448.58 416.97 524.97 458.03 0.359441
4 59.80 213.51 88.52 230.27 0.300509
4 5.41 213.43 34.51 230.70 0.339344
1 114.10 615.87 129.80 650.94 0.315024
1 237.18 605.39 251.85 640.39 0.343426
4 815.05 88.75 877.14 128.94 0.280114
4 475.95 377.31 555.71 427.09 0.358091
4 31.85 226.16 62.63 243.34 0.292870
4 90.24 226.24 126.28 245.68 0.332050
9 638.11 229.69 698.43 246.93 0.304207
1 189.48 616.30 206.08 645.56 0.268608
4 244.91 78.25 271.60 95.52 0.244526
4 119.16 239.44 152.36 257.13 0.304448
4 551.81 48.45 572.67 60.89 0.283409
4 1144.24 27.75 1169.59 43.36 0.259390
4 35.99 203.16 60.88 221.19 0.288896
6 912.90 61.43 1016.41 115.65 0.215576
2 188.80 599.72 265.21 647.41 0.214575
4 105.48 116.19 122.10 126.10 0.254023
9 1238.30 33.77 1296.09 54.23 0.201140
2 253.49 621.84 266.47 638.89 0.213044
