4 642.20 86.65 692.99 113.02 0.457173
4 417.81 0.69 454.12 32.95 0.470709
5 1096.82 140.25 1138.09 223.51 0.340787
6 695.10 529.89 790.47 617.67 0.261307
6 583.89 642.11 688.44 752.27 0.225531
6 619.87 458.95 710.03 554.56 0.244854
1 650.06 753.81 668.62 784.42 0.289661
6 562.87 476.26 659.23 588.45 0.252364
6 660.99 622.49 765.83 731.69 0.227483
4 1098.25 178.64 1131.97 222.81 0.250073
6 610.54 564.21 703.53 664.92 0.235272
4 295.51 189.62 330.85 258.07 0.243849
4 0.26 237.23 47.03 304.49 0.241505
6 697.05 581.27 799.60 683.97 0.223838
6 491.51 324.92 536.20 413.00 0.244282
6 511.04 400.64 598.34 499.89 0.205417
4 578.88 741.39 615.54 770.04 0.209606
4 614.75 744.00 642.27 773.17 0.201114
6 555.58 403.96 636.15 488.16 0.207134
4 0.07 156.65 23.02 191.02 0.314718
