5 1203.35 995.88 1717.50 1429.76 0.542768
4 1024.91 1222.69 1547.05 1499.10 0.463013
4 1870.51 1155.22 1999.54 1499.20 0.380069
1 1794.49 767.15 1909.31 884.43 0.374182
1 1321.14 614.73 1374.70 733.60 0.360731
3 322.00 438.48 412.56 516.67 0.403438
10 895.22 1168.40 997.27 1239.58 0.403308
1 637.94 464.87 687.74 560.39 0.378156
2 895.96 551.00 1087.98 759.06 0.289599
1 956.89 476.20 1001.62 589.30 0.316343
1 897.72 626.07 940.45 733.84 0.305343
1 444.79 563.18 493.10 644.62 0.362233
1 370.57 546.09 441.93 658.08 0.377627
1 1566.97 616.23 1633.50 716.92 0.348845
1 941.03 640.32 991.50 759.26 0.326696
4 1734.39 0.12 1998.64 51.02 0.280282
3 829.41 1109.27 997.92 1244.47 0.340892
2 1023.66 553.36 1065.42 626.12 0.258456
2 314.31 613.62 353.56 673.42 0.258663
2 1048.61 626.40 1085.21 701.82 0.261269
2 988.87 623.31 1036.65 729.71 0.249560
7 353.44 666.48 467.23 809.46 0.224643
7 322.95 438.76 484.00 523.25 0.253850
7 400.46 464.07 484.53 520.36 0.208950
9 0.37 371.98 166.20 474.64 0.211035
