4 725.24 514.50 739.41 540.49 0.450000
6 897.70 143.05 910.21 165.30 0.312572
4 916.81 276.06 934.70 297.97 0.370275
9 589.30 376.28 625.88 492.00 0.302868
4 758.02 38.26 768.18 51.69 0.295645
4 736.57 4.47 745.90 16.87 0.275039
4 761.87 87.14 771.65 101.85 0.247198
4 784.23 614.24 798.11 643.68 0.303628
4 768.41 199.72 779.67 216.51 0.234161
4 760.65 117.42 770.23 132.12 0.249324
1 181.92 160.43 202.17 196.91 0.271857
4 769.84 146.02 778.89 160.07 0.247971
4 762.26 441.88 775.99 465.10 0.260417
4 1134.07 393.32 1171.25 433.52 0.241524
4 797.32 213.58 807.86 230.44 0.245733
4 822.33 477.61 836.23 502.66 0.265202
4 815.82 28.62 825.33 42.61 0.224425
4 778.37 74.83 788.52 90.47 0.217617
6 768.79 334.17 783.09 364.99 0.209774
4 751.12 385.58 763.14 407.05 0.245707
4 790.66 146.11 801.01 163.16 0.239405
4 793.77 0.00 804.01 8.55 0.201774
