6 576.28 415.01 623.51 557.66 0.428836
1 872.97 646.41 886.39 674.45 0.449046
4 745.44 294.00 768.33 309.25 0.393338
5 719.80 225.89 769.21 255.13 0.353132
1 893.78 655.68 904.85 684.89 0.345808
2 850.65 640.15 865.41 673.32 0.345022
6 576.80 588.02 636.04 787.33 0.319349
6 630.03 23.16 662.14 50.27 0.278117
2 633.62 388.64 643.62 406.83 0.247060
2 758.40 340.07 768.24 356.77 0.252109
2 541.17 437.50 552.02 460.58 0.211612
4 630.96 23.80 659.80 37.69 0.289377
2 922.67 373.40 933.17 391.27 0.214021
2 861.52 677.30 878.51 712.43 0.227106
4 1266.91 273.84 1297.18 286.69 0.200132
4 1091.19 61.26 1139.29 96.70 0.202637
6 510.78 318.97 520.59 341.96 0.217702
2 552.59 433.85 564.58 455.68 0.204464
