5 374.52 0.32 450.98 107.28 0.510998
5 231.90 439.64 346.49 646.32 0.521595
4 5.21 246.31 93.73 301.77 0.538027
5 1244.48 172.91 1358.83 363.85 0.463136
4 969.99 625.65 1119.63 733.91 0.375113
4 761.79 343.08 801.77 371.20 0.410543
4 1340.75 0.23 1375.17 35.58 0.394100
1 309.95 202.75 328.35 229.99 0.375018
1 615.87 137.58 629.00 162.93 0.359700
4 1175.20 335.58 1236.27 415.34 0.339874
1 569.28 453.38 586.04 475.72 0.340569
4 1276.92 0.53 1335.37 46.21 0.302093
1 111.84 134.23 131.63 159.17 0.333186
3 96.27 168.94 148.46 208.30 0.310333
9 299.89 147.45 420.83 379.94 0.703547
1 799.41 364.55 815.16 387.18 0.319141
3 1267.70 440.02 1328.54 510.35 0.326899
1 801.01 433.07 811.36 452.76 0.308127
2 737.22 371.53 750.53 394.07 0.321054
2 732.74 417.24 749.03 449.90 0.283181
2 653.26 410.25 661.38 432.08 0.267694
7 854.28 271.18 880.93 294.23 0.218246
7 192.35 685.21 283.30 767.13 0.218673
4 967.40 377.25 988.41 396.64 0.268665
5 1106.27 348.12 1148.55 391.50 0.201850
4 287.25 50.75 306.94 73.00 0.225451
3 687.96 674.94 728.00 703.56 0.280448
2 975.98 324.06 991.07 349.22 0.262373
2 68.99 152.66 90.39 181.67 0.236119
3 1039.19 222.14 1060.33 255.06 0.232744
2 219.24 179.92 252.69 204.84 0.233009
6 844.72 295.74 897.36 362.21 0.254943
2 711.12 423.33 725.14 449.19 0.251048
4 1331.00 53.80 1367.77 85.30 0.209564
3 1036.14 512.40 1097.25 593.01 0.218793
2 1000.35 291.52 1015.14 313.37 0.231922
3 218.50 689.34 282.35 722.91 0.283653
2 1062.27 340.90 1081.52 372.39 0.202659
2 278.39 144.51 294.78 176.17 0.211958
4 1306.22 141.98 1349.47 181.38 0.264103
2 944.62 380.26 959.45 408.78 0.209969
2 692.23 426.84 704.53 450.63 0.212428
1 336.02 0.00 350.10 19.08 0.275432
