4 1482.73 908.88 1559.54 938.93 0.473345
5 1655.02 1135.88 1834.67 1204.72 0.494289
4 1817.39 1056.35 1920.67 1119.01 0.467322
4 940.66 851.23 968.90 876.79 0.464949
4 1497.87 991.10 1533.83 1018.95 0.424968
4 949.74 820.22 970.82 837.56 0.401457
4 698.52 1076.07 787.41 1165.35 0.406225
6 1405.01 740.91 1562.24 870.61 0.334854
4 1473.56 879.06 1542.42 912.66 0.355365
4 1466.71 847.50 1531.93 877.08 0.306563
4 982.99 811.96 1002.45 832.76 0.406960
4 985.65 772.66 1002.73 789.16 0.391657
4 961.58 793.14 978.72 807.61 0.357254
7 965.10 886.38 1032.92 1023.58 0.268376
9 1539.11 789.29 1858.12 1049.33 0.286279
4 961.05 770.71 976.94 784.81 0.336176
4 937.82 732.97 948.93 745.79 0.343760
9 1539.33 793.16 1676.94 953.52 0.223088
4 1600.80 1076.43 1688.22 1123.62 0.296700
4 969.82 886.66 1013.88 913.83 0.291019
4 1384.07 900.43 1406.64 925.23 0.234996
4 984.78 740.77 1001.65 752.68 0.212377
4 964.01 747.07 980.56 763.06 0.240412
4 837.37 760.28 857.07 772.15 0.220453
