4 887.52 447.25 943.39 525.85 0.611737
4 939.35 692.97 1012.95 815.65 0.575390
4 805.33 126.30 844.39 174.36 0.491116
4 929.04 350.04 989.22 433.37 0.509473
4 840.53 554.10 909.93 654.96 0.456887
7 419.46 691.80 470.02 748.93 0.438984
4 753.67 565.34 829.62 678.46 0.488216
4 699.46 252.05 763.28 324.01 0.489530
6 1285.81 372.80 1340.26 463.89 0.374205
3 704.78 743.46 729.92 782.58 0.490161
3 774.39 793.25 802.65 830.99 0.432668
4 957.18 284.41 1006.19 353.96 0.441893
3 503.02 1020.17 534.12 1049.27 0.373385
7 622.60 324.95 664.67 352.90 0.338073
3 673.02 711.03 700.38 750.73 0.423550
3 850.91 804.42 882.64 847.67 0.471193
1 723.42 642.85 744.18 699.88 0.415351
4 1287.89 325.33 1333.47 378.45 0.382347
1 863.08 674.09 889.11 737.21 0.405121
1 775.01 763.11 802.61 817.18 0.399361
3 864.05 702.88 887.93 737.81 0.404934
2 893.73 262.89 917.00 298.36 0.349267
4 984.41 230.38 1033.80 292.73 0.387039
1 855.24 781.99 888.85 835.81 0.391857
4 1105.28 680.60 1145.66 697.37 0.242059
3 1349.90 578.86 1397.39 624.01 0.306815
1 704.32 719.22 730.19 773.81 0.387631
1 830.84 743.82 864.38 808.11 0.393828
7 1290.40 265.48 1325.98 292.53 0.239831
2 674.01 685.78 701.26 738.42 0.350215
1 1356.53 471.35 1392.26 504.46 0.329380
3 1344.81 387.25 1392.95 426.25 0.263492
6 400.57 34.59 742.30 331.48 0.289062
3 854.78 368.01 878.84 400.72 0.307272
2 1204.68 302.73 1221.95 331.77 0.290380
1 255.57 584.61 294.48 630.23 0.268847
3 892.82 272.91 917.31 300.08 0.280248
2 862.96 353.60 881.80 382.80 0.307525
4 1274.51 231.99 1306.88 248.62 0.213661
3 441.08 515.97 495.78 557.09 0.347819
3 553.33 308.90 574.29 342.32 0.223114
6 778.20 176.76 804.40 226.06 0.235389
3 931.11 295.70 950.95 329.56 0.246371
4 1273.94 211.75 1312.89 248.61 0.215559
2 200.89 632.89 224.51 670.10 0.233088
2 432.08 694.28 457.12 727.36 0.295630
6 565.90 46.92 738.12 272.24 0.209981
2 423.17 692.86 465.20 743.91 0.222072
3 1205.62 311.68 1222.18 332.49 0.267398
7 1337.59 319.37 1379.93 385.59 0.225536
3 725.86 668.01 742.55 699.62 0.251529
