3 5.06 735.52 40.20 773.42 0.479540
4 449.15 537.29 519.16 616.89 0.471356
4 862.90 745.91 950.96 911.19 0.481159
1 700.31 574.15 717.03 614.60 0.453649
6 669.75 380.98 732.51 499.17 0.418896
1 691.83 471.78 705.93 509.86 0.420200
4 401.49 619.94 507.30 703.96 0.354288
6 617.51 479.51 647.51 520.88 0.230250
1 396.19 790.40 412.75 817.57 0.267516
7 615.40 479.05 649.81 533.88 0.208334
2 478.53 492.31 513.57 548.71 0.221636
3 463.53 505.39 510.79 547.73 0.203210
4 1174.72 25.73 1200.92 41.58 0.205475
9 599.11 63.73 652.12 80.88 0.245651
5 709.60 382.39 731.53 428.48 0.200468
3 650.77 510.41 667.36 539.29 0.244869
2 194.71 1003.42 246.04 1049.19 0.225656
