4 147.26 920.19 279.45 1014.55 0.536286
6 481.51 495.98 608.26 570.21 0.518114
4 754.76 965.43 906.33 1048.34 0.496360
4 884.25 475.66 960.52 528.33 0.489739
4 743.47 887.98 875.73 953.57 0.498961
4 751.66 820.90 880.41 888.42 0.471226
4 877.59 630.86 980.43 690.86 0.478752
4 896.47 358.55 952.00 397.94 0.494686
4 249.36 795.84 371.91 869.32 0.443901
4 405.26 505.73 474.69 566.22 0.441550
4 998.62 563.85 1028.92 597.17 0.439194
4 417.61 604.07 518.51 649.64 0.398977
4 778.85 669.06 893.35 744.40 0.382705
6 931.57 266.79 1014.11 325.20 0.440180
4 294.91 738.88 405.70 807.27 0.404641
3 928.49 467.20 963.52 499.17 0.391295
4 0.21 922.57 95.44 1003.19 0.363240
1 588.76 587.08 604.44 620.47 0.404826
1 87.90 894.11 118.05 935.23 0.378373
1 868.67 621.36 894.34 665.05 0.396763
4 696.05 364.25 750.14 405.10 0.396629
4 391.30 634.72 494.04 684.80 0.394541
4 303.11 671.06 442.50 760.97 0.378218
4 167.93 846.98 280.00 922.23 0.398290
4 740.55 747.08 869.35 826.44 0.383408
1 926.49 619.14 940.29 637.67 0.367301
4 375.44 666.03 467.88 720.07 0.390063
4 903.09 407.89 939.58 445.64 0.384837
4 164.90 57.48 246.39 78.29 0.292397
4 452.97 566.06 533.57 616.26 0.347451
4 0.04 848.93 29.23 896.71 0.380634
3 956.52 516.28 992.28 542.81 0.336401
3 752.99 369.79 795.73 403.62 0.232381
4 653.88 381.88 708.28 423.97 0.373775
4 961.75 895.18 1020.04 937.28 0.250939
4 1010.28 244.02 1061.36 273.60 0.258765
4 991.85 939.46 1039.56 981.75 0.226641
4 481.48 510.76 508.15 551.46 0.283666
4 973.22 401.74 1013.51 429.12 0.246898
5 967.26 426.97 1047.15 473.19 0.260041
4 1014.99 442.35 1044.89 474.73 0.255258
2 774.38 370.79 794.06 401.87 0.248061
3 402.23 473.90 436.55 510.40 0.230883
4 740.83 361.53 811.15 401.44 0.259031
2 883.25 408.87 901.75 435.45 0.211371
4 560.92 389.27 606.65 423.86 0.217641
3 33.73 871.51 88.97 914.12 0.283094
9 978.66 133.39 1399.52 1048.57 0.257725
