4 333.02 222.83 369.51 245.44 0.577489
4 654.96 68.17 693.78 87.54 0.314539
4 676.84 76.54 694.60 88.24 0.330934
2 610.78 301.46 708.68 346.02 0.257144
6 182.99 15.68 266.48 44.30 0.319439
5 200.52 15.30 239.25 37.82 0.263526
4 490.08 62.54 508.04 73.20 0.236339
2 367.33 321.80 384.15 350.66 0.281877
5 654.52 68.24 680.76 86.21 0.306976
2 488.17 338.92 501.66 364.83 0.275012
2 622.19 420.24 897.31 699.12 0.236731
2 841.45 644.88 868.95 692.08 0.269134
2 797.57 650.89 826.01 700.42 0.264286
4 520.70 123.61 545.25 140.55 0.227639
3 558.33 353.84 576.46 378.57 0.230941
2 626.01 462.83 640.51 494.12 0.206989
2 252.49 324.80 272.32 354.72 0.279700
2 725.04 514.80 753.08 564.55 0.215997
2 814.59 579.87 830.04 612.36 0.230021
2 648.07 422.25 660.50 450.72 0.230956
2 641.35 473.14 660.73 510.28 0.230171
3 222.47 84.54 268.49 104.79 0.216263
2 314.26 250.95 328.00 273.75 0.268246
3 650.49 437.89 665.11 453.39 0.254319
2 697.04 482.55 718.27 523.54 0.203437
2 592.56 376.81 607.95 407.73 0.231767
2 316.77 316.64 334.35 348.08 0.238441
2 567.38 702.09 598.97 744.52 0.243643
2 761.97 566.53 784.46 605.66 0.208560
2 789.64 567.36 804.68 599.56 0.209698
2 866.76 639.62 891.96 687.67 0.266323
