4 828.49 283.20 864.50 316.96 0.432882
4 1092.47 233.17 1117.05 257.56 0.462119
4 1122.33 181.62 1143.38 202.60 0.437667
4 1058.35 594.17 1116.88 667.55 0.459175
4 865.19 605.60 926.46 714.39 0.351666
4 1116.18 154.29 1137.91 170.02 0.411682
4 1142.57 389.77 1183.33 433.00 0.370064
4 1152.12 158.01 1172.93 178.64 0.437335
4 1359.37 651.65 1399.70 735.54 0.337703
4 1086.89 422.66 1123.78 465.10 0.373866
4 1129.80 132.94 1150.84 147.94 0.403575
4 780.12 346.83 822.68 392.26 0.334303
4 833.48 550.28 888.01 634.19 0.279567
4 432.12 892.20 482.16 964.20 0.333104
4 688.35 447.02 744.24 504.42 0.331136
2 381.33 393.17 405.03 423.17 0.286131
1 1219.37 497.03 1253.85 574.88 0.283540
4 1025.84 485.33 1071.42 535.57 0.326410
4 1144.52 50.33 1163.98 67.79 0.280993
4 1094.61 17.91 1111.06 32.90 0.220416
1 344.79 443.17 359.56 475.78 0.228669
4 1187.71 99.30 1212.62 131.90 0.216365
4 855.45 260.22 877.41 288.66 0.323643
1 202.34 590.34 220.85 633.19 0.211821
2 381.75 394.43 392.89 419.57 0.277832
2 473.70 383.42 483.54 401.70 0.222855
6 730.37 92.30 837.68 154.77 0.211568
4 650.40 510.87 697.41 573.00 0.254250
4 723.96 413.23 765.19 461.58 0.316204
4 1192.97 78.78 1211.40 96.33 0.281980
4 682.57 557.77 740.62 605.07 0.232547
4 1254.38 166.33 1280.31 194.28 0.235438
4 924.16 138.81 947.96 160.49 0.240185
2 500.72 361.23 510.75 378.97 0.226640
4 606.80 558.38 661.62 627.93 0.243912
2 519.66 465.50 530.62 486.06 0.211907
4 1074.03 192.01 1087.18 206.84 0.237663
4 191.37 782.49 266.32 852.08 0.253738
4 492.87 796.57 553.03 891.16 0.232977
2 284.00 528.24 305.84 563.99 0.204521
4 1231.39 77.89 1253.42 97.07 0.213019
4 1306.47 404.35 1349.20 463.15 0.221806
