6 847.88 401.89 922.04 457.30 0.289759
4 652.45 371.05 691.90 396.54 0.405349
4 594.04 388.67 625.97 416.73 0.321027
6 501.78 185.53 589.24 259.70 0.272689
5 743.59 518.03 838.46 573.21 0.322537
5 811.72 521.50 857.73 555.37 0.281840
6 811.34 521.22 875.71 568.46 0.206573
4 786.75 378.74 810.16 399.70 0.240889
5 823.68 461.25 870.91 490.71 0.222911
6 946.18 517.66 983.38 544.13 0.242532
2 1023.07 519.18 1031.62 536.18 0.207208
6 743.01 517.46 927.32 618.25 0.295054
6 444.10 154.76 511.38 212.24 0.225230
6 852.84 406.20 883.06 432.76 0.204794
4 741.95 359.01 773.95 383.52 0.207159
