4 666.47 510.73 750.44 624.34 0.584866
4 1320.63 756.99 1399.74 872.22 0.526781
4 501.89 193.21 548.44 252.91 0.517828
4 556.53 164.86 608.40 222.66 0.473437
4 447.17 67.73 491.57 107.36 0.516723
4 814.47 170.84 884.22 217.13 0.492695
4 934.42 53.12 998.43 91.47 0.432893
4 538.00 21.10 577.12 56.73 0.445587
1 743.22 122.27 759.01 155.90 0.407592
4 1031.21 414.59 1108.84 476.97 0.331657
4 967.28 84.37 1045.21 124.86 0.405418
4 869.08 300.34 895.73 338.77 0.414380
4 963.75 289.01 1024.91 353.90 0.475396
1 680.39 73.87 697.80 106.32 0.391826
4 101.39 134.61 146.90 183.12 0.409975
3 680.64 87.09 699.07 107.83 0.387493
4 1005.72 96.91 1079.05 142.16 0.361755
4 1174.34 580.93 1325.60 717.45 0.267211
4 82.81 221.87 140.36 303.71 0.352229
1 1073.02 484.89 1095.20 537.53 0.295409
1 271.08 149.17 289.96 184.09 0.295570
1 706.72 112.51 723.45 146.85 0.358683
4 675.13 6.42 717.88 39.61 0.345685
4 1241.80 642.98 1325.75 717.71 0.228213
1 271.74 207.75 290.77 242.36 0.250197
5 1030.52 414.34 1139.03 508.60 0.227587
4 222.65 69.05 265.26 111.96 0.259579
6 984.86 2.27 1399.99 293.44 0.226528
4 688.34 21.76 717.28 39.37 0.251082
4 1071.14 455.04 1138.51 508.71 0.219358
3 749.38 142.65 759.10 156.54 0.207648
3 712.36 129.48 724.23 147.67 0.220170
