4 913.87 0.54 971.99 74.74 0.530465
4 843.83 58.26 900.73 153.30 0.403355
6 842.04 486.12 918.55 660.70 0.309914
4 753.88 0.00 835.66 45.06 0.490488
4 1202.96 948.28 1279.52 1014.60 0.279214
3 1000.04 200.46 1024.85 237.23 0.393652
7 827.01 691.06 913.98 776.61 0.287536
5 1145.61 560.12 1257.15 672.86 0.314167
5 712.45 152.63 870.88 240.88 0.240531
1 1018.55 1166.92 1055.84 1212.08 0.346310
4 1195.24 1051.80 1332.27 1313.08 0.304940
6 1036.85 106.95 1100.27 225.34 0.306562
1 924.25 451.65 948.42 509.15 0.398588
4 1104.56 419.77 1174.70 549.74 0.358411
1 987.69 986.78 1021.19 1071.20 0.360241
1 927.45 246.69 949.41 300.13 0.326136
4 1031.20 0.21 1062.38 40.28 0.365971
7 827.11 772.10 925.75 932.46 0.230177
4 1162.19 731.64 1201.17 787.47 0.255887
1 909.68 246.78 930.90 300.59 0.304116
3 836.44 356.17 865.76 416.11 0.297764
7 1040.72 149.88 1099.24 224.55 0.234103
4 712.95 160.20 822.13 238.00 0.312283
1 1076.64 199.57 1109.83 252.83 0.298876
4 874.70 3.19 898.08 44.67 0.256992
3 870.83 1259.30 923.83 1344.08 0.332161
4 847.78 555.23 913.91 660.31 0.276874
2 1170.30 657.74 1206.40 723.32 0.244055
2 1072.83 702.14 1103.16 764.98 0.224607
3 1075.07 716.86 1102.26 768.10 0.265823
3 771.96 1217.61 824.64 1294.42 0.245314
2 921.31 854.23 944.29 929.10 0.260941
4 835.15 0.07 887.88 48.06 0.263535
6 1104.16 418.60 1239.59 550.02 0.244944
2 909.85 245.22 949.46 301.54 0.261837
2 906.84 171.71 930.95 223.38 0.218931
2 1001.36 180.56 1025.09 230.62 0.260241
2 1507.50 1119.46 1556.08 1212.20 0.215048
7 1189.83 871.11 1267.09 936.16 0.217792
2 837.13 1252.11 870.94 1300.30 0.214433
2 881.84 172.43 904.38 223.84 0.205504
3 909.15 195.99 933.78 224.53 0.255507
1 878.70 1144.21 909.53 1179.04 0.210718
2 994.17 2.00 1010.52 34.19 0.213361
6 1143.67 558.63 1288.08 674.07 0.247349
