9 89.67 264.77 340.51 414.63 0.697595
6 561.66 47.92 648.25 193.83 0.433899
6 782.40 195.43 852.32 398.67 0.526951
4 408.55 150.36 464.46 210.74 0.489815
4 525.44 120.71 568.97 177.05 0.393105
4 604.95 0.00 640.59 24.72 0.422207
4 471.55 67.22 517.42 115.95 0.470357
1 291.05 650.68 307.32 679.05 0.437139
1 1025.57 400.91 1050.61 438.66 0.266119
4 869.35 154.54 900.07 204.66 0.293848
4 872.70 80.49 905.86 134.74 0.303442
4 883.72 223.54 926.04 292.84 0.394379
1 984.33 317.81 998.60 344.36 0.316265
1 897.57 436.44 909.26 457.62 0.307774
1 873.88 306.23 885.95 335.38 0.288206
6 880.22 0.66 926.54 74.48 0.299286
3 263.29 637.28 281.20 659.92 0.298622
2 867.04 420.99 886.73 448.01 0.294544
1 979.37 295.84 993.17 321.18 0.292930
2 1027.66 350.73 1045.12 369.19 0.286451
4 399.73 415.27 411.75 427.78 0.210208
1 615.89 604.64 633.62 643.85 0.244249
1 1006.19 324.25 1021.32 350.61 0.300904
1 860.79 681.93 875.89 704.03 0.255246
4 771.58 15.31 785.30 26.96 0.216468
1 636.98 702.58 649.91 743.16 0.248475
2 931.79 147.30 942.05 167.83 0.217680
1 245.37 669.95 267.27 688.98 0.218325
1 854.42 320.19 864.97 340.88 0.225797
1 846.82 373.07 859.67 399.69 0.222892
