4 195.31 768.44 388.08 856.85 0.407779
4 63.66 340.13 185.95 474.78 0.364344
4 1793.63 663.44 1915.37 772.48 0.361485
2 1252.16 561.29 1309.83 597.90 0.287237
2 1126.89 642.48 1154.01 680.07 0.239888
2 747.87 527.60 771.33 572.83 0.245088
1 264.59 498.27 301.53 536.09 0.240952
2 612.21 515.63 636.48 563.40 0.248704
6 831.59 875.61 961.87 1075.42 0.255605
2 234.56 542.00 281.51 580.23 0.216472
4 0.21 317.02 60.31 432.06 0.297220
1 74.64 544.86 113.91 588.72 0.341287
10 1722.42 614.65 1836.96 671.20 0.200965
3 712.54 579.47 790.51 613.07 0.203531
3 454.04 548.73 523.21 582.36 0.204670
6 831.22 775.74 1174.90 1075.58 0.235361
