4 573.55 164.96 585.70 182.22 0.470550
4 488.56 181.20 509.79 201.18 0.483769
4 492.90 444.84 518.95 470.51 0.492156
4 653.70 414.65 673.63 440.17 0.477256
4 425.30 351.89 463.14 375.35 0.480982
4 404.25 407.27 440.90 428.75 0.470661
4 631.80 568.81 656.88 609.64 0.434163
4 592.56 29.93 603.52 44.14 0.450468
9 311.51 277.33 383.47 319.99 0.497051
5 329.17 340.85 382.33 380.43 0.372108
4 669.56 572.85 695.44 614.58 0.461007
4 592.77 407.39 613.52 437.26 0.387056
4 739.84 702.42 773.63 753.54 0.394910
4 529.10 502.86 551.66 535.70 0.395660
6 774.60 240.63 798.95 276.20 0.311821
4 683.13 518.07 708.66 555.29 0.426862
6 533.22 201.09 552.70 227.20 0.286937
4 733.43 457.86 755.60 495.98 0.317195
1 455.44 486.94 462.29 503.11 0.291124
4 710.10 292.48 745.05 314.89 0.336745
4 598.36 421.36 613.59 438.29 0.252795
4 613.19 713.04 639.84 761.17 0.355608
4 706.08 711.82 736.05 761.72 0.387961
4 614.17 385.45 633.98 414.49 0.300403
4 535.29 775.99 564.79 787.72 0.222829
5 572.77 710.49 607.70 787.33 0.276170
4 736.14 329.02 761.17 355.31 0.299800
4 762.64 522.08 789.24 567.51 0.313488
4 727.91 402.52 743.12 420.88 0.358276
6 727.22 389.00 743.98 421.14 0.283140
4 469.96 149.75 494.31 166.93 0.304942
6 168.41 527.38 279.27 620.13 0.238906
6 430.66 257.67 445.20 280.18 0.308103
6 753.18 167.85 780.78 187.90 0.255012
6 669.36 386.07 693.60 422.38 0.240258
4 634.39 119.06 646.90 132.65 0.247829
4 134.25 161.06 258.62 201.35 0.234682
4 738.83 477.10 755.01 495.41 0.225513
4 476.31 136.83 487.50 147.64 0.213067
4 626.49 301.73 634.77 318.77 0.209072
4 416.72 204.32 432.92 220.71 0.220740
