9 519.96 43.62 737.86 173.35 0.777305
9 891.86 40.48 1060.65 215.76 0.766395
4 1059.38 385.72 1117.08 470.94 0.575532
4 875.19 832.52 957.84 992.28 0.537120
4 493.98 364.87 542.36 461.94 0.533405
4 878.78 207.26 919.40 271.87 0.534337
4 746.23 27.09 822.03 71.40 0.542446
4 1282.18 340.39 1384.36 387.74 0.507519
4 1311.02 239.81 1399.61 283.77 0.494281
4 760.95 183.50 798.77 243.98 0.510189
4 825.99 304.83 871.87 383.50 0.527427
4 1161.30 125.87 1210.32 193.25 0.401822
4 886.97 299.77 941.97 386.14 0.543615
4 1144.81 351.68 1231.65 435.34 0.469766
4 697.95 569.67 752.93 690.89 0.481141
4 506.57 722.00 567.57 864.87 0.495404
4 649.88 284.84 692.99 367.37 0.543597
4 706.39 181.77 744.67 245.75 0.491740
4 820.84 212.34 861.75 277.74 0.507203
4 1162.83 207.02 1245.83 285.51 0.401509
6 327.31 21.62 361.54 61.77 0.400768
4 644.29 188.83 684.54 253.67 0.465336
4 1371.01 516.64 1399.86 558.98 0.373867
2 627.91 10.44 648.02 54.28 0.244522
4 1240.05 127.62 1303.42 200.55 0.362624
1 541.60 21.42 557.22 55.14 0.307092
2 987.11 42.60 1003.56 71.83 0.299254
1 286.35 932.15 320.39 1010.05 0.390314
1 1140.49 401.23 1172.52 433.92 0.306434
1 1111.19 166.31 1129.00 198.20 0.329276
1 1122.95 230.55 1144.11 264.65 0.322319
1 1056.60 216.25 1071.54 245.04 0.328517
3 1206.33 343.57 1232.76 365.77 0.326827
4 1024.56 703.76 1083.43 737.88 0.322943
1 408.47 78.36 424.06 107.10 0.267504
1 1062.37 120.83 1078.51 150.06 0.319974
4 1294.11 128.49 1348.28 197.07 0.357221
2 385.44 0.00 402.62 23.51 0.269242
4 1387.06 128.28 1399.83 174.38 0.307963
2 1206.72 334.46 1232.64 365.36 0.319092
2 952.30 2.12 967.33 31.47 0.283065
1 756.23 0.03 771.59 19.20 0.271988
3 421.88 22.87 454.72 58.58 0.210415
4 1340.07 123.13 1394.79 193.88 0.317127
1 1108.04 234.39 1127.52 265.47 0.295361
3 291.98 958.62 317.60 1009.82 0.286889
2 1130.02 115.06 1157.99 162.47 0.235343
3 1307.02 439.98 1385.38 475.35 0.220680
2 969.80 31.24 983.49 59.20 0.299937
2 840.83 0.71 856.07 21.43 0.249666
3 1098.67 209.85 1129.95 234.94 0.304196
2 568.75 0.00 582.13 27.47 0.255949
2 554.35 16.39 569.18 48.54 0.269420
2 331.26 194.25 347.71 229.33 0.246393
1 373.20 225.66 387.38 254.08 0.246543
3 1079.47 0.00 1096.17 19.13 0.210651
1 1036.40 111.49 1049.98 141.06 0.271517
2 1171.54 293.51 1194.85 322.33 0.290117
7 310.22 12.13 361.24 63.13 0.231084
7 506.16 59.41 534.76 86.04 0.203129
6 1284.89 385.99 1399.12 450.45 0.373066
2 1282.06 1.56 1301.01 34.32 0.203462
2 1135.56 11.00 1146.89 36.18 0.217155
2 1206.74 0.02 1220.77 26.36 0.220187
