4 214.06 137.91 272.15 174.47 0.458848
4 694.69 91.77 712.39 110.43 0.517065
4 325.24 230.71 371.45 263.74 0.350101
2 304.29 442.90 334.22 482.54 0.236972
1 316.44 443.63 334.05 478.01 0.345427
4 179.21 250.89 213.56 278.55 0.351874
4 512.74 5.09 554.27 26.23 0.410398
9 745.30 76.45 861.81 117.76 0.299015
4 379.87 210.05 421.30 239.49 0.358630
4 338.12 430.06 383.20 481.07 0.319310
4 400.49 159.02 448.79 195.35 0.329316
4 431.11 181.26 476.14 216.84 0.340018
4 763.62 60.16 793.85 78.86 0.376076
4 262.25 249.93 317.37 291.64 0.289339
4 76.47 316.32 126.24 342.32 0.320938
4 481.20 147.72 517.43 181.17 0.339953
4 789.34 141.94 812.86 177.33 0.347715
4 202.57 274.95 262.87 314.19 0.292773
4 518.80 88.70 543.34 111.63 0.416760
4 218.01 240.10 253.78 267.39 0.288806
4 216.74 0.27 275.39 27.12 0.222922
4 502.21 122.93 522.79 155.87 0.297956
4 293.62 16.13 332.14 40.48 0.263271
6 645.72 38.90 752.64 80.50 0.224373
2 148.12 267.39 162.07 299.23 0.218165
4 192.83 304.48 271.81 349.11 0.253886
9 642.26 0.92 753.90 83.22 0.220821
4 41.93 422.55 75.92 446.76 0.220988
4 145.00 22.18 185.54 45.02 0.251034
4 168.55 191.05 193.97 209.92 0.251533
4 795.74 4.05 812.63 24.39 0.271222
4 133.75 328.74 195.50 374.91 0.212764
4 427.66 120.22 464.26 142.25 0.250670
4 131.20 305.93 188.54 339.27 0.220911
4 316.75 198.53 357.56 226.84 0.217290
4 240.77 224.15 279.37 253.89 0.206055
4 286.87 205.92 323.85 234.52 0.204677
4 289.56 0.00 323.82 7.24 0.209339
3 302.60 448.03 327.74 484.61 0.274651
