4 714.52 59.34 733.85 98.13 0.379738
4 490.34 43.03 511.14 81.88 0.382800
5 890.47 840.98 984.13 867.59 0.338168
4 438.02 93.65 463.50 136.16 0.413916
4 129.34 284.05 179.30 305.74 0.359577
4 1057.10 450.30 1107.11 476.43 0.375244
4 524.39 134.40 546.05 181.40 0.359984
5 1221.79 920.87 1273.59 946.16 0.342829
4 0.60 287.29 52.08 309.66 0.380880
4 523.79 239.57 546.95 283.10 0.359066
4 529.23 904.23 551.86 953.51 0.324719
4 79.01 285.90 129.12 308.36 0.354222
4 644.77 260.68 668.90 307.51 0.396525
4 39.20 373.13 92.61 396.19 0.369481
4 715.63 6.20 733.94 38.35 0.368825
4 716.79 105.86 737.26 153.00 0.378990
4 594.38 43.16 616.17 90.02 0.402926
4 719.72 163.33 740.71 205.02 0.389417
4 489.69 541.13 504.03 567.47 0.315541
4 524.27 188.46 544.64 230.28 0.345301
4 796.46 0.00 840.96 17.31 0.260739
5 892.56 938.50 942.45 963.27 0.317490
4 473.24 1012.34 495.99 1049.51 0.312829
4 528.38 0.14 549.13 25.41 0.338424
4 801.72 51.70 844.42 77.07 0.298355
4 492.80 96.31 516.34 138.70 0.361955
5 954.78 933.77 1003.18 959.87 0.271578
4 399.00 268.37 446.87 290.84 0.311921
5 726.68 441.51 750.09 489.54 0.282912
4 531.71 26.19 552.78 74.53 0.355321
4 824.42 986.22 847.04 1033.65 0.295124
4 1118.51 926.87 1152.20 948.62 0.257042
4 799.86 119.84 845.54 143.12 0.280708
4 1310.51 563.35 1331.79 573.06 0.230124
4 1030.70 928.45 1054.28 950.53 0.238268
4 412.62 733.42 462.19 756.41 0.274983
4 525.67 970.85 550.51 1027.87 0.259971
4 747.76 1026.09 769.56 1049.70 0.212016
4 637.60 0.00 657.17 15.12 0.323884
4 738.13 755.57 759.11 793.35 0.201474
4 1314.56 441.84 1342.12 460.81 0.224730
4 496.27 987.72 519.84 1040.60 0.290664
4 496.29 903.91 514.91 943.15 0.234687
4 746.31 966.78 772.98 1027.00 0.235270
4 1310.67 557.80 1348.41 573.36 0.236322
6 1161.69 925.00 1208.60 948.24 0.233217
4 497.98 211.07 517.92 261.23 0.276498
4 348.28 239.90 363.83 257.54 0.270903
4 799.06 98.93 843.55 120.41 0.246135
4 153.40 309.80 188.91 332.89 0.212016
5 736.12 680.08 759.82 729.65 0.213243
6 1284.32 916.29 1353.04 949.51 0.211031
4 398.55 694.91 427.27 732.07 0.209284
4 499.10 173.92 519.18 208.32 0.220493
5 499.28 677.74 519.42 726.59 0.226834
4 803.52 76.45 840.85 97.37 0.258620
4 348.74 214.35 364.76 232.06 0.228262
5 495.58 903.57 523.75 962.40 0.206753
