4 304.70 679.28 424.49 782.42 0.522602
4 191.61 653.67 316.61 750.43 0.509434
4 0.03 514.66 55.26 569.51 0.502259
4 1216.84 278.48 1268.55 311.50 0.507114
4 1176.24 368.99 1263.17 405.51 0.513821
4 1168.46 553.54 1228.37 638.34 0.408110
4 1152.01 653.15 1224.76 755.29 0.410649
4 569.76 824.89 712.47 975.74 0.417045
4 1010.59 382.01 1082.29 428.78 0.494600
4 1016.27 352.51 1096.76 396.05 0.443787
4 1195.91 156.30 1256.37 185.06 0.375854
4 1189.36 187.51 1256.13 213.27 0.410387
1 314.35 490.62 330.76 522.63 0.357301
1 480.36 592.41 494.30 622.24 0.351584
1 745.71 607.84 768.75 657.87 0.364428
4 3.54 414.81 72.53 441.35 0.300178
4 1179.04 984.74 1266.48 1049.60 0.525567
4 4.00 414.73 131.84 481.71 0.321318
2 151.81 389.51 170.27 417.99 0.270633
3 106.12 371.82 135.68 396.87 0.263996
2 1161.96 183.81 1173.76 205.58 0.266154
1 392.54 473.49 408.44 504.27 0.273391
2 496.58 609.73 513.72 629.57 0.311118
4 9.79 576.74 54.56 604.98 0.262084
2 439.20 487.59 454.08 516.72 0.262422
3 615.77 535.50 641.38 564.19 0.208339
6 563.59 801.18 713.02 976.42 0.216092
4 1.64 322.60 61.01 357.18 0.202638
3 42.49 351.70 72.30 380.15 0.216674
4 1111.60 149.17 1134.11 163.31 0.244881
4 392.46 449.34 428.85 477.88 0.269631
4 1127.28 162.50 1160.55 172.81 0.229001
4 563.41 801.56 658.79 905.19 0.225600
2 415.13 489.62 431.08 513.24 0.226659
2 745.92 607.96 759.21 643.48 0.236444
