4 1029.66 1007.46 1144.57 1077.12 0.458362
4 1101.01 361.86 1154.24 386.53 0.365906
4 976.39 957.46 1077.50 1049.92 0.440940
4 61.77 625.72 115.11 653.66 0.347013
4 989.69 370.95 1015.62 393.57 0.358209
4 938.62 373.77 961.85 397.57 0.367371
4 1364.03 344.87 1393.32 364.47 0.328530
4 1319.37 350.53 1350.44 369.11 0.340293
4 118.92 329.44 169.24 350.28 0.293779
4 964.77 374.04 986.31 395.68 0.337392
4 286.49 352.55 332.73 374.43 0.245439
4 913.18 381.45 933.57 400.67 0.292706
6 1314.72 312.40 1354.11 342.62 0.300328
4 329.77 359.71 377.17 383.51 0.223520
4 1195.31 979.10 1233.06 1020.89 0.232638
4 67.20 601.62 125.42 625.86 0.245914
4 1443.67 335.91 1474.90 355.56 0.261354
4 1219.98 353.17 1248.46 376.28 0.309182
4 504.21 215.77 534.34 229.80 0.247780
4 774.36 404.80 790.37 420.98 0.250976
4 1416.59 337.19 1449.29 358.07 0.218697
9 1004.98 337.49 1036.46 355.05 0.202260
4 171.52 297.10 216.66 315.08 0.210090
4 130.11 647.87 156.35 668.65 0.211851
4 148.78 314.48 189.93 339.37 0.201484
4 1115.61 332.34 1133.55 344.72 0.221790
4 1319.04 324.82 1340.69 342.50 0.242076
