9 675.78 59.81 722.83 116.30 0.550263
4 501.17 49.22 515.62 63.42 0.496942
6 743.05 626.20 799.71 786.67 0.410153
6 728.39 513.13 778.31 643.20 0.409816
4 460.33 19.47 474.48 32.99 0.407621
4 508.56 21.07 522.31 34.93 0.350695
4 662.12 32.18 673.94 43.69 0.391657
5 694.37 267.12 718.52 299.05 0.386880
4 575.35 628.69 611.14 693.73 0.317182
4 530.16 352.53 552.99 386.67 0.376159
4 939.54 49.79 956.99 64.31 0.308811
4 450.16 0.00 463.54 9.55 0.325470
9 726.51 512.48 800.27 786.43 0.265235
4 877.40 38.21 912.69 54.12 0.243220
1 392.63 619.25 405.93 649.60 0.292680
2 1211.91 455.52 1229.53 479.14 0.309886
4 666.86 153.86 688.32 172.77 0.293838
2 306.65 702.12 323.35 733.12 0.310063
2 1005.98 323.01 1021.96 348.08 0.267699
6 98.70 86.39 205.00 128.06 0.218412
4 1334.29 26.11 1358.29 44.45 0.232715
1 338.63 685.07 352.48 710.89 0.298732
2 384.87 618.72 406.11 650.25 0.222753
1 293.68 715.20 306.00 745.13 0.269231
2 1073.25 310.61 1083.80 327.75 0.220903
2 439.19 494.36 450.99 514.69 0.234046
4 1090.78 18.28 1117.24 36.33 0.208552
2 680.73 483.14 690.72 505.42 0.200595
3 454.12 480.76 474.21 508.95 0.200423
2 455.31 477.07 474.24 508.78 0.201563
3 1211.55 466.03 1223.04 479.57 0.224552
2 384.48 620.23 394.58 642.81 0.241943
4 1215.02 54.12 1234.46 66.28 0.214974
2 711.06 490.99 720.71 514.28 0.207969
2 703.54 492.30 712.34 514.25 0.202763
4 55.79 114.39 76.72 129.15 0.214447
2 312.19 680.67 330.71 715.83 0.221010
2 282.29 716.98 296.74 749.69 0.212124
