4 50.63 727.05 111.78 786.19 0.476361
6 370.92 884.56 447.21 1027.80 0.415037
4 5.34 588.26 54.14 612.46 0.450639
4 543.66 281.38 554.15 294.00 0.398163
4 468.92 352.48 481.51 365.42 0.374358
3 451.23 948.81 462.67 968.54 0.312521
4 0.12 353.42 16.87 367.35 0.312408
1 451.08 932.09 465.03 968.03 0.308216
4 540.57 348.23 559.31 367.83 0.248635
7 600.62 737.86 745.97 1049.47 0.245665
4 292.26 175.92 314.67 190.47 0.206856
2 1125.60 459.02 1138.73 479.31 0.272230
5 0.12 661.05 62.27 727.64 0.281876
4 129.82 526.46 152.66 539.50 0.259490
4 24.69 493.25 51.56 511.39 0.223296
4 0.77 432.36 27.31 448.11 0.229963
4 503.65 311.38 512.13 321.08 0.348631
4 324.95 556.16 351.15 572.03 0.206523
4 430.61 364.41 441.77 376.82 0.220531
2 225.14 536.38 236.89 558.48 0.206898
3 20.25 859.90 63.34 911.32 0.200062
4 6.93 334.32 18.96 346.15 0.204004
2 1178.81 456.22 1186.56 469.74 0.242589
3 19.34 826.43 90.67 913.85 0.204302
