3 352.17 449.68 395.66 488.53 0.643954
9 469.97 424.83 785.88 697.42 0.715130
4 948.14 631.38 1051.60 761.45 0.541574
4 124.60 589.65 324.47 719.94 0.520930
3 226.58 502.51 277.48 543.60 0.686161
4 209.04 723.55 424.36 897.28 0.615967
4 1056.53 536.37 1147.60 618.24 0.505945
1 1289.52 647.84 1326.12 704.02 0.497778
4 678.59 983.55 824.62 1049.49 0.541450
1 1252.11 705.91 1297.00 768.87 0.440363
4 955.04 315.99 1019.91 360.51 0.494666
4 393.15 547.86 517.95 660.78 0.549175
4 27.23 704.03 268.85 880.83 0.555649
1 316.74 426.27 344.04 468.61 0.437831
4 877.61 357.19 954.09 415.10 0.481356
4 0.16 961.83 73.22 1049.53 0.498324
4 592.73 408.66 693.53 477.11 0.545594
4 1273.43 341.96 1324.34 387.89 0.448609
4 1204.91 325.79 1265.54 366.77 0.457190
1 934.65 310.43 950.83 342.08 0.437226
4 803.07 771.28 943.51 942.04 0.460203
4 589.31 312.98 666.99 361.64 0.445901
4 304.29 393.80 368.34 440.20 0.384440
4 912.48 206.48 955.14 233.56 0.373236
4 134.88 417.57 243.32 489.49 0.375173
4 1308.89 414.17 1399.32 453.17 0.359324
4 1016.11 270.40 1062.03 313.78 0.382682
4 1168.33 1004.50 1224.39 1049.80 0.389859
3 1255.87 298.32 1286.02 326.74 0.420166
4 1361.56 485.43 1399.87 515.58 0.356958
4 64.57 387.75 207.31 447.09 0.278949
4 1138.08 408.06 1230.69 491.56 0.391901
4 1333.49 442.19 1399.69 486.04 0.330375
4 1362.59 534.27 1399.84 584.89 0.391614
4 1366.82 511.53 1399.81 538.31 0.318995
4 0.46 395.49 57.69 435.47 0.335414
4 200.07 398.51 302.13 468.64 0.316517
4 0.71 458.81 97.73 548.42 0.342821
3 769.24 327.97 795.69 363.87 0.418193
4 1289.65 458.00 1356.27 531.62 0.370531
4 643.63 277.29 691.56 313.66 0.338078
4 345.92 376.72 406.90 420.27 0.306253
4 942.60 394.76 996.49 439.77 0.341077
4 0.11 535.49 16.24 571.42 0.299941
4 787.91 244.25 847.95 281.57 0.379973
1 999.35 590.61 1024.11 634.03 0.303492
4 1028.34 166.17 1075.91 198.94 0.263108
4 1190.54 385.85 1244.97 431.76 0.346404
3 1209.50 701.28 1231.26 732.68 0.256686
4 1231.81 141.27 1263.94 162.50 0.257491
4 709.99 263.65 735.10 294.06 0.220804
4 1135.80 853.12 1282.90 990.95 0.345248
4 689.49 268.91 719.16 302.28 0.253078
4 0.14 438.90 25.12 458.01 0.212411
3 729.32 327.46 795.72 363.98 0.209967
4 1337.12 402.78 1399.83 423.21 0.268220
4 1372.03 403.60 1399.99 421.56 0.213006
4 344.99 333.68 375.16 353.73 0.214720
4 68.40 446.29 180.33 519.14 0.382545
1 361.28 437.76 386.10 477.02 0.339042
6 1110.94 19.24 1168.49 48.06 0.243121
4 992.32 172.41 1020.48 196.99 0.246312
4 1135.80 852.75 1398.86 1049.13 0.275206
10 1183.66 771.76 1208.34 806.12 0.273551
4 233.59 314.67 317.97 359.82 0.208168
3 1243.52 371.55 1270.21 404.15 0.352721
5 1235.24 889.42 1399.42 1049.78 0.201356
1 237.24 484.87 262.24 523.38 0.262342
3 1323.94 239.58 1348.58 263.69 0.224669
2 1244.16 365.32 1269.39 398.26 0.226992
