4 521.35 18.64 612.09 57.86 0.454155
4 679.78 576.99 761.15 724.90 0.551410
4 524.64 681.86 607.31 853.81 0.489288
4 698.50 779.84 864.60 878.48 0.427185
1 490.80 467.80 514.65 512.17 0.431726
4 522.15 529.16 596.48 669.12 0.509644
1 752.18 544.56 777.11 594.83 0.457774
4 555.70 61.21 640.71 101.06 0.438572
4 944.19 450.67 1039.51 577.15 0.439457
4 1031.17 760.60 1167.51 966.24 0.409408
4 671.78 304.17 726.22 389.70 0.417150
4 812.81 0.10 851.58 31.63 0.465822
1 540.35 131.45 557.53 173.57 0.375330
3 297.79 506.27 357.41 540.85 0.395820
4 1112.72 1000.73 1213.48 1049.54 0.371756
4 870.83 205.47 929.71 272.33 0.420299
1 559.03 133.97 578.11 174.01 0.383602
4 614.06 861.43 653.96 915.13 0.265561
3 629.40 326.53 660.40 357.81 0.279950
4 546.51 0.00 625.83 30.17 0.387506
4 892.92 273.15 962.12 357.98 0.392628
7 461.75 156.73 509.48 197.49 0.318827
4 858.61 139.85 911.45 206.46 0.421928
3 244.21 815.77 290.15 872.77 0.311596
4 672.03 161.96 716.58 248.14 0.364205
2 540.57 131.09 578.58 175.04 0.270866
3 306.72 699.91 396.80 773.44 0.320651
3 469.51 125.36 493.65 150.96 0.228318
3 1157.47 197.67 1252.92 284.40 0.281843
4 169.42 675.14 241.29 762.37 0.348942
7 350.27 382.05 397.14 414.40 0.225057
2 415.58 194.36 437.54 237.33 0.256081
3 1210.98 246.02 1252.63 284.42 0.225115
4 487.39 0.00 507.19 11.10 0.221189
4 428.36 122.17 451.49 147.62 0.202385
3 346.51 236.46 384.83 260.02 0.205712
