4 900.37 137.52 938.26 190.19 0.465041
7 540.53 219.01 623.41 347.07 0.413522
4 1241.05 56.34 1286.94 106.39 0.414027
4 954.15 1.15 987.09 48.05 0.434482
4 835.94 383.89 879.36 473.00 0.467035
4 970.69 289.44 1015.28 358.39 0.441380
4 963.70 211.61 1004.95 264.96 0.429002
4 987.03 648.82 1043.36 759.32 0.410140
4 972.82 390.24 1016.33 470.38 0.439608
4 710.91 569.32 761.47 680.07 0.411375
4 784.29 73.36 815.81 129.12 0.405494
4 788.33 18.00 819.65 72.48 0.374506
4 979.58 533.39 1031.12 626.81 0.429864
4 961.48 148.22 999.63 204.20 0.388392
4 1218.55 4.03 1256.74 53.76 0.385408
4 1078.46 71.17 1146.05 111.37 0.326447
4 1061.57 0.00 1125.55 27.59 0.312119
4 0.09 922.35 47.65 1049.02 0.333710
4 736.24 368.78 780.65 454.87 0.389069
4 693.64 680.72 745.45 804.51 0.323025
4 107.67 841.87 208.09 995.47 0.320458
4 794.76 259.70 833.85 335.42 0.319682
4 1073.94 144.09 1136.42 191.07 0.267296
2 583.85 674.89 696.76 804.22 0.293760
7 1105.64 409.02 1202.50 512.51 0.243125
3 716.27 102.97 738.65 138.66 0.249859
4 600.04 134.72 626.52 164.59 0.283682
4 596.91 5.16 650.68 67.07 0.282460
4 1214.57 948.91 1318.69 1038.82 0.255474
2 588.98 815.34 705.54 947.82 0.232568
4 996.60 820.63 1054.48 944.88 0.323856
2 563.36 961.32 696.24 1048.96 0.223033
4 599.37 105.77 643.27 165.72 0.240455
7 752.21 126.53 806.57 192.99 0.210891
4 1128.38 669.59 1244.29 755.43 0.211844
4 1007.92 175.14 1048.00 211.47 0.245220
4 1001.32 963.39 1061.76 1048.84 0.214920
9 1265.45 0.75 1399.52 819.13 0.232404
4 1086.75 33.87 1131.57 62.47 0.232318
4 1084.43 50.38 1143.00 87.62 0.201889
2 1079.39 248.12 1211.22 424.69 0.207112
1 574.25 171.49 584.84 202.09 0.224267
4 764.40 212.96 795.21 276.58 0.230115
4 1082.81 248.03 1164.81 311.44 0.224920
9 207.53 420.31 381.23 829.75 0.214997
9 51.88 2.94 486.61 835.59 0.221398
4 616.96 73.01 652.16 118.67 0.215617
4 734.32 472.69 771.70 565.64 0.228299
