4 496.62 590.83 536.62 613.61 0.428835
4 580.90 729.83 600.22 770.39 0.398504
4 225.02 499.35 251.97 532.63 0.358230
4 669.72 860.70 713.78 881.81 0.423704
4 527.05 749.73 543.75 773.00 0.329923
4 401.06 65.64 414.66 89.28 0.386555
4 366.77 212.37 385.78 242.00 0.291706
4 498.73 547.59 538.18 565.20 0.348820
4 312.57 529.36 331.53 563.64 0.324065
4 581.81 682.09 599.95 721.96 0.325370
4 417.85 555.83 438.47 588.87 0.301560
4 248.88 497.65 270.92 528.86 0.312180
4 564.90 158.74 576.67 179.85 0.291244
4 334.42 234.84 347.61 248.74 0.211874
4 288.27 517.43 306.27 553.83 0.305972
6 618.50 942.16 674.38 1048.47 0.247118
4 494.19 570.08 532.66 587.30 0.346551
4 540.77 509.18 560.99 545.95 0.252221
4 684.07 296.23 698.23 322.20 0.277228
4 684.05 325.97 698.41 353.48 0.254312
4 440.58 563.19 460.89 594.40 0.302469
4 686.22 267.79 700.08 291.68 0.266863
4 568.12 105.70 580.20 126.95 0.307462
6 664.11 503.04 752.01 565.55 0.246093
4 682.12 203.58 697.70 230.71 0.225639
4 663.90 728.53 673.30 761.44 0.303650
4 397.40 561.75 413.81 590.28 0.263099
4 558.60 279.06 571.17 304.21 0.234800
4 625.88 994.93 670.52 1025.04 0.255614
4 565.53 135.91 577.97 155.07 0.266709
4 374.80 549.02 393.88 585.21 0.262595
4 270.53 509.22 288.01 543.41 0.291856
4 1350.44 47.76 1371.52 63.95 0.201867
6 664.65 507.87 699.70 561.33 0.220084
4 356.48 542.35 374.33 575.47 0.260774
2 577.70 975.15 594.62 1026.06 0.238193
4 563.02 186.33 574.19 219.02 0.211817
