3 633.71 837.86 660.45 888.27 0.552807
4 254.30 816.26 341.91 897.84 0.585289
4 0.00 428.87 26.78 464.85 0.506176
4 950.66 624.92 1051.61 679.99 0.544336
4 195.34 463.55 239.74 499.21 0.520579
4 1380.19 627.52 1501.74 683.25 0.537242
4 1150.55 738.54 1280.25 804.33 0.542122
6 545.29 649.83 672.74 825.21 0.467551
4 1497.98 921.84 1652.52 1012.29 0.479168
4 69.66 269.55 98.00 297.34 0.445410
4 1102.96 701.60 1226.88 776.35 0.409006
4 597.98 424.60 650.03 446.03 0.374884
4 862.27 573.28 960.03 620.60 0.415858
4 185.72 340.38 229.43 365.68 0.429611
4 1007.00 533.75 1074.60 574.16 0.476980
4 713.22 411.41 764.14 441.35 0.398914
4 28.61 260.28 50.50 285.94 0.380266
4 50.47 243.42 73.13 262.02 0.353851
5 393.54 713.57 445.97 777.38 0.297541
4 687.96 351.44 723.95 379.93 0.288677
4 668.50 343.38 712.84 365.41 0.354931
4 1546.83 373.52 1580.99 390.71 0.252744
7 137.83 499.79 248.27 642.36 0.276448
4 703.04 377.82 734.53 408.60 0.295232
9 456.64 122.11 496.70 137.04 0.329343
4 1921.49 1116.70 1999.64 1188.04 0.339438
4 590.97 347.76 626.38 372.33 0.298907
3 1409.13 588.14 1478.46 627.67 0.306608
9 317.37 121.20 359.78 134.18 0.330836
4 138.87 500.62 207.74 550.15 0.309916
4 493.63 363.64 534.72 383.03 0.259417
9 400.28 113.63 440.70 135.58 0.237828
6 1650.28 699.55 1999.66 933.71 0.253657
5 1066.54 671.52 1147.43 740.94 0.289302
5 95.88 394.07 149.03 431.32 0.254857
6 73.51 328.59 128.78 397.67 0.214941
6 733.75 264.84 831.79 432.07 0.216233
9 556.76 122.85 592.55 137.62 0.290136
4 584.57 327.16 624.11 351.92 0.251937
4 567.45 271.05 589.29 288.90 0.235106
6 1403.38 398.67 1999.12 935.18 0.204846
6 1404.92 400.10 1798.06 654.16 0.219904
4 401.09 257.02 420.82 277.67 0.240539
10 173.92 552.89 228.73 616.41 0.230645
4 20.68 240.02 44.53 260.33 0.269156
4 818.25 538.62 891.40 578.43 0.260156
4 530.40 261.71 555.27 280.25 0.209307
4 83.18 358.59 128.09 394.38 0.223754
9 495.98 188.39 558.74 201.91 0.233215
6 95.75 393.77 173.60 484.56 0.238877
4 74.75 329.00 115.18 356.15 0.218428
4 11.71 217.99 32.24 238.73 0.201343
10 164.88 527.45 247.36 640.20 0.249546
4 661.16 263.28 696.19 281.65 0.212476
4 499.65 378.15 550.77 402.33 0.259728
