4 1250.65 770.70 1335.68 834.11 0.601441
4 985.07 793.74 1081.23 850.19 0.550596
4 1331.21 728.60 1413.83 785.32 0.542634
4 1405.93 680.47 1476.07 734.28 0.514968
4 725.10 1120.07 862.72 1254.21 0.499677
4 472.82 767.44 545.20 829.30 0.432007
4 66.87 547.69 116.98 584.44 0.469320
4 418.45 731.14 490.33 795.51 0.477045
3 887.14 792.75 921.12 828.18 0.313317
1 813.33 1355.01 840.32 1407.04 0.457278
4 384.20 710.94 455.92 764.19 0.452706
4 271.47 655.52 345.56 702.23 0.419660
4 311.29 666.22 377.36 715.42 0.439786
2 1003.55 1038.48 1025.77 1085.57 0.436500
4 694.66 607.84 754.70 653.76 0.358236
1 879.80 1243.76 910.38 1307.97 0.441252
4 349.55 683.32 417.77 737.59 0.420089
3 1088.26 1152.17 1121.58 1195.97 0.356282
4 173.92 498.95 206.31 532.53 0.390308
4 492.50 808.30 578.32 874.71 0.413405
1 847.47 918.25 865.99 964.09 0.407608
1 942.02 1089.33 961.75 1147.20 0.411818
2 300.33 741.69 321.58 785.09 0.369905
4 1891.92 1253.48 1999.23 1327.08 0.447636
4 535.08 831.17 620.21 907.02 0.377155
2 1338.08 839.18 1362.24 878.21 0.393125
4 494.09 698.36 574.73 752.96 0.372964
3 1082.06 1058.35 1110.25 1094.64 0.369594
2 1429.36 986.17 1459.48 1046.19 0.343661
4 237.13 631.98 311.83 680.12 0.318329
2 1083.67 1036.83 1110.34 1090.45 0.358055
1 482.28 901.40 504.85 943.17 0.423631
2 450.05 854.91 470.42 893.46 0.389060
2 241.04 664.38 257.67 701.64 0.325102
2 1181.74 713.61 1199.56 752.48 0.340602
2 1199.64 1215.39 1221.86 1268.65 0.402494
4 559.93 753.86 627.73 799.74 0.325030
4 426.66 665.64 467.71 702.38 0.334332
3 780.53 1067.65 811.22 1103.67 0.237458
3 944.28 1116.25 961.04 1148.97 0.325908
1 1337.36 839.06 1363.07 878.94 0.201962
3 785.00 718.42 817.82 757.47 0.253976
3 1330.17 858.06 1369.34 880.89 0.228248
2 1088.08 1132.47 1118.92 1189.30 0.354738
2 1830.78 1257.70 1867.15 1321.50 0.270618
2 308.14 906.45 328.92 945.94 0.263793
2 1210.83 1240.86 1233.26 1284.43 0.213194
2 190.15 667.95 213.06 708.83 0.232299
2 215.49 665.33 232.75 703.56 0.308967
4 129.41 947.10 180.24 997.13 0.241957
3 883.64 1276.88 904.38 1308.68 0.215768
4 618.38 655.87 666.55 687.13 0.251467
3 1209.34 1242.75 1251.26 1286.57 0.220819
3 813.70 1372.43 840.12 1407.52 0.200399
6 1773.20 347.54 1840.84 381.67 0.217329
4 694.62 882.35 733.41 919.82 0.206379
4 635.45 652.43 700.85 688.28 0.206028
2 1519.07 985.26 1536.35 1018.14 0.252411
2 790.98 1032.13 816.07 1095.16 0.212028
3 1807.19 1253.03 1869.48 1317.93 0.252812
4 387.88 1145.84 513.89 1253.00 0.236261
3 1429.39 1017.79 1448.78 1045.77 0.206997
