6 751.66 245.54 827.19 286.18 0.467710
4 1062.24 457.12 1136.75 495.35 0.529949
4 860.74 576.55 952.88 622.03 0.525910
4 946.27 295.33 1010.45 327.94 0.530772
4 291.37 309.49 355.82 340.97 0.502897
4 841.36 496.86 926.56 543.16 0.454377
4 1153.75 620.47 1253.14 674.98 0.451141
4 352.74 16.04 393.50 34.41 0.414564
4 337.67 37.00 379.57 57.17 0.413369
6 578.29 229.91 629.99 322.87 0.363002
4 834.79 467.63 912.94 509.22 0.378590
4 1208.65 685.70 1312.27 747.59 0.426524
4 179.71 243.81 246.45 273.85 0.354516
4 362.06 895.87 455.40 989.42 0.425400
4 1190.00 652.68 1288.04 705.09 0.406602
6 550.09 21.86 574.81 53.15 0.341140
4 1488.46 108.33 1510.17 135.34 0.373097
4 992.67 377.00 1063.63 411.89 0.431344
4 310.57 173.42 366.52 201.19 0.375491
4 290.71 189.19 345.03 214.00 0.310936
4 1304.84 88.01 1328.02 112.14 0.312748
4 1004.00 392.21 1074.08 431.97 0.374959
4 303.70 4.93 331.65 21.90 0.297875
4 1350.10 49.38 1397.46 75.56 0.302364
4 518.32 368.77 539.91 386.79 0.337834
4 1331.63 84.76 1351.60 111.48 0.292342
4 490.73 96.69 515.57 121.06 0.338259
4 459.00 96.80 481.52 123.59 0.280380
4 489.86 364.09 513.36 384.44 0.280513
4 437.64 922.95 505.55 992.08 0.326085
4 203.18 229.25 270.40 256.99 0.347535
4 292.56 49.77 333.41 68.73 0.305410
4 456.14 355.39 482.56 376.27 0.267419
4 618.87 500.24 659.90 555.71 0.249474
4 391.58 145.88 435.16 176.65 0.224162
3 913.12 613.30 943.89 638.95 0.349393
4 790.04 316.76 834.86 364.18 0.236928
4 1363.14 95.16 1383.83 117.89 0.302599
3 793.37 619.05 811.07 641.92 0.310237
4 590.20 1.64 615.63 22.02 0.267102
4 1229.89 3.59 1261.55 26.42 0.271024
2 790.05 608.65 812.10 641.45 0.258824
4 436.16 0.00 471.69 8.78 0.356936
4 636.07 43.86 648.46 59.99 0.212942
4 1253.94 75.88 1274.25 103.72 0.297224
1 1559.42 612.13 1573.74 646.24 0.209917
3 1316.23 825.91 1337.02 866.70 0.244526
4 1262.95 92.73 1298.97 120.82 0.225321
5 779.52 302.79 835.96 365.06 0.335195
4 494.68 199.03 537.43 224.58 0.220087
6 369.14 92.15 393.10 124.19 0.222175
2 1376.31 342.17 1391.83 366.53 0.210058
4 1106.57 253.11 1128.98 272.49 0.253782
4 479.86 24.05 519.43 52.27 0.229648
4 375.30 152.04 399.00 171.64 0.215762
4 1281.09 82.41 1301.72 105.65 0.220949
4 1704.25 0.10 1738.72 20.91 0.234390
2 1708.67 524.02 1760.22 553.59 0.204280
