4 925.45 611.01 1004.07 653.57 0.406898
4 455.66 372.07 520.85 401.50 0.385481
4 518.25 396.16 584.76 427.21 0.570342
4 411.15 293.17 440.65 321.11 0.332213
4 926.13 16.90 956.22 32.11 0.338903
2 1091.38 685.01 1109.64 715.77 0.268320
4 294.89 164.23 321.36 190.55 0.290392
4 911.37 537.25 954.19 586.01 0.305068
4 900.27 572.42 926.82 592.56 0.234073
4 189.60 179.44 223.83 211.35 0.282285
4 569.07 450.21 615.36 477.49 0.211139
4 716.25 510.87 746.30 528.28 0.228430
4 517.11 342.97 538.06 376.06 0.215139
4 492.96 383.77 527.73 402.59 0.219728
2 385.72 862.41 523.43 978.38 0.238824
4 189.61 156.89 212.34 175.62 0.221407
4 250.02 511.20 275.82 524.21 0.203273
2 1163.96 690.43 1178.33 715.96 0.223320
4 962.18 464.92 990.27 478.00 0.243262
4 922.95 561.96 953.00 584.34 0.213993
