9 586.88 298.84 699.40 341.27 0.594735
5 406.94 482.22 487.62 627.59 0.397305
4 664.57 144.88 686.68 174.42 0.364930
4 570.55 263.53 594.58 292.78 0.417075
4 206.42 95.86 244.83 121.80 0.444691
4 409.11 590.86 448.68 626.38 0.396920
4 638.31 5.63 654.76 22.68 0.358300
4 409.11 14.24 437.40 32.58 0.307812
4 659.64 56.91 675.70 79.96 0.354939
4 625.61 57.41 641.87 77.03 0.398487
5 456.28 71.99 490.56 104.88 0.343606
4 472.56 0.12 499.26 18.16 0.291138
4 595.33 164.64 617.87 192.27 0.325528
4 417.13 24.71 458.45 49.17 0.291631
4 630.58 192.26 653.54 225.94 0.308572
4 619.12 0.12 637.71 13.93 0.295371
4 595.54 118.39 609.72 130.04 0.275377
4 347.61 36.12 377.44 56.23 0.267618
4 677.58 642.44 710.71 701.56 0.285157
1 247.10 128.36 261.09 153.67 0.225227
4 527.16 478.30 550.73 496.65 0.231841
4 396.47 102.73 423.64 135.44 0.208627
4 221.06 57.52 264.53 84.03 0.225834
4 223.13 41.87 240.35 56.45 0.222615
4 431.27 109.79 455.35 133.21 0.243181
4 319.25 23.05 340.51 36.49 0.226600
4 374.69 23.32 405.40 45.53 0.249428
4 526.58 451.42 564.28 496.94 0.242513
4 595.13 105.20 613.90 129.97 0.268091
6 59.21 91.79 111.40 129.83 0.201395
