4 934.86 312.17 951.31 327.55 0.379392
4 1287.13 68.06 1328.86 96.65 0.428694
4 1069.78 420.99 1108.64 451.76 0.372401
4 1076.88 451.63 1115.45 477.56 0.360301
4 1089.22 406.96 1124.79 433.79 0.320970
4 879.51 221.70 906.70 236.61 0.293165
4 967.38 206.21 1008.34 242.70 0.211771
4 1159.84 374.78 1172.10 388.83 0.315256
4 1103.66 392.85 1139.25 418.09 0.286411
6 1094.31 638.69 1301.55 811.77 0.302080
5 681.47 926.27 761.06 1018.44 0.275829
4 1037.62 383.21 1065.16 405.89 0.296816
1 786.09 897.50 799.58 920.79 0.305597
4 1196.92 184.79 1234.53 221.48 0.264980
6 518.02 650.10 632.85 771.19 0.258890
6 1099.16 951.83 1266.99 1049.51 0.203299
4 1306.63 47.53 1341.65 72.82 0.286496
4 1287.01 872.17 1327.96 909.47 0.220450
6 952.86 890.43 1267.46 1049.57 0.236110
4 1376.16 391.68 1399.77 426.83 0.227067
1 996.11 135.11 1007.38 162.45 0.205381
6 0.15 897.50 85.96 1016.44 0.239169
4 967.50 225.11 993.34 242.41 0.246203
4 939.61 291.63 952.72 305.41 0.257214
6 703.30 885.05 740.57 929.81 0.202951
