6 608.10 214.27 706.77 496.56 0.503557
4 831.67 0.02 863.68 16.73 0.448854
4 1182.10 63.40 1236.60 111.95 0.481875
4 776.87 28.84 813.45 72.30 0.550610
4 988.74 815.42 1122.10 1029.78 0.561433
4 1068.39 188.77 1122.54 251.17 0.485597
4 946.67 0.00 1029.19 28.60 0.413973
1 570.84 352.47 592.78 395.27 0.428831
4 957.36 82.24 1010.20 135.54 0.426849
4 1195.99 352.10 1348.58 431.25 0.421786
4 936.22 44.34 984.10 88.03 0.414740
1 595.93 323.84 613.03 366.23 0.427950
4 1114.83 62.50 1159.21 105.01 0.438250
6 982.56 180.20 1057.39 281.58 0.357987
4 1233.92 487.73 1399.44 571.05 0.433101
4 553.40 117.31 601.70 180.59 0.443347
6 516.65 525.55 684.31 1037.53 0.361584
4 1010.22 21.12 1093.61 61.13 0.337990
4 1160.72 267.12 1286.93 327.55 0.440288
4 1281.94 421.38 1399.33 490.58 0.428732
4 1269.36 78.92 1318.08 126.88 0.464426
4 1012.36 451.98 1120.75 579.97 0.424363
4 1141.13 189.62 1230.36 274.62 0.379376
1 488.62 954.52 517.26 1005.20 0.362797
4 1048.40 49.58 1102.40 113.01 0.347727
4 997.09 53.74 1047.90 102.00 0.366471
1 1064.29 358.02 1090.30 404.17 0.349856
1 582.06 269.91 597.62 309.54 0.319173
4 1216.79 301.30 1352.69 363.64 0.388101
1 1104.60 48.80 1129.67 84.48 0.355075
1 383.22 661.93 412.30 721.77 0.294882
4 357.58 178.94 392.48 201.43 0.269774
4 594.79 56.88 615.34 75.05 0.272233
7 379.38 642.03 490.20 824.67 0.241701
4 1149.67 0.11 1195.91 19.59 0.264084
2 517.34 625.57 546.25 687.01 0.228324
1 1344.92 561.33 1391.07 616.48 0.263209
1 475.28 724.84 506.31 774.97 0.300515
4 1243.70 27.41 1312.58 80.04 0.304442
4 1378.64 39.48 1399.71 71.86 0.292910
2 560.23 582.25 578.95 626.45 0.229620
2 523.04 194.30 539.43 225.22 0.254106
3 525.04 648.97 544.51 688.37 0.286118
2 511.90 197.45 528.54 229.15 0.239643
4 1338.00 79.46 1375.45 123.00 0.334495
6 1243.49 26.84 1382.04 81.51 0.267071
2 1350.12 328.68 1372.07 375.21 0.277644
3 598.36 148.65 620.27 172.69 0.246029
4 572.43 104.68 598.73 121.70 0.217458
3 1280.20 250.89 1357.17 283.90 0.268786
2 511.73 193.88 549.27 237.54 0.218004
4 1313.28 283.09 1395.40 349.38 0.257396
1 487.16 244.92 508.43 283.86 0.278842
3 596.15 443.95 616.35 490.89 0.200136
2 549.82 455.20 564.02 484.14 0.209704
4 1363.27 489.44 1399.82 570.10 0.236789
3 502.21 230.21 522.80 258.64 0.251325
