1 767.79 818.83 804.12 905.85 0.423318
1 757.47 613.97 790.31 685.12 0.426703
4 1322.83 75.96 1368.96 114.68 0.418635
4 687.56 377.09 716.67 399.99 0.311323
4 1231.74 180.55 1269.21 220.76 0.297339
4 626.99 194.15 645.60 215.99 0.243489
9 713.74 270.22 746.75 320.17 0.291482
6 883.01 66.06 989.18 137.14 0.251981
4 893.47 65.46 941.16 92.52 0.214868
4 1126.93 90.57 1185.59 124.38 0.222398
4 774.61 476.82 815.68 545.52 0.250099
2 497.42 758.18 579.33 890.40 0.209845
4 828.80 660.18 849.42 688.00 0.205395
4 662.34 135.31 697.21 180.80 0.219300
4 942.17 101.90 988.42 135.00 0.210303
4 674.13 157.54 695.76 180.46 0.202216
