9 355.17 603.50 463.29 786.93 0.581930
4 477.21 366.02 503.03 385.92 0.501536
4 612.91 377.92 640.61 417.77 0.442137
4 854.25 413.22 884.71 438.20 0.454258
4 335.36 656.48 387.12 718.53 0.485641
4 423.35 487.71 459.27 528.23 0.474641
4 655.70 351.06 678.70 383.57 0.434011
4 880.74 220.30 905.63 235.65 0.317911
5 1067.10 184.10 1130.52 207.97 0.315954
4 865.27 313.08 887.44 341.35 0.361656
4 1013.61 187.43 1044.44 203.88 0.290716
4 446.91 738.13 493.36 787.11 0.378042
4 655.67 285.67 675.22 312.17 0.349770
4 887.78 309.73 910.10 337.84 0.335433
4 883.64 263.20 898.81 281.21 0.290737
4 596.24 95.27 609.61 106.67 0.261793
4 680.09 187.98 700.64 208.24 0.294654
4 1326.00 296.29 1350.14 316.09 0.302593
4 802.56 266.73 818.24 285.31 0.297277
4 967.60 217.91 983.57 232.91 0.264387
4 1134.35 265.66 1159.78 284.87 0.287894
4 635.02 162.34 651.48 180.98 0.275010
4 1180.93 295.76 1212.45 328.41 0.225158
6 437.90 201.15 525.59 232.13 0.223565
4 909.36 207.01 925.38 223.73 0.274377
4 1061.49 294.56 1079.24 310.76 0.248066
4 984.57 216.27 997.02 230.94 0.265562
5 1211.30 177.49 1272.94 201.06 0.305609
4 656.84 212.13 675.50 234.32 0.275413
4 838.71 191.37 852.43 206.04 0.227062
4 627.99 250.01 646.66 279.57 0.225633
4 657.97 118.41 669.33 130.85 0.209705
4 1232.24 239.71 1248.59 252.41 0.231420
4 819.33 261.15 836.20 276.87 0.266526
2 1317.97 373.11 1344.81 413.51 0.250193
4 909.24 317.79 924.85 341.65 0.247810
4 626.94 217.95 644.15 237.91 0.263164
4 798.30 399.75 818.59 415.51 0.206463
6 996.37 183.69 1045.32 204.00 0.205691
6 1211.17 168.01 1273.07 200.90 0.232338
6 1088.12 206.45 1176.19 244.06 0.215794
