1 354.48 474.43 374.09 506.79 0.387019
4 840.87 386.39 931.46 463.01 0.355591
2 822.20 163.37 833.65 188.75 0.324662
2 494.75 421.37 509.97 453.41 0.328964
2 1269.04 32.53 1280.76 55.44 0.281083
2 494.60 421.12 530.98 467.08 0.247442
2 773.62 425.45 786.82 453.48 0.310931
2 874.04 200.51 885.64 225.73 0.265042
2 774.15 390.67 788.04 426.07 0.258335
1 408.46 457.37 424.12 486.86 0.280359
2 511.73 423.77 526.70 454.80 0.273101
3 517.11 439.28 530.82 466.95 0.218283
4 932.73 468.39 962.79 505.58 0.200085
2 943.13 224.64 953.37 244.71 0.236715
2 429.48 452.45 442.95 474.54 0.275787
1 822.09 163.15 833.93 188.68 0.243821
4 840.65 416.55 893.41 462.68 0.201620
