4 1192.31 802.66 1350.77 1022.82 0.595446
4 526.07 809.22 681.55 1000.95 0.603865
4 247.45 1345.14 488.46 1499.30 0.616505
4 754.37 433.97 833.31 510.96 0.538540
4 612.49 644.34 750.80 795.98 0.592604
4 675.20 564.81 786.66 670.38 0.543989
4 779.34 385.98 847.10 448.79 0.489976
4 1468.04 439.67 1581.30 512.55 0.595826
5 437.98 130.41 502.70 185.42 0.405505
4 237.83 280.30 333.14 351.21 0.460215
4 1451.69 271.25 1513.72 307.22 0.467276
4 799.96 348.42 861.41 405.14 0.435027
4 1489.93 289.37 1550.65 329.19 0.457572
4 646.18 112.48 684.44 137.54 0.356109
4 845.29 261.43 891.86 308.15 0.403817
3 1659.62 435.76 1693.87 477.35 0.429145
4 1307.29 179.97 1349.57 205.35 0.400806
4 1542.86 318.98 1609.13 366.55 0.364734
4 936.62 116.63 962.27 137.46 0.326811
4 1188.06 158.00 1214.88 179.94 0.344446
4 1719.35 196.12 1772.44 237.22 0.324217
4 866.88 1073.89 1054.55 1432.77 0.400109
4 961.72 109.79 983.09 127.82 0.341605
4 824.14 315.68 878.08 362.94 0.373713
4 1722.60 433.02 1804.39 504.52 0.334544
1 1597.84 377.25 1620.69 431.32 0.303411
1 1312.95 234.93 1332.99 266.58 0.327753
4 1240.72 139.00 1266.74 160.94 0.362979
1 1773.79 458.64 1809.42 512.55 0.293485
3 1596.32 403.15 1615.57 432.35 0.298456
4 973.83 73.29 1005.68 91.26 0.229472
4 1632.95 156.18 1710.36 178.66 0.308085
4 947.87 73.50 970.15 91.10 0.275104
4 871.72 217.65 916.89 253.83 0.296307
4 1580.95 210.57 1643.09 243.34 0.323863
4 1211.47 128.65 1240.73 149.11 0.322220
4 1482.64 115.66 1516.58 140.44 0.278991
4 998.36 102.39 1027.24 135.49 0.312148
1 1663.33 418.11 1694.44 473.27 0.317079
4 838.76 289.82 881.58 314.28 0.215514
4 527.81 119.77 554.45 139.56 0.253231
3 1535.46 339.82 1574.96 382.63 0.266802
1 571.20 871.15 615.37 909.81 0.236576
1 1662.97 201.77 1675.95 230.61 0.237417
4 1539.56 160.45 1588.62 188.77 0.259518
4 1930.06 278.19 1999.65 318.93 0.243645
4 1129.04 76.14 1155.95 94.03 0.235204
4 875.97 104.91 909.35 132.22 0.207933
1 1151.16 159.40 1165.76 180.28 0.207055
4 1200.16 110.50 1217.32 127.30 0.279135
1 949.74 1216.00 977.57 1257.07 0.224478
4 1487.88 288.85 1522.02 319.37 0.251613
7 1289.83 204.49 1339.32 233.80 0.206201
4 995.49 46.11 1020.67 61.71 0.210032
4 1454.27 226.72 1484.83 250.03 0.226722
2 1900.29 437.17 1995.77 510.03 0.215774
4 1199.52 137.33 1218.98 156.84 0.267022
4 1570.93 207.14 1600.27 226.38 0.205523
1 1062.28 136.10 1071.64 155.65 0.202341
4 1563.85 169.28 1589.70 189.16 0.223521
4 594.35 124.11 629.97 144.50 0.275069
3 1916.42 444.45 1960.06 485.47 0.214418
4 1110.14 105.65 1131.26 123.79 0.221986
4 863.88 242.60 904.42 275.83 0.252478
4 1021.52 45.40 1037.60 58.66 0.201915
4 446.88 168.11 494.27 186.10 0.206887
4 991.14 76.45 1005.83 90.54 0.239694
3 1312.59 247.75 1334.90 266.47 0.268765
