4 465.56 604.46 519.52 637.17 0.460628
4 379.43 848.89 448.51 893.08 0.497462
4 1080.65 453.52 1107.66 490.39 0.447017
4 404.30 776.99 468.16 817.06 0.499519
4 556.49 342.00 592.11 369.74 0.427774
4 1059.22 248.09 1092.78 265.81 0.392741
2 1144.80 587.61 1200.27 627.29 0.300835
4 1112.06 406.06 1134.33 433.12 0.425571
4 703.90 222.06 718.57 239.85 0.449093
6 498.88 372.71 608.97 437.02 0.341648
6 690.32 248.12 715.04 303.57 0.393632
4 1058.56 316.80 1095.61 334.52 0.340034
4 1223.69 779.98 1270.24 832.44 0.324156
4 739.29 85.73 751.17 101.20 0.323872
3 1224.32 621.90 1269.89 648.83 0.331322
4 745.37 62.19 757.47 79.67 0.297717
4 714.63 16.44 730.72 29.48 0.253401
4 478.80 312.86 497.57 328.72 0.292336
4 1189.41 767.43 1229.11 816.10 0.295942
4 730.94 107.22 748.02 134.41 0.264275
4 436.43 312.11 456.08 325.44 0.230018
4 1002.98 544.54 1028.32 584.39 0.246406
4 467.24 330.15 486.37 348.77 0.234137
6 930.08 375.91 954.42 419.86 0.295567
4 1284.51 773.44 1333.07 827.22 0.316408
4 1047.31 190.42 1067.77 204.29 0.310681
4 743.68 41.31 757.58 55.67 0.289434
4 1084.60 307.25 1114.93 323.00 0.274660
1 936.93 652.24 948.76 669.32 0.246711
6 555.98 322.25 621.89 357.53 0.236468
4 988.08 394.65 1005.85 415.13 0.237806
6 1040.42 209.26 1067.78 248.88 0.214214
4 646.23 260.24 664.76 272.81 0.247409
6 897.68 67.56 947.24 88.95 0.224128
6 605.06 0.51 719.62 114.94 0.215975
4 1309.12 832.55 1367.34 901.60 0.281953
4 470.70 223.60 487.25 239.93 0.208640
4 881.92 288.13 911.88 311.92 0.240521
4 917.43 93.45 930.93 106.55 0.232803
4 564.05 38.73 591.79 59.94 0.201616
4 512.90 356.67 526.24 375.95 0.203365
1 1144.25 604.57 1156.65 623.34 0.208046
2 896.72 563.62 914.27 598.30 0.224249
6 646.00 239.99 672.98 273.49 0.201331
4 890.14 208.19 901.68 222.45 0.200070
3 981.96 469.43 1015.57 500.55 0.203605
4 689.15 71.57 701.05 87.98 0.213044
4 1000.54 446.12 1013.22 466.82 0.200748
