4 437.35 418.80 457.88 441.61 0.439252
4 1103.56 364.36 1127.73 385.99 0.440346
4 1036.01 529.98 1063.41 561.07 0.468302
4 1210.27 297.41 1228.71 320.41 0.362676
4 382.63 389.75 400.68 410.32 0.450049
4 1188.93 272.10 1209.47 293.23 0.351919
4 1331.83 495.20 1365.40 534.33 0.399218
4 1210.58 218.21 1224.24 234.94 0.304060
9 338.75 132.29 382.47 151.88 0.338156
4 308.25 481.98 337.26 515.64 0.385290
4 1160.09 468.73 1190.90 513.51 0.406141
4 834.05 632.50 875.56 673.41 0.325986
4 1230.64 96.35 1257.56 114.91 0.255053
1 697.65 685.76 711.26 717.65 0.266467
4 1233.55 214.46 1250.68 233.71 0.285689
4 1281.15 53.64 1307.65 74.39 0.301632
5 704.15 649.36 753.99 708.38 0.279839
4 1277.86 702.89 1335.65 743.50 0.350093
4 1236.72 179.57 1251.39 193.40 0.260983
1 823.48 560.64 831.41 575.83 0.233654
4 362.76 182.43 375.82 198.27 0.275325
4 1282.72 378.06 1308.02 420.30 0.222933
4 1227.10 406.92 1284.97 445.68 0.230249
4 464.62 462.36 482.50 486.84 0.317914
9 753.40 680.52 850.57 787.54 0.233537
5 1333.53 414.83 1369.85 478.21 0.231153
1 806.17 675.15 814.92 694.70 0.242260
4 1254.25 84.28 1271.50 98.93 0.242688
4 1168.17 164.42 1186.08 183.23 0.238279
4 1197.65 122.09 1212.30 132.68 0.230690
4 378.55 244.43 388.19 256.77 0.271856
6 333.88 356.76 417.48 387.16 0.222919
4 898.49 571.37 912.56 588.46 0.207995
6 1249.31 341.76 1280.10 404.61 0.228032
4 609.79 680.48 623.22 713.28 0.214246
9 652.48 642.77 754.29 709.67 0.200657
9 602.76 460.57 653.32 486.16 0.221028
4 1258.75 127.53 1271.37 140.28 0.206298
