4 1212.71 441.95 1340.89 503.33 0.473541
4 964.38 439.39 1024.85 558.35 0.390845
4 1215.01 598.56 1364.11 663.98 0.402074
6 950.45 702.74 1018.81 805.02 0.316945
4 917.40 999.71 990.70 1077.31 0.370178
5 950.51 720.51 1016.44 804.54 0.299466
1 878.03 252.77 894.78 292.04 0.315555
1 1716.14 399.23 1770.01 460.35 0.334210
2 955.29 2.10 973.70 40.78 0.355710
5 777.68 992.11 851.00 1077.00 0.325028
6 1148.94 145.53 1187.68 185.41 0.301993
4 1083.44 0.55 1105.11 19.22 0.314405
2 921.35 109.25 940.55 153.42 0.324325
7 906.06 519.60 937.09 585.78 0.252095
2 892.08 158.26 908.08 195.79 0.251227
4 1385.06 35.35 1412.41 60.51 0.319339
2 954.07 99.37 974.48 138.46 0.317997
3 924.58 132.51 940.30 156.79 0.314209
6 776.88 698.86 839.43 733.19 0.230343
2 1745.18 399.28 1770.33 447.24 0.276851
4 1435.81 1013.24 1558.46 1077.31 0.268340
2 882.88 166.58 895.37 196.07 0.214847
2 910.84 535.77 931.28 563.32 0.234015
2 1353.00 719.03 1405.97 749.52 0.240284
3 911.41 555.47 930.71 585.47 0.250088
3 1192.78 115.44 1243.00 143.12 0.217808
3 1567.56 377.11 1590.97 405.43 0.239876
3 1762.52 697.46 1840.69 774.25 0.228275
2 593.61 930.65 631.17 999.19 0.200594
3 958.93 20.32 973.45 43.61 0.284956
2 1241.46 34.49 1257.78 62.74 0.217041
3 954.21 113.23 973.81 139.39 0.274471
2 893.04 10.38 909.11 38.03 0.209610
2 1745.10 643.94 1819.88 697.38 0.231624
