9 1155.24 34.25 1399.64 284.61 0.836773
4 31.44 847.95 300.88 1049.40 0.712610
4 156.11 141.12 354.32 260.35 0.692929
4 14.88 31.16 146.07 158.42 0.635228
3 768.58 25.54 848.10 88.89 0.653213
1 560.41 83.94 591.64 165.62 0.530559
1 661.29 108.54 690.28 190.91 0.562043
1 430.98 87.59 472.95 168.00 0.507431
1 393.18 30.13 433.49 111.29 0.486376
4 464.64 0.01 656.60 60.71 0.566663
1 409.85 529.22 466.44 607.84 0.472542
1 362.62 45.31 404.59 128.51 0.462118
1 572.42 725.48 628.62 783.94 0.478988
1 610.83 707.20 672.41 789.31 0.489410
1 301.91 446.68 359.95 521.98 0.434735
2 301.48 445.95 392.45 523.95 0.248004
1 336.82 450.01 392.71 522.12 0.446251
2 571.94 706.58 676.16 789.87 0.231573
3 907.22 20.47 962.09 68.30 0.346274
3 990.13 54.72 1108.05 128.78 0.343141
6 1112.85 31.40 1202.71 140.12 0.321499
3 380.70 92.55 404.65 130.01 0.316969
3 222.16 0.43 266.74 76.68 0.284564
3 0.11 237.08 16.06 298.89 0.236739
3 1241.68 0.46 1317.26 54.16 0.242727
10 235.01 38.29 258.22 66.42 0.203441
4 761.49 0.00 918.80 23.80 0.300306
