4 965.72 767.88 1073.60 829.22 0.619487
4 0.27 871.06 159.73 946.55 0.582667
4 1172.17 682.97 1245.30 729.77 0.526631
4 794.83 680.14 873.29 727.61 0.523497
4 927.97 971.32 1140.75 1072.33 0.549066
5 382.19 856.56 542.30 938.88 0.529560
4 897.71 720.49 984.12 775.54 0.547697
4 1075.30 865.59 1215.44 965.83 0.515720
4 773.03 805.49 847.64 874.28 0.527599
4 749.76 718.00 797.24 773.92 0.468076
2 457.21 1052.44 530.71 1174.70 0.333204
4 1258.10 633.00 1325.89 685.08 0.484086
5 93.93 1267.09 401.76 1498.95 0.376690
4 859.35 781.68 928.37 855.05 0.412336
4 305.72 1051.66 455.10 1147.37 0.504404
4 175.31 855.44 277.15 933.92 0.515915
4 1152.41 792.69 1250.59 870.98 0.399944
2 1213.07 1438.65 1337.32 1498.61 0.341495
4 257.79 835.25 377.47 939.18 0.318949
4 859.30 682.58 919.36 729.82 0.463673
4 307.62 980.06 437.17 1051.21 0.503791
6 679.59 796.45 745.69 894.70 0.422487
2 265.81 1372.74 357.33 1498.10 0.287172
4 911.96 687.11 976.88 731.14 0.436915
4 1151.74 575.45 1192.17 596.80 0.313972
4 1255.26 768.32 1306.32 810.11 0.338940
4 999.58 923.00 1177.02 1013.99 0.561870
4 1061.04 724.44 1151.67 785.98 0.390007
3 724.54 1042.02 773.10 1090.09 0.227904
4 578.35 817.75 650.19 895.81 0.304546
4 1917.64 554.56 1977.61 599.82 0.352890
3 980.95 722.29 1009.06 772.26 0.357595
4 819.05 1051.07 968.90 1094.52 0.358383
1 1108.55 1422.62 1159.07 1497.92 0.361306
4 1919.90 534.81 1984.73 562.40 0.318157
4 976.48 679.68 1048.37 734.48 0.278986
1 313.20 1373.41 355.63 1485.73 0.327538
2 1059.03 1043.19 1103.66 1096.42 0.317060
4 1318.65 609.37 1365.64 655.24 0.377032
9 1916.46 501.97 1989.97 558.61 0.251686
2 1923.74 1380.90 1988.11 1497.77 0.296968
4 1255.73 740.73 1353.77 809.67 0.296617
1 270.14 1417.84 319.78 1498.26 0.278267
4 1299.29 512.12 1325.61 542.80 0.319175
1 499.20 1073.03 529.78 1142.81 0.334669
4 1333.88 709.56 1383.58 740.88 0.260538
4 1605.42 483.25 1654.06 503.86 0.239822
4 1030.13 626.15 1117.26 666.22 0.205170
2 725.19 1024.37 771.68 1086.97 0.287919
4 1656.48 468.83 1689.76 490.19 0.217158
2 1290.70 1454.30 1335.76 1497.68 0.272998
1 459.63 1053.90 494.03 1133.86 0.268003
4 1515.00 534.64 1541.63 557.37 0.213358
4 1598.75 497.81 1630.22 518.97 0.233029
10 1253.83 1343.23 1305.23 1417.38 0.204552
1 1035.91 1458.08 1076.36 1498.54 0.258547
4 680.93 817.26 737.77 847.33 0.209427
4 898.47 458.54 926.75 475.91 0.230355
1 1069.75 833.09 1094.45 890.37 0.271818
4 457.38 1398.98 601.42 1498.50 0.207698
4 160.09 825.47 225.38 884.27 0.235164
4 316.99 1112.90 402.51 1196.44 0.291168
2 1213.92 1441.49 1257.22 1498.00 0.245572
3 1924.05 1430.85 1982.38 1498.73 0.257200
4 288.39 835.26 377.21 888.66 0.253039
4 89.26 811.28 225.04 884.95 0.220462
4 1362.71 607.96 1384.56 631.27 0.283325
4 1978.25 525.45 1999.56 553.10 0.201896
5 455.52 1265.14 717.43 1498.70 0.391136
5 773.75 1050.66 969.15 1095.56 0.225457
