4 774.17 48.06 797.53 67.67 0.567222
4 773.66 201.34 807.15 235.41 0.523044
4 997.54 259.99 1047.49 323.94 0.447920
4 292.52 305.16 336.85 362.72 0.489316
4 717.81 32.00 737.62 52.98 0.552928
4 201.95 397.94 248.63 443.92 0.499675
4 225.45 666.27 328.65 727.07 0.399920
4 415.54 351.47 453.75 389.07 0.448094
4 333.75 150.14 383.36 173.25 0.449477
4 708.18 161.17 742.27 194.58 0.478797
4 191.05 719.99 299.27 787.31 0.422509
5 434.42 151.16 483.81 175.42 0.453375
6 0.15 71.75 56.69 115.77 0.346098
4 797.85 122.28 826.23 158.18 0.383041
4 249.21 624.73 344.84 676.97 0.400652
4 311.75 514.78 392.21 565.23 0.525532
4 403.80 297.49 441.41 331.18 0.422246
6 91.63 23.21 172.79 79.43 0.374317
9 154.10 71.64 251.10 94.26 0.234988
9 176.08 61.77 266.50 85.51 0.229029
1 602.51 599.87 619.51 626.77 0.363252
6 289.29 506.93 578.10 787.27 0.205404
9 32.37 149.36 145.66 181.75 0.255603
4 362.86 20.34 387.81 32.76 0.227449
9 299.91 80.89 351.67 115.78 0.215207
4 634.16 241.17 665.10 263.14 0.234378
2 1291.29 110.60 1304.78 142.21 0.210093
4 106.66 59.14 127.98 80.50 0.234840
