4 283.81 878.84 519.09 983.71 0.675385
4 914.98 625.37 1031.97 671.98 0.546181
4 867.06 673.03 1015.47 729.94 0.558583
4 818.63 715.77 977.51 785.49 0.563214
4 1550.85 836.63 1711.99 944.37 0.576419
4 1178.69 639.12 1320.21 688.08 0.485272
4 1701.30 884.39 1874.32 1014.82 0.512958
4 1182.04 532.03 1272.95 572.59 0.470999
4 966.62 562.75 1068.33 604.35 0.454836
4 1207.77 674.76 1356.22 731.62 0.480239
4 1192.52 592.13 1311.93 641.99 0.385831
6 1683.24 709.25 1895.66 846.13 0.362919
4 2.80 797.99 195.81 900.66 0.441724
4 1127.39 450.66 1151.34 476.19 0.447660
4 1026.18 495.76 1089.65 523.82 0.348667
4 1179.88 511.11 1252.90 539.52 0.398629
4 1221.70 742.04 1406.12 817.01 0.565136
4 1175.52 464.22 1230.54 488.98 0.380228
4 1169.77 446.56 1221.68 471.87 0.340521
4 1013.57 509.33 1082.15 533.44 0.334298
4 1295.05 520.53 1325.18 544.22 0.270025
4 1160.62 425.55 1196.26 444.41 0.349108
4 1175.32 491.26 1244.00 518.34 0.375875
4 993.27 530.51 1074.83 567.09 0.329058
4 1121.07 404.12 1141.94 418.72 0.263419
4 0.54 784.90 109.14 844.84 0.246907
4 1074.51 441.36 1108.56 459.73 0.320885
4 1011.44 520.72 1076.09 541.78 0.257679
4 1093.82 423.39 1119.20 441.67 0.278454
4 1065.53 473.67 1090.80 497.23 0.239561
4 1210.35 425.62 1229.00 440.95 0.202077
9 497.65 384.15 635.05 418.92 0.234897
