6 832.79 470.28 941.40 517.27 0.460035
4 1166.33 769.03 1214.07 827.11 0.474247
3 347.73 993.83 417.61 1049.56 0.313279
4 344.59 684.43 373.56 699.47 0.281818
4 1096.71 391.95 1119.23 404.81 0.267650
4 880.36 251.32 891.70 263.43 0.309401
4 826.42 329.18 839.51 344.35 0.349626
4 1090.94 238.33 1111.98 251.22 0.224214
4 803.16 224.28 818.05 237.93 0.304750
4 941.82 303.95 952.23 313.62 0.262486
4 873.79 308.32 888.84 317.85 0.273171
4 736.04 297.15 751.42 310.34 0.245238
4 1027.76 510.38 1067.40 533.89 0.226086
4 990.55 221.36 1003.25 231.56 0.224034
9 937.53 200.66 970.94 225.19 0.223628
4 952.31 284.69 962.00 292.61 0.259959
4 1149.64 296.48 1170.62 308.04 0.233687
4 770.61 231.21 790.07 248.09 0.226827
9 922.14 142.84 976.00 160.39 0.221105
9 1051.78 194.67 1086.59 211.63 0.245246
4 743.68 229.87 756.81 244.73 0.202251
6 597.16 422.51 678.30 455.92 0.211111
4 1354.54 442.84 1369.22 454.75 0.241928
