6 1318.53 260.33 1355.94 308.29 0.503103
4 0.33 927.98 116.67 1047.46 0.575594
4 1248.18 526.66 1309.26 603.67 0.577223
1 792.72 755.39 825.02 815.71 0.369644
4 1290.42 457.96 1340.84 519.05 0.501881
5 1287.60 309.74 1341.74 372.08 0.472174
3 1145.64 631.30 1201.51 665.04 0.510843
4 1278.35 356.57 1339.16 411.61 0.371946
3 3.33 565.52 69.21 601.70 0.450549
1 69.88 522.79 92.33 562.11 0.449314
1 559.36 950.82 596.55 1019.22 0.483407
4 1178.66 428.79 1225.89 479.46 0.472643
2 697.39 654.56 719.23 706.05 0.400664
4 1361.43 612.51 1397.81 718.16 0.514797
4 1378.53 419.59 1397.70 472.80 0.456474
2 543.18 655.01 567.22 703.23 0.399120
2 678.02 647.74 698.96 697.45 0.373449
2 400.37 602.32 419.97 647.50 0.381780
4 1384.00 515.30 1397.74 586.40 0.445155
2 385.85 595.49 404.17 646.10 0.355121
4 1269.52 225.92 1293.65 250.18 0.333332
1 497.87 635.31 513.60 667.03 0.388290
4 1195.21 400.84 1232.52 430.09 0.380955
2 425.01 577.88 443.41 625.80 0.384255
1 1077.54 488.96 1095.12 523.45 0.389435
4 1243.90 271.88 1273.27 305.05 0.382375
9 1300.32 81.81 1346.17 101.81 0.295447
2 622.38 658.53 642.84 701.72 0.368480
4 1390.15 152.59 1397.92 168.22 0.255881
2 593.57 639.55 611.61 681.96 0.343354
2 569.14 640.47 591.22 689.04 0.338199
4 1240.38 238.88 1267.31 272.32 0.293839
4 1317.13 140.01 1330.19 154.75 0.303517
4 1290.08 119.61 1309.33 134.33 0.203489
3 566.78 662.00 591.56 690.26 0.272554
4 1319.54 159.46 1334.78 174.22 0.334542
4 1112.48 311.29 1141.01 332.21 0.257915
4 1280.23 193.16 1298.22 220.57 0.251429
4 1376.98 137.47 1397.72 153.98 0.233258
4 1389.31 198.25 1397.93 223.28 0.288699
2 838.52 685.92 865.70 734.67 0.279910
2 446.02 593.88 462.98 623.36 0.209098
2 1368.35 209.18 1377.80 226.05 0.221832
2 775.36 674.34 791.85 709.07 0.247915
4 1328.88 114.35 1339.80 124.80 0.202222
4 1355.85 125.83 1372.97 139.12 0.207988
3 1076.68 499.13 1094.47 524.17 0.216672
4 1279.32 162.84 1293.70 178.74 0.250646
4 1278.54 206.00 1295.50 223.60 0.217687
3 543.10 677.34 567.99 704.01 0.236951
