4 802.08 421.50 879.91 480.32 0.524151
6 425.34 342.84 561.44 445.36 0.340437
4 564.23 346.90 645.82 394.80 0.495161
4 386.02 660.36 480.34 730.25 0.467139
4 640.63 297.55 716.70 362.84 0.475646
4 599.84 535.50 686.12 602.50 0.467026
5 245.17 470.89 406.51 578.98 0.350235
4 0.01 623.33 57.89 718.47 0.365378
4 450.22 574.42 487.59 603.27 0.330605
4 282.42 649.26 377.23 712.79 0.376645
4 1177.90 389.89 1250.32 448.75 0.354570
5 425.23 386.47 473.54 444.65 0.285391
1 1293.70 484.17 1399.37 557.51 0.373519
5 711.07 267.96 771.67 333.38 0.297341
6 219.96 409.45 420.07 518.29 0.320434
6 373.22 328.02 442.71 399.09 0.259247
4 1123.08 242.68 1190.06 294.65 0.433072
2 923.72 197.47 955.58 222.98 0.254340
4 99.80 585.88 159.30 668.95 0.301880
4 445.75 4.41 471.88 21.43 0.259238
2 1125.72 80.55 1148.41 106.73 0.224946
1 1179.44 585.07 1239.17 645.10 0.289939
2 976.38 161.13 1001.11 187.54 0.214373
6 228.36 327.65 443.12 451.99 0.334138
4 249.07 763.41 307.31 787.62 0.235012
6 0.46 584.34 160.38 719.90 0.219512
2 57.51 486.94 101.97 519.06 0.232056
4 246.05 478.96 273.48 505.21 0.213070
4 815.83 365.73 877.48 409.31 0.302429
4 992.74 309.73 1064.92 366.97 0.255535
4 36.04 606.02 105.86 695.58 0.252994
4 121.03 7.88 137.11 23.53 0.211023
4 1068.20 406.51 1115.15 456.41 0.234464
6 640.61 267.75 771.96 363.29 0.225465
4 1011.02 256.85 1064.36 294.53 0.228673
