4 461.27 301.69 535.93 431.58 0.492391
4 23.14 966.15 121.71 1049.45 0.584098
4 566.74 0.45 627.40 77.53 0.478508
4 313.52 299.18 392.05 431.30 0.384004
4 0.23 160.46 87.36 228.87 0.378705
4 0.10 223.88 62.49 292.71 0.390570
4 0.00 368.42 27.05 422.45 0.388994
5 750.17 222.13 819.11 360.46 0.373975
4 46.03 45.58 120.12 109.92 0.384959
4 346.44 150.17 424.24 273.84 0.385022
3 26.80 910.19 72.65 962.72 0.443279
4 1060.59 543.68 1176.29 598.54 0.335622
1 916.74 210.58 943.98 246.59 0.339038
4 1369.08 946.23 1399.63 978.61 0.265182
7 739.21 403.29 781.22 463.72 0.242363
4 47.25 0.15 139.86 49.65 0.406350
4 275.21 475.78 343.86 580.94 0.277889
1 909.09 144.76 928.13 179.74 0.328137
2 857.85 0.02 877.46 38.84 0.278079
3 870.07 211.99 895.21 242.63 0.361472
3 895.37 769.83 918.51 808.07 0.299535
5 834.92 904.16 973.82 982.02 0.309874
2 887.44 58.90 907.96 95.55 0.292720
1 721.35 953.85 744.94 984.21 0.326537
2 686.46 9.42 710.72 53.72 0.245393
1 0.14 911.71 28.47 960.75 0.345252
6 159.69 423.11 265.52 595.06 0.291045
4 0.20 123.82 53.11 159.40 0.287878
2 870.93 191.16 897.25 236.27 0.308007
2 782.79 954.62 827.15 1005.35 0.208017
4 1318.28 629.88 1395.28 767.46 0.275492
3 678.06 22.33 713.91 58.83 0.220563
3 116.46 521.90 155.51 559.15 0.245179
6 275.13 435.92 351.40 581.71 0.295236
1 807.80 954.82 827.27 986.17 0.280870
1 783.13 967.03 803.65 1000.75 0.289977
2 874.50 12.92 890.28 37.75 0.262323
1 862.66 361.44 884.95 382.10 0.232650
2 826.04 731.41 846.43 755.65 0.245675
2 787.08 5.02 807.97 37.40 0.220597
4 0.09 300.26 40.36 353.13 0.285173
3 53.50 671.36 96.85 723.63 0.220352
2 892.32 37.16 912.41 64.07 0.230116
2 1007.81 935.09 1035.80 959.02 0.200851
2 815.09 3.91 835.35 37.27 0.213322
2 924.15 0.00 938.92 17.84 0.228793
3 989.39 179.82 1006.29 222.96 0.210235
3 649.63 1012.59 701.45 1049.22 0.293038
