4 592.72 459.30 678.92 514.56 0.367063
4 606.71 385.66 683.68 435.42 0.380143
4 590.51 426.80 684.78 473.12 0.356622
4 648.31 229.58 714.88 280.07 0.386471
4 559.70 988.49 673.07 1049.39 0.356710
4 559.26 611.71 657.53 667.44 0.333543
4 546.54 701.45 638.78 758.18 0.359488
4 639.78 262.66 709.09 320.39 0.375817
4 924.11 949.41 1039.81 1008.89 0.323837
4 663.32 129.69 711.51 175.10 0.390880
4 618.03 294.61 687.62 354.86 0.399182
4 564.73 561.42 642.83 610.51 0.370750
3 713.64 985.50 747.82 1039.07 0.273299
4 759.57 77.44 773.96 97.91 0.317094
2 760.43 432.75 772.74 453.32 0.238668
4 539.77 748.82 618.30 806.69 0.327746
1 732.31 374.67 744.75 397.63 0.252734
4 669.67 37.74 712.86 65.90 0.255539
4 673.32 91.46 707.70 116.21 0.289524
4 586.89 500.76 656.96 544.39 0.295875
4 589.89 949.26 698.75 1014.31 0.348613
10 873.22 909.32 1046.96 1010.20 0.218633
3 511.75 687.89 553.80 735.01 0.228664
2 741.58 343.94 769.59 367.31 0.208706
4 616.15 368.03 663.49 394.95 0.234015
4 662.50 175.89 688.74 208.90 0.235157
4 461.75 478.84 517.83 513.80 0.214122
4 525.45 651.17 641.51 707.92 0.325297
