4 244.54 384.52 318.33 444.75 0.608851
4 677.87 265.52 717.90 303.91 0.528500
4 571.85 491.44 649.15 560.32 0.506853
4 217.89 280.75 317.77 328.46 0.498024
6 932.36 165.99 1011.94 210.36 0.444025
4 0.23 404.75 66.12 467.43 0.504791
4 839.66 360.99 883.04 409.01 0.447548
3 1027.03 374.19 1075.72 408.88 0.372811
4 800.46 636.45 897.83 744.91 0.392381
4 815.38 445.21 878.00 528.23 0.375050
4 544.22 108.07 579.29 130.16 0.314551
1 882.01 786.89 924.43 871.78 0.380958
2 1012.32 273.50 1055.51 316.33 0.220290
4 908.61 330.87 951.45 396.28 0.372610
4 833.59 501.93 913.03 601.24 0.324556
4 745.53 81.06 763.93 98.26 0.397938
4 484.32 134.93 537.11 163.17 0.369205
4 819.46 1157.61 977.09 1464.41 0.401442
4 545.05 76.63 570.17 99.46 0.263133
3 1070.47 513.30 1124.73 560.06 0.218159
2 1049.01 345.98 1069.44 403.62 0.277427
4 335.92 206.21 390.89 253.67 0.371682
4 581.69 90.22 603.50 105.14 0.294384
4 873.08 77.42 904.20 97.46 0.280548
4 596.71 116.98 618.83 136.28 0.299727
4 775.59 110.89 795.83 128.93 0.349992
3 1050.48 451.72 1096.99 495.74 0.387621
4 612.27 69.56 631.76 85.03 0.290045
4 843.33 148.97 872.20 174.98 0.330384
4 866.02 88.71 886.43 106.66 0.261199
4 842.55 94.48 867.09 114.55 0.272298
1 1012.00 273.75 1027.03 309.31 0.312880
4 730.36 35.69 760.57 62.87 0.214748
4 823.55 74.65 840.72 88.22 0.287679
4 85.00 70.37 122.65 93.57 0.240330
3 882.92 833.96 921.01 878.45 0.320627
4 842.21 121.67 865.49 142.38 0.273346
4 808.90 41.88 825.36 57.52 0.257082
4 584.87 130.00 611.72 156.14 0.274459
2 1037.74 283.02 1055.43 317.73 0.252962
4 658.08 80.25 678.54 94.51 0.257100
4 1000.66 0.65 1055.16 29.18 0.216322
4 835.91 38.05 857.72 57.31 0.220150
4 756.53 20.57 780.80 38.52 0.224950
4 670.54 37.88 694.42 53.38 0.246461
4 880.47 123.76 900.93 139.67 0.202132
4 801.93 18.33 820.77 34.33 0.208937
1 1085.91 511.73 1113.28 552.13 0.226394
10 914.84 878.15 960.23 970.17 0.208430
