4 1207.35 289.29 1272.54 348.39 0.636451
4 456.79 197.77 510.02 259.68 0.644525
4 1469.23 772.83 1600.68 922.80 0.527925
4 92.11 1085.25 247.00 1324.90 0.510036
4 928.74 87.56 964.61 133.31 0.563861
4 1314.96 494.55 1410.34 603.09 0.537674
4 145.95 826.99 293.70 1044.23 0.454101
4 313.18 526.05 400.27 640.03 0.472766
4 1094.10 30.18 1135.09 69.83 0.478236
4 1400.73 651.91 1504.14 769.17 0.528916
4 577.74 1.94 613.28 35.06 0.486062
4 1271.13 408.82 1353.14 501.28 0.524102
5 1122.93 58.42 1223.04 197.15 0.392616
1 1132.70 200.59 1152.94 242.64 0.368821
4 357.18 385.41 442.68 498.14 0.431176
4 527.10 71.45 577.10 133.70 0.392529
4 501.20 117.92 548.35 174.91 0.546528
9 1304.40 124.40 1999.20 1163.68 0.355310
4 550.69 46.01 589.84 93.02 0.428232
4 1078.02 0.80 1115.08 35.17 0.332103
1 343.07 712.56 438.14 839.43 0.275869
9 0.47 2.43 340.68 1159.67 0.264302
1 1117.95 199.40 1139.24 236.63 0.278201
4 495.79 720.79 527.17 797.52 0.240202
2 342.80 455.35 360.81 504.26 0.201496
2 1020.01 0.33 1035.69 30.10 0.229442
2 1117.78 198.02 1153.76 243.28 0.335783
4 551.18 0.88 583.33 29.22 0.204744
4 276.17 655.16 355.45 765.62 0.211179
3 1114.61 210.52 1136.41 237.45 0.289385
4 1072.01 1.51 1089.04 31.50 0.218163
4 281.08 610.78 370.58 721.89 0.226887
