4 454.37 166.92 477.15 188.84 0.563682
4 1341.23 839.52 1399.80 919.38 0.529787
4 581.86 362.07 647.20 412.47 0.497061
3 492.41 704.16 523.73 742.11 0.404865
1 780.21 814.40 821.78 863.79 0.482567
3 612.78 520.55 635.89 556.55 0.372074
2 1154.91 706.33 1182.66 752.70 0.331282
2 58.99 666.41 97.40 710.74 0.369818
2 289.19 750.13 331.16 795.52 0.351715
2 1252.60 658.71 1283.21 701.92 0.318192
2 1025.17 651.25 1056.63 705.51 0.308470
2 35.67 700.85 79.36 748.60 0.374879
2 0.14 692.00 34.66 735.21 0.359932
2 205.62 751.58 236.35 804.17 0.280284
2 492.60 686.57 522.38 740.41 0.307819
2 1110.27 620.55 1135.41 665.75 0.296010
2 631.05 665.29 660.46 704.04 0.329889
2 1306.62 723.07 1350.25 762.96 0.308755
2 1275.26 433.61 1303.67 470.75 0.330383
2 567.99 519.40 585.48 558.13 0.291181
2 1253.03 382.96 1270.70 416.28 0.340334
2 1243.81 510.02 1274.18 564.78 0.302576
3 661.01 640.70 684.01 682.32 0.340989
2 313.70 723.22 349.84 771.10 0.292522
2 904.34 665.69 931.31 702.13 0.314022
2 799.65 513.79 815.98 554.45 0.268293
2 591.80 497.56 607.51 539.77 0.271430
6 754.64 192.25 807.73 222.05 0.317087
2 946.23 604.61 972.67 656.14 0.244305
4 136.12 294.07 167.94 314.84 0.263858
3 138.35 304.20 161.39 331.52 0.220493
2 685.12 604.94 711.28 647.26 0.256030
3 908.67 605.40 929.30 640.96 0.303504
2 733.27 485.68 748.36 532.63 0.253243
2 851.60 560.36 876.48 599.74 0.249218
2 1208.34 486.64 1242.77 551.77 0.252081
6 295.41 16.15 355.26 48.50 0.281735
3 702.41 504.75 720.37 536.55 0.336467
2 304.29 693.00 327.44 732.31 0.292212
2 1112.70 691.13 1135.19 734.18 0.263271
2 675.47 500.23 690.80 539.85 0.252595
2 768.90 501.64 782.70 541.03 0.287830
2 392.48 728.50 424.73 779.75 0.269581
2 92.53 336.10 112.30 370.09 0.304590
3 564.58 537.72 584.21 560.33 0.285303
2 856.83 605.61 874.06 643.08 0.260661
3 381.26 742.94 432.56 800.02 0.311268
4 400.47 148.59 416.18 164.69 0.237748
7 134.96 294.37 167.70 330.90 0.214717
2 701.87 487.55 719.99 532.80 0.237576
2 1016.78 622.17 1035.15 657.90 0.247878
2 923.82 344.74 955.64 388.00 0.256361
2 910.61 584.52 931.21 637.99 0.209422
2 775.33 646.27 798.01 690.26 0.257757
2 807.78 622.50 833.44 679.89 0.238915
2 780.75 506.64 796.81 543.24 0.270251
2 1195.68 662.01 1234.86 712.29 0.256267
3 734.09 507.44 748.88 534.32 0.294759
2 616.11 208.00 625.82 229.13 0.233591
2 1202.82 628.28 1229.94 669.25 0.249627
3 928.49 360.45 945.37 388.60 0.210633
7 50.24 344.68 89.87 389.71 0.223457
2 360.29 721.19 393.57 754.60 0.244936
2 940.37 347.42 955.18 379.64 0.217713
2 830.04 567.30 850.31 603.63 0.217823
2 1119.27 668.07 1140.75 719.40 0.237582
2 901.30 636.03 937.54 700.01 0.221590
2 923.87 344.67 938.91 381.24 0.202581
3 1174.88 395.65 1201.81 423.38 0.229204
1 59.05 666.54 97.22 710.13 0.218238
2 647.97 593.18 669.22 643.94 0.209639
3 799.02 607.17 818.76 640.82 0.213652
2 452.15 201.31 462.29 221.95 0.201616
2 834.03 593.52 856.25 632.76 0.201873
2 957.70 362.12 972.14 393.97 0.245271
3 58.46 358.98 88.90 390.01 0.200828
2 668.38 479.50 683.91 517.41 0.221912
3 650.08 614.65 669.26 649.82 0.300664
1 35.80 700.90 79.16 748.41 0.219889
2 616.64 497.63 637.99 544.49 0.254743
3 677.95 635.19 701.17 670.49 0.204909
3 307.32 710.44 326.72 733.66 0.200940
1 1275.58 433.63 1303.63 470.81 0.239980
3 306.57 713.25 346.60 747.79 0.249721
