4 846.35 772.59 881.46 787.82 0.380296
4 645.08 749.90 660.92 769.54 0.358777
4 828.82 605.83 845.23 627.30 0.372199
4 895.46 760.17 932.38 780.48 0.405290
4 547.43 567.36 572.93 584.32 0.360770
4 645.84 550.91 657.58 568.05 0.336594
4 618.85 710.11 633.59 723.66 0.317945
4 585.13 685.44 600.13 709.75 0.329882
4 614.27 549.46 624.65 566.17 0.343301
4 590.70 571.91 603.12 590.70 0.338048
4 566.35 773.07 583.53 787.59 0.286956
4 590.95 520.64 600.74 534.92 0.335285
4 771.51 609.15 787.07 629.47 0.347823
4 613.85 492.17 623.06 506.88 0.282590
4 632.77 498.69 642.88 512.20 0.270941
9 664.68 440.10 679.95 476.54 0.289199
4 628.83 475.93 639.89 488.70 0.261880
4 553.22 419.20 567.26 431.96 0.226068
4 637.09 459.28 649.65 475.67 0.223450
6 903.68 514.71 951.69 548.71 0.265280
4 634.10 520.49 645.61 540.92 0.267857
4 913.11 554.93 924.97 567.26 0.312450
4 777.77 744.12 802.78 757.36 0.289680
4 624.21 405.55 631.98 415.95 0.238995
4 616.76 636.04 629.77 656.10 0.333689
6 1138.84 234.64 1162.96 264.19 0.209062
4 699.31 758.82 716.13 775.79 0.294692
6 570.61 366.66 584.17 392.45 0.210108
4 1337.10 389.75 1346.48 400.62 0.292773
6 862.62 575.58 909.86 621.52 0.255546
4 909.93 606.72 925.32 622.42 0.265667
4 655.59 478.54 664.39 492.58 0.224373
4 585.46 408.64 594.61 418.57 0.224770
4 1181.49 315.10 1200.77 333.83 0.215446
6 666.44 678.87 681.25 702.03 0.233664
4 1314.49 696.27 1338.42 707.54 0.211055
4 1268.30 439.99 1281.99 451.14 0.268105
4 1202.37 737.65 1222.73 751.89 0.220135
4 1348.56 693.79 1366.43 704.30 0.220278
4 646.02 736.35 659.07 751.99 0.208486
4 663.12 538.06 678.68 559.69 0.209500
4 638.27 425.44 646.67 436.85 0.201996
6 1172.33 238.24 1217.71 256.92 0.210940
4 597.96 407.04 606.62 416.85 0.227916
4 636.90 411.54 645.68 420.63 0.220134
4 1178.32 554.53 1192.28 569.10 0.223908
5 693.77 729.11 716.52 775.98 0.215949
