4 1182.41 338.03 1275.92 434.15 0.418835
2 737.16 574.13 750.07 600.51 0.426733
2 552.16 559.18 564.63 588.72 0.406464
2 632.55 603.54 645.37 622.37 0.375364
2 949.19 156.84 959.04 183.36 0.313230
2 612.21 761.61 624.32 787.28 0.319154
2 775.85 247.64 841.79 280.46 0.337537
2 652.34 61.49 662.87 83.43 0.295069
2 791.07 401.35 803.02 429.48 0.274775
2 634.96 509.05 650.94 528.42 0.251760
2 704.35 121.30 714.28 144.09 0.287121
2 587.65 380.68 598.75 403.75 0.278712
2 801.19 405.13 811.54 432.72 0.289011
2 647.17 317.57 660.84 349.17 0.246631
2 635.80 344.17 645.39 367.25 0.261738
2 574.45 374.56 586.65 399.50 0.273502
2 840.77 31.55 850.57 52.34 0.243587
2 693.38 5.47 709.05 19.79 0.241516
2 968.97 198.18 985.72 219.88 0.215971
2 601.35 764.10 615.01 787.21 0.282794
2 659.72 434.82 670.20 454.32 0.262839
2 696.74 129.47 705.16 145.37 0.241582
2 847.04 437.81 858.02 457.34 0.266488
2 999.46 287.11 1015.47 310.64 0.223932
2 564.28 402.00 572.21 418.99 0.263967
2 626.94 338.95 636.23 362.09 0.270940
2 810.91 53.37 825.19 74.71 0.216137
2 780.65 416.63 789.83 435.36 0.216298
2 720.29 79.20 741.56 99.21 0.212476
2 812.07 448.50 824.21 461.15 0.220571
2 829.58 252.80 841.05 275.90 0.207758
2 853.34 28.73 862.92 50.73 0.242549
3 650.47 525.47 674.31 548.83 0.213945
2 652.93 515.88 666.33 542.00 0.237794
2 605.46 132.79 616.18 147.61 0.233711
2 661.09 518.98 674.49 547.23 0.226964
2 927.74 163.98 937.38 182.85 0.274917
3 1043.29 608.36 1084.09 643.12 0.222314
2 840.00 445.36 848.64 461.67 0.224895
1 737.09 574.03 750.15 600.63 0.243411
4 1387.28 369.42 1399.85 425.24 0.255447
