1 844.92 912.73 859.97 949.44 0.460631
1 824.78 906.15 841.25 944.57 0.441776
1 644.04 576.66 658.54 604.42 0.373742
2 683.64 489.66 699.83 516.84 0.308897
2 1045.07 737.91 1080.85 775.49 0.269049
2 1000.49 498.01 1018.31 530.00 0.267391
2 695.95 654.15 715.48 687.28 0.297238
2 360.48 507.63 376.15 534.87 0.251845
2 1310.29 683.04 1324.08 714.15 0.292165
1 1116.87 883.72 1153.04 943.32 0.300876
3 662.51 546.83 680.74 578.32 0.323002
4 443.27 752.22 465.66 781.36 0.340028
2 962.34 943.95 993.97 982.94 0.226190
2 418.95 376.35 435.37 399.07 0.216076
2 481.51 514.91 500.35 534.15 0.223245
2 662.23 527.07 680.76 559.95 0.224929
1 962.65 920.40 989.08 981.78 0.306932
3 547.53 621.07 579.21 652.02 0.201053
2 850.50 445.30 865.34 467.12 0.213633
2 701.13 638.43 717.20 659.98 0.205112
2 1017.18 495.80 1033.64 513.97 0.216999
