4 1267.43 433.26 1337.80 479.06 0.564191
4 710.92 803.15 800.97 866.78 0.534183
4 38.53 858.13 165.68 942.75 0.548452
4 1574.66 304.72 1632.70 348.43 0.549158
4 1029.31 229.19 1074.26 266.96 0.511862
4 882.43 508.76 956.68 559.25 0.459124
4 1412.58 198.34 1469.28 236.67 0.545675
4 1740.00 387.09 1815.19 438.81 0.513909
4 228.37 776.73 335.10 854.85 0.514341
4 781.08 549.46 863.08 602.00 0.455727
4 1026.91 483.26 1096.97 542.73 0.399484
4 321.78 277.40 402.26 320.37 0.388851
4 1420.69 62.77 1466.71 87.54 0.504176
4 456.72 680.87 558.00 748.60 0.472422
4 313.54 240.05 375.20 271.33 0.416511
4 1054.95 437.83 1125.09 479.72 0.464981
4 1137.88 400.12 1196.67 443.52 0.421522
4 685.31 587.46 775.79 645.12 0.477399
4 1791.18 356.98 1862.41 407.65 0.389349
4 466.94 935.83 578.25 1004.69 0.400163
4 365.23 411.16 440.92 463.23 0.387325
4 1135.44 600.79 1215.27 653.08 0.387891
4 1307.29 21.36 1345.55 44.77 0.443874
4 1719.15 305.36 1784.31 350.27 0.372560
4 342.10 724.02 429.89 795.84 0.313661
4 1285.43 535.84 1327.06 569.49 0.380265
4 1670.30 466.74 1703.12 486.59 0.331330
1 1252.79 866.93 1276.38 901.16 0.379618
4 1490.39 572.14 1516.89 594.49 0.279746
4 351.64 393.61 422.69 440.73 0.373535
4 1591.06 178.64 1610.22 195.64 0.252851
4 486.08 23.64 531.05 42.08 0.294210
4 423.89 72.71 464.79 99.28 0.303318
6 969.94 454.87 1050.71 522.11 0.310547
3 1044.90 954.30 1086.40 991.42 0.247174
5 841.50 755.48 924.44 811.30 0.265396
4 586.73 631.57 659.34 685.26 0.339942
4 432.87 496.74 469.01 556.46 0.320575
4 549.84 656.48 608.25 700.88 0.233991
4 1232.89 673.72 1262.05 701.12 0.223312
3 1257.73 981.99 1318.70 1031.68 0.272129
4 1203.61 574.41 1251.08 614.61 0.245662
4 473.95 3.50 512.10 25.56 0.222118
2 864.47 923.78 882.37 952.06 0.218737
4 167.80 1.99 204.05 25.04 0.216347
4 424.52 43.87 472.82 62.53 0.275682
4 1119.46 226.86 1138.46 255.89 0.229836
4 1659.73 731.61 1729.99 771.99 0.259632
4 436.67 116.66 495.95 150.75 0.202237
4 1282.01 679.50 1332.89 718.37 0.261444
4 840.50 774.29 896.09 812.10 0.204489
