4 730.45 551.69 842.51 655.28 0.499469
4 550.74 393.34 634.98 465.97 0.523707
4 288.54 455.87 373.31 545.30 0.460003
4 425.46 234.87 482.98 279.42 0.498098
4 218.74 274.77 277.95 334.35 0.497705
4 1156.59 352.20 1260.54 401.21 0.382255
4 62.35 117.88 102.59 153.50 0.442333
4 130.06 185.37 188.80 226.27 0.422501
4 92.23 82.14 160.37 118.66 0.427151
4 309.33 185.24 371.08 232.25 0.473347
4 296.46 234.79 356.77 283.44 0.473147
4 538.94 684.82 671.10 823.69 0.383229
4 1074.96 320.96 1170.51 366.40 0.364942
4 28.71 87.78 63.15 119.01 0.424194
4 343.31 423.53 418.04 495.82 0.459392
4 1297.78 347.03 1399.01 406.40 0.376215
4 74.86 194.23 133.10 244.96 0.415548
5 204.60 87.34 307.35 176.24 0.352203
4 1249.61 638.94 1327.55 755.79 0.378127
1 258.16 844.69 310.63 913.70 0.302910
4 72.79 0.23 101.39 21.39 0.377979
4 1214.40 318.20 1291.39 357.38 0.305041
1 434.58 834.71 469.83 902.70 0.320007
4 0.12 45.15 19.54 74.00 0.350412
4 1328.56 318.96 1399.43 364.18 0.326462
4 575.09 222.14 600.08 248.83 0.357167
4 1330.98 827.10 1399.08 944.21 0.359642
4 105.14 324.48 143.22 355.34 0.221594
2 263.98 1011.07 315.05 1049.22 0.281794
4 1159.23 322.69 1232.31 360.40 0.239647
3 258.27 867.98 305.24 912.87 0.214566
2 585.80 250.55 604.85 276.18 0.290286
4 318.05 69.03 336.48 98.25 0.256545
4 217.39 11.66 246.84 34.72 0.237522
4 836.22 1015.68 907.37 1049.63 0.245569
4 333.17 712.39 440.39 798.22 0.238950
