4 215.95 547.30 309.69 593.65 0.562294
4 1473.80 601.04 1607.01 652.07 0.498325
4 0.22 687.18 69.39 741.38 0.519737
4 1272.92 599.86 1387.55 650.34 0.492272
4 1028.47 594.51 1132.79 644.23 0.499013
4 1282.70 793.33 1411.36 851.24 0.444691
4 1746.44 611.68 1879.09 664.76 0.481427
4 458.23 558.32 571.72 607.71 0.491859
4 352.21 547.03 454.92 600.38 0.448292
4 1248.36 40.14 1322.98 74.91 0.437917
4 1486.22 650.35 1604.99 704.03 0.482386
4 1140.88 592.12 1258.04 643.89 0.438302
4 687.17 446.11 754.07 524.47 0.424416
4 1236.68 17.84 1308.92 49.89 0.406011
4 525.04 65.32 599.47 100.09 0.381013
4 703.14 21.79 748.75 55.86 0.369962
4 595.54 419.08 630.75 442.55 0.262446
4 1036.84 894.20 1167.94 953.69 0.311228
4 686.11 75.88 755.48 105.87 0.381166
2 873.33 163.11 888.36 193.58 0.307194
4 1848.42 917.70 1915.32 970.73 0.264370
4 1682.72 909.14 1813.81 969.41 0.376078
4 623.46 881.26 691.24 929.42 0.209392
4 385.07 229.95 411.13 245.92 0.225940
4 1251.27 904.38 1340.89 969.45 0.282008
7 932.13 563.35 996.67 614.66 0.238398
5 528.12 38.47 590.22 75.39 0.265318
4 879.39 579.41 935.04 610.66 0.322034
4 159.34 497.70 237.92 534.98 0.219788
4 1506.41 545.20 1618.35 593.04 0.281370
4 866.53 886.51 998.46 947.12 0.280546
4 492.88 870.16 567.05 907.69 0.206516
2 961.36 515.50 979.42 556.36 0.207926
4 595.22 137.14 631.18 159.50 0.216673
4 761.28 155.25 829.50 191.91 0.221819
1 37.31 556.33 59.80 583.79 0.222960
2 1006.40 333.50 1066.40 359.87 0.229387
1 1456.94 544.61 1474.44 584.34 0.233992
4 1335.97 906.73 1467.23 960.18 0.234281
3 36.93 565.85 74.63 588.83 0.227849
2 940.39 532.85 968.06 584.34 0.205454
4 1491.80 911.59 1616.37 965.13 0.241967
4 1880.65 623.32 1915.78 671.20 0.415662
4 1081.55 529.10 1135.35 562.54 0.259354
