4 1105.17 474.72 1119.66 495.48 0.385909
4 608.03 135.38 622.74 148.33 0.306084
4 1136.22 380.84 1150.29 401.07 0.278850
4 302.13 20.82 311.48 32.34 0.281544
4 1154.00 130.73 1164.71 145.32 0.291844
4 978.99 392.06 1009.28 420.07 0.273225
4 1328.20 512.65 1343.33 536.29 0.315632
9 287.60 37.73 300.55 58.23 0.223337
4 1087.21 581.25 1103.65 607.96 0.291429
4 986.14 249.60 1009.77 270.27 0.257113
4 1137.97 556.34 1158.48 577.99 0.266091
4 957.33 497.95 967.45 511.52 0.248521
4 622.18 120.55 636.98 133.60 0.299944
4 1214.87 409.64 1228.69 423.78 0.212102
4 682.36 65.74 691.44 76.71 0.225287
4 635.88 108.69 646.89 119.28 0.250823
4 1152.44 251.56 1163.61 266.95 0.253009
6 1264.76 234.42 1284.25 279.85 0.219845
4 1167.36 146.23 1176.10 158.31 0.242564
6 1255.91 478.85 1288.17 549.42 0.242948
4 1290.26 565.85 1306.79 592.26 0.259764
5 1248.76 291.76 1261.29 311.95 0.232154
4 1253.11 432.54 1266.55 456.05 0.255467
4 1164.25 23.47 1174.31 36.53 0.211322
4 647.26 97.01 656.68 106.82 0.232995
4 1128.42 442.86 1141.59 461.20 0.204867
4 1146.74 311.56 1157.28 328.89 0.241127
4 1282.33 658.32 1298.11 684.77 0.213969
4 1112.78 550.49 1126.45 572.95 0.219935
4 1333.42 542.96 1347.24 568.41 0.206695
10 869.25 489.89 907.82 519.22 0.206569
