2 29.08 209.20 48.20 242.55 0.498535
2 504.57 244.37 519.45 273.47 0.503543
2 216.47 200.09 230.33 231.19 0.466765
2 1027.90 664.84 1051.71 717.48 0.413320
2 1039.03 606.97 1076.81 667.68 0.367092
2 415.49 346.36 453.52 371.39 0.376232
2 987.12 634.83 1012.56 686.79 0.386730
2 118.32 324.09 136.06 346.29 0.403789
2 952.75 596.66 981.83 647.16 0.336135
2 181.41 305.91 230.79 338.19 0.295983
2 89.90 329.46 108.45 351.73 0.404663
2 161.54 182.80 178.08 213.64 0.394829
2 364.35 338.98 382.02 373.46 0.300370
2 1012.96 623.92 1040.45 672.03 0.360806
2 314.67 322.24 352.77 348.96 0.271096
2 952.05 594.72 1077.72 718.21 0.265806
2 346.84 354.84 367.22 375.56 0.358391
2 314.57 328.34 329.95 347.79 0.305290
2 353.72 325.40 371.71 346.10 0.292580
2 211.01 306.36 230.86 329.11 0.303596
1 504.65 244.35 519.53 273.47 0.255694
1 29.11 209.10 48.33 242.63 0.288940
1 216.42 200.00 230.44 231.22 0.234122
2 967.92 604.02 999.12 646.03 0.205945
2 415.34 349.74 430.13 368.56 0.240797
9 1247.65 242.16 1298.28 293.53 0.210008
