4 519.13 725.12 548.69 764.24 0.486377
4 549.96 610.60 574.82 645.51 0.411152
4 579.01 619.83 603.83 652.60 0.405564
4 374.62 967.04 424.36 1033.95 0.531921
4 604.77 703.70 633.37 739.48 0.401232
4 633.41 723.94 659.53 757.79 0.392629
4 616.42 756.90 646.39 795.96 0.441508
4 917.82 410.67 950.41 434.36 0.297667
4 624.85 542.09 642.16 566.72 0.357704
4 726.42 293.27 740.48 310.07 0.281649
4 206.79 436.40 230.91 449.71 0.379626
4 664.31 527.49 683.96 549.64 0.306549
4 624.77 496.95 640.22 520.25 0.319815
6 1163.09 467.62 1297.48 528.38 0.330911
4 645.71 505.49 662.69 529.68 0.320581
5 0.04 935.22 57.25 994.98 0.372382
4 624.20 667.07 648.12 698.46 0.349067
4 710.60 390.49 725.35 409.60 0.293266
4 1165.90 414.02 1194.45 426.50 0.417437
6 114.54 485.52 436.19 778.31 0.291837
3 367.74 841.47 382.84 868.79 0.356835
4 668.68 571.57 689.24 595.07 0.302445
4 247.89 423.02 267.00 436.74 0.377189
4 674.59 429.77 689.28 448.57 0.299175
3 319.19 911.94 336.05 944.62 0.303783
4 659.10 599.07 679.33 625.19 0.318339
4 701.64 551.83 719.16 571.06 0.309508
4 648.75 680.48 674.45 713.53 0.337394
4 653.31 656.53 677.43 679.64 0.313639
5 415.51 741.01 501.99 865.59 0.340288
4 993.44 402.20 1011.60 413.08 0.326934
4 638.14 631.74 661.00 661.68 0.343821
4 677.22 457.10 693.17 474.77 0.281122
4 694.26 579.66 713.76 602.01 0.297950
4 1191.48 396.11 1215.61 411.68 0.338201
4 688.82 412.22 702.22 426.29 0.288135
4 698.81 366.44 710.54 379.31 0.286928
4 693.66 436.23 708.19 451.69 0.273272
4 682.54 600.80 703.54 624.98 0.306074
4 445.90 448.83 470.06 462.32 0.304743
4 610.93 325.19 627.85 335.26 0.256487
1 388.21 826.60 405.17 856.84 0.279677
4 558.06 311.31 575.44 324.83 0.259278
9 1225.93 358.29 1296.34 393.68 0.236377
3 281.93 955.55 300.19 992.81 0.345764
4 502.49 388.10 524.21 401.30 0.287027
2 368.11 816.68 404.94 868.28 0.215542
4 696.03 628.32 714.99 656.64 0.319085
4 38.31 950.24 97.51 1000.39 0.332315
4 721.29 511.45 737.12 528.54 0.294679
4 677.91 548.24 697.64 570.22 0.308305
4 975.97 376.72 987.69 390.41 0.273807
4 675.45 502.92 694.25 523.33 0.293994
4 1226.96 395.64 1254.45 410.02 0.307156
4 700.53 317.28 717.43 330.35 0.260318
4 670.28 629.32 691.32 656.94 0.327172
4 691.66 525.87 708.62 544.67 0.289224
4 576.02 563.88 602.81 603.48 0.255023
4 797.39 418.67 819.45 432.04 0.219210
1 370.28 817.15 385.90 847.64 0.304911
4 713.06 360.29 724.08 372.16 0.281617
4 638.00 473.39 652.97 490.99 0.261471
4 654.79 474.51 669.42 492.33 0.250222
4 221.39 398.12 238.88 409.21 0.260842
4 685.75 661.44 710.91 694.79 0.309043
4 714.37 530.51 731.32 549.53 0.241599
4 700.53 508.87 717.21 527.01 0.286533
4 664.12 487.49 679.05 504.40 0.234976
4 686.21 356.59 696.54 370.86 0.243276
6 1062.67 485.83 1166.10 573.63 0.258837
4 667.73 694.27 694.77 734.11 0.211931
4 1242.08 589.37 1266.26 609.74 0.225411
4 863.27 716.54 884.66 733.56 0.240151
4 991.27 562.87 1018.71 584.68 0.240555
4 747.50 463.41 762.72 475.85 0.217433
9 1116.36 362.59 1220.25 393.35 0.237135
4 782.47 291.75 790.11 301.39 0.210359
4 969.92 570.52 997.23 591.41 0.236097
4 948.77 578.99 977.84 598.32 0.200588
9 356.21 343.33 435.07 397.31 0.222319
2 643.98 431.11 651.76 446.14 0.223612
4 693.57 339.40 704.14 353.29 0.235296
4 551.46 384.22 564.66 394.79 0.218516
4 348.62 425.39 367.04 437.40 0.217191
4 895.36 436.61 910.18 448.79 0.234276
3 590.79 511.99 601.40 529.15 0.214768
1 417.75 775.68 432.72 802.88 0.224163
1 457.97 713.27 469.41 737.65 0.210767
4 952.58 592.37 994.06 614.84 0.306467
4 354.20 487.21 375.90 502.81 0.233410
4 590.18 326.93 605.66 339.56 0.212408
4 732.33 532.28 746.38 548.86 0.218063
4 695.84 394.34 708.04 408.17 0.277802
4 718.98 566.97 739.12 586.40 0.235743
1 289.16 931.32 305.57 960.11 0.218463
3 498.67 641.88 514.05 662.24 0.220002
4 462.07 457.42 476.33 471.80 0.224034
2 518.87 636.22 531.32 657.15 0.241528
4 1077.36 418.35 1093.45 428.02 0.225815
4 713.13 334.92 726.08 345.09 0.218745
6 975.54 347.91 1001.59 390.38 0.228028
4 625.18 476.20 636.44 493.43 0.206336
