4 1460.92 132.13 1511.28 151.05 0.530568
4 1913.79 95.03 1937.52 113.86 0.514926
4 806.96 272.92 881.16 305.58 0.522976
4 1270.47 156.16 1322.52 179.04 0.545079
4 939.24 230.76 1004.34 257.39 0.567154
4 1036.39 362.50 1111.10 405.49 0.589122
4 301.31 408.32 363.26 450.32 0.547528
4 1008.39 299.11 1077.69 331.98 0.592757
4 1241.44 89.93 1274.74 108.13 0.521448
4 508.52 372.41 572.45 411.11 0.553101
4 432.08 365.91 475.53 406.74 0.527178
4 1282.90 324.78 1359.21 365.29 0.569987
4 1482.30 53.06 1517.17 69.73 0.494238
4 704.94 314.89 787.20 351.23 0.480386
7 1058.05 1100.11 1126.62 1181.22 0.367593
4 919.88 341.23 998.34 381.85 0.598037
7 1192.67 1212.66 1335.20 1394.36 0.277395
4 227.12 401.26 285.80 442.62 0.478401
4 361.12 383.58 409.28 427.51 0.494276
4 1307.20 301.50 1382.13 338.59 0.549654
4 1145.57 128.18 1192.34 155.76 0.419251
4 570.54 361.55 624.50 397.19 0.509061
5 78.37 409.64 159.24 467.67 0.449171
4 1247.08 344.69 1333.91 392.26 0.455633
7 1103.91 992.38 1157.42 1072.02 0.274752
4 1854.45 59.14 1878.72 77.71 0.417647
4 1276.94 54.79 1321.40 90.77 0.387974
4 1869.01 18.55 1887.86 39.04 0.328913
1 1391.53 1054.99 1449.63 1106.78 0.520767
4 1035.17 274.25 1108.87 307.70 0.487731
1 859.39 669.60 879.99 710.07 0.378121
4 1442.61 71.98 1486.64 95.81 0.448276
4 981.31 202.27 1028.55 232.16 0.380873
4 1497.14 167.93 1518.03 191.30 0.478314
4 1437.20 846.72 1543.55 932.09 0.360395
1 206.68 953.69 238.85 1010.49 0.364927
6 1661.37 274.24 1704.44 324.38 0.290138
4 1520.91 35.85 1550.08 50.67 0.442451
1 845.46 771.89 871.94 825.55 0.378942
4 1375.63 64.68 1418.37 105.88 0.323671
2 465.58 857.95 498.82 896.48 0.289188
3 1.10 394.18 37.33 428.06 0.251352
4 1929.96 16.10 1963.01 34.50 0.370995
4 1768.40 44.07 1785.99 64.71 0.310924
7 1421.37 937.78 1455.37 989.26 0.242927
1 1090.37 327.49 1106.83 361.55 0.300207
1 350.75 975.42 377.23 1021.68 0.317818
2 286.39 970.12 325.73 1013.81 0.318557
1 1494.56 963.97 1525.27 1008.25 0.327889
2 454.83 796.79 503.27 896.89 0.238088
9 1594.43 7.18 1648.93 27.51 0.210585
4 157.13 417.22 207.82 453.96 0.428669
6 1957.12 388.50 1999.80 576.88 0.220139
6 1526.98 539.59 1593.57 615.98 0.218523
2 204.22 950.77 410.92 1022.44 0.202780
2 803.46 779.93 839.34 821.08 0.323910
2 456.60 797.19 488.90 836.39 0.243519
2 802.91 771.45 872.46 826.95 0.216343
2 367.61 954.22 407.40 1008.96 0.320173
4 656.91 358.99 699.15 375.75 0.235131
4 87.26 520.31 158.82 562.05 0.293171
10 1355.54 909.52 1406.74 954.08 0.237974
4 1963.21 510.24 1999.61 575.08 0.211892
4 1383.03 101.75 1403.77 117.15 0.262426
6 1327.75 150.64 1375.06 186.75 0.203903
3 663.69 313.44 690.41 346.96 0.203457
2 1555.57 965.41 1576.74 993.16 0.249459
6 1721.56 148.62 1751.36 184.73 0.214967
4 944.45 207.13 985.09 230.86 0.247204
2 1098.36 445.65 1115.56 475.67 0.238346
4 1483.80 19.97 1513.55 38.13 0.290386
4 1447.08 20.46 1482.83 36.36 0.205785
4 1856.46 39.52 1883.06 51.13 0.252841
