6 1089.49 785.88 1185.18 838.94 0.519738
4 1280.44 416.31 1305.31 444.80 0.456013
4 1411.52 610.29 1474.90 642.05 0.485873
4 1327.43 389.73 1384.39 422.73 0.419719
4 1348.39 460.03 1413.49 488.54 0.450696
4 861.85 223.45 888.51 243.22 0.396085
6 1218.12 799.94 1324.31 850.83 0.436833
5 807.27 646.26 850.39 699.16 0.481265
4 908.91 386.20 935.85 411.56 0.428365
4 926.69 282.49 968.14 303.19 0.353890
4 312.89 703.44 369.70 744.99 0.418976
4 797.59 761.28 863.02 807.06 0.396520
4 1336.40 418.87 1397.12 442.97 0.350441
4 255.50 705.63 280.56 737.36 0.333765
4 886.94 92.02 914.06 112.62 0.219325
4 896.59 411.62 919.24 442.32 0.384372
4 937.72 53.32 968.05 69.78 0.254510
4 1296.92 340.78 1319.51 367.57 0.361630
4 1371.91 520.39 1440.05 551.19 0.357243
4 238.80 52.55 267.10 65.29 0.227531
4 967.90 61.28 995.41 77.88 0.234858
4 904.45 189.12 930.47 205.63 0.267807
6 1244.13 302.39 1324.49 343.05 0.225792
2 1045.15 106.80 1141.08 331.81 0.309205
4 1052.60 111.95 1068.56 126.09 0.205208
3 1775.75 986.70 1898.78 1077.29 0.222246
6 860.11 128.45 894.03 159.90 0.208745
2 1462.27 112.89 1877.08 469.74 0.222648
4 1218.75 818.31 1249.18 843.12 0.212624
4 1159.45 131.31 1179.21 147.65 0.203050
4 260.31 619.17 295.89 659.18 0.216765
4 931.67 333.35 946.93 349.47 0.240036
4 925.19 349.67 946.93 377.20 0.295373
3 1788.64 400.50 1880.83 476.04 0.207942
4 940.93 233.66 969.08 251.16 0.254188
4 962.44 87.47 985.28 99.30 0.226444
3 1608.62 643.98 1898.30 1077.71 0.235600
