4 314.08 654.51 401.72 714.17 0.508487
4 605.36 348.21 651.97 379.46 0.487047
4 536.74 414.63 587.20 449.67 0.494629
4 441.84 504.24 510.02 559.03 0.480309
4 389.94 563.29 465.61 615.08 0.404579
4 501.68 438.06 574.46 484.33 0.437397
4 503.92 468.66 559.21 510.79 0.484072
4 677.29 265.82 714.72 290.57 0.411391
7 182.70 798.24 255.00 863.20 0.328574
9 1254.14 0.23 1395.60 51.42 0.343479
4 758.98 166.08 790.72 185.23 0.395009
1 122.80 915.77 156.22 952.25 0.292424
1 428.79 636.88 445.28 670.76 0.368494
2 572.51 442.38 657.18 508.23 0.243698
1 448.14 636.08 465.42 671.39 0.366283
4 751.11 182.94 768.80 199.02 0.313854
4 1090.95 100.78 1110.69 114.66 0.270617
1 271.81 818.76 302.09 858.16 0.276501
2 576.42 672.34 605.37 736.94 0.239126
4 739.52 216.71 761.60 242.25 0.260767
1 612.74 620.75 627.81 654.63 0.332175
2 627.09 624.23 641.64 656.54 0.304959
1 0.51 943.98 34.90 975.10 0.284519
2 927.53 299.48 1060.27 348.58 0.234465
3 586.58 703.69 605.22 736.27 0.204904
2 645.80 540.25 658.59 571.42 0.263327
4 709.89 242.65 734.45 260.67 0.264519
6 1252.76 20.46 1302.40 38.41 0.248465
4 665.93 282.52 697.52 318.75 0.221255
4 1276.56 54.50 1308.33 71.40 0.208666
2 572.59 468.70 588.60 503.97 0.234183
2 590.54 473.60 604.17 506.79 0.225078
2 719.17 553.51 730.64 576.29 0.271243
3 632.62 531.86 649.30 552.66 0.210411
2 858.14 184.79 868.32 205.48 0.214352
3 267.71 828.59 317.61 863.86 0.324757
2 643.65 479.93 656.42 505.62 0.200438
2 662.24 542.59 675.39 575.71 0.290613
2 613.72 466.62 626.50 496.77 0.200319
2 576.08 685.77 589.07 727.01 0.227544
4 672.48 279.67 700.40 301.60 0.255886
2 751.16 449.34 763.19 475.63 0.212860
3 646.93 551.15 658.86 572.15 0.210391
