4 1133.68 406.08 1156.60 446.12 0.335438
4 1172.86 256.78 1212.59 276.47 0.317689
4 1259.12 267.38 1302.66 288.18 0.310119
4 1186.14 484.94 1225.66 501.38 0.314537
4 1264.46 306.25 1305.05 324.87 0.363421
4 1275.73 497.83 1315.10 517.18 0.294924
4 493.35 835.49 514.68 876.48 0.272229
4 639.19 624.82 672.32 662.70 0.205959
5 627.21 601.52 673.33 638.92 0.256901
4 933.26 872.81 961.06 909.34 0.235568
4 1195.91 520.43 1237.35 538.61 0.208367
4 1295.29 699.60 1339.63 722.60 0.229222
4 561.56 899.32 579.53 935.37 0.288572
5 1197.39 1008.20 1215.65 1044.52 0.222536
4 563.58 994.04 582.42 1019.02 0.203214
4 562.70 947.57 579.97 987.05 0.269178
4 1384.53 264.80 1399.63 282.31 0.270294
6 938.54 766.01 967.73 796.31 0.205192
4 1181.93 370.69 1217.44 389.01 0.210424
3 1127.19 785.25 1190.45 841.66 0.200275
6 1342.44 488.79 1374.35 526.55 0.206807
4 455.77 162.35 476.28 182.69 0.200874
4 1390.80 301.91 1399.84 320.36 0.201983
9 1368.93 439.36 1399.84 556.64 0.243728
