4 1017.86 590.97 1136.11 684.26 0.517772
4 230.33 771.66 587.32 950.20 0.488352
4 321.07 705.50 603.45 831.61 0.474986
4 670.08 463.12 727.52 513.98 0.450123
4 568.22 313.12 595.99 331.70 0.484746
4 939.35 502.01 1044.27 576.40 0.450650
4 557.82 365.70 601.17 396.33 0.481061
4 679.34 507.31 750.17 584.47 0.403303
4 842.31 429.71 915.69 478.05 0.385976
4 865.82 392.34 937.50 427.16 0.398805
4 886.53 460.03 964.79 512.82 0.400842
4 680.97 341.91 745.62 366.60 0.330328
9 938.26 313.63 1071.68 359.28 0.266055
4 998.42 382.55 1040.77 406.68 0.293500
6 725.58 325.38 774.02 374.47 0.200472
4 678.63 346.56 698.68 364.11 0.261372
4 987.23 344.37 1043.38 373.59 0.249439
4 923.73 356.99 962.92 388.41 0.223378
4 530.45 337.72 554.52 363.34 0.251262
4 845.10 339.17 875.81 364.10 0.216002
