4 595.11 431.50 613.59 459.49 0.453931
4 528.39 299.91 541.90 321.32 0.435396
4 641.92 613.35 658.72 646.60 0.517955
4 634.12 115.27 645.04 133.07 0.342168
4 635.73 280.68 647.42 302.37 0.367610
5 535.12 559.96 571.10 636.08 0.342115
4 518.87 737.21 540.88 778.15 0.426181
4 629.41 465.73 645.25 496.19 0.368587
4 636.90 351.79 651.10 370.70 0.385352
4 1249.91 342.06 1284.95 360.80 0.376883
4 554.15 184.58 567.32 202.68 0.355734
4 408.24 610.48 435.44 647.90 0.386779
4 618.32 47.33 630.70 62.43 0.308473
5 578.97 287.63 597.99 336.39 0.309734
4 944.19 529.07 955.28 544.90 0.292566
4 583.70 49.96 595.91 64.64 0.297882
4 562.74 108.61 574.74 125.06 0.311413
4 537.51 253.10 555.96 273.28 0.322600
4 551.64 218.25 562.92 233.41 0.350138
4 567.94 46.47 578.38 60.85 0.303263
4 627.36 178.79 639.53 200.13 0.321572
6 395.56 51.39 447.99 92.54 0.244985
4 562.80 133.66 574.29 151.53 0.338416
4 590.87 94.06 602.97 108.77 0.287788
4 649.69 208.69 666.85 232.09 0.311403
4 623.33 143.34 635.59 164.30 0.341205
4 561.89 17.78 575.68 38.35 0.280504
4 852.23 474.97 868.52 491.66 0.291821
4 1118.00 630.81 1135.38 654.84 0.266683
9 354.21 52.91 409.17 75.58 0.287619
4 588.84 767.86 607.22 787.51 0.329990
5 655.76 369.99 674.35 416.62 0.319031
4 585.04 204.34 600.60 221.18 0.262231
6 493.20 270.54 518.74 297.22 0.271085
4 605.43 259.61 618.58 281.66 0.351494
4 611.13 77.45 623.45 97.86 0.271083
4 609.22 2.93 621.19 20.29 0.261456
4 558.76 0.26 570.96 13.67 0.253788
4 281.19 56.42 301.66 67.72 0.236317
4 573.24 84.51 583.47 98.56 0.287785
4 704.73 228.84 725.30 243.80 0.237569
9 396.51 66.58 447.60 91.86 0.221862
4 1196.26 367.82 1247.39 405.49 0.247603
5 458.95 452.45 496.62 511.14 0.341752
4 601.12 36.00 612.20 49.71 0.305879
4 740.00 331.59 757.96 365.38 0.230103
9 647.35 189.05 668.52 233.00 0.202416
6 1250.36 314.21 1399.56 433.62 0.202948
5 598.87 150.19 617.89 189.40 0.218243
4 573.79 0.81 584.37 14.37 0.246538
4 299.56 111.39 308.67 128.01 0.230179
4 582.64 536.82 592.31 553.61 0.285435
