4 543.96 264.71 583.33 286.17 0.605036
4 399.74 295.17 439.52 317.48 0.555067
4 198.02 255.16 233.56 273.17 0.593498
4 659.40 383.58 708.26 411.03 0.583989
4 425.67 325.43 461.17 346.79 0.577152
4 8.71 208.26 48.04 227.04 0.573527
4 885.36 393.28 941.32 429.73 0.446479
5 1292.28 647.28 1399.56 734.76 0.335926
5 1137.67 637.23 1258.03 720.43 0.405839
1 309.57 655.18 319.77 675.32 0.312761
2 299.51 653.61 320.33 676.34 0.257593
6 1133.78 176.62 1165.76 199.33 0.296284
1 277.85 674.76 289.03 690.08 0.287453
6 1037.86 181.88 1077.95 206.03 0.246456
6 926.77 298.09 1014.76 371.54 0.230934
1 299.66 655.16 309.04 673.06 0.286450
1 383.36 499.06 392.17 519.55 0.249736
6 1321.89 224.58 1353.16 250.05 0.214208
6 913.11 146.04 943.71 168.12 0.204387
6 558.67 12.37 585.29 28.89 0.215610
4 1251.43 416.55 1283.13 437.07 0.202240
9 1281.23 439.89 1399.49 507.10 0.203530
