4 0.47 128.25 199.82 227.54 0.530803
1 601.19 367.17 629.26 452.27 0.503649
1 786.42 343.40 828.29 433.05 0.495271
1 885.78 560.88 932.96 660.70 0.533206
2 921.77 270.91 952.86 355.35 0.463086
2 645.63 267.42 669.72 346.23 0.484226
2 1005.84 308.06 1041.80 397.68 0.475575
1 619.76 702.33 667.03 794.23 0.459281
1 868.53 396.70 902.32 492.53 0.486187
4 126.80 58.23 245.94 145.06 0.473711
1 521.95 327.42 557.50 407.19 0.503726
2 686.12 424.99 719.16 520.19 0.510702
2 863.68 304.73 902.59 396.38 0.488073
2 1064.68 400.32 1114.94 498.79 0.492924
2 953.15 350.27 987.46 438.41 0.483840
1 712.92 299.35 741.45 383.07 0.463994
1 78.04 605.11 153.13 706.79 0.436968
3 260.66 61.97 311.59 104.06 0.406756
2 696.85 231.07 727.66 308.35 0.452002
1 343.61 30.36 371.46 86.87 0.372188
2 232.49 371.63 281.39 470.34 0.462892
2 824.71 233.71 850.83 311.75 0.447279
2 418.82 90.98 440.75 156.08 0.363186
2 1108.45 347.95 1152.55 440.70 0.441830
1 125.30 572.85 207.34 674.37 0.434653
1 989.00 458.34 1032.50 560.43 0.509997
2 346.17 519.37 424.91 615.73 0.343756
4 163.58 480.62 381.03 698.64 0.435470
2 184.05 0.29 210.95 44.17 0.327624
1 442.27 623.06 520.43 688.37 0.435827
2 37.09 953.95 143.53 1049.18 0.344875
4 0.45 102.77 114.25 160.64 0.405272
3 777.55 183.06 831.14 243.86 0.308281
4 54.99 0.75 153.50 79.35 0.327175
2 206.35 0.06 231.66 42.29 0.358822
4 23.48 0.00 64.32 28.42 0.207586
4 415.00 50.88 482.88 101.23 0.369961
4 0.26 47.43 85.00 110.55 0.374633
4 23.71 0.00 128.48 28.70 0.342526
2 1336.15 291.25 1394.41 366.60 0.250073
4 0.34 289.19 145.28 442.42 0.357943
2 906.73 1016.08 947.89 1049.20 0.208803
2 405.43 50.85 422.07 105.29 0.264011
2 1101.72 309.27 1128.05 363.90 0.233365
2 445.28 97.22 462.01 151.99 0.297437
2 1371.44 331.29 1399.86 396.15 0.225591
3 1076.32 239.05 1137.34 313.43 0.235299
4 369.15 29.06 434.55 68.81 0.219609
3 293.64 8.81 323.16 44.82 0.215088
3 880.92 183.85 932.57 242.37 0.262573
7 1000.83 213.58 1087.84 289.78 0.228828
