5 824.85 725.03 897.28 821.52 0.422579
4 688.15 642.46 740.41 664.02 0.430460
4 1050.00 723.78 1162.47 764.11 0.416351
4 1301.73 806.16 1399.53 867.33 0.436801
4 995.30 832.16 1068.42 906.58 0.469776
1 580.91 699.53 594.21 734.00 0.396815
4 613.26 734.82 659.39 783.44 0.425607
1 563.55 701.04 577.06 734.68 0.379685
4 67.09 962.00 298.37 1049.50 0.445674
4 865.36 655.71 928.97 682.40 0.372359
4 674.02 796.43 735.89 872.88 0.415223
4 1313.20 723.54 1399.60 760.79 0.357283
4 1358.50 675.39 1399.78 708.82 0.392535
4 545.31 887.30 623.61 1009.76 0.423377
4 1266.25 665.33 1333.66 698.60 0.368676
4 705.27 606.49 725.35 625.51 0.411016
4 444.30 688.70 520.11 721.32 0.338175
4 1186.82 723.68 1290.75 761.89 0.376139
4 703.13 673.23 734.72 700.89 0.357019
4 17.38 675.87 90.47 703.68 0.366391
4 98.48 676.33 161.69 709.30 0.317533
4 158.89 898.04 352.13 982.81 0.426861
4 0.13 675.66 39.06 703.97 0.331649
1 267.17 716.07 282.89 746.31 0.347432
4 296.72 688.88 340.51 723.81 0.352431
4 456.52 630.96 513.40 655.98 0.302478
4 1187.29 641.59 1234.79 664.01 0.308440
4 581.17 778.32 636.62 843.17 0.344935
4 1249.87 706.86 1353.34 741.08 0.381031
4 1317.92 753.42 1399.59 798.69 0.360718
4 1033.99 668.21 1080.28 699.04 0.335915
4 682.15 744.22 725.69 796.21 0.363017
6 836.61 581.70 898.64 612.11 0.330217
4 154.94 674.07 212.87 704.66 0.302654
4 400.04 680.91 458.66 711.09 0.297002
4 713.56 580.12 726.96 590.61 0.386296
1 294.33 659.56 305.43 685.16 0.270923
4 684.88 696.45 723.54 739.68 0.312479
4 780.29 657.65 809.52 689.91 0.345305
4 517.86 653.98 577.84 686.46 0.311152
4 269.42 734.60 355.71 764.27 0.385084
1 757.43 581.96 766.64 602.06 0.254135
4 568.71 637.71 618.03 661.83 0.316737
4 471.30 666.31 521.25 689.39 0.296836
2 407.69 689.05 422.97 716.61 0.223772
4 1260.06 633.30 1322.13 662.09 0.248840
4 1097.92 643.46 1141.43 666.52 0.302297
4 822.60 597.26 839.65 608.54 0.283310
4 1149.25 639.74 1200.64 663.28 0.249294
4 0.24 824.21 92.07 912.27 0.322103
4 603.20 633.86 640.16 656.11 0.271090
4 848.08 624.91 901.14 650.98 0.229348
4 985.64 642.12 1022.48 663.15 0.292726
4 814.92 633.17 860.57 659.85 0.224959
4 559.16 597.22 577.07 617.09 0.262989
4 1172.23 674.34 1230.97 714.17 0.240664
4 1134.73 653.75 1199.91 680.52 0.264880
2 563.57 699.24 594.10 735.34 0.273992
4 616.95 606.42 659.95 626.59 0.244427
2 54.84 783.92 74.47 832.21 0.205819
4 1131.03 710.89 1218.96 741.84 0.330217
4 496.78 615.77 534.27 641.40 0.228626
1 746.61 709.24 762.38 743.05 0.251045
3 296.36 692.79 312.78 723.94 0.284050
4 439.52 674.01 479.24 696.76 0.217014
4 605.61 620.43 648.71 638.33 0.200630
3 749.40 723.93 761.81 748.74 0.255287
3 54.47 799.86 73.84 832.45 0.260603
4 274.82 748.64 382.82 787.75 0.306490
6 942.09 661.28 996.93 709.05 0.238283
3 269.00 728.95 283.44 748.85 0.208587
