4 543.50 310.16 560.97 329.38 0.515960
4 668.97 286.08 685.60 307.81 0.489208
4 513.69 406.93 536.47 431.94 0.485424
4 620.94 437.57 642.96 468.47 0.505300
4 403.63 494.23 449.73 525.05 0.496409
4 710.64 207.67 725.03 224.10 0.444587
4 573.04 277.95 587.01 295.84 0.458669
4 622.87 345.45 642.82 375.35 0.408264
4 627.88 260.22 643.62 279.98 0.415204
4 632.72 119.56 644.09 132.78 0.360988
4 627.44 299.13 644.69 324.80 0.415750
4 713.74 172.35 724.30 185.36 0.377966
4 556.68 692.71 592.56 756.85 0.382296
4 697.11 347.68 717.15 375.05 0.399751
4 677.44 428.27 701.15 461.79 0.404312
4 606.43 723.68 641.14 786.09 0.428178
4 712.35 152.32 725.68 166.46 0.326386
4 658.24 93.76 670.82 111.60 0.212434
4 660.19 158.03 671.75 176.57 0.356323
4 883.76 104.94 892.94 117.07 0.315393
4 714.46 91.47 723.17 102.98 0.280228
4 660.57 140.85 672.41 152.37 0.342935
4 671.41 95.54 681.75 107.18 0.269415
6 776.49 120.46 803.24 133.37 0.229607
5 381.31 534.80 431.01 580.95 0.356481
4 639.57 37.66 646.71 46.74 0.297444
6 165.50 377.22 398.19 574.81 0.249858
5 610.71 162.70 629.15 192.36 0.326684
4 601.32 84.96 610.09 96.06 0.271148
4 537.79 168.14 561.72 186.60 0.218982
1 447.80 545.87 456.26 566.95 0.279792
4 637.18 80.29 647.07 91.39 0.280821
9 1188.30 10.36 1375.08 71.10 0.267798
4 639.27 56.22 646.96 65.92 0.288109
4 688.53 85.81 697.72 96.12 0.232664
4 763.44 362.85 781.78 383.90 0.332530
4 394.92 523.71 434.61 555.35 0.273974
4 623.25 5.11 631.51 15.32 0.244669
6 573.33 83.75 598.88 102.02 0.230821
4 570.88 195.80 585.32 210.82 0.268535
1 459.39 489.68 468.35 508.43 0.229828
