4 833.65 716.09 878.08 784.58 0.438826
4 689.96 92.36 709.77 108.50 0.446072
4 784.03 149.41 821.23 180.35 0.368906
4 777.66 317.77 800.32 342.32 0.375205
4 732.44 153.06 748.17 169.11 0.418414
4 775.05 289.41 796.08 310.40 0.380343
4 596.00 27.47 634.87 69.69 0.251690
4 887.82 396.82 957.54 459.80 0.248496
4 788.85 126.13 806.46 140.26 0.347996
4 707.41 335.67 730.46 372.31 0.247305
4 978.23 958.20 1041.53 1049.05 0.283562
4 845.69 203.38 877.48 226.70 0.263392
4 599.26 5.66 634.98 33.89 0.245086
6 779.91 41.45 804.11 72.30 0.242450
4 860.56 234.41 885.78 256.99 0.219735
