4 586.76 340.86 613.12 361.81 0.479502
4 617.67 266.44 638.83 284.54 0.493326
4 662.40 592.91 717.01 662.07 0.440577
4 716.24 299.85 746.06 327.59 0.508633
4 596.42 479.66 636.63 513.20 0.430017
4 527.70 171.15 546.88 184.29 0.402207
4 499.16 206.57 519.36 219.79 0.376448
4 413.52 155.64 427.45 166.63 0.337207
4 453.65 190.02 472.51 202.05 0.350480
4 633.88 343.09 670.97 397.54 0.297064
4 860.98 124.28 900.08 139.90 0.257853
4 946.62 138.47 968.19 151.34 0.250577
5 866.74 406.17 966.46 540.60 0.279335
9 986.54 117.34 1023.57 133.76 0.265343
4 426.33 130.54 448.49 142.43 0.240697
4 658.28 224.43 679.97 246.45 0.312479
4 460.89 158.10 475.58 168.88 0.308572
4 513.41 274.10 534.84 294.32 0.332665
4 342.34 117.93 355.56 129.58 0.244237
4 1129.48 353.67 1155.95 375.97 0.222310
4 267.90 331.11 290.01 353.81 0.208998
6 1081.53 263.06 1131.26 297.55 0.218488
4 337.12 290.10 356.67 306.15 0.251806
4 424.28 548.92 471.45 590.03 0.228368
4 941.45 224.32 991.28 243.89 0.205019
4 811.32 297.30 827.85 312.11 0.225136
4 356.51 167.29 368.66 178.78 0.202351
4 1006.79 271.67 1020.47 288.44 0.206328
4 658.57 223.78 675.07 234.66 0.205398
6 1136.40 266.65 1224.16 313.12 0.297493
