4 915.06 25.33 948.94 71.43 0.366349
4 868.83 15.63 903.08 64.92 0.386516
3 586.32 622.42 602.29 656.80 0.341325
2 692.57 33.01 702.34 59.11 0.311581
2 673.50 316.86 685.06 341.55 0.315029
2 503.94 687.67 520.52 713.42 0.361317
4 485.39 138.28 513.10 158.17 0.304999
3 521.69 762.12 543.52 785.45 0.264236
4 879.25 745.45 894.08 764.07 0.260629
2 603.59 404.64 615.34 426.44 0.334097
4 1108.52 71.52 1119.08 85.91 0.264938
2 1149.27 24.10 1161.62 46.08 0.294351
2 560.22 288.60 570.01 313.35 0.294769
2 521.79 565.30 536.77 599.33 0.297094
2 574.45 458.43 587.40 481.23 0.320336
4 506.78 146.50 523.48 162.45 0.242368
2 425.89 294.75 453.75 322.01 0.266146
2 623.85 308.10 634.90 330.55 0.294960
2 672.11 381.98 682.55 405.17 0.297508
2 526.03 703.16 542.62 722.00 0.285711
2 603.84 277.68 618.85 304.24 0.242892
2 479.31 664.84 493.25 687.98 0.295392
4 383.20 22.33 404.48 42.06 0.241966
2 572.15 481.73 586.38 506.85 0.323787
2 651.45 102.50 666.59 122.14 0.248771
2 524.38 752.51 542.63 783.41 0.258005
2 462.57 272.76 717.86 787.31 0.225415
3 468.69 735.84 488.08 760.82 0.200412
4 754.46 54.61 781.60 79.59 0.259581
2 634.55 489.08 646.79 510.14 0.270306
4 944.16 179.66 956.11 191.02 0.215080
4 923.10 236.72 959.48 269.99 0.237308
2 573.56 338.50 584.61 359.06 0.255117
2 651.80 438.86 662.79 458.42 0.245389
3 468.53 723.90 501.14 759.53 0.295540
2 567.66 673.04 580.07 697.19 0.257564
2 495.19 776.45 510.25 787.52 0.227778
2 683.32 0.00 694.34 16.25 0.212100
2 1160.90 6.53 1172.71 31.08 0.281550
