4 757.52 223.90 770.92 237.52 0.327274
4 806.42 270.75 822.33 288.51 0.300822
4 687.06 242.87 702.91 260.80 0.337595
4 633.25 185.61 655.80 198.84 0.293043
4 760.99 551.84 784.95 588.96 0.269643
4 658.23 324.67 677.88 349.51 0.329459
4 584.82 295.57 620.70 318.46 0.261520
4 554.39 579.71 588.91 636.00 0.246148
4 553.07 264.11 574.29 289.80 0.267773
4 582.49 225.14 601.57 249.66 0.260054
2 866.84 396.61 878.75 423.05 0.221453
4 923.68 729.01 964.23 801.73 0.221877
4 579.39 209.78 608.47 223.74 0.226701
4 525.57 302.29 549.52 325.66 0.261521
4 865.04 269.83 881.06 284.17 0.302263
4 607.09 260.59 636.18 279.91 0.252971
9 810.67 54.37 941.83 93.53 0.239131
4 579.79 524.26 608.51 560.69 0.238846
4 774.66 171.91 798.23 185.67 0.282174
6 720.91 70.71 765.33 87.88 0.232261
4 568.97 148.10 585.27 165.34 0.235475
4 621.55 95.67 635.21 105.59 0.265878
4 712.76 234.98 722.53 247.50 0.259267
4 699.16 181.28 707.98 191.74 0.205175
4 861.06 231.63 875.09 246.67 0.244464
4 905.11 577.82 929.63 622.46 0.205522
6 769.30 99.21 833.14 131.50 0.200591
