4 811.32 565.23 891.41 608.64 0.553644
4 541.60 564.94 607.72 609.96 0.553524
4 340.22 584.81 402.66 638.91 0.535715
4 227.55 438.00 262.47 471.06 0.492821
4 907.96 545.87 986.91 592.22 0.511213
4 608.19 554.38 679.40 594.22 0.522912
4 350.80 407.76 388.47 433.33 0.475369
4 383.32 383.94 409.19 401.94 0.438100
4 540.20 426.84 572.46 451.91 0.420649
4 386.32 355.48 419.68 371.43 0.411520
1 324.04 374.63 332.65 393.19 0.350944
4 510.73 417.28 542.57 437.04 0.349856
1 813.92 518.02 826.79 548.77 0.346831
1 832.69 517.31 845.81 544.27 0.316995
4 245.57 348.95 284.59 366.49 0.369768
4 664.50 464.88 718.31 499.92 0.422730
4 410.80 341.52 450.26 357.01 0.245046
4 317.97 357.30 354.28 371.72 0.374155
4 69.55 356.69 116.56 379.26 0.365762
4 179.74 901.05 287.73 1048.72 0.284583
4 720.27 449.24 768.25 480.71 0.293544
4 0.18 401.88 32.61 429.47 0.316537
6 409.23 338.42 444.36 354.85 0.241906
6 1040.36 434.21 1154.34 467.97 0.272489
1 493.65 385.09 502.09 401.92 0.233106
2 813.91 516.33 846.37 549.22 0.275288
4 1272.17 425.51 1313.59 447.49 0.262869
4 0.25 317.60 41.86 349.33 0.254764
4 215.33 337.92 246.52 359.73 0.229508
4 352.04 332.76 375.58 347.06 0.257489
4 856.28 517.12 927.22 563.33 0.285068
4 208.25 292.39 239.30 306.46 0.218131
4 214.03 322.65 235.14 337.47 0.202946
4 54.71 322.68 78.74 348.93 0.211339
1 362.52 365.85 371.39 381.97 0.243359
4 438.06 349.00 452.20 358.97 0.233810
4 232.16 298.74 243.07 308.29 0.209330
4 464.66 361.47 476.52 374.73 0.205281
4 1342.62 407.86 1374.43 427.08 0.269861
6 387.37 252.24 447.23 335.47 0.204207
4 352.02 364.13 370.65 381.60 0.268146
4 455.68 354.71 472.01 365.49 0.219618
4 764.37 455.33 788.35 471.83 0.219063
1 406.98 376.78 415.09 392.81 0.211869
