5 506.93 473.31 608.95 635.10 0.464258
4 867.81 638.15 976.22 811.90 0.549859
4 887.33 858.44 1034.51 1049.33 0.570603
5 587.09 365.78 662.13 502.63 0.454853
1 688.62 464.05 720.88 524.98 0.423476
4 827.42 331.22 902.23 441.44 0.514552
1 519.92 335.56 539.76 391.07 0.432766
4 653.51 70.99 689.40 115.26 0.451611
4 409.67 771.61 559.12 1029.72 0.446240
1 654.11 458.24 680.23 512.86 0.445298
6 1159.86 618.64 1399.20 1048.99 0.413074
4 801.57 176.74 851.79 245.87 0.376593
4 824.55 231.97 872.15 307.45 0.439646
1 616.19 268.99 640.51 322.56 0.361646
4 613.26 189.14 670.64 267.09 0.368808
4 853.72 447.50 944.59 599.40 0.367075
3 614.55 288.18 641.20 324.66 0.322607
2 653.89 457.74 720.99 525.54 0.262222
4 792.26 14.12 821.56 46.09 0.301080
4 806.71 102.23 841.88 148.79 0.288480
4 812.83 147.16 846.57 179.29 0.260242
4 932.60 77.11 966.09 124.48 0.297862
4 801.05 68.53 835.34 118.10 0.231445
4 630.08 139.91 672.36 194.46 0.317282
4 654.20 0.03 706.25 30.13 0.233475
4 793.68 46.49 825.09 87.50 0.260042
3 1120.33 447.64 1168.33 495.05 0.235933
4 645.08 17.60 676.29 48.18 0.226318
4 786.88 0.00 812.64 24.05 0.269302
