4 793.40 296.25 824.30 333.94 0.525265
3 1252.33 598.82 1271.31 629.50 0.570438
4 774.85 374.70 815.78 430.31 0.508563
4 597.28 743.88 672.28 859.43 0.498867
4 740.03 616.83 809.69 716.04 0.501386
6 907.54 97.19 942.06 160.41 0.456432
4 747.24 492.03 797.99 563.26 0.491185
4 624.43 619.77 685.06 712.63 0.487123
4 1278.48 195.46 1304.45 221.15 0.411730
4 889.90 42.91 904.60 58.54 0.404465
5 1092.99 345.93 1141.37 376.46 0.419786
5 711.20 313.10 756.49 386.08 0.430775
4 675.52 874.74 762.77 1028.93 0.422021
4 1326.66 241.69 1389.76 266.17 0.361885
1 1330.35 644.38 1350.89 691.42 0.373945
3 1228.42 748.67 1256.52 788.01 0.449228
4 1142.62 97.85 1184.55 115.77 0.324280
1 1251.51 579.84 1273.89 625.61 0.364947
4 1227.65 121.84 1259.03 143.19 0.305813
4 1313.77 287.87 1374.29 321.42 0.336551
4 744.87 297.87 774.35 338.98 0.414815
5 669.71 453.45 712.23 523.16 0.351137
3 1193.05 559.86 1215.10 589.30 0.396524
1 1353.24 653.06 1377.01 700.33 0.373544
4 1428.66 269.39 1467.37 308.66 0.270223
3 821.58 566.41 844.45 595.00 0.279411
4 466.39 750.57 553.14 810.87 0.287430
4 1373.45 267.86 1414.50 292.06 0.253267
4 1252.26 130.07 1277.43 148.58 0.266169
4 1382.04 210.38 1415.27 235.35 0.312271
5 1295.74 254.13 1374.11 297.62 0.242719
2 1330.51 1016.06 1380.77 1061.16 0.273191
4 1640.78 580.52 1721.94 613.24 0.211855
4 754.95 264.48 779.16 285.92 0.228073
1 1390.21 656.52 1415.99 700.27 0.318675
4 1422.62 437.80 1455.15 465.99 0.244527
1 1192.50 546.20 1215.98 589.01 0.321764
2 1329.74 643.95 1416.83 702.56 0.227543
4 1317.38 192.77 1342.90 213.87 0.265748
4 1141.40 41.56 1171.30 59.05 0.224525
1 1228.31 729.52 1246.12 761.94 0.272048
4 1451.13 544.43 1492.65 577.65 0.203278
4 1112.80 41.24 1141.74 60.61 0.202365
4 930.69 163.84 947.61 184.45 0.212975
4 885.48 9.46 920.54 25.44 0.215877
4 873.27 46.49 883.23 62.33 0.223155
2 1423.64 676.24 1441.52 720.70 0.219029
4 883.64 15.01 894.88 25.66 0.238322
4 1349.78 261.76 1379.19 294.44 0.211141
3 1355.12 673.47 1376.04 700.70 0.252757
3 1476.92 944.24 1514.16 987.58 0.225196
