4 381.10 231.23 412.21 260.60 0.450945
4 141.58 69.24 176.27 84.53 0.420635
5 335.60 136.18 416.42 209.10 0.339168
4 428.91 174.01 453.14 204.52 0.322725
4 505.20 248.58 534.71 275.48 0.483048
6 711.21 138.63 739.61 174.84 0.269865
4 858.82 511.63 899.84 544.33 0.347078
5 414.83 228.74 492.51 300.24 0.304082
4 588.48 315.05 622.42 345.90 0.348461
4 1276.00 563.90 1311.43 585.06 0.285050
4 152.06 11.65 179.79 32.31 0.273339
4 279.99 152.58 309.56 179.64 0.422719
6 722.65 269.86 764.11 312.64 0.268494
4 546.26 203.47 573.43 232.26 0.271823
4 1190.14 751.28 1236.24 783.12 0.321565
6 990.45 326.27 1137.19 440.31 0.247525
4 923.95 520.91 958.70 544.56 0.296346
6 723.94 148.10 754.63 189.13 0.283417
5 561.16 215.87 590.45 249.39 0.250496
4 86.32 16.19 119.10 37.05 0.290300
4 726.15 622.62 770.87 656.64 0.311632
4 947.76 746.37 1001.21 777.61 0.273314
4 824.51 575.83 866.71 609.94 0.284638
4 1316.04 310.06 1364.23 345.43 0.215471
4 491.73 183.51 508.17 194.67 0.230523
4 626.71 558.48 662.10 586.38 0.285721
4 888.00 470.54 910.32 483.55 0.217079
4 162.66 17.34 178.27 31.97 0.236966
6 904.40 64.34 957.46 110.29 0.221160
6 831.78 202.76 863.91 244.02 0.208777
4 21.25 165.05 42.40 186.66 0.214737
4 498.54 303.64 532.03 333.70 0.247982
4 509.69 193.59 545.10 224.32 0.240407
4 576.37 235.20 599.99 258.58 0.204336
4 0.21 144.79 42.28 188.66 0.208889
4 506.45 53.21 527.36 69.88 0.239024
4 1326.49 652.25 1376.47 680.60 0.218776
4 657.90 460.03 692.26 489.59 0.202940
6 560.92 215.62 599.69 258.19 0.248816
