9 242.00 733.00 332.00 766.00
4 399.00 731.00 420.00 786.00
4 464.00 735.00 487.00 787.00
4 520.00 741.00 541.00 791.00
4 551.00 729.00 572.00 778.00
4 582.00 731.00 601.00 781.00
4 612.00 733.00 636.00 784.00
4 698.00 737.00 719.00 786.00
4 738.00 728.00 759.00 778.00
4 364.00 952.00 387.00 1002.00
4 412.00 957.00 433.00 1012.00
4 440.00 953.00 465.00 1007.00
4 492.00 953.00 513.00 1004.00
4 520.00 962.00 543.00 1005.00
4 554.00 953.00 575.00 1002.00
1 308.00 851.00 313.00 856.00
1 308.00 860.00 312.00 865.00
4 776.00 733.00 799.00 781.00
4 808.00 736.00 829.00 786.00
4 881.00 749.00 901.00 801.00
4 1042.00 764.00 1065.00 812.00
4 1075.00 766.00 1098.00 816.00
4 769.00 972.00 789.00 1011.00
4 839.00 957.00 860.00 1004.00
4 875.00 955.00 898.00 1007.00
4 927.00 959.00 949.00 1013.00
4 982.00 960.00 1008.00 1015.00
4 1016.00 959.00 1038.00 1005.00
4 1044.00 963.00 1066.00 1014.00
4 1067.00 945.00 1092.00 998.00
3 912.00 738.00 922.00 757.00
10 947.00 731.00 953.00 747.00
10 957.00 731.00 966.00 748.00
10 966.00 731.00 977.00 751.00
10 978.00 730.00 991.00 753.00
10 992.00 750.00 1000.00 770.00
10 995.00 730.00 1005.00 753.00
10 1008.00 728.00 1021.00 750.00
10 1022.00 735.00 1033.00 755.00
10 1035.00 729.00 1042.00 749.00
10 1043.00 728.00 1051.00 750.00
3 937.00 730.00 945.00 747.00
3 1067.00 732.00 1077.00 750.00
4 1069.00 53.00 1110.00 70.00
10 1085.00 80.00 1101.00 90.00
1 1240.00 12.00 1248.00 21.00
1 1235.00 10.00 1246.00 25.00
4 415.00 111.00 433.00 120.00
1 1091.00 81.00 1098.00 89.00
2 415.00 113.00 422.00 119.00
8 817.00 951.00 833.00 993.00
3 801.00 956.00 807.00 974.00
