10 219.00 36.00 228.00 43.00
2 219.00 30.00 225.00 38.00
4 263.00 7.00 295.00 22.00
6 560.00 226.00 616.00 263.00
4 436.00 271.00 479.00 298.00
4 1264.00 109.00 1297.00 124.00
4 1290.00 80.00 1318.00 94.00
8 1269.00 67.00 1288.00 84.00
4 1578.00 261.00 1627.00 282.00
1 1326.00 403.00 1334.00 422.00
1 1774.00 552.00 1783.00 578.00
1 1340.00 658.00 1353.00 684.00
5 1603.00 785.00 1707.00 857.00
9 1456.00 865.00 1692.00 1059.00
3 1148.00 523.00 1151.00 532.00
2 1148.00 518.00 1152.00 526.00
6 916.00 494.00 1079.00 627.00
6 768.00 447.00 852.00 509.00
