1 1467.00 795.00 1524.00 955.00
1 1259.00 825.00 1318.00 993.00
1 1176.00 779.00 1218.00 919.00
1 1133.00 775.00 1167.00 901.00
1 1086.00 773.00 1124.00 915.00
1 936.00 713.00 977.00 843.00
1 881.00 732.00 906.00 833.00
1 787.00 733.00 827.00 856.00
1 711.00 740.00 747.00 860.00
1 258.00 669.00 286.00 768.00
1 300.00 679.00 341.00 761.00
1 392.00 642.00 413.00 716.00
1 363.00 641.00 386.00 716.00
1 288.00 641.00 317.00 711.00
1 179.00 619.00 202.00 684.00
1 91.00 632.00 113.00 702.00
1 332.00 600.00 347.00 650.00
1 346.00 598.00 362.00 631.00
3 332.00 615.00 376.00 637.00
1 512.00 614.00 534.00 673.00
1 537.00 617.00 555.00 674.00
1 558.00 613.00 580.00 676.00
1 600.00 603.00 618.00 661.00
1 612.00 604.00 631.00 655.00
1 607.00 703.00 634.00 764.00
1 657.00 671.00 686.00 758.00
1 675.00 679.00 684.00 714.00
1 732.00 660.00 758.00 739.00
1 654.00 623.00 678.00 691.00
1 672.00 630.00 693.00 694.00
1 698.00 638.00 722.00 701.00
1 671.00 600.00 684.00 650.00
1 578.00 574.00 592.00 612.00
1 587.00 576.00 598.00 610.00
1 1140.00 664.00 1173.00 748.00
1 1257.00 665.00 1285.00 749.00
2 1152.00 651.00 1173.00 694.00
2 1162.00 647.00 1186.00 699.00
2 1119.00 604.00 1137.00 646.00
3 1121.00 622.00 1136.00 644.00
3 1152.00 613.00 1174.00 637.00
3 1176.00 612.00 1194.00 639.00
3 1199.00 614.00 1213.00 640.00
1 1015.00 603.00 1028.00 650.00
1 1037.00 595.00 1048.00 637.00
1 1025.00 595.00 1038.00 636.00
1 1006.00 600.00 1018.00 639.00
1 988.00 598.00 1003.00 636.00
1 980.00 592.00 994.00 628.00
1 903.00 653.00 930.00 720.00
1 939.00 630.00 960.00 690.00
1 907.00 628.00 918.00 688.00
1 915.00 631.00 924.00 687.00
1 914.00 640.00 935.00 697.00
1 848.00 622.00 869.00 683.00
1 863.00 630.00 879.00 691.00
1 799.00 616.00 823.00 667.00
1 786.00 613.00 807.00 669.00
1 803.00 606.00 820.00 651.00
1 846.00 591.00 860.00 625.00
1 830.00 591.00 844.00 623.00
1 29.00 787.00 79.00 932.00
1 51.00 768.00 94.00 922.00
1 0.00 773.00 27.00 896.00
4 1190.00 648.00 1238.00 689.00
1 874.00 589.00 888.00 627.00
1 868.00 567.00 879.00 600.00
2 956.00 609.00 976.00 645.00
2 944.00 607.00 962.00 645.00
2 924.00 606.00 941.00 637.00
3 902.00 596.00 985.00 655.00
