6 673.00 645.00 857.00 794.00
4 540.00 581.00 651.00 663.00
4 321.00 448.00 422.00 525.00
6 234.00 384.00 330.00 467.00
4 163.00 350.00 255.00 420.00
4 0.00 218.00 58.00 273.00
9 361.00 152.00 544.00 294.00
6 544.00 259.00 656.00 342.00
6 636.00 309.00 745.00 388.00
4 1010.00 24.00 1086.00 69.00
4 1243.00 0.00 1288.00 36.00
1 1471.00 438.00 1498.00 471.00
1 1525.00 469.00 1547.00 504.00
1 1529.00 515.00 1554.00 545.00
1 1494.00 579.00 1520.00 611.00
2 1509.00 837.00 1536.00 868.00
10 1496.00 838.00 1535.00 874.00
7 1820.00 100.00 1841.00 131.00
