4 141.00 632.00 264.00 755.00
4 275.00 560.00 406.00 613.00
4 124.00 557.00 253.00 606.00
4 482.00 635.00 568.00 745.00
4 659.00 587.00 719.00 685.00
2 22.00 574.00 40.00 590.00
1 0.00 556.00 27.00 594.00
3 466.00 482.00 493.00 510.00
10 666.00 483.00 689.00 517.00
1 919.00 598.00 934.00 637.00
2 947.00 581.00 970.00 607.00
10 933.00 584.00 980.00 615.00
3 1083.00 500.00 1102.00 528.00
1 1120.00 527.00 1138.00 560.00
1 1316.00 525.00 1348.00 559.00
10 344.00 478.00 376.00 501.00
3 722.00 381.00 735.00 418.00
