3 170.38 808.80 224.78 867.68 0.545306
4 914.94 550.02 960.49 591.49 0.511710
4 807.27 715.03 904.81 810.25 0.494164
4 219.52 677.18 342.89 759.56 0.470509
3 0.14 758.81 54.00 805.38 0.464212
4 1336.08 822.04 1481.05 927.64 0.463351
4 1406.13 925.48 1587.36 1078.10 0.461788
4 1126.37 633.44 1198.92 690.20 0.461695
4 1210.03 800.72 1319.18 904.32 0.458409
4 993.54 484.55 1024.67 513.39 0.457266
4 321.21 633.99 418.89 704.66 0.446475
4 880.18 476.07 915.87 509.52 0.443801
4 965.88 440.89 989.82 460.92 0.434443
4 404.47 591.56 496.23 655.76 0.429954
4 1303.55 747.84 1415.54 831.63 0.423585
1 1468.57 794.19 1500.88 879.29 0.417571
4 532.16 572.47 612.93 624.24 0.409897
4 1477.31 88.70 1615.11 258.36 0.408229
4 0.14 798.24 122.62 910.30 0.406854
4 89.59 723.02 246.33 821.20 0.404022
3 0.12 862.31 45.66 951.15 0.398422
4 1019.73 553.35 1068.80 604.57 0.394824
3 665.15 585.35 684.46 613.28 0.393129
3 1357.36 617.63 1382.56 652.65 0.384735
4 1256.51 685.30 1357.08 763.47 0.370183
3 392.33 786.93 439.59 860.64 0.369918
1 403.50 767.16 438.47 836.63 0.367388
4 600.88 543.96 666.73 591.50 0.367270
1 178.16 770.97 222.34 848.12 0.364631
3 299.24 631.26 340.93 668.45 0.357123
4 632.55 505.93 678.93 542.81 0.353585
4 515.87 551.90 580.36 600.18 0.348566
5 840.74 428.48 863.74 447.19 0.348234
4 1011.70 409.70 1028.54 423.78 0.344279
1 1372.19 663.07 1391.74 721.58 0.342682
4 1228.87 648.84 1312.95 710.40 0.341553
4 904.49 439.10 932.10 469.18 0.335786
3 1445.54 690.83 1475.94 727.95 0.331147
4 918.95 426.62 938.97 440.83 0.329969
3 86.77 624.48 107.69 655.56 0.324820
1 1319.86 573.99 1338.98 621.41 0.321916
4 985.37 406.75 1002.32 422.15 0.314633
1 1116.09 560.55 1131.62 603.26 0.310938
4 678.30 482.04 721.18 515.74 0.309700
1 664.47 566.89 685.35 608.84 0.308049
4 1058.05 416.82 1078.23 432.91 0.307018
4 566.22 527.77 623.59 571.02 0.306027
4 1210.43 616.70 1282.51 667.80 0.305481
3 1117.45 578.57 1130.60 604.21 0.303149
3 383.09 592.06 428.99 629.59 0.296148
4 1194.01 586.90 1253.22 637.11 0.290863
1 84.27 600.82 107.63 655.00 0.285848
4 1192.16 461.51 1213.98 478.05 0.283998
1 112.21 34.14 243.86 363.49 0.279648
4 709.88 478.21 739.13 505.82 0.271385
2 1221.90 725.75 1254.81 779.27 0.269183
3 0.55 904.78 45.43 950.85 0.265936
3 1461.88 717.93 1502.59 773.50 0.258087
4 849.84 444.44 881.05 470.79 0.253308
1 644.75 457.84 657.29 487.01 0.252945
7 1445.36 689.66 1503.28 774.22 0.251765
3 1225.05 745.26 1252.81 779.44 0.248768
1 1348.37 671.75 1362.38 708.72 0.246560
4 945.91 413.59 962.03 427.41 0.246143
4 1162.92 548.40 1216.04 585.61 0.246038
4 959.47 404.06 974.47 418.92 0.243567
3 395.03 565.12 418.70 588.84 0.243462
9 925.28 395.99 952.54 407.25 0.242896
4 1111.73 465.87 1141.69 484.62 0.241809
4 1000.30 401.23 1013.58 414.39 0.237373
4 776.73 455.71 815.04 484.05 0.235265
4 876.45 440.50 892.15 461.27 0.231854
3 1209.13 531.28 1225.73 552.94 0.227923
4 850.13 440.68 883.26 470.45 0.226054
10 112.60 141.88 220.41 289.29 0.222036
3 299.43 615.95 379.49 668.07 0.219079
10 144.47 178.26 219.73 289.21 0.218065
2 437.38 548.02 453.87 588.82 0.217624
4 976.39 390.57 989.25 402.35 0.217017
4 603.87 407.92 638.61 424.36 0.217004
2 785.63 480.75 798.75 505.32 0.214009
2 422.63 546.49 464.59 590.83 0.213319
3 1475.68 729.11 1502.39 773.37 0.212441
4 757.58 454.93 779.92 480.26 0.208235
4 1153.79 530.13 1198.86 562.89 0.208057
2 476.47 532.95 492.57 578.61 0.205792
4 1148.94 516.92 1183.30 539.42 0.204488
4 715.95 467.43 756.62 496.43 0.204014
2 123.23 584.36 147.65 615.03 0.203747
4 523.04 539.03 569.87 562.77 0.202982
4 1159.70 528.98 1198.13 550.64 0.199359
2 330.56 617.84 355.53 660.60 0.199334
2 450.50 551.86 465.19 588.01 0.198726
4 1051.70 402.61 1065.41 415.57 0.196832
2 181.62 572.32 206.82 603.53 0.194494
2 422.02 553.74 438.10 590.72 0.192493
3 360.81 615.07 380.68 636.72 0.189577
2 122.02 547.72 207.45 615.54 0.189545
3 1363.33 626.44 1382.11 652.86 0.185636
2 621.73 475.88 634.84 514.15 0.184802
2 83.76 557.26 207.69 654.24 0.184469
10 111.87 144.43 223.19 328.51 0.181703
3 1074.73 442.10 1086.20 461.75 0.180384
