4 743.39 533.08 819.65 631.75 0.455150
4 62.05 59.93 100.69 82.91 0.448039
4 640.87 550.37 705.45 653.28 0.445118
4 39.32 49.72 74.43 71.66 0.444606
4 615.87 449.91 667.54 524.33 0.444538
4 622.72 383.34 667.62 442.51 0.405963
4 716.26 451.17 775.63 528.71 0.397245
4 608.35 675.64 687.15 764.24 0.391109
4 728.75 639.96 802.35 753.33 0.362932
4 623.55 326.19 663.09 374.67 0.352511
4 177.07 0.04 199.69 11.68 0.344974
4 201.57 0.10 222.26 13.02 0.337525
4 692.05 319.79 734.20 367.37 0.334384
4 624.90 287.07 661.23 327.27 0.315350
6 669.36 104.32 700.14 143.00 0.311829
4 681.08 279.68 717.61 317.92 0.299353
6 657.89 76.36 688.36 112.64 0.296951
4 625.66 251.81 657.79 286.06 0.294977
4 686.14 251.87 717.79 282.97 0.277332
4 623.40 226.17 651.15 256.39 0.275853
4 623.69 199.28 651.50 226.89 0.270361
4 670.20 178.50 697.12 204.06 0.265019
4 627.75 151.41 650.42 175.77 0.257912
4 675.60 201.51 706.96 228.94 0.257653
4 623.75 176.17 649.04 201.51 0.253195
4 681.96 224.80 713.57 254.45 0.252621
6 620.63 24.84 644.01 63.81 0.243107
4 704.82 355.90 760.25 439.01 0.241648
4 675.46 153.70 703.29 183.41 0.238389
4 630.00 133.10 651.63 155.87 0.220413
4 634.18 105.44 653.33 124.79 0.219386
6 649.49 44.18 675.51 70.98 0.219169
4 770.54 43.99 793.20 57.22 0.217909
4 671.72 138.74 693.86 160.68 0.217490
4 627.05 119.11 647.52 137.84 0.207618
4 619.17 64.33 636.23 77.87 0.207303
4 654.68 70.17 671.73 89.22 0.204557
4 627.95 91.75 648.07 109.71 0.200481
6 1250.16 420.35 1359.62 764.28 0.196183
4 708.11 356.05 750.59 388.85 0.188881
2 605.83 0.62 815.74 762.47 0.188213
4 645.44 2.74 657.89 17.32 0.186339
6 648.85 30.39 676.16 71.37 0.184464
4 627.15 70.87 644.54 89.32 0.181752
