4 406.26 614.66 482.33 668.79 0.639326
4 272.20 791.57 325.52 835.56 0.611467
4 538.02 459.31 596.89 504.89 0.611187
4 1088.90 444.59 1160.25 481.62 0.596583
4 145.38 1174.18 261.11 1255.90 0.593553
4 501.28 914.36 601.95 978.64 0.588312
4 1021.99 534.29 1100.15 578.48 0.586541
4 798.89 790.51 893.68 851.25 0.585417
4 858.23 733.76 949.98 788.19 0.582086
4 1058.78 491.80 1128.04 534.71 0.582037
4 1167.79 350.51 1228.50 382.61 0.570815
4 1061.19 786.12 1160.67 847.00 0.570784
4 0.65 893.71 117.73 979.26 0.569487
4 1137.52 387.01 1197.23 419.67 0.564525
4 925.40 648.64 1008.14 697.55 0.550895
4 210.87 657.67 303.65 721.53 0.547106
4 993.13 175.97 1023.06 198.58 0.531617
4 1083.93 1046.36 1195.04 1117.05 0.515200
4 940.87 615.67 1024.29 664.18 0.512180
4 1313.62 173.05 1356.35 196.91 0.489299
4 1275.19 428.85 1302.11 458.39 0.483456
4 1003.26 891.34 1113.05 955.50 0.470055
4 1111.95 1112.82 1228.56 1191.79 0.468005
4 1229.00 484.11 1288.08 538.93 0.455376
4 1012.14 127.92 1031.11 148.67 0.447199
6 766.61 247.53 890.27 349.05 0.437557
4 1393.65 39.10 1419.37 55.28 0.434796
5 0.20 757.55 112.39 876.43 0.423813
4 1440.26 127.31 1485.09 154.48 0.395986
4 1031.91 110.49 1062.37 133.72 0.389393
4 1448.93 0.98 1480.82 19.26 0.380926
4 0.08 821.52 35.18 877.39 0.379528
1 873.49 1195.13 895.08 1234.79 0.361447
5 1512.32 141.45 1564.07 196.35 0.361342
4 1187.74 1301.48 1311.96 1377.86 0.357340
4 1493.70 22.21 1516.94 43.63 0.350802
4 1454.85 22.30 1484.47 38.05 0.347737
1 895.15 1210.23 917.64 1242.75 0.345348
4 1459.87 89.39 1495.11 108.32 0.339868
4 1371.11 108.09 1392.07 133.28 0.338402
4 674.56 508.01 728.35 548.92 0.335696
4 1375.20 103.70 1403.93 125.20 0.334041
4 811.69 375.86 863.32 402.97 0.327869
4 1381.00 85.15 1409.85 100.55 0.325506
4 1408.95 187.02 1452.17 226.97 0.324863
4 1249.75 1376.03 1400.86 1468.19 0.321326
4 401.05 280.79 463.64 310.70 0.312603
4 1407.92 204.46 1442.28 228.40 0.304811
4 1456.41 66.81 1492.95 89.09 0.302403
5 780.69 374.97 865.07 449.74 0.300557
7 466.33 304.86 544.83 354.89 0.299710
4 1452.55 102.42 1492.39 124.75 0.294315
4 1451.42 113.38 1489.94 135.50 0.292960
4 1760.26 608.92 1818.84 654.17 0.290094
4 617.96 202.18 649.98 218.35 0.288191
4 1226.81 505.86 1281.65 542.43 0.285718
2 873.37 1194.39 917.88 1243.89 0.279886
4 1434.88 208.48 1480.41 251.22 0.272790
4 1240.67 484.48 1287.39 513.69 0.271297
4 1399.25 2.43 1418.00 21.25 0.255731
5 767.35 298.09 809.71 348.70 0.255048
4 1328.10 138.99 1355.40 159.54 0.253521
1 1133.34 1425.07 1156.73 1460.64 0.247850
4 585.05 284.83 627.39 310.59 0.246556
3 1262.61 1171.55 1315.51 1221.68 0.237600
4 1494.56 123.09 1513.51 141.39 0.237361
4 767.53 146.01 803.91 162.16 0.230294
4 1189.78 195.50 1209.80 223.32 0.229010
4 396.23 276.81 420.41 294.14 0.228702
4 566.96 276.12 627.88 312.52 0.219997
4 1379.13 86.32 1411.42 106.88 0.216183
4 1419.15 186.78 1449.27 208.35 0.213572
4 1048.84 220.89 1068.60 248.41 0.207021
4 1439.51 132.62 1472.33 154.51 0.204336
4 8.22 748.16 67.66 785.58 0.202470
4 1449.30 185.56 1467.56 205.27 0.201022
4 1456.04 66.65 1495.28 100.46 0.199015
4 337.60 312.66 378.36 339.43 0.198436
4 1309.83 65.14 1326.90 84.67 0.196989
4 1389.53 0.79 1417.94 23.27 0.196107
4 1480.73 144.32 1508.87 170.67 0.194352
4 1021.26 415.91 1066.31 440.13 0.193428
6 849.75 90.41 890.66 125.29 0.192000
9 949.64 90.43 1043.64 142.49 0.191823
4 1385.12 102.61 1408.22 121.48 0.190506
4 1467.37 166.00 1500.37 189.58 0.190369
4 820.20 96.69 853.12 124.25 0.187586
3 1730.36 681.84 1896.54 883.50 0.187449
6 820.18 89.95 900.95 132.66 0.187194
4 909.20 142.88 932.01 163.00 0.185078
4 893.50 97.67 918.51 117.39 0.182096
4 1392.84 1281.65 1420.76 1323.93 0.180192
