4 609.19 402.17 654.74 428.55 0.562664
4 1285.40 450.50 1348.72 487.80 0.521128
4 987.17 59.41 1032.10 82.00 0.492901
4 936.18 474.26 990.57 507.22 0.490981
4 1090.44 400.00 1147.81 437.38 0.477042
4 770.24 303.40 819.62 332.20 0.459370
4 7.37 288.80 58.39 314.34 0.448014
5 918.89 381.25 1022.70 449.92 0.431325
4 1308.56 762.82 1375.21 787.56 0.428419
4 767.03 239.10 798.23 254.31 0.412106
4 1035.62 34.18 1085.11 61.26 0.376804
4 1086.84 44.52 1141.69 72.57 0.374282
4 1147.29 47.86 1199.11 74.17 0.370470
4 1198.27 23.28 1231.85 60.14 0.351697
4 359.54 332.48 399.49 356.75 0.350737
5 1265.95 48.54 1296.46 87.43 0.348293
4 1181.22 98.06 1229.74 121.79 0.335421
4 754.91 475.56 776.76 493.70 0.324862
4 241.16 272.01 308.89 300.16 0.323420
4 1215.06 0.28 1238.44 21.47 0.315531
6 0.83 489.04 249.06 734.64 0.307713
6 311.11 491.48 405.82 581.92 0.296850
4 705.72 217.81 726.55 233.46 0.292210
4 257.49 274.20 308.47 299.81 0.283082
9 254.48 536.01 443.08 786.50 0.280022
4 1190.01 634.66 1259.52 674.76 0.277421
4 1232.50 91.92 1263.96 114.41 0.271002
4 319.05 326.15 399.43 357.18 0.267148
9 298.68 537.07 442.26 699.84 0.266560
4 1192.15 97.90 1229.00 118.98 0.257482
5 1270.88 7.98 1296.52 48.37 0.253826
4 339.52 297.55 373.87 317.67 0.251081
4 14.04 324.95 55.91 380.42 0.250079
4 0.14 431.57 19.49 461.97 0.249093
2 935.46 252.23 946.51 272.36 0.242020
1 1148.47 150.47 1157.47 168.30 0.232098
4 195.31 525.49 249.40 568.64 0.226034
2 1029.10 285.48 1042.93 304.47 0.224795
4 1123.51 71.94 1176.06 99.99 0.223863
9 314.69 492.06 403.69 557.21 0.222086
9 299.30 537.37 419.68 697.30 0.221207
2 1128.16 150.10 1137.35 164.79 0.218319
2 990.92 272.54 1001.20 288.78 0.216226
4 857.22 288.56 887.12 307.99 0.211627
1 1064.40 314.90 1074.00 332.71 0.201329
4 430.86 240.68 443.56 254.31 0.201132
2 1067.32 138.39 1076.39 152.30 0.200913
2 1028.21 668.26 1038.84 686.23 0.200573
4 1133.37 96.10 1172.51 113.41 0.199209
4 246.95 694.92 275.71 726.62 0.195593
6 804.86 15.62 919.19 103.66 0.192244
2 1165.15 158.86 1174.85 173.23 0.188528
2 1116.10 299.14 1127.45 319.06 0.185551
2 1066.64 134.28 1179.09 174.46 0.185507
4 1232.44 84.55 1282.11 114.56 0.184405
2 1017.35 656.39 1029.96 679.54 0.181735
4 88.54 237.95 122.66 256.52 0.180467
