4 638.66 825.89 921.26 1049.15 0.511671
1 275.72 432.20 308.87 499.03 0.421292
5 475.34 517.75 709.04 798.62 0.401817
4 390.20 439.44 544.67 565.66 0.399604
1 253.95 437.09 281.11 505.31 0.377912
4 339.41 345.88 461.63 443.50 0.373002
4 145.62 15.21 184.64 48.69 0.372147
4 214.97 122.90 309.05 189.80 0.370731
4 302.35 276.66 399.45 350.28 0.348433
4 265.76 215.37 338.33 280.10 0.327992
1 305.75 433.90 344.35 499.49 0.326196
2 254.57 431.54 345.73 503.51 0.316023
4 255.63 171.85 330.45 230.44 0.314268
4 83.66 29.69 123.73 62.49 0.288842
4 185.05 52.94 260.62 93.08 0.273206
4 0.25 82.70 49.37 133.96 0.268736
4 233.42 89.88 276.01 130.66 0.267304
4 340.31 346.89 439.56 436.49 0.223071
4 244.06 28.11 316.86 69.46 0.217244
4 277.01 47.09 320.09 84.75 0.209295
4 0.01 117.98 28.31 162.28 0.206421
4 29.53 45.32 72.73 77.93 0.198754
4 0.16 81.75 49.59 161.62 0.191622
