4 843.66 703.19 870.09 752.29 0.443558
4 738.39 577.36 764.04 629.93 0.418716
4 731.99 125.39 755.71 175.60 0.398438
4 712.10 635.79 738.29 690.90 0.373937
4 877.02 414.50 906.25 459.97 0.373768
4 581.42 164.73 602.05 208.87 0.363467
4 659.61 318.72 688.97 370.27 0.335619
4 1039.44 743.26 1084.68 787.25 0.327188
4 784.42 419.57 809.49 469.13 0.320869
4 758.56 46.15 781.44 91.03 0.318638
4 509.70 220.68 529.98 264.18 0.318404
4 649.19 32.70 670.00 75.94 0.318328
4 500.42 364.20 519.98 401.02 0.314698
4 450.58 216.28 470.62 258.48 0.311781
4 329.70 542.94 354.44 574.70 0.308888
4 810.33 313.34 835.12 358.64 0.299014
4 611.52 280.22 634.26 324.68 0.298902
4 939.39 747.14 979.75 787.16 0.288269
4 660.32 149.18 703.36 260.35 0.274495
4 831.63 291.33 856.34 336.91 0.273790
4 1039.85 695.51 1072.60 725.69 0.268172
4 1102.91 752.85 1144.87 787.38 0.247616
4 916.48 752.99 940.88 787.27 0.247010
4 980.24 744.24 1037.06 787.51 0.245488
4 404.06 0.52 441.24 39.79 0.242017
6 1171.87 649.05 1399.43 770.44 0.238918
3 4.50 547.23 40.32 567.39 0.230686
6 921.42 509.89 969.89 584.93 0.227363
4 512.70 247.86 528.90 264.26 0.222560
4 453.50 750.38 472.97 770.58 0.218932
4 411.53 16.17 440.68 38.93 0.218775
5 856.46 488.67 892.76 565.74 0.203580
4 369.78 598.12 391.80 622.75 0.202140
4 903.72 429.96 919.33 466.20 0.192730
4 711.66 635.31 740.43 726.72 0.189477
4 419.31 297.79 433.57 319.97 0.183236
4 451.96 239.57 469.94 257.99 0.181999
