4 706.48 621.35 762.93 677.82 0.503630
4 457.54 898.50 541.94 989.31 0.497366
4 480.64 692.42 551.32 766.23 0.496730
4 832.86 585.87 880.55 635.81 0.490301
4 1202.44 643.32 1259.39 682.05 0.485419
4 780.32 570.76 827.69 617.77 0.483984
4 733.27 496.69 777.00 529.14 0.482183
4 757.91 649.82 805.94 706.85 0.471773
4 468.93 967.65 548.59 1049.61 0.467300
3 300.25 959.60 338.21 1007.24 0.462347
4 814.20 524.78 857.54 564.69 0.458795
4 844.38 488.66 882.85 527.73 0.456221
4 221.77 672.37 285.98 724.51 0.452179
4 862.97 535.09 907.92 584.30 0.445913
4 888.79 460.60 931.25 497.19 0.441349
4 1259.88 354.45 1284.87 382.93 0.429729
4 898.61 498.63 939.32 532.36 0.428196
4 910.30 418.74 948.24 457.76 0.425246
6 659.84 720.52 762.77 837.05 0.422690
4 625.82 706.61 687.83 771.79 0.421507
4 844.26 464.32 860.66 484.44 0.416011
6 534.61 755.81 635.75 880.71 0.411243
4 294.03 1018.15 359.43 1049.53 0.387092
4 1257.35 602.68 1312.00 644.89 0.381873
4 276.81 675.07 311.17 708.89 0.379732
4 1249.70 527.28 1318.57 577.06 0.378301
4 1032.02 428.41 1049.17 448.12 0.367871
6 933.98 410.14 997.84 491.85 0.367044
1 771.98 513.22 787.37 536.41 0.360314
9 1196.55 8.71 1273.57 39.14 0.359632
4 1142.56 182.31 1155.39 197.92 0.351610
6 514.58 823.44 676.83 1011.49 0.349110
4 1278.24 395.50 1306.78 429.33 0.344746
4 1270.77 177.28 1289.03 192.73 0.340141
3 351.59 964.57 390.05 1004.29 0.339310
4 643.79 560.70 697.99 613.39 0.335869
4 1010.44 370.94 1037.74 394.42 0.331995
4 1171.94 132.06 1182.95 144.61 0.328585
2 922.27 989.41 955.85 1033.19 0.327690
4 1001.67 221.57 1018.00 235.21 0.321754
4 366.49 1002.22 438.94 1049.60 0.321463
1 969.08 324.33 980.15 342.70 0.320677
4 994.63 234.35 1009.33 247.58 0.319855
4 898.76 506.18 928.21 532.32 0.317657
4 1338.78 532.12 1397.72 580.37 0.314260
4 1309.41 58.41 1324.03 67.38 0.308397
4 1249.30 62.69 1260.54 74.38 0.304091
4 1085.80 236.04 1095.85 250.53 0.303613
3 698.53 597.26 714.35 617.34 0.290254
3 921.80 993.97 956.68 1034.33 0.286295
1 706.01 587.07 720.01 609.31 0.285423
4 246.43 912.87 276.79 952.46 0.279516
9 464.80 354.30 708.14 530.62 0.274074
4 934.65 446.75 977.92 491.39 0.273930
4 1034.58 291.26 1046.15 305.54 0.272912
2 699.34 586.76 720.02 615.41 0.270140
4 1289.97 453.43 1318.41 470.25 0.264456
6 41.76 864.51 99.64 933.16 0.264340
4 1183.06 180.17 1194.45 194.65 0.262419
4 201.06 787.44 233.24 817.32 0.260005
4 1016.28 195.45 1035.17 209.75 0.259199
4 1199.69 699.06 1253.20 743.63 0.258338
1 922.87 989.12 939.01 1030.45 0.258034
2 69.22 691.90 87.31 721.26 0.250483
4 1277.38 79.78 1301.67 101.51 0.249541
4 1282.08 218.51 1308.43 234.56 0.246062
4 776.37 463.77 806.91 498.30 0.246022
2 974.01 351.53 987.58 373.22 0.244135
4 879.11 639.80 900.72 669.23 0.244121
4 927.44 339.64 941.38 352.55 0.238861
3 922.24 1012.56 943.03 1034.00 0.237640
1 932.32 993.87 955.37 1029.95 0.233834
9 507.08 356.03 704.74 513.00 0.229668
4 1257.84 604.42 1290.12 642.90 0.229457
4 1250.76 79.77 1261.87 87.97 0.228849
4 1309.01 77.19 1323.34 89.69 0.226809
4 1341.50 224.21 1355.15 239.38 0.226796
4 0.17 694.88 35.23 716.37 0.225458
4 776.62 484.20 793.14 498.31 0.223684
4 930.28 324.14 945.18 341.00 0.223419
2 308.61 961.83 325.40 992.37 0.220488
4 1270.90 39.19 1285.64 53.61 0.215409
4 1268.02 198.29 1280.77 215.23 0.213522
4 1311.14 229.43 1335.05 243.49 0.208334
6 953.65 410.96 997.32 470.06 0.207909
1 1165.20 1007.23 1185.97 1033.24 0.205102
3 351.83 979.27 367.05 1004.17 0.204706
2 219.09 673.83 237.49 701.00 0.204495
4 1283.78 21.35 1295.75 30.94 0.204459
4 276.83 671.93 328.47 709.27 0.204212
4 1372.98 193.21 1399.45 216.18 0.200070
4 1369.52 117.40 1382.11 132.92 0.199985
1 803.49 643.44 819.16 674.71 0.198689
4 998.09 212.13 1007.51 223.82 0.198324
4 878.79 618.96 925.93 670.20 0.198075
9 789.02 267.03 832.83 298.89 0.195024
2 1239.79 317.91 1253.09 334.74 0.194129
4 1277.19 80.21 1288.41 92.66 0.192220
4 985.57 267.37 996.24 283.11 0.191590
4 1231.89 48.90 1249.46 64.90 0.189709
4 994.55 221.41 1018.35 247.62 0.188541
4 1014.29 262.15 1031.29 280.21 0.188011
4 984.85 250.45 1001.03 268.54 0.186777
2 1238.94 298.18 1249.83 313.02 0.185519
4 1155.69 737.79 1195.15 787.44 0.184364
6 121.05 559.91 396.19 688.40 0.183811
4 1037.39 188.71 1052.76 201.83 0.181953
3 698.55 600.76 709.61 617.25 0.180951
