9 807.54 742.40 1050.76 1043.84 0.999140
1 1072.04 913.54 1141.39 1078.04 0.976658
2 1446.43 863.26 1497.98 1016.58 0.919845
2 1353.96 803.97 1406.62 927.03 0.910672
1 1358.57 957.19 1432.02 1078.13 0.909631
2 1437.47 748.23 1478.16 851.39 0.892016
1 1232.76 773.94 1288.81 894.80 0.887224
2 1656.08 986.36 1716.72 1078.24 0.820033
4 1097.02 578.24 1178.99 611.60 0.755654
1 339.86 835.24 389.38 1000.84 0.752326
2 1319.48 736.21 1367.62 852.39 0.738821
2 276.48 827.93 328.46 986.08 0.704179
1 407.14 800.28 466.03 943.84 0.691826
2 1478.47 998.13 1552.67 1078.60 0.691209
2 1157.10 770.56 1204.41 855.33 0.687350
2 1537.71 989.19 1595.99 1077.86 0.686672
2 224.62 814.82 286.92 972.38 0.608074
2 642.09 843.39 705.51 986.73 0.589733
4 531.73 643.55 579.39 678.64 0.576762
2 746.05 821.22 782.15 933.36 0.512122
2 386.86 732.16 439.44 816.17 0.478433
2 169.34 794.71 214.23 935.82 0.399616
