5 1043.39 405.99 1146.77 467.03 0.998250
3 494.97 310.82 506.21 331.92 0.996518
6 362.15 205.02 396.39 235.77 0.991986
4 269.25 218.57 330.70 243.85 0.988223
4 1102.59 540.18 1163.25 605.81 0.985587
3 1075.36 437.94 1120.70 512.40 0.982031
4 998.71 444.03 1085.44 522.67 0.981445
4 678.77 184.42 691.68 204.11 0.969750
4 625.57 300.53 661.66 334.46 0.967666
4 951.95 384.26 1005.87 440.78 0.967330
4 960.78 355.16 1055.63 389.78 0.925750
4 175.95 246.72 197.48 262.71 0.925647
4 690.51 298.19 724.05 328.96 0.918033
4 119.39 540.72 177.76 586.29 0.911083
1 695.80 246.81 705.87 271.26 0.904141
4 539.36 204.07 553.36 224.46 0.881078
4 599.91 196.72 621.12 218.43 0.873016
4 755.84 162.64 771.71 177.62 0.871409
4 162.97 294.46 257.37 331.76 0.860308
4 221.83 283.25 283.19 310.93 0.850663
6 630.82 265.02 665.80 306.10 0.831533
4 1039.06 384.55 1084.78 420.91 0.823779
1 493.97 300.66 506.15 328.44 0.805207
4 606.89 121.30 618.85 132.34 0.776410
4 609.67 154.69 625.52 169.20 0.767826
4 686.57 283.38 717.23 307.06 0.725194
2 472.55 264.84 494.94 296.59 0.638448
3 177.68 259.02 192.59 276.41 0.628731
4 955.30 347.98 1010.11 381.06 0.601330
5 1295.60 632.23 1359.55 712.89 0.588735
4 689.78 271.74 716.67 286.54 0.582852
1 797.55 346.50 817.91 371.74 0.580625
7 671.90 259.43 693.58 285.72 0.579316
1 472.20 266.97 484.32 295.01 0.546571
1 482.37 268.10 495.21 295.63 0.545919
1 1043.50 241.84 1054.77 266.40 0.510891
2 676.44 251.73 685.45 265.08 0.501565
9 663.53 67.32 676.72 78.79 0.439291
3 50.69 339.43 90.09 380.45 0.329389
9 0.26 248.80 100.15 377.57 0.257514
