4 1272.70 68.10 1359.63 145.91 0.999958
4 1189.49 297.77 1284.98 399.42 0.999933
4 500.08 126.56 614.32 216.32 0.999614
5 340.71 305.23 445.84 425.57 0.999233
3 653.50 554.28 714.67 609.25 0.997401
3 509.56 646.14 558.48 708.77 0.995811
5 380.90 32.27 489.50 127.75 0.995632
1 671.71 557.23 698.79 597.05 0.988929
2 527.45 522.29 544.26 551.46 0.988334
4 0.04 10.89 27.62 63.64 0.988321
1 448.45 570.41 474.24 609.22 0.987249
2 503.92 516.17 526.45 553.54 0.979916
2 705.19 488.63 728.46 521.73 0.978141
2 478.45 527.40 498.16 570.38 0.977639
1 1138.05 445.92 1179.44 491.14 0.972624
6 129.27 423.47 350.77 679.44 0.927242
3 696.93 492.46 736.97 539.58 0.919352
2 479.12 500.36 500.75 539.87 0.912238
5 131.00 549.49 248.64 672.08 0.769044
1 526.44 644.04 550.06 680.93 0.761965
3 951.95 60.70 992.93 93.18 0.719552
2 251.30 518.91 283.08 561.83 0.582249
3 1137.09 470.84 1158.69 492.55 0.562920
2 456.98 508.68 482.99 539.12 0.549726
1 280.33 464.81 328.99 544.22 0.436710
