4 691.27 257.04 721.66 285.48 0.996922
4 462.89 362.73 495.94 387.63 0.995340
4 589.21 313.69 622.89 337.50 0.994750
6 790.45 96.68 824.43 140.45 0.971547
5 401.91 404.01 499.09 455.31 0.965456
4 827.76 87.90 850.28 110.92 0.951032
6 741.67 34.38 773.52 73.38 0.945905
6 938.30 15.30 970.42 53.24 0.945740
9 468.30 184.69 637.51 262.26 0.925855
4 585.67 92.46 607.68 118.82 0.910605
6 770.57 117.49 808.34 159.83 0.884137
5 485.06 300.80 574.74 358.50 0.881536
4 715.60 112.98 741.07 135.97 0.871700
4 851.66 170.83 869.36 196.44 0.848426
4 634.85 3.26 653.84 21.91 0.845955
4 745.97 77.81 761.70 101.05 0.825354
5 827.03 199.03 856.24 229.95 0.820754
5 500.27 329.72 578.39 373.18 0.809577
4 602.71 63.37 623.76 86.86 0.791260
6 788.84 221.78 826.46 249.37 0.789129
4 500.44 343.80 544.73 373.16 0.764392
4 750.47 236.21 786.75 263.59 0.763490
6 433.04 63.16 454.79 88.58 0.751355
4 923.88 0.00 941.32 10.29 0.743502
4 541.71 108.30 562.96 135.09 0.730406
4 74.19 152.87 97.89 173.61 0.708160
4 368.94 391.51 412.95 425.34 0.692651
4 502.06 16.08 533.68 33.90 0.658928
4 687.73 210.29 726.18 235.99 0.658094
3 888.55 374.50 910.32 396.35 0.649804
5 1314.20 595.91 1380.69 639.60 0.636189
6 612.67 42.62 676.60 107.19 0.619032
4 628.49 319.20 656.51 338.21 0.604983
4 131.26 153.45 149.43 179.40 0.599145
9 457.18 27.03 500.29 53.56 0.441031
