4 219.23 633.32 296.42 673.03 0.998119
4 569.48 52.16 609.74 94.85 0.994691
4 432.91 475.83 471.05 534.65 0.994451
4 50.01 98.09 116.75 144.81 0.989164
4 382.04 19.89 443.29 68.41 0.989088
4 611.88 1.04 637.66 35.35 0.985654
4 395.03 137.12 444.37 177.48 0.982456
4 819.45 11.24 842.18 49.20 0.979213
4 514.63 93.87 558.70 132.46 0.976256
4 221.48 288.62 284.92 339.40 0.970722
4 556.54 1.64 597.44 47.74 0.969918
4 455.78 135.14 507.03 182.28 0.964960
4 404.65 191.94 461.69 267.79 0.953737
4 277.42 199.92 336.11 251.74 0.952457
4 329.88 167.97 389.27 218.90 0.950103
4 212.88 233.33 271.10 278.06 0.944336
4 452.09 104.41 497.16 140.25 0.934613
4 504.26 59.20 551.88 105.34 0.932230
4 22.06 397.29 93.13 453.82 0.917429
4 210.00 109.23 247.21 137.08 0.894671
5 781.97 300.82 813.06 362.16 0.879128
4 494.29 408.38 529.49 441.02 0.788785
6 276.73 702.79 394.59 787.27 0.700628
4 782.54 342.80 810.75 361.73 0.612696
4 204.99 732.23 260.13 787.14 0.608140
4 90.19 519.14 108.98 540.56 0.595635
4 53.57 497.36 74.65 524.82 0.566430
7 490.88 408.33 530.34 459.52 0.551632
4 468.26 29.01 520.35 68.83 0.533862
1 488.70 442.10 499.51 460.00 0.521217
