4 1577.33 258.65 1626.21 282.47 0.995756
6 915.30 496.92 1078.34 620.23 0.994680
5 1599.01 785.62 1707.34 857.92 0.986697
4 434.46 270.18 476.08 299.58 0.977545
5 1448.10 863.78 1679.28 1056.65 0.968797
4 1885.96 962.44 1915.71 1002.51 0.936507
4 1266.29 108.87 1296.56 124.83 0.924382
4 912.54 194.43 936.31 212.72 0.903159
4 561.12 223.44 618.66 263.21 0.899411
6 372.30 217.51 404.09 251.14 0.881605
4 1290.38 78.83 1314.02 94.99 0.868407
4 1239.81 51.78 1260.22 68.10 0.813495
4 865.53 50.94 890.99 69.19 0.777959
4 970.83 18.97 997.59 32.92 0.728059
3 1461.78 207.01 1513.05 254.90 0.608736
4 653.72 257.34 680.60 276.02 0.604914
4 378.54 231.56 403.51 250.46 0.510459
1 1336.52 656.11 1353.04 682.08 0.500366
3 197.74 1047.27 273.68 1076.99 0.479068
3 1473.39 927.79 1520.58 977.75 0.459405
4 264.84 8.62 299.11 25.83 0.434574
2 1324.84 403.12 1337.71 422.04 0.420553
1 1769.35 553.06 1783.83 579.09 0.414357
