4 1040.41 376.32 1099.68 438.05 0.996795
4 817.41 458.51 885.87 526.72 0.995925
4 1193.73 199.19 1246.49 251.16 0.994411
4 577.01 702.48 666.59 786.05 0.992156
4 1364.86 306.14 1399.80 367.48 0.988634
4 1136.43 432.85 1190.05 498.14 0.984647
4 970.61 354.10 1054.43 445.61 0.974276
6 1234.60 273.44 1388.48 435.64 0.972572
4 1139.48 418.27 1178.08 460.79 0.962065
6 1205.56 418.89 1342.32 574.87 0.936615
4 444.31 162.99 503.98 212.65 0.890535
4 1307.08 187.07 1390.43 255.89 0.832033
3 926.41 124.38 940.07 158.53 0.818173
4 1235.08 393.40 1281.83 434.79 0.799059
4 1054.96 86.40 1081.19 101.50 0.726501
4 1042.65 483.94 1071.69 507.93 0.666842
6 1105.28 567.19 1226.39 701.37 0.646527
4 1307.25 223.97 1345.33 255.17 0.618876
4 460.28 0.00 523.34 30.64 0.596970
2 673.34 350.52 682.62 367.30 0.562398
2 666.94 371.80 677.05 387.46 0.539746
4 528.38 45.28 606.12 113.66 0.511043
4 1298.92 494.92 1337.12 527.75 0.489861
4 163.05 82.63 203.99 131.73 0.473681
2 1324.59 569.38 1340.09 590.35 0.416068
2 1341.00 568.98 1360.55 588.65 0.408171
4 315.12 137.38 385.38 187.62 0.406483
4 2.01 216.62 36.36 240.17 0.403359
2 12.94 395.07 26.93 419.80 0.396369
4 314.67 98.39 454.61 188.39 0.387325
4 1100.82 747.06 1111.89 758.19 0.383493
6 1105.16 414.37 1344.93 701.83 0.330948
