6 640.68 0.36 705.87 99.33 0.997034
4 702.45 412.44 757.04 527.34 0.983579
4 257.81 163.06 318.24 269.05 0.947322
2 1122.57 120.89 1135.73 143.77 0.943079
4 185.62 498.82 254.13 612.28 0.931956
6 261.32 159.73 404.15 442.93 0.925319
4 0.27 601.53 136.74 784.02 0.898461
2 1211.31 99.71 1235.62 128.19 0.863845
2 1196.74 91.48 1218.13 122.80 0.853690
2 150.93 65.37 189.16 98.27 0.782279
2 1264.57 678.62 1300.47 702.44 0.746499
2 132.00 290.77 154.17 313.47 0.712501
2 1176.71 91.22 1235.63 129.06 0.679118
1 162.29 16.85 177.27 43.04 0.674549
2 70.99 64.83 93.75 94.09 0.671597
1 152.85 160.93 181.46 191.78 0.669717
3 622.60 507.92 665.70 561.32 0.669678
2 499.61 499.74 515.01 532.03 0.633872
2 1177.53 100.58 1200.58 126.78 0.609610
1 90.64 136.06 103.03 163.70 0.608517
2 52.57 414.10 90.77 438.04 0.603943
2 1269.44 746.57 1310.19 784.29 0.541788
2 114.25 307.02 131.62 320.88 0.540081
2 110.02 182.13 132.24 201.13 0.525682
2 88.60 326.64 114.07 350.73 0.491043
2 88.31 326.77 136.65 359.56 0.487754
2 484.84 478.56 509.98 497.95 0.481702
2 124.15 318.57 149.66 339.20 0.476439
4 250.11 0.19 314.14 19.12 0.476212
2 150.37 27.95 165.36 54.05 0.461354
3 1270.34 758.03 1310.06 784.07 0.429809
