9 416.42 651.40 584.97 776.06 0.999748
4 1042.76 538.75 1117.72 577.65 0.996133
4 0.21 419.62 39.06 448.93 0.993797
4 969.81 430.35 1019.84 463.89 0.988631
4 1055.01 378.98 1111.34 410.02 0.937973
4 863.55 436.58 914.19 466.27 0.914309
4 1079.88 370.67 1132.49 395.82 0.874031
4 957.27 393.92 1004.20 415.36 0.866666
6 1218.99 814.81 1340.14 903.75 0.865967
4 261.82 466.63 314.75 501.67 0.839217
7 578.53 744.40 675.35 825.92 0.836418
4 0.23 324.97 24.64 349.23 0.834256
4 1114.18 346.84 1162.19 371.55 0.791884
4 1258.22 517.37 1306.90 561.59 0.789081
4 917.93 416.99 956.23 435.84 0.707476
4 1117.99 301.96 1154.25 325.16 0.707456
5 276.04 874.09 341.98 927.13 0.667921
7 664.32 796.81 773.24 876.12 0.660425
4 199.22 830.22 272.83 893.59 0.654439
4 221.37 449.20 314.84 502.10 0.649487
4 1138.20 334.55 1184.56 361.07 0.638579
4 863.77 416.65 956.68 466.64 0.630945
4 797.40 602.74 823.37 624.64 0.628511
4 221.95 449.65 284.03 475.57 0.621241
4 1165.24 330.87 1194.47 351.08 0.619559
4 892.28 427.25 937.26 449.57 0.581969
2 1111.06 403.09 1125.08 423.50 0.545279
1 1599.88 993.65 1617.19 1026.24 0.528531
6 1282.49 837.72 1339.76 901.08 0.480075
3 186.11 864.77 225.05 899.67 0.406664
1 990.01 660.29 1004.93 688.93 0.366710
9 441.85 464.10 527.92 520.18 0.339201
9 541.66 548.34 615.45 593.42 0.305937
