4 657.22 563.15 683.57 613.49 0.999719
4 795.27 616.06 827.13 672.86 0.999652
4 681.89 497.76 707.71 548.55 0.999290
4 738.57 505.78 765.89 559.89 0.999235
4 630.02 403.97 654.91 452.24 0.998091
4 844.35 562.41 877.71 621.55 0.998006
4 665.25 377.61 689.00 428.05 0.997277
4 727.17 78.64 749.32 121.07 0.997176
4 711.33 291.96 735.54 340.39 0.995946
4 788.22 233.05 812.55 285.45 0.994837
6 809.78 185.81 855.97 309.31 0.994270
5 606.25 144.89 641.76 272.94 0.993687
4 876.45 205.02 902.19 258.87 0.989179
4 697.91 155.49 720.05 201.31 0.974225
2 1267.16 459.51 1310.78 550.18 0.859559
2 1213.14 511.56 1265.57 594.01 0.733829
