7 115.00 668.00 149.00 696.00
7 222.00 684.00 252.00 715.00
3 149.00 658.00 165.00 672.00
3 164.00 654.00 179.00 674.00
3 171.00 655.00 183.00 677.00
10 287.00 656.00 295.00 675.00
10 261.00 659.00 275.00 678.00
4 146.00 680.00 190.00 713.00
4 276.00 698.00 305.00 731.00
5 381.00 750.00 432.00 765.00
4 492.00 649.00 541.00 668.00
4 506.00 632.00 539.00 652.00
6 498.00 606.00 566.00 640.00
8 576.00 618.00 596.00 645.00
4 533.00 601.00 589.00 623.00
4 698.00 646.00 723.00 679.00
4 606.00 571.00 626.00 594.00
4 545.00 573.00 596.00 592.00
5 1001.00 733.00 1075.00 765.00
1 1060.00 732.00 1071.00 754.00
1 1060.00 725.00 1067.00 740.00
1 1015.00 711.00 1019.00 730.00
10 1019.00 709.00 1031.00 724.00
1 863.00 675.00 870.00 696.00
1 826.00 677.00 833.00 690.00
1 902.00 656.00 912.00 679.00
7 919.00 665.00 947.00 685.00
5 815.00 657.00 866.00 683.00
5 811.00 644.00 859.00 667.00
4 805.00 634.00 856.00 656.00
4 789.00 611.00 844.00 633.00
5 755.00 561.00 779.00 593.00
1 746.00 561.00 753.00 580.00
4 784.00 544.00 826.00 565.00
4 715.00 501.00 732.00 518.00
7 753.00 464.00 762.00 476.00
4 731.00 450.00 746.00 463.00
4 695.00 459.00 710.00 475.00
4 754.00 441.00 769.00 454.00
4 765.00 429.00 778.00 441.00
5 754.00 416.00 768.00 430.00
1 753.00 431.00 757.00 441.00
1 627.00 529.00 631.00 541.00
1 607.00 524.00 613.00 538.00
10 633.00 505.00 643.00 514.00
3 635.00 501.00 647.00 510.00
8 644.00 488.00 656.00 504.00
4 658.00 482.00 676.00 497.00
4 630.00 472.00 657.00 488.00
4 599.00 490.00 637.00 508.00
4 632.00 452.00 664.00 463.00
4 661.00 436.00 673.00 451.00
8 661.00 431.00 680.00 443.00
4 666.00 426.00 678.00 437.00
1 680.00 422.00 685.00 432.00
1 687.00 422.00 691.00 432.00
4 704.00 411.00 715.00 423.00
4 735.00 391.00 745.00 402.00
4 646.00 415.00 674.00 427.00
4 657.00 412.00 683.00 422.00
4 653.00 407.00 677.00 414.00
4 651.00 402.00 677.00 410.00
4 657.00 396.00 681.00 406.00
4 670.00 395.00 688.00 403.00
4 672.00 390.00 696.00 400.00
4 677.00 388.00 693.00 394.00
4 667.00 379.00 688.00 388.00
4 694.00 367.00 704.00 378.00
4 722.00 375.00 731.00 385.00
4 719.00 353.00 728.00 362.00
5 769.00 344.00 776.00 351.00
4 753.00 349.00 761.00 358.00
4 767.00 355.00 777.00 364.00
5 765.00 364.00 773.00 372.00
4 759.00 370.00 781.00 380.00
4 756.00 375.00 778.00 384.00
4 759.00 382.00 777.00 391.00
4 782.00 363.00 802.00 371.00
4 787.00 359.00 808.00 366.00
4 789.00 458.00 817.00 470.00
4 1101.00 376.00 1123.00 385.00
