4 664.00 0.00 696.00 19.00
4 641.00 10.00 666.00 39.00
7 620.00 26.00 648.00 44.00
4 614.00 36.00 661.00 61.00
4 593.00 49.00 647.00 73.00
4 590.00 64.00 641.00 92.00
4 590.00 82.00 643.00 110.00
4 593.00 96.00 640.00 127.00
4 582.00 123.00 636.00 159.00
4 577.00 149.00 635.00 185.00
4 569.00 175.00 635.00 214.00
4 559.00 208.00 630.00 251.00
4 555.00 231.00 628.00 278.00
4 546.00 265.00 604.00 317.00
7 531.00 302.00 574.00 349.00
4 575.00 316.00 630.00 382.00
7 542.00 361.00 572.00 412.00
3 617.00 420.00 632.00 460.00
7 484.00 478.00 543.00 551.00
4 474.00 571.00 590.00 681.00
4 460.00 655.00 618.00 764.00
4 1273.00 651.00 1360.00 764.00
4 1082.00 597.00 1189.00 716.00
5 1139.00 463.00 1226.00 545.00
5 1095.00 393.00 1181.00 464.00
4 1043.00 332.00 1109.00 391.00
4 1021.00 277.00 1069.00 329.00
4 982.00 213.00 1037.00 256.00
4 955.00 167.00 999.00 203.00
4 934.00 136.00 974.00 167.00
4 910.00 107.00 947.00 137.00
4 890.00 75.00 921.00 101.00
4 1089.00 5.00 1137.00 25.00
4 1030.00 0.00 1067.00 12.00
4 879.00 56.00 910.00 81.00
4 871.00 41.00 898.00 65.00
4 853.00 29.00 883.00 49.00
4 850.00 19.00 885.00 39.00
5 841.00 0.00 875.00 22.00
4 831.00 0.00 856.00 15.00
4 769.00 1.00 792.00 21.00
1 663.00 62.00 674.00 80.00
4 646.00 65.00 677.00 95.00
1 591.00 0.00 601.00 14.00
1 582.00 0.00 589.00 14.00
3 525.00 4.00 549.00 22.00
3 482.00 0.00 510.00 12.00
3 453.00 0.00 478.00 9.00
10 436.00 31.00 463.00 46.00
1 313.00 30.00 323.00 53.00
2 332.00 76.00 342.00 90.00
1 317.00 17.00 325.00 40.00
1 326.00 12.00 335.00 31.00
1 325.00 0.00 335.00 18.00
1 170.00 6.00 183.00 29.00
10 157.00 28.00 185.00 43.00
10 199.00 28.00 220.00 44.00
1 16.00 151.00 33.00 182.00
1 30.00 161.00 40.00 181.00
3 106.00 161.00 126.00 183.00
2 96.00 137.00 109.00 159.00
1 35.00 120.00 51.00 147.00
1 6.00 128.00 25.00 155.00
1 47.00 80.00 61.00 109.00
1 61.00 77.00 73.00 104.00
2 68.00 96.00 83.00 111.00
1 73.00 63.00 86.00 91.00
1 81.00 64.00 94.00 89.00
1 89.00 66.00 100.00 90.00
10 90.00 70.00 120.00 88.00
10 132.00 25.00 157.00 42.00
2 105.00 37.00 125.00 57.00
2 115.00 8.00 125.00 28.00
1 261.00 329.00 285.00 366.00
2 350.00 360.00 369.00 389.00
8 343.00 338.00 387.00 397.00
1 1.00 28.00 14.00 49.00
2 615.00 412.00 632.00 449.00
