1 781.00 743.00 792.00 765.00
2 780.00 736.00 789.00 759.00
1 785.00 733.00 797.00 765.00
4 570.00 693.00 640.00 765.00
4 593.00 467.00 633.00 520.00
1 1178.00 735.00 1199.00 765.00
4 1139.00 643.00 1242.00 716.00
4 1271.00 529.00 1360.00 575.00
6 996.00 553.00 1164.00 649.00
4 870.00 549.00 934.00 601.00
2 1141.00 542.00 1160.00 572.00
7 1125.00 550.00 1197.00 584.00
4 1314.00 418.00 1359.00 466.00
4 1325.00 481.00 1360.00 516.00
4 1282.00 483.00 1359.00 530.00
4 1227.00 474.00 1297.00 516.00
4 1263.00 416.00 1311.00 454.00
4 1210.00 407.00 1259.00 440.00
4 1170.00 399.00 1214.00 431.00
4 1119.00 390.00 1172.00 424.00
1 1210.00 451.00 1221.00 482.00
1 1169.00 435.00 1185.00 466.00
1 1183.00 380.00 1191.00 408.00
1 1150.00 377.00 1158.00 406.00
1 1130.00 380.00 1139.00 405.00
2 1124.00 383.00 1137.00 399.00
2 971.00 484.00 987.00 507.00
10 967.00 489.00 988.00 515.00
4 827.00 402.00 865.00 431.00
1 8.00 719.00 27.00 764.00
2 120.00 719.00 145.00 761.00
2 124.00 716.00 164.00 749.00
3 45.00 624.00 90.00 652.00
10 86.00 616.00 132.00 648.00
4 54.00 587.00 163.00 641.00
4 80.00 569.00 177.00 616.00
4 105.00 549.00 190.00 595.00
4 121.00 534.00 200.00 576.00
8 178.00 561.00 227.00 622.00
8 197.00 540.00 242.00 592.00
8 224.00 506.00 270.00 558.00
8 245.00 483.00 289.00 524.00
7 131.00 515.00 216.00 555.00
6 147.00 496.00 234.00 537.00
6 166.00 480.00 247.00 524.00
6 184.00 462.00 268.00 506.00
4 297.00 460.00 390.00 495.00
4 320.00 428.00 405.00 462.00
1 292.00 404.00 300.00 436.00
2 315.00 407.00 326.00 436.00
4 372.00 375.00 439.00 407.00
4 538.00 360.00 568.00 390.00
4 584.00 369.00 614.00 400.00
4 635.00 390.00 669.00 428.00
4 420.00 336.00 479.00 358.00
4 403.00 317.00 459.00 339.00
3 455.00 310.00 476.00 323.00
3 361.00 319.00 373.00 328.00
10 374.00 326.00 381.00 341.00
10 379.00 316.00 396.00 326.00
1 436.00 239.00 440.00 249.00
10 426.00 300.00 444.00 309.00
4 629.00 328.00 655.00 355.00
4 606.00 308.00 632.00 331.00
4 1097.00 501.00 1203.00 541.00
4 1075.00 478.00 1169.00 518.00
4 1057.00 466.00 1150.00 498.00
4 1040.00 451.00 1131.00 483.00
4 1026.00 434.00 1106.00 465.00
4 1002.00 415.00 1076.00 452.00
4 975.00 408.00 1047.00 438.00
4 953.00 397.00 1026.00 426.00
4 936.00 377.00 1014.00 408.00
4 829.00 331.00 855.00 356.00
4 936.00 370.00 1004.00 394.00
5 935.00 357.00 994.00 381.00
2 968.00 351.00 977.00 370.00
4 908.00 343.00 980.00 376.00
2 1036.00 335.00 1042.00 345.00
2 1031.00 332.00 1039.00 344.00
4 901.00 346.00 961.00 367.00
4 891.00 340.00 944.00 358.00
4 892.00 332.00 941.00 352.00
3 970.00 301.00 977.00 312.00
4 940.00 297.00 970.00 315.00
3 842.00 310.00 849.00 321.00
2 811.00 320.00 823.00 339.00
10 813.00 326.00 822.00 340.00
1 914.00 316.00 922.00 336.00
5 881.00 308.00 929.00 331.00
4 857.00 306.00 904.00 325.00
4 852.00 298.00 900.00 315.00
4 847.00 292.00 895.00 310.00
4 888.00 241.00 930.00 255.00
4 851.00 257.00 891.00 271.00
4 803.00 272.00 847.00 287.00
4 803.00 267.00 843.00 284.00
2 771.00 272.00 778.00 283.00
10 771.00 275.00 778.00 285.00
5 769.00 262.00 803.00 279.00
4 780.00 262.00 812.00 276.00
4 816.00 252.00 837.00 268.00
4 839.00 251.00 863.00 268.00
5 827.00 247.00 856.00 262.00
10 850.00 243.00 862.00 251.00
1 842.00 233.00 848.00 244.00
1 833.00 228.00 837.00 241.00
1 814.00 231.00 819.00 242.00
10 815.00 219.00 826.00 225.00
4 775.00 241.00 798.00 254.00
1 781.00 213.00 786.00 224.00
4 768.00 210.00 794.00 220.00
4 745.00 204.00 769.00 213.00
4 591.00 273.00 610.00 291.00
4 509.00 263.00 529.00 283.00
4 589.00 223.00 601.00 236.00
4 640.00 216.00 653.00 226.00
4 665.00 220.00 679.00 231.00
1 534.00 255.00 540.00 270.00
1 538.00 243.00 544.00 257.00
1 532.00 246.00 538.00 260.00
4 516.00 247.00 533.00 263.00
4 520.00 243.00 534.00 257.00
4 505.00 238.00 536.00 252.00
4 512.00 230.00 543.00 244.00
4 535.00 227.00 552.00 240.00
4 511.00 215.00 537.00 225.00
6 536.00 203.00 555.00 220.00
4 510.00 185.00 532.00 193.00
4 588.00 206.00 600.00 218.00
4 589.00 194.00 600.00 204.00
4 584.00 183.00 594.00 192.00
2 564.00 208.00 568.00 214.00
10 564.00 209.00 568.00 216.00
1 565.00 188.00 568.00 197.00
4 551.00 183.00 561.00 193.00
5 582.00 167.00 588.00 175.00
4 576.00 176.00 585.00 184.00
5 536.00 187.00 553.00 195.00
4 522.00 181.00 544.00 188.00
4 516.00 179.00 538.00 186.00
4 536.00 143.00 542.00 148.00
1 562.00 172.00 564.00 179.00
7 610.00 191.00 616.00 198.00
1 567.00 165.00 570.00 172.00
2 570.00 168.00 572.00 172.00
10 570.00 169.00 573.00 174.00
4 563.00 160.00 570.00 166.00
4 568.00 150.00 574.00 155.00
4 570.00 151.00 577.00 156.00
1 574.00 156.00 577.00 162.00
5 585.00 147.00 598.00 152.00
4 582.00 144.00 588.00 149.00
4 623.00 137.00 628.00 141.00
4 613.00 150.00 619.00 156.00
1 629.00 151.00 632.00 156.00
4 639.00 158.00 646.00 164.00
4 622.00 168.00 629.00 175.00
4 627.00 178.00 636.00 186.00
4 631.00 187.00 640.00 197.00
4 636.00 203.00 647.00 213.00
4 680.00 244.00 696.00 258.00
2 746.00 251.00 752.00 264.00
2 756.00 252.00 761.00 265.00
2 754.00 255.00 757.00 264.00
10 744.00 256.00 753.00 265.00
10 753.00 257.00 763.00 265.00
4 735.00 239.00 752.00 253.00
4 729.00 234.00 745.00 246.00
4 727.00 225.00 736.00 235.00
5 715.00 217.00 728.00 230.00
5 711.00 212.00 724.00 224.00
4 726.00 202.00 741.00 210.00
4 716.00 198.00 739.00 207.00
4 715.00 191.00 734.00 198.00
6 721.00 186.00 738.00 201.00
3 693.00 204.00 696.00 211.00
2 693.00 202.00 696.00 211.00
4 711.00 187.00 730.00 194.00
4 707.00 186.00 727.00 193.00
10 667.00 194.00 671.00 200.00
2 668.00 192.00 671.00 200.00
5 700.00 154.00 715.00 161.00
4 713.00 167.00 721.00 173.00
1 711.00 165.00 713.00 172.00
2 656.00 168.00 659.00 172.00
10 656.00 168.00 659.00 173.00
2 661.00 172.00 664.00 177.00
2 664.00 175.00 666.00 179.00
10 661.00 173.00 664.00 178.00
10 663.00 176.00 667.00 181.00
10 668.00 174.00 671.00 178.00
4 687.00 190.00 698.00 199.00
4 678.00 189.00 689.00 196.00
5 673.00 185.00 681.00 192.00
4 668.00 177.00 678.00 184.00
