1 870.00 668.00 912.00 725.00
1 672.00 430.00 695.00 477.00
1 778.00 391.00 801.00 449.00
1 816.00 633.00 850.00 707.00
1 113.00 560.00 160.00 617.00
1 17.00 562.00 61.00 631.00
1 54.00 541.00 92.00 602.00
1 522.00 664.00 557.00 729.00
1 409.00 700.00 455.00 760.00
1 398.00 684.00 419.00 732.00
2 418.00 670.00 443.00 706.00
1 454.00 675.00 473.00 725.00
1 483.00 650.00 507.00 709.00
2 471.00 676.00 484.00 715.00
2 461.00 652.00 494.00 687.00
1 475.00 620.00 502.00 683.00
2 442.00 646.00 459.00 668.00
1 458.00 635.00 476.00 672.00
1 444.00 603.00 473.00 658.00
1 212.00 711.00 240.00 758.00
1 219.00 712.00 244.00 750.00
1 473.00 498.00 500.00 555.00
1 561.00 511.00 590.00 571.00
1 615.00 517.00 640.00 584.00
1 643.00 521.00 662.00 579.00
1 640.00 592.00 663.00 651.00
1 616.00 605.00 639.00 664.00
1 587.00 644.00 616.00 695.00
1 209.00 615.00 241.00 678.00
1 125.00 682.00 159.00 727.00
1 517.00 487.00 534.00 531.00
1 382.00 459.00 399.00 496.00
1 524.00 490.00 539.00 528.00
2 442.00 471.00 469.00 508.00
7 265.00 430.00 339.00 492.00
1 131.00 741.00 155.00 765.00
1 115.00 727.00 130.00 762.00
1 124.00 731.00 145.00 763.00
2 1184.00 653.00 1226.00 696.00
1 1008.00 709.00 1039.00 765.00
3 998.00 674.00 1071.00 718.00
1 558.00 268.00 575.00 319.00
1 186.00 628.00 212.00 682.00
1 559.00 613.00 588.00 686.00
1 167.00 611.00 198.00 669.00
2 360.00 484.00 385.00 516.00
1 680.00 482.00 703.00 546.00
1 709.00 486.00 732.00 538.00
1 728.00 483.00 745.00 530.00
1 616.00 410.00 633.00 440.00
1 641.00 386.00 656.00 436.00
2 570.00 374.00 588.00 402.00
1 780.00 340.00 807.00 391.00
2 522.00 294.00 548.00 335.00
1 512.00 305.00 529.00 351.00
2 517.00 335.00 537.00 364.00
1 538.00 337.00 548.00 362.00
2 594.00 325.00 616.00 353.00
1 590.00 282.00 609.00 321.00
1 631.00 288.00 645.00 335.00
1 839.00 263.00 859.00 309.00
1 986.00 119.00 1001.00 158.00
1 999.00 122.00 1015.00 159.00
1 867.00 144.00 880.00 169.00
1 879.00 133.00 893.00 171.00
1 896.00 98.00 909.00 135.00
1 889.00 110.00 899.00 142.00
10 739.00 240.00 786.00 272.00
10 708.00 223.00 738.00 264.00
2 679.00 214.00 699.00 254.00
1 694.00 354.00 709.00 399.00
1 658.00 350.00 677.00 407.00
2 653.00 348.00 663.00 373.00
2 631.00 342.00 653.00 371.00
2 640.00 341.00 654.00 363.00
2 647.00 330.00 660.00 347.00
1 648.00 316.00 667.00 347.00
2 675.00 322.00 689.00 340.00
2 713.00 336.00 729.00 361.00
2 698.00 318.00 712.00 348.00
2 705.00 328.00 719.00 344.00
2 687.00 330.00 700.00 343.00
2 705.00 350.00 716.00 375.00
1 655.00 290.00 670.00 326.00
1 765.00 283.00 780.00 335.00
1 779.00 286.00 792.00 333.00
1 638.00 260.00 653.00 302.00
1 652.00 270.00 662.00 304.00
5 591.00 188.00 674.00 251.00
5 660.00 156.00 768.00 210.00
1 758.00 462.00 782.00 523.00
1 842.00 387.00 864.00 437.00
2 806.00 434.00 843.00 473.00
2 823.00 420.00 845.00 459.00
2 1154.00 477.00 1175.00 501.00
2 1069.00 445.00 1092.00 466.00
1 1047.00 453.00 1066.00 481.00
1 1068.00 529.00 1091.00 580.00
1 1029.00 554.00 1052.00 600.00
1 957.00 418.00 971.00 448.00
2 933.00 406.00 955.00 445.00
1 769.00 557.00 795.00 609.00
2 943.00 660.00 974.00 701.00
2 851.00 617.00 876.00 653.00
1 815.00 581.00 837.00 629.00
1 812.00 610.00 830.00 639.00
2 906.00 573.00 946.00 650.00
2 1087.00 603.00 1116.00 647.00
2 912.00 522.00 931.00 565.00
2 974.00 532.00 996.00 572.00
2 1010.00 475.00 1029.00 503.00
2 872.00 437.00 915.00 466.00
2 923.00 432.00 937.00 465.00
4 1068.00 86.00 1176.00 131.00
5 344.00 324.00 476.00 415.00
7 477.00 294.00 555.00 355.00
8 114.00 444.00 267.00 578.00
10 231.00 574.00 321.00 622.00
1 657.00 674.00 692.00 760.00
7 601.00 669.00 699.00 764.00
