1 0.00 298.00 47.00 349.00
4 69.00 146.00 232.00 215.00
2 299.00 361.00 324.00 401.00
1 514.00 348.00 534.00 394.00
2 485.00 378.00 515.00 409.00
2 485.00 449.00 508.00 491.00
2 506.00 508.00 531.00 554.00
2 512.00 583.00 539.00 624.00
4 591.00 444.00 784.00 535.00
4 721.00 735.00 916.00 765.00
4 1023.00 296.00 1199.00 385.00
5 395.00 134.00 515.00 226.00
5 510.00 66.00 647.00 143.00
1 572.00 0.00 586.00 36.00
1 469.00 0.00 486.00 23.00
1 521.00 0.00 538.00 35.00
4 468.00 25.00 603.00 89.00
4 386.00 0.00 459.00 79.00
2 1047.00 89.00 1065.00 128.00
8 1026.00 82.00 1109.00 137.00
5 260.00 308.00 342.00 460.00
