5 418.00 532.00 532.00 592.00
4 353.00 681.00 426.00 763.00
4 166.00 676.00 263.00 765.00
10 87.00 545.00 123.00 566.00
2 97.00 530.00 121.00 562.00
10 56.00 509.00 97.00 535.00
2 62.00 499.00 86.00 528.00
2 40.00 465.00 56.00 485.00
1 15.00 446.00 38.00 483.00
4 234.00 485.00 354.00 538.00
3 330.00 448.00 349.00 487.00
3 281.00 413.00 295.00 441.00
3 292.00 411.00 307.00 443.00
10 339.00 414.00 356.00 447.00
5 376.00 431.00 426.00 503.00
10 439.00 436.00 472.00 477.00
4 475.00 458.00 524.00 529.00
4 525.00 436.00 571.00 500.00
3 474.00 436.00 503.00 460.00
10 577.00 412.00 617.00 437.00
2 657.00 414.00 676.00 444.00
2 691.00 378.00 702.00 402.00
5 713.00 476.00 835.00 539.00
7 736.00 445.00 792.00 476.00
10 763.00 423.00 798.00 450.00
3 833.00 424.00 874.00 444.00
10 830.00 418.00 864.00 440.00
10 902.00 429.00 915.00 462.00
10 942.00 431.00 959.00 468.00
3 932.00 423.00 969.00 448.00
4 855.00 487.00 964.00 536.00
4 987.00 492.00 1102.00 541.00
1 1087.00 437.00 1106.00 469.00
2 1122.00 436.00 1139.00 457.00
2 1093.00 398.00 1110.00 418.00
3 1234.00 433.00 1272.00 458.00
10 1190.00 469.00 1208.00 504.00
4 1346.00 450.00 1359.00 485.00
2 1309.00 480.00 1320.00 502.00
2 1314.00 464.00 1334.00 499.00
6 1207.00 494.00 1349.00 549.00
3 1183.00 636.00 1234.00 664.00
1 1181.00 647.00 1203.00 689.00
2 1203.00 658.00 1226.00 683.00
4 1220.00 706.00 1331.00 764.00
4 1135.00 695.00 1244.00 763.00
4 940.00 713.00 1002.00 765.00
7 945.00 663.00 1043.00 708.00
5 818.00 621.00 913.00 714.00
4 1045.00 574.00 1176.00 634.00
