4 651.00 139.00 664.00 151.00
4 611.00 153.00 626.00 166.00
1 590.00 187.00 594.00 202.00
4 570.00 160.00 587.00 177.00
4 654.00 219.00 677.00 242.00
4 601.00 195.00 622.00 213.00
4 543.00 182.00 576.00 199.00
4 512.00 231.00 535.00 255.00
4 562.00 269.00 591.00 299.00
4 762.00 181.00 798.00 198.00
10 739.00 186.00 746.00 200.00
2 740.00 188.00 745.00 197.00
2 739.00 186.00 746.00 197.00
4 690.00 210.00 713.00 228.00
4 690.00 185.00 710.00 205.00
4 764.00 194.00 798.00 210.00
4 764.00 202.00 793.00 218.00
4 776.00 211.00 805.00 228.00
5 781.00 214.00 804.00 237.00
4 784.00 232.00 816.00 254.00
10 777.00 248.00 785.00 264.00
2 776.00 243.00 786.00 261.00
2 856.00 191.00 862.00 206.00
4 818.00 225.00 869.00 247.00
1 827.00 243.00 837.00 263.00
1 758.00 351.00 770.00 383.00
4 702.00 356.00 738.00 396.00
4 841.00 312.00 882.00 342.00
10 812.00 322.00 824.00 345.00
2 814.00 315.00 824.00 341.00
4 864.00 343.00 914.00 380.00
10 854.00 391.00 869.00 422.00
2 858.00 398.00 871.00 418.00
2 856.00 385.00 868.00 412.00
10 870.00 428.00 886.00 457.00
2 872.00 418.00 884.00 452.00
1 914.00 371.00 924.00 403.00
7 882.00 379.00 906.00 416.00
4 908.00 388.00 1018.00 431.00
1 1069.00 359.00 1078.00 398.00
1 1070.00 384.00 1077.00 404.00
2 1077.00 384.00 1088.00 407.00
2 1080.00 388.00 1092.00 409.00
2 1093.00 387.00 1106.00 412.00
1 1167.00 399.00 1197.00 441.00
4 1019.00 462.00 1126.00 518.00
1 1153.00 462.00 1171.00 503.00
2 1194.00 475.00 1220.00 506.00
2 1218.00 513.00 1246.00 546.00
2 1172.00 518.00 1195.00 551.00
2 1155.00 523.00 1184.00 557.00
5 997.00 523.00 1085.00 626.00
10 1217.00 680.00 1280.00 727.00
10 1164.00 621.00 1216.00 656.00
4 1090.00 681.00 1217.00 765.00
4 726.00 518.00 799.00 604.00
4 532.00 524.00 604.00 608.00
10 654.00 458.00 672.00 494.00
2 653.00 448.00 672.00 484.00
4 506.00 150.00 532.00 161.00
4 516.00 157.00 531.00 168.00
4 502.00 162.00 525.00 173.00
4 466.00 176.00 494.00 193.00
4 466.00 189.00 489.00 206.00
4 492.00 170.00 511.00 185.00
4 431.00 210.00 460.00 231.00
4 414.00 221.00 444.00 245.00
10 394.00 208.00 404.00 223.00
4 344.00 230.00 403.00 253.00
10 377.00 225.00 398.00 236.00
4 378.00 249.00 412.00 272.00
4 371.00 261.00 408.00 289.00
4 322.00 284.00 369.00 315.00
10 314.00 270.00 328.00 281.00
3 315.00 264.00 336.00 276.00
4 61.00 309.00 150.00 346.00
4 96.00 354.00 216.00 396.00
10 287.00 309.00 298.00 329.00
2 260.00 316.00 268.00 329.00
7 235.00 320.00 292.00 340.00
4 2.00 475.00 111.00 556.00
7 404.00 459.00 438.00 501.00
2 407.00 450.00 425.00 479.00
4 468.00 273.00 504.00 302.00
