4 1120.00 837.00 1219.00 932.00
4 1082.00 755.00 1159.00 827.00
4 1143.00 658.00 1222.00 717.00
4 1055.00 682.00 1129.00 743.00
4 1029.00 614.00 1097.00 664.00
4 991.00 567.00 1046.00 618.00
4 1036.00 520.00 1087.00 559.00
4 988.00 533.00 1033.00 565.00
4 900.00 529.00 941.00 569.00
4 760.00 560.00 806.00 611.00
4 802.00 486.00 843.00 522.00
4 765.00 418.00 796.00 449.00
4 881.00 479.00 918.00 517.00
4 986.00 447.00 1020.00 479.00
4 965.00 417.00 997.00 441.00
9 950.00 369.00 997.00 426.00
4 0.00 269.00 53.00 286.00
4 72.00 266.00 134.00 286.00
4 387.00 264.00 438.00 279.00
4 371.00 269.00 420.00 286.00
4 82.00 378.00 149.00 397.00
4 127.00 369.00 188.00 388.00
4 239.00 364.00 298.00 383.00
5 509.00 355.00 556.00 380.00
4 557.00 362.00 609.00 381.00
4 871.00 440.00 900.00 464.00
4 869.00 423.00 897.00 439.00
4 863.00 407.00 890.00 429.00
4 859.00 395.00 885.00 414.00
4 954.00 491.00 1000.00 530.00
4 946.00 474.00 987.00 503.00
4 937.00 453.00 968.00 480.00
4 933.00 437.00 963.00 459.00
4 924.00 425.00 953.00 448.00
4 917.00 410.00 946.00 432.00
4 910.00 392.00 936.00 413.00
4 854.00 308.00 872.00 321.00
4 896.00 308.00 932.00 320.00
4 934.00 308.00 973.00 322.00
5 803.00 313.00 823.00 330.00
5 754.00 252.00 797.00 274.00
4 755.00 262.00 802.00 278.00
4 677.00 259.00 718.00 279.00
4 852.00 264.00 898.00 278.00
4 940.00 257.00 985.00 274.00
4 773.00 241.00 780.00 247.00
4 782.00 234.00 790.00 241.00
4 840.00 235.00 847.00 239.00
4 1300.00 260.00 1337.00 272.00
4 1446.00 260.00 1493.00 277.00
4 611.00 352.00 652.00 371.00
10 772.00 385.00 787.00 397.00
1 773.00 377.00 784.00 394.00
1 685.00 555.00 694.00 591.00
1 695.00 550.00 707.00 588.00
1 706.00 555.00 725.00 588.00
10 709.00 566.00 722.00 595.00
3 923.00 785.00 944.00 833.00
1 923.00 770.00 949.00 821.00
10 1024.00 705.00 1059.00 745.00
1 1026.00 694.00 1057.00 741.00
