4 514.00 393.00 578.00 417.00
4 610.00 429.00 675.00 461.00
4 595.00 391.00 641.00 420.00
4 707.00 666.00 759.00 729.00
10 473.00 408.00 494.00 422.00
2 478.00 401.00 489.00 419.00
4 424.00 391.00 488.00 412.00
4 493.00 385.00 531.00 403.00
4 1027.00 339.00 1048.00 357.00
10 744.00 1036.00 773.00 1080.00
2 747.00 1017.00 772.00 1068.00
5 1149.00 1046.00 1233.00 1080.00
10 1126.00 1014.00 1175.00 1062.00
1 1119.00 995.00 1140.00 1059.00
1 1129.00 978.00 1149.00 1040.00
2 1149.00 975.00 1174.00 1009.00
1 1067.00 986.00 1087.00 1045.00
3 1078.00 983.00 1095.00 1046.00
1 1292.00 898.00 1313.00 951.00
10 1078.00 891.00 1122.00 934.00
3 1119.00 918.00 1180.00 957.00
10 1123.00 894.00 1187.00 937.00
10 1120.00 885.00 1179.00 925.00
2 1183.00 846.00 1203.00 880.00
2 1194.00 882.00 1216.00 914.00
2 1225.00 862.00 1248.00 893.00
10 1082.00 727.00 1105.00 773.00
1 1095.00 735.00 1115.00 780.00
1 1080.00 743.00 1098.00 793.00
1 1377.00 840.00 1392.00 883.00
1 1287.00 675.00 1298.00 722.00
10 1069.00 706.00 1106.00 732.00
10 1066.00 678.00 1106.00 719.00
4 919.00 672.00 967.00 724.00
4 940.00 604.00 987.00 654.00
10 1182.00 548.00 1196.00 577.00
8 1045.00 562.00 1069.00 612.00
10 1035.00 632.00 1050.00 662.00
2 1035.00 624.00 1050.00 658.00
1 1030.00 607.00 1047.00 644.00
10 1140.00 515.00 1177.00 542.00
4 1139.00 362.00 1163.00 382.00
4 1104.00 361.00 1128.00 381.00
4 905.00 481.00 938.00 513.00
8 807.00 756.00 832.00 801.00
2 811.00 757.00 827.00 782.00
2 811.00 749.00 828.00 788.00
2 809.00 743.00 830.00 790.00
1 788.00 500.00 797.00 530.00
7 774.00 540.00 796.00 576.00
1 770.00 397.00 778.00 417.00
10 808.00 563.00 823.00 590.00
2 809.00 556.00 822.00 582.00
10 956.00 547.00 967.00 570.00
2 956.00 540.00 967.00 564.00
7 809.00 434.00 823.00 452.00
2 812.00 427.00 820.00 447.00
10 826.00 540.00 840.00 564.00
2 828.00 532.00 838.00 556.00
10 800.00 664.00 814.00 698.00
2 800.00 653.00 816.00 686.00
10 821.00 664.00 841.00 700.00
2 823.00 655.00 836.00 690.00
2 825.00 664.00 835.00 689.00
