4 424.00 409.00 581.00 577.00
4 298.00 353.00 385.00 463.00
4 399.00 262.00 507.00 343.00
4 337.00 186.00 408.00 249.00
4 536.00 171.00 638.00 239.00
4 851.00 204.00 964.00 255.00
4 105.00 192.00 188.00 256.00
5 70.00 144.00 139.00 195.00
4 253.00 111.00 311.00 154.00
4 93.00 683.00 303.00 765.00
3 23.00 563.00 115.00 669.00
1 21.00 545.00 76.00 641.00
3 168.00 469.00 210.00 550.00
3 92.00 422.00 184.00 484.00
2 105.00 406.00 145.00 488.00
2 159.00 448.00 195.00 522.00
5 0.00 321.00 92.00 407.00
7 8.00 300.00 141.00 369.00
10 69.00 253.00 126.00 301.00
2 44.00 231.00 70.00 269.00
1 548.00 286.00 571.00 346.00
1 579.00 295.00 612.00 355.00
1 668.00 297.00 694.00 357.00
1 643.00 290.00 661.00 349.00
1 573.00 272.00 593.00 326.00
1 634.00 282.00 661.00 341.00
1 581.00 285.00 608.00 343.00
1 588.00 275.00 611.00 340.00
1 773.00 235.00 791.00 285.00
1 798.00 238.00 813.00 287.00
1 836.00 261.00 862.00 315.00
1 821.00 230.00 845.00 285.00
1 1118.00 211.00 1142.00 264.00
1 1165.00 223.00 1189.00 277.00
2 1267.00 173.00 1287.00 210.00
3 1263.00 186.00 1287.00 215.00
7 1200.00 146.00 1262.00 188.00
7 1109.00 138.00 1173.00 180.00
4 1160.00 111.00 1247.00 151.00
4 1073.00 122.00 1163.00 158.00
6 1015.00 122.00 1079.00 173.00
4 961.00 134.00 1024.00 178.00
4 901.00 121.00 963.00 157.00
4 847.00 115.00 902.00 154.00
1 1295.00 100.00 1305.00 128.00
1 1309.00 102.00 1325.00 134.00
4 1323.00 106.00 1360.00 143.00
2 1055.00 78.00 1067.00 100.00
1 1173.00 79.00 1186.00 111.00
1 1189.00 82.00 1204.00 109.00
1 1180.00 82.00 1187.00 109.00
1 1230.00 53.00 1241.00 80.00
3 1238.00 78.00 1251.00 97.00
7 1255.00 76.00 1271.00 96.00
4 734.00 107.00 813.00 146.00
4 672.00 92.00 742.00 125.00
7 813.00 87.00 854.00 114.00
3 854.00 95.00 880.00 117.00
4 549.00 112.00 628.00 148.00
1 586.00 99.00 595.00 122.00
1 664.00 61.00 675.00 87.00
1 695.00 81.00 708.00 106.00
5 513.00 52.00 561.00 86.00
3 421.00 72.00 435.00 90.00
2 421.00 62.00 433.00 85.00
4 23.00 130.00 87.00 176.00
4 10.00 111.00 62.00 151.00
4 0.00 88.00 29.00 122.00
4 0.00 50.00 23.00 82.00
3 29.00 65.00 41.00 85.00
2 28.00 59.00 42.00 82.00
4 269.00 45.00 310.00 68.00
