4 1067.00 569.00 1156.00 633.00
10 1073.00 496.00 1103.00 520.00
2 1076.00 488.00 1096.00 517.00
1 1051.00 469.00 1068.00 497.00
1 1063.00 466.00 1075.00 496.00
1 1071.00 461.00 1087.00 491.00
1 1078.00 458.00 1089.00 487.00
1 1115.00 465.00 1127.00 499.00
1 1091.00 456.00 1105.00 485.00
1 1065.00 455.00 1074.00 481.00
2 1059.00 456.00 1067.00 469.00
1 1034.00 465.00 1046.00 494.00
1 1030.00 466.00 1038.00 488.00
1 1041.00 452.00 1056.00 481.00
1 1010.00 459.00 1023.00 489.00
1 1017.00 441.00 1030.00 471.00
1 1028.00 447.00 1037.00 467.00
1 1002.00 441.00 1015.00 468.00
1 981.00 426.00 993.00 457.00
1 964.00 414.00 980.00 447.00
1 1019.00 423.00 1031.00 447.00
1 982.00 395.00 992.00 419.00
1 975.00 389.00 987.00 415.00
1 963.00 385.00 976.00 410.00
1 953.00 382.00 968.00 410.00
1 947.00 395.00 955.00 412.00
1 939.00 387.00 950.00 413.00
1 935.00 374.00 945.00 393.00
1 926.00 365.00 938.00 391.00
4 523.00 722.00 574.00 765.00
5 542.00 583.00 591.00 670.00
7 521.00 504.00 574.00 547.00
1 697.00 515.00 711.00 538.00
1 704.00 509.00 721.00 540.00
4 407.00 485.00 440.00 521.00
4 413.00 463.00 442.00 487.00
1 461.00 465.00 475.00 498.00
7 489.00 481.00 557.00 511.00
7 497.00 462.00 564.00 497.00
4 436.00 384.00 522.00 420.00
1 579.00 394.00 590.00 426.00
4 669.00 400.00 713.00 445.00
1 773.00 405.00 786.00 436.00
10 783.00 415.00 798.00 442.00
4 792.00 383.00 826.00 422.00
10 760.00 394.00 776.00 419.00
10 745.00 396.00 759.00 418.00
2 746.00 397.00 759.00 414.00
2 747.00 390.00 760.00 411.00
4 722.00 362.00 768.00 399.00
3 734.00 348.00 762.00 367.00
10 716.00 338.00 726.00 359.00
10 701.00 333.00 716.00 354.00
4 699.00 299.00 732.00 335.00
4 636.00 314.00 670.00 345.00
3 578.00 339.00 588.00 360.00
2 578.00 334.00 589.00 350.00
4 529.00 354.00 562.00 394.00
1 459.00 342.00 469.00 366.00
5 453.00 304.00 497.00 347.00
4 531.00 313.00 568.00 347.00
1 410.00 380.00 421.00 409.00
4 579.00 286.00 611.00 318.00
4 704.00 256.00 735.00 288.00
4 724.00 271.00 760.00 303.00
8 618.00 227.00 637.00 250.00
10 567.00 265.00 578.00 281.00
2 568.00 259.00 576.00 275.00
4 679.00 225.00 714.00 252.00
4 639.00 184.00 675.00 202.00
4 499.00 201.00 522.00 225.00
4 541.00 193.00 563.00 215.00
4 610.00 175.00 634.00 196.00
4 599.00 162.00 619.00 179.00
4 588.00 151.00 609.00 170.00
1 512.00 162.00 519.00 178.00
5 581.00 127.00 597.00 146.00
4 440.00 181.00 490.00 199.00
6 408.00 198.00 476.00 232.00
6 484.00 154.00 505.00 184.00
5 490.00 146.00 509.00 169.00
4 475.00 127.00 498.00 145.00
4 475.00 119.00 499.00 136.00
4 473.00 113.00 495.00 128.00
4 412.00 115.00 446.00 129.00
5 452.00 101.00 483.00 117.00
1 570.00 123.00 576.00 136.00
1 504.00 116.00 511.00 128.00
4 535.00 103.00 550.00 116.00
4 567.00 109.00 588.00 124.00
4 581.00 115.00 605.00 127.00
4 556.00 106.00 572.00 119.00
10 549.00 102.00 559.00 110.00
2 551.00 99.00 558.00 107.00
5 548.00 90.00 561.00 104.00
5 558.00 87.00 579.00 103.00
4 496.00 88.00 509.00 101.00
4 511.00 79.00 525.00 91.00
4 436.00 99.00 466.00 111.00
4 466.00 92.00 480.00 103.00
4 416.00 87.00 446.00 100.00
4 449.00 82.00 475.00 95.00
4 395.00 85.00 424.00 97.00
4 416.00 82.00 447.00 94.00
4 403.00 78.00 434.00 88.00
4 475.00 79.00 492.00 91.00
4 459.00 73.00 474.00 85.00
6 418.00 71.00 449.00 86.00
4 422.00 67.00 450.00 79.00
4 415.00 61.00 441.00 73.00
4 506.00 73.00 518.00 84.00
5 539.00 79.00 559.00 93.00
4 530.00 75.00 549.00 86.00
4 526.00 70.00 547.00 80.00
4 502.00 65.00 515.00 75.00
5 455.00 66.00 471.00 79.00
5 395.00 50.00 418.00 64.00
4 520.00 61.00 535.00 72.00
6 419.00 45.00 445.00 60.00
4 476.00 53.00 488.00 63.00
4 460.00 45.00 471.00 54.00
7 494.00 54.00 503.00 64.00
4 503.00 48.00 515.00 58.00
4 472.00 42.00 484.00 51.00
4 485.00 42.00 496.00 52.00
4 476.00 33.00 487.00 42.00
4 406.00 35.00 430.00 45.00
5 593.00 37.00 607.00 50.00
4 19.00 148.00 51.00 169.00
4 69.00 143.00 94.00 160.00
4 53.00 131.00 81.00 149.00
4 80.00 116.00 105.00 133.00
4 103.00 107.00 126.00 122.00
4 78.00 162.00 126.00 182.00
4 92.00 157.00 135.00 173.00
4 96.00 151.00 141.00 167.00
4 115.00 144.00 155.00 163.00
4 129.00 124.00 156.00 139.00
10 291.00 663.00 335.00 696.00
7 221.00 647.00 284.00 691.00
7 160.00 638.00 223.00 698.00
