4 170.00 549.00 293.00 687.00
4 9.00 450.00 130.00 555.00
5 0.00 529.00 52.00 676.00
1 148.00 423.00 172.00 472.00
7 120.00 390.00 186.00 450.00
2 159.00 281.00 179.00 314.00
2 180.00 284.00 195.00 303.00
7 145.00 286.00 221.00 320.00
2 126.00 263.00 141.00 285.00
6 92.00 243.00 187.00 295.00
6 3.00 345.00 96.00 425.00
1 251.00 243.00 266.00 275.00
2 263.00 253.00 270.00 268.00
10 181.00 188.00 204.00 211.00
10 190.00 186.00 211.00 209.00
10 195.00 180.00 220.00 207.00
4 283.00 202.00 339.00 242.00
5 319.00 172.00 354.00 207.00
4 335.00 153.00 374.00 183.00
4 378.00 114.00 412.00 140.00
4 438.00 144.00 472.00 175.00
2 500.00 146.00 509.00 167.00
10 499.00 154.00 509.00 173.00
4 468.00 104.00 497.00 128.00
4 397.00 96.00 426.00 120.00
4 406.00 83.00 432.00 105.00
5 420.00 69.00 453.00 93.00
4 428.00 62.00 450.00 80.00
5 436.00 48.00 459.00 70.00
5 448.00 39.00 468.00 58.00
4 411.00 29.00 453.00 48.00
2 475.00 41.00 483.00 54.00
7 476.00 45.00 486.00 59.00
5 460.00 26.00 479.00 45.00
4 467.00 25.00 484.00 39.00
4 471.00 18.00 487.00 33.00
5 465.00 7.00 495.00 21.00
2 499.00 23.00 505.00 35.00
10 498.00 26.00 504.00 36.00
1 500.00 6.00 503.00 19.00
1 503.00 7.00 507.00 18.00
5 471.00 1.00 502.00 14.00
5 633.00 5.00 648.00 22.00
4 643.00 31.00 659.00 41.00
5 642.00 36.00 660.00 51.00
2 632.00 103.00 641.00 122.00
2 634.00 106.00 640.00 119.00
2 644.00 100.00 651.00 119.00
10 632.00 110.00 639.00 125.00
3 644.00 106.00 651.00 122.00
4 663.00 100.00 688.00 121.00
5 686.00 172.00 719.00 206.00
1 657.00 233.00 672.00 264.00
6 663.00 214.00 704.00 263.00
4 702.00 197.00 770.00 236.00
5 706.00 229.00 751.00 273.00
5 720.00 269.00 765.00 314.00
6 737.00 303.00 774.00 362.00
5 605.00 364.00 664.00 433.00
5 753.00 379.00 816.00 445.00
5 775.00 456.00 847.00 536.00
4 799.00 552.00 899.00 679.00
2 887.00 212.00 906.00 238.00
1 856.00 173.00 863.00 201.00
1 813.00 122.00 819.00 148.00
2 821.00 154.00 831.00 172.00
2 828.00 162.00 839.00 178.00
2 829.00 155.00 840.00 175.00
10 819.00 183.00 828.00 202.00
1 36.00 177.00 52.00 213.00
1 63.00 176.00 80.00 208.00
