4 200.00 371.00 242.00 395.00
4 289.00 291.00 324.00 315.00
4 402.00 633.00 443.00 665.00
4 238.00 255.00 257.00 277.00
4 186.00 322.00 219.00 343.00
4 323.00 223.00 356.00 239.00
4 393.00 221.00 426.00 241.00
4 440.00 312.00 470.00 333.00
4 421.00 276.00 455.00 294.00
4 282.00 270.00 314.00 291.00
4 345.00 325.00 379.00 345.00
4 340.00 306.00 375.00 327.00
4 337.00 272.00 369.00 287.00
4 413.00 259.00 446.00 282.00
4 329.00 247.00 366.00 263.00
4 334.00 258.00 368.00 274.00
4 203.00 389.00 242.00 414.00
4 639.00 240.00 660.00 267.00
4 615.00 204.00 636.00 229.00
4 591.00 163.00 611.00 188.00
4 701.00 355.00 727.00 385.00
4 728.00 392.00 751.00 423.00
4 746.00 427.00 773.00 458.00
4 772.00 464.00 799.00 498.00
4 796.00 504.00 823.00 543.00
4 835.00 524.00 865.00 560.00
4 810.00 483.00 841.00 522.00
4 854.00 602.00 886.00 643.00
4 823.00 556.00 855.00 594.00
4 913.00 651.00 945.00 693.00
4 945.00 698.00 980.00 741.00
4 908.00 706.00 942.00 749.00
4 888.00 604.00 922.00 647.00
4 861.00 557.00 891.00 603.00
4 784.00 438.00 812.00 473.00
4 707.00 317.00 733.00 346.00
4 930.00 220.00 958.00 245.00
4 571.00 122.00 592.00 145.00
4 527.00 71.00 545.00 93.00
4 549.00 53.00 566.00 76.00
5 701.00 140.00 720.00 164.00
5 751.00 390.00 778.00 425.00
5 727.00 351.00 751.00 380.00
5 872.00 645.00 908.00 693.00
4 690.00 283.00 711.00 309.00
4 669.00 253.00 692.00 280.00
4 656.00 226.00 676.00 252.00
1 536.00 32.00 543.00 44.00
4 516.00 42.00 534.00 64.00
4 532.00 42.00 549.00 62.00
4 496.00 36.00 513.00 53.00
5 501.00 18.00 519.00 41.00
5 486.00 0.00 507.00 17.00
4 1145.00 564.00 1184.00 617.00
5 275.00 652.00 340.00 687.00
5 251.00 528.00 292.00 555.00
4 360.00 489.00 400.00 516.00
4 375.00 539.00 416.00 566.00
4 382.00 560.00 420.00 585.00
1 415.00 684.00 427.00 700.00
1 417.00 379.00 423.00 392.00
1 412.00 377.00 418.00 389.00
1 403.00 395.00 409.00 403.00
1 410.00 390.00 418.00 402.00
1 492.00 609.00 499.00 621.00
1 475.00 610.00 482.00 622.00
1 484.00 606.00 489.00 618.00
1 545.00 551.00 553.00 569.00
1 555.00 549.00 561.00 565.00
1 517.00 478.00 522.00 491.00
1 310.00 327.00 319.00 340.00
1 489.00 747.00 496.00 754.00
1 496.00 747.00 501.00 755.00
6 612.00 687.00 645.00 750.00
5 485.00 675.00 526.00 704.00
4 273.00 594.00 317.00 620.00
4 283.00 614.00 327.00 639.00
4 422.00 673.00 465.00 700.00
4 427.00 694.00 474.00 723.00
4 265.00 568.00 311.00 594.00
4 419.00 525.00 457.00 550.00
4 384.00 420.00 425.00 448.00
4 261.00 548.00 305.00 574.00
4 394.00 459.00 432.00 481.00
4 400.00 473.00 434.00 498.00
4 405.00 489.00 441.00 513.00
4 413.00 507.00 449.00 529.00
4 281.00 640.00 324.00 666.00
4 306.00 703.00 353.00 734.00
5 304.00 674.00 354.00 706.00
4 432.00 561.00 472.00 584.00
4 442.00 577.00 481.00 604.00
4 441.00 597.00 481.00 622.00
4 454.00 616.00 496.00 643.00
4 457.00 639.00 499.00 666.00
4 471.00 656.00 512.00 685.00
4 438.00 714.00 484.00 748.00
4 442.00 735.00 491.00 763.00
4 336.00 754.00 373.00 765.00
4 460.00 754.00 497.00 765.00
5 491.00 714.00 532.00 742.00
4 504.00 741.00 548.00 765.00
4 367.00 371.00 402.00 392.00
4 379.00 384.00 414.00 405.00
5 383.00 404.00 419.00 424.00
4 471.00 392.00 504.00 415.00
4 471.00 378.00 504.00 396.00
4 472.00 411.00 505.00 431.00
4 489.00 426.00 526.00 448.00
4 496.00 444.00 535.00 466.00
4 506.00 462.00 542.00 486.00
4 512.00 480.00 549.00 504.00
4 519.00 497.00 556.00 521.00
4 524.00 516.00 567.00 541.00
4 528.00 539.00 567.00 564.00
4 547.00 557.00 584.00 582.00
4 553.00 573.00 594.00 599.00
4 559.00 593.00 598.00 622.00
4 569.00 616.00 608.00 645.00
4 578.00 636.00 614.00 674.00
4 585.00 655.00 624.00 691.00
4 608.00 675.00 638.00 713.00
5 360.00 156.00 384.00 182.00
5 234.00 475.00 288.00 503.00
