7 522.00 450.00 571.00 523.00
4 335.00 313.00 382.00 370.00
4 427.00 209.00 453.00 232.00
4 423.00 168.00 441.00 184.00
4 425.00 145.00 439.00 160.00
4 376.00 128.00 389.00 139.00
4 381.00 110.00 390.00 119.00
10 179.00 402.00 195.00 432.00
10 247.00 336.00 264.00 360.00
10 251.00 295.00 264.00 318.00
10 283.00 241.00 295.00 257.00
10 485.00 334.00 500.00 355.00
10 546.00 353.00 559.00 376.00
10 562.00 353.00 576.00 375.00
10 572.00 433.00 593.00 472.00
10 601.00 429.00 624.00 470.00
10 663.00 415.00 690.00 456.00
10 635.00 408.00 658.00 450.00
10 528.00 275.00 540.00 293.00
10 525.00 244.00 536.00 264.00
2 253.00 285.00 263.00 311.00
2 249.00 320.00 266.00 353.00
2 178.00 388.00 196.00 422.00
2 573.00 425.00 593.00 460.00
2 610.00 437.00 624.00 464.00
2 603.00 419.00 624.00 455.00
2 665.00 409.00 690.00 448.00
2 636.00 402.00 659.00 444.00
2 485.00 318.00 501.00 344.00
2 545.00 339.00 561.00 365.00
2 562.00 339.00 576.00 363.00
8 424.00 249.00 445.00 287.00
4 647.00 323.00 718.00 391.00
4 549.00 222.00 586.00 255.00
4 530.00 201.00 558.00 224.00
4 118.00 314.00 181.00 356.00
4 149.00 278.00 196.00 314.00
4 238.00 203.00 268.00 229.00
4 257.00 190.00 287.00 210.00
4 273.00 178.00 297.00 198.00
4 288.00 163.00 308.00 179.00
8 72.00 197.00 94.00 220.00
10 890.00 416.00 922.00 449.00
2 889.00 450.00 916.00 485.00
1 924.00 448.00 940.00 487.00
2 907.00 439.00 925.00 472.00
10 710.00 415.00 771.00 454.00
10 737.00 435.00 810.00 490.00
10 289.00 218.00 301.00 234.00
10 342.00 195.00 350.00 208.00
10 327.00 191.00 334.00 202.00
10 335.00 161.00 341.00 170.00
10 343.00 163.00 349.00 173.00
8 347.00 138.00 357.00 152.00
10 491.00 212.00 497.00 223.00
10 476.00 182.00 482.00 191.00
10 458.00 174.00 463.00 183.00
10 408.00 170.00 413.00 179.00
10 450.00 146.00 456.00 153.00
8 429.00 117.00 435.00 128.00
10 459.00 154.00 465.00 162.00
10 503.00 156.00 510.00 165.00
2 292.00 213.00 299.00 226.00
2 342.00 189.00 350.00 199.00
2 328.00 185.00 334.00 197.00
2 336.00 156.00 342.00 164.00
2 343.00 159.00 349.00 168.00
2 407.00 164.00 413.00 174.00
2 450.00 142.00 455.00 148.00
2 457.00 168.00 463.00 178.00
2 459.00 150.00 464.00 158.00
2 476.00 175.00 482.00 186.00
2 490.00 205.00 498.00 215.00
