10 463.00 498.00 486.00 539.00
10 377.00 510.00 403.00 540.00
10 311.00 483.00 336.00 538.00
10 306.00 457.00 354.00 484.00
10 306.00 434.00 361.00 467.00
10 262.00 432.00 302.00 458.00
10 85.00 350.00 122.00 373.00
8 149.00 361.00 227.00 401.00
10 204.00 350.00 237.00 385.00
10 226.00 336.00 264.00 361.00
1 241.00 341.00 249.00 361.00
10 416.00 320.00 430.00 344.00
10 490.00 267.00 503.00 290.00
10 519.00 262.00 529.00 283.00
10 504.00 208.00 513.00 221.00
10 477.00 138.00 481.00 143.00
10 489.00 141.00 493.00 147.00
10 510.00 138.00 514.00 143.00
10 524.00 137.00 528.00 142.00
8 488.00 120.00 504.00 129.00
8 465.00 201.00 479.00 231.00
8 448.00 241.00 466.00 265.00
7 386.00 276.00 401.00 295.00
10 471.00 185.00 478.00 195.00
10 522.00 224.00 538.00 242.00
5 597.00 371.00 663.00 452.00
5 560.00 265.00 646.00 306.00
4 482.00 183.00 504.00 201.00
5 784.00 414.00 926.00 484.00
4 726.00 365.00 893.00 435.00
8 0.00 426.00 48.00 478.00
6 448.00 121.00 474.00 136.00
2 478.00 135.00 480.00 141.00
2 490.00 138.00 492.00 145.00
2 511.00 135.00 514.00 142.00
1 517.00 136.00 521.00 147.00
2 524.00 134.00 527.00 141.00
2 463.00 472.00 485.00 518.00
2 379.00 487.00 403.00 535.00
1 276.00 440.00 292.00 489.00
1 323.00 427.00 340.00 471.00
1 240.00 448.00 257.00 496.00
1 269.00 419.00 291.00 462.00
2 19.00 385.00 54.00 413.00
1 345.00 236.00 349.00 251.00
1 349.00 227.00 357.00 250.00
1 367.00 225.00 374.00 247.00
1 373.00 216.00 379.00 238.00
1 378.00 215.00 384.00 240.00
2 388.00 268.00 400.00 294.00
2 350.00 274.00 366.00 293.00
2 491.00 263.00 503.00 287.00
2 520.00 256.00 529.00 278.00
2 505.00 202.00 512.00 220.00
2 415.00 310.00 429.00 337.00
2 450.00 241.00 462.00 260.00
2 459.00 238.00 465.00 255.00
2 451.00 237.00 459.00 255.00
3 314.00 228.00 331.00 241.00
8 319.00 209.00 337.00 228.00
1 533.00 223.00 539.00 245.00
1 541.00 222.00 548.00 245.00
10 251.00 325.00 281.00 351.00
4 684.00 287.00 793.00 334.00
