4 601.00 516.00 703.00 627.00
4 538.00 217.00 578.00 249.00
4 618.00 269.00 674.00 311.00
4 508.00 256.00 557.00 300.00
4 448.00 272.00 496.00 318.00
4 354.00 116.00 382.00 143.00
5 240.00 19.00 257.00 46.00
4 414.00 99.00 441.00 120.00
4 338.00 32.00 370.00 47.00
4 383.00 36.00 401.00 49.00
4 348.00 6.00 364.00 19.00
4 463.00 133.00 501.00 160.00
4 450.00 204.00 495.00 245.00
4 317.00 4.00 333.00 15.00
1 316.00 490.00 338.00 532.00
1 282.00 188.00 295.00 217.00
3 273.00 218.00 286.00 243.00
1 276.00 202.00 288.00 233.00
1 285.00 541.00 307.00 594.00
1 317.00 546.00 338.00 600.00
1 2.00 570.00 26.00 625.00
1 60.00 518.00 92.00 564.00
10 55.00 524.00 93.00 580.00
3 201.00 602.00 236.00 648.00
3 107.00 319.00 134.00 352.00
1 278.00 169.00 289.00 191.00
1 436.00 26.00 444.00 40.00
1 269.00 174.00 281.00 205.00
4 1257.00 150.00 1311.00 178.00
4 1227.00 145.00 1276.00 170.00
4 1252.00 133.00 1305.00 159.00
4 1227.00 128.00 1267.00 146.00
4 1216.00 123.00 1259.00 140.00
4 1208.00 142.00 1251.00 162.00
5 1132.00 116.00 1177.00 140.00
5 1114.00 112.00 1156.00 135.00
4 1165.00 112.00 1209.00 135.00
5 1137.00 99.00 1176.00 121.00
5 1110.00 94.00 1157.00 119.00
4 1092.00 112.00 1133.00 132.00
4 1091.00 97.00 1124.00 114.00
4 1068.00 103.00 1110.00 126.00
4 1047.00 99.00 1085.00 121.00
4 1030.00 96.00 1071.00 116.00
4 1076.00 92.00 1114.00 107.00
4 1060.00 89.00 1096.00 105.00
4 1041.00 83.00 1083.00 102.00
10 1252.00 98.00 1269.00 112.00
7 1209.00 86.00 1232.00 104.00
7 1190.00 91.00 1214.00 106.00
4 1173.00 86.00 1213.00 103.00
4 1143.00 75.00 1177.00 93.00
4 1120.00 70.00 1157.00 88.00
5 1106.00 63.00 1141.00 82.00
4 1085.00 63.00 1120.00 80.00
4 1068.00 60.00 1102.00 77.00
5 1054.00 51.00 1090.00 71.00
4 1019.00 48.00 1055.00 65.00
5 1006.00 44.00 1040.00 62.00
5 966.00 38.00 997.00 54.00
4 1006.00 89.00 1047.00 108.00
4 1024.00 78.00 1061.00 95.00
5 1010.00 72.00 1048.00 91.00
5 994.00 67.00 1027.00 88.00
5 949.00 57.00 980.00 76.00
4 940.00 35.00 971.00 47.00
4 926.00 28.00 954.00 42.00
4 916.00 28.00 948.00 41.00
4 920.00 52.00 955.00 69.00
4 896.00 47.00 926.00 64.00
4 870.00 42.00 898.00 56.00
5 767.00 11.00 794.00 26.00
4 786.00 31.00 811.00 45.00
4 781.00 0.00 807.00 12.00
4 804.00 3.00 825.00 13.00
4 576.00 3.00 609.00 15.00
4 602.00 5.00 630.00 16.00
4 691.00 0.00 715.00 10.00
4 848.00 38.00 874.00 51.00
4 802.00 35.00 833.00 49.00
3 352.00 658.00 409.00 699.00
4 612.00 214.00 665.00 250.00
5 488.00 321.00 558.00 411.00
6 562.00 324.00 643.00 398.00
5 486.00 79.00 511.00 102.00
2 352.00 503.00 364.00 519.00
