10 44.00 710.00 96.00 743.00
10 62.00 699.00 105.00 729.00
3 85.00 644.00 116.00 679.00
4 139.00 557.00 242.00 598.00
1 334.00 425.00 345.00 453.00
1 347.00 426.00 357.00 452.00
4 376.00 398.00 413.00 433.00
2 837.00 719.00 857.00 752.00
10 836.00 731.00 855.00 764.00
4 673.00 530.00 717.00 582.00
4 564.00 463.00 601.00 509.00
4 644.00 411.00 674.00 443.00
4 662.00 355.00 685.00 381.00
4 584.00 346.00 608.00 369.00
4 593.00 310.00 609.00 328.00
2 468.00 532.00 483.00 550.00
10 469.00 542.00 483.00 571.00
2 487.00 488.00 501.00 502.00
10 486.00 494.00 498.00 521.00
4 942.00 294.00 963.00 309.00
4 919.00 294.00 941.00 310.00
4 917.00 327.00 942.00 346.00
4 892.00 294.00 914.00 309.00
4 870.00 294.00 892.00 308.00
4 849.00 293.00 866.00 306.00
4 882.00 324.00 908.00 345.00
4 889.00 316.00 918.00 332.00
1 790.00 353.00 797.00 370.00
1 784.00 346.00 791.00 364.00
1 760.00 310.00 766.00 325.00
1 767.00 310.00 772.00 326.00
2 1017.00 419.00 1027.00 435.00
9 705.00 266.00 727.00 295.00
1 712.00 256.00 717.00 266.00
4 698.00 258.00 710.00 268.00
4 690.00 248.00 699.00 258.00
2 543.00 326.00 548.00 335.00
10 542.00 332.00 547.00 344.00
1 512.00 252.00 518.00 263.00
1 517.00 249.00 521.00 263.00
1 530.00 249.00 532.00 258.00
6 528.00 241.00 541.00 252.00
2 669.00 278.00 674.00 285.00
10 668.00 281.00 674.00 290.00
5 642.00 267.00 656.00 284.00
4 590.00 275.00 603.00 288.00
4 593.00 257.00 604.00 269.00
4 562.00 253.00 575.00 265.00
4 619.00 245.00 631.00 256.00
8 574.00 237.00 581.00 249.00
4 618.00 232.00 627.00 241.00
4 632.00 234.00 639.00 240.00
4 641.00 226.00 648.00 233.00
4 631.00 231.00 640.00 236.00
4 631.00 228.00 638.00 234.00
4 631.00 226.00 637.00 231.00
4 615.00 225.00 622.00 233.00
4 630.00 221.00 647.00 228.00
4 567.00 221.00 587.00 230.00
1 594.00 223.00 598.00 231.00
1 602.00 222.00 605.00 230.00
2 623.00 224.00 628.00 230.00
10 623.00 228.00 627.00 232.00
4 586.00 216.00 594.00 224.00
4 597.00 216.00 604.00 222.00
4 597.00 212.00 604.00 219.00
4 585.00 211.00 592.00 218.00
4 600.00 209.00 607.00 215.00
4 589.00 208.00 596.00 215.00
4 620.00 202.00 625.00 206.00
4 599.00 202.00 605.00 208.00
4 601.00 197.00 607.00 203.00
4 597.00 196.00 601.00 201.00
4 601.00 192.00 605.00 197.00
4 610.00 189.00 616.00 194.00
4 614.00 186.00 617.00 190.00
4 617.00 184.00 622.00 189.00
4 602.00 185.00 607.00 190.00
