4 48.00 189.00 154.00 238.00
4 215.00 242.00 314.00 289.00
4 332.00 262.00 434.00 313.00
4 940.00 131.00 979.00 167.00
4 1001.00 131.00 1037.00 176.00
4 1066.00 158.00 1098.00 189.00
4 1132.00 114.00 1184.00 146.00
4 1065.00 73.00 1094.00 102.00
4 1007.00 45.00 1029.00 71.00
4 705.00 198.00 759.00 255.00
4 736.00 167.00 778.00 220.00
4 219.00 474.00 379.00 549.00
4 800.00 99.00 829.00 126.00
4 853.00 45.00 875.00 67.00
4 825.00 62.00 861.00 85.00
4 784.00 120.00 814.00 153.00
4 578.00 213.00 622.00 264.00
5 161.00 556.00 328.00 664.00
5 4.00 614.00 98.00 723.00
5 239.00 687.00 379.00 765.00
3 916.00 255.00 925.00 277.00
3 862.00 620.00 883.00 664.00
10 1234.00 424.00 1251.00 462.00
10 278.00 403.00 323.00 424.00
2 286.00 384.00 297.00 409.00
2 275.00 385.00 284.00 414.00
1 255.00 399.00 270.00 455.00
1 528.00 248.00 543.00 281.00
1 582.00 256.00 596.00 296.00
2 916.00 244.00 928.00 262.00
2 864.00 578.00 886.00 630.00
2 1240.00 414.00 1254.00 444.00
1 1296.00 138.00 1307.00 166.00
2 814.00 178.00 823.00 208.00
