3 230.00 729.00 239.00 754.00
2 179.00 732.00 190.00 745.00
7 169.00 704.00 188.00 732.00
4 345.00 720.00 414.00 765.00
4 325.00 671.00 391.00 731.00
4 288.00 628.00 350.00 690.00
4 253.00 598.00 313.00 663.00
4 113.00 508.00 165.00 580.00
4 88.00 225.00 135.00 291.00
4 140.00 233.00 195.00 296.00
2 251.00 297.00 263.00 310.00
2 262.00 297.00 270.00 306.00
10 251.00 297.00 271.00 312.00
4 310.00 271.00 376.00 320.00
2 365.00 233.00 378.00 245.00
10 361.00 234.00 384.00 246.00
4 185.00 181.00 244.00 232.00
4 210.00 151.00 269.00 209.00
1 337.00 155.00 345.00 164.00
1 319.00 156.00 331.00 168.00
1 310.00 164.00 324.00 174.00
1 312.00 159.00 327.00 172.00
2 295.00 145.00 303.00 156.00
4 273.00 108.00 330.00 163.00
4 300.00 81.00 362.00 139.00
4 324.00 54.00 387.00 115.00
4 354.00 32.00 413.00 91.00
1 430.00 46.00 439.00 61.00
1 413.00 45.00 422.00 60.00
1 420.00 52.00 430.00 62.00
2 508.00 75.00 518.00 89.00
2 524.00 72.00 535.00 85.00
10 508.00 74.00 518.00 96.00
10 524.00 72.00 534.00 92.00
10 775.00 88.00 792.00 109.00
10 799.00 58.00 817.00 84.00
2 780.00 90.00 789.00 104.00
2 804.00 62.00 814.00 76.00
2 1033.00 403.00 1046.00 416.00
3 1028.00 401.00 1047.00 420.00
1 1050.00 548.00 1065.00 560.00
5 974.00 738.00 1040.00 765.00
4 1002.00 708.00 1071.00 756.00
4 1020.00 654.00 1085.00 713.00
5 924.00 564.00 974.00 622.00
1 1237.00 623.00 1256.00 632.00
4 1094.00 575.00 1158.00 630.00
4 1142.00 523.00 1199.00 588.00
4 1270.00 548.00 1307.00 608.00
4 1310.00 541.00 1358.00 614.00
4 1147.00 446.00 1216.00 485.00
4 1118.00 377.00 1185.00 412.00
4 878.00 0.00 938.00 38.00
4 898.00 16.00 959.00 75.00
4 912.00 59.00 969.00 115.00
4 935.00 82.00 1001.00 141.00
4 977.00 113.00 1042.00 173.00
4 1032.00 153.00 1085.00 208.00
1 1009.00 293.00 1024.00 305.00
1 1058.00 292.00 1073.00 303.00
4 1027.00 235.00 1091.00 292.00
6 937.00 175.00 1015.00 232.00
2 1172.00 352.00 1180.00 361.00
2 1174.00 351.00 1185.00 363.00
10 1156.00 350.00 1189.00 363.00
1 1297.00 237.00 1312.00 248.00
4 1336.00 243.00 1360.00 306.00
4 1248.00 224.00 1291.00 299.00
4 1202.00 223.00 1242.00 292.00
4 1154.00 212.00 1193.00 282.00
7 1080.00 177.00 1108.00 220.00
10 1144.00 188.00 1168.00 200.00
10 1129.00 165.00 1150.00 189.00
10 1117.00 159.00 1140.00 173.00
10 1104.00 143.00 1119.00 161.00
10 1112.00 145.00 1129.00 162.00
3 1063.00 126.00 1080.00 146.00
3 1092.00 128.00 1104.00 144.00
10 1083.00 117.00 1102.00 135.00
10 1079.00 108.00 1092.00 125.00
10 1068.00 103.00 1084.00 122.00
10 1055.00 97.00 1076.00 114.00
3 1035.00 96.00 1057.00 108.00
10 1025.00 92.00 1041.00 108.00
10 1023.00 60.00 1043.00 79.00
10 1018.00 51.00 1035.00 70.00
10 1008.00 42.00 1027.00 60.00
10 1002.00 35.00 1020.00 54.00
