7 345.00 549.00 434.00 649.00
10 117.00 338.00 168.00 371.00
1 122.00 278.00 145.00 324.00
3 155.00 263.00 205.00 298.00
1 220.00 242.00 238.00 280.00
1 240.00 238.00 265.00 277.00
1 230.00 235.00 246.00 269.00
10 213.00 186.00 247.00 210.00
10 272.00 84.00 299.00 99.00
10 347.00 209.00 388.00 244.00
10 316.00 15.00 339.00 32.00
10 332.00 16.00 354.00 31.00
10 361.00 20.00 383.00 37.00
1 386.00 23.00 396.00 45.00
1 397.00 0.00 406.00 25.00
5 344.00 0.00 388.00 19.00
1 426.00 67.00 438.00 95.00
10 446.00 65.00 456.00 91.00
1 477.00 0.00 486.00 14.00
4 451.00 0.00 480.00 25.00
4 517.00 4.00 546.00 37.00
4 453.00 19.00 485.00 52.00
4 453.00 36.00 491.00 77.00
4 428.00 76.00 497.00 117.00
4 442.00 102.00 483.00 147.00
4 435.00 137.00 477.00 194.00
10 433.00 180.00 467.00 207.00
4 427.00 191.00 476.00 251.00
4 434.00 266.00 497.00 351.00
4 415.00 352.00 481.00 453.00
10 517.00 161.00 528.00 184.00
2 517.00 147.00 529.00 177.00
2 515.00 148.00 531.00 179.00
4 604.00 173.00 652.00 223.00
7 588.00 10.00 618.00 40.00
5 616.00 3.00 660.00 34.00
5 599.00 61.00 636.00 111.00
4 661.00 41.00 720.00 71.00
4 674.00 86.00 713.00 119.00
4 718.00 148.00 789.00 200.00
3 863.00 93.00 871.00 118.00
7 844.00 125.00 899.00 151.00
1 904.00 115.00 912.00 145.00
7 892.00 151.00 946.00 182.00
1 792.00 216.00 809.00 256.00
4 769.00 250.00 832.00 310.00
1 795.00 283.00 812.00 325.00
1 796.00 286.00 818.00 331.00
4 807.00 310.00 888.00 384.00
1 910.00 193.00 919.00 218.00
1 918.00 188.00 930.00 222.00
10 937.00 194.00 968.00 215.00
10 920.00 212.00 950.00 235.00
10 947.00 238.00 983.00 264.00
10 977.00 244.00 1011.00 269.00
10 997.00 252.00 1037.00 280.00
10 958.00 223.00 993.00 243.00
10 962.00 231.00 999.00 257.00
4 904.00 273.00 1004.00 331.00
10 779.00 360.00 810.00 416.00
3 763.00 383.00 779.00 427.00
2 765.00 372.00 782.00 413.00
10 729.00 379.00 746.00 427.00
2 725.00 374.00 751.00 414.00
1 960.00 373.00 978.00 424.00
4 852.00 416.00 959.00 521.00
4 687.00 470.00 794.00 592.00
10 1064.00 556.00 1098.00 606.00
4 920.00 532.00 1051.00 668.00
10 1159.00 696.00 1248.00 747.00
4 1008.00 692.00 1132.00 765.00
1 1066.00 303.00 1086.00 349.00
1 1091.00 376.00 1126.00 430.00
1 1254.00 451.00 1288.00 501.00
1 1047.00 269.00 1064.00 314.00
10 1219.00 251.00 1273.00 282.00
7 1222.00 265.00 1288.00 301.00
1 1235.00 313.00 1250.00 362.00
8 1191.00 337.00 1251.00 436.00
