4 977.00 762.00 1325.00 959.00
1 815.00 538.00 838.00 601.00
1 917.00 578.00 949.00 663.00
1 951.00 581.00 978.00 663.00
2 1026.00 594.00 1069.00 682.00
10 1008.00 609.00 1088.00 682.00
2 1022.00 526.00 1056.00 567.00
1 1100.00 525.00 1124.00 594.00
2 1129.00 557.00 1160.00 634.00
10 1115.00 590.00 1166.00 644.00
2 1267.00 432.00 1280.00 475.00
10 1263.00 451.00 1280.00 482.00
2 1266.00 500.00 1298.00 565.00
10 1243.00 514.00 1314.00 565.00
1 1184.00 500.00 1207.00 562.00
1 1147.00 483.00 1182.00 547.00
2 1330.00 484.00 1357.00 532.00
10 1330.00 500.00 1354.00 541.00
10 1126.00 492.00 1204.00 544.00
1 900.00 437.00 919.00 489.00
2 1724.00 809.00 1761.00 881.00
2 1766.00 795.00 1814.00 932.00
