4 381.00 658.00 456.00 763.00
4 625.00 614.00 683.00 727.00
4 908.00 631.00 1029.00 742.00
5 755.00 484.00 802.00 558.00
4 639.00 400.00 683.00 468.00
4 459.00 395.00 513.00 469.00
4 741.00 312.00 779.00 368.00
4 513.00 258.00 552.00 322.00
4 477.00 306.00 541.00 348.00
4 518.00 214.00 557.00 259.00
4 564.00 216.00 612.00 261.00
4 549.00 183.00 580.00 218.00
4 546.00 135.00 577.00 172.00
4 684.00 173.00 715.00 206.00
4 732.00 200.00 763.00 232.00
4 721.00 127.00 747.00 157.00
4 625.00 84.00 651.00 114.00
4 794.00 203.00 853.00 238.00
4 747.00 392.00 794.00 459.00
1 717.00 389.00 728.00 425.00
1 727.00 390.00 739.00 425.00
1 525.00 397.00 541.00 431.00
10 520.00 409.00 532.00 439.00
3 797.00 364.00 825.00 392.00
8 880.00 251.00 907.00 288.00
8 684.00 276.00 710.00 315.00
1 753.00 256.00 762.00 287.00
10 797.00 345.00 821.00 359.00
2 590.00 120.00 600.00 138.00
2 577.00 100.00 586.00 116.00
10 577.00 110.00 585.00 125.00
10 590.00 128.00 600.00 145.00
10 697.00 75.00 705.00 88.00
2 697.00 66.00 706.00 79.00
1 669.00 33.00 674.00 52.00
10 861.00 208.00 888.00 229.00
1 777.00 221.00 788.00 247.00
4 582.00 29.00 623.00 56.00
10 491.00 181.00 517.00 199.00
4 561.00 4.00 607.00 23.00
4 671.00 8.00 716.00 26.00
1 530.00 23.00 538.00 42.00
2 701.00 576.00 721.00 606.00
10 701.00 579.00 722.00 624.00
1 934.00 476.00 953.00 509.00
1 946.00 489.00 963.00 520.00
10 971.00 460.00 987.00 495.00
2 1007.00 530.00 1028.00 552.00
10 408.00 598.00 437.00 649.00
