4 1323.00 875.00 1551.00 988.00
3 550.00 902.00 618.00 958.00
3 624.00 857.00 660.00 915.00
4 912.00 950.00 1051.00 1080.00
4 870.00 852.00 973.00 943.00
4 710.00 838.00 824.00 936.00
4 747.00 804.00 844.00 865.00
3 756.00 766.00 807.00 800.00
4 840.00 721.00 899.00 769.00
2 1137.00 922.00 1172.00 1012.00
3 1135.00 945.00 1175.00 1026.00
2 1143.00 818.00 1176.00 883.00
3 1145.00 835.00 1173.00 885.00
2 1100.00 721.00 1115.00 767.00
4 903.00 779.00 972.00 844.00
4 915.00 743.00 977.00 798.00
3 1099.00 736.00 1115.00 774.00
2 1081.00 687.00 1093.00 721.00
3 1081.00 699.00 1092.00 725.00
3 1071.00 686.00 1082.00 707.00
2 1070.00 672.00 1082.00 698.00
4 927.00 709.00 983.00 762.00
4 926.00 692.00 975.00 730.00
4 945.00 681.00 987.00 714.00
4 955.00 666.00 992.00 694.00
4 967.00 650.00 999.00 680.00
4 1015.00 650.00 1047.00 680.00
4 1008.00 663.00 1048.00 699.00
5 1054.00 605.00 1082.00 629.00
5 1057.00 615.00 1082.00 639.00
4 977.00 633.00 1030.00 654.00
4 985.00 636.00 1047.00 660.00
4 885.00 633.00 954.00 655.00
2 931.00 638.00 943.00 660.00
3 931.00 647.00 942.00 665.00
2 966.00 623.00 977.00 638.00
10 966.00 627.00 978.00 644.00
