1 692.00 292.00 702.00 310.00
4 778.00 247.00 797.00 260.00
4 798.00 242.00 814.00 255.00
4 761.00 249.00 783.00 259.00
4 754.00 244.00 780.00 254.00
1 842.00 271.00 847.00 287.00
4 788.00 275.00 829.00 292.00
4 794.00 282.00 821.00 298.00
4 788.00 287.00 812.00 302.00
5 764.00 288.00 803.00 307.00
4 761.00 294.00 797.00 312.00
4 747.00 298.00 785.00 316.00
1 730.00 291.00 736.00 307.00
1 711.00 301.00 718.00 317.00
1 717.00 301.00 724.00 318.00
1 650.00 293.00 658.00 311.00
1 659.00 294.00 665.00 308.00
1 684.00 310.00 690.00 327.00
2 694.00 329.00 703.00 344.00
10 695.00 335.00 703.00 349.00
4 665.00 325.00 695.00 345.00
4 728.00 346.00 760.00 368.00
4 736.00 363.00 765.00 388.00
4 764.00 370.00 795.00 395.00
2 643.00 352.00 651.00 370.00
10 642.00 360.00 652.00 375.00
1 675.00 357.00 681.00 378.00
2 616.00 367.00 626.00 383.00
10 615.00 372.00 626.00 390.00
1 511.00 312.00 518.00 332.00
1 527.00 312.00 537.00 333.00
1 297.00 375.00 309.00 402.00
1 219.00 395.00 232.00 426.00
1 226.00 393.00 237.00 418.00
1 532.00 439.00 548.00 469.00
1 500.00 439.00 510.00 467.00
2 470.00 458.00 484.00 484.00
3 471.00 468.00 490.00 489.00
2 486.00 453.00 499.00 478.00
3 483.00 464.00 503.00 477.00
1 473.00 441.00 482.00 467.00
1 477.00 446.00 488.00 468.00
4 465.00 468.00 546.00 507.00
2 426.00 488.00 443.00 520.00
3 427.00 503.00 443.00 527.00
1 451.00 431.00 460.00 460.00
1 419.00 441.00 428.00 471.00
1 412.00 445.00 422.00 471.00
1 403.00 446.00 418.00 476.00
1 395.00 442.00 405.00 470.00
1 414.00 436.00 423.00 463.00
1 410.00 433.00 420.00 460.00
2 368.00 481.00 384.00 511.00
3 368.00 489.00 386.00 515.00
2 321.00 480.00 339.00 510.00
3 315.00 490.00 350.00 514.00
1 303.00 484.00 321.00 521.00
1 313.00 490.00 328.00 519.00
1 358.00 441.00 369.00 474.00
3 348.00 448.00 358.00 470.00
1 329.00 441.00 342.00 475.00
2 309.00 454.00 321.00 482.00
1 315.00 436.00 329.00 465.00
1 304.00 437.00 315.00 465.00
1 293.00 437.00 307.00 467.00
2 404.00 463.00 417.00 489.00
3 401.00 474.00 419.00 496.00
4 275.00 475.00 367.00 510.00
1 308.00 517.00 322.00 552.00
1 317.00 515.00 330.00 555.00
1 353.00 515.00 366.00 550.00
2 274.00 528.00 291.00 562.00
3 276.00 543.00 293.00 569.00
2 164.00 493.00 180.00 530.00
3 167.00 507.00 178.00 533.00
1 152.00 512.00 169.00 550.00
2 157.00 514.00 166.00 534.00
4 130.00 439.00 208.00 470.00
4 84.00 426.00 145.00 456.00
4 57.00 439.00 126.00 470.00
4 38.00 416.00 98.00 444.00
4 2.00 422.00 65.00 456.00
4 0.00 407.00 46.00 432.00
1 20.00 395.00 29.00 416.00
1 25.00 388.00 36.00 414.00
2 147.00 583.00 170.00 620.00
3 149.00 592.00 174.00 632.00
2 9.00 629.00 38.00 680.00
3 10.00 648.00 33.00 684.00
4 0.00 564.00 59.00 617.00
4 0.00 528.00 33.00 571.00
4 0.00 499.00 34.00 540.00
9 906.00 231.00 926.00 256.00
4 963.00 239.00 975.00 249.00
4 957.00 246.00 971.00 256.00
4 949.00 239.00 961.00 248.00
4 931.00 238.00 942.00 248.00
4 943.00 243.00 953.00 252.00
4 939.00 248.00 951.00 258.00
4 933.00 250.00 947.00 264.00
4 927.00 241.00 939.00 252.00
4 921.00 249.00 934.00 259.00
4 911.00 252.00 926.00 264.00
4 916.00 257.00 933.00 268.00
4 901.00 261.00 918.00 272.00
4 918.00 264.00 932.00 277.00
4 911.00 271.00 927.00 284.00
4 892.00 268.00 909.00 281.00
4 882.00 259.00 897.00 273.00
5 929.00 268.00 946.00 287.00
4 930.00 279.00 946.00 292.00
4 929.00 284.00 945.00 299.00
4 902.00 276.00 921.00 293.00
4 881.00 275.00 897.00 292.00
4 873.00 269.00 887.00 283.00
4 894.00 286.00 913.00 303.00
4 918.00 291.00 935.00 305.00
4 914.00 296.00 932.00 313.00
4 906.00 307.00 926.00 323.00
5 883.00 294.00 901.00 314.00
4 861.00 292.00 880.00 309.00
4 849.00 272.00 868.00 287.00
4 844.00 288.00 864.00 303.00
4 827.00 295.00 848.00 313.00
4 805.00 302.00 825.00 318.00
4 797.00 316.00 821.00 333.00
4 836.00 313.00 858.00 330.00
4 866.00 313.00 887.00 331.00
4 894.00 314.00 916.00 330.00
4 891.00 323.00 912.00 340.00
4 881.00 330.00 905.00 349.00
4 853.00 325.00 876.00 347.00
4 809.00 333.00 834.00 353.00
4 831.00 345.00 858.00 367.00
4 875.00 341.00 899.00 361.00
4 864.00 349.00 890.00 372.00
4 853.00 363.00 881.00 387.00
4 838.00 376.00 868.00 399.00
4 832.00 389.00 864.00 416.00
4 779.00 393.00 813.00 423.00
4 726.00 400.00 762.00 429.00
4 737.00 422.00 779.00 462.00
4 796.00 426.00 832.00 457.00
4 814.00 403.00 850.00 436.00
4 650.00 383.00 689.00 417.00
4 652.00 417.00 694.00 449.00
4 990.00 236.00 1002.00 246.00
6 1009.00 229.00 1022.00 246.00
4 1033.00 235.00 1044.00 246.00
9 1040.00 239.00 1057.00 265.00
2 1034.00 241.00 1037.00 249.00
10 1033.00 244.00 1037.00 252.00
2 1030.00 246.00 1035.00 254.00
10 1030.00 249.00 1034.00 257.00
2 1023.00 255.00 1029.00 264.00
10 1024.00 259.00 1027.00 266.00
4 1002.00 250.00 1016.00 261.00
4 986.00 246.00 999.00 257.00
4 971.00 271.00 987.00 283.00
9 1031.00 271.00 1059.00 304.00
4 983.00 298.00 1002.00 313.00
5 1012.00 309.00 1031.00 331.00
4 974.00 314.00 995.00 330.00
4 946.00 306.00 966.00 322.00
4 938.00 314.00 961.00 334.00
4 963.00 327.00 985.00 347.00
4 929.00 334.00 954.00 356.00
4 996.00 328.00 1018.00 351.00
4 987.00 352.00 1011.00 375.00
4 956.00 350.00 981.00 372.00
4 919.00 357.00 943.00 381.00
4 986.00 378.00 1013.00 401.00
4 961.00 398.00 991.00 428.00
4 899.00 393.00 928.00 422.00
4 881.00 432.00 916.00 466.00
4 932.00 427.00 966.00 456.00
4 975.00 435.00 1009.00 469.00
4 1008.00 421.00 1041.00 451.00
3 1043.00 417.00 1053.00 437.00
2 1042.00 410.00 1053.00 434.00
2 1056.00 407.00 1066.00 430.00
3 1057.00 414.00 1066.00 433.00
4 1062.00 421.00 1094.00 454.00
4 1070.00 448.00 1105.00 481.00
4 877.00 475.00 916.00 508.00
4 948.00 485.00 984.00 520.00
4 908.00 503.00 947.00 541.00
4 933.00 561.00 982.00 606.00
4 1015.00 565.00 1064.00 610.00
4 852.00 567.00 901.00 616.00
4 1021.00 483.00 1069.00 525.00
4 694.00 476.00 742.00 517.00
4 566.00 449.00 605.00 487.00
5 567.00 468.00 625.00 520.00
4 612.00 491.00 660.00 532.00
4 642.00 526.00 700.00 577.00
4 528.00 557.00 594.00 612.00
9 365.00 510.00 544.00 663.00
4 534.00 632.00 616.00 707.00
5 443.00 716.00 538.00 824.00
4 354.00 711.00 452.00 799.00
4 920.00 623.00 977.00 679.00
4 837.00 722.00 905.00 796.00
4 1126.00 520.00 1177.00 564.00
4 1240.00 542.00 1290.00 592.00
4 1329.00 646.00 1436.00 706.00
4 1396.00 722.00 1554.00 792.00
4 989.00 845.00 1080.00 961.00
4 171.00 713.00 282.00 803.00
4 108.00 815.00 253.00 944.00
4 129.00 931.00 285.00 1080.00
4 316.00 883.00 452.00 1030.00
2 638.00 835.00 667.00 885.00
10 629.00 849.00 679.00 903.00
1 1075.00 295.00 1082.00 313.00
2 1058.00 308.00 1066.00 322.00
10 1058.00 311.00 1065.00 324.00
1 1090.00 294.00 1097.00 311.00
10 1101.00 298.00 1116.00 313.00
2 1132.00 371.00 1141.00 393.00
3 1132.00 378.00 1139.00 395.00
2 1159.00 374.00 1168.00 393.00
3 1160.00 378.00 1167.00 394.00
1 1167.00 403.00 1177.00 427.00
3 1169.00 410.00 1176.00 432.00
2 1164.00 413.00 1174.00 437.00
3 1165.00 420.00 1173.00 440.00
3 1187.00 404.00 1198.00 424.00
3 1201.00 426.00 1213.00 446.00
2 1186.00 437.00 1198.00 461.00
3 1188.00 445.00 1197.00 466.00
1 1172.00 468.00 1184.00 500.00
2 1186.00 475.00 1199.00 503.00
3 1187.00 482.00 1200.00 507.00
1 1198.00 491.00 1213.00 523.00
2 1202.00 474.00 1213.00 499.00
1 1218.00 543.00 1236.00 585.00
1 1157.00 546.00 1179.00 582.00
10 1153.00 556.00 1188.00 583.00
5 1163.00 326.00 1207.00 347.00
4 1166.00 332.00 1214.00 350.00
4 1165.00 337.00 1219.00 353.00
4 1171.00 339.00 1219.00 357.00
4 1177.00 343.00 1233.00 359.00
4 1169.00 351.00 1227.00 369.00
4 1173.00 354.00 1232.00 374.00
4 1184.00 356.00 1244.00 377.00
4 1192.00 364.00 1258.00 383.00
4 1190.00 368.00 1254.00 389.00
1 1213.00 328.00 1221.00 347.00
4 1250.00 338.00 1279.00 358.00
4 1266.00 346.00 1300.00 369.00
1 1328.00 355.00 1338.00 381.00
1 1336.00 358.00 1346.00 381.00
1 1338.00 386.00 1349.00 410.00
1 1346.00 385.00 1355.00 412.00
1 1392.00 426.00 1405.00 454.00
4 1227.00 400.00 1292.00 422.00
4 1220.00 410.00 1290.00 433.00
4 1225.00 409.00 1298.00 439.00
4 1234.00 422.00 1315.00 450.00
4 1254.00 436.00 1330.00 465.00
1 1252.00 456.00 1338.00 488.00
10 1222.00 456.00 1235.00 480.00
2 1228.00 471.00 1242.00 499.00
5 1289.00 491.00 1393.00 533.00
4 1299.00 502.00 1410.00 542.00
4 1301.00 518.00 1402.00 559.00
4 1322.00 529.00 1424.00 569.00
4 1326.00 547.00 1438.00 591.00
4 1348.00 571.00 1473.00 617.00
4 1387.00 589.00 1497.00 637.00
1 1466.00 517.00 1479.00 557.00
1 1469.00 522.00 1485.00 562.00
1 1487.00 521.00 1503.00 559.00
1 1472.00 491.00 1487.00 530.00
1 1482.00 493.00 1493.00 528.00
1 1566.00 475.00 1581.00 510.00
4 1506.00 631.00 1617.00 694.00
4 1821.00 565.00 1892.00 623.00
1 1752.00 534.00 1772.00 569.00
1 1739.00 533.00 1752.00 573.00
1 1731.00 533.00 1753.00 571.00
1 1536.00 692.00 1561.00 742.00
2 1559.00 690.00 1584.00 742.00
3 1538.00 703.00 1593.00 743.00
1 1601.00 586.00 1622.00 629.00
1 1633.00 596.00 1653.00 639.00
1 1640.00 576.00 1661.00 616.00
1 1652.00 590.00 1671.00 633.00
1 1677.00 583.00 1698.00 625.00
1 1694.00 593.00 1712.00 642.00
1 1714.00 598.00 1736.00 645.00
1 1714.00 623.00 1733.00 670.00
1 1883.00 736.00 1906.00 791.00
1 1725.00 727.00 1746.00 784.00
1 1708.00 727.00 1731.00 783.00
1 1645.00 639.00 1665.00 676.00
10 1639.00 649.00 1670.00 687.00
2 1638.00 650.00 1655.00 695.00
10 1636.00 664.00 1655.00 701.00
1 1623.00 675.00 1646.00 728.00
1 1666.00 685.00 1690.00 727.00
2 1853.00 951.00 1887.00 1020.00
3 1854.00 978.00 1886.00 1038.00
