6 173.00 344.00 260.00 405.00
6 248.00 250.00 390.00 335.00
6 144.00 264.00 312.00 354.00
4 258.00 256.00 302.00 275.00
5 564.00 351.00 588.00 404.00
8 629.00 346.00 668.00 378.00
4 385.00 285.00 427.00 305.00
4 471.00 243.00 503.00 262.00
4 488.00 212.00 517.00 227.00
4 478.00 187.00 504.00 204.00
4 541.00 195.00 563.00 208.00
6 403.00 215.00 434.00 236.00
6 559.00 200.00 592.00 228.00
4 579.00 191.00 603.00 204.00
4 542.00 178.00 567.00 193.00
6 539.00 157.00 572.00 182.00
4 626.00 173.00 648.00 185.00
4 701.00 197.00 724.00 209.00
8 788.00 267.00 822.00 291.00
8 921.00 320.00 958.00 343.00
7 820.00 385.00 858.00 405.00
4 867.00 132.00 881.00 142.00
4 231.00 393.00 267.00 415.00
1 478.00 356.00 486.00 376.00
2 550.00 370.00 558.00 383.00
2 652.00 367.00 659.00 381.00
2 932.00 324.00 939.00 336.00
2 944.00 326.00 952.00 338.00
2 834.00 280.00 840.00 293.00
2 841.00 285.00 849.00 296.00
2 741.00 295.00 745.00 305.00
2 744.00 294.00 749.00 306.00
2 730.00 271.00 737.00 282.00
2 740.00 265.00 747.00 277.00
10 724.00 272.00 739.00 287.00
10 736.00 269.00 750.00 281.00
10 732.00 295.00 756.00 309.00
10 554.00 253.00 566.00 262.00
10 588.00 226.00 597.00 242.00
10 734.00 169.00 740.00 174.00
10 849.00 145.00 856.00 155.00
2 556.00 249.00 562.00 260.00
2 590.00 228.00 596.00 238.00
2 735.00 165.00 739.00 172.00
2 851.00 147.00 854.00 154.00
4 885.00 84.00 899.00 91.00
4 698.00 159.00 718.00 170.00
6 330.00 182.00 428.00 239.00
4 242.00 222.00 279.00 239.00
5 264.00 205.00 294.00 225.00
10 201.00 252.00 216.00 263.00
2 204.00 250.00 213.00 261.00
1 351.00 128.00 356.00 139.00
1 78.00 219.00 84.00 232.00
1 62.00 220.00 68.00 236.00
