4 853.00 489.00 921.00 568.00
4 1036.00 356.00 1097.00 406.00
4 1114.00 453.00 1197.00 518.00
4 954.00 340.00 1007.00 387.00
4 850.00 240.00 887.00 277.00
4 887.00 225.00 924.00 254.00
4 842.00 167.00 873.00 192.00
4 684.00 199.00 715.00 239.00
4 698.00 95.00 722.00 117.00
4 728.00 50.00 747.00 67.00
5 700.00 257.00 741.00 317.00
5 811.00 166.00 843.00 201.00
5 759.00 51.00 777.00 66.00
4 1272.00 627.00 1360.00 735.00
6 1062.00 519.00 1193.00 650.00
6 755.00 75.00 781.00 101.00
5 654.00 7.00 665.00 18.00
6 647.00 31.00 661.00 47.00
6 622.00 24.00 637.00 40.00
4 624.00 0.00 632.00 13.00
9 795.00 99.00 843.00 152.00
4 1072.00 316.00 1112.00 363.00
1 1030.00 287.00 1042.00 309.00
1 1050.00 287.00 1062.00 309.00
7 1026.00 298.00 1045.00 317.00
7 1049.00 297.00 1068.00 316.00
4 281.00 139.00 331.00 159.00
4 88.00 125.00 138.00 144.00
4 96.00 154.00 142.00 177.00
6 388.00 144.00 487.00 179.00
6 0.00 122.00 66.00 159.00
4 597.00 143.00 647.00 166.00
6 1159.00 132.00 1291.00 187.00
5 1299.00 160.00 1350.00 187.00
4 1244.00 109.00 1283.00 125.00
4 1228.00 106.00 1267.00 119.00
4 1216.00 102.00 1255.00 115.00
4 1263.00 100.00 1302.00 113.00
4 1123.00 35.00 1151.00 45.00
4 1177.00 47.00 1206.00 58.00
4 1205.00 56.00 1234.00 66.00
4 1217.00 58.00 1246.00 68.00
4 1230.00 58.00 1260.00 70.00
4 1236.00 63.00 1266.00 75.00
4 1252.00 67.00 1278.00 78.00
4 1266.00 72.00 1303.00 84.00
4 1074.00 44.00 1098.00 54.00
4 1064.00 42.00 1093.00 52.00
4 999.00 18.00 1022.00 28.00
4 1209.00 79.00 1241.00 90.00
4 1217.00 86.00 1254.00 98.00
4 1240.00 95.00 1283.00 106.00
4 1259.00 101.00 1302.00 112.00
4 1299.00 126.00 1342.00 141.00
4 1320.00 118.00 1360.00 133.00
4 1305.00 114.00 1345.00 129.00
4 1289.00 108.00 1324.00 122.00
4 1270.00 115.00 1310.00 132.00
