4 313.00 692.00 524.00 1050.00
4 663.00 752.00 864.00 1050.00
4 1126.00 590.00 1360.00 812.00
4 1013.00 402.00 1171.00 539.00
4 944.00 301.00 1052.00 393.00
5 490.00 198.00 589.00 275.00
4 496.00 179.00 607.00 237.00
4 569.00 135.00 618.00 188.00
4 574.00 94.00 618.00 142.00
2 674.00 175.00 700.00 219.00
10 675.00 181.00 698.00 229.00
10 134.00 237.00 200.00 287.00
10 96.00 256.00 172.00 312.00
10 278.00 93.00 321.00 116.00
1 459.00 21.00 473.00 53.00
1 477.00 18.00 488.00 51.00
1 576.00 34.00 587.00 68.00
4 699.00 32.00 735.00 63.00
4 635.00 0.00 668.00 31.00
4 689.00 1.00 717.00 23.00
4 742.00 5.00 768.00 38.00
1 752.00 19.00 758.00 42.00
3 1021.00 280.00 1075.00 325.00
5 903.00 221.00 994.00 308.00
4 868.00 181.00 941.00 239.00
4 843.00 137.00 904.00 192.00
4 823.00 107.00 875.00 149.00
3 814.00 85.00 845.00 105.00
1 804.00 68.00 816.00 106.00
4 799.00 62.00 840.00 95.00
4 787.00 42.00 823.00 74.00
4 775.00 23.00 808.00 53.00
4 769.00 13.00 795.00 37.00
4 755.00 0.00 784.00 24.00
1 1102.00 102.00 1119.00 144.00
1 1125.00 101.00 1143.00 144.00
4 1089.00 233.00 1206.00 318.00
1 998.00 51.00 1007.00 77.00
1 1018.00 48.00 1028.00 83.00
6 1041.00 134.00 1143.00 231.00
3 1064.00 112.00 1088.00 136.00
10 1231.00 217.00 1254.00 264.00
10 1266.00 240.00 1298.00 280.00
10 1295.00 257.00 1331.00 301.00
4 1192.00 301.00 1279.00 382.00
5 1169.00 373.00 1400.00 551.00
10 64.00 307.00 121.00 334.00
