4 561.00 463.00 587.00 492.00
4 615.00 649.00 665.00 706.00
4 581.00 409.00 601.00 437.00
4 594.00 445.00 618.00 464.00
4 586.00 359.00 601.00 374.00
4 552.00 356.00 569.00 371.00
4 580.00 328.00 591.00 339.00
4 456.00 359.00 470.00 374.00
4 422.00 358.00 440.00 381.00
4 429.00 349.00 448.00 366.00
4 437.00 327.00 454.00 344.00
4 443.00 314.00 456.00 323.00
4 545.00 305.00 559.00 320.00
4 531.00 342.00 543.00 359.00
4 566.00 284.00 577.00 296.00
4 547.00 294.00 559.00 305.00
4 543.00 273.00 554.00 276.00
4 565.00 267.00 572.00 276.00
4 538.00 260.00 551.00 270.00
4 558.00 256.00 568.00 269.00
4 533.00 235.00 543.00 245.00
4 547.00 239.00 552.00 245.00
2 1070.00 713.00 1087.00 721.00
2 1023.00 658.00 1034.00 670.00
2 1023.00 642.00 1033.00 651.00
2 945.00 559.00 955.00 569.00
2 862.00 494.00 875.00 501.00
10 1075.00 727.00 1091.00 748.00
10 1015.00 671.00 1037.00 691.00
3 1025.00 656.00 1040.00 667.00
3 944.00 573.00 958.00 587.00
10 862.00 505.00 876.00 514.00
9 545.00 208.00 566.00 221.00
4 581.00 228.00 588.00 237.00
2 397.00 612.00 411.00 626.00
10 397.00 623.00 413.00 639.00
2 408.00 974.00 429.00 987.00
10 406.00 992.00 433.00 1016.00
