5 903.00 960.00 1015.00 1060.00
4 882.00 907.00 998.00 983.00
7 417.00 942.00 474.00 978.00
8 448.00 878.00 523.00 929.00
10 459.00 862.00 501.00 892.00
10 448.00 721.00 489.00 746.00
4 539.00 709.00 638.00 751.00
1 421.00 687.00 443.00 723.00
8 498.00 585.00 539.00 612.00
8 769.00 571.00 799.00 613.00
4 630.00 488.00 681.00 517.00
4 639.00 462.00 700.00 485.00
4 840.00 476.00 893.00 506.00
5 847.00 436.00 887.00 467.00
6 810.00 411.00 862.00 485.00
10 864.00 415.00 877.00 429.00
10 613.00 480.00 638.00 495.00
2 673.00 449.00 684.00 461.00
1 688.00 443.00 699.00 459.00
7 669.00 441.00 708.00 455.00
10 648.00 443.00 665.00 454.00
8 656.00 423.00 687.00 443.00
2 643.00 425.00 653.00 434.00
1 651.00 413.00 661.00 434.00
1 659.00 384.00 667.00 401.00
4 682.00 399.00 727.00 421.00
4 675.00 391.00 719.00 410.00
4 672.00 380.00 714.00 405.00
4 674.00 348.00 714.00 365.00
10 676.00 343.00 693.00 352.00
8 668.00 336.00 692.00 351.00
10 682.00 337.00 698.00 344.00
4 685.00 320.00 723.00 338.00
4 687.00 316.00 727.00 334.00
7 688.00 304.00 705.00 316.00
5 825.00 369.00 864.00 396.00
5 831.00 360.00 865.00 385.00
4 827.00 351.00 863.00 373.00
4 823.00 346.00 861.00 365.00
4 816.00 338.00 849.00 356.00
4 820.00 331.00 851.00 348.00
5 826.00 323.00 855.00 342.00
6 822.00 289.00 849.00 323.00
4 818.00 275.00 845.00 289.00
4 815.00 265.00 841.00 277.00
6 813.00 255.00 841.00 267.00
10 743.00 291.00 749.00 299.00
7 738.00 282.00 762.00 293.00
2 735.00 274.00 742.00 281.00
2 744.00 273.00 751.00 281.00
2 779.00 255.00 784.00 262.00
10 779.00 257.00 784.00 266.00
7 712.00 272.00 731.00 285.00
10 694.00 285.00 704.00 292.00
8 706.00 256.00 723.00 266.00
8 717.00 248.00 729.00 260.00
8 713.00 242.00 731.00 254.00
5 710.00 238.00 733.00 251.00
8 721.00 224.00 734.00 235.00
8 740.00 234.00 747.00 248.00
5 722.00 214.00 746.00 224.00
6 705.00 201.00 735.00 215.00
10 808.00 246.00 818.00 253.00
10 811.00 243.00 836.00 254.00
5 817.00 238.00 837.00 249.00
4 812.00 236.00 832.00 245.00
8 820.00 224.00 829.00 234.00
6 810.00 194.00 827.00 218.00
10 782.00 203.00 786.00 209.00
2 781.00 201.00 785.00 207.00
8 765.00 188.00 774.00 198.00
4 803.00 154.00 815.00 160.00
6 809.00 167.00 818.00 178.00
4 778.00 165.00 786.00 174.00
4 750.00 174.00 764.00 182.00
4 748.00 181.00 762.00 188.00
5 743.00 157.00 757.00 164.00
4 748.00 153.00 760.00 161.00
4 1200.00 635.00 1248.00 701.00
6 1053.00 406.00 1082.00 454.00
4 1086.00 401.00 1111.00 425.00
6 1040.00 298.00 1092.00 354.00
4 1303.00 425.00 1335.00 456.00
7 1273.00 404.00 1305.00 425.00
