4 535.00 721.00 571.00 787.00
4 691.00 376.00 715.00 418.00
4 591.00 302.00 614.00 339.00
4 531.00 241.00 554.00 277.00
4 662.00 152.00 682.00 178.00
4 700.00 237.00 719.00 269.00
4 638.00 93.00 657.00 118.00
4 681.00 24.00 693.00 45.00
9 574.00 84.00 600.00 124.00
4 453.00 53.00 486.00 77.00
4 213.00 225.00 269.00 260.00
4 392.00 145.00 435.00 183.00
4 280.00 161.00 323.00 181.00
4 219.00 323.00 263.00 354.00
4 154.00 404.00 215.00 452.00
4 129.00 372.00 167.00 402.00
4 106.00 387.00 141.00 419.00
4 68.00 404.00 120.00 439.00
4 46.00 418.00 86.00 460.00
4 12.00 433.00 50.00 474.00
4 367.00 431.00 395.00 480.00
4 75.00 159.00 108.00 182.00
4 14.00 134.00 42.00 151.00
4 164.00 148.00 200.00 172.00
4 154.00 136.00 196.00 167.00
4 137.00 133.00 173.00 158.00
4 117.00 127.00 142.00 148.00
4 104.00 122.00 139.00 144.00
4 88.00 113.00 125.00 133.00
4 0.00 155.00 29.00 175.00
5 125.00 124.00 164.00 156.00
5 76.00 103.00 114.00 130.00
5 97.00 295.00 167.00 349.00
5 225.00 361.00 284.00 407.00
5 52.00 163.00 86.00 189.00
6 192.00 110.00 255.00 148.00
6 166.00 102.00 224.00 144.00
6 152.00 98.00 214.00 139.00
6 122.00 85.00 178.00 120.00
6 318.00 83.00 356.00 118.00
6 310.00 77.00 353.00 111.00
6 298.00 70.00 336.00 107.00
6 280.00 66.00 320.00 104.00
6 259.00 60.00 309.00 101.00
6 248.00 56.00 300.00 97.00
6 223.00 51.00 267.00 86.00
9 100.00 157.00 242.00 251.00
4 28.00 97.00 69.00 114.00
4 20.00 93.00 57.00 111.00
4 4.00 81.00 49.00 105.00
4 105.00 78.00 135.00 92.00
4 89.00 70.00 121.00 91.00
4 79.00 66.00 113.00 86.00
4 68.00 60.00 99.00 85.00
4 66.00 60.00 101.00 80.00
4 54.00 58.00 84.00 79.00
4 47.00 53.00 77.00 73.00
4 35.00 50.00 63.00 69.00
4 20.00 44.00 51.00 63.00
4 11.00 39.00 47.00 59.00
4 180.00 38.00 212.00 60.00
4 79.00 46.00 110.00 61.00
4 0.00 101.00 31.00 130.00
4 70.00 41.00 98.00 57.00
6 46.00 435.00 153.00 510.00
6 545.00 29.00 588.00 61.00
9 547.00 0.00 582.00 33.00
9 253.00 8.00 317.00 50.00
4 245.00 313.00 287.00 343.00
1 303.00 325.00 316.00 347.00
4 0.00 495.00 44.00 545.00
4 150.00 34.00 194.00 54.00
