4 709.00 1059.00 794.00 1240.00
4 709.00 767.00 765.00 901.00
4 723.00 634.00 784.00 742.00
4 788.00 517.00 846.00 599.00
5 694.00 919.00 775.00 1042.00
5 940.00 913.00 1025.00 1067.00
5 919.00 757.00 986.00 872.00
5 869.00 538.00 923.00 632.00
4 665.00 469.00 759.00 559.00
4 757.00 432.00 813.00 505.00
4 686.00 390.00 734.00 467.00
4 834.00 449.00 882.00 526.00
4 830.00 384.00 865.00 451.00
4 738.00 355.00 790.00 422.00
4 752.00 299.00 794.00 357.00
4 792.00 328.00 857.00 392.00
4 653.00 284.00 738.00 322.00
4 659.00 255.00 732.00 290.00
4 773.00 222.00 809.00 267.00
4 861.00 290.00 944.00 336.00
4 880.00 261.00 938.00 301.00
4 684.00 172.00 719.00 222.00
4 702.00 215.00 740.00 265.00
4 723.00 153.00 761.00 184.00
6 727.00 172.00 767.00 244.00
6 811.00 165.00 861.00 236.00
4 763.00 101.00 790.00 130.00
4 796.00 115.00 836.00 169.00
4 767.00 169.00 811.00 213.00
4 765.00 128.00 794.00 167.00
4 752.00 40.00 782.00 74.00
4 738.00 11.00 767.00 42.00
4 674.00 0.00 705.00 38.00
8 1269.00 817.00 1350.00 880.00
7 917.00 1115.00 982.00 1230.00
2 923.00 1115.00 940.00 1144.00
1 69.00 1024.00 111.00 1057.00
1 173.00 592.00 200.00 634.00
1 207.00 632.00 234.00 674.00
1 230.00 644.00 246.00 678.00
1 217.00 736.00 248.00 786.00
1 236.00 711.00 255.00 734.00
1 242.00 690.00 271.00 709.00
1 261.00 555.00 298.00 586.00
1 471.00 280.00 490.00 326.00
4 0.00 836.00 85.00 956.00
1 116.00 761.00 154.00 809.00
10 251.00 606.00 288.00 651.00
1 655.00 64.00 666.00 91.00
10 681.00 153.00 705.00 183.00
1 488.00 331.00 506.00 365.00
1 653.00 564.00 672.00 607.00
