4 728.00 653.00 753.00 706.00
4 770.00 441.00 790.00 471.00
4 707.00 302.00 719.00 321.00
4 635.00 278.00 649.00 295.00
4 635.00 236.00 647.00 250.00
4 722.00 242.00 736.00 260.00
4 674.00 257.00 687.00 273.00
4 653.00 294.00 667.00 312.00
4 647.00 168.00 658.00 179.00
4 654.00 130.00 663.00 142.00
4 647.00 101.00 653.00 112.00
4 676.00 80.00 684.00 88.00
4 719.00 46.00 727.00 56.00
4 675.00 45.00 683.00 53.00
4 676.00 32.00 682.00 39.00
4 693.00 17.00 701.00 24.00
4 648.00 39.00 655.00 46.00
4 678.00 4.00 684.00 12.00
4 667.00 0.00 674.00 7.00
4 692.00 2.00 697.00 10.00
4 718.00 5.00 725.00 14.00
9 649.00 11.00 658.00 29.00
5 637.00 44.00 642.00 51.00
5 650.00 56.00 658.00 65.00
5 729.00 137.00 739.00 153.00
5 737.00 197.00 749.00 214.00
5 703.00 229.00 716.00 250.00
5 714.00 473.00 734.00 515.00
9 626.00 517.00 662.00 619.00
4 808.00 733.00 840.00 787.00
1 291.00 199.00 299.00 213.00
1 398.00 206.00 402.00 213.00
1 401.00 202.00 405.00 211.00
1 450.00 196.00 454.00 203.00
1 356.00 196.00 361.00 204.00
1 341.00 198.00 345.00 207.00
1 328.00 198.00 334.00 206.00
1 301.00 197.00 306.00 206.00
1 283.00 197.00 289.00 206.00
1 251.00 199.00 256.00 206.00
1 238.00 201.00 243.00 211.00
1 236.00 204.00 241.00 213.00
1 181.00 233.00 186.00 243.00
1 154.00 242.00 160.00 251.00
1 126.00 235.00 131.00 247.00
1 118.00 237.00 124.00 245.00
4 402.00 306.00 437.00 319.00
5 61.00 306.00 98.00 321.00
