10 1141.00 1407.00 1201.00 1500.00
4 630.00 957.00 733.00 1105.00
4 706.00 660.00 777.00 727.00
4 988.00 510.00 1031.00 554.00
4 987.00 472.00 1027.00 514.00
4 987.00 419.00 1023.00 455.00
4 767.00 479.00 819.00 522.00
4 793.00 442.00 835.00 484.00
6 862.00 341.00 913.00 380.00
2 933.00 330.00 942.00 351.00
3 933.00 337.00 941.00 356.00
4 1034.00 260.00 1059.00 278.00
2 1126.00 941.00 1162.00 996.00
10 1110.00 964.00 1180.00 1005.00
4 845.00 995.00 950.00 1157.00
4 673.00 809.00 760.00 907.00
4 694.00 729.00 770.00 808.00
4 1076.00 1007.00 1181.00 1144.00
4 860.00 688.00 927.00 766.00
4 1041.00 746.00 1107.00 829.00
4 1418.00 367.00 1470.00 399.00
4 1197.00 308.00 1258.00 338.00
