4 623.00 801.00 688.00 877.00
4 469.00 753.00 522.00 821.00
4 790.00 741.00 841.00 799.00
4 1395.00 974.00 1512.00 1062.00
4 588.00 616.00 636.00 669.00
4 322.00 387.00 358.00 421.00
4 406.00 374.00 438.00 402.00
4 462.00 414.00 488.00 444.00
4 837.00 496.00 902.00 533.00
4 654.00 1037.00 712.00 1077.00
8 87.00 860.00 130.00 923.00
4 417.00 303.00 444.00 329.00
4 340.00 219.00 361.00 235.00
4 371.00 200.00 394.00 219.00
4 337.00 155.00 355.00 169.00
4 247.00 129.00 265.00 148.00
4 329.00 127.00 345.00 138.00
5 298.00 119.00 316.00 141.00
4 238.00 79.00 253.00 91.00
4 310.00 76.00 324.00 89.00
4 295.00 49.00 310.00 65.00
4 226.00 53.00 241.00 65.00
4 244.00 41.00 258.00 53.00
4 276.00 28.00 287.00 38.00
4 286.00 10.00 296.00 20.00
4 220.00 18.00 230.00 30.00
4 557.00 312.00 583.00 338.00
4 635.00 329.00 685.00 349.00
4 573.00 266.00 620.00 288.00
4 562.00 257.00 616.00 272.00
4 558.00 247.00 601.00 267.00
4 498.00 212.00 519.00 230.00
4 541.00 163.00 578.00 177.00
4 496.00 169.00 535.00 182.00
4 725.00 452.00 787.00 481.00
5 716.00 417.00 764.00 451.00
5 671.00 369.00 734.00 401.00
5 647.00 344.00 695.00 372.00
5 563.00 223.00 600.00 244.00
4 550.00 222.00 583.00 240.00
4 513.00 189.00 555.00 203.00
4 513.00 184.00 552.00 197.00
5 438.00 127.00 451.00 146.00
5 454.00 119.00 482.00 134.00
4 390.00 56.00 403.00 68.00
4 369.00 30.00 382.00 41.00
4 347.00 26.00 358.00 36.00
6 926.00 582.00 987.00 623.00
10 611.00 206.00 628.00 219.00
2 599.00 401.00 605.00 413.00
2 812.00 668.00 819.00 685.00
2 757.00 607.00 763.00 623.00
2 169.00 878.00 196.00 907.00
2 194.00 876.00 221.00 907.00
2 114.00 649.00 127.00 667.00
2 147.00 260.00 155.00 273.00
2 157.00 253.00 165.00 265.00
2 149.00 87.00 154.00 94.00
10 752.00 612.00 766.00 632.00
10 806.00 676.00 824.00 697.00
10 166.00 891.00 191.00 919.00
10 195.00 894.00 216.00 919.00
10 594.00 406.00 606.00 419.00
10 148.00 270.00 157.00 277.00
10 157.00 260.00 166.00 269.00
10 620.00 220.00 639.00 233.00
1 426.00 130.00 432.00 140.00
2 431.00 147.00 436.00 155.00
10 431.00 152.00 438.00 160.00
1 385.00 80.00 391.00 92.00
10 115.00 662.00 131.00 679.00
10 150.00 92.00 155.00 97.00
