4 289.00 583.00 402.00 798.00
4 439.00 600.00 556.00 836.00
4 597.00 696.00 685.00 902.00
1 47.00 258.00 105.00 303.00
1 338.00 111.00 372.00 153.00
1 177.00 32.00 225.00 101.00
1 97.00 59.00 155.00 118.00
1 108.00 340.00 171.00 384.00
1 616.00 444.00 655.00 474.00
1 619.00 412.00 648.00 442.00
1 676.00 478.00 697.00 508.00
1 1068.00 615.00 1108.00 642.00
6 0.00 445.00 218.00 753.00
4 606.00 15.00 801.00 140.00
4 1155.00 191.00 1354.00 305.00
4 990.00 244.00 1102.00 443.00
4 890.00 216.00 997.00 414.00
4 771.00 175.00 898.00 382.00
5 522.00 139.00 665.00 333.00
5 641.00 162.00 778.00 384.00
5 1089.00 305.00 1200.00 494.00
5 1185.00 340.00 1309.00 540.00
5 1286.00 346.00 1392.00 548.00
3 890.00 44.00 925.00 113.00
1 136.00 444.00 196.00 472.00
1 90.00 382.00 153.00 413.00
1 59.00 407.00 128.00 445.00
1 68.00 376.00 116.00 395.00
1 56.00 360.00 119.00 381.00
1 37.00 356.00 86.00 376.00
1 662.00 452.00 684.00 486.00
1 524.00 282.00 542.00 312.00
1 722.00 347.00 744.00 389.00
2 628.00 502.00 670.00 538.00
2 908.00 584.00 944.00 616.00
2 1130.00 579.00 1184.00 619.00
2 9.00 395.00 44.00 428.00
3 614.00 504.00 684.00 541.00
3 880.00 588.00 957.00 617.00
10 1124.00 570.00 1170.00 632.00
1 1077.00 708.00 1144.00 744.00
1 1174.00 556.00 1216.00 586.00
8 1300.00 539.00 1388.00 617.00
1 940.00 0.00 970.00 28.00
