4 242.00 88.00 271.00 102.00
4 283.00 133.00 299.00 164.00
4 555.00 63.00 567.00 87.00
4 537.00 199.00 550.00 225.00
4 501.00 272.00 516.00 294.00
4 459.00 517.00 479.00 554.00
4 604.00 0.00 621.00 9.00
1 591.00 148.00 595.00 156.00
1 570.00 287.00 574.00 297.00
4 944.00 12.00 953.00 24.00
4 961.00 9.00 972.00 21.00
4 965.00 25.00 976.00 39.00
4 941.00 130.00 951.00 148.00
4 1018.00 110.00 1042.00 125.00
4 1001.00 125.00 1020.00 149.00
1 984.00 115.00 988.00 123.00
1 992.00 95.00 996.00 103.00
1 1038.00 160.00 1043.00 170.00
1 872.00 318.00 877.00 329.00
1 869.00 354.00 873.00 363.00
5 992.00 335.00 1009.00 368.00
9 962.00 354.00 995.00 440.00
1 1120.00 101.00 1123.00 107.00
1 1123.00 100.00 1126.00 107.00
1 1164.00 72.00 1169.00 80.00
1 1229.00 200.00 1233.00 207.00
1 1180.00 183.00 1183.00 190.00
1 1157.00 254.00 1161.00 262.00
1 1161.00 257.00 1165.00 266.00
1 1216.00 327.00 1221.00 337.00
1 1161.00 359.00 1167.00 367.00
1 1113.00 598.00 1118.00 608.00
1 1098.00 606.00 1104.00 617.00
1 1291.00 159.00 1297.00 169.00
1 1344.00 192.00 1349.00 201.00
1 1340.00 193.00 1344.00 201.00
1 1338.00 184.00 1343.00 193.00
1 1321.00 176.00 1326.00 184.00
1 1327.00 179.00 1332.00 189.00
1 1319.00 186.00 1325.00 193.00
1 1311.00 161.00 1316.00 171.00
1 1302.00 164.00 1307.00 172.00
1 1306.00 165.00 1310.00 173.00
1 1304.00 161.00 1308.00 169.00
1 1252.00 476.00 1258.00 482.00
