1 227.00 491.00 238.00 515.00
1 247.00 474.00 257.00 498.00
1 262.00 475.00 272.00 497.00
1 444.00 355.00 452.00 371.00
10 440.00 352.00 455.00 371.00
1 137.00 383.00 149.00 403.00
4 149.00 323.00 190.00 346.00
9 56.00 347.00 107.00 404.00
4 164.00 228.00 187.00 246.00
9 233.00 188.00 272.00 244.00
1 211.00 220.00 217.00 235.00
10 386.00 290.00 399.00 306.00
10 357.00 254.00 370.00 275.00
10 344.00 245.00 358.00 262.00
10 329.00 234.00 353.00 245.00
10 325.00 224.00 349.00 236.00
10 310.00 210.00 331.00 224.00
4 296.00 192.00 319.00 215.00
4 282.00 174.00 301.00 196.00
9 238.00 131.00 266.00 157.00
4 228.00 33.00 244.00 44.00
4 308.00 92.00 323.00 103.00
1 279.00 64.00 282.00 70.00
10 277.00 63.00 284.00 74.00
4 380.00 23.00 401.00 37.00
4 501.00 181.00 538.00 205.00
4 898.00 118.00 924.00 130.00
4 1007.00 174.00 1036.00 190.00
4 529.00 300.00 565.00 329.00
4 608.00 272.00 653.00 300.00
4 1067.00 312.00 1116.00 340.00
