4 433.00 0.00 468.00 8.00
4 298.00 4.00 334.00 20.00
4 351.00 17.00 389.00 34.00
4 338.00 39.00 378.00 56.00
5 299.00 50.00 333.00 69.00
4 478.00 23.00 513.00 40.00
9 593.00 0.00 619.00 18.00
6 551.00 16.00 593.00 51.00
6 367.00 93.00 394.00 126.00
4 460.00 97.00 481.00 123.00
4 492.00 94.00 515.00 120.00
4 408.00 144.00 431.00 169.00
4 312.00 171.00 364.00 199.00
4 209.00 229.00 268.00 257.00
5 494.00 196.00 537.00 223.00
4 288.00 189.00 341.00 213.00
4 181.00 245.00 245.00 272.00
4 290.00 309.00 354.00 341.00
10 457.00 357.00 479.00 377.00
10 493.00 361.00 507.00 384.00
6 578.00 231.00 626.00 319.00
6 752.00 242.00 822.00 286.00
6 778.00 298.00 830.00 364.00
4 947.00 296.00 1007.00 327.00
4 841.00 497.00 923.00 544.00
4 1064.00 457.00 1136.00 493.00
4 1004.00 393.00 1068.00 430.00
4 860.00 580.00 950.00 621.00
4 992.00 378.00 1062.00 408.00
4 836.00 468.00 911.00 507.00
4 1153.00 621.00 1246.00 673.00
4 1190.00 653.00 1287.00 707.00
4 1208.00 688.00 1313.00 749.00
10 1319.00 827.00 1336.00 870.00
4 356.00 896.00 452.00 994.00
4 413.00 921.00 518.00 1028.00
4 1349.00 57.00 1398.00 75.00
4 1490.00 108.00 1510.00 136.00
4 1364.00 93.00 1381.00 117.00
5 1334.00 84.00 1349.00 112.00
4 1305.00 89.00 1327.00 111.00
4 1280.00 83.00 1299.00 108.00
4 1253.00 78.00 1274.00 106.00
1 658.00 67.00 665.00 83.00
10 635.00 50.00 642.00 60.00
2 637.00 45.00 641.00 54.00
10 794.00 620.00 805.00 640.00
2 793.00 609.00 802.00 626.00
