6 271.00 242.00 386.00 298.00
4 799.00 261.00 876.00 297.00
6 850.00 137.00 948.00 188.00
4 259.00 419.00 319.00 500.00
4 311.00 402.00 353.00 467.00
4 383.00 409.00 423.00 478.00
4 499.00 457.00 541.00 528.00
4 1316.00 553.00 1350.00 626.00
4 1355.00 554.00 1386.00 635.00
5 416.00 407.00 456.00 483.00
4 455.00 458.00 493.00 527.00
4 691.00 462.00 730.00 549.00
4 728.00 488.00 758.00 552.00
5 763.00 499.00 804.00 583.00
4 834.00 519.00 868.00 597.00
4 873.00 522.00 913.00 598.00
4 949.00 496.00 985.00 583.00
4 986.00 506.00 1023.00 582.00
4 1024.00 510.00 1063.00 585.00
4 1066.00 518.00 1102.00 599.00
4 1109.00 530.00 1150.00 610.00
4 1154.00 535.00 1200.00 609.00
4 1199.00 533.00 1242.00 608.00
4 1235.00 535.00 1273.00 608.00
4 1273.00 539.00 1311.00 618.00
4 1077.00 603.00 1162.00 649.00
4 1214.00 615.00 1300.00 661.00
4 1302.00 627.00 1374.00 667.00
4 14.00 701.00 74.00 777.00
4 55.00 664.00 120.00 747.00
4 103.00 642.00 161.00 709.00
4 178.00 620.00 227.00 670.00
4 127.00 701.00 214.00 776.00
4 212.00 637.00 310.00 715.00
4 155.00 714.00 274.00 787.00
4 224.00 764.00 284.00 787.00
4 313.00 741.00 395.00 787.00
4 404.00 730.00 504.00 787.00
4 512.00 754.00 580.00 787.00
4 269.00 662.00 354.00 737.00
4 349.00 661.00 442.00 742.00
4 391.00 692.00 470.00 764.00
4 1350.00 242.00 1394.00 279.00
