1 208.00 368.00 244.00 426.00
1 271.00 248.00 293.00 302.00
4 458.00 276.00 527.00 376.00
4 481.00 196.00 544.00 283.00
4 373.00 247.00 459.00 358.00
4 422.00 159.00 486.00 236.00
4 456.00 100.00 510.00 162.00
4 405.00 67.00 453.00 131.00
4 481.00 56.00 525.00 100.00
4 491.00 14.00 537.00 57.00
5 423.00 21.00 467.00 79.00
4 717.00 1.00 761.00 48.00
4 783.00 12.00 830.00 57.00
4 736.00 58.00 784.00 107.00
4 734.00 111.00 793.00 169.00
9 809.00 74.00 929.00 277.00
4 879.00 314.00 964.00 422.00
4 804.00 69.00 843.00 112.00
9 859.00 0.00 929.00 36.00
4 981.00 205.00 1052.00 274.00
4 1019.00 280.00 1124.00 376.00
4 1086.00 378.00 1193.00 487.00
4 1007.00 421.00 1120.00 557.00
4 1144.00 521.00 1301.00 698.00
4 1262.00 741.00 1399.00 977.00
1 689.00 492.00 726.00 557.00
1 507.00 706.00 539.00 772.00
1 470.00 700.00 503.00 765.00
1 487.00 634.00 518.00 708.00
4 272.00 762.00 424.00 1043.00
4 406.00 389.00 521.00 547.00
4 331.00 336.00 417.00 474.00
3 226.00 475.00 303.00 515.00
3 97.00 565.00 241.00 759.00
10 0.00 632.00 28.00 700.00
10 19.00 597.00 62.00 672.00
