4 483.00 117.00 504.00 145.00
4 518.00 80.00 539.00 105.00
4 528.00 197.00 553.00 229.00
4 635.00 185.00 663.00 223.00
4 558.00 34.00 579.00 59.00
4 593.00 36.00 614.00 63.00
6 573.00 78.00 604.00 135.00
6 496.00 0.00 523.00 32.00
5 359.00 537.00 392.00 601.00
4 365.00 473.00 395.00 518.00
4 379.00 335.00 407.00 374.00
4 32.00 397.00 76.00 439.00
4 105.00 383.00 138.00 423.00
4 121.00 339.00 176.00 373.00
4 168.00 308.00 219.00 339.00
4 232.00 297.00 283.00 323.00
9 322.00 151.00 353.00 225.00
4 387.00 221.00 407.00 250.00
4 388.00 193.00 408.00 220.00
4 388.00 169.00 407.00 192.00
4 370.00 411.00 400.00 457.00
4 1117.00 489.00 1168.00 542.00
4 1121.00 350.00 1182.00 380.00
4 1224.00 310.00 1282.00 344.00
4 1226.00 252.00 1269.00 279.00
4 1132.00 335.00 1180.00 363.00
4 1140.00 317.00 1195.00 352.00
4 1172.00 265.00 1222.00 302.00
4 1174.00 252.00 1215.00 283.00
4 1179.00 239.00 1222.00 267.00
4 1194.00 233.00 1224.00 253.00
4 838.00 213.00 871.00 258.00
4 873.00 278.00 912.00 311.00
4 863.00 205.00 893.00 235.00
4 959.00 214.00 992.00 248.00
4 763.00 6.00 794.00 22.00
9 707.00 73.00 734.00 114.00
4 1340.00 258.00 1382.00 278.00
4 1344.00 224.00 1400.00 253.00
1 1266.00 209.00 1279.00 223.00
1 1333.00 208.00 1344.00 223.00
4 1142.00 74.00 1179.00 91.00
5 1107.00 71.00 1138.00 96.00
4 1102.00 80.00 1127.00 107.00
4 394.00 141.00 412.00 168.00
4 369.00 87.00 390.00 104.00
9 817.00 702.00 875.00 787.00
1 1135.00 159.00 1146.00 179.00
4 243.00 202.00 262.00 224.00
4 198.00 204.00 224.00 232.00
5 860.00 37.00 882.00 62.00
