4 129.00 558.00 193.00 635.00
4 325.00 304.00 362.00 343.00
4 226.00 268.00 266.00 298.00
4 335.00 144.00 366.00 172.00
1 425.00 486.00 437.00 512.00
1 430.00 489.00 441.00 507.00
1 13.00 433.00 25.00 458.00
1 8.00 450.00 22.00 473.00
6 579.00 622.00 668.00 787.00
5 984.00 673.00 1058.00 787.00
5 578.00 339.00 614.00 395.00
6 648.00 274.00 700.00 379.00
5 674.00 131.00 706.00 166.00
9 622.00 46.00 669.00 148.00
4 783.00 40.00 806.00 68.00
4 817.00 33.00 843.00 61.00
1 1276.00 722.00 1299.00 746.00
1 1255.00 717.00 1273.00 733.00
1 1196.00 527.00 1208.00 550.00
1 1083.00 363.00 1095.00 388.00
2 1354.00 479.00 1368.00 500.00
2 1354.00 473.00 1368.00 495.00
2 1229.00 268.00 1239.00 279.00
2 1237.00 274.00 1249.00 287.00
2 1218.00 329.00 1229.00 344.00
2 1227.00 326.00 1248.00 346.00
2 1293.00 397.00 1304.00 411.00
2 1288.00 391.00 1304.00 406.00
1 1063.00 36.00 1071.00 57.00
2 1021.00 38.00 1028.00 53.00
1 1019.00 59.00 1025.00 74.00
1 931.00 82.00 941.00 99.00
1 965.00 103.00 974.00 120.00
1 975.00 104.00 983.00 115.00
2 972.00 115.00 979.00 127.00
2 978.00 114.00 985.00 127.00
2 983.00 116.00 990.00 127.00
2 989.00 113.00 997.00 130.00
1 1080.00 106.00 1088.00 123.00
1 1026.00 164.00 1035.00 178.00
1 998.00 162.00 1007.00 176.00
1 988.00 161.00 995.00 170.00
1 990.00 169.00 995.00 179.00
1 1013.00 161.00 1022.00 178.00
1 1117.00 170.00 1127.00 184.00
1 1169.00 213.00 1178.00 232.00
1 1179.00 212.00 1188.00 233.00
1 1195.00 192.00 1207.00 215.00
2 1140.00 299.00 1154.00 314.00
2 1104.00 210.00 1115.00 220.00
2 1119.00 212.00 1126.00 226.00
2 1113.00 204.00 1125.00 217.00
2 1059.00 223.00 1069.00 232.00
2 1048.00 228.00 1056.00 238.00
2 1045.00 238.00 1057.00 244.00
2 1045.00 223.00 1050.00 232.00
2 1143.00 271.00 1168.00 281.00
2 1249.00 526.00 1262.00 540.00
2 1175.00 428.00 1184.00 441.00
2 1186.00 430.00 1199.00 439.00
1 1375.00 438.00 1384.00 448.00
1 1373.00 436.00 1381.00 448.00
1 1360.00 422.00 1371.00 432.00
1 1365.00 427.00 1374.00 439.00
2 1190.00 380.00 1200.00 392.00
2 1285.00 330.00 1294.00 340.00
2 1284.00 325.00 1293.00 337.00
2 1297.00 658.00 1324.00 673.00
2 1303.00 653.00 1338.00 669.00
1 1126.00 196.00 1134.00 214.00
2 1239.00 525.00 1249.00 541.00
