4 632.00 436.00 680.00 471.00
4 642.00 779.00 700.00 839.00
4 600.00 711.00 652.00 776.00
5 574.00 738.00 621.00 792.00
5 857.00 645.00 912.00 697.00
4 312.00 762.00 355.00 835.00
4 895.00 589.00 952.00 629.00
4 1176.00 726.00 1240.00 779.00
4 418.00 529.00 470.00 563.00
1 175.00 195.00 181.00 209.00
2 173.00 244.00 179.00 254.00
2 261.00 314.00 269.00 324.00
7 173.00 245.00 185.00 262.00
10 260.00 318.00 273.00 328.00
4 419.00 175.00 433.00 188.00
4 240.00 241.00 262.00 255.00
4 273.00 282.00 295.00 300.00
7 308.00 410.00 328.00 436.00
1 402.00 407.00 412.00 421.00
1 639.00 604.00 649.00 621.00
1 695.00 609.00 704.00 627.00
5 547.00 516.00 612.00 561.00
5 620.00 416.00 658.00 447.00
10 634.00 409.00 650.00 420.00
10 691.00 430.00 706.00 442.00
1 656.00 394.00 663.00 410.00
5 425.00 502.00 452.00 526.00
5 502.00 570.00 557.00 604.00
4 936.00 996.00 1025.00 1046.00
4 1040.00 796.00 1117.00 857.00
10 900.00 867.00 924.00 887.00
2 902.00 874.00 914.00 888.00
2 908.00 866.00 918.00 882.00
1 95.00 944.00 116.00 969.00
10 64.00 811.00 95.00 845.00
1 25.00 527.00 43.00 548.00
1 1134.00 953.00 1154.00 976.00
4 1215.00 484.00 1261.00 520.00
10 1284.00 609.00 1310.00 628.00
4 1347.00 586.00 1367.00 605.00
4 1328.00 591.00 1345.00 610.00
10 866.00 566.00 883.00 582.00
