1 365.00 998.00 379.00 1024.00
4 364.00 1013.00 441.00 1049.00
4 465.00 1244.00 534.00 1281.00
4 567.00 1249.00 641.00 1289.00
4 670.00 1249.00 753.00 1291.00
4 783.00 1253.00 861.00 1293.00
4 879.00 1261.00 969.00 1303.00
4 753.00 1341.00 850.00 1382.00
4 874.00 1348.00 962.00 1390.00
4 983.00 1354.00 1082.00 1403.00
3 1010.00 1274.00 1041.00 1294.00
4 1091.00 1268.00 1166.00 1308.00
4 1187.00 1270.00 1279.00 1313.00
4 1205.00 1366.00 1302.00 1403.00
4 1323.00 1371.00 1400.00 1406.00
4 1301.00 1243.00 1370.00 1304.00
4 1668.00 1287.00 1766.00 1331.00
4 1569.00 1280.00 1660.00 1326.00
4 1770.00 1035.00 1810.00 1085.00
4 1736.00 910.00 1779.00 958.00
4 1768.00 843.00 1820.00 878.00
4 1788.00 806.00 1821.00 834.00
4 1598.00 716.00 1626.00 743.00
4 1625.00 738.00 1677.00 766.00
4 1545.00 635.00 1575.00 668.00
4 1525.00 590.00 1561.00 611.00
4 1520.00 564.00 1547.00 584.00
4 1465.00 576.00 1487.00 594.00
4 1340.00 585.00 1359.00 606.00
4 1362.00 585.00 1381.00 609.00
4 1376.00 581.00 1403.00 603.00
4 1328.00 567.00 1363.00 590.00
4 1323.00 550.00 1353.00 569.00
4 1315.00 529.00 1345.00 547.00
4 522.00 685.00 547.00 713.00
4 1376.00 273.00 1397.00 284.00
4 1401.00 273.00 1421.00 283.00
4 1431.00 273.00 1451.00 285.00
4 1453.00 276.00 1473.00 286.00
9 1471.00 277.00 1528.00 296.00
4 1284.00 886.00 1315.00 925.00
4 1239.00 955.00 1291.00 983.00
4 1239.00 994.00 1313.00 1024.00
5 1248.00 1019.00 1315.00 1055.00
5 1243.00 1091.00 1322.00 1129.00
4 1247.00 1122.00 1327.00 1158.00
