4 668.00 572.00 695.00 617.00
4 632.00 567.00 660.00 609.00
4 684.00 518.00 707.00 557.00
5 763.00 521.00 791.00 569.00
5 736.00 459.00 754.00 494.00
4 656.00 416.00 672.00 441.00
4 596.00 409.00 616.00 440.00
4 614.00 386.00 639.00 412.00
4 727.00 390.00 746.00 421.00
5 737.00 329.00 763.00 359.00
4 710.00 293.00 748.00 314.00
9 773.00 237.00 850.00 275.00
4 574.00 164.00 589.00 186.00
4 596.00 32.00 605.00 45.00
4 527.00 500.00 554.00 540.00
4 492.00 445.00 522.00 470.00
4 400.00 408.00 439.00 431.00
5 425.00 353.00 465.00 379.00
1 452.00 486.00 463.00 501.00
1 501.00 572.00 511.00 599.00
9 513.00 684.00 563.00 785.00
9 570.00 712.00 608.00 787.00
4 613.00 708.00 638.00 764.00
4 706.00 710.00 736.00 762.00
4 738.00 695.00 779.00 750.00
4 489.00 181.00 509.00 203.00
5 432.00 257.00 445.00 280.00
9 272.00 274.00 384.00 333.00
9 251.00 339.00 382.00 387.00
1 395.00 278.00 401.00 289.00
1 400.00 273.00 406.00 287.00
1 414.00 268.00 420.00 280.00
1 371.00 267.00 377.00 279.00
1 334.00 268.00 342.00 279.00
1 378.00 268.00 384.00 278.00
