1 503.00 921.00 515.00 961.00
1 492.00 914.00 506.00 956.00
1 486.00 903.00 498.00 940.00
1 476.00 898.00 488.00 939.00
1 379.00 881.00 389.00 925.00
1 435.00 855.00 446.00 896.00
1 537.00 836.00 550.00 877.00
1 579.00 770.00 589.00 804.00
1 464.00 702.00 470.00 723.00
2 406.00 666.00 413.00 676.00
3 404.00 672.00 416.00 682.00
1 756.00 677.00 762.00 695.00
1 748.00 677.00 755.00 692.00
1 722.00 666.00 728.00 681.00
1 717.00 654.00 722.00 669.00
1 755.00 654.00 761.00 671.00
1 857.00 687.00 865.00 706.00
1 856.00 657.00 862.00 673.00
1 1008.00 616.00 1012.00 625.00
2 1031.00 611.00 1034.00 617.00
3 1031.00 614.00 1034.00 620.00
1 979.00 604.00 982.00 613.00
1 974.00 603.00 977.00 611.00
1 971.00 612.00 975.00 622.00
1 966.00 611.00 970.00 621.00
1 1062.00 566.00 1064.00 573.00
1 1290.00 698.00 1296.00 714.00
1 1185.00 693.00 1190.00 710.00
1 1175.00 689.00 1180.00 708.00
2 1206.00 678.00 1214.00 688.00
2 1293.00 804.00 1307.00 822.00
10 1290.00 807.00 1308.00 832.00
1 1342.00 861.00 1359.00 899.00
4 289.00 951.00 410.00 1022.00
4 604.00 966.00 733.00 1033.00
4 661.00 894.00 764.00 952.00
4 690.00 861.00 791.00 925.00
4 693.00 851.00 793.00 893.00
4 734.00 838.00 825.00 877.00
4 739.00 797.00 820.00 833.00
4 749.00 784.00 831.00 816.00
9 740.00 745.00 824.00 793.00
4 437.00 853.00 523.00 911.00
4 418.00 830.00 508.00 875.00
4 391.00 808.00 484.00 847.00
4 420.00 781.00 503.00 815.00
4 425.00 765.00 503.00 793.00
4 655.00 744.00 725.00 778.00
4 605.00 739.00 649.00 768.00
4 568.00 736.00 610.00 760.00
4 806.00 738.00 867.00 766.00
6 802.00 718.00 855.00 751.00
4 816.00 713.00 866.00 736.00
4 865.00 729.00 927.00 754.00
4 689.00 703.00 744.00 728.00
4 647.00 714.00 700.00 735.00
4 592.00 716.00 650.00 740.00
4 563.00 693.00 612.00 713.00
5 570.00 681.00 614.00 703.00
4 440.00 683.00 486.00 702.00
4 446.00 676.00 486.00 690.00
4 399.00 648.00 419.00 663.00
4 413.00 651.00 435.00 666.00
6 428.00 644.00 466.00 669.00
4 449.00 654.00 477.00 671.00
4 468.00 655.00 496.00 672.00
4 494.00 656.00 522.00 673.00
4 521.00 660.00 549.00 677.00
4 546.00 661.00 574.00 678.00
4 565.00 663.00 593.00 680.00
4 589.00 666.00 617.00 683.00
4 612.00 669.00 640.00 686.00
4 640.00 669.00 670.00 687.00
4 726.00 686.00 756.00 707.00
4 756.00 686.00 785.00 705.00
4 788.00 686.00 817.00 705.00
4 812.00 684.00 841.00 703.00
4 827.00 680.00 856.00 699.00
6 857.00 677.00 899.00 700.00
4 856.00 673.00 899.00 688.00
1 819.00 663.00 825.00 678.00
4 808.00 655.00 849.00 669.00
4 820.00 649.00 854.00 664.00
4 832.00 642.00 856.00 655.00
5 835.00 635.00 866.00 650.00
6 840.00 623.00 884.00 645.00
4 921.00 640.00 953.00 649.00
4 929.00 643.00 952.00 653.00
4 917.00 645.00 947.00 656.00
4 946.00 587.00 967.00 596.00
4 909.00 659.00 943.00 672.00
4 911.00 664.00 940.00 680.00
4 889.00 664.00 930.00 683.00
4 923.00 588.00 934.00 595.00
6 974.00 586.00 987.00 594.00
6 974.00 581.00 991.00 591.00
4 1004.00 577.00 1010.00 582.00
4 1017.00 572.00 1022.00 576.00
4 1024.00 573.00 1029.00 577.00
5 1014.00 585.00 1018.00 590.00
4 1015.00 592.00 1021.00 598.00
4 1028.00 583.00 1033.00 587.00
4 1028.00 588.00 1034.00 593.00
5 1030.00 592.00 1037.00 601.00
4 1018.00 596.00 1026.00 602.00
4 1026.00 601.00 1035.00 608.00
4 1003.00 599.00 1013.00 606.00
4 993.00 597.00 1000.00 603.00
4 1047.00 592.00 1065.00 600.00
4 1053.00 590.00 1069.00 596.00
4 1049.00 589.00 1062.00 596.00
4 1036.00 612.00 1046.00 621.00
4 1020.00 616.00 1035.00 624.00
4 996.00 621.00 1008.00 632.00
4 1020.00 629.00 1032.00 638.00
4 1034.00 649.00 1050.00 661.00
4 982.00 628.00 995.00 640.00
4 974.00 638.00 988.00 653.00
4 936.00 696.00 958.00 717.00
4 965.00 695.00 988.00 717.00
4 993.00 692.00 1015.00 717.00
4 961.00 729.00 1023.00 750.00
4 981.00 748.00 1048.00 774.00
4 944.00 835.00 994.00 894.00
4 1038.00 827.00 1079.00 874.00
4 1094.00 831.00 1138.00 874.00
4 1048.00 895.00 1097.00 952.00
4 1280.00 783.00 1373.00 816.00
6 1369.00 730.00 1400.00 766.00
4 1332.00 723.00 1400.00 745.00
6 1329.00 701.00 1399.00 737.00
4 1267.00 719.00 1306.00 744.00
4 1199.00 747.00 1275.00 774.00
4 1102.00 719.00 1157.00 745.00
6 1145.00 711.00 1178.00 737.00
6 1187.00 707.00 1225.00 742.00
4 1237.00 695.00 1267.00 714.00
6 1173.00 683.00 1220.00 710.00
6 1145.00 683.00 1167.00 707.00
6 1120.00 673.00 1168.00 692.00
6 1116.00 669.00 1165.00 687.00
6 1111.00 661.00 1158.00 678.00
4 1127.00 656.00 1164.00 669.00
5 1125.00 645.00 1159.00 661.00
6 1115.00 633.00 1163.00 655.00
4 1101.00 641.00 1135.00 653.00
