5 962.00 852.00 1055.00 975.00
5 650.00 531.00 686.00 577.00
4 476.00 842.00 575.00 981.00
4 780.00 921.00 866.00 1049.00
4 680.00 797.00 762.00 915.00
4 780.00 802.00 849.00 909.00
4 541.00 736.00 618.00 830.00
4 572.00 679.00 640.00 756.00
4 598.00 633.00 649.00 693.00
4 621.00 601.00 672.00 653.00
4 713.00 645.00 767.00 730.00
4 700.00 722.00 764.00 813.00
4 773.00 730.00 832.00 807.00
4 779.00 656.00 830.00 716.00
4 904.00 676.00 960.00 733.00
4 882.00 624.00 939.00 679.00
4 791.00 567.00 829.00 612.00
4 877.00 590.00 917.00 629.00
4 869.00 557.00 917.00 592.00
4 867.00 537.00 902.00 567.00
4 856.00 486.00 887.00 520.00
4 865.00 516.00 902.00 543.00
4 665.00 522.00 696.00 551.00
4 631.00 497.00 691.00 522.00
4 593.00 481.00 624.00 515.00
4 771.00 507.00 798.00 537.00
4 793.00 491.00 822.00 516.00
4 757.00 491.00 784.00 519.00
4 757.00 479.00 783.00 503.00
4 774.00 471.00 813.00 497.00
4 822.00 450.00 854.00 476.00
4 777.00 438.00 809.00 456.00
4 730.00 440.00 761.00 462.00
4 698.00 460.00 723.00 490.00
4 681.00 406.00 707.00 423.00
4 628.00 401.00 658.00 415.00
