3 333.00 688.00 362.00 735.00
1 314.00 800.00 353.00 872.00
1 287.00 818.00 318.00 883.00
1 1102.00 690.00 1127.00 743.00
1 1075.00 666.00 1101.00 721.00
1 1054.00 671.00 1070.00 724.00
2 330.00 671.00 355.00 721.00
4 527.00 312.00 577.00 342.00
4 320.00 212.00 345.00 234.00
4 279.00 215.00 304.00 234.00
4 365.00 214.00 392.00 232.00
4 267.00 170.00 288.00 190.00
4 243.00 176.00 260.00 190.00
4 223.00 162.00 240.00 175.00
4 184.00 130.00 197.00 143.00
4 1233.00 482.00 1322.00 543.00
4 1289.00 512.00 1393.00 578.00
4 1165.00 382.00 1249.00 427.00
4 1112.00 439.00 1197.00 488.00
4 1046.00 527.00 1170.00 601.00
4 810.00 413.00 889.00 467.00
4 747.00 377.00 820.00 421.00
4 664.00 339.00 726.00 377.00
4 616.00 316.00 675.00 349.00
4 588.00 294.00 636.00 329.00
4 535.00 281.00 588.00 312.00
4 530.00 269.00 567.00 297.00
4 468.00 230.00 502.00 258.00
5 914.00 290.00 962.00 324.00
4 866.00 285.00 926.00 318.00
4 1311.00 417.00 1395.00 465.00
4 1359.00 560.00 1400.00 622.00
4 0.00 890.00 228.00 1028.00
4 144.00 127.00 156.00 137.00
4 140.00 120.00 150.00 130.00
4 137.00 114.00 146.00 121.00
4 145.00 112.00 154.00 119.00
4 128.00 108.00 136.00 116.00
4 204.00 121.00 220.00 130.00
4 285.00 161.00 300.00 172.00
4 269.00 152.00 284.00 163.00
4 257.00 147.00 271.00 158.00
5 230.00 128.00 244.00 139.00
4 222.00 123.00 233.00 131.00
4 194.00 120.00 202.00 129.00
9 166.00 113.00 187.00 130.00
6 118.00 88.00 130.00 101.00
4 145.00 107.00 153.00 113.00
4 143.00 102.00 151.00 110.00
4 138.00 100.00 144.00 106.00
4 134.00 97.00 139.00 103.00
4 133.00 92.00 139.00 97.00
4 132.00 84.00 138.00 90.00
4 113.00 77.00 119.00 83.00
4 118.00 76.00 123.00 81.00
5 150.00 92.00 156.00 99.00
4 155.00 88.00 160.00 94.00
4 149.00 83.00 155.00 89.00
4 216.00 118.00 227.00 126.00
1 237.00 140.00 241.00 151.00
1 240.00 141.00 244.00 150.00
9 224.00 202.00 275.00 251.00
9 363.00 236.00 439.00 299.00
4 217.00 243.00 246.00 269.00
5 153.00 240.00 180.00 271.00
4 43.00 213.00 82.00 233.00
4 63.00 224.00 104.00 246.00
4 65.00 236.00 109.00 253.00
4 60.00 249.00 105.00 269.00
4 61.00 259.00 107.00 280.00
4 77.00 265.00 129.00 287.00
4 63.00 298.00 108.00 320.00
4 67.00 311.00 117.00 334.00
4 58.00 323.00 109.00 344.00
4 50.00 341.00 123.00 371.00
4 36.00 375.00 124.00 411.00
4 41.00 389.00 146.00 433.00
4 37.00 428.00 136.00 476.00
4 28.00 471.00 133.00 515.00
4 35.00 491.00 141.00 531.00
4 29.00 512.00 152.00 560.00
4 22.00 540.00 153.00 598.00
4 0.00 666.00 132.00 762.00
4 22.00 594.00 155.00 668.00
1 47.00 289.00 61.00 313.00
1 189.00 290.00 201.00 314.00
4 426.00 215.00 452.00 232.00
4 407.00 204.00 431.00 223.00
4 394.00 198.00 415.00 215.00
4 373.00 190.00 393.00 204.00
4 575.00 251.00 629.00 275.00
4 763.00 313.00 826.00 344.00
4 791.00 315.00 861.00 353.00
4 800.00 329.00 878.00 372.00
4 843.00 348.00 930.00 396.00
4 895.00 364.00 960.00 397.00
4 909.00 378.00 982.00 422.00
4 1051.00 413.00 1134.00 474.00
4 991.00 404.00 1074.00 467.00
4 953.00 388.00 1030.00 439.00
1 1199.00 419.00 1216.00 461.00
4 918.00 458.00 1029.00 534.00
3 225.00 1013.00 305.00 1050.00
