1 129.00 140.00 141.00 168.00
1 117.00 158.00 132.00 196.00
1 143.00 172.00 156.00 211.00
1 107.00 142.00 118.00 179.00
1 97.00 139.00 111.00 178.00
1 57.00 213.00 80.00 274.00
1 94.00 198.00 114.00 250.00
1 110.00 229.00 135.00 284.00
1 162.00 194.00 179.00 240.00
1 180.00 200.00 197.00 255.00
1 207.00 199.00 221.00 251.00
1 246.00 199.00 262.00 247.00
1 278.00 197.00 293.00 246.00
1 301.00 202.00 320.00 253.00
1 324.00 190.00 342.00 242.00
1 342.00 195.00 357.00 239.00
1 441.00 162.00 453.00 200.00
1 400.00 167.00 416.00 207.00
1 374.00 168.00 393.00 208.00
1 304.00 165.00 313.00 203.00
1 336.00 118.00 345.00 144.00
1 424.00 275.00 448.00 348.00
1 548.00 268.00 569.00 337.00
1 605.00 254.00 626.00 327.00
1 655.00 265.00 679.00 336.00
1 715.00 283.00 741.00 367.00
1 639.00 231.00 654.00 288.00
1 740.00 203.00 758.00 255.00
1 755.00 209.00 773.00 261.00
1 756.00 318.00 786.00 404.00
1 796.00 207.00 815.00 260.00
1 779.00 193.00 791.00 235.00
1 759.00 173.00 772.00 214.00
1 834.00 181.00 847.00 214.00
1 800.00 172.00 815.00 209.00
1 915.00 121.00 923.00 140.00
1 888.00 139.00 898.00 164.00
1 854.00 142.00 864.00 165.00
1 838.00 119.00 845.00 139.00
1 763.00 146.00 774.00 175.00
1 764.00 110.00 770.00 128.00
1 715.00 125.00 722.00 148.00
1 520.00 201.00 538.00 245.00
1 548.00 139.00 555.00 156.00
1 519.00 140.00 526.00 159.00
1 477.00 132.00 483.00 156.00
1 466.00 139.00 474.00 166.00
1 456.00 138.00 465.00 162.00
1 420.00 134.00 425.00 150.00
1 399.00 131.00 407.00 152.00
1 384.00 129.00 391.00 150.00
1 360.00 118.00 372.00 143.00
1 231.00 117.00 239.00 137.00
1 263.00 159.00 274.00 197.00
1 195.00 169.00 210.00 214.00
1 59.00 141.00 68.00 170.00
1 47.00 140.00 55.00 161.00
1 76.00 115.00 85.00 135.00
1 69.00 114.00 76.00 135.00
1 4.00 167.00 20.00 210.00
1 380.00 108.00 389.00 128.00
1 390.00 106.00 396.00 123.00
1 396.00 111.00 403.00 130.00
1 409.00 111.00 416.00 131.00
1 417.00 110.00 424.00 132.00
1 443.00 105.00 450.00 124.00
1 446.00 119.00 453.00 138.00
1 484.00 118.00 491.00 138.00
1 476.00 107.00 483.00 122.00
1 492.00 106.00 497.00 122.00
1 496.00 97.00 503.00 113.00
1 506.00 99.00 511.00 113.00
1 529.00 124.00 534.00 143.00
1 564.00 106.00 568.00 117.00
1 552.00 102.00 556.00 118.00
1 812.00 142.00 819.00 170.00
1 816.00 141.00 822.00 168.00
1 819.00 135.00 827.00 162.00
1 917.00 246.00 933.00 301.00
1 613.00 229.00 633.00 289.00
1 545.00 244.00 566.00 295.00
1 586.00 300.00 609.00 379.00
1 523.00 248.00 548.00 310.00
1 568.00 312.00 597.00 402.00
1 518.00 190.00 530.00 233.00
1 471.00 124.00 477.00 152.00
1 464.00 126.00 470.00 145.00
1 468.00 113.00 474.00 132.00
1 500.00 117.00 508.00 136.00
1 469.00 106.00 475.00 120.00
1 360.00 154.00 372.00 190.00
1 354.00 160.00 368.00 191.00
1 356.00 170.00 371.00 207.00
1 249.00 174.00 268.00 214.00
3 264.00 204.00 301.00 231.00
1 188.00 165.00 200.00 203.00
1 188.00 174.00 204.00 209.00
1 163.00 165.00 174.00 201.00
1 118.00 147.00 130.00 179.00
1 116.00 140.00 128.00 171.00
1 68.00 143.00 81.00 168.00
1 7.00 157.00 18.00 198.00
2 0.00 159.00 10.00 187.00
2 54.00 163.00 74.00 187.00
2 39.00 160.00 52.00 185.00
2 166.00 177.00 178.00 200.00
2 180.00 176.00 196.00 200.00
2 211.00 204.00 226.00 233.00
2 221.00 210.00 234.00 234.00
2 238.00 206.00 253.00 233.00
2 345.00 260.00 374.00 293.00
2 365.00 254.00 388.00 285.00
2 371.00 202.00 390.00 236.00
2 358.00 199.00 370.00 221.00
1 332.00 208.00 341.00 243.00
2 397.00 151.00 411.00 168.00
2 652.00 140.00 664.00 161.00
2 663.00 141.00 672.00 161.00
2 728.00 252.00 750.00 284.00
2 754.00 283.00 784.00 316.00
2 871.00 263.00 901.00 296.00
2 905.00 265.00 935.00 314.00
3 929.00 281.00 960.00 333.00
1 795.00 151.00 804.00 181.00
1 796.00 143.00 806.00 172.00
1 950.00 157.00 960.00 190.00
1 952.00 169.00 960.00 202.00
1 761.00 141.00 769.00 164.00
1 748.00 139.00 756.00 162.00
1 641.00 190.00 657.00 237.00
1 626.00 105.00 632.00 117.00
1 619.00 103.00 624.00 118.00
1 580.00 109.00 587.00 126.00
1 570.00 110.00 577.00 127.00
1 551.00 118.00 557.00 134.00
2 590.00 122.00 599.00 134.00
2 594.00 121.00 602.00 135.00
2 433.00 100.00 439.00 113.00
2 331.00 107.00 339.00 120.00
1 306.00 106.00 313.00 128.00
1 301.00 115.00 307.00 128.00
1 283.00 121.00 289.00 140.00
1 278.00 116.00 285.00 138.00
1 282.00 109.00 288.00 133.00
10 187.00 119.00 206.00 135.00
10 174.00 120.00 195.00 135.00
10 202.00 109.00 218.00 121.00
10 182.00 112.00 199.00 123.00
10 163.00 113.00 187.00 124.00
10 140.00 124.00 159.00 139.00
10 113.00 126.00 133.00 139.00
10 93.00 129.00 117.00 146.00
10 142.00 113.00 154.00 128.00
10 123.00 116.00 142.00 129.00
10 106.00 115.00 129.00 130.00
10 35.00 131.00 55.00 150.00
10 14.00 136.00 36.00 151.00
10 0.00 138.00 22.00 154.00
