4 53.00 654.00 149.00 715.00
4 0.00 630.00 62.00 674.00
4 256.00 550.00 317.00 632.00
4 349.00 379.00 403.00 453.00
4 388.00 292.00 439.00 361.00
4 432.00 212.00 484.00 287.00
7 488.00 174.00 522.00 223.00
4 512.00 68.00 554.00 125.00
4 611.00 37.00 650.00 83.00
1 382.00 97.00 399.00 119.00
1 415.00 100.00 428.00 121.00
1 383.00 33.00 396.00 55.00
3 306.00 176.00 335.00 190.00
3 309.00 170.00 336.00 182.00
3 225.00 304.00 248.00 317.00
3 290.00 205.00 313.00 215.00
3 279.00 212.00 306.00 227.00
1 199.00 690.00 221.00 701.00
2 438.00 481.00 449.00 496.00
3 440.00 477.00 461.00 500.00
